Set of periods in the planning horizon T: 
15
Set of products P: 
25
Capacity reduction coefficient alpha: 
0.7
Relative decrease of capacity per set up gamma: 
0.32
Capacity reduction coefficient due to product types beta: 
[0.0, 0.0, 0.0, 0.0, 0.0, 0.0, 0.0, 0.0, 0.0, 0.0, 0.0, 0.0, 0.0, 0.0, 0.0, 0.0, 0.0, 0.0, 0.0, 0.0, 0.0, 0.0, 0.0, 0.0, 0.0]
Fixed production cost of each product in each period f: 
[[655, 629, 830, 799, 551, 515, 746, 760, 573, 712, 761, 768, 616, 896, 635], [762, 534, 625, 536, 730, 636, 973, 929, 864, 779, 637, 727, 828, 764, 606], [641, 898, 927, 524, 745, 558, 522, 980, 623, 673, 638, 982, 975, 598, 544], [575, 790, 899, 520, 702, 569, 870, 829, 696, 846, 727, 816, 777, 907, 544], [827, 661, 869, 938, 795, 925, 796, 620, 963, 562, 701, 757, 674, 829, 595], [589, 715, 596, 601, 732, 603, 597, 736, 626, 757, 939, 685, 507, 562, 862], [919, 844, 974, 663, 947, 978, 699, 674, 925, 827, 649, 726, 731, 585, 725], [823, 837, 612, 937, 877, 677, 837, 946, 961, 572, 938, 842, 535, 812, 763], [992, 886, 688, 823, 671, 960, 728, 539, 861, 537, 552, 507, 677, 542, 673], [603, 648, 566, 503, 791, 596, 598, 782, 987, 754, 973, 743, 798, 911, 560], [678, 945, 628, 526, 864, 852, 910, 866, 513, 674, 527, 617, 890, 756, 963], [616, 595, 891, 904, 869, 935, 926, 622, 931, 779, 967, 736, 696, 576, 677], [585, 933, 838, 861, 824, 963, 863, 934, 605, 841, 723, 650, 958, 891, 952], [748, 800, 837, 700, 583, 703, 655, 856, 708, 962, 970, 570, 620, 747, 843], [911, 931, 811, 727, 708, 662, 836, 940, 898, 683, 587, 989, 675, 638, 746], [872, 502, 595, 779, 541, 971, 926, 878, 663, 753, 912, 805, 732, 543, 587], [704, 563, 604, 580, 770, 898, 786, 731, 582, 532, 913, 741, 715, 974, 816], [807, 581, 982, 991, 741, 803, 726, 614, 571, 802, 631, 987, 775, 974, 978], [610, 939, 942, 749, 564, 689, 757, 762, 653, 951, 720, 613, 652, 989, 554], [664, 686, 822, 841, 655, 968, 828, 855, 550, 830, 656, 558, 912, 586, 639], [887, 713, 547, 978, 637, 773, 546, 747, 926, 944, 913, 962, 822, 685, 834], [607, 649, 680, 587, 616, 855, 919, 720, 948, 673, 916, 991, 595, 870, 681], [676, 538, 936, 971, 616, 547, 690, 707, 859, 697, 793, 715, 830, 991, 551], [889, 764, 913, 674, 969, 897, 916, 677, 814, 893, 562, 618, 634, 741, 583], [583, 570, 970, 687, 777, 731, 810, 868, 776, 751, 633, 624, 916, 978, 769]]
Variable production cost per unit of each product in each period p: 
[[12, 12, 12, 11, 10, 10, 10, 12, 12, 12, 12, 10, 13, 11, 12], [12, 10, 10, 10, 10, 12, 13, 12, 10, 13, 12, 11, 10, 12, 11], [12, 10, 13, 12, 12, 13, 11, 13, 10, 13, 11, 11, 13, 10, 11], [10, 10, 12, 10, 12, 11, 13, 11, 12, 10, 13, 12, 12, 12, 11], [12, 12, 12, 12, 10, 11, 11, 12, 12, 11, 13, 10, 10, 11, 11], [11, 12, 11, 12, 11, 12, 13, 10, 13, 13, 10, 10, 11, 11, 11], [10, 12, 10, 12, 13, 12, 10, 10, 12, 12, 11, 13, 12, 10, 13], [12, 11, 10, 13, 10, 12, 13, 12, 12, 12, 11, 12, 13, 13, 11], [10, 13, 13, 10, 12, 12, 12, 12, 13, 11, 10, 12, 13, 12, 10], [11, 10, 13, 11, 13, 11, 11, 12, 10, 13, 10, 10, 10, 13, 12], [12, 10, 10, 10, 11, 10, 13, 11, 13, 11, 10, 12, 13, 11, 11], [13, 13, 13, 13, 10, 12, 12, 10, 12, 13, 12, 11, 12, 12, 10], [13, 10, 12, 13, 13, 11, 11, 10, 12, 10, 13, 10, 13, 13, 12], [11, 10, 10, 13, 11, 11, 13, 11, 10, 12, 11, 11, 10, 10, 11], [10, 11, 13, 13, 13, 10, 12, 10, 10, 13, 12, 11, 12, 12, 11], [12, 11, 11, 11, 11, 12, 11, 10, 12, 13, 10, 13, 12, 10, 13], [12, 13, 10, 13, 11, 12, 11, 10, 12, 11, 11, 13, 10, 10, 11], [11, 12, 13, 13, 12, 11, 11, 11, 12, 13, 13, 11, 11, 11, 13], [11, 11, 10, 12, 13, 12, 10, 13, 12, 11, 10, 11, 13, 11, 10], [13, 13, 13, 12, 11, 11, 12, 12, 10, 11, 10, 12, 12, 10, 10], [11, 10, 13, 13, 13, 10, 12, 12, 10, 10, 10, 10, 11, 11, 11], [12, 11, 10, 11, 11, 10, 11, 13, 11, 12, 11, 10, 10, 11, 13], [11, 10, 10, 10, 12, 10, 11, 11, 11, 12, 12, 13, 10, 12, 12], [10, 11, 12, 12, 13, 10, 12, 12, 13, 11, 12, 13, 13, 10, 10], [11, 10, 12, 12, 11, 10, 10, 11, 11, 10, 10, 11, 12, 11, 10]]
Inventory holding cost per unit of each product by the end of each period h: 
[[8, 7, 8, 8, 5, 5, 8, 7, 9, 5, 7, 5, 7, 8, 7], [7, 9, 5, 7, 5, 9, 8, 5, 9, 8, 7, 8, 7, 6, 7], [9, 7, 6, 8, 8, 9, 6, 8, 7, 6, 8, 7, 6, 9, 9], [6, 7, 7, 7, 5, 6, 7, 7, 6, 5, 5, 8, 5, 7, 7], [8, 8, 8, 7, 8, 7, 7, 7, 5, 5, 9, 6, 7, 8, 8], [5, 8, 7, 5, 8, 9, 9, 5, 5, 5, 8, 6, 8, 6, 5], [5, 8, 8, 6, 5, 6, 6, 7, 7, 9, 9, 7, 6, 8, 7], [9, 5, 6, 6, 6, 8, 5, 8, 9, 6, 5, 8, 7, 6, 5], [8, 7, 5, 7, 6, 5, 7, 8, 5, 8, 8, 5, 6, 6, 8], [8, 5, 5, 7, 6, 5, 6, 8, 6, 7, 9, 6, 7, 8, 8], [6, 5, 5, 5, 7, 8, 8, 7, 6, 5, 5, 8, 9, 5, 5], [6, 5, 5, 6, 7, 8, 5, 9, 8, 8, 6, 5, 5, 6, 7], [9, 8, 5, 6, 7, 6, 8, 9, 6, 9, 7, 8, 9, 6, 9], [6, 9, 9, 9, 7, 8, 7, 6, 9, 8, 5, 7, 6, 6, 9], [6, 7, 7, 6, 5, 6, 8, 5, 5, 9, 9, 7, 8, 9, 8], [7, 5, 7, 6, 9, 9, 6, 9, 9, 6, 9, 7, 6, 9, 7], [6, 6, 5, 6, 5, 9, 8, 9, 8, 6, 5, 5, 7, 8, 5], [7, 9, 7, 7, 8, 7, 5, 9, 9, 7, 9, 8, 6, 6, 7], [8, 7, 5, 6, 5, 5, 5, 6, 6, 5, 7, 5, 9, 6, 9], [9, 5, 7, 6, 5, 9, 5, 6, 5, 6, 8, 6, 8, 5, 7], [8, 6, 9, 6, 5, 5, 6, 6, 6, 6, 8, 6, 8, 9, 8], [6, 7, 6, 7, 8, 9, 5, 6, 9, 8, 7, 7, 9, 9, 7], [8, 5, 8, 6, 7, 5, 9, 8, 5, 6, 5, 8, 6, 7, 5], [8, 6, 5, 6, 6, 9, 8, 9, 6, 9, 7, 8, 5, 8, 8], [5, 6, 9, 6, 8, 6, 6, 9, 9, 7, 6, 8, 8, 6, 6]]
Demand for each product in each period d: 
[[4, 26, 15, 38, 18, 7, 42, 45, 25, 14, 4, 15, 5, 37, 21], [26, 0, 43, 10, 24, 1, 27, 44, 41, 7, 35, 46, 39, 33, 48], [7, 44, 29, 7, 1, 30, 29, 17, 45, 11, 17, 29, 31, 36, 20], [49, 44, 7, 40, 2, 10, 0, 27, 0, 8, 7, 2, 11, 45, 27], [34, 16, 16, 43, 39, 7, 17, 7, 12, 36, 10, 0, 44, 15, 41], [11, 25, 22, 21, 33, 19, 34, 8, 11, 16, 38, 33, 30, 0, 9], [10, 49, 36, 34, 0, 2, 34, 1, 31, 22, 10, 28, 16, 28, 9], [26, 15, 15, 26, 11, 24, 12, 9, 43, 22, 10, 36, 21, 42, 13], [9, 20, 34, 42, 42, 42, 10, 44, 29, 33, 38, 40, 21, 0, 9], [10, 30, 29, 6, 32, 29, 18, 18, 30, 20, 37, 5, 26, 26, 2], [15, 19, 19, 26, 32, 0, 14, 37, 37, 12, 18, 28, 41, 16, 2], [12, 23, 27, 45, 1, 28, 35, 4, 43, 18, 44, 9, 1, 12, 40], [36, 37, 49, 13, 40, 46, 32, 5, 37, 36, 9, 21, 19, 5, 21], [35, 6, 7, 23, 35, 5, 42, 25, 26, 21, 13, 46, 42, 9, 11], [32, 21, 45, 17, 32, 43, 26, 11, 1, 0, 27, 44, 18, 0, 16], [41, 24, 17, 3, 25, 1, 30, 42, 42, 26, 38, 1, 31, 35, 19], [32, 48, 35, 9, 5, 23, 43, 0, 16, 9, 23, 16, 12, 6, 14], [45, 38, 7, 9, 9, 35, 26, 47, 8, 10, 7, 20, 15, 45, 33], [3, 30, 32, 13, 46, 1, 44, 26, 2, 6, 35, 10, 14, 28, 18], [7, 48, 15, 2, 33, 0, 36, 4, 11, 11, 13, 35, 44, 6, 22], [17, 35, 10, 30, 22, 31, 30, 2, 30, 26, 39, 47, 0, 2, 16], [31, 32, 37, 14, 4, 15, 7, 27, 6, 45, 49, 2, 41, 19, 22], [0, 45, 48, 44, 30, 2, 43, 20, 5, 34, 18, 39, 39, 42, 22], [22, 24, 23, 10, 14, 41, 47, 18, 30, 14, 44, 19, 43, 38, 38], [3, 32, 15, 17, 17, 35, 31, 48, 22, 1, 1, 20, 48, 20, 16]]
Maintenance cost in each period m: 
[14136, 17039, 16192, 15535, 14990, 16631, 16888, 17885, 17491, 17163, 15186, 15822, 16870, 16347, 16725]
Maximum capacity of the machine cmax: 
1100