Set of periods in the planning horizon T: 
15
Set of products P: 
25
Capacity reduction coefficient alpha: 
0.7
Relative decrease of capacity per set up gamma: 
0.23
Capacity reduction coefficient due to product types beta: 
[0.0, 0.0, 0.0, 0.0, 0.0, 0.0, 0.0, 0.0, 0.0, 0.0, 0.0, 0.0, 0.0, 0.0, 0.0, 0.0, 0.0, 0.0, 0.0, 0.0, 0.0, 0.0, 0.0, 0.0, 0.0]
Fixed production cost of each product in each period f: 
[[646, 514, 936, 579, 710, 650, 819, 587, 590, 651, 687, 796, 788, 989, 698], [652, 737, 766, 575, 737, 984, 896, 560, 648, 793, 984, 602, 765, 653, 947], [794, 578, 996, 886, 592, 619, 636, 692, 577, 789, 704, 696, 658, 732, 735], [629, 798, 757, 883, 622, 788, 502, 669, 783, 553, 566, 802, 932, 835, 759], [642, 602, 975, 519, 655, 843, 799, 959, 893, 596, 541, 673, 939, 808, 800], [529, 838, 807, 979, 980, 698, 577, 736, 680, 626, 829, 814, 613, 578, 543], [726, 855, 686, 606, 912, 500, 870, 943, 928, 790, 846, 564, 515, 887, 759], [667, 664, 748, 962, 615, 939, 699, 989, 714, 525, 568, 718, 555, 897, 535], [697, 836, 594, 795, 658, 504, 734, 888, 606, 595, 709, 575, 902, 584, 540], [600, 742, 503, 641, 585, 867, 817, 968, 968, 502, 990, 876, 747, 668, 798], [829, 888, 746, 791, 753, 610, 725, 755, 534, 587, 852, 790, 753, 510, 741], [708, 804, 958, 687, 772, 913, 980, 973, 585, 582, 868, 518, 584, 649, 646], [799, 669, 836, 642, 656, 712, 945, 586, 592, 599, 759, 830, 604, 566, 752], [605, 527, 972, 774, 682, 998, 729, 529, 840, 830, 823, 668, 944, 796, 776], [876, 820, 807, 596, 545, 887, 679, 674, 745, 599, 613, 525, 566, 598, 939], [965, 962, 541, 592, 982, 834, 589, 664, 957, 812, 552, 978, 828, 885, 819], [613, 583, 888, 880, 556, 799, 983, 725, 858, 503, 881, 736, 565, 722, 679], [942, 994, 768, 774, 893, 989, 847, 564, 928, 739, 623, 691, 888, 594, 973], [944, 841, 625, 765, 510, 522, 931, 833, 837, 578, 834, 779, 671, 511, 833], [791, 830, 698, 530, 831, 956, 954, 972, 742, 931, 558, 706, 565, 939, 709], [595, 536, 808, 717, 782, 960, 605, 818, 608, 764, 735, 783, 998, 660, 685], [549, 979, 792, 843, 599, 678, 745, 906, 949, 999, 973, 760, 641, 692, 513], [649, 693, 870, 795, 510, 595, 733, 705, 800, 679, 519, 977, 901, 656, 732], [879, 867, 787, 860, 736, 557, 735, 579, 734, 930, 691, 894, 540, 626, 864], [845, 537, 753, 799, 716, 973, 872, 731, 869, 655, 983, 827, 654, 788, 796]]
Variable production cost per unit of each product in each period p: 
[[12, 11, 13, 12, 10, 12, 13, 12, 11, 11, 10, 10, 12, 10, 13], [12, 11, 10, 13, 11, 13, 11, 13, 12, 10, 12, 10, 11, 12, 11], [11, 13, 11, 10, 10, 11, 13, 10, 13, 11, 12, 13, 11, 11, 13], [13, 13, 11, 13, 11, 12, 12, 10, 12, 10, 12, 12, 13, 10, 11], [13, 11, 11, 13, 11, 13, 13, 13, 10, 11, 11, 11, 12, 12, 10], [10, 13, 11, 12, 12, 11, 10, 12, 10, 11, 11, 11, 12, 12, 13], [10, 13, 11, 10, 12, 10, 12, 11, 11, 11, 12, 10, 10, 11, 12], [13, 11, 12, 12, 12, 10, 11, 10, 13, 10, 13, 11, 12, 13, 10], [10, 13, 12, 13, 13, 11, 13, 11, 11, 12, 13, 12, 10, 13, 12], [13, 12, 12, 10, 13, 12, 13, 13, 10, 11, 13, 11, 10, 12, 10], [13, 13, 13, 11, 12, 13, 12, 11, 11, 11, 10, 11, 12, 11, 11], [10, 10, 10, 11, 13, 13, 13, 13, 13, 10, 13, 12, 13, 11, 10], [11, 12, 12, 10, 10, 12, 13, 11, 13, 11, 12, 10, 12, 13, 13], [12, 12, 13, 11, 11, 12, 10, 12, 13, 13, 11, 12, 11, 13, 11], [11, 12, 11, 12, 13, 11, 11, 11, 10, 12, 13, 12, 13, 13, 10], [11, 10, 12, 12, 12, 10, 12, 10, 10, 11, 13, 12, 10, 13, 11], [13, 13, 13, 11, 11, 12, 11, 13, 11, 11, 10, 10, 11, 10, 11], [12, 13, 10, 12, 13, 12, 11, 13, 13, 11, 13, 12, 11, 13, 13], [10, 10, 11, 12, 11, 12, 10, 10, 11, 13, 10, 12, 13, 11, 11], [10, 12, 11, 11, 10, 13, 13, 11, 12, 13, 12, 11, 11, 12, 11], [11, 12, 12, 10, 12, 13, 13, 12, 10, 12, 10, 13, 13, 12, 11], [10, 13, 12, 12, 12, 10, 10, 11, 11, 13, 10, 13, 13, 11, 13], [10, 12, 12, 11, 13, 11, 13, 13, 12, 10, 11, 12, 11, 13, 11], [11, 11, 13, 10, 11, 10, 12, 10, 11, 11, 13, 10, 10, 12, 13], [13, 13, 11, 13, 11, 12, 13, 10, 10, 12, 13, 11, 12, 13, 10]]
Inventory holding cost per unit of each product by the end of each period h: 
[[7, 8, 7, 8, 8, 9, 9, 6, 8, 6, 9, 8, 8, 7, 9], [9, 8, 6, 9, 8, 5, 5, 8, 5, 8, 9, 7, 5, 7, 8], [8, 8, 6, 9, 6, 6, 6, 6, 5, 9, 8, 8, 6, 9, 8], [6, 9, 5, 8, 8, 8, 6, 5, 9, 6, 9, 5, 9, 5, 8], [8, 9, 8, 6, 5, 8, 5, 6, 8, 8, 9, 6, 7, 8, 9], [6, 9, 7, 7, 5, 5, 7, 5, 9, 6, 5, 8, 6, 7, 7], [9, 8, 7, 8, 9, 6, 8, 7, 7, 5, 9, 5, 6, 8, 5], [9, 6, 9, 5, 6, 5, 6, 5, 6, 9, 6, 5, 9, 8, 6], [6, 7, 9, 9, 9, 8, 8, 9, 5, 8, 6, 7, 9, 9, 5], [8, 9, 6, 5, 6, 8, 8, 6, 9, 7, 8, 6, 5, 6, 9], [5, 7, 6, 9, 7, 7, 7, 7, 5, 9, 8, 6, 5, 9, 8], [8, 7, 5, 9, 6, 6, 9, 9, 9, 6, 8, 9, 9, 6, 9], [8, 8, 8, 7, 7, 8, 6, 9, 5, 6, 8, 8, 8, 8, 7], [5, 8, 7, 6, 8, 8, 5, 6, 9, 5, 9, 5, 9, 9, 5], [9, 9, 5, 8, 9, 5, 8, 6, 6, 8, 8, 6, 9, 8, 8], [7, 5, 7, 7, 6, 8, 5, 8, 6, 7, 9, 9, 5, 9, 6], [8, 8, 5, 8, 8, 5, 7, 6, 6, 8, 8, 7, 8, 9, 5], [5, 7, 9, 7, 6, 7, 8, 5, 8, 7, 5, 5, 9, 8, 6], [7, 6, 8, 7, 9, 6, 9, 9, 6, 6, 8, 6, 9, 5, 8], [8, 7, 7, 7, 6, 9, 9, 9, 6, 6, 8, 9, 6, 9, 8], [7, 9, 9, 7, 7, 5, 5, 7, 8, 8, 8, 9, 6, 8, 8], [5, 9, 8, 9, 7, 7, 7, 8, 6, 8, 8, 8, 7, 6, 7], [9, 6, 6, 9, 6, 8, 8, 8, 9, 5, 5, 5, 9, 9, 5], [6, 7, 5, 9, 9, 9, 8, 7, 6, 5, 5, 5, 6, 6, 9], [8, 6, 5, 7, 5, 7, 5, 6, 5, 5, 8, 8, 6, 7, 9]]
Demand for each product in each period d: 
[[47, 4, 38, 0, 14, 45, 36, 9, 0, 0, 7, 38, 34, 41, 22], [49, 4, 44, 3, 5, 3, 16, 5, 27, 35, 1, 0, 0, 36, 26], [0, 9, 25, 19, 15, 35, 30, 42, 21, 7, 30, 3, 9, 13, 47], [2, 12, 8, 28, 39, 40, 14, 36, 7, 3, 31, 45, 8, 2, 26], [4, 31, 24, 12, 45, 3, 37, 13, 19, 15, 18, 32, 23, 34, 18], [26, 26, 28, 6, 19, 21, 41, 6, 38, 45, 9, 34, 22, 8, 45], [28, 20, 11, 13, 9, 9, 31, 15, 34, 28, 31, 14, 26, 10, 37], [0, 6, 32, 0, 29, 43, 48, 0, 18, 35, 40, 27, 6, 14, 22], [43, 28, 34, 23, 47, 18, 33, 22, 16, 8, 1, 37, 0, 49, 8], [26, 1, 28, 39, 29, 6, 38, 40, 1, 31, 22, 8, 5, 3, 6], [26, 0, 36, 1, 11, 4, 2, 11, 10, 4, 8, 29, 16, 0, 30], [37, 13, 14, 26, 6, 11, 21, 6, 35, 3, 38, 0, 11, 31, 38], [0, 6, 18, 39, 7, 27, 1, 43, 29, 12, 3, 7, 39, 26, 15], [17, 25, 8, 44, 0, 21, 0, 21, 33, 44, 43, 40, 20, 11, 30], [4, 14, 19, 18, 6, 13, 38, 22, 22, 39, 11, 47, 10, 18, 29], [28, 5, 25, 19, 15, 46, 20, 1, 18, 49, 16, 20, 32, 11, 4], [16, 12, 47, 20, 0, 46, 14, 42, 48, 39, 37, 44, 0, 47, 33], [37, 15, 27, 38, 14, 0, 22, 1, 26, 0, 9, 33, 11, 45, 6], [13, 0, 41, 7, 2, 42, 25, 20, 34, 33, 17, 33, 19, 20, 18], [24, 45, 4, 1, 14, 47, 45, 15, 11, 0, 25, 19, 5, 29, 15], [1, 10, 37, 34, 26, 27, 30, 31, 29, 6, 12, 26, 0, 42, 33], [34, 17, 16, 25, 15, 3, 48, 34, 17, 0, 6, 5, 34, 34, 4], [8, 5, 16, 18, 0, 36, 0, 16, 0, 2, 45, 9, 20, 15, 29], [27, 22, 32, 21, 29, 24, 26, 15, 10, 39, 14, 15, 3, 48, 46], [20, 48, 28, 5, 6, 46, 26, 14, 28, 30, 41, 17, 25, 35, 0]]
Maintenance cost in each period m: 
[15818, 17998, 16564, 15636, 17260, 16033, 14223, 15462, 15680, 14378, 14924, 14888, 14240, 18004, 15487]
Maximum capacity of the machine cmax: 
1075