Set of periods in the planning horizon T: 
10
Set of products P: 
25
Capacity reduction coefficient alpha: 
0.7
Relative decrease of capacity per set up gamma: 
0.37
Capacity reduction coefficient due to product types beta: 
[0.0, 0.0, 0.0, 0.0, 0.0, 0.0, 0.0, 0.0, 0.0, 0.0, 0.0, 0.0, 0.0, 0.0, 0.0, 0.0, 0.0, 0.0, 0.0, 0.0, 0.0, 0.0, 0.0, 0.0, 0.0]
Fixed production cost of each product in each period f: 
[[573, 779, 916, 600, 763, 529, 602, 777, 785, 601], [907, 759, 818, 552, 601, 675, 826, 905, 694, 611], [769, 747, 890, 978, 675, 794, 734, 782, 758, 692], [646, 908, 512, 762, 894, 714, 860, 846, 956, 680], [594, 571, 664, 666, 732, 786, 644, 625, 878, 556], [778, 819, 885, 751, 851, 821, 873, 517, 533, 949], [507, 957, 847, 570, 981, 841, 981, 565, 801, 706], [853, 715, 628, 733, 632, 761, 849, 571, 508, 850], [725, 743, 803, 597, 514, 865, 540, 960, 838, 907], [855, 641, 726, 551, 500, 545, 586, 518, 783, 588], [671, 731, 867, 766, 966, 538, 674, 586, 733, 734], [771, 580, 885, 625, 803, 710, 966, 884, 732, 970], [565, 684, 519, 747, 626, 753, 521, 585, 950, 509], [745, 801, 841, 694, 910, 559, 640, 963, 792, 636], [961, 806, 776, 654, 598, 630, 916, 707, 768, 595], [767, 642, 831, 842, 773, 821, 857, 737, 940, 521], [726, 963, 847, 818, 929, 965, 653, 767, 903, 510], [674, 776, 623, 993, 848, 717, 687, 697, 945, 645], [732, 818, 929, 744, 828, 644, 520, 611, 879, 979], [857, 947, 744, 766, 918, 642, 965, 635, 600, 883], [895, 833, 658, 545, 747, 560, 525, 811, 754, 510], [638, 555, 653, 790, 788, 718, 834, 649, 609, 578], [540, 965, 840, 797, 537, 779, 960, 948, 957, 791], [715, 874, 833, 511, 592, 767, 999, 692, 537, 873], [997, 749, 934, 824, 869, 673, 968, 990, 800, 525]]
Variable production cost per unit of each product in each period p: 
[[13, 11, 11, 12, 12, 11, 12, 13, 10, 12], [12, 11, 12, 10, 12, 13, 12, 13, 10, 13], [13, 13, 10, 12, 13, 11, 13, 13, 10, 10], [13, 13, 10, 10, 11, 13, 11, 10, 13, 12], [12, 12, 11, 11, 12, 10, 10, 11, 12, 11], [13, 11, 13, 10, 10, 10, 12, 12, 13, 13], [12, 10, 11, 12, 13, 10, 13, 10, 13, 12], [10, 12, 12, 13, 12, 13, 13, 11, 11, 12], [11, 13, 13, 11, 13, 12, 11, 13, 12, 10], [11, 11, 10, 12, 11, 12, 11, 13, 10, 10], [12, 12, 11, 12, 10, 11, 10, 10, 12, 12], [13, 10, 11, 11, 13, 11, 13, 12, 12, 10], [10, 10, 11, 11, 10, 11, 13, 13, 13, 12], [12, 12, 11, 13, 13, 13, 10, 13, 12, 12], [11, 12, 13, 13, 11, 13, 12, 13, 12, 13], [12, 10, 13, 13, 12, 10, 13, 13, 12, 10], [12, 13, 10, 10, 13, 10, 13, 10, 11, 10], [10, 10, 13, 11, 12, 11, 13, 12, 13, 11], [13, 11, 10, 11, 10, 10, 13, 10, 12, 13], [10, 12, 13, 13, 13, 11, 11, 10, 12, 13], [12, 11, 13, 13, 11, 10, 10, 11, 13, 12], [13, 12, 10, 12, 10, 13, 12, 11, 11, 12], [12, 11, 11, 13, 10, 10, 11, 11, 12, 13], [12, 13, 10, 13, 12, 10, 11, 13, 10, 12], [13, 10, 12, 10, 11, 11, 13, 11, 11, 12]]
Inventory holding cost per unit of each product by the end of each period h: 
[[6, 8, 8, 5, 9, 9, 8, 6, 9, 7], [6, 6, 5, 6, 9, 8, 9, 9, 8, 6], [5, 6, 5, 5, 8, 8, 5, 6, 9, 9], [6, 7, 6, 5, 6, 7, 9, 5, 8, 5], [5, 6, 5, 9, 6, 7, 6, 5, 8, 9], [7, 8, 8, 8, 9, 6, 8, 9, 8, 5], [9, 5, 7, 6, 7, 8, 9, 6, 8, 7], [6, 8, 7, 5, 5, 5, 6, 7, 6, 8], [8, 7, 5, 7, 8, 8, 5, 8, 6, 6], [6, 6, 5, 7, 5, 8, 7, 7, 6, 7], [6, 7, 9, 8, 6, 5, 5, 6, 7, 9], [8, 5, 6, 5, 6, 6, 5, 5, 7, 9], [7, 6, 5, 8, 5, 8, 9, 8, 6, 6], [9, 7, 9, 5, 7, 5, 5, 5, 7, 8], [9, 6, 8, 7, 7, 7, 5, 8, 9, 6], [8, 7, 7, 7, 9, 7, 7, 8, 7, 8], [5, 7, 8, 9, 5, 6, 6, 8, 7, 6], [7, 9, 7, 5, 8, 5, 7, 9, 6, 5], [6, 8, 9, 8, 7, 5, 7, 9, 9, 8], [7, 8, 8, 5, 8, 7, 9, 7, 7, 8], [6, 5, 8, 6, 9, 6, 8, 8, 8, 8], [5, 7, 5, 7, 8, 8, 9, 9, 5, 5], [6, 8, 7, 8, 5, 7, 7, 8, 9, 6], [6, 8, 7, 6, 9, 8, 9, 8, 5, 9], [7, 7, 7, 5, 9, 6, 9, 7, 6, 5]]
Demand for each product in each period d: 
[[43, 43, 0, 30, 8, 4, 7, 45, 45, 14], [46, 14, 23, 46, 7, 23, 9, 0, 43, 4], [0, 15, 49, 19, 2, 32, 26, 12, 31, 29], [48, 25, 2, 0, 9, 1, 41, 31, 3, 44], [35, 40, 22, 20, 4, 7, 16, 20, 1, 4], [42, 2, 8, 41, 19, 35, 41, 0, 24, 39], [21, 17, 21, 14, 31, 10, 21, 27, 5, 41], [5, 38, 31, 36, 49, 2, 15, 24, 20, 48], [24, 47, 2, 40, 33, 49, 20, 37, 17, 2], [30, 16, 10, 42, 32, 1, 1, 21, 0, 17], [26, 32, 46, 1, 43, 39, 39, 17, 11, 14], [39, 0, 39, 49, 42, 20, 36, 32, 0, 0], [16, 0, 19, 6, 29, 42, 0, 44, 23, 44], [2, 2, 0, 25, 2, 32, 29, 11, 46, 43], [4, 3, 2, 19, 26, 7, 29, 21, 8, 13], [5, 2, 42, 42, 33, 36, 16, 32, 4, 27], [7, 49, 0, 0, 36, 20, 17, 13, 33, 48], [10, 21, 40, 40, 28, 3, 33, 8, 0, 21], [18, 16, 35, 17, 6, 1, 8, 28, 42, 28], [0, 40, 0, 39, 29, 5, 0, 23, 44, 20], [10, 23, 6, 5, 38, 9, 4, 15, 12, 26], [43, 40, 9, 16, 38, 16, 38, 26, 28, 14], [24, 40, 0, 47, 34, 36, 18, 35, 18, 47], [4, 44, 39, 8, 42, 47, 44, 11, 0, 40], [30, 43, 4, 11, 10, 34, 48, 35, 11, 42]]
Maintenance cost in each period m: 
[10655, 12077, 12934, 13341, 12671, 11623, 12729, 11687, 12506, 11117]
Maximum capacity of the machine cmax: 
1025