Set of periods in the planning horizon T: 
10
Set of products P: 
10
Capacity reduction coefficient alpha: 
0.7
Relative decrease of capacity per set up gamma: 
0.4
Capacity reduction coefficient due to product types beta: 
[0.0, 0.0, 0.0, 0.0, 0.0, 0.0, 0.0, 0.0, 0.0, 0.0]
Fixed production cost of each product in each period f: 
[[674, 665, 983, 776, 853, 675, 957, 638, 732, 562], [765, 821, 727, 971, 556, 583, 576, 546, 891, 540], [846, 653, 953, 724, 585, 594, 922, 790, 890, 933], [679, 698, 748, 843, 541, 990, 536, 804, 583, 710], [839, 709, 625, 979, 612, 992, 605, 842, 541, 555], [897, 594, 996, 657, 698, 766, 638, 987, 793, 857], [580, 929, 838, 856, 921, 533, 800, 547, 966, 956], [563, 525, 884, 923, 985, 606, 546, 709, 893, 547], [794, 839, 615, 608, 818, 552, 790, 508, 612, 509], [699, 579, 633, 968, 725, 964, 683, 531, 592, 873]]
Variable production cost per unit of each product in each period p: 
[[10, 10, 12, 13, 13, 12, 11, 11, 10, 13], [12, 13, 10, 12, 13, 11, 13, 11, 13, 11], [10, 13, 10, 11, 13, 12, 13, 10, 12, 10], [12, 12, 13, 13, 10, 12, 10, 13, 10, 13], [11, 12, 10, 10, 13, 10, 13, 13, 13, 13], [12, 13, 10, 12, 10, 10, 10, 13, 13, 12], [10, 13, 11, 11, 13, 12, 13, 13, 12, 11], [12, 12, 10, 10, 11, 13, 11, 10, 10, 10], [13, 13, 12, 13, 13, 12, 10, 12, 13, 10], [10, 13, 11, 11, 12, 10, 11, 12, 11, 11]]
Inventory holding cost per unit of each product by the end of each period h: 
[[7, 6, 6, 8, 5, 7, 6, 9, 8, 7], [6, 7, 8, 9, 5, 8, 7, 5, 8, 9], [5, 9, 9, 6, 9, 9, 9, 7, 8, 8], [6, 7, 5, 8, 5, 6, 9, 8, 5, 7], [5, 9, 7, 7, 9, 9, 5, 8, 9, 7], [5, 8, 6, 6, 5, 8, 7, 5, 7, 6], [6, 6, 8, 6, 8, 9, 9, 8, 9, 5], [7, 9, 7, 9, 6, 5, 8, 8, 8, 8], [6, 5, 7, 8, 7, 6, 5, 6, 6, 6], [8, 9, 5, 6, 7, 6, 6, 5, 9, 9]]
Demand for each product in each period d: 
[[20, 6, 17, 29, 21, 2, 6, 20, 45, 24], [32, 45, 40, 34, 11, 43, 48, 49, 0, 7], [33, 11, 39, 14, 14, 22, 26, 41, 6, 10], [43, 37, 30, 41, 34, 28, 0, 15, 37, 5], [31, 28, 23, 31, 31, 33, 14, 30, 23, 25], [35, 16, 42, 36, 39, 48, 17, 39, 5, 29], [0, 21, 35, 47, 9, 3, 16, 26, 26, 7], [4, 3, 10, 30, 33, 18, 14, 26, 9, 27], [49, 39, 33, 29, 47, 40, 21, 45, 23, 17], [30, 27, 19, 37, 3, 4, 42, 2, 21, 14]]
Maintenance cost in each period m: 
[5312, 6670, 5243, 6602, 5452, 5084, 8397, 7460, 4517, 6793]
Maximum capacity of the machine cmax: 
450