Set of periods in the planning horizon T: 
20
Set of products P: 
15
Capacity reduction coefficient alpha: 
0.64
Relative decrease of capacity per set up gamma: 
0.36
Capacity reduction coefficient due to product types beta: 
[0.2, 0.34, 0.29, 0.32, 0.27, 0.28, 0.32, 0.3, 0.37, 0.27, 0.39, 0.3, 0.26, 0.3, 0.29]
Fixed production cost of each product in each period f: 
[[789, 707, 710, 607, 912, 852, 704, 724, 900, 594, 864, 514, 876, 753, 934, 814, 708, 540, 785, 786], [563, 799, 951, 613, 644, 543, 781, 515, 748, 915, 937, 649, 976, 538, 726, 630, 804, 969, 821, 906], [695, 566, 626, 739, 825, 691, 979, 627, 562, 581, 507, 590, 840, 814, 725, 905, 973, 719, 588, 692], [780, 691, 819, 930, 585, 768, 820, 724, 526, 977, 991, 901, 658, 618, 511, 942, 790, 970, 917, 589], [801, 853, 871, 526, 674, 631, 555, 865, 665, 517, 981, 514, 600, 533, 512, 843, 728, 814, 719, 915], [982, 655, 944, 572, 843, 555, 518, 807, 777, 810, 612, 696, 796, 981, 898, 714, 685, 881, 811, 856], [906, 543, 718, 814, 921, 804, 660, 887, 682, 640, 949, 675, 606, 585, 971, 628, 768, 847, 533, 506], [975, 539, 607, 972, 794, 634, 935, 641, 570, 706, 726, 649, 576, 684, 795, 906, 664, 795, 735, 510], [536, 850, 771, 935, 558, 898, 574, 636, 548, 731, 794, 650, 669, 695, 542, 867, 547, 774, 788, 537], [639, 651, 852, 538, 647, 721, 814, 654, 862, 979, 894, 643, 998, 724, 662, 753, 823, 992, 783, 743], [531, 961, 524, 849, 622, 723, 615, 886, 613, 932, 691, 645, 818, 975, 961, 851, 752, 631, 772, 941], [932, 777, 813, 701, 960, 688, 944, 984, 727, 989, 549, 967, 687, 914, 918, 635, 909, 594, 764, 799], [619, 702, 612, 505, 723, 932, 973, 537, 653, 945, 824, 635, 619, 591, 767, 956, 533, 580, 661, 806], [968, 618, 584, 549, 748, 924, 750, 510, 745, 615, 522, 611, 755, 636, 839, 540, 864, 622, 645, 551], [659, 925, 973, 831, 604, 577, 765, 995, 577, 599, 827, 680, 703, 801, 849, 975, 712, 538, 981, 500]]
Variable production cost per unit of each product in each period p: 
[[13, 11, 11, 12, 12, 10, 13, 10, 11, 10, 12, 12, 10, 13, 13, 13, 13, 12, 11, 13], [10, 11, 10, 12, 10, 10, 10, 13, 10, 12, 11, 11, 12, 11, 13, 11, 10, 12, 13, 12], [11, 12, 10, 12, 10, 11, 10, 12, 12, 12, 11, 11, 10, 11, 10, 11, 12, 13, 11, 11], [13, 13, 10, 10, 10, 12, 11, 12, 12, 13, 13, 10, 13, 12, 11, 13, 12, 10, 13, 12], [13, 12, 12, 12, 13, 12, 10, 10, 10, 10, 10, 12, 12, 12, 10, 10, 10, 10, 13, 13], [13, 10, 10, 10, 10, 11, 11, 11, 12, 13, 10, 12, 10, 10, 13, 12, 13, 10, 12, 13], [10, 12, 10, 12, 13, 12, 10, 10, 13, 11, 10, 13, 13, 12, 10, 12, 11, 12, 12, 12], [13, 11, 13, 13, 11, 10, 11, 12, 13, 12, 10, 13, 10, 12, 10, 11, 12, 10, 10, 13], [10, 13, 11, 10, 11, 13, 10, 13, 13, 10, 12, 12, 13, 11, 11, 10, 11, 12, 10, 10], [10, 13, 12, 10, 10, 13, 12, 13, 11, 13, 13, 10, 10, 12, 12, 12, 11, 13, 13, 12], [10, 13, 11, 11, 10, 12, 12, 10, 12, 11, 10, 12, 11, 10, 11, 13, 13, 12, 11, 10], [10, 13, 10, 11, 13, 11, 10, 12, 12, 11, 12, 12, 11, 13, 12, 13, 13, 10, 10, 10], [10, 12, 13, 10, 11, 12, 11, 10, 13, 11, 12, 12, 12, 12, 13, 12, 13, 12, 10, 12], [13, 11, 11, 11, 10, 10, 13, 12, 13, 11, 11, 12, 11, 12, 10, 11, 11, 11, 10, 12], [13, 12, 10, 11, 11, 11, 10, 10, 10, 12, 13, 10, 13, 10, 13, 10, 12, 11, 12, 10]]
Inventory holding cost per unit of each product by the end of each period h: 
[[5, 8, 5, 5, 5, 9, 9, 5, 6, 5, 6, 6, 8, 7, 7, 7, 9, 5, 8, 9], [9, 5, 5, 9, 7, 7, 5, 8, 9, 9, 9, 6, 7, 7, 7, 6, 6, 9, 7, 9], [6, 7, 5, 7, 8, 8, 8, 7, 6, 9, 5, 7, 5, 9, 6, 6, 9, 5, 6, 8], [8, 9, 7, 9, 6, 9, 9, 8, 9, 6, 8, 8, 8, 5, 7, 9, 8, 8, 9, 8], [5, 9, 7, 7, 9, 7, 9, 5, 5, 6, 7, 5, 8, 6, 7, 6, 7, 9, 6, 6], [6, 8, 6, 5, 7, 6, 8, 7, 9, 5, 9, 7, 7, 9, 7, 8, 7, 5, 8, 8], [5, 9, 6, 6, 9, 6, 5, 8, 7, 8, 5, 8, 6, 6, 5, 8, 5, 8, 6, 6], [9, 5, 8, 7, 6, 5, 5, 6, 6, 9, 6, 5, 7, 6, 7, 6, 8, 5, 5, 9], [7, 9, 8, 5, 8, 9, 7, 9, 5, 7, 7, 6, 9, 7, 7, 5, 5, 5, 7, 8], [8, 5, 5, 5, 6, 5, 6, 9, 7, 8, 8, 6, 7, 9, 6, 5, 7, 8, 9, 7], [7, 5, 6, 9, 8, 7, 6, 9, 7, 5, 7, 5, 6, 9, 7, 6, 9, 6, 7, 9], [9, 9, 5, 8, 9, 8, 5, 9, 8, 8, 7, 7, 6, 7, 8, 6, 6, 5, 7, 8], [8, 8, 6, 7, 7, 7, 7, 5, 6, 9, 9, 9, 7, 5, 9, 5, 6, 9, 8, 6], [8, 9, 7, 6, 9, 7, 5, 5, 7, 5, 5, 9, 6, 5, 6, 6, 9, 9, 8, 9], [9, 6, 8, 7, 7, 9, 5, 7, 6, 7, 8, 8, 7, 6, 6, 7, 6, 7, 6, 8]]
Demand for each product in each period d: 
[[0, 32, 2, 18, 49, 6, 18, 28, 47, 40, 17, 33, 13, 0, 31, 6, 40, 46, 34, 1], [6, 44, 13, 23, 22, 25, 38, 18, 32, 8, 7, 13, 43, 48, 33, 36, 0, 3, 39, 48], [36, 44, 45, 45, 34, 0, 9, 17, 36, 7, 0, 26, 42, 44, 7, 29, 40, 24, 0, 13], [35, 38, 12, 14, 2, 11, 32, 44, 44, 46, 40, 7, 1, 19, 0, 47, 0, 0, 26, 35], [17, 8, 0, 1, 42, 17, 8, 45, 45, 34, 36, 0, 0, 44, 16, 35, 23, 15, 49, 38], [0, 8, 5, 15, 9, 3, 21, 44, 4, 44, 47, 33, 32, 39, 40, 4, 40, 23, 17, 36], [14, 15, 11, 31, 39, 25, 13, 28, 39, 12, 39, 6, 1, 41, 23, 45, 25, 40, 0, 1], [4, 34, 1, 43, 6, 13, 43, 28, 13, 5, 29, 43, 10, 39, 43, 4, 0, 49, 38, 12], [22, 13, 1, 42, 39, 1, 0, 1, 41, 24, 9, 1, 42, 37, 18, 34, 45, 38, 1, 2], [2, 48, 30, 30, 43, 43, 22, 27, 23, 12, 24, 26, 22, 15, 24, 35, 13, 45, 0, 21], [0, 20, 1, 21, 33, 26, 44, 13, 30, 49, 16, 15, 37, 0, 18, 26, 15, 32, 34, 36], [43, 0, 42, 14, 46, 28, 32, 11, 9, 25, 0, 36, 1, 14, 18, 0, 48, 18, 2, 0], [0, 45, 15, 43, 28, 38, 4, 13, 9, 42, 8, 0, 20, 0, 17, 41, 37, 34, 46, 6], [31, 8, 0, 16, 12, 21, 11, 45, 33, 6, 13, 38, 13, 36, 31, 4, 40, 40, 40, 3], [0, 23, 7, 10, 24, 30, 0, 4, 49, 1, 31, 45, 13, 15, 4, 13, 43, 30, 3, 2]]
Maintenance cost in each period m: 
[5200, 3056, 3525, 3558, 4244, 2471, 5440, 2366, 2819, 5354, 5619, 4000, 2023, 4565, 2536, 3574, 4655, 5625, 4034, 2638]
Maximum capacity of the machine cmax: 
675