Set of periods in the planning horizon T: 
20
Set of products P: 
15
Capacity reduction coefficient alpha: 
0.6
Relative decrease of capacity per set up gamma: 
0.27
Capacity reduction coefficient due to product types beta: 
[0.27, 0.36, 0.28, 0.4, 0.25, 0.35, 0.25, 0.24, 0.37, 0.28, 0.25, 0.33, 0.36, 0.29, 0.21]
Fixed production cost of each product in each period f: 
[[909, 986, 977, 816, 937, 564, 645, 691, 799, 950, 887, 630, 521, 673, 921, 513, 784, 582, 969, 590], [883, 890, 719, 785, 688, 811, 561, 650, 904, 604, 897, 678, 617, 577, 856, 536, 555, 676, 910, 504], [945, 754, 735, 703, 613, 809, 981, 909, 644, 946, 991, 635, 777, 501, 568, 765, 587, 846, 809, 657], [967, 593, 875, 976, 932, 794, 650, 894, 592, 916, 546, 697, 687, 801, 950, 879, 542, 511, 616, 827], [776, 781, 954, 719, 589, 788, 999, 503, 615, 982, 915, 745, 801, 888, 962, 528, 599, 530, 677, 972], [975, 993, 828, 574, 725, 647, 636, 569, 946, 628, 510, 899, 924, 711, 548, 722, 696, 754, 855, 989], [598, 520, 540, 763, 738, 797, 534, 675, 751, 755, 680, 820, 551, 937, 509, 746, 605, 995, 954, 785], [646, 693, 629, 748, 837, 949, 769, 600, 840, 723, 747, 675, 917, 592, 899, 631, 803, 601, 513, 915], [896, 685, 989, 983, 904, 615, 608, 774, 708, 746, 748, 852, 921, 763, 816, 979, 797, 729, 534, 575], [799, 548, 996, 609, 662, 546, 983, 575, 872, 713, 506, 510, 786, 820, 871, 844, 552, 550, 692, 513], [678, 533, 630, 882, 526, 973, 743, 840, 895, 641, 503, 511, 976, 604, 917, 928, 791, 562, 567, 613], [772, 680, 980, 901, 841, 554, 892, 689, 649, 724, 987, 607, 532, 612, 805, 940, 797, 744, 933, 736], [951, 554, 758, 692, 884, 547, 962, 503, 755, 757, 997, 615, 723, 872, 500, 589, 692, 750, 955, 617], [545, 535, 717, 740, 660, 809, 669, 725, 576, 985, 594, 875, 917, 542, 847, 731, 695, 509, 637, 854], [649, 559, 565, 974, 754, 897, 832, 650, 535, 840, 721, 532, 841, 868, 507, 677, 666, 980, 966, 761]]
Variable production cost per unit of each product in each period p: 
[[12, 13, 10, 11, 12, 11, 12, 13, 12, 13, 10, 11, 11, 11, 13, 13, 13, 12, 13, 11], [13, 13, 12, 13, 11, 12, 11, 11, 13, 12, 13, 13, 10, 12, 13, 11, 13, 11, 11, 10], [12, 12, 13, 10, 13, 12, 12, 10, 11, 12, 13, 13, 10, 11, 11, 13, 13, 13, 11, 10], [12, 10, 10, 13, 11, 11, 12, 10, 13, 10, 10, 12, 10, 10, 12, 10, 11, 12, 10, 10], [10, 13, 10, 10, 12, 10, 11, 13, 11, 12, 13, 10, 12, 11, 12, 13, 10, 12, 12, 13], [11, 10, 11, 11, 11, 12, 11, 13, 10, 10, 11, 10, 12, 12, 13, 12, 12, 13, 13, 13], [10, 13, 10, 10, 13, 10, 12, 11, 12, 12, 13, 10, 10, 10, 11, 13, 12, 13, 10, 11], [11, 13, 13, 11, 13, 11, 13, 12, 13, 12, 13, 13, 11, 11, 10, 12, 10, 11, 12, 12], [13, 10, 11, 11, 11, 10, 10, 12, 11, 10, 10, 13, 13, 10, 11, 10, 10, 11, 13, 11], [10, 11, 11, 11, 10, 13, 12, 10, 10, 13, 11, 13, 13, 11, 12, 11, 10, 11, 10, 11], [11, 13, 13, 10, 10, 10, 10, 11, 10, 12, 11, 10, 10, 10, 12, 12, 12, 12, 11, 12], [13, 10, 12, 13, 10, 11, 10, 10, 13, 12, 11, 12, 13, 13, 12, 11, 11, 13, 13, 12], [12, 11, 10, 12, 13, 10, 12, 13, 11, 12, 12, 13, 13, 13, 11, 12, 10, 13, 11, 11], [12, 13, 13, 11, 11, 13, 13, 10, 12, 13, 12, 13, 11, 11, 11, 11, 12, 13, 13, 12], [13, 13, 12, 13, 11, 13, 13, 12, 13, 12, 12, 10, 12, 12, 12, 11, 12, 13, 10, 10]]
Inventory holding cost per unit of each product by the end of each period h: 
[[6, 8, 5, 8, 8, 9, 8, 8, 9, 9, 8, 5, 6, 8, 5, 8, 7, 9, 5, 5], [6, 9, 7, 9, 6, 6, 5, 5, 8, 8, 5, 5, 7, 6, 7, 8, 6, 6, 9, 7], [9, 7, 7, 9, 7, 9, 6, 6, 5, 7, 8, 8, 8, 6, 8, 7, 6, 7, 9, 5], [7, 8, 8, 5, 9, 9, 7, 9, 6, 8, 8, 7, 6, 5, 6, 5, 7, 9, 9, 9], [9, 6, 6, 7, 5, 7, 6, 9, 7, 5, 5, 6, 8, 6, 6, 9, 5, 9, 8, 6], [6, 6, 5, 7, 8, 6, 5, 7, 7, 5, 5, 6, 5, 6, 6, 7, 6, 9, 6, 7], [5, 9, 5, 7, 7, 5, 9, 9, 8, 8, 9, 5, 5, 6, 8, 9, 7, 5, 5, 8], [6, 6, 9, 9, 6, 9, 5, 6, 6, 8, 6, 9, 6, 9, 6, 5, 6, 8, 7, 5], [6, 6, 5, 9, 5, 7, 7, 8, 8, 5, 8, 6, 7, 6, 8, 9, 6, 9, 8, 6], [7, 7, 5, 7, 9, 8, 5, 9, 5, 7, 8, 9, 9, 6, 9, 5, 5, 7, 8, 7], [7, 6, 5, 6, 8, 9, 9, 6, 6, 7, 8, 9, 5, 7, 6, 7, 6, 6, 9, 7], [9, 8, 5, 7, 6, 6, 5, 8, 5, 7, 5, 5, 8, 5, 8, 5, 7, 5, 9, 7], [7, 8, 8, 5, 7, 9, 5, 5, 5, 9, 5, 9, 7, 7, 6, 9, 5, 9, 8, 9], [7, 6, 9, 7, 8, 7, 7, 8, 7, 8, 6, 5, 9, 5, 8, 8, 8, 5, 9, 9], [7, 6, 5, 8, 9, 5, 7, 7, 7, 7, 5, 9, 5, 8, 5, 9, 6, 6, 8, 8]]
Demand for each product in each period d: 
[[4, 17, 0, 35, 2, 39, 48, 47, 5, 23, 19, 32, 0, 29, 47, 28, 17, 7, 43, 39], [21, 19, 44, 3, 28, 43, 31, 32, 30, 35, 30, 32, 18, 11, 33, 20, 1, 39, 2, 32], [19, 0, 0, 16, 28, 25, 30, 27, 44, 33, 0, 10, 43, 4, 33, 19, 11, 25, 14, 24], [26, 0, 2, 19, 21, 5, 25, 0, 20, 46, 20, 49, 17, 17, 32, 38, 44, 12, 31, 7], [31, 30, 20, 28, 18, 44, 0, 26, 28, 40, 41, 20, 7, 3, 7, 6, 44, 34, 26, 47], [30, 12, 23, 44, 26, 11, 37, 12, 43, 26, 38, 10, 9, 14, 13, 44, 44, 47, 36, 34], [10, 26, 1, 45, 3, 36, 48, 48, 4, 14, 26, 39, 46, 27, 47, 18, 23, 23, 17, 26], [9, 20, 0, 35, 34, 48, 27, 43, 15, 19, 33, 19, 35, 18, 20, 12, 15, 13, 0, 0], [47, 7, 45, 27, 24, 10, 0, 36, 47, 0, 40, 3, 6, 33, 37, 5, 10, 9, 1, 16], [4, 25, 36, 3, 33, 16, 27, 34, 5, 39, 28, 42, 0, 37, 37, 39, 29, 23, 27, 7], [34, 46, 9, 26, 42, 40, 42, 47, 0, 26, 1, 0, 31, 37, 44, 26, 49, 14, 27, 4], [21, 28, 0, 1, 11, 24, 0, 35, 0, 31, 44, 28, 49, 36, 7, 4, 12, 42, 19, 27], [27, 5, 8, 41, 8, 43, 16, 19, 33, 39, 44, 33, 44, 34, 25, 46, 9, 0, 18, 5], [0, 17, 20, 13, 44, 36, 38, 4, 35, 15, 34, 5, 32, 41, 22, 21, 0, 33, 49, 4], [5, 24, 43, 20, 0, 47, 40, 28, 7, 6, 16, 18, 40, 33, 33, 30, 14, 35, 30, 47]]
Maintenance cost in each period m: 
[2357, 2436, 5142, 3349, 2583, 5122, 2864, 3197, 5280, 3717, 4170, 5711, 4087, 5842, 5481, 4526, 2921, 3743, 3651, 3032]
Maximum capacity of the machine cmax: 
735