Set of periods in the planning horizon T: 
15
Set of products P: 
10
Capacity reduction coefficient alpha: 
0.88
Relative decrease of capacity per set up gamma: 
0.39
Capacity reduction coefficient due to product types beta: 
[0.3, 0.28, 0.34, 0.24, 0.26, 0.22, 0.38, 0.25, 0.27, 0.36]
Fixed production cost of each product in each period f: 
[[923, 940, 702, 844, 684, 517, 897, 905, 562, 784, 839, 769, 705, 520, 912], [689, 877, 813, 962, 886, 650, 907, 929, 532, 993, 957, 692, 766, 597, 948], [920, 868, 917, 902, 694, 519, 806, 808, 725, 866, 783, 670, 657, 915, 661], [691, 791, 814, 607, 620, 703, 573, 940, 736, 503, 588, 849, 501, 999, 879], [578, 521, 737, 777, 610, 891, 958, 751, 587, 767, 575, 535, 840, 523, 549], [503, 866, 725, 812, 772, 924, 906, 706, 839, 757, 652, 629, 555, 641, 938], [876, 585, 847, 597, 585, 790, 669, 939, 723, 803, 963, 985, 827, 969, 805], [574, 550, 562, 717, 964, 891, 584, 643, 597, 698, 877, 778, 504, 508, 537], [723, 763, 824, 827, 542, 868, 978, 913, 874, 754, 643, 516, 970, 758, 656], [511, 539, 917, 934, 550, 643, 516, 772, 569, 644, 750, 673, 967, 525, 717]]
Variable production cost per unit of each product in each period p: 
[[12, 10, 10, 11, 11, 10, 13, 12, 11, 10, 10, 11, 11, 10, 13], [11, 10, 10, 12, 12, 10, 12, 13, 11, 12, 11, 11, 12, 10, 13], [11, 10, 12, 10, 13, 10, 10, 12, 11, 13, 12, 11, 12, 11, 12], [13, 13, 11, 12, 10, 10, 10, 11, 10, 11, 13, 13, 10, 13, 13], [11, 11, 11, 10, 13, 13, 13, 12, 11, 13, 11, 11, 11, 11, 12], [11, 11, 12, 10, 13, 13, 10, 10, 12, 11, 11, 11, 13, 13, 11], [12, 13, 12, 10, 10, 13, 12, 13, 10, 12, 10, 13, 10, 13, 13], [10, 12, 10, 11, 11, 13, 10, 11, 10, 11, 13, 13, 12, 12, 13], [10, 13, 12, 12, 12, 10, 13, 12, 11, 13, 10, 13, 13, 10, 12], [12, 12, 13, 10, 10, 13, 11, 11, 10, 13, 11, 10, 12, 13, 13]]
Inventory holding cost per unit of each product by the end of each period h: 
[[7, 5, 8, 6, 9, 7, 6, 7, 8, 5, 7, 8, 5, 5, 8], [6, 7, 9, 5, 6, 7, 9, 6, 9, 9, 7, 9, 9, 9, 9], [9, 5, 5, 8, 7, 9, 6, 6, 6, 6, 7, 8, 6, 9, 6], [5, 8, 9, 6, 7, 5, 8, 8, 8, 8, 7, 6, 8, 7, 9], [9, 8, 7, 8, 5, 9, 9, 9, 8, 8, 7, 9, 7, 9, 5], [5, 8, 9, 5, 7, 9, 5, 5, 8, 6, 6, 5, 5, 6, 5], [6, 7, 9, 5, 7, 8, 6, 5, 5, 7, 9, 8, 7, 9, 6], [7, 7, 5, 8, 5, 5, 9, 9, 7, 7, 9, 5, 8, 8, 9], [9, 8, 6, 8, 6, 8, 8, 5, 6, 8, 8, 8, 9, 8, 5], [6, 9, 8, 8, 5, 5, 7, 8, 7, 5, 5, 5, 8, 8, 5]]
Demand for each product in each period d: 
[[17, 2, 4, 5, 43, 39, 48, 6, 13, 11, 44, 36, 10, 9, 47], [42, 17, 2, 16, 6, 32, 0, 35, 48, 48, 3, 1, 31, 7, 0], [43, 38, 34, 3, 45, 43, 45, 15, 17, 37, 11, 47, 5, 48, 25], [43, 7, 42, 49, 35, 19, 9, 33, 15, 26, 46, 47, 0, 47, 42], [1, 45, 4, 1, 0, 12, 8, 42, 41, 31, 24, 1, 45, 27, 39], [19, 44, 20, 4, 35, 24, 25, 16, 38, 39, 10, 22, 49, 38, 14], [17, 22, 14, 30, 15, 23, 25, 2, 10, 11, 0, 17, 19, 39, 29], [2, 49, 18, 41, 0, 5, 0, 22, 39, 44, 29, 24, 1, 14, 0], [17, 3, 40, 46, 8, 31, 33, 49, 47, 9, 1, 35, 29, 28, 18], [25, 5, 6, 10, 38, 43, 32, 0, 39, 14, 2, 27, 44, 27, 13]]
Maintenance cost in each period m: 
[4446, 3032, 1457, 5225, 4919, 3655, 1797, 4834, 5370, 3058, 4635, 2715, 1831, 1846, 1656]
Maximum capacity of the machine cmax: 
420