Set of periods in the planning horizon T: 
10
Set of products P: 
10
Capacity reduction coefficient alpha: 
0.66
Relative decrease of capacity per set up gamma: 
0.32
Capacity reduction coefficient due to product types beta: 
[0.31, 0.4, 0.25, 0.35, 0.22, 0.22, 0.26, 0.27, 0.38, 0.36]
Fixed production cost of each product in each period f: 
[[927, 749, 662, 766, 677, 647, 624, 705, 667, 576], [721, 596, 656, 775, 809, 706, 737, 643, 904, 995], [799, 935, 768, 735, 644, 605, 991, 679, 714, 506], [996, 899, 802, 846, 780, 856, 578, 501, 700, 675], [903, 897, 677, 560, 735, 923, 913, 919, 995, 960], [562, 766, 781, 924, 607, 783, 612, 875, 969, 747], [865, 619, 763, 997, 947, 855, 770, 579, 735, 981], [547, 670, 550, 766, 700, 966, 998, 561, 588, 983], [538, 635, 794, 859, 636, 546, 753, 830, 946, 879], [581, 981, 710, 981, 575, 609, 752, 623, 663, 804]]
Variable production cost per unit of each product in each period p: 
[[11, 10, 13, 11, 12, 11, 12, 12, 10, 11], [13, 11, 10, 12, 10, 12, 13, 13, 11, 12], [11, 12, 10, 11, 11, 10, 12, 12, 13, 11], [10, 11, 11, 12, 11, 11, 12, 10, 10, 12], [12, 12, 13, 12, 11, 13, 12, 10, 10, 10], [12, 12, 11, 12, 10, 10, 10, 11, 11, 12], [11, 13, 13, 10, 12, 12, 10, 10, 13, 13], [10, 12, 12, 10, 10, 11, 13, 10, 13, 10], [12, 11, 10, 10, 13, 12, 13, 11, 12, 11], [11, 12, 10, 13, 13, 12, 11, 11, 10, 13]]
Inventory holding cost per unit of each product by the end of each period h: 
[[6, 7, 7, 6, 8, 6, 9, 8, 6, 8], [8, 8, 8, 6, 8, 9, 8, 8, 8, 9], [6, 5, 7, 6, 9, 8, 8, 5, 9, 5], [8, 9, 7, 5, 9, 9, 7, 6, 9, 6], [9, 5, 5, 6, 5, 9, 9, 9, 8, 7], [5, 8, 5, 7, 5, 5, 9, 9, 7, 9], [7, 5, 6, 6, 7, 7, 9, 8, 9, 6], [9, 6, 7, 8, 8, 9, 9, 9, 7, 5], [7, 8, 9, 5, 8, 8, 6, 8, 8, 7], [6, 6, 7, 8, 9, 5, 8, 8, 5, 5]]
Demand for each product in each period d: 
[[6, 31, 10, 39, 32, 0, 40, 28, 12, 23], [45, 25, 34, 35, 40, 44, 0, 48, 31, 13], [25, 7, 16, 46, 2, 49, 17, 16, 44, 44], [33, 38, 42, 46, 8, 2, 5, 7, 18, 13], [23, 16, 1, 11, 30, 9, 14, 37, 49, 23], [29, 47, 25, 12, 5, 45, 22, 31, 18, 9], [42, 8, 11, 26, 48, 22, 10, 38, 49, 28], [19, 19, 2, 21, 44, 11, 6, 8, 16, 6], [16, 27, 26, 49, 2, 37, 7, 17, 37, 37], [24, 11, 6, 43, 14, 37, 17, 39, 32, 1]]
Maintenance cost in each period m: 
[1700, 3661, 2847, 4070, 4276, 5242, 3520, 1764, 1571, 1359]
Maximum capacity of the machine cmax: 
430