Set of periods in the planning horizon T: 
15
Set of products P: 
10
Capacity reduction coefficient alpha: 
0.84
Relative decrease of capacity per set up gamma: 
0.32
Capacity reduction coefficient due to product types beta: 
[0.22, 0.35, 0.28, 0.26, 0.23, 0.3, 0.28, 0.36, 0.23, 0.35]
Fixed production cost of each product in each period f: 
[[866, 979, 970, 839, 993, 826, 886, 728, 813, 596, 896, 725, 861, 572, 759], [515, 878, 846, 766, 711, 523, 546, 789, 666, 628, 934, 857, 970, 897, 605], [972, 688, 986, 855, 842, 624, 702, 994, 505, 803, 801, 787, 772, 951, 716], [554, 798, 646, 631, 978, 623, 506, 509, 955, 716, 703, 579, 789, 584, 623], [858, 877, 862, 939, 504, 742, 769, 764, 617, 956, 948, 709, 985, 653, 584], [785, 710, 946, 848, 822, 969, 570, 684, 503, 536, 574, 929, 542, 917, 566], [578, 808, 886, 545, 582, 985, 847, 819, 699, 775, 512, 743, 776, 604, 518], [702, 768, 932, 768, 989, 774, 625, 747, 532, 943, 892, 725, 860, 578, 689], [904, 514, 606, 741, 888, 925, 960, 751, 862, 762, 899, 953, 557, 775, 795], [535, 691, 701, 805, 748, 540, 794, 815, 681, 848, 827, 953, 853, 796, 645]]
Variable production cost per unit of each product in each period p: 
[[10, 10, 10, 13, 11, 13, 13, 13, 13, 10, 10, 13, 13, 13, 12], [10, 12, 13, 11, 13, 10, 12, 11, 11, 11, 13, 13, 12, 13, 10], [11, 13, 10, 12, 10, 12, 10, 11, 11, 12, 10, 13, 11, 12, 11], [10, 13, 10, 10, 10, 12, 10, 13, 10, 10, 13, 13, 11, 13, 13], [10, 11, 13, 12, 13, 12, 10, 13, 12, 13, 10, 11, 12, 10, 13], [13, 10, 13, 10, 13, 12, 10, 12, 11, 13, 12, 11, 10, 12, 10], [13, 10, 10, 12, 10, 11, 10, 13, 11, 11, 12, 12, 11, 13, 10], [11, 10, 10, 10, 11, 11, 11, 12, 12, 11, 13, 11, 10, 12, 13], [10, 12, 13, 12, 12, 10, 12, 13, 12, 11, 13, 13, 11, 12, 13], [13, 13, 10, 11, 10, 11, 10, 10, 12, 13, 13, 11, 10, 12, 11]]
Inventory holding cost per unit of each product by the end of each period h: 
[[8, 7, 8, 7, 8, 6, 9, 5, 5, 7, 7, 8, 8, 6, 8], [5, 8, 7, 6, 6, 6, 5, 7, 5, 8, 9, 6, 8, 7, 5], [5, 7, 6, 6, 9, 9, 6, 6, 6, 7, 8, 6, 9, 6, 5], [5, 5, 7, 6, 7, 7, 5, 7, 7, 5, 9, 9, 9, 6, 5], [7, 8, 5, 9, 7, 7, 6, 9, 5, 7, 8, 6, 5, 9, 8], [6, 7, 6, 6, 9, 8, 6, 7, 6, 7, 6, 8, 5, 6, 9], [6, 6, 6, 5, 8, 9, 7, 5, 8, 8, 7, 8, 8, 8, 6], [9, 6, 6, 5, 7, 5, 9, 9, 5, 5, 6, 5, 9, 5, 7], [6, 5, 6, 7, 8, 6, 5, 5, 5, 5, 7, 7, 9, 5, 9], [8, 5, 6, 8, 5, 8, 5, 8, 7, 9, 7, 7, 6, 8, 9]]
Demand for each product in each period d: 
[[13, 44, 25, 13, 37, 42, 38, 32, 25, 35, 28, 19, 37, 35, 24], [2, 48, 49, 25, 27, 43, 25, 1, 26, 0, 2, 29, 22, 6, 41], [46, 42, 36, 23, 0, 22, 10, 0, 2, 4, 8, 41, 32, 11, 21], [44, 47, 15, 11, 18, 32, 5, 13, 6, 24, 9, 19, 3, 0, 47], [7, 40, 7, 32, 27, 46, 0, 44, 3, 0, 46, 4, 21, 40, 49], [7, 24, 37, 1, 2, 12, 41, 28, 5, 0, 49, 7, 12, 46, 0], [30, 43, 35, 6, 32, 1, 23, 9, 12, 1, 9, 34, 10, 48, 35], [35, 35, 0, 3, 5, 16, 38, 13, 10, 45, 0, 47, 0, 0, 6], [4, 27, 15, 1, 44, 12, 32, 37, 38, 21, 6, 0, 1, 44, 45], [0, 0, 46, 6, 39, 30, 6, 19, 21, 35, 7, 8, 18, 11, 6]]
Maintenance cost in each period m: 
[5260, 4828, 3021, 3463, 3339, 1696, 4534, 4969, 2833, 4629, 4454, 4950, 1605, 2105, 4080]
Maximum capacity of the machine cmax: 
420