Set of periods in the planning horizon T: 
10
Set of products P: 
10
Capacity reduction coefficient alpha: 
0.71
Relative decrease of capacity per set up gamma: 
0.24
Capacity reduction coefficient due to product types beta: 
[0.28, 0.22, 0.36, 0.32, 0.22, 0.36, 0.31, 0.21, 0.24, 0.25]
Fixed production cost of each product in each period f: 
[[563, 816, 941, 613, 662, 901, 914, 967, 513, 781], [511, 735, 653, 728, 623, 596, 685, 607, 753, 822], [794, 707, 748, 923, 620, 700, 659, 542, 610, 942], [575, 624, 529, 880, 823, 591, 580, 862, 549, 502], [891, 869, 910, 799, 704, 816, 715, 972, 601, 816], [601, 593, 659, 512, 621, 853, 586, 898, 719, 590], [809, 663, 836, 636, 935, 767, 711, 604, 578, 590], [979, 735, 845, 787, 543, 949, 928, 942, 725, 671], [948, 808, 921, 632, 575, 676, 791, 894, 553, 745], [524, 858, 524, 563, 614, 957, 804, 984, 684, 759]]
Variable production cost per unit of each product in each period p: 
[[11, 13, 12, 11, 11, 11, 13, 13, 12, 12], [12, 13, 13, 13, 10, 12, 13, 13, 10, 10], [12, 12, 12, 13, 11, 13, 13, 11, 10, 13], [10, 12, 11, 11, 12, 10, 11, 11, 11, 13], [12, 11, 13, 12, 13, 13, 13, 11, 12, 11], [13, 13, 11, 13, 10, 13, 12, 13, 11, 11], [13, 12, 13, 11, 13, 12, 10, 10, 10, 13], [13, 13, 11, 13, 10, 13, 13, 13, 12, 11], [12, 11, 10, 12, 13, 11, 11, 11, 12, 13], [13, 13, 12, 12, 13, 13, 11, 11, 10, 13]]
Inventory holding cost per unit of each product by the end of each period h: 
[[7, 8, 8, 7, 6, 5, 8, 5, 6, 7], [7, 7, 6, 5, 7, 7, 9, 9, 7, 7], [6, 5, 5, 5, 9, 9, 6, 5, 5, 5], [9, 7, 8, 6, 9, 7, 5, 6, 7, 5], [8, 6, 5, 6, 8, 9, 5, 6, 9, 7], [6, 9, 9, 6, 8, 5, 7, 8, 5, 7], [9, 5, 7, 8, 5, 8, 7, 8, 6, 8], [8, 8, 7, 5, 7, 5, 9, 9, 5, 7], [8, 7, 7, 5, 9, 8, 8, 6, 7, 9], [9, 7, 5, 7, 9, 6, 7, 9, 9, 9]]
Demand for each product in each period d: 
[[31, 46, 20, 32, 12, 35, 0, 36, 0, 46], [41, 37, 12, 0, 31, 0, 32, 24, 35, 46], [10, 48, 13, 0, 10, 28, 33, 37, 0, 33], [29, 31, 47, 11, 25, 6, 46, 25, 5, 16], [8, 37, 24, 4, 6, 36, 9, 18, 28, 19], [19, 49, 44, 27, 29, 23, 26, 28, 18, 2], [4, 39, 13, 36, 18, 5, 8, 11, 47, 42], [19, 4, 32, 19, 25, 35, 21, 19, 23, 40], [47, 22, 21, 15, 31, 49, 12, 12, 36, 41], [22, 36, 40, 23, 44, 32, 36, 49, 18, 0]]
Maintenance cost in each period m: 
[1594, 4739, 3267, 2021, 3307, 4961, 5240, 2062, 3560, 2771]
Maximum capacity of the machine cmax: 
430