Set of periods in the planning horizon T: 
20
Set of products P: 
20
Capacity reduction coefficient alpha: 
0.7
Relative decrease of capacity per set up gamma: 
0.28
Capacity reduction coefficient due to product types beta: 
[0.36, 0.21, 0.33, 0.23, 0.25, 0.29, 0.23, 0.31, 0.23, 0.38, 0.39, 0.22, 0.37, 0.38, 0.4, 0.34, 0.32, 0.39, 0.39, 0.32]
Fixed production cost of each product in each period f: 
[[589, 510, 630, 596, 993, 974, 872, 544, 689, 602, 546, 833, 686, 587, 809, 991, 713, 670, 777, 562], [557, 822, 985, 551, 588, 816, 967, 625, 935, 540, 564, 943, 624, 947, 965, 643, 501, 855, 562, 590], [544, 564, 781, 697, 720, 813, 632, 957, 583, 921, 562, 777, 975, 976, 651, 991, 713, 851, 851, 776], [839, 914, 531, 983, 862, 843, 638, 919, 925, 626, 976, 731, 916, 647, 929, 983, 770, 886, 935, 506], [915, 712, 901, 775, 773, 999, 927, 931, 607, 884, 877, 813, 537, 804, 698, 617, 846, 501, 990, 863], [864, 669, 792, 878, 840, 961, 729, 643, 914, 911, 568, 641, 819, 771, 723, 779, 684, 715, 709, 754], [506, 878, 762, 775, 915, 975, 894, 567, 767, 569, 953, 507, 708, 863, 983, 664, 831, 655, 704, 981], [765, 552, 998, 717, 683, 853, 826, 521, 761, 874, 731, 925, 586, 940, 700, 553, 820, 988, 694, 964], [825, 982, 638, 715, 810, 618, 623, 504, 776, 500, 579, 588, 938, 634, 938, 526, 927, 853, 830, 640], [619, 799, 593, 608, 583, 733, 528, 574, 959, 762, 537, 783, 674, 970, 810, 699, 656, 819, 565, 850], [766, 642, 905, 925, 517, 511, 521, 780, 964, 513, 734, 704, 736, 889, 621, 696, 592, 543, 960, 641], [603, 652, 991, 564, 845, 741, 511, 609, 529, 607, 779, 606, 879, 715, 741, 890, 676, 980, 723, 769], [560, 523, 944, 798, 547, 763, 940, 565, 847, 600, 527, 528, 737, 652, 793, 607, 951, 934, 704, 772], [550, 924, 811, 714, 774, 612, 804, 538, 509, 814, 717, 555, 896, 603, 837, 604, 655, 616, 971, 545], [642, 648, 994, 862, 783, 804, 597, 602, 592, 884, 757, 694, 777, 849, 707, 697, 728, 663, 788, 795], [681, 800, 767, 662, 550, 641, 585, 983, 890, 660, 944, 582, 657, 530, 866, 837, 900, 684, 782, 739], [914, 634, 978, 755, 600, 870, 529, 629, 935, 820, 955, 899, 690, 970, 534, 654, 998, 775, 755, 723], [556, 809, 594, 522, 705, 580, 869, 603, 967, 983, 946, 768, 813, 810, 845, 982, 518, 801, 835, 926], [546, 802, 935, 791, 566, 860, 975, 789, 867, 913, 972, 613, 880, 598, 558, 588, 549, 568, 991, 830], [666, 995, 531, 910, 930, 540, 889, 623, 982, 630, 897, 884, 736, 850, 734, 766, 946, 579, 943, 855]]
Variable production cost per unit of each product in each period p: 
[[10, 11, 11, 12, 10, 10, 11, 12, 13, 13, 13, 13, 11, 11, 10, 10, 11, 10, 10, 11], [10, 13, 10, 12, 12, 12, 13, 10, 11, 13, 13, 13, 13, 11, 10, 10, 11, 10, 13, 12], [11, 11, 12, 13, 13, 12, 13, 11, 12, 11, 13, 12, 10, 11, 11, 11, 10, 10, 11, 13], [12, 11, 13, 11, 11, 13, 13, 12, 11, 12, 10, 12, 13, 11, 13, 10, 12, 11, 13, 10], [11, 13, 12, 12, 11, 12, 13, 11, 11, 11, 12, 13, 10, 10, 10, 10, 10, 11, 13, 11], [12, 10, 10, 10, 10, 12, 10, 13, 11, 13, 12, 10, 13, 11, 11, 11, 10, 10, 11, 11], [13, 11, 12, 11, 10, 12, 10, 12, 13, 11, 12, 11, 11, 11, 12, 13, 12, 10, 10, 13], [13, 11, 10, 13, 12, 10, 11, 10, 12, 10, 12, 13, 12, 11, 12, 12, 13, 12, 11, 13], [13, 12, 13, 10, 12, 12, 12, 11, 12, 11, 13, 11, 11, 10, 13, 13, 11, 10, 13, 12], [12, 11, 12, 10, 13, 10, 12, 12, 13, 10, 11, 10, 13, 10, 11, 13, 10, 10, 10, 12], [10, 10, 13, 11, 13, 10, 11, 12, 10, 11, 11, 10, 10, 11, 12, 10, 10, 12, 11, 12], [10, 13, 12, 11, 12, 12, 11, 12, 11, 11, 11, 11, 12, 13, 11, 10, 12, 13, 12, 13], [12, 10, 12, 10, 10, 13, 10, 10, 13, 11, 11, 10, 13, 12, 12, 12, 12, 12, 11, 12], [13, 13, 13, 11, 13, 13, 12, 12, 11, 11, 13, 13, 11, 10, 11, 13, 11, 11, 12, 12], [12, 10, 13, 12, 11, 11, 13, 11, 11, 11, 12, 10, 12, 12, 11, 11, 13, 10, 13, 10], [12, 11, 12, 11, 12, 12, 12, 11, 13, 12, 11, 13, 10, 13, 11, 10, 12, 10, 11, 10], [11, 13, 10, 12, 13, 10, 12, 10, 10, 12, 11, 13, 12, 13, 10, 11, 12, 13, 11, 12], [10, 10, 10, 10, 13, 11, 12, 11, 13, 13, 12, 10, 12, 11, 10, 10, 12, 12, 12, 11], [13, 12, 13, 10, 11, 12, 11, 10, 10, 10, 11, 10, 11, 12, 12, 12, 11, 11, 13, 10], [12, 13, 10, 12, 13, 13, 13, 12, 10, 12, 13, 11, 10, 11, 10, 11, 10, 10, 11, 12]]
Inventory holding cost per unit of each product by the end of each period h: 
[[8, 8, 5, 5, 9, 6, 6, 6, 9, 5, 8, 8, 7, 6, 8, 8, 9, 6, 8, 7], [8, 5, 7, 6, 6, 7, 9, 6, 9, 6, 6, 8, 6, 9, 9, 6, 9, 8, 7, 5], [9, 5, 6, 6, 9, 5, 9, 8, 8, 6, 8, 6, 8, 8, 8, 5, 5, 5, 8, 7], [7, 5, 5, 5, 8, 9, 6, 8, 8, 5, 7, 5, 7, 6, 9, 6, 5, 7, 5, 7], [9, 5, 8, 8, 9, 8, 5, 7, 5, 8, 8, 9, 6, 5, 6, 6, 9, 9, 7, 7], [6, 8, 6, 8, 6, 8, 6, 6, 5, 8, 5, 8, 6, 8, 8, 5, 7, 7, 7, 8], [5, 9, 9, 9, 8, 8, 7, 7, 8, 6, 7, 5, 9, 6, 8, 7, 7, 6, 8, 8], [6, 8, 5, 8, 9, 9, 8, 9, 9, 6, 9, 6, 8, 6, 8, 7, 5, 7, 8, 9], [5, 5, 8, 6, 7, 5, 7, 5, 6, 6, 8, 6, 9, 9, 6, 9, 6, 7, 6, 9], [9, 6, 5, 9, 8, 6, 8, 9, 8, 6, 5, 7, 9, 5, 6, 6, 7, 5, 9, 5], [5, 5, 8, 9, 7, 8, 8, 9, 7, 8, 7, 7, 8, 6, 9, 8, 7, 6, 5, 6], [6, 8, 5, 6, 6, 7, 6, 8, 8, 8, 6, 8, 5, 9, 8, 8, 7, 6, 8, 5], [9, 8, 9, 9, 7, 9, 5, 5, 5, 6, 7, 7, 5, 5, 6, 6, 9, 7, 7, 6], [8, 8, 6, 8, 8, 7, 6, 9, 9, 8, 5, 7, 7, 8, 7, 8, 5, 7, 9, 6], [5, 7, 8, 7, 9, 8, 8, 9, 9, 8, 8, 9, 6, 9, 5, 6, 7, 8, 7, 8], [7, 5, 9, 6, 6, 6, 8, 9, 5, 7, 5, 8, 5, 6, 8, 8, 8, 8, 6, 9], [9, 6, 5, 8, 6, 9, 8, 7, 5, 7, 8, 6, 6, 9, 8, 9, 6, 5, 6, 9], [7, 6, 5, 8, 5, 7, 6, 5, 9, 5, 5, 6, 5, 5, 9, 9, 6, 8, 6, 5], [5, 9, 5, 6, 7, 9, 9, 5, 9, 9, 6, 7, 8, 8, 6, 6, 5, 8, 5, 5], [8, 7, 7, 9, 6, 7, 6, 9, 6, 6, 7, 9, 8, 6, 5, 6, 5, 6, 8, 8]]
Demand for each product in each period d: 
[[0, 14, 0, 0, 7, 29, 6, 35, 39, 3, 45, 5, 49, 44, 30, 43, 28, 44, 3, 21], [44, 0, 31, 9, 47, 4, 10, 20, 47, 33, 33, 47, 38, 15, 41, 36, 23, 46, 19, 31], [18, 40, 17, 30, 46, 11, 47, 49, 46, 8, 13, 1, 40, 31, 37, 19, 46, 18, 9, 22], [15, 28, 21, 12, 43, 46, 49, 0, 40, 26, 38, 18, 39, 8, 13, 22, 9, 46, 12, 12], [23, 2, 16, 41, 9, 36, 49, 4, 26, 19, 22, 27, 0, 10, 7, 39, 21, 8, 0, 16], [27, 26, 37, 32, 44, 13, 37, 36, 9, 29, 28, 16, 29, 39, 7, 15, 47, 37, 0, 22], [38, 15, 10, 28, 28, 42, 34, 8, 2, 41, 0, 16, 13, 48, 13, 48, 40, 49, 12, 49], [41, 13, 23, 20, 37, 46, 10, 17, 43, 4, 1, 36, 45, 46, 16, 44, 26, 23, 36, 36], [43, 46, 1, 4, 48, 26, 31, 21, 26, 27, 5, 0, 17, 30, 30, 31, 34, 46, 1, 12], [44, 49, 24, 0, 34, 33, 15, 25, 16, 11, 42, 6, 9, 40, 0, 26, 8, 17, 0, 3], [32, 22, 18, 12, 37, 7, 16, 5, 27, 25, 28, 38, 9, 33, 45, 28, 24, 36, 33, 20], [32, 12, 31, 7, 46, 33, 0, 46, 6, 8, 38, 46, 26, 28, 35, 36, 0, 33, 7, 34], [26, 14, 34, 33, 0, 7, 36, 6, 0, 26, 40, 38, 34, 21, 10, 11, 47, 14, 25, 24], [43, 32, 0, 22, 3, 29, 16, 9, 3, 29, 6, 28, 41, 28, 43, 43, 43, 44, 14, 0], [18, 44, 17, 18, 3, 33, 32, 3, 38, 49, 45, 16, 46, 45, 39, 25, 14, 36, 5, 43], [0, 41, 25, 49, 13, 0, 9, 19, 23, 26, 11, 19, 36, 18, 8, 32, 23, 14, 1, 46], [13, 10, 44, 17, 5, 39, 45, 5, 24, 8, 26, 18, 31, 29, 17, 27, 43, 18, 8, 23], [22, 45, 40, 5, 14, 38, 22, 16, 46, 8, 49, 39, 22, 26, 26, 3, 41, 0, 27, 12], [14, 0, 7, 30, 17, 0, 25, 27, 31, 20, 3, 40, 40, 9, 13, 1, 13, 13, 16, 49], [1, 0, 10, 27, 46, 9, 10, 27, 0, 35, 40, 0, 6, 0, 29, 28, 31, 25, 33, 2]]
Maintenance cost in each period m: 
[6040, 3438, 4742, 5287, 6096, 6041, 5045, 2979, 5298, 3507, 4606, 3736, 2872, 4880, 4398, 2491, 2818, 3898, 2443, 3474]
Maximum capacity of the machine cmax: 
960