Set of periods in the planning horizon T: 
15
Set of products P: 
15
Capacity reduction coefficient alpha: 
0.83
Relative decrease of capacity per set up gamma: 
0.28
Capacity reduction coefficient due to product types beta: 
[0.22, 0.39, 0.26, 0.3, 0.21, 0.25, 0.31, 0.36, 0.21, 0.26, 0.33, 0.27, 0.29, 0.32, 0.39]
Fixed production cost of each product in each period f: 
[[834, 797, 761, 667, 886, 621, 700, 870, 719, 690, 900, 892, 787, 909, 604], [845, 559, 816, 958, 556, 601, 886, 754, 781, 544, 867, 980, 952, 588, 822], [595, 902, 821, 688, 877, 978, 611, 771, 518, 875, 575, 950, 651, 626, 570], [717, 555, 854, 675, 916, 827, 969, 976, 809, 607, 881, 564, 563, 938, 811], [996, 653, 722, 948, 867, 941, 986, 546, 788, 767, 673, 542, 579, 805, 802], [860, 768, 716, 579, 812, 901, 828, 929, 832, 695, 863, 717, 806, 926, 726], [904, 649, 509, 849, 762, 838, 995, 670, 848, 670, 629, 542, 608, 645, 570], [971, 828, 515, 647, 690, 896, 751, 764, 500, 604, 924, 623, 846, 508, 916], [539, 717, 774, 720, 642, 800, 680, 702, 539, 997, 933, 899, 955, 783, 518], [670, 788, 500, 837, 866, 804, 524, 567, 629, 756, 723, 733, 547, 902, 582], [790, 537, 980, 985, 991, 838, 718, 932, 761, 695, 994, 686, 617, 594, 800], [916, 753, 623, 795, 663, 601, 797, 861, 843, 792, 844, 810, 595, 556, 856], [666, 534, 742, 629, 747, 858, 884, 567, 775, 838, 776, 609, 819, 841, 570], [894, 590, 914, 876, 861, 731, 915, 756, 903, 998, 848, 671, 664, 681, 662], [584, 790, 823, 777, 836, 624, 628, 883, 755, 946, 762, 677, 817, 805, 755]]
Variable production cost per unit of each product in each period p: 
[[12, 11, 10, 13, 13, 10, 13, 11, 10, 11, 11, 12, 10, 10, 13], [13, 11, 10, 13, 11, 12, 11, 11, 12, 13, 12, 10, 11, 12, 12], [13, 10, 10, 12, 12, 13, 10, 11, 11, 11, 11, 12, 11, 10, 11], [12, 10, 13, 12, 12, 12, 11, 12, 10, 13, 13, 11, 10, 10, 12], [13, 13, 11, 12, 12, 13, 11, 11, 10, 11, 12, 11, 11, 10, 13], [12, 13, 10, 12, 10, 13, 12, 13, 11, 10, 13, 12, 13, 13, 13], [11, 12, 11, 11, 10, 11, 10, 12, 13, 11, 10, 12, 10, 13, 12], [11, 12, 11, 13, 11, 11, 12, 13, 13, 10, 10, 11, 12, 10, 12], [10, 10, 11, 11, 11, 10, 11, 10, 11, 12, 13, 13, 13, 11, 11], [11, 13, 13, 12, 12, 10, 10, 10, 10, 11, 12, 11, 10, 11, 10], [10, 11, 11, 10, 12, 10, 11, 11, 13, 13, 13, 10, 11, 13, 12], [13, 12, 13, 10, 11, 13, 12, 10, 10, 10, 10, 12, 13, 13, 13], [10, 11, 12, 11, 12, 10, 13, 12, 12, 10, 11, 13, 12, 13, 13], [11, 11, 12, 13, 11, 12, 13, 13, 13, 12, 13, 11, 10, 10, 11], [11, 12, 12, 11, 12, 13, 11, 10, 13, 13, 12, 13, 12, 13, 12]]
Inventory holding cost per unit of each product by the end of each period h: 
[[9, 9, 6, 5, 7, 6, 9, 7, 8, 6, 9, 9, 5, 8, 8], [6, 5, 7, 9, 7, 8, 9, 6, 8, 7, 6, 5, 9, 5, 9], [7, 6, 5, 9, 6, 7, 6, 8, 8, 5, 9, 9, 5, 5, 8], [5, 6, 6, 8, 8, 9, 7, 9, 8, 8, 9, 9, 9, 5, 8], [8, 9, 9, 9, 9, 5, 8, 7, 8, 6, 6, 8, 5, 5, 7], [7, 6, 5, 5, 7, 6, 7, 8, 5, 9, 8, 8, 8, 8, 7], [9, 7, 6, 6, 7, 6, 5, 8, 5, 7, 7, 7, 6, 5, 6], [9, 8, 8, 8, 8, 7, 9, 9, 8, 7, 6, 7, 6, 7, 6], [5, 7, 7, 7, 7, 7, 5, 5, 8, 6, 9, 9, 6, 7, 9], [9, 5, 5, 5, 9, 7, 7, 9, 6, 5, 6, 6, 5, 7, 7], [8, 7, 8, 8, 5, 7, 5, 5, 5, 7, 7, 8, 7, 8, 9], [6, 9, 8, 9, 6, 8, 9, 8, 5, 9, 8, 6, 9, 6, 7], [8, 6, 8, 6, 5, 5, 8, 5, 6, 6, 8, 7, 9, 7, 9], [6, 9, 9, 5, 7, 9, 8, 7, 8, 5, 7, 7, 8, 9, 7], [9, 5, 6, 9, 9, 7, 9, 8, 5, 5, 7, 8, 8, 9, 6]]
Demand for each product in each period d: 
[[20, 17, 25, 47, 45, 0, 21, 49, 42, 41, 17, 17, 40, 20, 45], [33, 7, 36, 9, 21, 38, 20, 0, 3, 0, 47, 28, 36, 4, 2], [11, 0, 25, 21, 5, 22, 6, 38, 24, 26, 6, 48, 27, 16, 41], [11, 47, 12, 1, 18, 36, 0, 19, 39, 13, 16, 22, 24, 2, 2], [3, 22, 30, 0, 29, 12, 49, 45, 24, 2, 33, 36, 33, 45, 35], [47, 25, 16, 25, 49, 31, 25, 6, 0, 38, 46, 22, 47, 5, 38], [11, 24, 47, 15, 32, 35, 16, 13, 22, 15, 30, 8, 10, 7, 48], [19, 30, 32, 33, 40, 7, 0, 39, 7, 35, 44, 16, 23, 18, 0], [35, 33, 36, 13, 6, 37, 17, 2, 9, 9, 0, 16, 40, 24, 37], [15, 20, 5, 24, 35, 29, 8, 3, 23, 1, 23, 5, 4, 12, 16], [21, 22, 21, 41, 10, 0, 11, 37, 30, 0, 14, 18, 21, 20, 24], [40, 15, 44, 34, 29, 3, 34, 43, 48, 22, 2, 31, 11, 48, 45], [38, 7, 31, 43, 21, 29, 32, 19, 44, 33, 20, 0, 14, 42, 7], [11, 3, 39, 23, 48, 20, 3, 29, 31, 44, 25, 0, 10, 39, 11], [41, 26, 43, 39, 43, 30, 0, 8, 3, 28, 42, 37, 0, 5, 6]]
Maintenance cost in each period m: 
[1891, 1696, 2056, 4090, 4656, 5323, 4573, 5657, 2160, 2876, 2014, 1867, 4378, 4567, 3976]
Maximum capacity of the machine cmax: 
615