Set of periods in the planning horizon T: 
15
Set of products P: 
15
Capacity reduction coefficient alpha: 
0.86
Relative decrease of capacity per set up gamma: 
0.39
Capacity reduction coefficient due to product types beta: 
[0.22, 0.38, 0.22, 0.23, 0.38, 0.26, 0.22, 0.37, 0.26, 0.32, 0.31, 0.23, 0.38, 0.37, 0.27]
Fixed production cost of each product in each period f: 
[[836, 556, 570, 742, 634, 619, 572, 847, 620, 794, 881, 848, 737, 736, 909], [960, 648, 602, 567, 648, 564, 986, 920, 539, 673, 737, 691, 875, 663, 780], [904, 592, 715, 845, 976, 647, 751, 535, 863, 775, 726, 677, 933, 943, 632], [801, 844, 668, 687, 918, 932, 855, 781, 593, 981, 750, 564, 962, 816, 685], [573, 734, 891, 884, 672, 849, 768, 636, 882, 783, 527, 697, 762, 930, 796], [523, 565, 683, 710, 835, 993, 621, 677, 992, 732, 844, 737, 873, 820, 711], [939, 748, 821, 801, 932, 967, 926, 910, 935, 803, 643, 652, 532, 751, 940], [699, 936, 808, 700, 898, 540, 775, 938, 970, 975, 983, 671, 909, 882, 661], [760, 592, 507, 975, 690, 534, 757, 896, 827, 800, 522, 770, 584, 926, 659], [911, 671, 546, 973, 534, 624, 985, 730, 737, 543, 669, 654, 748, 531, 581], [783, 733, 854, 702, 852, 831, 787, 871, 728, 707, 668, 908, 815, 956, 822], [909, 704, 735, 662, 586, 587, 767, 901, 949, 788, 616, 921, 930, 993, 621], [689, 556, 529, 738, 557, 566, 738, 728, 892, 659, 511, 786, 944, 513, 868], [981, 526, 529, 918, 501, 530, 893, 648, 554, 874, 569, 812, 960, 933, 566], [504, 730, 885, 789, 748, 540, 840, 604, 880, 971, 998, 648, 691, 590, 571]]
Variable production cost per unit of each product in each period p: 
[[10, 10, 12, 10, 12, 11, 12, 11, 13, 12, 11, 11, 10, 11, 12], [12, 10, 12, 11, 10, 11, 13, 13, 13, 12, 13, 11, 12, 10, 13], [10, 10, 10, 11, 13, 12, 10, 13, 12, 12, 12, 12, 10, 11, 11], [12, 11, 12, 10, 11, 12, 12, 13, 11, 10, 12, 12, 11, 10, 12], [12, 10, 10, 13, 10, 11, 13, 11, 12, 11, 10, 11, 11, 13, 13], [10, 12, 11, 13, 12, 11, 11, 11, 13, 13, 10, 10, 12, 12, 12], [10, 13, 11, 12, 10, 12, 12, 12, 13, 10, 11, 13, 12, 10, 13], [10, 12, 11, 11, 12, 11, 12, 11, 12, 13, 12, 12, 13, 10, 10], [12, 12, 11, 12, 13, 12, 11, 13, 12, 13, 11, 11, 10, 13, 12], [11, 10, 11, 13, 13, 13, 13, 11, 12, 11, 13, 12, 11, 10, 11], [11, 12, 11, 13, 10, 11, 13, 13, 11, 11, 11, 11, 11, 13, 12], [10, 11, 13, 11, 11, 10, 10, 12, 11, 10, 11, 11, 13, 10, 10], [13, 10, 13, 11, 10, 12, 10, 13, 12, 12, 11, 10, 11, 12, 10], [11, 11, 10, 10, 11, 12, 13, 12, 11, 11, 11, 13, 11, 11, 13], [11, 13, 11, 13, 11, 11, 13, 11, 10, 11, 13, 12, 12, 13, 12]]
Inventory holding cost per unit of each product by the end of each period h: 
[[5, 5, 9, 9, 7, 7, 5, 9, 5, 6, 5, 7, 9, 8, 6], [9, 8, 7, 9, 8, 5, 5, 7, 7, 6, 8, 7, 8, 6, 8], [8, 5, 7, 6, 9, 9, 6, 7, 9, 7, 7, 6, 7, 7, 5], [7, 5, 7, 7, 5, 8, 6, 8, 5, 5, 5, 9, 6, 8, 8], [5, 8, 6, 6, 7, 9, 8, 5, 7, 7, 6, 7, 8, 5, 6], [6, 7, 8, 9, 6, 8, 5, 5, 5, 7, 8, 8, 5, 7, 6], [9, 6, 9, 5, 7, 6, 7, 7, 9, 9, 6, 6, 7, 6, 6], [9, 8, 9, 6, 5, 5, 9, 8, 9, 8, 7, 8, 7, 9, 8], [5, 9, 6, 7, 9, 7, 8, 8, 5, 6, 9, 8, 5, 7, 5], [5, 8, 6, 6, 8, 8, 9, 6, 7, 5, 5, 8, 6, 9, 5], [5, 8, 7, 7, 5, 8, 7, 9, 6, 9, 5, 8, 7, 9, 9], [5, 7, 8, 5, 9, 8, 5, 7, 7, 6, 6, 7, 8, 6, 6], [8, 9, 5, 9, 5, 6, 7, 9, 7, 5, 5, 8, 8, 8, 6], [9, 7, 9, 7, 9, 5, 7, 5, 6, 9, 7, 7, 5, 8, 6], [8, 6, 6, 7, 8, 9, 7, 9, 7, 6, 7, 5, 5, 5, 7]]
Demand for each product in each period d: 
[[3, 0, 46, 15, 18, 17, 48, 13, 0, 16, 7, 1, 45, 0, 2], [39, 22, 0, 19, 37, 40, 43, 45, 11, 27, 17, 0, 45, 28, 12], [16, 0, 14, 14, 38, 47, 42, 38, 17, 18, 1, 48, 23, 38, 29], [30, 16, 31, 38, 0, 0, 38, 1, 48, 17, 15, 32, 12, 37, 30], [22, 0, 25, 15, 13, 44, 15, 6, 34, 3, 19, 38, 0, 12, 47], [39, 40, 45, 3, 46, 42, 21, 1, 38, 34, 2, 4, 13, 26, 42], [14, 28, 19, 23, 48, 29, 32, 6, 26, 37, 33, 35, 30, 30, 18], [12, 44, 41, 5, 19, 2, 2, 2, 10, 27, 41, 20, 5, 17, 24], [35, 23, 23, 6, 42, 36, 8, 38, 36, 41, 34, 12, 21, 4, 9], [15, 25, 12, 28, 0, 49, 30, 32, 47, 34, 27, 38, 14, 11, 42], [38, 0, 5, 23, 39, 46, 43, 24, 34, 29, 33, 39, 32, 33, 11], [22, 20, 5, 34, 44, 1, 3, 7, 35, 0, 19, 0, 25, 47, 46], [23, 11, 47, 27, 45, 33, 18, 12, 24, 48, 24, 34, 42, 40, 43], [43, 16, 32, 33, 10, 11, 39, 9, 13, 9, 10, 3, 13, 15, 14], [24, 1, 11, 0, 42, 42, 6, 44, 31, 38, 48, 46, 5, 19, 26]]
Maintenance cost in each period m: 
[1839, 4526, 4828, 2524, 3581, 3157, 3156, 2727, 2763, 2470, 1956, 5277, 4171, 4884, 4624]
Maximum capacity of the machine cmax: 
600