Set of periods in the planning horizon T: 
15
Set of products P: 
10
Capacity reduction coefficient alpha: 
0.84
Relative decrease of capacity per set up gamma: 
0.32
Capacity reduction coefficient due to product types beta: 
[0.23, 0.26, 0.3, 0.24, 0.23, 0.4, 0.4, 0.38, 0.24, 0.32]
Fixed production cost of each product in each period f: 
[[851, 668, 721, 757, 822, 665, 656, 599, 938, 583, 679, 594, 878, 894, 891], [564, 619, 614, 689, 698, 505, 612, 533, 624, 807, 573, 677, 909, 994, 891], [588, 613, 716, 980, 670, 927, 983, 830, 612, 997, 860, 635, 991, 660, 735], [736, 930, 633, 776, 625, 604, 656, 951, 766, 738, 886, 725, 813, 591, 538], [522, 538, 752, 926, 629, 615, 510, 903, 634, 665, 958, 705, 559, 860, 962], [719, 877, 858, 815, 950, 984, 954, 722, 624, 590, 661, 588, 503, 888, 703], [947, 867, 949, 795, 862, 664, 796, 737, 953, 899, 911, 709, 824, 684, 898], [721, 565, 978, 882, 523, 596, 698, 518, 562, 836, 712, 817, 541, 799, 892], [725, 588, 781, 826, 671, 819, 504, 601, 821, 792, 953, 600, 520, 712, 917], [745, 977, 895, 974, 836, 510, 951, 807, 524, 882, 894, 617, 924, 859, 955]]
Variable production cost per unit of each product in each period p: 
[[10, 10, 12, 10, 12, 12, 12, 13, 13, 11, 11, 11, 10, 13, 13], [10, 11, 13, 13, 13, 11, 12, 13, 13, 12, 13, 13, 11, 10, 11], [12, 12, 12, 11, 12, 10, 11, 12, 11, 12, 11, 13, 12, 11, 11], [13, 13, 10, 11, 13, 10, 11, 11, 12, 13, 10, 12, 13, 12, 10], [13, 10, 10, 13, 12, 13, 13, 12, 10, 12, 10, 10, 10, 12, 10], [12, 12, 11, 11, 13, 10, 10, 10, 13, 10, 13, 12, 12, 13, 12], [12, 12, 10, 11, 12, 10, 12, 10, 10, 12, 12, 12, 10, 13, 10], [13, 12, 10, 13, 10, 12, 11, 13, 10, 11, 13, 10, 13, 11, 10], [13, 10, 13, 13, 12, 10, 10, 13, 12, 13, 10, 10, 12, 11, 13], [10, 12, 11, 11, 10, 11, 11, 13, 12, 12, 10, 13, 12, 13, 11]]
Inventory holding cost per unit of each product by the end of each period h: 
[[6, 9, 8, 6, 7, 8, 6, 9, 6, 7, 8, 9, 5, 5, 7], [6, 8, 6, 9, 5, 7, 7, 5, 6, 6, 9, 8, 8, 9, 5], [8, 7, 6, 8, 9, 7, 6, 6, 6, 8, 8, 8, 7, 7, 6], [9, 6, 7, 5, 8, 5, 9, 6, 9, 7, 9, 8, 8, 9, 6], [8, 7, 8, 6, 5, 6, 8, 5, 5, 8, 6, 6, 6, 9, 8], [7, 8, 6, 5, 9, 8, 9, 8, 6, 7, 5, 7, 7, 5, 6], [9, 8, 5, 5, 9, 7, 7, 6, 8, 8, 7, 5, 7, 9, 6], [6, 8, 8, 5, 8, 5, 8, 9, 7, 8, 5, 9, 8, 6, 8], [8, 8, 9, 6, 6, 7, 6, 9, 6, 8, 9, 6, 6, 8, 5], [7, 7, 9, 7, 6, 6, 8, 5, 5, 7, 7, 8, 7, 7, 5]]
Demand for each product in each period d: 
[[14, 37, 34, 0, 15, 49, 7, 16, 42, 13, 36, 0, 43, 20, 16], [18, 19, 28, 0, 24, 35, 18, 25, 21, 9, 18, 27, 4, 21, 31], [21, 36, 0, 42, 41, 25, 27, 11, 9, 22, 0, 30, 49, 10, 29], [17, 0, 49, 0, 3, 42, 37, 35, 1, 10, 15, 45, 8, 29, 41], [6, 30, 21, 46, 9, 22, 26, 45, 47, 39, 10, 48, 38, 2, 14], [33, 45, 4, 12, 42, 47, 35, 26, 8, 30, 6, 0, 13, 32, 34], [45, 42, 29, 29, 34, 32, 33, 17, 38, 28, 18, 0, 39, 16, 28], [22, 7, 29, 38, 34, 15, 29, 13, 30, 39, 17, 39, 49, 17, 21], [11, 15, 39, 4, 7, 1, 0, 2, 36, 5, 14, 43, 30, 0, 29], [0, 44, 0, 43, 48, 31, 46, 20, 9, 14, 0, 7, 34, 26, 15]]
Maintenance cost in each period m: 
[4100, 3800, 5030, 5422, 3478, 1508, 4513, 2829, 2961, 1469, 1453, 3233, 2672, 1614, 3416]
Maximum capacity of the machine cmax: 
460