Set of periods in the planning horizon T: 
15
Set of products P: 
15
Capacity reduction coefficient alpha: 
0.63
Relative decrease of capacity per set up gamma: 
0.34
Capacity reduction coefficient due to product types beta: 
[0.27, 0.27, 0.26, 0.3, 0.25, 0.36, 0.24, 0.35, 0.32, 0.29, 0.3, 0.24, 0.34, 0.37, 0.36]
Fixed production cost of each product in each period f: 
[[929, 819, 779, 907, 750, 632, 617, 691, 878, 631, 561, 598, 548, 787, 901], [679, 876, 778, 946, 849, 908, 819, 538, 869, 763, 753, 636, 947, 894, 731], [897, 670, 635, 590, 631, 965, 586, 702, 916, 827, 736, 874, 849, 708, 580], [890, 806, 756, 732, 853, 614, 781, 724, 893, 899, 840, 809, 689, 620, 768], [816, 901, 526, 923, 771, 508, 752, 738, 688, 513, 683, 811, 882, 562, 693], [752, 937, 870, 595, 849, 815, 786, 753, 936, 907, 923, 541, 686, 562, 906], [525, 794, 502, 907, 906, 528, 880, 583, 779, 610, 801, 592, 621, 919, 778], [996, 660, 825, 545, 667, 789, 574, 879, 916, 756, 992, 517, 607, 821, 552], [525, 953, 519, 841, 872, 788, 965, 909, 926, 962, 764, 625, 865, 531, 550], [864, 709, 545, 760, 757, 712, 771, 887, 739, 588, 883, 721, 767, 997, 609], [617, 519, 719, 675, 690, 576, 974, 614, 660, 755, 704, 580, 880, 925, 640], [724, 832, 810, 691, 560, 607, 526, 993, 754, 898, 673, 819, 746, 931, 779], [801, 642, 699, 676, 502, 519, 580, 984, 708, 738, 953, 938, 574, 541, 511], [848, 750, 874, 815, 939, 648, 689, 933, 510, 694, 551, 837, 912, 864, 902], [757, 681, 834, 977, 996, 500, 717, 769, 917, 633, 585, 876, 780, 685, 823]]
Variable production cost per unit of each product in each period p: 
[[13, 11, 12, 10, 12, 13, 11, 10, 13, 13, 10, 10, 13, 13, 11], [12, 13, 13, 11, 12, 10, 12, 13, 12, 13, 10, 13, 13, 10, 13], [12, 11, 11, 11, 11, 13, 10, 10, 12, 13, 13, 12, 13, 10, 10], [11, 10, 11, 12, 13, 10, 12, 12, 10, 10, 11, 10, 11, 13, 13], [10, 10, 12, 12, 11, 11, 11, 10, 12, 12, 13, 11, 11, 10, 10], [10, 12, 10, 13, 10, 12, 12, 12, 10, 12, 12, 12, 11, 13, 13], [10, 13, 11, 12, 13, 10, 11, 10, 11, 12, 11, 10, 12, 10, 10], [13, 11, 13, 11, 13, 13, 12, 10, 10, 11, 13, 13, 12, 10, 10], [13, 10, 10, 10, 11, 11, 10, 12, 10, 11, 10, 11, 10, 10, 10], [11, 13, 13, 12, 12, 13, 11, 10, 10, 12, 11, 12, 13, 10, 11], [13, 13, 13, 13, 11, 10, 10, 12, 13, 10, 12, 13, 13, 12, 10], [13, 13, 13, 12, 12, 10, 10, 12, 11, 13, 13, 10, 13, 12, 11], [12, 13, 10, 13, 12, 12, 13, 13, 10, 10, 13, 13, 10, 11, 11], [12, 10, 11, 11, 12, 11, 11, 11, 12, 11, 13, 10, 12, 12, 13], [13, 10, 11, 13, 10, 11, 10, 12, 12, 10, 10, 11, 13, 12, 10]]
Inventory holding cost per unit of each product by the end of each period h: 
[[9, 7, 7, 6, 6, 5, 9, 5, 9, 5, 5, 6, 7, 5, 6], [5, 7, 5, 7, 6, 8, 9, 5, 7, 7, 5, 7, 8, 7, 6], [7, 6, 6, 5, 5, 8, 5, 9, 9, 5, 6, 5, 9, 9, 5], [8, 5, 5, 9, 7, 5, 8, 5, 8, 9, 9, 8, 5, 6, 8], [7, 5, 7, 6, 6, 9, 9, 6, 9, 8, 8, 6, 5, 8, 8], [9, 9, 8, 6, 7, 8, 5, 9, 7, 5, 7, 6, 7, 6, 7], [7, 7, 6, 7, 7, 9, 6, 5, 6, 7, 6, 7, 9, 8, 8], [9, 6, 8, 8, 5, 6, 9, 5, 6, 7, 6, 6, 7, 9, 5], [8, 9, 6, 8, 7, 5, 7, 8, 8, 9, 6, 9, 6, 8, 5], [8, 8, 8, 7, 9, 5, 6, 8, 8, 6, 6, 9, 6, 9, 5], [6, 6, 9, 6, 9, 6, 6, 9, 8, 7, 6, 6, 6, 8, 8], [6, 9, 7, 5, 9, 6, 9, 6, 6, 5, 6, 9, 5, 7, 6], [9, 7, 5, 5, 9, 8, 7, 7, 6, 5, 5, 6, 8, 9, 5], [9, 6, 7, 7, 5, 6, 5, 6, 5, 6, 9, 5, 9, 7, 7], [9, 6, 5, 7, 7, 8, 7, 9, 9, 9, 8, 9, 6, 9, 8]]
Demand for each product in each period d: 
[[35, 49, 33, 17, 14, 9, 12, 36, 5, 7, 13, 12, 45, 1, 0], [0, 2, 6, 26, 41, 14, 27, 46, 21, 16, 42, 33, 0, 15, 9], [22, 9, 18, 18, 13, 15, 13, 45, 14, 33, 0, 13, 48, 4, 20], [41, 22, 35, 35, 48, 7, 40, 36, 28, 16, 19, 3, 18, 11, 27], [3, 46, 0, 15, 16, 38, 16, 33, 1, 38, 9, 0, 1, 30, 11], [28, 8, 29, 15, 47, 8, 14, 49, 41, 32, 38, 45, 29, 34, 10], [15, 0, 7, 17, 39, 3, 21, 29, 6, 24, 18, 0, 44, 49, 13], [46, 49, 48, 38, 0, 33, 2, 11, 15, 19, 44, 28, 24, 17, 0], [41, 47, 45, 46, 10, 21, 30, 3, 28, 20, 2, 0, 3, 11, 37], [44, 46, 26, 14, 32, 27, 1, 43, 2, 4, 25, 14, 46, 1, 0], [37, 45, 18, 24, 22, 46, 23, 11, 13, 23, 24, 14, 0, 24, 12], [22, 36, 43, 17, 42, 17, 2, 44, 1, 9, 45, 49, 42, 23, 0], [36, 14, 38, 29, 33, 35, 42, 43, 15, 25, 26, 10, 43, 43, 30], [11, 20, 48, 31, 13, 37, 17, 29, 0, 3, 49, 18, 23, 23, 5], [19, 9, 47, 23, 36, 37, 13, 22, 27, 27, 0, 18, 46, 6, 22]]
Maintenance cost in each period m: 
[4471, 3946, 3927, 4818, 2293, 3699, 2789, 2655, 3064, 3463, 3186, 2574, 4550, 3112, 4234]
Maximum capacity of the machine cmax: 
690