Set of periods in the planning horizon T: 
20
Set of products P: 
15
Capacity reduction coefficient alpha: 
0.76
Relative decrease of capacity per set up gamma: 
0.35
Capacity reduction coefficient due to product types beta: 
[0.21, 0.37, 0.36, 0.28, 0.26, 0.31, 0.27, 0.23, 0.24, 0.31, 0.24, 0.35, 0.32, 0.31, 0.21]
Fixed production cost of each product in each period f: 
[[905, 661, 771, 823, 651, 912, 501, 712, 957, 907, 586, 968, 594, 534, 945, 539, 630, 687, 576, 825], [671, 734, 573, 513, 786, 831, 818, 881, 533, 919, 623, 561, 622, 974, 821, 637, 725, 592, 737, 971], [895, 714, 749, 607, 973, 622, 733, 501, 674, 607, 997, 564, 544, 580, 835, 710, 849, 757, 547, 874], [559, 879, 559, 786, 904, 920, 936, 922, 588, 920, 731, 879, 746, 907, 807, 727, 810, 912, 641, 984], [564, 701, 603, 739, 965, 614, 679, 584, 684, 758, 822, 754, 998, 681, 525, 641, 845, 597, 584, 787], [819, 577, 989, 817, 670, 989, 645, 667, 713, 904, 819, 711, 687, 610, 909, 747, 863, 698, 896, 920], [596, 764, 896, 953, 591, 550, 508, 717, 646, 929, 676, 796, 537, 531, 852, 505, 912, 766, 779, 584], [584, 509, 906, 923, 720, 504, 728, 846, 737, 662, 666, 918, 747, 923, 524, 737, 515, 805, 532, 657], [530, 562, 642, 830, 730, 816, 501, 805, 928, 903, 789, 508, 895, 533, 551, 611, 910, 740, 789, 676], [715, 861, 677, 694, 587, 673, 742, 565, 677, 508, 728, 946, 595, 659, 500, 868, 735, 730, 828, 989], [687, 914, 980, 654, 542, 576, 892, 752, 959, 923, 613, 610, 914, 943, 612, 859, 976, 825, 544, 868], [699, 636, 573, 539, 670, 541, 681, 671, 649, 529, 547, 615, 919, 987, 789, 545, 820, 782, 822, 503], [887, 521, 870, 944, 775, 663, 813, 846, 791, 702, 703, 850, 656, 851, 700, 685, 829, 950, 987, 600], [932, 769, 605, 537, 666, 971, 946, 965, 745, 564, 893, 958, 555, 549, 908, 754, 700, 741, 982, 667], [569, 586, 888, 687, 943, 751, 813, 853, 588, 541, 952, 581, 946, 741, 853, 775, 690, 771, 509, 640]]
Variable production cost per unit of each product in each period p: 
[[10, 12, 12, 10, 11, 13, 13, 10, 10, 13, 10, 11, 12, 10, 13, 10, 11, 12, 13, 10], [12, 11, 13, 11, 11, 11, 10, 10, 11, 13, 12, 12, 12, 11, 11, 10, 11, 10, 10, 11], [10, 10, 10, 10, 11, 12, 11, 12, 10, 10, 12, 11, 12, 12, 12, 11, 10, 12, 11, 13], [13, 13, 12, 12, 12, 13, 11, 13, 12, 12, 10, 12, 10, 13, 11, 13, 12, 12, 13, 11], [13, 11, 13, 12, 13, 11, 13, 11, 10, 11, 13, 13, 10, 12, 13, 12, 10, 13, 11, 12], [10, 10, 11, 12, 13, 11, 12, 10, 13, 10, 13, 11, 11, 12, 10, 10, 10, 11, 11, 13], [10, 13, 13, 11, 13, 10, 11, 10, 11, 12, 10, 13, 10, 10, 11, 13, 13, 13, 10, 13], [13, 13, 11, 12, 13, 11, 13, 13, 13, 11, 12, 13, 10, 10, 11, 11, 13, 12, 13, 10], [11, 11, 11, 12, 13, 12, 10, 10, 10, 13, 13, 13, 12, 13, 11, 12, 10, 13, 10, 12], [10, 12, 10, 13, 13, 11, 12, 11, 10, 10, 12, 10, 12, 11, 11, 12, 12, 10, 11, 10], [13, 13, 12, 10, 11, 13, 13, 12, 11, 12, 13, 10, 12, 10, 12, 10, 11, 10, 10, 13], [12, 12, 12, 13, 10, 13, 11, 10, 11, 10, 13, 11, 13, 10, 12, 10, 11, 11, 13, 10], [12, 11, 10, 10, 12, 13, 12, 10, 11, 13, 11, 13, 11, 12, 13, 11, 12, 10, 10, 10], [10, 12, 13, 11, 13, 10, 12, 12, 11, 12, 13, 11, 12, 13, 12, 12, 13, 11, 11, 12], [10, 11, 13, 13, 13, 13, 12, 11, 13, 12, 12, 11, 11, 13, 13, 12, 13, 11, 13, 11]]
Inventory holding cost per unit of each product by the end of each period h: 
[[7, 8, 9, 7, 7, 9, 6, 9, 8, 9, 8, 8, 8, 9, 5, 6, 6, 6, 6, 5], [8, 7, 6, 7, 7, 9, 8, 9, 7, 8, 9, 9, 5, 6, 8, 8, 7, 7, 7, 5], [7, 8, 7, 6, 7, 9, 5, 7, 9, 9, 8, 7, 8, 5, 7, 6, 7, 9, 9, 7], [7, 7, 6, 6, 9, 8, 6, 8, 8, 6, 8, 5, 6, 9, 7, 8, 6, 7, 9, 6], [6, 7, 8, 7, 9, 8, 5, 7, 9, 9, 5, 8, 6, 6, 7, 8, 5, 8, 8, 5], [6, 5, 6, 7, 6, 6, 7, 6, 6, 7, 6, 6, 6, 7, 5, 9, 6, 9, 5, 6], [9, 7, 7, 6, 8, 6, 6, 8, 5, 9, 7, 8, 7, 8, 5, 7, 5, 5, 8, 7], [5, 9, 7, 6, 7, 6, 5, 9, 9, 7, 7, 5, 9, 9, 8, 6, 8, 5, 6, 6], [6, 9, 7, 7, 9, 6, 7, 7, 6, 5, 6, 5, 5, 9, 9, 9, 5, 6, 8, 8], [7, 5, 8, 8, 5, 5, 6, 7, 6, 8, 8, 7, 6, 9, 5, 7, 6, 9, 6, 8], [8, 8, 6, 6, 5, 9, 9, 8, 9, 7, 9, 9, 5, 6, 5, 7, 9, 8, 6, 9], [7, 9, 9, 7, 9, 7, 8, 7, 6, 9, 5, 5, 5, 7, 9, 8, 9, 9, 8, 5], [7, 5, 9, 6, 8, 8, 8, 8, 7, 5, 8, 9, 9, 6, 5, 7, 5, 6, 9, 9], [8, 8, 8, 5, 7, 8, 7, 7, 9, 6, 5, 7, 8, 6, 5, 5, 9, 9, 9, 7], [5, 8, 8, 8, 5, 7, 9, 8, 5, 9, 9, 7, 8, 7, 7, 9, 7, 5, 5, 8]]
Demand for each product in each period d: 
[[43, 3, 4, 33, 35, 19, 12, 24, 14, 4, 10, 32, 18, 34, 49, 35, 11, 37, 24, 9], [29, 8, 0, 40, 29, 37, 11, 22, 37, 24, 17, 42, 18, 45, 49, 0, 25, 13, 47, 46], [15, 2, 25, 25, 2, 8, 8, 9, 4, 45, 2, 33, 5, 6, 6, 27, 40, 48, 22, 12], [9, 14, 47, 33, 47, 4, 41, 12, 4, 39, 17, 42, 28, 7, 1, 48, 26, 28, 3, 22], [39, 12, 19, 13, 29, 4, 15, 12, 28, 5, 38, 31, 13, 7, 16, 6, 24, 34, 46, 39], [44, 34, 0, 17, 6, 25, 0, 22, 48, 42, 30, 36, 11, 25, 30, 2, 39, 42, 44, 49], [7, 35, 11, 22, 1, 22, 2, 46, 2, 3, 39, 13, 19, 13, 25, 28, 20, 10, 1, 27], [28, 7, 4, 43, 10, 26, 12, 32, 7, 49, 28, 20, 48, 40, 38, 15, 36, 5, 14, 38], [43, 44, 12, 37, 16, 36, 19, 21, 34, 42, 0, 39, 48, 22, 47, 8, 20, 8, 42, 38], [47, 11, 19, 0, 31, 27, 14, 9, 25, 49, 42, 36, 4, 3, 31, 48, 2, 0, 25, 39], [39, 19, 18, 24, 2, 0, 14, 30, 7, 46, 47, 20, 27, 25, 6, 18, 0, 9, 33, 31], [7, 6, 0, 24, 46, 44, 45, 6, 19, 37, 46, 47, 40, 48, 39, 2, 29, 24, 26, 49], [39, 46, 5, 31, 23, 43, 4, 8, 9, 25, 25, 28, 3, 19, 46, 22, 11, 45, 7, 6], [12, 14, 37, 19, 25, 22, 22, 27, 25, 27, 39, 0, 41, 24, 12, 3, 22, 45, 25, 31], [8, 28, 7, 46, 4, 29, 16, 0, 28, 36, 16, 0, 36, 6, 27, 16, 25, 25, 45, 10]]
Maintenance cost in each period m: 
[4302, 4403, 1982, 4359, 4819, 4541, 3569, 4899, 3827, 5309, 4985, 3992, 4716, 5655, 2717, 4439, 2178, 5551, 4453, 2206]
Maximum capacity of the machine cmax: 
615