Set of periods in the planning horizon T: 
10
Set of products P: 
10
Capacity reduction coefficient alpha: 
0.63
Relative decrease of capacity per set up gamma: 
0.27
Capacity reduction coefficient due to product types beta: 
[0.28, 0.33, 0.35, 0.29, 0.3, 0.25, 0.25, 0.32, 0.31, 0.39]
Fixed production cost of each product in each period f: 
[[848, 926, 757, 981, 776, 715, 822, 647, 779, 705], [985, 999, 649, 596, 813, 867, 677, 535, 995, 886], [898, 709, 599, 973, 598, 965, 577, 529, 878, 567], [851, 793, 936, 604, 680, 974, 500, 877, 587, 860], [739, 807, 992, 913, 523, 946, 887, 840, 767, 644], [758, 892, 690, 893, 967, 640, 590, 814, 910, 793], [804, 733, 541, 911, 754, 716, 627, 839, 958, 559], [637, 761, 740, 603, 728, 900, 822, 883, 883, 702], [528, 922, 680, 501, 946, 813, 831, 806, 743, 879], [926, 791, 736, 767, 693, 674, 949, 887, 965, 768]]
Variable production cost per unit of each product in each period p: 
[[10, 11, 12, 12, 11, 10, 12, 12, 11, 10], [10, 12, 11, 13, 12, 11, 11, 13, 11, 13], [13, 12, 13, 10, 11, 13, 12, 11, 13, 11], [12, 13, 13, 11, 13, 13, 13, 12, 10, 13], [11, 11, 13, 10, 11, 11, 13, 12, 10, 11], [11, 12, 12, 13, 13, 10, 11, 10, 11, 13], [11, 12, 12, 11, 10, 13, 12, 11, 11, 10], [11, 11, 12, 12, 10, 10, 12, 13, 10, 10], [11, 13, 11, 13, 13, 10, 10, 10, 10, 12], [13, 12, 13, 10, 11, 11, 12, 12, 11, 11]]
Inventory holding cost per unit of each product by the end of each period h: 
[[8, 8, 7, 9, 8, 6, 9, 7, 6, 9], [9, 9, 6, 8, 9, 8, 9, 7, 9, 9], [6, 9, 7, 6, 8, 9, 7, 6, 7, 8], [5, 5, 6, 8, 8, 8, 6, 5, 9, 5], [8, 8, 7, 6, 9, 9, 6, 6, 5, 6], [6, 6, 7, 5, 5, 6, 5, 7, 9, 6], [9, 5, 5, 7, 7, 5, 5, 9, 5, 5], [6, 7, 7, 5, 5, 9, 5, 7, 6, 5], [7, 5, 9, 5, 5, 7, 5, 5, 6, 6], [5, 8, 5, 6, 7, 9, 6, 5, 7, 6]]
Demand for each product in each period d: 
[[20, 19, 49, 0, 42, 8, 33, 29, 12, 30], [33, 5, 23, 21, 41, 39, 11, 5, 5, 20], [36, 12, 34, 21, 32, 11, 22, 18, 1, 11], [45, 26, 4, 23, 0, 22, 20, 28, 44, 16], [42, 6, 39, 25, 36, 41, 35, 17, 32, 15], [20, 25, 37, 25, 5, 46, 13, 8, 6, 39], [1, 22, 23, 28, 18, 47, 18, 31, 41, 1], [3, 18, 36, 14, 49, 46, 45, 2, 32, 31], [31, 33, 41, 30, 33, 7, 4, 39, 16, 10], [7, 7, 0, 4, 42, 40, 9, 3, 28, 14]]
Maintenance cost in each period m: 
[3066, 4570, 2359, 3987, 3619, 2229, 3615, 1862, 4865, 4828]
Maximum capacity of the machine cmax: 
410