Set of periods in the planning horizon T: 
15
Set of products P: 
15
Capacity reduction coefficient alpha: 
0.87
Relative decrease of capacity per set up gamma: 
0.38
Capacity reduction coefficient due to product types beta: 
[0.23, 0.3, 0.22, 0.21, 0.2, 0.37, 0.37, 0.3, 0.35, 0.35, 0.22, 0.22, 0.3, 0.38, 0.31]
Fixed production cost of each product in each period f: 
[[948, 825, 790, 898, 778, 784, 784, 594, 837, 571, 572, 600, 709, 555, 972], [727, 764, 617, 680, 839, 760, 761, 637, 866, 551, 991, 777, 713, 613, 811], [851, 629, 748, 643, 505, 773, 741, 608, 958, 645, 751, 770, 529, 660, 902], [757, 610, 807, 923, 668, 682, 711, 665, 788, 824, 673, 515, 563, 888, 940], [814, 629, 766, 562, 707, 970, 564, 724, 609, 969, 921, 593, 614, 659, 626], [567, 606, 541, 613, 536, 877, 714, 919, 964, 638, 603, 990, 837, 684, 739], [952, 625, 558, 805, 881, 928, 793, 797, 748, 936, 531, 724, 556, 755, 949], [959, 834, 766, 798, 642, 502, 697, 669, 865, 829, 793, 653, 761, 541, 776], [566, 795, 769, 695, 591, 665, 897, 766, 672, 735, 792, 534, 583, 716, 823], [696, 872, 836, 659, 792, 879, 578, 761, 509, 812, 969, 511, 687, 835, 887], [838, 976, 801, 894, 632, 654, 624, 599, 701, 588, 753, 898, 514, 728, 943], [809, 734, 665, 513, 802, 865, 658, 793, 936, 547, 870, 769, 587, 754, 853], [951, 958, 977, 629, 746, 579, 901, 939, 849, 552, 897, 998, 710, 800, 841], [726, 574, 951, 827, 722, 605, 815, 941, 934, 824, 960, 931, 696, 833, 878], [620, 978, 877, 854, 807, 896, 532, 732, 837, 525, 518, 635, 729, 762, 836]]
Variable production cost per unit of each product in each period p: 
[[13, 13, 12, 13, 10, 10, 11, 13, 12, 10, 10, 11, 13, 13, 13], [10, 13, 11, 11, 10, 13, 13, 13, 12, 13, 13, 13, 11, 12, 11], [12, 10, 13, 12, 10, 10, 11, 10, 12, 13, 11, 13, 11, 12, 13], [11, 13, 13, 12, 12, 12, 12, 10, 10, 13, 11, 10, 12, 11, 11], [13, 12, 13, 11, 11, 11, 12, 11, 12, 10, 10, 12, 11, 11, 12], [12, 13, 10, 11, 11, 13, 13, 12, 12, 13, 13, 12, 10, 12, 11], [10, 13, 10, 10, 11, 13, 13, 13, 10, 13, 11, 10, 11, 13, 11], [11, 10, 13, 10, 10, 10, 11, 13, 13, 10, 11, 13, 11, 13, 13], [11, 11, 10, 13, 13, 12, 12, 10, 12, 13, 12, 13, 10, 13, 12], [12, 12, 11, 12, 10, 11, 13, 13, 10, 10, 12, 11, 13, 10, 11], [13, 12, 10, 11, 12, 12, 13, 10, 12, 11, 13, 10, 10, 13, 13], [13, 10, 13, 11, 10, 13, 10, 13, 13, 12, 12, 12, 11, 11, 13], [13, 11, 12, 10, 11, 13, 12, 11, 12, 13, 12, 12, 11, 11, 10], [11, 11, 12, 13, 11, 13, 11, 12, 10, 10, 13, 11, 13, 10, 11], [10, 13, 11, 11, 12, 12, 12, 12, 12, 13, 12, 13, 10, 10, 12]]
Inventory holding cost per unit of each product by the end of each period h: 
[[6, 5, 8, 8, 8, 6, 6, 9, 7, 8, 5, 9, 7, 8, 8], [8, 8, 8, 5, 6, 5, 9, 7, 7, 5, 8, 6, 7, 5, 8], [6, 5, 6, 8, 5, 8, 5, 7, 9, 8, 7, 6, 6, 6, 7], [7, 6, 7, 5, 5, 6, 8, 6, 9, 5, 8, 6, 7, 7, 5], [7, 8, 9, 9, 9, 7, 8, 6, 8, 6, 5, 5, 8, 5, 6], [7, 8, 5, 8, 9, 7, 7, 5, 8, 9, 7, 6, 9, 7, 7], [6, 6, 8, 9, 5, 7, 7, 5, 8, 6, 7, 7, 6, 8, 9], [5, 5, 7, 9, 5, 5, 7, 7, 8, 5, 9, 7, 9, 7, 9], [5, 9, 9, 8, 5, 9, 8, 8, 6, 7, 6, 7, 9, 5, 9], [8, 9, 8, 8, 7, 6, 5, 5, 8, 8, 7, 9, 7, 9, 6], [6, 9, 9, 5, 6, 8, 6, 6, 8, 5, 9, 5, 5, 9, 8], [5, 7, 5, 7, 8, 8, 8, 8, 7, 5, 9, 6, 5, 9, 5], [8, 5, 6, 5, 6, 6, 7, 9, 6, 9, 8, 7, 5, 8, 8], [6, 5, 5, 8, 9, 5, 6, 5, 7, 6, 5, 5, 6, 9, 9], [6, 8, 6, 7, 9, 6, 9, 7, 9, 7, 8, 5, 9, 8, 5]]
Demand for each product in each period d: 
[[0, 23, 33, 0, 39, 27, 39, 49, 4, 29, 9, 19, 0, 39, 0], [48, 44, 39, 35, 44, 12, 38, 19, 27, 39, 4, 12, 18, 0, 18], [9, 41, 1, 0, 35, 44, 14, 37, 0, 17, 29, 30, 9, 34, 0], [7, 32, 4, 11, 8, 30, 23, 42, 9, 0, 42, 48, 40, 12, 29], [5, 9, 1, 33, 1, 4, 6, 38, 8, 10, 42, 0, 31, 20, 38], [18, 12, 0, 6, 20, 45, 35, 16, 0, 41, 0, 24, 10, 31, 8], [48, 44, 0, 34, 7, 13, 27, 19, 6, 23, 17, 37, 47, 18, 8], [6, 32, 47, 12, 46, 23, 0, 28, 5, 41, 46, 43, 7, 31, 23], [13, 24, 5, 28, 47, 7, 39, 12, 28, 28, 40, 37, 35, 8, 45], [16, 17, 9, 0, 43, 16, 13, 42, 7, 0, 5, 35, 31, 46, 3], [29, 45, 6, 16, 0, 49, 27, 25, 37, 28, 24, 34, 4, 11, 30], [11, 38, 0, 0, 49, 44, 27, 37, 32, 21, 7, 9, 25, 24, 44], [30, 40, 34, 0, 38, 31, 12, 28, 0, 21, 38, 18, 5, 6, 28], [33, 37, 33, 47, 13, 12, 5, 10, 35, 5, 25, 19, 46, 45, 36], [37, 0, 19, 16, 20, 47, 20, 48, 28, 38, 14, 14, 1, 27, 3]]
Maintenance cost in each period m: 
[4216, 3995, 3279, 2613, 4208, 4034, 4804, 2908, 1747, 2556, 2766, 1758, 2683, 1721, 3047]
Maximum capacity of the machine cmax: 
675