Set of periods in the planning horizon T: 
15
Set of products P: 
10
Capacity reduction coefficient alpha: 
0.65
Relative decrease of capacity per set up gamma: 
0.28
Capacity reduction coefficient due to product types beta: 
[0.31, 0.35, 0.24, 0.27, 0.38, 0.38, 0.29, 0.28, 0.26, 0.29]
Fixed production cost of each product in each period f: 
[[873, 759, 991, 839, 875, 636, 964, 923, 503, 804, 659, 595, 775, 866, 640], [999, 817, 917, 948, 668, 860, 823, 719, 561, 982, 621, 610, 702, 565, 930], [901, 868, 536, 803, 605, 651, 773, 852, 862, 870, 755, 589, 606, 831, 705], [721, 670, 739, 786, 652, 582, 543, 919, 562, 713, 530, 858, 874, 938, 555], [836, 503, 990, 840, 701, 508, 628, 776, 614, 710, 530, 758, 995, 632, 552], [809, 680, 993, 990, 939, 532, 711, 951, 972, 979, 547, 940, 553, 529, 537], [548, 849, 775, 642, 691, 936, 521, 725, 843, 955, 989, 979, 691, 790, 511], [980, 871, 795, 602, 901, 978, 860, 663, 729, 961, 606, 882, 946, 782, 525], [628, 700, 903, 636, 878, 602, 647, 701, 879, 795, 734, 533, 952, 880, 934], [764, 665, 861, 745, 997, 621, 680, 852, 973, 683, 742, 582, 798, 830, 552]]
Variable production cost per unit of each product in each period p: 
[[11, 11, 13, 10, 11, 11, 12, 13, 12, 12, 13, 11, 11, 12, 10], [12, 10, 11, 13, 11, 10, 10, 13, 11, 13, 10, 10, 11, 12, 10], [11, 10, 11, 13, 10, 13, 13, 11, 13, 13, 12, 11, 10, 11, 12], [12, 13, 11, 11, 10, 11, 12, 10, 11, 11, 13, 12, 11, 11, 12], [11, 12, 11, 10, 11, 11, 13, 13, 12, 10, 10, 13, 13, 11, 11], [12, 11, 10, 10, 12, 12, 10, 13, 12, 13, 12, 11, 10, 12, 11], [13, 13, 10, 12, 10, 11, 13, 13, 10, 10, 10, 13, 11, 11, 13], [10, 13, 11, 12, 12, 10, 12, 10, 12, 12, 11, 10, 10, 11, 10], [12, 13, 13, 13, 12, 11, 11, 13, 13, 11, 10, 11, 12, 12, 11], [10, 12, 12, 11, 10, 10, 10, 13, 12, 10, 13, 10, 10, 13, 13]]
Inventory holding cost per unit of each product by the end of each period h: 
[[5, 9, 7, 9, 9, 8, 9, 5, 8, 7, 6, 7, 5, 5, 5], [8, 5, 7, 6, 7, 8, 6, 7, 9, 5, 7, 9, 6, 5, 9], [6, 5, 9, 7, 7, 7, 9, 8, 6, 7, 5, 7, 9, 5, 7], [5, 7, 7, 5, 9, 7, 6, 9, 9, 6, 6, 5, 7, 5, 7], [5, 9, 7, 7, 5, 7, 8, 5, 9, 7, 9, 6, 6, 6, 8], [7, 6, 8, 5, 6, 8, 8, 7, 8, 9, 9, 7, 9, 9, 9], [7, 8, 8, 5, 7, 6, 7, 8, 6, 7, 9, 5, 9, 5, 8], [7, 9, 9, 6, 7, 7, 8, 9, 8, 7, 9, 6, 5, 8, 6], [9, 6, 8, 9, 8, 7, 9, 6, 8, 7, 9, 5, 6, 6, 9], [5, 5, 9, 5, 5, 5, 9, 6, 9, 8, 6, 5, 6, 7, 7]]
Demand for each product in each period d: 
[[40, 18, 1, 20, 13, 5, 15, 31, 9, 3, 43, 5, 43, 47, 18], [20, 29, 36, 2, 47, 5, 40, 43, 17, 14, 42, 0, 46, 7, 45], [6, 22, 4, 30, 7, 39, 39, 27, 3, 6, 17, 34, 9, 28, 11], [48, 48, 9, 15, 43, 0, 44, 11, 0, 18, 1, 29, 19, 41, 13], [29, 42, 14, 43, 9, 40, 12, 26, 35, 42, 48, 13, 0, 6, 24], [21, 28, 17, 11, 9, 2, 49, 29, 12, 8, 38, 14, 45, 37, 9], [24, 23, 32, 11, 43, 34, 48, 19, 13, 45, 9, 3, 45, 22, 2], [1, 7, 41, 38, 13, 46, 11, 6, 21, 23, 2, 17, 5, 32, 0], [15, 23, 39, 25, 1, 41, 14, 38, 42, 2, 1, 45, 39, 4, 32], [46, 28, 3, 19, 9, 26, 49, 49, 5, 35, 24, 37, 29, 33, 0]]
Maintenance cost in each period m: 
[1926, 3420, 2750, 2627, 5140, 2754, 3858, 4635, 4731, 3666, 2045, 3057, 4488, 3837, 3832]
Maximum capacity of the machine cmax: 
410