Set of periods in the planning horizon T: 
20
Set of products P: 
20
Capacity reduction coefficient alpha: 
0.76
Relative decrease of capacity per set up gamma: 
0.25
Capacity reduction coefficient due to product types beta: 
[0.3, 0.37, 0.32, 0.2, 0.3, 0.25, 0.3, 0.29, 0.35, 0.37, 0.23, 0.21, 0.35, 0.24, 0.3, 0.27, 0.3, 0.22, 0.38, 0.36]
Fixed production cost of each product in each period f: 
[[928, 895, 570, 658, 602, 918, 770, 598, 511, 797, 954, 718, 614, 618, 592, 556, 623, 733, 904, 805], [797, 647, 741, 584, 515, 679, 548, 755, 695, 699, 966, 551, 980, 535, 676, 550, 918, 722, 853, 649], [947, 629, 977, 686, 882, 588, 656, 793, 872, 617, 711, 990, 955, 638, 634, 946, 576, 975, 804, 580], [549, 956, 538, 723, 616, 715, 659, 837, 760, 655, 587, 927, 656, 559, 571, 965, 720, 925, 678, 678], [963, 844, 501, 706, 817, 527, 580, 884, 877, 723, 516, 810, 635, 688, 708, 923, 791, 611, 868, 883], [506, 818, 812, 753, 909, 642, 580, 744, 907, 979, 595, 684, 599, 637, 539, 788, 736, 686, 580, 765], [624, 757, 979, 609, 862, 668, 859, 531, 941, 511, 727, 971, 741, 584, 705, 795, 548, 939, 846, 502], [764, 630, 991, 760, 627, 537, 641, 620, 807, 867, 854, 617, 537, 598, 972, 888, 501, 956, 925, 628], [731, 844, 975, 840, 939, 822, 997, 977, 617, 615, 598, 850, 834, 789, 920, 502, 776, 571, 712, 596], [565, 662, 864, 984, 980, 632, 665, 901, 709, 798, 531, 754, 535, 635, 727, 552, 656, 785, 719, 934], [848, 680, 719, 809, 853, 985, 857, 756, 895, 732, 604, 524, 577, 807, 930, 942, 720, 507, 912, 682], [686, 990, 550, 658, 618, 879, 831, 696, 522, 624, 958, 537, 983, 618, 556, 685, 675, 746, 525, 930], [759, 876, 971, 994, 545, 758, 848, 698, 603, 877, 715, 989, 805, 826, 852, 709, 679, 939, 561, 748], [772, 656, 569, 577, 517, 639, 893, 837, 870, 693, 878, 665, 805, 631, 902, 716, 618, 661, 678, 672], [903, 733, 792, 623, 564, 521, 693, 786, 536, 796, 778, 742, 742, 792, 709, 668, 573, 514, 551, 914], [722, 810, 893, 609, 813, 647, 764, 793, 712, 617, 575, 778, 605, 530, 540, 519, 898, 512, 711, 890], [558, 754, 567, 585, 990, 988, 743, 855, 973, 787, 806, 626, 512, 856, 947, 535, 726, 515, 725, 641], [576, 748, 778, 855, 624, 795, 657, 509, 555, 817, 653, 860, 923, 573, 525, 526, 908, 860, 546, 603], [565, 962, 902, 847, 871, 750, 608, 608, 829, 604, 814, 741, 699, 966, 637, 930, 711, 870, 560, 510], [930, 895, 555, 948, 973, 844, 958, 861, 968, 927, 620, 507, 824, 538, 815, 604, 924, 554, 762, 882]]
Variable production cost per unit of each product in each period p: 
[[11, 12, 11, 10, 12, 10, 11, 13, 12, 12, 12, 13, 10, 10, 10, 12, 13, 10, 12, 12], [11, 12, 10, 10, 11, 13, 13, 13, 13, 11, 13, 11, 11, 11, 10, 13, 12, 13, 13, 10], [13, 11, 12, 12, 10, 13, 13, 10, 10, 10, 13, 10, 10, 10, 10, 11, 11, 11, 10, 10], [13, 11, 12, 11, 10, 10, 11, 10, 10, 10, 11, 13, 11, 11, 12, 13, 12, 11, 11, 11], [11, 13, 12, 11, 12, 12, 13, 13, 10, 10, 12, 13, 11, 10, 10, 13, 12, 10, 10, 10], [10, 13, 10, 10, 10, 11, 13, 11, 10, 12, 11, 11, 12, 12, 12, 10, 11, 11, 10, 11], [11, 13, 10, 11, 11, 11, 10, 10, 12, 10, 12, 11, 11, 12, 13, 11, 11, 10, 13, 11], [10, 10, 13, 12, 11, 12, 12, 11, 13, 10, 13, 12, 12, 11, 13, 11, 11, 11, 10, 12], [13, 11, 12, 10, 12, 11, 12, 10, 12, 12, 12, 11, 11, 12, 10, 11, 11, 12, 10, 12], [12, 13, 11, 13, 12, 10, 12, 13, 12, 13, 11, 11, 10, 12, 10, 13, 13, 12, 12, 10], [13, 12, 11, 12, 13, 10, 13, 12, 10, 10, 12, 13, 10, 12, 11, 12, 10, 12, 11, 10], [11, 10, 13, 10, 10, 13, 13, 11, 12, 10, 12, 10, 11, 12, 12, 12, 10, 10, 12, 13], [12, 10, 11, 10, 12, 11, 12, 13, 12, 10, 11, 10, 11, 12, 11, 13, 11, 12, 11, 12], [11, 12, 13, 10, 10, 13, 11, 13, 10, 11, 11, 12, 11, 12, 11, 11, 11, 13, 11, 10], [12, 10, 10, 11, 12, 13, 11, 11, 12, 12, 10, 12, 10, 12, 12, 10, 13, 11, 13, 10], [11, 11, 13, 11, 12, 13, 10, 13, 11, 13, 10, 13, 13, 13, 13, 11, 12, 11, 12, 13], [10, 12, 12, 11, 10, 11, 11, 11, 12, 12, 13, 13, 10, 10, 13, 13, 13, 12, 13, 13], [12, 11, 10, 12, 13, 13, 10, 11, 13, 11, 12, 13, 12, 10, 10, 13, 12, 13, 13, 10], [12, 13, 10, 10, 12, 11, 10, 12, 12, 11, 13, 10, 10, 11, 12, 12, 12, 10, 13, 13], [10, 11, 11, 12, 11, 11, 12, 10, 11, 12, 10, 13, 11, 10, 10, 11, 10, 11, 13, 11]]
Inventory holding cost per unit of each product by the end of each period h: 
[[7, 6, 8, 7, 8, 7, 9, 8, 7, 8, 8, 7, 9, 7, 5, 7, 6, 8, 5, 9], [6, 7, 7, 6, 5, 5, 6, 9, 6, 8, 7, 6, 5, 6, 7, 8, 7, 7, 7, 5], [7, 7, 8, 5, 9, 6, 5, 7, 7, 5, 5, 7, 7, 7, 8, 8, 7, 5, 9, 6], [5, 6, 9, 6, 5, 5, 9, 5, 7, 7, 8, 9, 7, 5, 8, 5, 8, 8, 7, 8], [7, 6, 9, 9, 8, 8, 7, 9, 7, 5, 6, 7, 8, 7, 9, 5, 6, 6, 9, 5], [8, 5, 8, 9, 7, 9, 7, 8, 7, 8, 9, 9, 8, 9, 8, 6, 5, 9, 7, 7], [5, 5, 9, 7, 9, 6, 6, 7, 7, 7, 6, 6, 8, 5, 9, 9, 7, 7, 9, 5], [8, 8, 5, 7, 6, 7, 5, 8, 6, 5, 9, 6, 9, 7, 8, 5, 9, 5, 7, 7], [9, 9, 7, 6, 5, 7, 9, 7, 7, 7, 8, 9, 6, 5, 8, 5, 8, 9, 9, 5], [6, 9, 6, 9, 5, 7, 6, 9, 6, 5, 7, 6, 5, 9, 9, 8, 6, 9, 9, 9], [6, 8, 7, 6, 6, 8, 6, 7, 5, 6, 8, 6, 9, 9, 9, 9, 6, 7, 6, 5], [6, 8, 9, 7, 5, 6, 6, 7, 5, 5, 8, 9, 9, 9, 5, 7, 7, 7, 6, 8], [6, 9, 6, 5, 7, 8, 5, 9, 6, 9, 6, 5, 8, 8, 8, 8, 9, 8, 9, 5], [7, 5, 7, 7, 9, 7, 8, 5, 8, 9, 7, 9, 6, 9, 8, 7, 6, 6, 9, 6], [5, 7, 8, 5, 7, 7, 7, 5, 5, 9, 6, 8, 6, 9, 6, 7, 8, 8, 5, 6], [5, 5, 7, 6, 5, 9, 7, 8, 6, 7, 7, 8, 8, 6, 6, 8, 8, 7, 8, 7], [9, 8, 6, 6, 7, 7, 5, 5, 6, 7, 6, 7, 6, 6, 9, 8, 7, 5, 6, 9], [6, 7, 8, 8, 8, 9, 8, 8, 9, 7, 8, 7, 5, 9, 5, 7, 6, 7, 7, 7], [5, 5, 6, 6, 6, 9, 9, 5, 6, 6, 6, 5, 8, 7, 5, 6, 8, 6, 8, 6], [8, 5, 9, 7, 9, 6, 6, 5, 8, 9, 8, 6, 9, 6, 5, 9, 9, 7, 9, 9]]
Demand for each product in each period d: 
[[0, 43, 4, 29, 47, 40, 39, 4, 44, 10, 24, 42, 27, 47, 2, 0, 21, 29, 40, 23], [3, 0, 35, 49, 43, 31, 22, 1, 10, 9, 21, 11, 35, 14, 25, 6, 28, 30, 20, 9], [42, 49, 4, 35, 35, 15, 32, 29, 47, 48, 0, 24, 25, 11, 45, 48, 0, 0, 26, 44], [1, 41, 44, 29, 32, 45, 16, 46, 4, 1, 22, 1, 28, 35, 42, 7, 36, 30, 37, 19], [14, 16, 0, 30, 39, 18, 8, 34, 37, 9, 39, 1, 28, 37, 41, 47, 28, 36, 27, 18], [39, 29, 30, 11, 4, 0, 13, 32, 0, 10, 36, 26, 44, 16, 42, 22, 48, 20, 9, 40], [17, 23, 15, 42, 9, 33, 49, 25, 44, 25, 13, 49, 49, 16, 31, 0, 0, 12, 8, 34], [8, 25, 46, 0, 32, 45, 29, 48, 39, 11, 49, 29, 48, 29, 15, 17, 38, 17, 46, 27], [0, 48, 32, 14, 23, 33, 16, 43, 0, 20, 7, 36, 47, 18, 5, 19, 10, 32, 6, 38], [29, 5, 25, 14, 47, 0, 33, 14, 12, 37, 24, 40, 13, 43, 18, 13, 2, 4, 0, 3], [6, 10, 1, 9, 5, 23, 12, 35, 7, 42, 7, 11, 34, 5, 8, 33, 19, 44, 26, 36], [45, 15, 17, 25, 25, 22, 19, 17, 10, 28, 11, 49, 0, 30, 37, 0, 37, 0, 8, 0], [7, 3, 35, 32, 12, 19, 46, 20, 18, 40, 5, 15, 19, 36, 24, 32, 22, 0, 33, 43], [25, 15, 7, 31, 33, 37, 8, 6, 23, 48, 22, 35, 33, 7, 14, 25, 10, 24, 9, 24], [30, 17, 25, 9, 37, 45, 10, 19, 30, 38, 47, 19, 8, 8, 11, 48, 21, 46, 12, 15], [32, 33, 33, 25, 22, 37, 12, 0, 17, 5, 9, 31, 45, 38, 30, 37, 37, 3, 31, 20], [33, 10, 29, 5, 31, 38, 41, 14, 28, 18, 49, 41, 16, 41, 15, 41, 17, 16, 44, 16], [24, 5, 3, 12, 17, 39, 42, 3, 44, 39, 1, 4, 11, 9, 46, 0, 36, 28, 40, 0], [0, 10, 19, 11, 34, 1, 33, 46, 11, 10, 26, 5, 37, 9, 0, 4, 16, 13, 40, 47], [27, 18, 18, 46, 13, 11, 28, 23, 44, 7, 46, 32, 22, 42, 31, 12, 48, 2, 20, 15]]
Maintenance cost in each period m: 
[2785, 5333, 5684, 4317, 5552, 2450, 5610, 5260, 5393, 4895, 5194, 3822, 3880, 3543, 3977, 2768, 5192, 5923, 2275, 3623]
Maximum capacity of the machine cmax: 
840