Set of periods in the planning horizon T: 
20
Set of products P: 
20
Capacity reduction coefficient alpha: 
0.81
Relative decrease of capacity per set up gamma: 
0.36
Capacity reduction coefficient due to product types beta: 
[0.32, 0.24, 0.27, 0.23, 0.37, 0.22, 0.27, 0.28, 0.23, 0.25, 0.3, 0.32, 0.34, 0.26, 0.33, 0.33, 0.39, 0.22, 0.35, 0.24]
Fixed production cost of each product in each period f: 
[[916, 617, 811, 907, 658, 752, 540, 993, 809, 542, 909, 579, 505, 810, 838, 804, 891, 513, 677, 817], [514, 953, 823, 554, 971, 986, 937, 962, 891, 840, 660, 603, 597, 731, 684, 982, 873, 810, 937, 599], [820, 762, 512, 883, 669, 861, 676, 916, 731, 789, 754, 820, 976, 511, 714, 547, 538, 507, 737, 569], [676, 527, 814, 741, 990, 684, 889, 863, 829, 546, 543, 774, 651, 585, 913, 859, 943, 793, 899, 946], [507, 808, 933, 535, 796, 744, 760, 747, 593, 829, 561, 672, 917, 876, 760, 828, 589, 560, 617, 810], [892, 877, 608, 923, 972, 605, 568, 600, 630, 806, 908, 643, 519, 744, 504, 534, 848, 849, 568, 632], [528, 553, 998, 603, 740, 669, 728, 649, 778, 722, 769, 918, 639, 718, 738, 848, 787, 548, 773, 738], [777, 629, 691, 701, 846, 550, 880, 896, 715, 801, 917, 614, 812, 642, 853, 938, 688, 501, 649, 691], [524, 514, 722, 787, 715, 898, 988, 680, 775, 877, 804, 860, 980, 790, 618, 902, 639, 987, 708, 616], [811, 981, 727, 983, 590, 570, 578, 631, 960, 604, 962, 686, 621, 894, 835, 512, 917, 795, 509, 568], [519, 929, 628, 770, 828, 880, 691, 690, 645, 532, 790, 682, 928, 736, 647, 593, 885, 550, 881, 889], [760, 957, 663, 997, 819, 649, 692, 543, 919, 595, 994, 576, 567, 584, 658, 885, 780, 560, 547, 755], [558, 537, 886, 630, 729, 585, 874, 737, 899, 805, 815, 779, 527, 902, 761, 865, 876, 689, 853, 518], [853, 958, 528, 549, 950, 934, 891, 569, 818, 897, 761, 717, 599, 826, 546, 536, 550, 840, 835, 519], [819, 544, 528, 682, 947, 622, 601, 520, 709, 776, 556, 976, 775, 838, 822, 831, 844, 926, 680, 596], [987, 886, 633, 574, 654, 643, 810, 800, 893, 560, 982, 958, 605, 712, 962, 875, 590, 995, 832, 929], [932, 517, 809, 985, 894, 902, 713, 644, 987, 755, 585, 783, 961, 515, 714, 701, 607, 519, 514, 623], [524, 520, 788, 793, 948, 630, 833, 787, 971, 696, 609, 772, 975, 902, 843, 920, 546, 667, 501, 854], [561, 738, 736, 990, 756, 978, 813, 589, 786, 899, 755, 685, 898, 685, 657, 840, 553, 999, 663, 733], [682, 862, 587, 973, 895, 568, 889, 975, 876, 709, 875, 546, 974, 638, 907, 558, 985, 746, 788, 565]]
Variable production cost per unit of each product in each period p: 
[[11, 11, 10, 10, 12, 12, 11, 10, 13, 10, 13, 13, 11, 11, 12, 13, 11, 13, 10, 13], [11, 11, 10, 12, 12, 12, 13, 11, 12, 10, 12, 13, 12, 11, 12, 12, 10, 11, 10, 12], [12, 13, 11, 11, 11, 11, 12, 11, 13, 13, 11, 12, 12, 12, 13, 10, 11, 13, 13, 10], [10, 11, 12, 12, 11, 10, 12, 13, 11, 12, 12, 13, 10, 13, 13, 11, 13, 13, 12, 13], [12, 11, 13, 11, 13, 12, 12, 10, 11, 11, 13, 11, 11, 12, 10, 13, 12, 12, 12, 12], [10, 13, 13, 12, 10, 10, 12, 12, 13, 13, 11, 12, 10, 12, 11, 11, 11, 11, 13, 13], [13, 10, 12, 10, 13, 13, 11, 10, 11, 12, 11, 10, 13, 13, 13, 10, 12, 13, 10, 12], [10, 12, 11, 13, 10, 11, 10, 12, 11, 13, 11, 12, 12, 13, 13, 12, 10, 13, 13, 12], [10, 12, 12, 13, 10, 12, 13, 12, 11, 13, 10, 12, 10, 13, 12, 12, 12, 10, 11, 10], [13, 11, 12, 12, 11, 10, 10, 10, 12, 12, 10, 11, 13, 11, 11, 13, 11, 10, 11, 10], [13, 12, 11, 11, 13, 13, 13, 11, 12, 11, 12, 13, 10, 11, 11, 13, 13, 13, 10, 12], [11, 11, 12, 13, 12, 11, 12, 13, 13, 11, 10, 12, 12, 11, 12, 12, 11, 10, 10, 11], [13, 10, 11, 11, 12, 10, 12, 13, 12, 11, 12, 12, 11, 10, 10, 13, 12, 12, 10, 11], [12, 11, 13, 12, 13, 13, 10, 13, 12, 11, 12, 10, 11, 11, 13, 10, 13, 11, 11, 10], [13, 11, 12, 11, 12, 11, 12, 10, 12, 13, 12, 12, 13, 11, 11, 12, 13, 13, 13, 11], [11, 10, 12, 11, 12, 11, 13, 10, 12, 11, 12, 10, 10, 13, 12, 12, 12, 13, 11, 12], [13, 13, 12, 13, 12, 10, 12, 13, 13, 13, 13, 10, 13, 12, 13, 12, 12, 10, 13, 11], [12, 12, 12, 13, 12, 11, 11, 10, 10, 12, 10, 12, 10, 10, 11, 10, 13, 11, 13, 10], [11, 11, 13, 11, 12, 11, 11, 12, 10, 10, 11, 12, 10, 12, 11, 13, 13, 10, 13, 11], [10, 12, 11, 10, 11, 13, 11, 11, 12, 12, 11, 13, 12, 11, 11, 13, 10, 12, 13, 13]]
Inventory holding cost per unit of each product by the end of each period h: 
[[6, 8, 7, 7, 9, 5, 7, 7, 9, 5, 7, 8, 8, 7, 6, 8, 8, 5, 5, 5], [5, 8, 6, 6, 7, 5, 9, 5, 7, 7, 5, 9, 7, 7, 7, 8, 9, 5, 5, 6], [7, 8, 9, 6, 6, 7, 7, 6, 9, 7, 5, 6, 9, 9, 9, 6, 6, 6, 6, 7], [9, 7, 6, 6, 5, 7, 7, 5, 6, 5, 9, 6, 8, 5, 7, 9, 5, 7, 8, 8], [8, 5, 8, 7, 6, 7, 8, 6, 5, 5, 7, 5, 9, 7, 6, 6, 6, 9, 7, 9], [5, 7, 6, 8, 6, 5, 5, 9, 5, 7, 7, 9, 8, 8, 6, 6, 5, 9, 6, 6], [7, 5, 7, 9, 8, 8, 7, 9, 5, 6, 6, 7, 9, 8, 5, 5, 9, 8, 8, 7], [7, 9, 7, 9, 5, 5, 7, 7, 5, 9, 7, 9, 5, 5, 7, 9, 5, 5, 9, 8], [9, 6, 7, 7, 7, 7, 5, 9, 7, 5, 8, 7, 8, 6, 6, 8, 6, 9, 8, 5], [6, 6, 9, 6, 5, 7, 9, 5, 5, 6, 9, 9, 8, 9, 8, 6, 8, 5, 8, 6], [5, 8, 9, 5, 7, 5, 5, 9, 9, 8, 7, 6, 7, 5, 5, 8, 6, 9, 5, 7], [8, 5, 5, 9, 5, 5, 5, 9, 7, 5, 9, 5, 6, 9, 7, 7, 7, 7, 9, 5], [6, 9, 6, 6, 8, 9, 7, 8, 5, 6, 6, 6, 7, 5, 7, 9, 9, 5, 5, 8], [6, 9, 9, 5, 9, 9, 7, 5, 9, 7, 7, 8, 6, 6, 6, 6, 8, 6, 7, 9], [6, 5, 6, 5, 8, 7, 8, 8, 5, 8, 6, 9, 6, 5, 7, 7, 5, 6, 9, 8], [7, 5, 6, 9, 6, 5, 6, 8, 8, 6, 5, 8, 5, 8, 9, 6, 9, 8, 8, 9], [9, 5, 8, 5, 7, 6, 8, 9, 6, 9, 5, 7, 9, 7, 7, 6, 9, 8, 8, 8], [7, 7, 5, 5, 5, 5, 6, 5, 8, 7, 6, 9, 7, 9, 7, 8, 6, 8, 8, 9], [7, 6, 8, 5, 7, 8, 8, 5, 8, 8, 5, 5, 9, 9, 6, 8, 8, 6, 8, 9], [9, 5, 8, 5, 9, 5, 6, 9, 8, 7, 7, 9, 8, 9, 5, 9, 8, 6, 7, 5]]
Demand for each product in each period d: 
[[43, 13, 6, 48, 48, 41, 17, 32, 15, 33, 0, 44, 0, 1, 29, 29, 13, 18, 37, 4], [6, 21, 28, 48, 35, 36, 20, 4, 8, 40, 1, 3, 43, 34, 31, 35, 30, 20, 36, 0], [40, 34, 2, 6, 18, 15, 48, 9, 10, 46, 34, 14, 8, 45, 27, 23, 21, 39, 45, 8], [36, 13, 4, 24, 5, 15, 17, 6, 28, 40, 42, 2, 23, 35, 27, 10, 47, 32, 25, 0], [24, 26, 41, 22, 15, 14, 24, 12, 26, 0, 5, 24, 3, 44, 44, 15, 26, 11, 0, 27], [6, 9, 8, 1, 9, 5, 13, 1, 44, 2, 43, 30, 28, 11, 13, 22, 21, 11, 3, 45], [35, 49, 25, 2, 3, 42, 41, 5, 16, 9, 36, 41, 32, 41, 36, 4, 40, 43, 6, 49], [44, 18, 31, 42, 35, 37, 6, 37, 25, 0, 3, 41, 5, 36, 27, 31, 15, 29, 3, 19], [14, 11, 0, 48, 24, 35, 42, 37, 34, 15, 36, 15, 4, 36, 25, 49, 36, 13, 18, 16], [33, 20, 39, 45, 46, 14, 1, 29, 4, 48, 6, 5, 0, 38, 33, 38, 30, 23, 4, 15], [14, 38, 19, 16, 43, 6, 18, 45, 2, 41, 5, 32, 1, 14, 43, 45, 29, 49, 20, 40], [35, 44, 41, 41, 24, 29, 36, 30, 38, 41, 32, 31, 31, 13, 34, 5, 12, 0, 4, 14], [19, 19, 0, 2, 0, 34, 34, 28, 45, 23, 24, 25, 37, 23, 24, 0, 5, 25, 37, 29], [19, 3, 1, 37, 21, 44, 14, 31, 22, 31, 14, 0, 25, 24, 26, 0, 22, 48, 42, 32], [37, 13, 19, 38, 19, 6, 2, 6, 8, 48, 14, 20, 47, 28, 14, 0, 11, 38, 20, 7], [43, 2, 0, 17, 29, 15, 21, 30, 4, 3, 34, 20, 1, 3, 1, 12, 0, 38, 0, 9], [26, 40, 9, 0, 31, 13, 31, 32, 0, 45, 17, 9, 0, 41, 20, 26, 14, 7, 48, 24], [24, 24, 23, 12, 3, 7, 28, 40, 33, 13, 48, 6, 3, 25, 20, 21, 22, 27, 24, 37], [15, 39, 4, 32, 1, 6, 2, 34, 13, 35, 32, 44, 20, 13, 22, 7, 8, 30, 17, 46], [22, 10, 12, 21, 14, 12, 10, 7, 44, 40, 33, 39, 9, 0, 4, 7, 49, 9, 1, 21]]
Maintenance cost in each period m: 
[4567, 3716, 2545, 2538, 2449, 2648, 3396, 2799, 2290, 2361, 2760, 4424, 2300, 2802, 6133, 4868, 5776, 5506, 3959, 2816]
Maximum capacity of the machine cmax: 
840