Set of periods in the planning horizon T: 
15
Set of products P: 
15
Capacity reduction coefficient alpha: 
0.89
Relative decrease of capacity per set up gamma: 
0.34
Capacity reduction coefficient due to product types beta: 
[0.34, 0.29, 0.33, 0.29, 0.34, 0.33, 0.22, 0.26, 0.24, 0.38, 0.29, 0.32, 0.36, 0.36, 0.36]
Fixed production cost of each product in each period f: 
[[787, 580, 714, 755, 877, 829, 730, 538, 642, 748, 514, 829, 831, 642, 812], [805, 680, 840, 966, 849, 668, 930, 564, 621, 889, 616, 985, 617, 847, 775], [929, 837, 584, 987, 651, 617, 814, 799, 867, 853, 939, 919, 701, 800, 666], [533, 830, 966, 921, 542, 902, 997, 877, 700, 764, 992, 625, 963, 601, 528], [720, 710, 813, 628, 739, 754, 684, 843, 670, 762, 921, 626, 590, 517, 792], [806, 834, 656, 662, 942, 717, 803, 665, 694, 886, 622, 623, 983, 676, 923], [741, 734, 598, 906, 723, 520, 653, 841, 593, 749, 709, 534, 957, 596, 544], [610, 732, 918, 573, 935, 923, 606, 649, 538, 549, 569, 612, 902, 970, 844], [648, 996, 650, 949, 648, 646, 623, 816, 662, 997, 523, 717, 943, 701, 945], [805, 725, 975, 719, 545, 909, 754, 643, 864, 839, 531, 911, 950, 519, 573], [941, 572, 774, 847, 634, 839, 552, 937, 905, 970, 655, 929, 807, 761, 947], [737, 900, 872, 648, 711, 650, 684, 532, 950, 766, 577, 546, 529, 966, 579], [784, 745, 866, 665, 502, 684, 724, 964, 921, 681, 512, 999, 696, 631, 753], [786, 688, 894, 969, 757, 727, 634, 730, 551, 523, 743, 610, 721, 953, 513], [842, 829, 853, 645, 799, 710, 967, 995, 572, 568, 562, 693, 606, 508, 969]]
Variable production cost per unit of each product in each period p: 
[[13, 13, 10, 10, 13, 11, 10, 11, 13, 12, 10, 13, 10, 13, 10], [11, 11, 10, 11, 11, 10, 10, 13, 10, 13, 13, 11, 13, 13, 11], [12, 10, 10, 13, 13, 13, 13, 12, 13, 11, 13, 13, 13, 11, 12], [13, 11, 13, 10, 10, 10, 12, 11, 12, 11, 13, 10, 10, 10, 13], [11, 10, 13, 12, 11, 11, 13, 10, 10, 13, 11, 13, 12, 12, 12], [12, 10, 11, 10, 11, 11, 11, 10, 13, 13, 13, 10, 11, 13, 12], [13, 13, 10, 13, 10, 10, 13, 13, 12, 10, 12, 12, 11, 11, 13], [13, 12, 11, 12, 11, 11, 11, 11, 11, 13, 13, 13, 13, 10, 11], [11, 10, 10, 10, 12, 11, 12, 12, 12, 11, 11, 11, 13, 12, 11], [13, 10, 10, 10, 10, 12, 12, 10, 12, 12, 11, 11, 10, 13, 10], [10, 10, 12, 12, 12, 10, 13, 11, 11, 12, 10, 13, 13, 13, 12], [12, 10, 10, 13, 11, 10, 13, 12, 12, 10, 13, 12, 13, 13, 11], [11, 12, 13, 12, 12, 13, 10, 10, 12, 12, 13, 12, 13, 12, 11], [10, 13, 13, 10, 13, 10, 10, 13, 12, 10, 13, 13, 11, 10, 13], [11, 13, 12, 12, 10, 10, 13, 12, 12, 11, 12, 10, 13, 10, 12]]
Inventory holding cost per unit of each product by the end of each period h: 
[[8, 7, 8, 9, 9, 6, 6, 5, 6, 9, 5, 9, 7, 9, 6], [8, 6, 6, 5, 8, 8, 6, 5, 9, 6, 6, 6, 7, 7, 5], [7, 8, 9, 6, 9, 9, 6, 9, 9, 8, 7, 7, 9, 7, 9], [8, 7, 6, 9, 7, 5, 6, 5, 6, 6, 9, 5, 9, 9, 5], [7, 9, 7, 9, 5, 8, 9, 7, 5, 6, 7, 7, 5, 5, 5], [7, 5, 9, 6, 6, 8, 6, 7, 7, 7, 5, 6, 8, 9, 8], [5, 5, 9, 7, 5, 5, 9, 7, 5, 5, 8, 8, 7, 7, 6], [9, 6, 6, 7, 5, 6, 5, 6, 5, 6, 7, 6, 7, 9, 9], [8, 8, 7, 5, 6, 6, 5, 6, 5, 9, 9, 7, 7, 7, 6], [9, 6, 5, 5, 9, 6, 7, 6, 9, 6, 8, 8, 7, 5, 7], [6, 7, 5, 7, 6, 9, 9, 9, 5, 7, 6, 7, 6, 9, 9], [6, 7, 8, 8, 9, 5, 7, 8, 7, 9, 8, 7, 8, 9, 5], [6, 6, 9, 8, 5, 6, 7, 5, 6, 5, 7, 7, 6, 9, 6], [9, 8, 9, 6, 5, 9, 9, 8, 8, 9, 7, 5, 6, 5, 5], [5, 5, 9, 7, 5, 8, 7, 7, 8, 7, 5, 5, 6, 6, 5]]
Demand for each product in each period d: 
[[4, 44, 25, 24, 40, 29, 36, 7, 16, 41, 7, 45, 39, 5, 34], [45, 11, 0, 45, 6, 1, 43, 34, 0, 39, 45, 2, 35, 8, 39], [28, 48, 39, 26, 38, 0, 3, 2, 33, 34, 8, 20, 41, 19, 19], [6, 41, 41, 21, 35, 36, 0, 42, 45, 8, 0, 25, 4, 5, 4], [8, 1, 31, 39, 48, 33, 45, 15, 48, 36, 40, 21, 1, 27, 46], [2, 0, 40, 49, 28, 0, 38, 29, 41, 3, 0, 17, 19, 0, 47], [40, 25, 30, 26, 14, 0, 42, 16, 1, 42, 4, 41, 44, 12, 5], [5, 17, 44, 0, 43, 33, 45, 6, 21, 32, 44, 28, 40, 3, 12], [42, 33, 5, 43, 36, 0, 31, 10, 45, 36, 4, 18, 8, 48, 28], [5, 13, 0, 10, 4, 14, 45, 45, 4, 34, 0, 0, 22, 9, 22], [15, 23, 46, 0, 31, 27, 42, 40, 15, 30, 47, 34, 21, 37, 43], [4, 48, 16, 33, 21, 27, 12, 22, 11, 16, 23, 34, 25, 6, 19], [36, 0, 42, 0, 24, 0, 17, 0, 16, 19, 35, 47, 28, 43, 45], [7, 30, 45, 4, 11, 5, 39, 0, 28, 0, 6, 42, 13, 18, 9], [0, 25, 46, 24, 44, 45, 0, 3, 24, 31, 24, 2, 15, 9, 42]]
Maintenance cost in each period m: 
[2888, 3076, 2324, 4429, 5406, 3427, 4452, 4586, 4881, 3517, 5361, 4532, 4183, 2701, 2882]
Maximum capacity of the machine cmax: 
615