Set of periods in the planning horizon T: 
15
Set of products P: 
10
Capacity reduction coefficient alpha: 
0.73
Relative decrease of capacity per set up gamma: 
0.34
Capacity reduction coefficient due to product types beta: 
[0.26, 0.24, 0.24, 0.32, 0.37, 0.38, 0.3, 0.22, 0.28, 0.22]
Fixed production cost of each product in each period f: 
[[543, 766, 731, 895, 991, 706, 832, 803, 664, 687, 590, 680, 554, 675, 936], [511, 638, 663, 875, 830, 905, 651, 535, 650, 704, 813, 692, 728, 512, 677], [775, 502, 928, 767, 920, 902, 931, 865, 590, 797, 789, 979, 941, 962, 831], [503, 665, 969, 693, 762, 536, 887, 989, 884, 892, 777, 639, 786, 820, 719], [718, 884, 541, 752, 861, 944, 775, 679, 512, 916, 964, 591, 642, 547, 964], [724, 893, 858, 669, 999, 862, 869, 894, 727, 509, 770, 562, 778, 584, 998], [824, 941, 533, 892, 905, 582, 579, 911, 916, 500, 616, 922, 979, 532, 764], [561, 805, 550, 545, 655, 507, 792, 517, 841, 709, 672, 537, 666, 610, 738], [965, 872, 703, 880, 873, 842, 896, 537, 630, 962, 759, 828, 729, 660, 532], [761, 810, 781, 803, 502, 677, 657, 984, 966, 935, 882, 896, 995, 844, 517]]
Variable production cost per unit of each product in each period p: 
[[12, 10, 11, 12, 11, 13, 13, 11, 11, 11, 11, 11, 12, 10, 10], [11, 10, 11, 11, 11, 11, 10, 13, 12, 10, 11, 13, 13, 10, 11], [11, 10, 13, 11, 10, 11, 13, 11, 10, 10, 11, 10, 10, 12, 12], [10, 11, 11, 10, 12, 10, 11, 11, 12, 12, 12, 10, 13, 10, 13], [12, 13, 13, 11, 13, 13, 13, 12, 10, 10, 10, 11, 12, 10, 13], [13, 13, 11, 12, 13, 13, 10, 13, 10, 11, 11, 13, 13, 12, 13], [12, 12, 10, 10, 11, 12, 13, 10, 10, 12, 13, 13, 11, 13, 12], [13, 10, 10, 10, 12, 13, 13, 11, 13, 10, 11, 13, 10, 12, 13], [12, 12, 12, 12, 12, 12, 13, 12, 13, 10, 10, 12, 11, 12, 10], [10, 12, 10, 12, 13, 11, 11, 13, 10, 11, 10, 10, 12, 10, 13]]
Inventory holding cost per unit of each product by the end of each period h: 
[[9, 5, 7, 8, 6, 7, 7, 8, 9, 6, 7, 8, 6, 9, 8], [6, 6, 5, 6, 5, 9, 6, 5, 9, 7, 5, 7, 5, 5, 6], [8, 7, 6, 5, 8, 6, 5, 6, 9, 8, 5, 9, 6, 6, 6], [9, 7, 8, 7, 8, 7, 6, 8, 5, 7, 5, 7, 5, 5, 9], [6, 9, 5, 9, 7, 9, 7, 8, 7, 5, 5, 8, 7, 9, 9], [7, 5, 5, 9, 6, 5, 8, 7, 6, 9, 7, 5, 7, 5, 7], [5, 6, 7, 6, 9, 8, 6, 5, 5, 8, 8, 7, 7, 8, 6], [9, 5, 9, 8, 9, 7, 9, 8, 9, 7, 5, 6, 5, 9, 8], [6, 7, 5, 7, 5, 7, 6, 5, 9, 7, 9, 7, 8, 5, 8], [9, 8, 9, 5, 7, 6, 8, 6, 9, 5, 7, 8, 9, 5, 6]]
Demand for each product in each period d: 
[[36, 39, 13, 47, 29, 12, 31, 20, 25, 30, 8, 39, 36, 26, 2], [44, 11, 0, 5, 23, 0, 3, 24, 28, 11, 2, 12, 15, 1, 38], [38, 9, 27, 34, 49, 31, 2, 25, 27, 36, 25, 11, 0, 17, 11], [27, 35, 32, 28, 12, 36, 31, 28, 8, 41, 31, 22, 3, 22, 43], [7, 4, 44, 12, 45, 8, 26, 41, 7, 15, 15, 15, 36, 33, 29], [47, 28, 43, 21, 41, 21, 20, 45, 7, 12, 23, 29, 8, 36, 38], [40, 20, 23, 6, 35, 10, 0, 8, 18, 18, 1, 9, 9, 25, 29], [22, 33, 29, 19, 39, 37, 29, 23, 2, 19, 10, 0, 46, 36, 11], [0, 42, 11, 45, 34, 8, 42, 39, 49, 0, 39, 3, 4, 33, 14], [30, 5, 0, 47, 20, 32, 10, 45, 17, 0, 18, 19, 23, 5, 36]]
Maintenance cost in each period m: 
[3894, 4971, 2059, 4223, 4928, 5322, 5182, 3740, 4584, 5403, 2399, 3405, 1737, 2116, 4137]
Maximum capacity of the machine cmax: 
490