Set of periods in the planning horizon T: 
10
Set of products P: 
25
Capacity reduction coefficient alpha: 
0.69
Relative decrease of capacity per set up gamma: 
0.32
Capacity reduction coefficient due to product types beta: 
[0.34, 0.39, 0.39, 0.38, 0.29, 0.33, 0.33, 0.37, 0.33, 0.39, 0.31, 0.33, 0.36, 0.27, 0.38, 0.36, 0.24, 0.38, 0.27, 0.21, 0.37, 0.22, 0.35, 0.37, 0.38]
Fixed production cost of each product in each period f: 
[[766, 873, 649, 500, 793, 620, 571, 805, 906, 862], [700, 607, 953, 744, 758, 536, 996, 538, 696, 777], [979, 951, 509, 534, 628, 788, 863, 998, 578, 965], [660, 954, 913, 940, 716, 937, 738, 736, 900, 844], [807, 832, 925, 542, 865, 537, 797, 569, 826, 670], [934, 879, 964, 518, 711, 660, 706, 762, 798, 919], [657, 825, 567, 862, 583, 589, 730, 909, 871, 640], [588, 856, 990, 668, 938, 876, 795, 891, 999, 824], [652, 623, 599, 615, 575, 997, 920, 546, 767, 969], [917, 504, 838, 962, 893, 606, 525, 559, 786, 779], [775, 983, 929, 826, 972, 899, 809, 551, 994, 882], [690, 990, 771, 597, 803, 975, 513, 771, 737, 869], [595, 775, 782, 655, 553, 616, 566, 509, 598, 949], [627, 939, 780, 596, 653, 706, 543, 806, 698, 706], [525, 843, 780, 643, 630, 864, 576, 895, 948, 574], [889, 663, 647, 697, 548, 873, 825, 693, 657, 974], [721, 871, 761, 918, 793, 773, 762, 721, 755, 638], [508, 886, 760, 698, 936, 684, 892, 571, 743, 979], [976, 718, 816, 542, 636, 884, 960, 776, 546, 769], [814, 544, 736, 919, 972, 784, 840, 918, 939, 809], [903, 913, 996, 817, 821, 611, 631, 589, 859, 854], [690, 858, 588, 987, 500, 946, 877, 663, 561, 708], [616, 768, 860, 724, 643, 838, 644, 681, 875, 565], [651, 680, 736, 626, 824, 684, 635, 580, 785, 874], [793, 695, 562, 570, 761, 645, 697, 983, 906, 946]]
Variable production cost per unit of each product in each period p: 
[[12, 12, 13, 11, 11, 13, 13, 11, 10, 12], [13, 13, 10, 10, 13, 11, 11, 10, 10, 12], [10, 13, 12, 13, 10, 12, 10, 10, 13, 10], [12, 13, 10, 13, 11, 12, 12, 12, 12, 13], [12, 11, 11, 13, 13, 12, 10, 10, 13, 12], [13, 11, 13, 13, 12, 12, 13, 12, 12, 13], [11, 12, 10, 13, 12, 10, 11, 12, 12, 12], [11, 10, 11, 12, 11, 13, 11, 13, 11, 13], [12, 12, 12, 10, 10, 13, 11, 13, 10, 10], [12, 12, 11, 11, 12, 10, 12, 10, 11, 12], [13, 10, 12, 12, 12, 11, 11, 10, 12, 10], [10, 11, 10, 11, 13, 11, 11, 12, 13, 13], [10, 11, 11, 10, 11, 10, 11, 10, 12, 12], [10, 11, 10, 12, 10, 11, 10, 13, 12, 11], [10, 13, 12, 13, 10, 11, 10, 13, 13, 13], [11, 12, 10, 12, 10, 10, 10, 13, 10, 12], [12, 10, 11, 10, 11, 13, 10, 12, 13, 12], [13, 12, 11, 10, 13, 13, 12, 11, 13, 13], [12, 11, 12, 13, 13, 13, 11, 13, 10, 11], [12, 11, 13, 13, 13, 12, 11, 11, 11, 10], [12, 12, 10, 11, 10, 10, 11, 12, 13, 13], [13, 13, 12, 13, 13, 13, 10, 13, 13, 10], [13, 10, 11, 13, 11, 11, 13, 12, 11, 12], [11, 13, 12, 11, 11, 12, 11, 13, 10, 10], [10, 13, 11, 12, 11, 10, 12, 12, 11, 10]]
Inventory holding cost per unit of each product by the end of each period h: 
[[6, 9, 9, 8, 5, 5, 9, 6, 9, 9], [7, 7, 5, 7, 8, 9, 7, 8, 6, 9], [5, 5, 8, 9, 9, 6, 5, 8, 9, 9], [6, 5, 6, 9, 8, 6, 8, 5, 5, 5], [9, 6, 5, 6, 5, 6, 7, 8, 9, 5], [5, 6, 5, 9, 8, 5, 5, 7, 7, 9], [9, 7, 5, 9, 9, 5, 9, 9, 6, 9], [5, 9, 5, 7, 5, 9, 9, 5, 8, 9], [9, 5, 9, 6, 6, 5, 7, 9, 6, 7], [9, 7, 5, 8, 5, 7, 9, 6, 5, 8], [5, 8, 9, 9, 5, 9, 8, 6, 7, 7], [7, 9, 6, 7, 8, 7, 7, 9, 7, 5], [5, 6, 9, 8, 8, 9, 9, 6, 8, 8], [5, 6, 5, 6, 5, 8, 6, 9, 8, 9], [5, 8, 8, 5, 6, 7, 5, 5, 8, 7], [8, 5, 9, 5, 6, 7, 7, 6, 5, 6], [6, 7, 5, 6, 5, 6, 7, 8, 5, 8], [9, 8, 6, 8, 5, 9, 7, 7, 5, 8], [9, 6, 6, 5, 7, 7, 5, 5, 6, 6], [5, 6, 9, 6, 7, 7, 8, 8, 9, 8], [8, 8, 8, 5, 5, 8, 5, 8, 8, 8], [6, 9, 9, 7, 8, 6, 9, 6, 5, 9], [8, 8, 8, 9, 6, 5, 7, 6, 9, 8], [5, 8, 8, 7, 7, 7, 7, 8, 8, 8], [6, 7, 6, 6, 7, 6, 6, 8, 6, 8]]
Demand for each product in each period d: 
[[29, 42, 30, 40, 31, 16, 25, 22, 2, 26], [26, 47, 41, 28, 6, 36, 38, 19, 33, 46], [10, 34, 11, 38, 3, 13, 13, 24, 22, 24], [23, 35, 19, 9, 34, 16, 10, 4, 44, 37], [17, 43, 23, 38, 23, 25, 41, 5, 27, 14], [1, 23, 26, 4, 35, 46, 3, 42, 34, 18], [27, 21, 36, 21, 15, 17, 43, 29, 1, 2], [24, 2, 36, 48, 22, 30, 36, 19, 11, 0], [9, 11, 48, 0, 39, 6, 29, 21, 31, 48], [30, 33, 33, 14, 13, 23, 36, 7, 25, 0], [34, 19, 36, 42, 31, 8, 17, 21, 31, 16], [29, 30, 9, 33, 32, 15, 34, 46, 11, 18], [1, 2, 9, 34, 39, 4, 5, 2, 29, 4], [42, 45, 45, 24, 5, 7, 16, 2, 10, 0], [29, 10, 30, 8, 3, 19, 21, 33, 35, 27], [25, 20, 8, 33, 26, 2, 46, 42, 26, 30], [15, 12, 11, 19, 14, 27, 24, 18, 0, 23], [33, 24, 10, 7, 17, 19, 26, 9, 38, 7], [11, 5, 35, 0, 22, 6, 15, 11, 0, 43], [35, 36, 15, 19, 3, 12, 16, 16, 5, 12], [9, 27, 2, 9, 48, 44, 11, 18, 25, 49], [9, 20, 5, 33, 14, 18, 23, 5, 10, 16], [45, 17, 30, 38, 46, 25, 48, 1, 28, 5], [25, 14, 2, 28, 20, 40, 44, 18, 18, 30], [11, 5, 42, 36, 18, 31, 27, 12, 33, 47]]
Maintenance cost in each period m: 
[2542, 3650, 1841, 4659, 5248, 3976, 5667, 2436, 5585, 3844]
Maximum capacity of the machine cmax: 
1075