Set of periods in the planning horizon T: 
20
Set of products P: 
25
Capacity reduction coefficient alpha: 
0.89
Relative decrease of capacity per set up gamma: 
0.36
Capacity reduction coefficient due to product types beta: 
[0.24, 0.37, 0.22, 0.39, 0.28, 0.22, 0.29, 0.32, 0.29, 0.36, 0.37, 0.34, 0.22, 0.32, 0.34, 0.28, 0.29, 0.26, 0.3, 0.25, 0.23, 0.23, 0.26, 0.23, 0.29]
Fixed production cost of each product in each period f: 
[[744, 786, 935, 658, 990, 641, 909, 996, 960, 507, 569, 704, 701, 931, 738, 658, 549, 639, 869, 521], [781, 842, 675, 508, 690, 885, 701, 664, 560, 510, 613, 714, 804, 988, 778, 749, 562, 754, 537, 749], [675, 689, 619, 821, 725, 991, 715, 833, 953, 503, 636, 533, 935, 595, 876, 714, 701, 566, 618, 961], [560, 939, 969, 762, 950, 545, 751, 769, 695, 999, 742, 596, 919, 547, 636, 934, 591, 963, 839, 803], [783, 601, 993, 553, 864, 951, 731, 637, 866, 671, 902, 815, 803, 558, 958, 802, 619, 764, 958, 748], [871, 527, 980, 899, 675, 742, 695, 938, 548, 522, 782, 945, 762, 547, 958, 938, 970, 725, 601, 542], [874, 525, 900, 577, 719, 782, 758, 503, 673, 535, 705, 814, 577, 965, 881, 702, 862, 576, 760, 745], [838, 607, 546, 643, 621, 915, 933, 645, 756, 589, 766, 690, 908, 835, 972, 538, 544, 949, 837, 781], [984, 840, 654, 922, 866, 540, 671, 963, 529, 687, 743, 736, 829, 986, 696, 759, 634, 536, 992, 564], [728, 802, 870, 967, 867, 723, 781, 919, 708, 539, 525, 925, 853, 633, 765, 532, 552, 898, 589, 512], [997, 606, 987, 530, 986, 976, 672, 686, 980, 979, 889, 660, 806, 914, 649, 507, 562, 865, 515, 791], [793, 987, 903, 552, 966, 569, 777, 922, 782, 537, 792, 817, 875, 692, 667, 782, 732, 787, 624, 557], [583, 601, 534, 602, 684, 959, 655, 779, 827, 870, 925, 868, 873, 840, 626, 910, 519, 536, 927, 624], [823, 608, 577, 813, 518, 865, 830, 577, 611, 888, 980, 942, 805, 759, 604, 601, 660, 518, 774, 811], [847, 958, 640, 606, 876, 800, 852, 935, 561, 986, 893, 992, 726, 585, 834, 816, 607, 618, 510, 558], [940, 827, 719, 814, 828, 660, 812, 946, 601, 570, 799, 581, 861, 598, 852, 850, 737, 777, 520, 922], [889, 955, 612, 906, 704, 731, 906, 835, 798, 643, 793, 741, 534, 964, 541, 597, 803, 825, 619, 643], [980, 974, 665, 809, 542, 715, 727, 968, 532, 984, 509, 857, 532, 629, 926, 996, 649, 935, 880, 563], [623, 910, 532, 565, 500, 870, 724, 767, 819, 515, 611, 593, 766, 623, 920, 784, 860, 805, 983, 892], [614, 582, 876, 582, 900, 835, 829, 845, 820, 629, 891, 612, 869, 731, 979, 621, 837, 793, 564, 504], [998, 969, 714, 566, 634, 895, 682, 791, 685, 644, 740, 812, 704, 936, 728, 867, 564, 700, 873, 585], [646, 500, 908, 877, 943, 614, 778, 815, 634, 786, 809, 930, 883, 793, 995, 654, 647, 705, 800, 916], [869, 771, 962, 539, 571, 925, 846, 959, 799, 524, 539, 661, 598, 689, 942, 920, 738, 701, 886, 938], [980, 782, 828, 665, 540, 925, 772, 770, 940, 900, 802, 787, 894, 863, 851, 898, 663, 933, 988, 634], [957, 708, 524, 830, 857, 626, 860, 681, 687, 606, 720, 612, 657, 556, 733, 692, 561, 733, 987, 868]]
Variable production cost per unit of each product in each period p: 
[[12, 13, 12, 10, 13, 10, 11, 12, 12, 10, 11, 11, 10, 13, 12, 12, 13, 13, 13, 12], [12, 10, 11, 13, 11, 12, 10, 10, 11, 11, 11, 13, 11, 12, 10, 13, 12, 13, 10, 12], [10, 12, 10, 11, 10, 10, 13, 10, 11, 10, 13, 12, 11, 13, 12, 10, 10, 13, 12, 10], [10, 11, 10, 12, 10, 11, 12, 10, 11, 10, 11, 10, 10, 11, 10, 10, 11, 10, 11, 10], [13, 12, 13, 13, 12, 13, 12, 12, 10, 12, 11, 12, 10, 10, 11, 10, 11, 13, 12, 11], [13, 13, 10, 10, 12, 10, 10, 13, 12, 11, 11, 10, 10, 12, 13, 11, 10, 11, 11, 11], [10, 12, 13, 11, 13, 12, 11, 13, 11, 13, 10, 13, 10, 13, 11, 12, 13, 10, 11, 11], [12, 13, 12, 12, 10, 10, 10, 12, 13, 13, 10, 12, 13, 11, 10, 11, 11, 13, 11, 13], [11, 11, 13, 13, 13, 12, 12, 12, 13, 11, 10, 12, 11, 10, 12, 12, 10, 11, 10, 12], [13, 12, 10, 10, 13, 11, 13, 13, 11, 13, 10, 10, 12, 11, 10, 10, 13, 13, 10, 12], [13, 13, 12, 11, 12, 13, 10, 11, 11, 10, 10, 12, 10, 11, 10, 11, 13, 13, 12, 13], [10, 10, 11, 11, 11, 12, 10, 10, 13, 12, 11, 13, 12, 13, 11, 10, 12, 13, 13, 13], [12, 13, 13, 11, 12, 10, 12, 13, 11, 13, 12, 10, 10, 12, 10, 13, 10, 11, 13, 11], [10, 11, 11, 13, 11, 10, 12, 11, 10, 11, 11, 10, 11, 11, 13, 10, 10, 13, 12, 13], [11, 13, 13, 12, 13, 11, 11, 12, 12, 10, 11, 13, 10, 13, 12, 10, 12, 11, 11, 13], [12, 12, 13, 12, 10, 12, 11, 11, 12, 12, 10, 11, 10, 12, 12, 12, 12, 12, 10, 13], [12, 12, 10, 11, 13, 13, 13, 13, 13, 11, 11, 11, 12, 11, 11, 10, 13, 12, 13, 13], [10, 11, 13, 11, 13, 11, 10, 12, 10, 12, 12, 11, 12, 11, 13, 13, 10, 13, 10, 11], [12, 11, 10, 12, 13, 11, 12, 10, 12, 13, 12, 11, 10, 11, 13, 11, 11, 10, 12, 13], [12, 10, 12, 12, 12, 10, 11, 12, 12, 11, 11, 11, 12, 13, 12, 13, 10, 13, 10, 12], [12, 12, 11, 12, 12, 13, 13, 13, 11, 12, 12, 10, 10, 13, 10, 12, 11, 12, 10, 13], [11, 12, 11, 12, 13, 13, 13, 12, 10, 12, 13, 12, 10, 11, 12, 11, 10, 13, 11, 12], [12, 12, 11, 12, 10, 12, 12, 11, 13, 11, 10, 12, 11, 10, 10, 10, 12, 13, 13, 12], [11, 11, 11, 13, 13, 13, 12, 11, 10, 11, 11, 11, 10, 12, 13, 13, 11, 11, 11, 10], [12, 12, 11, 11, 11, 12, 13, 12, 11, 11, 11, 10, 13, 10, 13, 11, 12, 10, 10, 12]]
Inventory holding cost per unit of each product by the end of each period h: 
[[7, 8, 9, 7, 6, 8, 8, 5, 6, 8, 5, 6, 8, 6, 5, 6, 5, 5, 9, 5], [8, 6, 9, 7, 9, 7, 7, 9, 7, 9, 9, 6, 9, 7, 6, 6, 5, 8, 5, 5], [6, 5, 5, 6, 6, 7, 6, 9, 7, 5, 8, 9, 9, 5, 5, 7, 7, 9, 5, 7], [9, 9, 9, 9, 8, 8, 8, 7, 7, 9, 6, 5, 6, 5, 9, 9, 6, 9, 9, 6], [8, 5, 6, 9, 8, 9, 6, 7, 5, 5, 8, 5, 6, 5, 7, 8, 9, 5, 7, 6], [5, 5, 9, 7, 5, 6, 9, 6, 8, 7, 7, 5, 9, 5, 9, 9, 6, 7, 6, 6], [6, 6, 5, 5, 7, 5, 5, 8, 7, 7, 5, 9, 7, 9, 9, 5, 8, 7, 5, 6], [6, 5, 7, 7, 7, 5, 8, 7, 5, 8, 6, 7, 9, 9, 7, 7, 7, 5, 5, 6], [7, 9, 5, 8, 8, 8, 8, 5, 6, 6, 6, 8, 6, 6, 7, 6, 5, 7, 6, 6], [5, 8, 9, 7, 7, 8, 6, 7, 5, 8, 8, 8, 5, 9, 9, 8, 5, 6, 7, 5], [5, 5, 8, 5, 8, 8, 6, 9, 6, 5, 5, 6, 5, 9, 6, 8, 5, 9, 7, 7], [6, 8, 8, 6, 6, 5, 6, 6, 6, 7, 6, 6, 5, 7, 8, 5, 5, 7, 9, 7], [9, 7, 7, 8, 6, 8, 8, 7, 9, 7, 7, 9, 9, 6, 8, 7, 5, 8, 9, 7], [8, 6, 8, 5, 5, 9, 7, 7, 8, 5, 9, 6, 7, 5, 7, 8, 7, 7, 6, 8], [8, 9, 9, 5, 7, 5, 7, 5, 6, 8, 7, 6, 8, 7, 7, 9, 9, 9, 7, 7], [5, 7, 6, 9, 6, 6, 5, 7, 6, 7, 9, 5, 8, 5, 8, 5, 7, 7, 9, 5], [9, 8, 6, 8, 9, 7, 6, 6, 9, 9, 9, 6, 9, 5, 7, 5, 5, 8, 5, 8], [7, 9, 5, 8, 6, 5, 7, 8, 5, 7, 8, 8, 7, 5, 9, 9, 8, 8, 6, 8], [7, 9, 9, 9, 6, 6, 7, 9, 6, 6, 7, 9, 5, 6, 8, 9, 7, 8, 9, 7], [7, 5, 8, 7, 8, 9, 8, 6, 7, 8, 6, 6, 6, 7, 8, 9, 9, 7, 5, 6], [7, 5, 9, 9, 8, 7, 9, 9, 9, 9, 9, 9, 5, 8, 6, 6, 9, 6, 9, 8], [5, 9, 7, 6, 9, 5, 6, 9, 6, 9, 8, 9, 8, 6, 5, 9, 8, 9, 6, 6], [9, 8, 5, 7, 7, 9, 9, 6, 5, 9, 7, 9, 8, 9, 7, 5, 7, 8, 9, 9], [8, 7, 7, 6, 9, 5, 8, 9, 9, 5, 7, 6, 7, 7, 5, 9, 5, 9, 9, 5], [8, 7, 9, 5, 6, 5, 7, 5, 6, 8, 7, 5, 6, 9, 9, 8, 9, 9, 5, 8]]
Demand for each product in each period d: 
[[14, 14, 22, 0, 12, 21, 26, 39, 46, 34, 13, 36, 19, 42, 48, 27, 33, 26, 23, 3], [3, 7, 5, 24, 12, 27, 19, 27, 14, 6, 36, 33, 40, 30, 4, 0, 48, 39, 24, 14], [30, 16, 45, 11, 8, 5, 0, 37, 40, 46, 27, 0, 46, 36, 10, 39, 30, 16, 43, 0], [38, 21, 21, 26, 48, 22, 39, 11, 0, 45, 15, 43, 42, 42, 41, 47, 17, 36, 46, 23], [42, 20, 24, 26, 7, 34, 0, 24, 0, 42, 31, 35, 1, 22, 23, 41, 35, 27, 18, 44], [31, 28, 36, 48, 46, 39, 2, 20, 34, 48, 44, 41, 29, 3, 45, 3, 10, 16, 7, 0], [20, 24, 0, 24, 21, 11, 44, 29, 32, 42, 21, 2, 35, 37, 23, 5, 12, 4, 41, 38], [48, 40, 39, 23, 44, 27, 47, 25, 40, 24, 47, 43, 44, 13, 44, 30, 24, 34, 22, 31], [27, 4, 47, 30, 31, 4, 29, 2, 22, 34, 42, 1, 3, 42, 18, 18, 3, 0, 31, 42], [42, 27, 17, 4, 0, 43, 3, 26, 9, 4, 6, 43, 40, 34, 1, 18, 27, 29, 43, 47], [25, 42, 1, 11, 34, 36, 23, 38, 30, 48, 18, 24, 27, 39, 43, 16, 0, 20, 9, 3], [27, 43, 7, 32, 42, 29, 46, 0, 38, 46, 47, 28, 5, 5, 27, 48, 18, 22, 8, 49], [1, 25, 25, 1, 33, 4, 4, 27, 12, 0, 47, 0, 21, 0, 31, 48, 21, 24, 19, 34], [35, 44, 33, 42, 42, 7, 15, 42, 0, 6, 33, 15, 23, 45, 26, 34, 23, 13, 39, 33], [3, 41, 21, 32, 49, 35, 21, 1, 14, 48, 32, 17, 40, 8, 47, 5, 42, 31, 22, 27], [49, 24, 33, 37, 25, 37, 11, 10, 0, 49, 36, 49, 47, 7, 47, 42, 0, 43, 2, 7], [11, 45, 4, 48, 17, 40, 37, 29, 43, 8, 28, 0, 14, 26, 29, 40, 47, 10, 6, 45], [41, 0, 5, 6, 30, 33, 20, 1, 44, 3, 28, 27, 34, 9, 16, 35, 46, 27, 19, 4], [33, 15, 7, 38, 32, 6, 35, 16, 38, 0, 6, 14, 0, 27, 1, 10, 8, 18, 28, 24], [10, 36, 11, 24, 5, 41, 32, 29, 17, 3, 12, 32, 13, 45, 0, 31, 14, 46, 35, 3], [49, 18, 40, 23, 19, 39, 21, 6, 3, 8, 19, 12, 45, 44, 25, 5, 40, 44, 38, 35], [27, 4, 24, 16, 23, 36, 31, 39, 14, 22, 26, 37, 47, 5, 46, 22, 13, 24, 18, 6], [0, 21, 1, 44, 5, 29, 10, 12, 0, 31, 10, 38, 37, 26, 26, 21, 35, 13, 0, 4], [14, 31, 46, 23, 42, 33, 41, 45, 41, 32, 0, 18, 35, 24, 16, 12, 40, 3, 1, 4], [41, 4, 18, 25, 43, 45, 25, 39, 36, 33, 41, 23, 40, 8, 49, 34, 37, 9, 42, 22]]
Maintenance cost in each period m: 
[5035, 5542, 5904, 5590, 6125, 4452, 6293, 4178, 5860, 5475, 4111, 4344, 5272, 2763, 4496, 3233, 5479, 3951, 6028, 2551]
Maximum capacity of the machine cmax: 
1150