Set of periods in the planning horizon T: 
15
Set of products P: 
25
Capacity reduction coefficient alpha: 
0.68
Relative decrease of capacity per set up gamma: 
0.38
Capacity reduction coefficient due to product types beta: 
[0.27, 0.37, 0.22, 0.21, 0.29, 0.26, 0.27, 0.28, 0.24, 0.36, 0.32, 0.31, 0.4, 0.3, 0.2, 0.25, 0.36, 0.31, 0.27, 0.32, 0.31, 0.4, 0.25, 0.27, 0.22]
Fixed production cost of each product in each period f: 
[[578, 975, 703, 714, 604, 589, 535, 806, 996, 663, 947, 944, 548, 947, 957], [557, 545, 828, 930, 693, 640, 931, 521, 888, 583, 578, 502, 813, 597, 661], [926, 737, 743, 991, 911, 570, 585, 853, 662, 647, 676, 943, 764, 578, 869], [884, 825, 536, 915, 872, 590, 864, 799, 737, 965, 758, 932, 785, 754, 687], [739, 586, 902, 850, 993, 791, 866, 906, 978, 934, 956, 577, 547, 910, 965], [990, 853, 948, 763, 635, 630, 557, 694, 553, 736, 591, 989, 538, 565, 995], [576, 692, 781, 525, 623, 848, 962, 952, 781, 612, 780, 561, 529, 841, 700], [771, 925, 542, 850, 950, 577, 761, 922, 665, 991, 530, 794, 881, 566, 915], [940, 546, 646, 532, 500, 580, 575, 970, 948, 507, 523, 999, 651, 853, 675], [936, 921, 507, 799, 513, 516, 910, 837, 960, 500, 800, 735, 786, 925, 954], [861, 809, 816, 807, 955, 659, 962, 704, 640, 571, 793, 914, 610, 613, 687], [730, 504, 954, 529, 942, 870, 778, 923, 531, 639, 765, 786, 785, 866, 960], [577, 904, 523, 734, 694, 572, 608, 961, 870, 507, 628, 934, 734, 501, 779], [582, 834, 562, 702, 867, 644, 802, 734, 741, 529, 634, 949, 964, 589, 573], [715, 971, 923, 764, 935, 930, 883, 874, 975, 513, 856, 870, 579, 724, 709], [560, 745, 728, 725, 585, 525, 523, 551, 944, 705, 755, 776, 507, 901, 539], [573, 546, 808, 529, 883, 502, 618, 956, 936, 652, 665, 563, 808, 849, 806], [538, 924, 959, 938, 640, 643, 709, 738, 583, 787, 586, 666, 554, 575, 974], [758, 979, 568, 603, 717, 924, 970, 964, 753, 816, 983, 598, 922, 928, 771], [781, 689, 718, 749, 820, 562, 850, 760, 786, 728, 908, 846, 884, 878, 680], [918, 943, 921, 910, 619, 910, 530, 590, 787, 981, 716, 902, 603, 631, 662], [699, 805, 943, 893, 934, 528, 910, 704, 539, 845, 894, 896, 742, 530, 939], [900, 521, 625, 733, 936, 510, 981, 881, 636, 567, 841, 954, 582, 909, 851], [620, 687, 784, 569, 617, 549, 567, 800, 548, 575, 862, 727, 757, 835, 890], [678, 751, 505, 820, 879, 810, 852, 987, 707, 932, 804, 507, 626, 708, 582]]
Variable production cost per unit of each product in each period p: 
[[10, 10, 13, 11, 13, 11, 12, 13, 13, 11, 10, 13, 12, 11, 11], [11, 11, 11, 12, 11, 12, 13, 13, 10, 13, 10, 11, 11, 13, 12], [12, 13, 11, 12, 12, 12, 11, 10, 10, 10, 13, 11, 11, 11, 10], [10, 10, 10, 13, 13, 10, 13, 11, 12, 13, 12, 12, 13, 12, 11], [10, 11, 13, 10, 11, 13, 13, 13, 13, 11, 12, 10, 13, 13, 12], [11, 10, 13, 11, 10, 12, 11, 13, 11, 13, 10, 11, 10, 11, 13], [12, 11, 13, 12, 10, 13, 13, 12, 13, 12, 11, 12, 12, 10, 11], [12, 12, 13, 11, 13, 10, 10, 13, 11, 11, 10, 10, 11, 12, 12], [12, 13, 13, 11, 10, 10, 12, 10, 13, 11, 11, 13, 12, 11, 13], [10, 10, 11, 13, 11, 13, 13, 10, 12, 10, 10, 11, 13, 11, 10], [11, 10, 12, 10, 13, 12, 13, 13, 12, 13, 12, 12, 11, 10, 10], [12, 13, 13, 11, 13, 11, 12, 11, 10, 11, 11, 10, 11, 10, 12], [13, 13, 13, 10, 12, 11, 10, 12, 13, 10, 13, 10, 11, 11, 12], [11, 13, 12, 11, 11, 10, 13, 11, 10, 10, 11, 13, 10, 12, 13], [10, 10, 10, 12, 11, 13, 12, 13, 12, 10, 13, 11, 13, 11, 13], [13, 10, 10, 12, 10, 11, 10, 10, 10, 11, 13, 12, 13, 10, 12], [12, 10, 11, 11, 12, 12, 13, 11, 12, 11, 13, 11, 11, 10, 11], [12, 12, 11, 12, 12, 13, 10, 13, 10, 12, 11, 12, 10, 13, 10], [12, 10, 13, 12, 13, 10, 10, 10, 13, 13, 10, 12, 11, 12, 13], [13, 10, 13, 13, 11, 12, 12, 12, 10, 12, 12, 12, 11, 10, 13], [11, 13, 10, 12, 13, 13, 10, 10, 13, 12, 12, 10, 10, 11, 11], [13, 13, 12, 13, 12, 11, 11, 11, 10, 11, 10, 12, 10, 13, 11], [12, 11, 10, 12, 12, 10, 13, 12, 12, 10, 13, 11, 12, 10, 13], [13, 10, 10, 10, 10, 11, 13, 11, 11, 12, 10, 10, 11, 11, 11], [13, 10, 13, 13, 13, 12, 11, 12, 10, 13, 11, 10, 10, 11, 12]]
Inventory holding cost per unit of each product by the end of each period h: 
[[5, 6, 8, 7, 7, 8, 7, 9, 8, 8, 8, 8, 7, 7, 5], [7, 8, 5, 8, 5, 7, 9, 7, 6, 6, 6, 9, 9, 9, 8], [6, 6, 5, 5, 9, 8, 7, 9, 8, 6, 8, 9, 6, 7, 8], [5, 8, 9, 9, 7, 9, 5, 5, 8, 7, 8, 9, 6, 7, 6], [8, 6, 8, 5, 8, 9, 5, 5, 7, 5, 7, 6, 5, 9, 7], [7, 6, 9, 9, 7, 7, 9, 5, 7, 6, 6, 6, 5, 8, 6], [5, 6, 8, 5, 7, 7, 5, 9, 7, 5, 7, 8, 9, 5, 7], [5, 6, 8, 7, 8, 9, 7, 7, 7, 8, 7, 5, 6, 8, 5], [8, 7, 5, 9, 6, 7, 5, 7, 8, 8, 7, 6, 5, 5, 8], [7, 5, 5, 5, 5, 7, 6, 8, 9, 6, 9, 9, 6, 5, 6], [6, 8, 8, 8, 9, 8, 8, 6, 8, 8, 6, 8, 8, 8, 6], [5, 6, 6, 7, 6, 8, 7, 6, 9, 5, 7, 5, 8, 7, 6], [6, 8, 5, 8, 5, 5, 5, 9, 5, 6, 8, 5, 7, 9, 7], [8, 7, 8, 5, 5, 7, 6, 7, 8, 5, 8, 8, 9, 8, 9], [7, 7, 6, 7, 6, 7, 7, 9, 7, 9, 5, 7, 8, 6, 9], [6, 8, 5, 9, 8, 8, 7, 6, 7, 5, 8, 9, 7, 6, 7], [5, 8, 6, 8, 7, 6, 8, 6, 5, 5, 5, 8, 6, 6, 8], [7, 6, 9, 7, 8, 9, 6, 6, 7, 6, 8, 8, 8, 9, 7], [5, 8, 8, 5, 5, 6, 5, 7, 7, 7, 5, 7, 6, 6, 7], [5, 6, 8, 8, 5, 8, 9, 6, 9, 7, 8, 9, 7, 5, 8], [9, 8, 6, 9, 7, 5, 8, 5, 6, 8, 9, 9, 5, 7, 5], [5, 7, 9, 6, 6, 6, 6, 5, 7, 7, 9, 7, 7, 8, 9], [5, 6, 7, 7, 8, 6, 7, 9, 9, 6, 5, 5, 5, 5, 7], [5, 6, 7, 9, 9, 8, 7, 8, 8, 9, 5, 9, 9, 8, 6], [7, 8, 5, 5, 8, 8, 5, 7, 5, 8, 5, 9, 6, 9, 9]]
Demand for each product in each period d: 
[[42, 40, 36, 44, 15, 30, 0, 42, 31, 16, 11, 33, 16, 6, 0], [5, 10, 12, 49, 26, 13, 13, 29, 36, 0, 31, 8, 27, 30, 1], [46, 38, 16, 1, 0, 24, 28, 47, 5, 24, 19, 48, 26, 49, 38], [15, 34, 18, 12, 40, 11, 19, 43, 0, 18, 43, 29, 43, 22, 16], [8, 45, 41, 30, 0, 32, 20, 34, 0, 36, 8, 39, 33, 47, 4], [18, 7, 23, 1, 46, 0, 3, 23, 5, 36, 6, 8, 33, 35, 36], [31, 44, 6, 46, 49, 14, 0, 36, 14, 17, 49, 44, 0, 27, 36], [28, 38, 0, 33, 10, 0, 29, 30, 44, 37, 47, 9, 30, 20, 0], [37, 4, 24, 48, 18, 41, 12, 0, 0, 45, 19, 37, 34, 0, 4], [12, 45, 48, 20, 45, 40, 35, 5, 31, 14, 6, 3, 24, 24, 7], [7, 11, 41, 7, 16, 46, 5, 17, 41, 18, 19, 36, 26, 24, 36], [1, 41, 38, 30, 3, 47, 22, 42, 26, 44, 12, 16, 11, 12, 22], [13, 0, 28, 21, 28, 36, 29, 47, 21, 31, 16, 36, 34, 37, 8], [33, 8, 14, 40, 37, 25, 24, 39, 13, 31, 0, 18, 34, 0, 49], [19, 0, 16, 36, 0, 16, 35, 29, 30, 39, 37, 8, 6, 23, 26], [13, 0, 45, 30, 36, 28, 46, 42, 4, 2, 49, 20, 0, 0, 42], [43, 46, 35, 34, 39, 9, 8, 23, 15, 45, 15, 42, 37, 16, 28], [0, 19, 28, 23, 0, 21, 20, 0, 29, 22, 28, 18, 38, 34, 5], [0, 43, 15, 39, 43, 2, 40, 49, 22, 8, 32, 8, 44, 4, 35], [28, 19, 18, 38, 26, 21, 37, 14, 6, 46, 34, 45, 45, 46, 14], [7, 36, 28, 33, 2, 37, 9, 41, 42, 7, 1, 35, 33, 5, 15], [5, 48, 44, 29, 2, 47, 3, 42, 12, 21, 23, 23, 30, 28, 19], [14, 6, 27, 10, 30, 36, 17, 6, 21, 43, 33, 33, 13, 7, 11], [0, 6, 1, 18, 16, 45, 27, 0, 1, 13, 34, 35, 41, 0, 1], [13, 44, 44, 21, 20, 12, 20, 49, 41, 3, 25, 26, 18, 17, 25]]
Maintenance cost in each period m: 
[3635, 2806, 5606, 4781, 4085, 2321, 5569, 2827, 3130, 5815, 3537, 2418, 2276, 5568, 2511]
Maximum capacity of the machine cmax: 
1175