Set of periods in the planning horizon T: 
20
Set of products P: 
25
Capacity reduction coefficient alpha: 
0.75
Relative decrease of capacity per set up gamma: 
0.31
Capacity reduction coefficient due to product types beta: 
[0.29, 0.24, 0.21, 0.25, 0.33, 0.23, 0.39, 0.22, 0.34, 0.29, 0.34, 0.4, 0.31, 0.32, 0.38, 0.35, 0.33, 0.25, 0.4, 0.34, 0.25, 0.35, 0.3, 0.39, 0.31]
Fixed production cost of each product in each period f: 
[[533, 591, 966, 515, 917, 572, 736, 844, 704, 827, 935, 877, 618, 556, 668, 723, 651, 781, 631, 990], [968, 840, 771, 946, 756, 860, 798, 834, 913, 625, 914, 948, 830, 935, 901, 573, 900, 575, 500, 736], [848, 818, 756, 739, 607, 591, 556, 931, 874, 679, 753, 749, 564, 715, 588, 754, 998, 676, 559, 705], [686, 802, 720, 616, 677, 681, 703, 687, 919, 829, 744, 536, 841, 683, 532, 755, 970, 843, 851, 560], [607, 941, 763, 580, 539, 962, 884, 536, 567, 947, 791, 759, 937, 790, 744, 737, 760, 599, 884, 819], [562, 762, 540, 678, 616, 519, 553, 879, 806, 808, 584, 616, 614, 975, 811, 868, 996, 952, 594, 816], [747, 824, 999, 696, 741, 998, 673, 679, 694, 638, 829, 864, 666, 823, 773, 977, 642, 799, 573, 822], [797, 516, 728, 634, 785, 504, 749, 619, 918, 961, 870, 588, 733, 731, 627, 912, 885, 954, 650, 812], [725, 858, 749, 788, 564, 971, 925, 957, 715, 533, 910, 604, 518, 876, 617, 736, 730, 894, 676, 837], [547, 832, 977, 937, 989, 726, 659, 571, 503, 887, 748, 690, 637, 504, 918, 834, 804, 635, 596, 769], [635, 881, 921, 660, 566, 940, 819, 921, 612, 833, 655, 627, 504, 683, 936, 732, 862, 820, 740, 897], [890, 787, 982, 565, 758, 993, 656, 620, 927, 751, 865, 848, 993, 959, 648, 731, 509, 665, 707, 671], [513, 830, 964, 537, 644, 814, 610, 730, 890, 754, 720, 794, 923, 729, 501, 705, 512, 983, 591, 645], [646, 748, 914, 769, 794, 824, 691, 902, 610, 655, 653, 869, 903, 568, 576, 579, 991, 959, 590, 500], [665, 800, 865, 528, 679, 928, 944, 838, 726, 563, 682, 685, 661, 800, 776, 849, 725, 535, 818, 520], [934, 648, 785, 774, 972, 843, 905, 711, 718, 638, 835, 836, 694, 665, 855, 556, 941, 570, 719, 564], [871, 746, 517, 619, 865, 773, 624, 503, 722, 811, 802, 919, 772, 800, 702, 531, 656, 626, 804, 752], [865, 776, 733, 521, 947, 802, 978, 621, 935, 979, 931, 639, 560, 746, 910, 631, 606, 622, 515, 994], [875, 690, 960, 584, 904, 710, 841, 877, 969, 956, 725, 991, 532, 751, 981, 995, 662, 614, 917, 867], [622, 645, 583, 833, 556, 897, 871, 676, 865, 837, 670, 588, 750, 510, 914, 695, 777, 822, 970, 731], [627, 837, 696, 687, 790, 865, 589, 980, 946, 990, 758, 954, 795, 909, 751, 830, 807, 910, 543, 514], [590, 833, 995, 539, 672, 862, 760, 581, 861, 700, 689, 527, 690, 828, 753, 934, 505, 662, 938, 627], [910, 514, 616, 634, 858, 740, 941, 509, 988, 515, 594, 715, 667, 775, 528, 663, 842, 965, 803, 679], [550, 670, 631, 661, 802, 861, 772, 670, 601, 939, 507, 919, 699, 772, 665, 756, 625, 750, 907, 602], [999, 926, 602, 614, 952, 854, 716, 769, 624, 538, 645, 905, 868, 967, 791, 699, 658, 929, 588, 943]]
Variable production cost per unit of each product in each period p: 
[[11, 13, 12, 11, 13, 13, 10, 11, 10, 11, 11, 12, 12, 13, 11, 11, 13, 11, 11, 13], [12, 13, 11, 11, 10, 10, 13, 13, 12, 11, 13, 11, 11, 13, 11, 13, 13, 10, 13, 13], [13, 13, 13, 12, 10, 11, 13, 11, 11, 10, 12, 13, 13, 10, 12, 11, 10, 10, 11, 11], [10, 13, 12, 12, 12, 13, 10, 12, 10, 13, 12, 11, 11, 13, 11, 11, 13, 10, 13, 10], [10, 13, 12, 11, 12, 12, 10, 11, 11, 12, 10, 10, 11, 12, 10, 12, 13, 12, 12, 11], [11, 10, 11, 13, 13, 11, 10, 11, 13, 10, 13, 10, 12, 13, 10, 10, 10, 11, 11, 13], [13, 10, 10, 12, 12, 10, 13, 13, 13, 13, 11, 10, 13, 11, 12, 11, 13, 13, 11, 12], [13, 11, 13, 12, 13, 10, 13, 12, 13, 12, 12, 13, 12, 10, 12, 11, 12, 10, 10, 10], [12, 10, 13, 10, 13, 12, 11, 13, 12, 11, 11, 12, 11, 10, 12, 11, 13, 11, 10, 13], [12, 10, 12, 12, 13, 10, 13, 11, 12, 12, 11, 11, 13, 13, 10, 13, 12, 11, 10, 13], [11, 10, 10, 12, 11, 13, 12, 13, 11, 12, 12, 13, 12, 10, 10, 10, 13, 11, 11, 13], [13, 11, 10, 11, 11, 13, 12, 12, 11, 12, 11, 13, 13, 13, 10, 13, 11, 11, 12, 13], [12, 12, 13, 12, 12, 11, 12, 13, 13, 11, 13, 13, 13, 13, 13, 11, 12, 12, 10, 10], [10, 12, 11, 10, 12, 11, 11, 10, 11, 12, 13, 12, 12, 10, 11, 10, 10, 13, 12, 12], [10, 10, 12, 11, 11, 12, 10, 12, 12, 13, 13, 13, 11, 13, 12, 11, 10, 10, 13, 10], [13, 11, 12, 13, 12, 12, 12, 11, 12, 11, 12, 13, 13, 10, 11, 11, 11, 13, 10, 12], [13, 11, 12, 12, 13, 13, 13, 11, 10, 12, 12, 13, 11, 10, 12, 12, 12, 13, 11, 12], [12, 12, 13, 13, 10, 13, 11, 11, 13, 12, 11, 10, 13, 10, 12, 10, 11, 10, 13, 11], [11, 11, 11, 12, 10, 11, 10, 10, 13, 13, 10, 12, 13, 10, 12, 13, 12, 11, 10, 10], [12, 11, 10, 11, 10, 10, 11, 11, 10, 12, 12, 10, 12, 11, 12, 11, 12, 13, 11, 12], [12, 11, 11, 11, 11, 13, 13, 10, 12, 12, 11, 10, 10, 12, 11, 10, 10, 12, 13, 12], [12, 12, 12, 11, 13, 10, 12, 13, 13, 13, 11, 10, 13, 13, 11, 12, 12, 13, 12, 12], [10, 11, 12, 10, 11, 11, 10, 13, 11, 13, 13, 10, 11, 11, 10, 11, 13, 13, 13, 10], [12, 11, 12, 12, 13, 13, 13, 13, 11, 11, 11, 12, 12, 13, 10, 11, 13, 11, 13, 12], [10, 12, 10, 12, 11, 13, 10, 12, 10, 12, 11, 12, 10, 12, 11, 12, 11, 12, 13, 10]]
Inventory holding cost per unit of each product by the end of each period h: 
[[8, 6, 6, 9, 5, 5, 9, 5, 5, 8, 8, 8, 8, 8, 7, 8, 9, 9, 8, 5], [8, 5, 6, 7, 7, 7, 6, 8, 7, 9, 5, 9, 9, 8, 5, 5, 5, 7, 9, 5], [9, 6, 9, 9, 7, 5, 7, 7, 5, 7, 8, 9, 9, 6, 9, 7, 7, 8, 8, 6], [5, 7, 6, 8, 9, 7, 5, 7, 5, 5, 7, 9, 8, 6, 9, 7, 6, 7, 8, 9], [6, 9, 7, 5, 8, 9, 6, 8, 6, 9, 9, 9, 9, 8, 7, 5, 7, 7, 7, 7], [5, 6, 6, 6, 8, 7, 5, 7, 9, 9, 5, 9, 6, 7, 5, 7, 5, 5, 7, 5], [9, 5, 6, 6, 8, 8, 7, 6, 9, 8, 9, 8, 9, 6, 9, 7, 6, 7, 8, 8], [9, 5, 8, 5, 8, 7, 6, 5, 9, 5, 7, 6, 5, 8, 9, 9, 6, 8, 8, 8], [9, 6, 7, 5, 9, 7, 5, 7, 5, 8, 8, 6, 7, 6, 7, 8, 9, 9, 7, 6], [7, 9, 8, 6, 6, 7, 9, 9, 5, 5, 9, 8, 8, 9, 5, 9, 5, 5, 8, 8], [8, 8, 6, 8, 7, 6, 8, 5, 6, 6, 6, 9, 8, 8, 6, 6, 6, 6, 7, 7], [5, 6, 6, 9, 5, 8, 6, 5, 9, 5, 7, 5, 7, 7, 5, 7, 8, 7, 5, 8], [5, 6, 8, 8, 5, 6, 7, 7, 5, 9, 7, 7, 5, 8, 8, 7, 6, 5, 8, 9], [6, 8, 9, 8, 6, 8, 6, 5, 5, 8, 6, 8, 9, 7, 7, 6, 6, 6, 7, 9], [5, 9, 5, 7, 7, 9, 6, 8, 5, 6, 9, 6, 9, 6, 5, 9, 5, 9, 8, 8], [5, 9, 8, 9, 8, 9, 5, 7, 5, 9, 6, 6, 7, 7, 8, 6, 7, 8, 6, 9], [6, 8, 7, 8, 8, 5, 8, 7, 7, 7, 6, 6, 6, 6, 6, 9, 6, 5, 5, 7], [8, 7, 5, 7, 9, 5, 7, 8, 5, 6, 5, 7, 6, 5, 6, 7, 9, 7, 6, 7], [9, 6, 7, 9, 6, 7, 5, 5, 6, 5, 6, 9, 9, 5, 7, 7, 5, 7, 7, 6], [5, 6, 9, 6, 8, 6, 9, 5, 8, 7, 8, 6, 6, 8, 6, 9, 6, 9, 9, 5], [6, 7, 7, 6, 9, 5, 8, 8, 8, 9, 6, 5, 8, 8, 7, 8, 9, 7, 6, 6], [6, 5, 5, 7, 9, 8, 8, 5, 9, 9, 8, 7, 8, 8, 8, 5, 6, 6, 6, 7], [9, 8, 6, 7, 7, 6, 5, 6, 8, 6, 8, 9, 7, 5, 9, 8, 8, 8, 7, 5], [8, 6, 6, 8, 7, 8, 6, 7, 5, 5, 7, 8, 7, 5, 8, 6, 8, 7, 5, 9], [9, 9, 9, 5, 8, 9, 8, 8, 7, 8, 9, 5, 8, 9, 9, 5, 9, 8, 8, 9]]
Demand for each product in each period d: 
[[5, 13, 32, 33, 13, 27, 36, 41, 12, 18, 37, 47, 35, 27, 23, 38, 5, 44, 9, 15], [31, 48, 25, 49, 28, 32, 27, 43, 2, 33, 7, 12, 40, 0, 12, 0, 0, 28, 21, 9], [17, 35, 37, 18, 30, 36, 47, 10, 28, 24, 17, 4, 44, 34, 0, 35, 9, 38, 48, 32], [12, 6, 14, 49, 20, 14, 25, 12, 24, 32, 12, 1, 41, 32, 3, 30, 9, 48, 13, 31], [12, 13, 43, 48, 42, 40, 18, 3, 41, 42, 48, 36, 13, 23, 10, 28, 12, 29, 41, 20], [31, 1, 6, 25, 13, 40, 22, 49, 38, 32, 1, 15, 39, 19, 9, 0, 31, 38, 25, 33], [9, 31, 15, 44, 0, 48, 6, 16, 3, 15, 20, 9, 40, 0, 42, 38, 23, 4, 41, 20], [11, 37, 4, 17, 20, 32, 0, 9, 21, 0, 35, 4, 0, 28, 0, 40, 33, 5, 7, 38], [15, 32, 13, 9, 38, 24, 9, 31, 40, 3, 0, 8, 21, 8, 49, 20, 25, 10, 8, 38], [7, 2, 11, 10, 45, 39, 35, 9, 34, 9, 23, 29, 49, 26, 39, 43, 37, 43, 16, 26], [15, 0, 16, 29, 33, 7, 28, 6, 36, 20, 42, 17, 5, 34, 26, 12, 0, 22, 28, 22], [17, 20, 21, 0, 0, 10, 47, 2, 43, 9, 44, 4, 8, 0, 32, 22, 3, 13, 24, 32], [16, 41, 2, 46, 36, 37, 15, 46, 26, 40, 49, 36, 27, 1, 17, 10, 20, 23, 24, 23], [19, 3, 48, 41, 48, 43, 14, 45, 24, 41, 1, 10, 2, 24, 3, 35, 1, 16, 49, 12], [44, 21, 37, 14, 12, 24, 21, 31, 23, 0, 37, 11, 45, 44, 21, 13, 13, 8, 24, 21], [41, 5, 37, 17, 40, 40, 25, 0, 25, 0, 10, 6, 34, 15, 14, 42, 17, 4, 14, 38], [44, 0, 39, 37, 6, 42, 20, 35, 18, 17, 13, 10, 6, 5, 33, 49, 32, 6, 3, 45], [2, 43, 35, 17, 45, 40, 21, 46, 36, 14, 18, 14, 46, 47, 28, 0, 42, 43, 2, 13], [12, 0, 19, 3, 39, 22, 9, 16, 24, 10, 3, 32, 5, 38, 32, 4, 11, 14, 41, 28], [38, 4, 29, 0, 24, 45, 25, 28, 6, 40, 47, 41, 0, 0, 49, 0, 20, 26, 26, 10], [13, 38, 44, 42, 28, 6, 29, 10, 5, 43, 0, 47, 48, 7, 16, 32, 49, 26, 1, 41], [13, 24, 3, 1, 26, 30, 32, 42, 15, 2, 13, 15, 46, 19, 15, 48, 9, 32, 27, 15], [0, 14, 24, 42, 42, 7, 38, 38, 5, 38, 17, 44, 20, 31, 16, 9, 29, 33, 8, 11], [43, 37, 19, 23, 44, 48, 3, 18, 31, 31, 27, 46, 19, 26, 38, 20, 40, 41, 40, 7], [11, 35, 47, 46, 47, 26, 4, 28, 37, 44, 4, 12, 30, 42, 38, 18, 22, 27, 39, 14]]
Maintenance cost in each period m: 
[3906, 5553, 5316, 3515, 4168, 6127, 4593, 4009, 3959, 5505, 4048, 5980, 6393, 4082, 2815, 6193, 3734, 4339, 4307, 5285]
Maximum capacity of the machine cmax: 
1025