Set of periods in the planning horizon T: 
25
Set of products P: 
35
Capacity reduction coefficient alpha: 
0.8
Relative decrease of capacity per set up gamma: 
0.38
Capacity reduction coefficient due to product types beta: 
[0.21, 0.3, 0.22, 0.4, 0.25, 0.26, 0.2, 0.31, 0.34, 0.33, 0.25, 0.39, 0.23, 0.37, 0.25, 0.27, 0.39, 0.25, 0.35, 0.26, 0.21, 0.32, 0.37, 0.38, 0.35, 0.25, 0.33, 0.29, 0.38, 0.36, 0.23, 0.4, 0.36, 0.3, 0.31]
Fixed production cost of each product in each period f: 
[[705, 655, 697, 622, 865, 509, 746, 673, 753, 882, 776, 666, 916, 593, 521, 911, 528, 927, 757, 992, 517, 759, 645, 719, 971], [951, 818, 765, 881, 770, 703, 870, 784, 835, 820, 963, 697, 626, 709, 508, 526, 820, 840, 940, 701, 556, 901, 842, 742, 815], [935, 574, 559, 658, 775, 598, 501, 816, 868, 582, 558, 920, 837, 998, 622, 822, 842, 774, 830, 840, 617, 506, 982, 972, 682], [849, 890, 581, 767, 999, 763, 757, 974, 671, 809, 683, 666, 758, 785, 880, 988, 931, 993, 843, 790, 790, 669, 815, 527, 716], [906, 951, 732, 955, 566, 994, 574, 698, 815, 727, 900, 809, 888, 971, 583, 551, 671, 599, 860, 628, 952, 740, 857, 808, 637], [535, 737, 927, 981, 722, 685, 920, 871, 624, 683, 512, 831, 530, 841, 811, 925, 837, 934, 699, 547, 739, 650, 628, 901, 822], [845, 789, 740, 644, 567, 848, 735, 934, 932, 922, 698, 678, 871, 980, 675, 844, 900, 898, 637, 524, 756, 828, 922, 763, 551], [873, 924, 708, 776, 850, 758, 505, 761, 732, 802, 666, 725, 738, 961, 950, 736, 731, 935, 712, 865, 841, 819, 624, 616, 655], [691, 586, 527, 670, 863, 936, 581, 876, 668, 769, 981, 754, 691, 880, 858, 955, 610, 778, 827, 668, 993, 550, 789, 943, 841], [923, 769, 653, 900, 992, 944, 970, 602, 853, 953, 555, 925, 958, 624, 780, 917, 594, 909, 967, 819, 811, 653, 957, 514, 702], [855, 974, 569, 923, 559, 892, 931, 737, 550, 688, 910, 896, 964, 784, 586, 879, 988, 919, 521, 572, 636, 516, 630, 510, 697], [753, 592, 886, 788, 932, 890, 773, 700, 797, 545, 964, 708, 701, 695, 785, 971, 935, 619, 950, 748, 629, 971, 791, 528, 538], [699, 925, 848, 874, 888, 713, 984, 755, 679, 691, 918, 810, 897, 611, 679, 989, 513, 693, 773, 813, 641, 851, 779, 766, 701], [642, 504, 766, 642, 834, 898, 622, 674, 683, 519, 691, 943, 523, 628, 641, 986, 682, 748, 842, 542, 526, 939, 506, 787, 567], [531, 992, 591, 730, 822, 851, 963, 804, 700, 676, 789, 649, 864, 967, 696, 760, 538, 742, 517, 597, 986, 863, 764, 569, 875], [801, 528, 604, 689, 717, 765, 528, 835, 564, 668, 516, 707, 824, 998, 932, 552, 850, 863, 939, 582, 985, 736, 652, 867, 777], [532, 505, 845, 575, 530, 601, 999, 947, 722, 942, 701, 511, 526, 961, 737, 799, 552, 969, 684, 696, 700, 823, 840, 777, 985], [600, 656, 932, 919, 923, 631, 790, 739, 722, 764, 803, 879, 892, 632, 562, 746, 845, 923, 624, 825, 617, 833, 635, 840, 912], [745, 550, 828, 959, 992, 583, 841, 871, 844, 514, 593, 621, 621, 556, 767, 647, 853, 813, 695, 644, 769, 592, 840, 646, 580], [506, 890, 761, 754, 722, 688, 613, 683, 958, 724, 707, 944, 871, 582, 552, 999, 717, 737, 618, 501, 963, 895, 759, 551, 865], [987, 861, 708, 903, 634, 864, 713, 998, 899, 736, 528, 784, 506, 962, 529, 975, 635, 756, 526, 658, 798, 973, 619, 545, 793], [866, 760, 535, 546, 527, 586, 662, 512, 574, 726, 607, 888, 795, 704, 695, 753, 959, 968, 882, 733, 755, 700, 892, 861, 842], [812, 750, 547, 933, 960, 819, 555, 516, 887, 793, 932, 998, 767, 841, 935, 663, 997, 602, 939, 695, 626, 883, 706, 733, 650], [595, 585, 501, 929, 777, 877, 763, 836, 792, 654, 506, 721, 842, 749, 780, 525, 725, 518, 548, 857, 715, 914, 894, 755, 714], [883, 957, 613, 702, 970, 762, 628, 859, 727, 658, 730, 852, 940, 797, 667, 864, 520, 728, 821, 976, 898, 805, 559, 532, 558], [826, 805, 858, 696, 576, 858, 795, 964, 970, 582, 811, 516, 570, 634, 675, 852, 543, 619, 823, 679, 712, 864, 691, 676, 824], [729, 970, 511, 749, 837, 850, 818, 547, 670, 830, 793, 898, 614, 666, 614, 655, 935, 753, 563, 950, 729, 579, 745, 935, 688], [775, 698, 563, 693, 995, 807, 985, 757, 924, 527, 753, 563, 942, 873, 954, 956, 614, 825, 974, 872, 783, 558, 976, 695, 921], [800, 845, 912, 575, 615, 586, 606, 593, 547, 504, 730, 589, 574, 822, 771, 524, 773, 959, 557, 530, 536, 981, 950, 553, 865], [923, 830, 612, 831, 605, 902, 945, 705, 569, 609, 519, 662, 875, 580, 866, 650, 603, 712, 785, 802, 822, 711, 936, 590, 978], [543, 646, 659, 588, 857, 675, 780, 866, 879, 900, 917, 848, 556, 952, 758, 673, 988, 879, 552, 946, 643, 745, 845, 856, 913], [822, 747, 893, 801, 754, 734, 585, 752, 637, 525, 823, 507, 665, 767, 892, 521, 971, 840, 867, 873, 723, 863, 847, 540, 565], [710, 934, 827, 768, 670, 935, 630, 731, 567, 503, 820, 633, 785, 596, 597, 813, 712, 938, 575, 582, 945, 553, 917, 956, 805], [657, 760, 614, 562, 998, 948, 773, 526, 957, 864, 518, 541, 711, 748, 765, 606, 678, 958, 801, 689, 999, 771, 952, 975, 809], [820, 634, 612, 807, 620, 774, 517, 903, 951, 847, 561, 666, 680, 710, 981, 775, 779, 622, 874, 525, 522, 765, 599, 813, 615]]
Variable production cost per unit of each product in each period p: 
[[12, 12, 11, 10, 11, 12, 12, 10, 12, 10, 11, 12, 13, 13, 10, 12, 13, 13, 13, 12, 10, 12, 10, 10, 13], [10, 13, 11, 10, 11, 12, 12, 11, 11, 11, 12, 13, 13, 12, 12, 12, 10, 13, 12, 13, 13, 12, 10, 11, 11], [10, 11, 10, 13, 13, 12, 10, 10, 11, 12, 13, 10, 12, 13, 13, 11, 12, 10, 10, 12, 10, 10, 12, 13, 11], [10, 13, 13, 12, 10, 13, 13, 13, 11, 12, 12, 12, 13, 13, 13, 10, 11, 11, 11, 10, 12, 10, 13, 11, 12], [10, 10, 11, 12, 11, 11, 13, 10, 12, 13, 12, 12, 12, 10, 10, 12, 13, 12, 10, 10, 13, 12, 13, 11, 12], [10, 12, 13, 11, 11, 10, 12, 11, 13, 11, 11, 13, 13, 12, 12, 10, 10, 12, 13, 13, 10, 12, 10, 12, 10], [12, 12, 13, 11, 11, 10, 10, 11, 11, 10, 13, 10, 10, 11, 13, 10, 13, 10, 10, 12, 13, 10, 12, 12, 12], [13, 12, 11, 10, 12, 11, 10, 13, 12, 12, 12, 11, 10, 11, 13, 11, 10, 12, 11, 11, 10, 10, 12, 13, 11], [11, 11, 10, 10, 12, 10, 12, 13, 10, 10, 11, 13, 12, 13, 13, 13, 10, 12, 10, 12, 10, 13, 10, 11, 13], [12, 11, 10, 11, 11, 12, 10, 10, 11, 10, 11, 13, 10, 12, 10, 10, 12, 12, 13, 11, 11, 13, 11, 10, 13], [11, 10, 10, 12, 13, 10, 10, 12, 10, 10, 13, 11, 13, 12, 13, 13, 12, 11, 11, 13, 13, 12, 11, 13, 13], [13, 12, 11, 11, 11, 10, 12, 11, 13, 10, 10, 11, 13, 10, 13, 12, 11, 10, 11, 13, 12, 12, 10, 10, 13], [12, 12, 12, 13, 13, 11, 13, 10, 12, 10, 12, 13, 10, 13, 12, 12, 12, 11, 13, 12, 12, 10, 12, 12, 13], [10, 11, 10, 12, 13, 12, 13, 11, 11, 11, 12, 12, 11, 11, 13, 11, 11, 10, 11, 12, 12, 11, 12, 10, 11], [10, 10, 10, 12, 11, 11, 13, 12, 10, 13, 10, 12, 12, 10, 13, 13, 11, 13, 10, 10, 13, 11, 10, 11, 12], [13, 12, 12, 10, 13, 10, 12, 11, 10, 10, 10, 13, 12, 10, 12, 10, 12, 13, 12, 13, 12, 13, 12, 12, 10], [12, 11, 10, 10, 10, 12, 12, 11, 10, 10, 13, 10, 11, 13, 10, 11, 13, 12, 13, 11, 13, 11, 11, 12, 12], [11, 13, 11, 12, 11, 11, 11, 13, 10, 13, 11, 12, 11, 13, 12, 12, 12, 13, 10, 10, 12, 13, 13, 12, 10], [12, 11, 10, 12, 12, 13, 12, 10, 10, 11, 11, 12, 13, 13, 11, 12, 13, 10, 12, 12, 13, 13, 10, 10, 12], [13, 11, 11, 10, 12, 10, 11, 10, 12, 13, 12, 11, 13, 13, 12, 11, 12, 13, 13, 13, 13, 11, 13, 10, 11], [10, 12, 13, 10, 12, 13, 13, 11, 12, 13, 10, 13, 12, 11, 12, 13, 12, 12, 12, 10, 11, 11, 12, 10, 10], [13, 10, 10, 11, 11, 12, 12, 12, 12, 10, 12, 13, 12, 10, 12, 12, 10, 11, 11, 13, 11, 12, 13, 11, 12], [11, 11, 13, 11, 12, 13, 10, 12, 13, 10, 11, 12, 13, 12, 10, 13, 10, 12, 13, 10, 11, 11, 12, 13, 10], [10, 12, 12, 12, 13, 12, 12, 13, 10, 13, 12, 10, 13, 13, 12, 11, 13, 13, 10, 11, 12, 12, 13, 13, 11], [12, 10, 12, 11, 13, 13, 13, 11, 12, 12, 13, 11, 13, 12, 11, 13, 10, 11, 11, 10, 10, 11, 13, 10, 12], [12, 11, 12, 10, 13, 10, 10, 10, 10, 11, 13, 13, 11, 13, 10, 10, 11, 10, 13, 10, 13, 12, 13, 10, 11], [11, 10, 11, 11, 13, 12, 10, 13, 13, 10, 12, 10, 11, 13, 12, 12, 13, 12, 10, 13, 12, 12, 12, 13, 12], [10, 12, 10, 12, 12, 10, 12, 10, 12, 11, 11, 11, 12, 10, 11, 12, 11, 12, 11, 13, 10, 12, 11, 10, 12], [10, 12, 12, 11, 13, 12, 13, 10, 12, 12, 12, 13, 12, 13, 11, 13, 10, 11, 11, 10, 13, 12, 11, 11, 10], [10, 12, 10, 10, 10, 11, 10, 13, 12, 12, 10, 10, 10, 11, 13, 13, 12, 13, 11, 10, 10, 13, 10, 12, 10], [10, 10, 11, 13, 12, 12, 10, 13, 10, 11, 10, 12, 11, 12, 13, 11, 13, 12, 13, 10, 11, 12, 12, 11, 10], [13, 13, 13, 10, 13, 12, 11, 11, 12, 10, 10, 13, 10, 11, 12, 13, 12, 11, 11, 13, 11, 12, 12, 13, 11], [11, 13, 13, 13, 12, 12, 11, 13, 12, 10, 12, 11, 12, 13, 11, 10, 10, 11, 13, 12, 12, 11, 12, 10, 10], [12, 13, 11, 12, 12, 10, 10, 10, 12, 10, 13, 12, 13, 10, 11, 12, 10, 13, 13, 13, 10, 13, 12, 10, 11], [13, 11, 10, 10, 12, 12, 10, 13, 13, 11, 10, 13, 11, 12, 13, 13, 11, 12, 12, 13, 11, 11, 13, 10, 12]]
Inventory holding cost per unit of each product by the end of each period h: 
[[7, 7, 8, 7, 7, 7, 5, 5, 9, 6, 6, 6, 8, 6, 9, 7, 7, 8, 6, 9, 7, 5, 5, 5, 6], [5, 5, 8, 9, 8, 5, 8, 6, 5, 9, 8, 7, 8, 6, 9, 5, 5, 7, 7, 9, 6, 8, 8, 6, 7], [7, 7, 7, 7, 8, 8, 5, 5, 5, 9, 5, 9, 8, 7, 8, 9, 9, 6, 6, 7, 7, 6, 5, 5, 5], [8, 8, 5, 5, 5, 7, 7, 8, 9, 5, 8, 9, 5, 9, 8, 9, 5, 9, 7, 5, 8, 5, 9, 6, 7], [6, 6, 6, 6, 6, 7, 7, 6, 7, 8, 5, 7, 5, 9, 9, 9, 5, 5, 8, 6, 5, 6, 7, 9, 5], [8, 8, 9, 6, 6, 9, 7, 5, 7, 8, 9, 6, 9, 8, 8, 6, 5, 9, 9, 6, 9, 9, 5, 8, 7], [5, 6, 6, 8, 8, 7, 5, 8, 9, 7, 8, 7, 7, 7, 9, 7, 7, 8, 6, 9, 7, 7, 7, 9, 5], [5, 5, 7, 6, 5, 7, 6, 9, 9, 8, 8, 6, 6, 8, 6, 8, 5, 9, 5, 6, 9, 5, 9, 6, 8], [5, 6, 8, 6, 8, 9, 8, 5, 8, 5, 7, 9, 8, 5, 6, 7, 6, 9, 9, 6, 5, 9, 5, 9, 6], [9, 9, 6, 8, 9, 5, 7, 5, 9, 8, 9, 7, 5, 8, 9, 6, 8, 9, 5, 8, 8, 7, 7, 8, 8], [7, 5, 7, 7, 7, 9, 5, 5, 6, 8, 8, 8, 8, 7, 5, 9, 9, 6, 9, 6, 5, 6, 7, 6, 6], [9, 9, 9, 8, 7, 6, 7, 6, 6, 7, 5, 8, 9, 8, 9, 9, 8, 6, 5, 5, 9, 8, 8, 6, 9], [7, 5, 9, 9, 5, 5, 9, 7, 5, 8, 7, 5, 9, 8, 9, 5, 9, 8, 8, 9, 5, 7, 5, 7, 8], [7, 6, 5, 6, 8, 7, 8, 7, 5, 9, 8, 6, 8, 8, 7, 7, 8, 6, 9, 8, 8, 5, 8, 9, 9], [8, 9, 8, 5, 5, 6, 9, 5, 5, 5, 6, 9, 6, 6, 9, 8, 9, 8, 6, 8, 9, 9, 5, 9, 6], [6, 8, 6, 5, 8, 9, 5, 7, 7, 9, 7, 6, 7, 6, 6, 5, 8, 5, 5, 9, 7, 9, 8, 5, 5], [6, 7, 5, 9, 9, 8, 8, 6, 9, 5, 6, 9, 9, 6, 5, 7, 5, 6, 9, 6, 8, 8, 9, 8, 5], [7, 8, 6, 9, 6, 6, 5, 7, 6, 9, 7, 6, 5, 6, 8, 5, 5, 8, 6, 5, 8, 8, 9, 8, 9], [8, 9, 9, 5, 9, 7, 7, 9, 8, 7, 5, 9, 9, 9, 8, 5, 6, 6, 8, 5, 6, 5, 7, 7, 6], [9, 9, 6, 8, 6, 8, 8, 8, 8, 8, 8, 7, 6, 6, 6, 8, 6, 7, 9, 5, 6, 6, 5, 6, 5], [5, 8, 9, 6, 8, 9, 5, 6, 9, 9, 7, 8, 9, 6, 5, 9, 6, 7, 8, 7, 5, 8, 5, 8, 7], [5, 9, 6, 8, 6, 8, 5, 8, 6, 6, 6, 5, 7, 9, 9, 5, 9, 9, 8, 7, 6, 7, 6, 6, 9], [8, 6, 5, 6, 5, 8, 5, 5, 7, 8, 8, 9, 7, 9, 6, 8, 7, 5, 8, 5, 6, 9, 9, 9, 9], [6, 6, 5, 6, 6, 5, 9, 5, 8, 8, 9, 5, 6, 5, 5, 8, 7, 5, 9, 8, 7, 7, 6, 7, 6], [6, 6, 5, 7, 9, 5, 7, 5, 9, 6, 7, 5, 9, 7, 7, 7, 5, 5, 5, 8, 9, 6, 5, 6, 5], [7, 7, 5, 9, 9, 8, 9, 8, 6, 5, 6, 8, 8, 5, 8, 9, 7, 5, 6, 8, 7, 8, 7, 8, 6], [5, 7, 8, 6, 5, 9, 9, 7, 8, 6, 8, 9, 7, 5, 7, 7, 7, 6, 8, 6, 6, 7, 9, 5, 9], [6, 9, 5, 8, 7, 9, 6, 5, 8, 7, 9, 8, 8, 6, 9, 8, 9, 8, 6, 9, 7, 9, 6, 7, 9], [6, 5, 5, 5, 6, 5, 9, 6, 7, 6, 5, 5, 9, 9, 7, 6, 7, 9, 7, 9, 9, 9, 7, 8, 9], [5, 9, 5, 6, 9, 7, 9, 8, 5, 6, 7, 7, 5, 8, 6, 9, 5, 5, 5, 6, 8, 9, 9, 5, 5], [9, 9, 5, 8, 6, 8, 9, 7, 5, 9, 5, 7, 7, 7, 8, 8, 5, 5, 5, 5, 7, 5, 5, 5, 7], [8, 7, 5, 6, 8, 7, 6, 6, 5, 6, 8, 5, 8, 5, 8, 7, 8, 7, 5, 6, 8, 5, 5, 5, 9], [6, 8, 8, 9, 9, 5, 7, 8, 6, 5, 7, 5, 8, 6, 6, 8, 8, 8, 5, 8, 9, 9, 7, 5, 9], [8, 9, 5, 6, 7, 6, 6, 8, 7, 6, 5, 6, 6, 9, 6, 5, 8, 5, 6, 7, 7, 6, 7, 8, 8], [9, 5, 5, 5, 6, 8, 8, 7, 8, 9, 9, 6, 8, 7, 5, 6, 6, 7, 9, 9, 9, 9, 8, 6, 7]]
Demand for each product in each period d: 
[[29, 46, 11, 5, 46, 34, 21, 44, 0, 3, 0, 48, 6, 36, 2, 48, 44, 42, 8, 46, 12, 14, 34, 8, 46], [3, 33, 49, 10, 30, 37, 1, 37, 42, 44, 44, 49, 37, 38, 38, 0, 46, 31, 20, 21, 23, 0, 20, 34, 17], [27, 36, 0, 31, 38, 42, 6, 44, 9, 26, 47, 30, 3, 28, 39, 10, 44, 34, 4, 11, 43, 24, 32, 28, 46], [22, 0, 24, 6, 24, 46, 1, 41, 9, 24, 35, 11, 14, 0, 19, 25, 9, 17, 13, 20, 30, 16, 17, 5, 35], [31, 5, 26, 16, 36, 42, 30, 42, 31, 35, 5, 46, 19, 23, 15, 24, 6, 30, 22, 9, 0, 42, 12, 39, 13], [34, 2, 45, 43, 19, 15, 40, 30, 8, 39, 39, 30, 13, 45, 0, 30, 31, 30, 11, 31, 7, 33, 0, 41, 17], [45, 34, 17, 25, 18, 33, 24, 6, 20, 38, 14, 33, 16, 14, 37, 3, 16, 14, 41, 32, 4, 28, 35, 35, 4], [29, 48, 26, 33, 26, 30, 24, 21, 15, 36, 0, 0, 41, 35, 12, 23, 19, 17, 22, 23, 17, 30, 15, 41, 11], [36, 46, 34, 23, 35, 36, 25, 13, 15, 1, 20, 10, 38, 0, 1, 26, 8, 33, 6, 7, 41, 21, 46, 46, 17], [15, 13, 42, 35, 25, 0, 10, 20, 36, 17, 49, 31, 45, 42, 19, 47, 31, 48, 32, 43, 8, 47, 12, 2, 31], [8, 15, 11, 28, 24, 43, 43, 14, 33, 15, 36, 48, 18, 43, 15, 26, 11, 38, 17, 34, 6, 20, 39, 44, 34], [0, 4, 0, 32, 44, 4, 43, 28, 33, 46, 44, 0, 36, 4, 45, 46, 34, 18, 25, 11, 13, 3, 43, 6, 43], [6, 18, 36, 46, 31, 12, 4, 2, 13, 11, 46, 2, 32, 17, 9, 40, 33, 39, 20, 9, 18, 19, 0, 5, 44], [4, 22, 46, 19, 39, 5, 47, 47, 38, 19, 14, 40, 15, 15, 41, 25, 46, 32, 35, 34, 43, 0, 44, 4, 24], [36, 30, 25, 5, 7, 18, 17, 49, 39, 21, 44, 1, 41, 6, 34, 36, 34, 16, 23, 43, 14, 8, 5, 18, 23], [3, 34, 27, 13, 47, 16, 46, 25, 31, 40, 33, 44, 32, 0, 29, 0, 47, 4, 27, 21, 31, 22, 45, 36, 37], [39, 38, 43, 37, 9, 9, 49, 21, 2, 42, 28, 30, 41, 18, 30, 5, 28, 48, 46, 26, 17, 38, 33, 34, 35], [35, 37, 31, 43, 41, 39, 6, 48, 9, 14, 4, 18, 4, 23, 6, 2, 11, 38, 28, 31, 22, 41, 33, 30, 0], [0, 39, 40, 0, 41, 13, 21, 22, 34, 14, 26, 29, 43, 36, 26, 0, 45, 21, 12, 36, 12, 40, 29, 17, 6], [29, 49, 46, 39, 30, 41, 21, 10, 1, 20, 39, 38, 37, 8, 43, 5, 29, 9, 39, 5, 28, 35, 0, 11, 23], [24, 11, 42, 11, 23, 46, 27, 49, 0, 27, 23, 17, 21, 13, 33, 8, 18, 38, 0, 0, 0, 0, 16, 23, 7], [5, 35, 10, 39, 48, 42, 35, 8, 2, 7, 16, 1, 20, 30, 22, 12, 10, 21, 44, 34, 6, 20, 44, 26, 9], [0, 31, 30, 21, 34, 11, 12, 17, 33, 6, 9, 30, 0, 35, 41, 37, 37, 36, 46, 0, 46, 43, 46, 19, 5], [36, 6, 9, 26, 31, 29, 0, 20, 20, 20, 43, 22, 13, 28, 0, 23, 15, 20, 32, 44, 48, 3, 15, 4, 37], [38, 28, 32, 23, 42, 0, 18, 30, 39, 43, 12, 16, 14, 0, 44, 25, 42, 6, 8, 34, 4, 24, 29, 15, 0], [6, 41, 42, 1, 32, 16, 0, 31, 27, 4, 0, 39, 7, 0, 2, 21, 22, 8, 9, 29, 39, 13, 12, 3, 48], [0, 15, 39, 26, 21, 6, 20, 0, 20, 21, 46, 49, 34, 0, 4, 22, 39, 25, 23, 35, 20, 25, 17, 24, 21], [20, 2, 24, 33, 2, 27, 49, 30, 20, 24, 39, 45, 44, 33, 8, 0, 42, 39, 0, 12, 11, 44, 17, 10, 40], [21, 47, 14, 11, 12, 29, 8, 48, 48, 5, 49, 49, 48, 25, 4, 31, 46, 48, 10, 27, 12, 48, 0, 22, 11], [14, 21, 40, 35, 43, 5, 3, 29, 31, 14, 40, 15, 41, 29, 36, 24, 31, 34, 18, 46, 28, 45, 20, 7, 25], [8, 35, 21, 9, 47, 39, 9, 0, 12, 2, 40, 1, 26, 42, 45, 47, 31, 47, 42, 40, 36, 34, 0, 8, 21], [0, 41, 29, 42, 0, 34, 30, 5, 8, 36, 19, 23, 17, 27, 4, 5, 26, 49, 41, 4, 38, 37, 30, 40, 35], [7, 0, 25, 3, 0, 30, 44, 18, 37, 17, 9, 8, 22, 13, 46, 13, 47, 35, 0, 27, 30, 2, 1, 6, 17], [0, 39, 0, 38, 11, 49, 38, 22, 26, 8, 29, 34, 17, 15, 30, 42, 38, 0, 2, 0, 46, 4, 13, 11, 12], [23, 0, 4, 33, 8, 20, 22, 30, 47, 12, 10, 47, 8, 44, 46, 46, 29, 46, 47, 31, 23, 10, 1, 35, 28]]
Maintenance cost in each period m: 
[6538, 4055, 5355, 6128, 5222, 3704, 4452, 3711, 5965, 4038, 5509, 4074, 5463, 3881, 5884, 4581, 7228, 3884, 7384, 6402, 4007, 7171, 3851, 5879, 5109]
Maximum capacity of the machine cmax: 
1645