Set of periods in the planning horizon T: 
25
Set of products P: 
25
Capacity reduction coefficient alpha: 
0.8
Relative decrease of capacity per set up gamma: 
0.22
Capacity reduction coefficient due to product types beta: 
[0.27, 0.29, 0.32, 0.26, 0.24, 0.38, 0.35, 0.39, 0.21, 0.32, 0.28, 0.3, 0.26, 0.26, 0.38, 0.22, 0.36, 0.3, 0.39, 0.31, 0.25, 0.29, 0.29, 0.38, 0.25]
Fixed production cost of each product in each period f: 
[[873, 659, 710, 859, 565, 990, 526, 625, 625, 797, 502, 897, 509, 509, 507, 845, 686, 561, 594, 571, 536, 870, 676, 571, 703], [700, 954, 858, 904, 773, 974, 535, 543, 734, 938, 656, 684, 792, 606, 754, 515, 742, 812, 746, 510, 815, 736, 987, 607, 616], [964, 982, 960, 942, 553, 836, 852, 883, 571, 982, 549, 919, 871, 702, 855, 503, 831, 749, 866, 531, 510, 696, 958, 908, 655], [977, 995, 995, 963, 989, 807, 909, 676, 915, 760, 530, 825, 508, 688, 765, 675, 510, 810, 738, 591, 600, 615, 541, 922, 500], [931, 972, 505, 948, 875, 774, 614, 742, 618, 592, 512, 989, 728, 777, 606, 866, 911, 585, 537, 685, 877, 594, 693, 738, 719], [999, 727, 947, 586, 903, 790, 991, 681, 888, 715, 747, 831, 719, 538, 833, 928, 983, 653, 551, 587, 527, 581, 975, 568, 623], [989, 937, 798, 745, 721, 621, 713, 726, 872, 943, 561, 544, 928, 718, 856, 886, 614, 861, 997, 629, 744, 911, 524, 856, 640], [615, 698, 914, 839, 954, 651, 829, 811, 530, 923, 630, 526, 938, 913, 965, 736, 977, 731, 964, 527, 808, 537, 560, 703, 683], [721, 560, 907, 793, 998, 784, 924, 960, 596, 505, 688, 776, 702, 702, 516, 982, 525, 562, 581, 904, 742, 824, 742, 782, 843], [995, 547, 512, 778, 568, 611, 738, 648, 722, 717, 833, 869, 709, 777, 798, 520, 568, 993, 509, 716, 642, 568, 536, 866, 722], [901, 515, 646, 562, 672, 841, 925, 782, 927, 813, 986, 806, 730, 756, 570, 707, 764, 572, 517, 926, 812, 506, 902, 549, 847], [646, 585, 669, 670, 684, 576, 539, 974, 561, 521, 591, 777, 834, 557, 792, 537, 850, 789, 941, 879, 685, 972, 866, 705, 681], [930, 764, 794, 879, 858, 571, 735, 797, 616, 649, 779, 655, 696, 718, 721, 912, 979, 531, 705, 871, 661, 967, 634, 732, 686], [994, 975, 714, 770, 791, 832, 553, 649, 520, 770, 801, 768, 809, 596, 558, 937, 616, 646, 621, 840, 852, 616, 818, 988, 765], [859, 648, 670, 526, 696, 509, 886, 705, 600, 901, 699, 849, 522, 878, 560, 932, 534, 867, 996, 613, 631, 945, 760, 863, 780], [642, 667, 727, 653, 818, 565, 742, 957, 696, 574, 545, 676, 718, 997, 628, 922, 742, 897, 997, 565, 958, 667, 541, 802, 599], [541, 948, 629, 873, 536, 873, 560, 609, 780, 803, 898, 533, 741, 718, 937, 762, 698, 515, 660, 958, 971, 609, 955, 682, 862], [960, 608, 660, 811, 822, 938, 663, 718, 998, 587, 913, 511, 603, 795, 706, 624, 835, 552, 766, 983, 929, 972, 876, 511, 927], [735, 629, 554, 699, 844, 863, 896, 722, 994, 654, 671, 648, 806, 594, 841, 816, 603, 573, 947, 774, 755, 783, 959, 689, 781], [818, 757, 999, 504, 643, 708, 767, 580, 528, 514, 841, 705, 549, 596, 893, 986, 735, 982, 655, 716, 638, 902, 989, 875, 941], [983, 721, 631, 545, 646, 806, 584, 804, 781, 964, 593, 806, 937, 537, 765, 615, 696, 521, 932, 728, 661, 810, 542, 851, 690], [898, 615, 886, 769, 729, 743, 844, 509, 864, 557, 605, 789, 867, 942, 675, 722, 949, 690, 567, 501, 920, 960, 792, 637, 690], [871, 745, 911, 726, 624, 549, 969, 500, 560, 755, 821, 853, 951, 516, 569, 798, 696, 966, 872, 512, 739, 626, 616, 873, 935], [927, 773, 566, 969, 506, 662, 834, 514, 765, 633, 953, 846, 891, 545, 975, 717, 518, 941, 755, 781, 718, 584, 562, 804, 818], [869, 594, 677, 866, 841, 737, 714, 622, 835, 955, 578, 953, 644, 685, 548, 651, 846, 717, 726, 595, 782, 655, 513, 626, 574]]
Variable production cost per unit of each product in each period p: 
[[10, 11, 12, 12, 10, 11, 10, 10, 12, 10, 11, 11, 12, 10, 11, 12, 10, 13, 11, 10, 10, 12, 11, 12, 11], [10, 12, 11, 11, 11, 13, 11, 12, 13, 11, 10, 10, 12, 13, 10, 13, 13, 10, 13, 13, 13, 13, 11, 11, 10], [11, 11, 10, 10, 10, 13, 12, 10, 11, 13, 13, 12, 12, 12, 11, 13, 12, 11, 13, 10, 10, 11, 12, 13, 11], [10, 10, 11, 11, 13, 12, 10, 13, 12, 11, 11, 13, 10, 13, 11, 10, 10, 12, 10, 13, 10, 12, 10, 10, 10], [13, 12, 10, 13, 12, 10, 12, 13, 10, 10, 12, 12, 11, 10, 13, 11, 10, 12, 11, 13, 12, 13, 13, 13, 12], [12, 11, 10, 10, 11, 12, 13, 12, 11, 11, 11, 11, 13, 11, 11, 11, 10, 12, 12, 12, 10, 12, 10, 12, 12], [12, 10, 12, 10, 13, 13, 13, 12, 13, 12, 12, 11, 12, 11, 12, 11, 10, 12, 12, 11, 10, 11, 13, 10, 10], [11, 12, 10, 11, 10, 13, 10, 11, 12, 11, 10, 11, 11, 11, 11, 11, 11, 10, 11, 13, 10, 10, 12, 12, 12], [13, 11, 10, 13, 10, 13, 13, 10, 10, 12, 13, 12, 10, 10, 11, 13, 11, 11, 13, 12, 13, 13, 13, 11, 12], [10, 11, 10, 12, 11, 11, 10, 12, 10, 12, 10, 11, 10, 10, 13, 10, 12, 11, 11, 10, 12, 11, 12, 10, 13], [10, 12, 12, 11, 10, 11, 13, 13, 11, 13, 10, 12, 12, 13, 13, 12, 13, 12, 11, 13, 13, 12, 13, 11, 11], [13, 13, 13, 13, 10, 11, 10, 11, 10, 11, 12, 13, 12, 13, 12, 10, 10, 10, 12, 12, 11, 13, 13, 11, 13], [12, 11, 12, 12, 13, 11, 11, 13, 12, 12, 10, 11, 10, 13, 13, 11, 12, 12, 13, 11, 11, 12, 11, 12, 13], [12, 10, 10, 12, 13, 11, 12, 11, 10, 13, 10, 13, 11, 13, 11, 11, 11, 12, 12, 12, 11, 13, 11, 11, 13], [10, 10, 11, 12, 10, 13, 11, 13, 11, 11, 10, 11, 13, 11, 11, 10, 10, 11, 12, 13, 12, 10, 11, 10, 10], [13, 12, 10, 11, 11, 10, 11, 12, 10, 10, 10, 10, 11, 12, 11, 10, 13, 10, 13, 12, 13, 12, 13, 11, 11], [12, 11, 12, 13, 13, 11, 11, 10, 11, 11, 10, 12, 12, 10, 11, 11, 11, 10, 13, 11, 11, 12, 13, 11, 13], [11, 12, 10, 11, 11, 10, 11, 13, 10, 12, 13, 13, 10, 11, 11, 10, 12, 13, 12, 11, 12, 13, 11, 13, 12], [12, 13, 13, 10, 13, 10, 11, 13, 11, 10, 12, 12, 13, 11, 12, 10, 13, 10, 13, 10, 11, 10, 10, 13, 12], [12, 13, 13, 10, 10, 13, 11, 12, 10, 13, 12, 13, 13, 11, 12, 12, 12, 12, 12, 11, 13, 10, 12, 12, 13], [13, 11, 10, 10, 13, 10, 11, 11, 12, 12, 10, 12, 12, 12, 13, 10, 10, 12, 10, 13, 12, 11, 13, 13, 12], [12, 11, 11, 12, 13, 13, 10, 12, 10, 10, 10, 11, 13, 10, 12, 11, 12, 13, 11, 13, 11, 13, 11, 12, 13], [10, 11, 13, 12, 12, 11, 10, 13, 13, 12, 11, 10, 12, 11, 12, 11, 10, 10, 12, 11, 12, 11, 11, 13, 12], [12, 11, 11, 12, 13, 12, 11, 11, 11, 12, 11, 12, 13, 12, 13, 12, 11, 13, 12, 11, 11, 10, 11, 10, 11], [10, 13, 10, 11, 10, 11, 13, 13, 13, 12, 11, 13, 11, 13, 10, 11, 13, 10, 12, 12, 11, 13, 10, 11, 11]]
Inventory holding cost per unit of each product by the end of each period h: 
[[9, 9, 6, 9, 9, 7, 7, 7, 5, 6, 7, 5, 5, 7, 5, 7, 7, 7, 8, 6, 6, 9, 5, 5, 8], [6, 5, 6, 8, 7, 8, 8, 8, 7, 8, 9, 9, 9, 9, 7, 6, 8, 8, 9, 9, 7, 7, 9, 5, 7], [8, 5, 5, 5, 7, 8, 9, 5, 9, 9, 9, 6, 7, 6, 6, 7, 5, 9, 7, 9, 6, 6, 9, 7, 6], [8, 9, 9, 8, 9, 9, 9, 9, 9, 8, 9, 6, 9, 6, 6, 6, 8, 5, 7, 8, 9, 9, 8, 5, 9], [6, 7, 6, 7, 9, 7, 5, 6, 6, 8, 8, 8, 8, 5, 9, 7, 9, 9, 6, 6, 6, 9, 8, 5, 7], [8, 7, 5, 8, 6, 7, 6, 8, 9, 8, 8, 6, 6, 8, 6, 6, 9, 5, 9, 6, 5, 6, 6, 6, 7], [5, 6, 8, 6, 9, 7, 6, 5, 6, 6, 8, 7, 5, 6, 6, 8, 8, 6, 9, 8, 8, 7, 7, 5, 7], [7, 6, 9, 5, 9, 5, 8, 7, 9, 7, 6, 9, 5, 8, 5, 5, 5, 8, 6, 8, 7, 8, 7, 8, 9], [6, 5, 6, 8, 5, 8, 8, 8, 7, 5, 6, 5, 9, 6, 5, 6, 8, 5, 9, 8, 9, 7, 9, 7, 6], [9, 5, 5, 6, 8, 9, 7, 6, 6, 7, 9, 7, 8, 8, 8, 7, 8, 5, 8, 6, 5, 9, 6, 7, 7], [7, 6, 9, 8, 8, 5, 5, 5, 9, 7, 5, 8, 8, 6, 8, 8, 8, 9, 5, 9, 8, 8, 8, 8, 5], [8, 5, 9, 8, 7, 5, 6, 6, 6, 9, 9, 7, 7, 6, 5, 7, 9, 5, 8, 8, 8, 7, 5, 5, 8], [7, 5, 5, 6, 6, 5, 5, 9, 5, 6, 8, 6, 5, 5, 7, 8, 7, 7, 6, 7, 7, 6, 6, 5, 9], [9, 7, 7, 5, 7, 7, 7, 5, 9, 8, 9, 5, 8, 9, 6, 5, 6, 5, 7, 8, 8, 7, 8, 5, 9], [5, 8, 7, 5, 7, 6, 7, 6, 5, 6, 6, 6, 7, 6, 5, 8, 6, 8, 9, 6, 6, 8, 6, 7, 8], [7, 7, 8, 9, 9, 6, 9, 5, 9, 6, 8, 5, 8, 5, 6, 8, 9, 9, 9, 9, 6, 7, 7, 8, 5], [7, 6, 7, 5, 9, 8, 5, 5, 6, 5, 9, 5, 6, 9, 9, 8, 5, 6, 6, 8, 9, 5, 8, 5, 7], [9, 6, 6, 7, 7, 8, 8, 7, 9, 6, 6, 5, 5, 6, 9, 5, 8, 6, 7, 7, 7, 6, 8, 8, 6], [8, 7, 9, 9, 5, 9, 9, 9, 7, 5, 7, 8, 6, 8, 8, 7, 7, 7, 7, 7, 5, 8, 8, 9, 5], [8, 5, 9, 7, 5, 6, 5, 9, 7, 6, 7, 8, 6, 7, 8, 9, 5, 7, 8, 5, 7, 9, 5, 7, 9], [6, 8, 6, 7, 9, 8, 7, 8, 8, 8, 7, 8, 6, 9, 8, 8, 9, 6, 6, 8, 8, 9, 6, 7, 5], [6, 8, 5, 6, 5, 8, 6, 8, 9, 8, 8, 8, 9, 9, 8, 5, 7, 7, 7, 5, 7, 7, 7, 9, 9], [7, 6, 7, 8, 7, 7, 8, 7, 8, 8, 6, 8, 8, 7, 8, 7, 6, 7, 6, 6, 5, 5, 8, 6, 9], [8, 5, 5, 7, 9, 6, 5, 9, 6, 7, 7, 6, 8, 5, 5, 6, 6, 8, 7, 5, 9, 5, 9, 6, 7], [9, 8, 7, 5, 5, 7, 5, 6, 8, 7, 9, 7, 9, 5, 8, 7, 5, 9, 9, 5, 7, 5, 5, 6, 8]]
Demand for each product in each period d: 
[[0, 0, 42, 9, 33, 3, 45, 42, 34, 38, 0, 26, 38, 6, 22, 43, 5, 43, 2, 45, 1, 31, 44, 5, 3], [3, 16, 27, 41, 13, 26, 18, 19, 26, 43, 1, 17, 32, 48, 0, 38, 28, 48, 21, 34, 29, 13, 43, 16, 37], [37, 18, 16, 0, 13, 7, 3, 18, 14, 39, 15, 14, 43, 35, 16, 15, 36, 38, 20, 43, 30, 45, 14, 7, 45], [26, 18, 35, 43, 15, 20, 12, 49, 5, 0, 24, 32, 40, 32, 32, 38, 46, 6, 46, 9, 1, 17, 24, 39, 39], [39, 40, 13, 15, 42, 23, 29, 38, 45, 22, 33, 26, 6, 28, 16, 27, 15, 46, 32, 7, 12, 32, 13, 43, 16], [46, 24, 0, 11, 39, 19, 4, 42, 21, 43, 46, 26, 4, 10, 49, 39, 26, 14, 30, 27, 13, 11, 25, 48, 37], [45, 12, 31, 40, 40, 18, 14, 23, 23, 32, 7, 31, 14, 1, 27, 44, 20, 37, 17, 39, 24, 5, 7, 39, 23], [25, 1, 11, 20, 47, 7, 9, 21, 10, 49, 8, 34, 19, 4, 35, 7, 18, 22, 24, 3, 18, 0, 22, 40, 30], [20, 15, 9, 19, 13, 13, 27, 12, 37, 41, 4, 28, 42, 13, 32, 5, 13, 16, 47, 42, 47, 30, 9, 47, 16], [28, 9, 28, 9, 6, 3, 7, 3, 38, 0, 29, 42, 1, 49, 4, 41, 43, 40, 16, 43, 35, 29, 37, 19, 47], [45, 32, 2, 17, 39, 7, 38, 16, 22, 8, 7, 12, 38, 10, 34, 9, 31, 46, 18, 47, 0, 41, 48, 39, 45], [17, 24, 36, 3, 26, 10, 45, 6, 14, 24, 6, 27, 26, 39, 8, 48, 0, 22, 27, 3, 32, 45, 49, 21, 36], [46, 19, 39, 0, 26, 16, 24, 2, 46, 2, 18, 16, 20, 15, 45, 38, 24, 18, 45, 42, 20, 41, 36, 1, 20], [31, 28, 31, 12, 38, 26, 37, 12, 28, 35, 25, 21, 34, 12, 33, 25, 3, 32, 47, 9, 1, 39, 46, 31, 20], [35, 4, 48, 12, 30, 4, 24, 49, 49, 1, 32, 31, 49, 34, 1, 34, 44, 45, 5, 29, 9, 2, 36, 23, 22], [29, 13, 0, 2, 9, 0, 17, 37, 15, 39, 47, 1, 43, 26, 21, 7, 32, 48, 23, 40, 2, 16, 20, 36, 29], [31, 15, 39, 6, 26, 47, 11, 48, 21, 1, 19, 29, 27, 35, 29, 45, 41, 32, 0, 18, 1, 41, 21, 36, 21], [30, 27, 19, 8, 28, 29, 0, 10, 21, 7, 2, 47, 18, 28, 26, 7, 7, 7, 5, 35, 23, 6, 41, 29, 47], [42, 12, 10, 19, 31, 2, 16, 15, 5, 4, 30, 3, 5, 10, 41, 19, 4, 30, 44, 41, 36, 0, 23, 35, 17], [28, 30, 20, 30, 11, 17, 0, 46, 0, 18, 1, 36, 14, 6, 11, 12, 20, 11, 18, 41, 11, 0, 2, 31, 0], [16, 29, 0, 16, 13, 12, 15, 48, 25, 49, 9, 13, 34, 7, 0, 47, 31, 15, 29, 8, 32, 15, 49, 49, 0], [12, 7, 2, 7, 3, 8, 18, 3, 9, 29, 1, 12, 5, 32, 1, 29, 11, 0, 1, 43, 34, 13, 10, 44, 0], [23, 24, 23, 41, 43, 26, 45, 27, 47, 3, 20, 4, 27, 8, 27, 22, 19, 30, 1, 47, 9, 24, 31, 2, 45], [26, 11, 3, 24, 33, 38, 21, 25, 48, 16, 0, 18, 42, 23, 13, 0, 25, 32, 0, 43, 12, 32, 15, 0, 18], [1, 39, 16, 33, 19, 11, 13, 5, 43, 25, 32, 28, 45, 29, 17, 46, 36, 49, 31, 21, 17, 47, 23, 25, 47]]
Maintenance cost in each period m: 
[3209, 4349, 5722, 5595, 5534, 5717, 5046, 5256, 4067, 6593, 5101, 6501, 2904, 6056, 4573, 3873, 5588, 5642, 4209, 6635, 3647, 4026, 4410, 3969, 3163]
Maximum capacity of the machine cmax: 
1000