Set of periods in the planning horizon T: 
25
Set of products P: 
30
Capacity reduction coefficient alpha: 
0.8
Relative decrease of capacity per set up gamma: 
0.39
Capacity reduction coefficient due to product types beta: 
[0.26, 0.33, 0.31, 0.28, 0.31, 0.31, 0.31, 0.21, 0.39, 0.29, 0.24, 0.23, 0.35, 0.37, 0.26, 0.34, 0.2, 0.21, 0.4, 0.31, 0.31, 0.37, 0.23, 0.37, 0.2, 0.31, 0.32, 0.37, 0.28, 0.35]
Fixed production cost of each product in each period f: 
[[522, 626, 942, 662, 774, 981, 919, 698, 835, 901, 552, 885, 851, 738, 968, 517, 801, 702, 984, 949, 566, 540, 613, 885, 842], [766, 728, 871, 836, 811, 859, 543, 696, 926, 997, 711, 950, 804, 784, 605, 578, 885, 859, 536, 864, 649, 960, 939, 564, 632], [665, 834, 558, 792, 985, 686, 845, 890, 641, 713, 502, 555, 650, 650, 735, 784, 718, 612, 802, 825, 923, 663, 937, 876, 706], [964, 974, 539, 973, 713, 685, 724, 569, 742, 800, 626, 560, 826, 552, 970, 778, 583, 664, 766, 608, 900, 892, 679, 798, 801], [723, 517, 865, 753, 827, 687, 951, 536, 630, 858, 529, 959, 563, 948, 608, 695, 541, 567, 681, 804, 820, 662, 880, 928, 788], [786, 862, 770, 500, 792, 628, 935, 721, 536, 585, 616, 753, 811, 647, 641, 818, 872, 864, 509, 938, 923, 677, 640, 960, 939], [847, 782, 580, 665, 741, 863, 531, 537, 998, 652, 876, 841, 814, 709, 650, 664, 751, 718, 672, 595, 651, 582, 543, 590, 942], [826, 991, 849, 507, 651, 924, 772, 931, 712, 901, 996, 902, 987, 850, 859, 806, 737, 534, 809, 558, 772, 594, 597, 570, 864], [971, 656, 793, 935, 791, 842, 809, 714, 567, 585, 573, 946, 659, 962, 676, 840, 678, 959, 738, 723, 847, 883, 549, 754, 876], [877, 965, 804, 973, 631, 814, 590, 964, 958, 563, 673, 711, 981, 595, 925, 985, 875, 639, 974, 938, 616, 697, 972, 981, 514], [859, 692, 847, 644, 832, 524, 717, 590, 693, 948, 661, 776, 997, 917, 571, 701, 853, 950, 549, 682, 923, 878, 514, 746, 566], [662, 772, 915, 984, 733, 624, 751, 898, 510, 650, 973, 543, 883, 560, 634, 991, 525, 733, 898, 519, 755, 664, 533, 623, 507], [953, 596, 500, 734, 709, 803, 911, 807, 949, 714, 855, 794, 707, 577, 909, 891, 832, 627, 788, 961, 558, 651, 535, 825, 540], [502, 952, 990, 947, 671, 540, 973, 690, 654, 742, 970, 915, 803, 742, 856, 731, 758, 949, 657, 521, 644, 914, 607, 970, 701], [806, 783, 930, 731, 708, 829, 777, 634, 939, 929, 681, 699, 846, 911, 619, 779, 604, 809, 984, 988, 892, 519, 989, 949, 934], [612, 929, 683, 593, 648, 638, 981, 617, 925, 600, 766, 996, 522, 965, 783, 677, 793, 926, 660, 582, 905, 961, 797, 869, 690], [760, 536, 832, 515, 974, 934, 525, 937, 671, 930, 567, 856, 771, 567, 963, 970, 686, 880, 836, 707, 545, 520, 719, 698, 771], [808, 719, 707, 705, 837, 921, 597, 655, 809, 823, 518, 712, 624, 891, 683, 853, 757, 787, 688, 579, 766, 772, 897, 762, 515], [726, 801, 745, 745, 571, 853, 904, 535, 674, 518, 860, 910, 824, 843, 692, 677, 981, 723, 732, 503, 872, 765, 863, 601, 988], [933, 884, 573, 666, 851, 545, 973, 673, 608, 818, 766, 976, 858, 721, 607, 651, 789, 702, 708, 650, 761, 614, 889, 594, 799], [867, 997, 789, 558, 664, 658, 779, 713, 563, 751, 944, 902, 889, 744, 552, 731, 815, 502, 549, 816, 961, 543, 687, 505, 778], [941, 891, 726, 853, 631, 748, 869, 794, 656, 812, 504, 718, 719, 570, 650, 525, 664, 936, 871, 580, 977, 995, 939, 874, 861], [671, 896, 580, 533, 719, 524, 601, 988, 852, 643, 823, 747, 535, 737, 861, 752, 713, 581, 641, 693, 969, 963, 792, 987, 908], [532, 957, 834, 625, 573, 596, 666, 589, 974, 602, 898, 523, 851, 824, 606, 567, 623, 889, 548, 544, 641, 569, 736, 951, 842], [822, 837, 728, 963, 970, 500, 846, 573, 573, 727, 547, 853, 807, 702, 993, 546, 822, 504, 698, 569, 689, 785, 969, 994, 992], [850, 986, 759, 969, 876, 574, 770, 643, 955, 693, 919, 556, 531, 864, 883, 519, 583, 763, 938, 598, 606, 896, 551, 862, 742], [512, 879, 831, 720, 966, 723, 791, 694, 515, 781, 964, 808, 570, 552, 748, 947, 715, 918, 596, 778, 662, 723, 882, 538, 848], [970, 940, 799, 898, 845, 919, 618, 792, 799, 539, 666, 826, 867, 829, 573, 547, 827, 580, 651, 661, 538, 756, 549, 671, 963], [610, 527, 833, 683, 627, 551, 509, 897, 677, 647, 928, 911, 815, 766, 890, 946, 994, 615, 903, 529, 665, 827, 935, 768, 879], [885, 816, 928, 932, 934, 585, 597, 787, 944, 558, 907, 653, 634, 586, 516, 656, 777, 745, 707, 748, 925, 643, 953, 973, 606]]
Variable production cost per unit of each product in each period p: 
[[13, 10, 10, 12, 11, 11, 10, 12, 13, 13, 12, 10, 12, 11, 11, 11, 11, 12, 13, 12, 13, 10, 10, 11, 12], [11, 12, 11, 11, 10, 10, 11, 10, 10, 12, 11, 13, 11, 10, 10, 13, 11, 13, 10, 10, 12, 13, 10, 13, 13], [12, 10, 12, 11, 12, 12, 13, 10, 12, 11, 10, 10, 11, 11, 10, 10, 11, 13, 12, 13, 11, 11, 12, 11, 13], [10, 12, 13, 11, 13, 12, 13, 13, 13, 10, 13, 11, 12, 13, 11, 12, 13, 10, 11, 11, 10, 12, 13, 12, 10], [13, 13, 12, 10, 13, 12, 13, 13, 10, 13, 11, 10, 13, 13, 11, 10, 11, 10, 13, 12, 12, 10, 13, 12, 13], [12, 11, 11, 13, 13, 13, 10, 10, 13, 10, 11, 13, 12, 10, 13, 11, 10, 10, 11, 10, 12, 12, 10, 12, 11], [10, 13, 12, 13, 13, 13, 11, 13, 12, 12, 13, 12, 10, 10, 11, 13, 10, 10, 12, 12, 10, 12, 13, 12, 13], [11, 11, 10, 10, 12, 12, 11, 11, 13, 11, 12, 13, 10, 12, 10, 10, 10, 10, 12, 10, 12, 13, 13, 10, 11], [12, 10, 11, 11, 12, 10, 12, 13, 12, 12, 13, 10, 11, 13, 11, 11, 11, 10, 10, 13, 13, 10, 11, 10, 10], [12, 10, 10, 12, 11, 12, 13, 11, 10, 11, 10, 11, 13, 13, 12, 12, 10, 10, 11, 12, 11, 12, 10, 12, 10], [10, 10, 13, 11, 11, 10, 11, 13, 11, 11, 13, 13, 11, 11, 10, 11, 11, 11, 10, 10, 10, 10, 10, 10, 11], [10, 13, 12, 10, 12, 10, 10, 11, 13, 10, 12, 12, 12, 12, 13, 12, 10, 12, 10, 13, 11, 10, 13, 12, 11], [12, 13, 10, 10, 12, 13, 13, 11, 11, 12, 13, 13, 12, 11, 13, 13, 13, 13, 12, 13, 10, 12, 11, 13, 10], [12, 12, 12, 12, 11, 11, 11, 11, 13, 12, 13, 12, 13, 10, 12, 13, 13, 10, 10, 12, 13, 13, 13, 11, 11], [13, 10, 10, 11, 10, 10, 11, 10, 10, 10, 10, 10, 13, 10, 12, 12, 13, 12, 11, 12, 12, 11, 13, 12, 12], [10, 11, 12, 10, 13, 12, 12, 13, 12, 12, 13, 13, 10, 12, 10, 12, 11, 13, 10, 11, 12, 11, 10, 13, 10], [12, 11, 11, 12, 12, 13, 11, 10, 10, 12, 10, 11, 13, 10, 10, 10, 13, 13, 12, 12, 13, 11, 12, 10, 13], [11, 11, 12, 13, 11, 10, 10, 12, 12, 10, 10, 13, 11, 10, 10, 12, 11, 10, 11, 11, 10, 11, 11, 13, 10], [12, 12, 11, 13, 13, 11, 13, 12, 11, 10, 12, 11, 10, 11, 11, 13, 12, 11, 10, 13, 11, 10, 10, 10, 12], [10, 11, 12, 10, 12, 13, 12, 13, 12, 12, 11, 10, 11, 11, 13, 12, 13, 12, 13, 11, 10, 13, 12, 10, 11], [13, 10, 10, 10, 10, 13, 12, 12, 13, 10, 12, 11, 10, 12, 11, 11, 12, 11, 12, 13, 12, 13, 13, 13, 13], [11, 10, 11, 10, 12, 10, 11, 11, 11, 10, 10, 13, 12, 11, 10, 13, 12, 13, 10, 12, 12, 11, 10, 11, 12], [10, 10, 13, 13, 10, 12, 13, 13, 12, 12, 12, 13, 13, 13, 13, 13, 12, 12, 11, 10, 12, 10, 13, 12, 10], [12, 12, 13, 11, 12, 13, 11, 13, 10, 11, 10, 11, 11, 12, 12, 10, 13, 10, 13, 12, 11, 10, 13, 12, 13], [12, 11, 11, 13, 13, 13, 12, 11, 11, 13, 13, 10, 12, 13, 13, 10, 11, 13, 10, 13, 10, 11, 13, 13, 12], [10, 11, 10, 11, 13, 11, 13, 11, 13, 10, 10, 11, 13, 12, 10, 10, 11, 11, 10, 11, 13, 13, 12, 12, 12], [10, 13, 10, 11, 12, 10, 10, 10, 11, 11, 12, 13, 12, 13, 12, 12, 13, 12, 13, 12, 11, 11, 13, 10, 10], [12, 12, 10, 10, 10, 12, 12, 11, 12, 12, 13, 11, 13, 12, 12, 12, 12, 10, 11, 10, 13, 13, 11, 12, 10], [11, 13, 10, 12, 10, 13, 11, 12, 11, 10, 11, 11, 10, 10, 11, 13, 12, 12, 13, 13, 12, 11, 10, 11, 13], [11, 12, 11, 11, 10, 11, 13, 10, 10, 11, 11, 10, 10, 12, 10, 10, 10, 13, 10, 10, 13, 10, 12, 12, 11]]
Inventory holding cost per unit of each product by the end of each period h: 
[[6, 9, 6, 9, 6, 7, 9, 9, 5, 5, 7, 6, 6, 7, 7, 9, 7, 9, 9, 8, 9, 5, 9, 8, 7], [8, 8, 8, 7, 7, 5, 7, 6, 5, 5, 6, 9, 7, 7, 8, 5, 5, 9, 5, 9, 9, 7, 9, 5, 6], [8, 8, 6, 5, 5, 9, 7, 5, 6, 6, 6, 6, 9, 5, 8, 7, 7, 5, 8, 7, 7, 8, 9, 6, 5], [5, 5, 9, 5, 5, 5, 6, 7, 7, 5, 8, 5, 6, 7, 7, 8, 8, 6, 5, 6, 9, 5, 7, 7, 6], [9, 8, 6, 7, 5, 5, 6, 7, 7, 5, 9, 7, 9, 9, 5, 5, 8, 7, 9, 5, 9, 5, 8, 6, 8], [5, 6, 8, 9, 9, 8, 9, 7, 7, 5, 6, 9, 8, 8, 8, 9, 9, 8, 6, 7, 6, 8, 6, 6, 6], [7, 6, 8, 7, 7, 9, 5, 6, 8, 7, 5, 5, 8, 7, 8, 6, 9, 8, 8, 8, 5, 7, 5, 8, 9], [8, 5, 5, 5, 8, 5, 6, 9, 9, 6, 6, 9, 5, 7, 5, 5, 7, 5, 7, 7, 7, 9, 7, 7, 8], [8, 9, 5, 6, 7, 9, 7, 9, 6, 6, 9, 6, 5, 9, 6, 7, 8, 7, 8, 9, 8, 6, 7, 6, 7], [9, 8, 7, 6, 9, 8, 7, 6, 6, 7, 9, 6, 7, 7, 8, 7, 9, 8, 7, 5, 7, 7, 6, 5, 9], [7, 7, 6, 7, 5, 5, 7, 8, 8, 9, 7, 8, 6, 7, 6, 5, 5, 6, 9, 5, 9, 9, 7, 5, 9], [7, 5, 5, 9, 9, 8, 7, 5, 5, 7, 6, 5, 6, 6, 8, 5, 7, 9, 7, 8, 6, 7, 6, 9, 7], [7, 6, 7, 5, 9, 7, 6, 7, 8, 9, 5, 9, 7, 7, 8, 6, 5, 7, 5, 7, 7, 7, 6, 8, 7], [5, 5, 7, 7, 5, 7, 8, 6, 8, 6, 8, 6, 9, 7, 6, 9, 9, 9, 8, 6, 6, 8, 6, 8, 5], [6, 7, 5, 8, 6, 7, 9, 7, 6, 5, 7, 7, 9, 8, 5, 9, 9, 5, 7, 8, 6, 8, 6, 5, 7], [5, 7, 7, 9, 6, 9, 8, 6, 7, 8, 5, 9, 9, 6, 5, 9, 7, 9, 8, 5, 7, 6, 6, 5, 6], [9, 7, 5, 6, 9, 8, 8, 5, 8, 6, 9, 6, 7, 6, 8, 8, 9, 6, 9, 9, 5, 7, 7, 9, 9], [5, 6, 7, 9, 5, 8, 8, 6, 9, 8, 8, 5, 5, 8, 5, 7, 8, 6, 7, 9, 8, 9, 8, 6, 8], [8, 7, 9, 6, 6, 7, 8, 6, 9, 6, 7, 7, 6, 8, 9, 5, 8, 5, 8, 7, 8, 7, 8, 6, 7], [6, 6, 9, 9, 7, 8, 8, 9, 5, 5, 8, 5, 5, 6, 6, 6, 9, 8, 8, 9, 5, 8, 6, 5, 6], [9, 5, 6, 9, 9, 7, 8, 8, 9, 6, 9, 6, 8, 9, 5, 5, 5, 5, 5, 5, 8, 9, 9, 9, 5], [8, 7, 9, 7, 5, 5, 8, 5, 6, 6, 8, 8, 6, 8, 9, 8, 5, 5, 5, 6, 6, 5, 7, 7, 7], [6, 6, 9, 8, 5, 9, 7, 6, 8, 6, 5, 6, 6, 8, 5, 6, 5, 6, 7, 9, 9, 7, 7, 9, 9], [8, 5, 9, 9, 9, 8, 6, 7, 6, 8, 5, 8, 7, 7, 8, 7, 8, 7, 6, 5, 9, 8, 9, 9, 8], [7, 7, 5, 8, 6, 7, 9, 9, 6, 7, 5, 7, 8, 6, 9, 8, 8, 7, 8, 7, 6, 5, 7, 6, 5], [6, 6, 6, 5, 5, 8, 5, 6, 6, 7, 5, 8, 5, 7, 8, 5, 7, 6, 9, 6, 5, 5, 8, 6, 9], [9, 8, 6, 9, 5, 7, 6, 6, 6, 5, 8, 6, 9, 5, 7, 6, 8, 8, 9, 6, 5, 5, 6, 9, 5], [6, 6, 5, 5, 8, 8, 7, 7, 6, 6, 9, 7, 9, 7, 7, 5, 5, 9, 9, 6, 5, 5, 9, 7, 7], [5, 9, 9, 5, 7, 6, 8, 5, 7, 7, 6, 8, 7, 9, 9, 7, 5, 8, 7, 8, 8, 7, 9, 9, 9], [5, 6, 6, 5, 9, 5, 8, 8, 8, 6, 9, 7, 7, 5, 6, 5, 6, 8, 6, 8, 7, 7, 7, 5, 5]]
Demand for each product in each period d: 
[[6, 21, 30, 24, 0, 13, 20, 1, 13, 49, 16, 38, 45, 27, 8, 45, 18, 14, 44, 0, 13, 13, 14, 13, 49], [14, 15, 6, 20, 26, 11, 19, 49, 24, 49, 20, 14, 3, 38, 43, 19, 40, 36, 10, 16, 46, 18, 42, 39, 25], [1, 13, 27, 21, 36, 48, 0, 19, 0, 13, 15, 35, 0, 39, 1, 43, 28, 0, 23, 30, 22, 23, 31, 46, 18], [44, 44, 15, 5, 44, 10, 0, 12, 29, 30, 17, 41, 5, 44, 21, 44, 14, 18, 43, 46, 42, 38, 25, 18, 0], [28, 4, 11, 31, 34, 21, 41, 40, 42, 6, 10, 49, 42, 48, 31, 31, 40, 40, 48, 3, 16, 38, 48, 31, 37], [11, 20, 31, 43, 47, 23, 28, 7, 40, 38, 15, 22, 5, 18, 46, 42, 47, 38, 14, 0, 8, 32, 40, 24, 1], [32, 3, 17, 11, 38, 41, 17, 43, 21, 31, 10, 38, 9, 3, 43, 11, 43, 30, 15, 33, 9, 0, 22, 19, 43], [5, 46, 0, 22, 40, 9, 1, 28, 33, 28, 9, 35, 36, 37, 36, 46, 43, 49, 22, 18, 0, 11, 20, 1, 22], [20, 23, 45, 39, 33, 0, 27, 0, 28, 48, 33, 49, 22, 20, 16, 40, 5, 14, 13, 16, 14, 49, 13, 30, 8], [2, 0, 30, 39, 41, 3, 49, 20, 21, 41, 35, 40, 3, 18, 26, 44, 0, 25, 30, 42, 22, 0, 12, 29, 41], [8, 6, 29, 25, 27, 0, 24, 18, 42, 45, 42, 8, 26, 36, 47, 0, 19, 6, 41, 0, 37, 40, 28, 4, 15], [42, 47, 6, 33, 44, 0, 3, 6, 0, 0, 12, 19, 8, 8, 37, 35, 45, 3, 38, 0, 45, 0, 14, 28, 22], [18, 43, 17, 0, 26, 8, 21, 28, 39, 34, 4, 8, 27, 26, 49, 34, 44, 1, 1, 44, 0, 38, 22, 38, 29], [26, 30, 15, 4, 40, 33, 7, 43, 10, 17, 42, 3, 0, 27, 35, 3, 28, 0, 37, 11, 48, 34, 28, 7, 44], [37, 48, 44, 1, 42, 6, 45, 37, 6, 30, 20, 22, 9, 45, 43, 4, 39, 13, 0, 32, 16, 40, 15, 27, 28], [45, 2, 3, 34, 7, 38, 36, 7, 43, 44, 40, 6, 2, 33, 22, 33, 28, 18, 5, 19, 22, 42, 34, 37, 14], [2, 18, 8, 44, 34, 37, 45, 43, 43, 0, 33, 2, 34, 9, 18, 19, 4, 29, 44, 45, 8, 41, 40, 29, 7], [41, 42, 12, 33, 20, 45, 8, 35, 40, 41, 11, 46, 24, 48, 41, 0, 4, 23, 22, 10, 25, 43, 7, 1, 33], [0, 0, 38, 18, 21, 11, 39, 2, 19, 42, 25, 24, 30, 40, 0, 29, 5, 33, 17, 8, 5, 0, 45, 46, 0], [37, 39, 47, 13, 11, 24, 44, 0, 47, 39, 23, 12, 27, 30, 47, 10, 6, 14, 8, 28, 18, 41, 22, 0, 24], [19, 48, 43, 26, 28, 19, 35, 49, 0, 15, 45, 18, 16, 33, 35, 32, 34, 35, 40, 27, 42, 42, 17, 43, 48], [20, 22, 8, 44, 47, 49, 23, 4, 3, 42, 0, 0, 22, 0, 45, 36, 11, 20, 0, 23, 45, 20, 34, 21, 0], [0, 41, 16, 22, 13, 26, 44, 37, 41, 10, 40, 0, 33, 33, 10, 14, 24, 5, 7, 32, 35, 29, 28, 27, 44], [3, 38, 0, 23, 43, 30, 3, 42, 44, 43, 5, 20, 0, 6, 26, 3, 22, 34, 37, 29, 0, 27, 34, 3, 4], [36, 0, 23, 40, 21, 18, 40, 37, 7, 1, 29, 20, 10, 39, 43, 48, 14, 33, 20, 0, 16, 2, 9, 43, 44], [44, 41, 23, 22, 48, 10, 0, 19, 12, 29, 34, 23, 19, 35, 43, 36, 34, 39, 1, 31, 44, 4, 3, 27, 40], [36, 5, 37, 21, 18, 30, 38, 45, 38, 1, 1, 21, 34, 32, 0, 41, 33, 28, 7, 3, 11, 48, 0, 47, 39], [23, 18, 20, 28, 23, 34, 25, 13, 13, 44, 32, 26, 3, 8, 49, 38, 46, 48, 22, 20, 39, 0, 32, 33, 49], [21, 38, 32, 20, 41, 24, 35, 9, 47, 17, 32, 47, 6, 10, 41, 46, 20, 17, 34, 10, 43, 41, 0, 15, 45], [0, 16, 32, 41, 11, 29, 7, 9, 10, 22, 48, 16, 20, 47, 35, 34, 11, 8, 10, 0, 22, 13, 3, 4, 0]]
Maintenance cost in each period m: 
[5929, 5931, 6853, 6543, 6464, 5128, 6096, 5792, 7110, 5012, 5715, 7097, 3969, 7073, 4451, 5501, 4591, 5688, 4469, 3285, 5726, 7177, 7079, 4235, 6036]
Maximum capacity of the machine cmax: 
1380