Set of periods in the planning horizon T: 
15
Set of products P: 
10
Capacity reduction coefficient alpha: 
0.8
Relative decrease of capacity per set up gamma: 
0.33
Capacity reduction coefficient due to product types beta: 
[0.39, 0.4, 0.21, 0.23, 0.32, 0.31, 0.26, 0.39, 0.37, 0.37]
Fixed production cost of each product in each period f: 
[[705, 865, 969, 847, 973, 595, 777, 975, 787, 898, 688, 725, 738, 746, 929], [717, 829, 801, 693, 710, 557, 692, 945, 894, 977, 863, 904, 857, 610, 721], [511, 810, 975, 642, 620, 666, 517, 920, 903, 852, 619, 749, 524, 710, 757], [696, 674, 935, 714, 915, 687, 855, 896, 954, 563, 671, 719, 738, 795, 828], [594, 844, 619, 992, 524, 818, 606, 624, 888, 925, 727, 970, 898, 674, 955], [718, 994, 600, 830, 743, 833, 721, 861, 654, 713, 511, 608, 621, 905, 560], [936, 842, 647, 607, 996, 787, 753, 771, 573, 715, 577, 853, 907, 635, 962], [706, 545, 595, 844, 696, 872, 951, 757, 821, 746, 569, 850, 699, 736, 678], [887, 577, 724, 508, 726, 827, 877, 632, 757, 573, 986, 793, 678, 829, 568], [609, 777, 863, 868, 501, 771, 979, 563, 646, 557, 977, 648, 570, 711, 633]]
Variable production cost per unit of each product in each period p: 
[[13, 13, 13, 13, 13, 10, 11, 13, 11, 11, 10, 13, 12, 13, 12], [13, 10, 10, 11, 13, 13, 13, 13, 12, 10, 10, 10, 10, 12, 10], [13, 13, 11, 12, 10, 11, 12, 10, 10, 13, 11, 12, 10, 12, 13], [12, 13, 11, 12, 12, 10, 12, 13, 10, 13, 10, 10, 12, 12, 11], [13, 12, 12, 12, 11, 13, 11, 11, 11, 11, 11, 13, 11, 13, 10], [10, 13, 12, 12, 10, 11, 11, 12, 11, 10, 13, 11, 10, 13, 11], [13, 12, 13, 13, 10, 11, 11, 10, 13, 10, 11, 11, 13, 13, 12], [12, 10, 12, 13, 12, 10, 11, 13, 10, 11, 12, 13, 11, 10, 11], [11, 11, 10, 12, 11, 12, 12, 10, 12, 10, 11, 11, 12, 10, 10], [13, 13, 12, 12, 10, 13, 12, 12, 11, 13, 11, 10, 13, 10, 13]]
Inventory holding cost per unit of each product by the end of each period h: 
[[9, 6, 6, 8, 6, 9, 9, 9, 8, 5, 9, 9, 7, 6, 9], [6, 6, 7, 9, 7, 6, 7, 7, 5, 6, 5, 9, 7, 8, 8], [9, 6, 5, 8, 8, 5, 9, 8, 7, 9, 5, 7, 9, 8, 7], [6, 7, 8, 7, 8, 8, 8, 5, 5, 8, 7, 5, 5, 7, 8], [6, 8, 9, 7, 5, 7, 7, 5, 9, 8, 9, 9, 9, 5, 5], [9, 5, 8, 5, 6, 6, 9, 5, 8, 8, 6, 8, 5, 9, 6], [8, 8, 8, 7, 6, 7, 8, 9, 8, 9, 9, 5, 8, 7, 7], [8, 5, 5, 9, 8, 5, 9, 9, 6, 8, 9, 5, 5, 6, 9], [8, 5, 7, 6, 8, 5, 7, 7, 5, 5, 8, 9, 5, 8, 9], [9, 5, 8, 6, 6, 5, 6, 8, 9, 7, 9, 6, 9, 7, 9]]
Demand for each product in each period d: 
[[2, 0, 19, 3, 18, 0, 9, 14, 32, 3, 15, 38, 28, 21, 44], [44, 44, 29, 36, 37, 47, 1, 25, 17, 0, 25, 21, 41, 25, 3], [0, 40, 12, 26, 35, 37, 19, 3, 47, 10, 39, 42, 46, 5, 47], [12, 27, 16, 40, 42, 21, 3, 24, 44, 22, 1, 22, 46, 13, 30], [39, 49, 27, 18, 43, 45, 36, 47, 0, 16, 37, 35, 0, 23, 25], [31, 20, 34, 0, 46, 8, 32, 3, 42, 12, 7, 7, 47, 20, 23], [35, 36, 21, 45, 33, 28, 43, 1, 7, 13, 28, 39, 0, 23, 35], [15, 36, 36, 0, 33, 0, 44, 36, 40, 24, 0, 41, 17, 3, 25], [0, 27, 34, 22, 41, 0, 2, 29, 24, 10, 21, 44, 8, 23, 0], [45, 49, 0, 19, 33, 48, 26, 17, 20, 19, 2, 33, 6, 15, 29]]
Maintenance cost in each period m: 
[2309, 3759, 3271, 2090, 3791, 3379, 4001, 2289, 2816, 5090, 4240, 3837, 1462, 2481, 5157]
Maximum capacity of the machine cmax: 
490