Set of periods in the planning horizon T: 
35
Set of products P: 
50
Capacity reduction coefficient alpha: 
0.8
Relative decrease of capacity per set up gamma: 
0.34
Capacity reduction coefficient due to product types beta: 
[0.38, 0.29, 0.25, 0.26, 0.23, 0.35, 0.28, 0.36, 0.32, 0.22, 0.3, 0.36, 0.37, 0.23, 0.26, 0.32, 0.36, 0.29, 0.31, 0.4, 0.33, 0.35, 0.35, 0.25, 0.35, 0.34, 0.3, 0.3, 0.22, 0.29, 0.3, 0.29, 0.32, 0.3, 0.21, 0.23, 0.28, 0.32, 0.33, 0.39, 0.24, 0.21, 0.32, 0.35, 0.38, 0.27, 0.38, 0.31, 0.32, 0.27]
Fixed production cost of each product in each period f: 
[[749, 938, 910, 693, 721, 510, 761, 826, 695, 790, 921, 582, 846, 828, 661, 505, 978, 826, 875, 753, 692, 933, 792, 640, 511, 921, 739, 954, 582, 875, 791, 548, 949, 629, 865], [852, 646, 521, 573, 939, 967, 877, 728, 906, 683, 872, 568, 737, 679, 524, 785, 571, 514, 997, 872, 867, 828, 974, 857, 873, 671, 594, 998, 679, 839, 563, 713, 998, 762, 710], [793, 579, 800, 961, 908, 993, 818, 772, 738, 646, 552, 646, 677, 656, 990, 698, 943, 790, 529, 595, 854, 905, 637, 737, 643, 824, 817, 726, 744, 879, 501, 661, 630, 555, 628], [801, 695, 576, 766, 906, 707, 844, 784, 843, 560, 674, 994, 872, 713, 601, 808, 829, 990, 515, 820, 673, 999, 941, 528, 832, 688, 688, 934, 525, 937, 837, 519, 989, 612, 849], [580, 559, 613, 884, 794, 814, 931, 808, 529, 731, 578, 775, 858, 823, 871, 789, 585, 771, 533, 885, 735, 870, 783, 907, 839, 632, 731, 787, 518, 972, 813, 768, 611, 724, 912], [633, 882, 953, 647, 718, 916, 982, 662, 917, 509, 508, 710, 737, 624, 617, 509, 545, 708, 757, 967, 726, 512, 718, 855, 959, 824, 966, 796, 973, 510, 687, 689, 733, 979, 548], [627, 503, 649, 875, 941, 751, 611, 508, 826, 759, 935, 853, 624, 674, 530, 979, 944, 727, 763, 803, 929, 548, 516, 995, 562, 787, 826, 559, 783, 852, 598, 840, 662, 956, 763], [905, 758, 560, 577, 558, 824, 962, 927, 841, 890, 690, 734, 842, 669, 951, 812, 660, 862, 845, 537, 572, 802, 565, 913, 655, 776, 506, 692, 571, 842, 572, 757, 880, 925, 538], [921, 993, 886, 920, 572, 981, 609, 744, 654, 994, 670, 687, 902, 935, 614, 551, 871, 539, 569, 898, 965, 921, 916, 859, 606, 778, 665, 623, 757, 931, 834, 645, 652, 912, 919], [737, 533, 560, 897, 804, 725, 974, 723, 647, 602, 921, 591, 691, 928, 884, 629, 600, 974, 764, 605, 512, 582, 654, 934, 515, 699, 758, 506, 913, 864, 868, 854, 667, 963, 665], [969, 604, 826, 596, 581, 586, 506, 740, 750, 727, 586, 519, 972, 999, 533, 856, 917, 910, 924, 783, 992, 937, 796, 698, 827, 609, 542, 596, 635, 730, 710, 962, 653, 741, 799], [825, 685, 790, 535, 644, 971, 781, 682, 678, 784, 689, 540, 837, 516, 605, 976, 555, 631, 742, 800, 614, 524, 648, 940, 555, 507, 654, 583, 856, 885, 541, 721, 692, 875, 735], [547, 534, 646, 935, 896, 884, 601, 854, 784, 866, 580, 971, 768, 976, 729, 817, 534, 910, 637, 781, 649, 863, 849, 688, 858, 610, 596, 961, 679, 578, 591, 795, 946, 718, 644], [903, 723, 684, 931, 558, 851, 514, 866, 710, 521, 944, 880, 519, 545, 972, 859, 507, 997, 950, 644, 856, 511, 835, 895, 550, 793, 656, 668, 872, 791, 510, 505, 920, 717, 970], [759, 766, 588, 637, 614, 559, 844, 512, 505, 901, 514, 710, 625, 640, 946, 837, 827, 864, 775, 504, 903, 841, 636, 810, 992, 948, 971, 521, 910, 797, 945, 596, 940, 821, 538], [641, 997, 875, 597, 998, 867, 848, 954, 525, 538, 678, 941, 706, 710, 520, 939, 792, 610, 623, 724, 743, 779, 697, 768, 866, 906, 534, 944, 731, 855, 586, 752, 760, 713, 548], [549, 882, 698, 710, 628, 872, 930, 847, 686, 847, 745, 621, 635, 525, 512, 579, 732, 714, 613, 518, 513, 854, 507, 664, 707, 747, 626, 874, 735, 899, 619, 548, 749, 815, 809], [514, 626, 888, 501, 891, 740, 751, 796, 822, 609, 605, 682, 606, 790, 976, 506, 536, 852, 763, 839, 963, 920, 758, 725, 821, 977, 742, 799, 933, 593, 826, 569, 943, 658, 859], [811, 895, 904, 671, 610, 921, 933, 523, 914, 876, 598, 953, 799, 600, 830, 608, 659, 983, 718, 940, 627, 864, 534, 610, 565, 634, 785, 829, 960, 716, 986, 659, 539, 929, 987], [625, 968, 973, 855, 539, 647, 915, 550, 696, 674, 691, 531, 955, 941, 730, 805, 742, 868, 944, 656, 517, 968, 852, 924, 650, 738, 938, 868, 681, 855, 591, 976, 866, 651, 743], [553, 714, 906, 859, 718, 595, 617, 929, 699, 625, 619, 829, 505, 685, 964, 875, 954, 880, 572, 747, 735, 737, 551, 696, 746, 818, 908, 764, 896, 629, 779, 961, 942, 510, 719], [875, 908, 603, 568, 983, 648, 553, 876, 831, 773, 842, 907, 609, 703, 711, 805, 634, 976, 879, 505, 703, 806, 589, 568, 503, 888, 614, 993, 807, 843, 641, 565, 733, 747, 609], [803, 650, 999, 618, 806, 804, 934, 602, 910, 679, 681, 717, 979, 565, 693, 675, 903, 989, 794, 749, 958, 692, 737, 637, 938, 783, 852, 586, 910, 851, 957, 626, 667, 767, 536], [714, 860, 799, 925, 506, 921, 541, 658, 948, 616, 801, 617, 642, 728, 778, 578, 966, 649, 862, 606, 766, 566, 785, 676, 872, 975, 921, 862, 555, 709, 778, 965, 943, 883, 857], [835, 775, 750, 781, 643, 775, 928, 867, 666, 703, 878, 657, 670, 821, 664, 712, 617, 508, 682, 875, 712, 697, 844, 783, 926, 566, 546, 952, 806, 986, 512, 655, 504, 547, 752], [789, 512, 568, 879, 963, 867, 995, 500, 776, 631, 603, 877, 766, 629, 989, 827, 520, 637, 916, 642, 728, 639, 576, 631, 598, 556, 792, 667, 672, 651, 900, 849, 512, 670, 800], [522, 690, 965, 824, 779, 542, 586, 770, 923, 952, 676, 598, 825, 930, 799, 841, 564, 965, 782, 539, 840, 522, 549, 597, 515, 573, 879, 776, 655, 792, 712, 908, 593, 509, 669], [917, 705, 837, 826, 580, 899, 679, 972, 582, 598, 792, 993, 901, 939, 521, 662, 719, 790, 635, 802, 719, 684, 572, 664, 538, 911, 761, 742, 942, 691, 659, 964, 844, 582, 734], [514, 517, 755, 905, 912, 619, 782, 696, 599, 767, 571, 563, 525, 864, 990, 742, 772, 910, 605, 834, 784, 676, 592, 982, 881, 977, 960, 570, 823, 582, 857, 632, 797, 578, 651], [899, 637, 551, 765, 811, 908, 854, 794, 731, 727, 519, 947, 519, 657, 757, 761, 921, 785, 878, 725, 721, 621, 755, 782, 539, 694, 624, 730, 803, 837, 701, 762, 829, 843, 949], [549, 779, 955, 738, 556, 795, 573, 637, 674, 538, 907, 889, 510, 859, 849, 652, 760, 709, 644, 598, 883, 950, 800, 788, 798, 584, 750, 867, 698, 966, 705, 688, 960, 927, 735], [831, 967, 893, 947, 949, 918, 666, 578, 961, 980, 990, 845, 961, 765, 988, 897, 662, 765, 823, 627, 565, 767, 733, 663, 964, 628, 724, 669, 655, 661, 819, 608, 526, 905, 678], [844, 736, 895, 773, 787, 969, 617, 518, 864, 656, 636, 963, 532, 585, 900, 594, 653, 638, 709, 976, 823, 809, 908, 703, 672, 517, 651, 801, 966, 727, 519, 856, 691, 731, 675], [765, 887, 817, 814, 897, 536, 817, 949, 636, 827, 931, 943, 626, 719, 617, 676, 642, 996, 558, 756, 773, 544, 741, 636, 710, 937, 979, 594, 696, 784, 764, 657, 928, 876, 844], [764, 591, 530, 818, 825, 907, 525, 962, 948, 578, 817, 924, 856, 574, 874, 719, 851, 610, 770, 517, 877, 768, 649, 830, 665, 506, 756, 566, 895, 940, 611, 831, 606, 750, 511], [528, 689, 703, 982, 544, 990, 840, 755, 869, 838, 533, 732, 787, 843, 784, 774, 723, 714, 826, 661, 836, 654, 600, 905, 718, 770, 735, 873, 945, 707, 676, 969, 527, 753, 622], [706, 983, 504, 669, 620, 690, 822, 785, 547, 674, 961, 794, 910, 942, 562, 894, 539, 564, 505, 593, 977, 973, 859, 763, 588, 845, 994, 942, 830, 535, 515, 527, 852, 972, 967], [823, 904, 501, 599, 674, 787, 771, 611, 743, 591, 807, 994, 823, 738, 668, 501, 858, 987, 839, 740, 900, 802, 881, 659, 834, 884, 921, 790, 669, 751, 635, 783, 509, 924, 944], [774, 793, 646, 740, 998, 648, 834, 614, 660, 960, 831, 775, 787, 647, 869, 557, 760, 985, 659, 782, 570, 708, 929, 721, 514, 889, 640, 691, 867, 985, 872, 546, 669, 566, 503], [525, 692, 741, 935, 899, 526, 733, 840, 947, 528, 786, 800, 683, 967, 934, 904, 803, 582, 674, 903, 997, 849, 711, 900, 809, 940, 896, 533, 668, 976, 571, 769, 669, 723, 626], [860, 957, 680, 590, 915, 899, 504, 505, 602, 930, 998, 773, 892, 986, 782, 797, 526, 974, 992, 934, 840, 696, 519, 882, 993, 905, 513, 902, 727, 766, 803, 579, 892, 885, 617], [862, 569, 881, 544, 827, 633, 827, 577, 668, 788, 712, 846, 783, 637, 608, 949, 962, 551, 700, 814, 614, 734, 703, 758, 664, 718, 706, 598, 878, 536, 902, 986, 737, 560, 550], [939, 743, 883, 861, 709, 717, 633, 704, 899, 531, 765, 871, 941, 675, 700, 784, 503, 917, 960, 854, 853, 880, 993, 793, 870, 638, 960, 730, 636, 822, 710, 664, 575, 695, 632], [718, 788, 714, 718, 513, 838, 536, 858, 730, 949, 505, 530, 691, 552, 649, 676, 908, 888, 987, 647, 715, 667, 639, 931, 582, 735, 608, 511, 518, 930, 720, 749, 666, 555, 640], [677, 845, 985, 858, 580, 555, 718, 661, 694, 558, 806, 968, 511, 777, 552, 721, 591, 584, 747, 726, 905, 705, 895, 714, 842, 607, 574, 602, 620, 895, 774, 806, 741, 693, 605], [741, 663, 561, 959, 861, 541, 613, 716, 850, 655, 521, 923, 511, 597, 619, 984, 540, 724, 586, 583, 789, 866, 882, 992, 842, 636, 765, 729, 576, 642, 802, 877, 853, 550, 632], [966, 799, 728, 863, 797, 761, 929, 750, 786, 518, 543, 994, 777, 642, 893, 759, 613, 860, 613, 751, 619, 812, 521, 596, 657, 986, 900, 849, 609, 962, 877, 990, 511, 888, 682], [515, 861, 819, 984, 805, 544, 577, 711, 886, 980, 847, 686, 881, 663, 857, 686, 654, 505, 831, 665, 587, 716, 973, 970, 625, 969, 679, 704, 623, 839, 553, 510, 608, 798, 933], [861, 651, 816, 697, 717, 748, 909, 516, 896, 772, 911, 668, 926, 526, 605, 977, 606, 575, 605, 665, 978, 560, 606, 634, 530, 791, 975, 522, 763, 642, 717, 862, 702, 642, 524], [852, 946, 852, 533, 891, 743, 998, 965, 946, 905, 783, 756, 830, 957, 692, 893, 796, 546, 681, 700, 928, 977, 556, 626, 926, 596, 625, 748, 869, 943, 612, 678, 937, 568, 841]]
Variable production cost per unit of each product in each period p: 
[[12, 13, 11, 11, 12, 10, 12, 10, 12, 11, 10, 10, 10, 13, 11, 10, 13, 11, 10, 12, 13, 13, 12, 10, 12, 12, 12, 11, 10, 12, 10, 13, 10, 13, 12], [13, 13, 10, 13, 11, 13, 10, 13, 10, 11, 11, 12, 13, 12, 11, 13, 13, 12, 12, 11, 11, 13, 11, 11, 11, 10, 11, 13, 13, 10, 10, 13, 13, 13, 12], [13, 11, 12, 13, 13, 12, 10, 13, 13, 10, 11, 10, 12, 12, 12, 12, 13, 10, 12, 10, 13, 12, 10, 13, 11, 10, 12, 13, 13, 11, 10, 11, 10, 10, 11], [10, 11, 11, 11, 12, 12, 12, 12, 13, 12, 10, 12, 13, 13, 13, 13, 10, 12, 12, 11, 12, 11, 13, 11, 11, 13, 12, 13, 12, 13, 11, 11, 10, 11, 13], [12, 13, 10, 11, 10, 11, 10, 12, 13, 13, 13, 12, 12, 10, 10, 13, 11, 13, 12, 10, 13, 11, 11, 12, 12, 10, 12, 10, 10, 13, 13, 10, 12, 10, 13], [12, 13, 13, 11, 10, 13, 12, 11, 12, 13, 12, 13, 10, 11, 10, 12, 11, 11, 11, 12, 11, 11, 12, 12, 12, 13, 10, 11, 10, 13, 12, 12, 11, 13, 13], [10, 13, 11, 11, 10, 13, 12, 12, 12, 13, 10, 10, 11, 12, 13, 12, 13, 12, 12, 13, 10, 10, 12, 11, 12, 10, 13, 13, 10, 12, 11, 10, 11, 11, 10], [10, 12, 13, 13, 13, 10, 13, 10, 11, 11, 13, 13, 13, 10, 13, 12, 13, 13, 11, 13, 12, 12, 12, 13, 13, 11, 13, 11, 12, 11, 13, 12, 11, 11, 13], [10, 12, 12, 10, 10, 12, 12, 13, 13, 13, 12, 11, 10, 10, 11, 13, 13, 11, 13, 11, 10, 11, 11, 10, 12, 12, 13, 12, 10, 12, 10, 11, 11, 10, 10], [11, 11, 12, 12, 13, 11, 11, 13, 10, 13, 10, 10, 13, 13, 13, 11, 13, 11, 10, 10, 10, 13, 13, 12, 12, 10, 10, 11, 13, 12, 10, 13, 12, 12, 11], [13, 10, 10, 13, 10, 13, 13, 13, 11, 12, 10, 12, 11, 10, 13, 11, 13, 13, 12, 11, 11, 10, 10, 13, 12, 10, 10, 11, 13, 10, 12, 13, 11, 12, 13], [12, 10, 13, 13, 11, 11, 11, 11, 10, 12, 11, 12, 13, 10, 12, 13, 11, 12, 10, 11, 12, 12, 13, 13, 12, 12, 10, 10, 11, 13, 11, 13, 10, 10, 12], [11, 13, 12, 10, 13, 11, 11, 11, 13, 11, 11, 10, 13, 13, 12, 13, 13, 12, 10, 10, 13, 10, 10, 11, 10, 11, 10, 11, 13, 11, 12, 10, 11, 11, 11], [13, 12, 13, 12, 10, 10, 11, 12, 11, 11, 11, 11, 12, 12, 10, 10, 11, 13, 11, 13, 12, 13, 11, 10, 11, 11, 10, 10, 11, 12, 13, 13, 10, 12, 13], [13, 12, 10, 13, 10, 10, 13, 12, 10, 10, 10, 11, 13, 13, 11, 13, 10, 10, 13, 10, 10, 10, 10, 13, 10, 13, 12, 13, 13, 12, 13, 12, 13, 10, 10], [11, 11, 12, 12, 12, 10, 13, 12, 10, 11, 10, 10, 13, 10, 12, 10, 12, 13, 12, 12, 10, 13, 13, 12, 11, 13, 11, 11, 10, 10, 12, 12, 12, 12, 10], [11, 11, 12, 12, 11, 11, 10, 10, 13, 10, 13, 11, 13, 11, 11, 11, 12, 12, 11, 13, 11, 10, 12, 10, 13, 11, 11, 13, 10, 13, 13, 10, 10, 11, 12], [12, 10, 11, 12, 12, 12, 13, 10, 11, 11, 13, 12, 13, 11, 12, 10, 12, 12, 11, 11, 11, 13, 12, 11, 11, 12, 10, 11, 11, 12, 12, 13, 13, 10, 10], [13, 13, 12, 11, 11, 12, 13, 10, 13, 13, 12, 10, 10, 11, 10, 12, 12, 11, 12, 12, 12, 12, 13, 10, 13, 13, 13, 11, 10, 11, 12, 13, 12, 13, 13], [11, 10, 10, 11, 11, 12, 10, 11, 13, 12, 10, 11, 11, 11, 13, 10, 11, 13, 13, 13, 11, 13, 12, 13, 13, 13, 10, 12, 11, 13, 11, 11, 12, 10, 11], [12, 13, 10, 11, 12, 10, 13, 13, 10, 10, 11, 11, 10, 13, 13, 12, 12, 13, 12, 11, 10, 10, 13, 10, 10, 12, 10, 13, 12, 12, 11, 13, 11, 13, 11], [13, 12, 10, 11, 10, 11, 12, 11, 13, 10, 12, 12, 11, 11, 13, 12, 11, 10, 12, 12, 11, 13, 11, 11, 13, 12, 13, 11, 13, 10, 12, 11, 10, 11, 11], [10, 12, 13, 11, 11, 11, 13, 11, 12, 13, 10, 11, 13, 11, 10, 10, 12, 10, 10, 13, 13, 11, 10, 12, 10, 10, 11, 11, 10, 11, 13, 13, 10, 12, 11], [10, 13, 10, 11, 11, 13, 12, 13, 10, 11, 11, 12, 13, 13, 10, 11, 11, 12, 12, 10, 13, 13, 11, 10, 13, 10, 13, 10, 11, 12, 12, 10, 11, 13, 10], [11, 11, 12, 13, 10, 12, 11, 13, 11, 13, 12, 10, 12, 13, 11, 11, 10, 10, 11, 13, 10, 12, 11, 10, 11, 10, 11, 12, 13, 13, 11, 13, 12, 11, 10], [11, 10, 12, 11, 11, 11, 10, 10, 11, 13, 13, 12, 11, 10, 13, 13, 11, 13, 12, 10, 10, 13, 10, 10, 11, 10, 13, 13, 12, 11, 13, 12, 11, 13, 12], [13, 12, 10, 11, 13, 10, 11, 11, 10, 10, 10, 10, 11, 12, 10, 12, 12, 11, 10, 13, 11, 13, 13, 11, 12, 10, 10, 10, 11, 10, 12, 12, 12, 12, 11], [10, 12, 13, 11, 11, 12, 10, 13, 13, 13, 12, 11, 11, 10, 13, 12, 10, 11, 10, 13, 13, 10, 12, 10, 13, 11, 10, 12, 13, 11, 11, 11, 10, 11, 12], [12, 10, 11, 12, 13, 13, 10, 10, 12, 13, 12, 12, 10, 11, 10, 12, 12, 12, 13, 10, 13, 10, 11, 11, 12, 11, 10, 12, 11, 12, 11, 10, 12, 10, 12], [10, 12, 13, 13, 12, 10, 11, 11, 13, 10, 11, 10, 11, 12, 11, 10, 11, 11, 10, 11, 12, 10, 10, 13, 13, 11, 11, 13, 11, 12, 13, 12, 12, 11, 10], [10, 12, 11, 12, 12, 12, 11, 13, 10, 11, 10, 11, 13, 11, 11, 13, 10, 11, 13, 10, 13, 13, 12, 12, 12, 10, 12, 12, 10, 10, 10, 13, 10, 10, 13], [10, 13, 10, 10, 12, 13, 13, 13, 11, 11, 10, 12, 11, 10, 11, 12, 11, 13, 13, 10, 10, 13, 10, 11, 10, 12, 13, 10, 12, 10, 11, 12, 11, 13, 12], [10, 10, 12, 12, 10, 12, 13, 13, 11, 13, 11, 13, 10, 10, 11, 10, 10, 10, 13, 11, 13, 10, 13, 11, 13, 11, 10, 12, 11, 11, 13, 11, 12, 10, 11], [10, 12, 13, 10, 12, 13, 13, 10, 10, 13, 12, 12, 13, 13, 10, 10, 12, 10, 13, 13, 12, 13, 11, 10, 13, 11, 12, 12, 12, 11, 11, 13, 10, 10, 12], [12, 10, 12, 11, 13, 12, 12, 11, 11, 12, 11, 10, 12, 10, 10, 13, 11, 10, 10, 11, 10, 11, 11, 11, 10, 13, 11, 13, 11, 10, 11, 12, 13, 11, 10], [11, 10, 13, 11, 11, 10, 10, 10, 10, 13, 10, 13, 10, 12, 13, 12, 11, 13, 11, 10, 11, 13, 11, 11, 13, 10, 12, 13, 13, 13, 11, 13, 13, 13, 11], [10, 12, 10, 12, 11, 12, 10, 10, 13, 11, 10, 11, 12, 12, 12, 10, 10, 10, 11, 13, 12, 10, 10, 11, 12, 13, 13, 12, 12, 10, 11, 10, 13, 10, 10], [10, 12, 12, 13, 11, 10, 12, 13, 11, 11, 12, 10, 12, 13, 13, 13, 12, 12, 12, 12, 10, 12, 13, 10, 11, 13, 11, 11, 12, 10, 10, 11, 10, 11, 10], [12, 12, 13, 12, 12, 11, 10, 10, 10, 13, 10, 13, 11, 11, 11, 11, 11, 10, 13, 13, 12, 12, 10, 11, 12, 13, 13, 13, 10, 11, 13, 12, 12, 10, 12], [12, 13, 11, 10, 11, 10, 12, 11, 10, 10, 11, 10, 13, 11, 10, 12, 11, 11, 11, 13, 13, 10, 10, 12, 11, 10, 11, 13, 13, 12, 11, 13, 10, 13, 13], [12, 12, 12, 12, 12, 12, 12, 10, 10, 11, 13, 10, 10, 11, 10, 13, 11, 11, 11, 12, 10, 11, 12, 12, 13, 13, 12, 13, 13, 10, 10, 13, 10, 12, 10], [12, 13, 11, 11, 13, 12, 12, 11, 12, 13, 10, 12, 11, 10, 12, 12, 11, 13, 12, 13, 12, 10, 12, 11, 11, 11, 10, 12, 13, 13, 11, 12, 11, 13, 11], [12, 12, 13, 11, 11, 11, 13, 11, 10, 12, 12, 12, 13, 13, 11, 12, 12, 12, 11, 10, 11, 13, 11, 13, 11, 11, 13, 11, 12, 11, 13, 13, 10, 12, 11], [11, 10, 11, 10, 13, 10, 10, 12, 11, 10, 12, 11, 11, 10, 11, 11, 13, 10, 10, 10, 11, 11, 13, 12, 12, 12, 12, 12, 10, 11, 13, 13, 10, 10, 13], [10, 12, 11, 12, 11, 11, 11, 12, 10, 13, 13, 10, 12, 12, 10, 11, 10, 11, 10, 10, 12, 12, 11, 10, 13, 11, 13, 12, 12, 11, 11, 11, 13, 12, 10], [10, 10, 12, 11, 10, 11, 10, 13, 13, 10, 13, 12, 13, 13, 10, 13, 11, 10, 11, 10, 11, 10, 10, 11, 12, 10, 12, 10, 10, 12, 12, 11, 13, 11, 11], [10, 13, 12, 13, 12, 12, 13, 11, 10, 13, 12, 12, 10, 12, 11, 10, 10, 12, 11, 11, 10, 13, 10, 12, 11, 12, 12, 13, 13, 10, 12, 11, 12, 11, 13], [12, 11, 10, 10, 12, 10, 12, 12, 10, 10, 10, 11, 12, 10, 13, 10, 10, 13, 10, 10, 10, 10, 13, 10, 11, 11, 13, 11, 11, 13, 11, 13, 10, 11, 10], [10, 13, 12, 10, 13, 12, 10, 13, 10, 12, 13, 13, 11, 12, 10, 10, 11, 11, 13, 13, 11, 12, 12, 12, 12, 12, 12, 10, 12, 11, 12, 12, 11, 11, 11], [10, 10, 11, 10, 10, 13, 12, 13, 13, 11, 11, 11, 11, 10, 13, 12, 13, 13, 13, 12, 11, 13, 13, 10, 13, 11, 11, 13, 12, 12, 11, 12, 13, 12, 11]]
Inventory holding cost per unit of each product by the end of each period h: 
[[9, 6, 8, 9, 5, 6, 8, 7, 7, 5, 7, 8, 9, 9, 5, 7, 8, 7, 7, 5, 6, 6, 7, 6, 8, 9, 7, 6, 9, 6, 8, 8, 8, 9, 9], [6, 7, 7, 9, 8, 6, 5, 5, 9, 5, 9, 6, 8, 9, 6, 8, 7, 7, 9, 6, 9, 6, 5, 7, 8, 9, 6, 8, 8, 7, 7, 9, 8, 8, 8], [7, 7, 7, 5, 6, 9, 9, 5, 9, 8, 8, 9, 9, 6, 5, 5, 6, 5, 6, 7, 5, 8, 7, 5, 7, 9, 8, 5, 5, 7, 7, 9, 5, 8, 8], [5, 7, 7, 5, 8, 8, 8, 7, 9, 6, 5, 8, 9, 6, 5, 9, 9, 6, 5, 5, 7, 9, 8, 7, 8, 9, 6, 5, 9, 6, 9, 8, 6, 6, 6], [6, 6, 8, 7, 8, 7, 9, 8, 8, 5, 9, 9, 8, 7, 6, 8, 8, 7, 5, 5, 6, 6, 5, 5, 5, 5, 5, 8, 5, 7, 6, 7, 7, 5, 8], [9, 8, 9, 9, 8, 8, 8, 7, 9, 9, 5, 6, 8, 7, 9, 5, 8, 9, 7, 8, 6, 7, 7, 9, 8, 9, 5, 8, 9, 6, 9, 7, 8, 5, 6], [5, 9, 9, 9, 8, 9, 9, 6, 8, 8, 7, 8, 8, 7, 7, 7, 5, 6, 8, 8, 5, 7, 7, 6, 9, 9, 6, 5, 5, 9, 6, 5, 5, 8, 9], [8, 9, 8, 8, 8, 5, 6, 5, 5, 6, 8, 5, 8, 5, 7, 9, 8, 7, 5, 5, 7, 5, 9, 8, 9, 9, 8, 6, 6, 6, 5, 5, 8, 9, 6], [5, 7, 5, 7, 8, 9, 7, 6, 8, 8, 6, 9, 5, 6, 8, 9, 5, 8, 5, 5, 7, 9, 6, 5, 7, 6, 9, 9, 8, 6, 5, 5, 8, 9, 5], [8, 9, 5, 9, 9, 8, 6, 7, 8, 9, 8, 7, 9, 8, 7, 7, 6, 9, 6, 5, 5, 6, 6, 6, 5, 6, 9, 7, 9, 8, 9, 7, 7, 7, 5], [6, 9, 9, 9, 8, 5, 9, 9, 5, 9, 7, 6, 9, 5, 6, 9, 9, 6, 5, 8, 6, 8, 8, 6, 9, 7, 7, 8, 5, 7, 7, 7, 9, 6, 9], [8, 5, 9, 9, 9, 8, 9, 6, 9, 9, 7, 6, 9, 8, 7, 7, 9, 7, 7, 6, 6, 6, 7, 7, 5, 5, 7, 6, 6, 7, 9, 5, 8, 6, 8], [7, 6, 6, 6, 9, 8, 5, 8, 6, 5, 6, 7, 5, 7, 9, 8, 9, 8, 5, 6, 8, 8, 5, 8, 8, 8, 6, 7, 7, 9, 5, 9, 7, 5, 9], [9, 7, 6, 9, 9, 7, 7, 8, 8, 6, 8, 5, 7, 5, 5, 7, 5, 7, 8, 5, 8, 8, 6, 7, 5, 8, 8, 9, 7, 9, 7, 6, 8, 7, 7], [9, 6, 7, 9, 7, 6, 5, 8, 8, 8, 8, 8, 5, 5, 5, 5, 9, 9, 6, 7, 8, 7, 6, 5, 9, 7, 6, 9, 6, 7, 6, 7, 9, 8, 5], [7, 7, 9, 9, 5, 8, 8, 8, 5, 9, 8, 6, 8, 8, 8, 7, 6, 5, 9, 9, 5, 6, 7, 9, 7, 9, 9, 7, 6, 9, 8, 8, 6, 5, 8], [8, 9, 7, 6, 7, 6, 5, 5, 8, 8, 5, 7, 6, 8, 6, 6, 9, 5, 5, 9, 6, 7, 9, 6, 9, 8, 5, 7, 5, 5, 5, 7, 5, 7, 8], [7, 8, 7, 7, 8, 7, 7, 9, 8, 7, 8, 6, 9, 7, 6, 8, 8, 7, 6, 6, 9, 6, 9, 8, 5, 7, 8, 7, 5, 5, 5, 8, 9, 6, 9], [6, 9, 9, 8, 5, 5, 9, 8, 7, 5, 8, 6, 8, 8, 6, 5, 9, 7, 7, 6, 8, 9, 8, 6, 6, 8, 7, 9, 7, 5, 8, 9, 6, 9, 6], [8, 9, 5, 6, 7, 6, 7, 9, 6, 8, 7, 5, 7, 5, 9, 7, 7, 7, 5, 6, 8, 8, 5, 9, 5, 6, 5, 6, 9, 9, 9, 5, 7, 5, 9], [6, 7, 9, 8, 8, 8, 5, 7, 5, 8, 7, 6, 7, 7, 8, 8, 8, 6, 9, 5, 9, 7, 6, 9, 5, 6, 9, 6, 5, 5, 7, 7, 9, 9, 6], [7, 7, 6, 8, 6, 6, 8, 8, 8, 8, 5, 6, 7, 6, 7, 6, 5, 8, 7, 6, 6, 7, 9, 7, 5, 8, 7, 9, 9, 5, 5, 7, 9, 7, 5], [9, 9, 8, 8, 5, 5, 8, 6, 5, 7, 9, 6, 5, 5, 9, 6, 8, 5, 7, 8, 5, 6, 6, 8, 8, 5, 9, 5, 8, 8, 9, 9, 6, 6, 7], [7, 9, 6, 9, 6, 8, 5, 9, 7, 5, 8, 7, 6, 6, 8, 8, 9, 8, 8, 5, 7, 8, 6, 6, 8, 8, 6, 9, 8, 8, 8, 7, 6, 9, 9], [8, 7, 8, 5, 9, 9, 5, 6, 9, 8, 7, 9, 9, 7, 9, 6, 5, 5, 9, 9, 5, 9, 9, 7, 8, 6, 6, 5, 9, 6, 9, 9, 6, 8, 9], [5, 5, 5, 6, 6, 6, 7, 7, 5, 7, 7, 6, 7, 6, 9, 7, 8, 6, 8, 9, 7, 8, 8, 9, 5, 7, 7, 8, 9, 8, 8, 6, 6, 7, 8], [6, 9, 9, 5, 9, 8, 6, 9, 5, 5, 9, 7, 9, 7, 5, 6, 6, 5, 7, 6, 9, 5, 9, 5, 9, 8, 6, 7, 7, 6, 9, 6, 8, 7, 8], [9, 8, 5, 9, 8, 7, 6, 8, 9, 7, 9, 8, 7, 7, 6, 6, 5, 8, 5, 7, 7, 6, 8, 9, 6, 8, 5, 7, 6, 9, 6, 8, 8, 9, 6], [9, 6, 9, 6, 8, 9, 5, 7, 9, 7, 7, 9, 8, 5, 9, 9, 7, 7, 5, 9, 5, 9, 9, 8, 5, 9, 6, 8, 5, 9, 6, 6, 6, 5, 9], [8, 8, 6, 5, 6, 5, 9, 7, 6, 5, 9, 7, 6, 5, 7, 8, 7, 5, 6, 6, 5, 8, 6, 5, 8, 9, 8, 5, 7, 7, 5, 6, 7, 9, 5], [8, 8, 7, 8, 7, 8, 9, 9, 8, 9, 8, 7, 9, 8, 7, 7, 9, 8, 8, 9, 5, 5, 7, 6, 9, 9, 6, 5, 9, 9, 5, 8, 6, 9, 7], [6, 5, 5, 8, 7, 5, 5, 7, 8, 6, 9, 6, 6, 7, 8, 8, 7, 9, 8, 8, 7, 9, 9, 9, 5, 8, 8, 6, 9, 6, 8, 5, 8, 7, 7], [5, 5, 9, 6, 5, 9, 9, 8, 9, 5, 5, 8, 5, 5, 8, 7, 8, 5, 8, 8, 6, 6, 7, 5, 8, 5, 8, 6, 6, 9, 5, 9, 8, 5, 6], [5, 5, 5, 6, 6, 8, 9, 6, 6, 9, 9, 7, 5, 7, 6, 9, 9, 9, 9, 8, 5, 5, 9, 5, 6, 5, 6, 7, 5, 6, 6, 7, 7, 7, 8], [9, 5, 6, 6, 8, 8, 5, 9, 9, 8, 9, 8, 5, 9, 6, 5, 6, 8, 8, 5, 9, 9, 7, 5, 9, 6, 7, 8, 5, 8, 9, 6, 5, 5, 8], [9, 5, 6, 5, 9, 5, 6, 6, 6, 5, 6, 8, 9, 8, 9, 5, 9, 9, 5, 6, 9, 6, 6, 7, 5, 6, 7, 5, 9, 6, 5, 6, 8, 9, 7], [5, 6, 7, 7, 5, 6, 9, 5, 9, 8, 5, 9, 8, 7, 8, 8, 8, 7, 8, 5, 7, 7, 8, 8, 7, 8, 9, 9, 6, 6, 7, 6, 9, 8, 5], [6, 7, 5, 7, 9, 6, 8, 8, 7, 5, 8, 7, 5, 6, 5, 5, 7, 8, 8, 5, 6, 6, 7, 9, 6, 6, 7, 5, 8, 5, 7, 9, 5, 6, 7], [8, 8, 7, 9, 5, 5, 5, 8, 9, 5, 5, 6, 5, 8, 7, 7, 7, 8, 9, 6, 5, 9, 7, 7, 8, 9, 5, 6, 8, 7, 8, 6, 5, 8, 9], [6, 8, 7, 7, 7, 6, 6, 5, 8, 7, 7, 5, 6, 7, 6, 7, 7, 5, 6, 5, 5, 6, 5, 7, 7, 5, 8, 7, 7, 8, 7, 5, 5, 8, 9], [8, 6, 8, 5, 9, 8, 5, 7, 9, 8, 5, 8, 7, 7, 6, 5, 5, 8, 6, 9, 5, 6, 9, 6, 5, 5, 9, 7, 8, 6, 5, 6, 8, 6, 9], [8, 5, 9, 8, 7, 8, 6, 7, 6, 6, 9, 7, 7, 7, 9, 9, 7, 6, 6, 8, 5, 5, 8, 5, 9, 6, 8, 7, 8, 9, 9, 5, 7, 8, 8], [8, 8, 9, 5, 7, 7, 5, 8, 8, 5, 5, 9, 8, 9, 6, 7, 9, 5, 5, 8, 6, 5, 9, 7, 9, 5, 9, 7, 5, 8, 7, 5, 8, 8, 8], [5, 7, 9, 6, 9, 8, 5, 5, 5, 8, 7, 5, 9, 5, 7, 5, 9, 8, 5, 6, 8, 6, 7, 7, 9, 9, 5, 6, 7, 9, 7, 9, 6, 7, 7], [7, 8, 9, 6, 6, 8, 8, 6, 5, 6, 5, 8, 5, 5, 5, 8, 8, 9, 7, 7, 8, 8, 9, 5, 5, 9, 9, 5, 7, 8, 7, 5, 7, 8, 7], [6, 9, 9, 8, 7, 8, 8, 9, 6, 7, 6, 8, 7, 8, 9, 8, 9, 6, 8, 6, 8, 6, 8, 5, 6, 6, 9, 6, 6, 9, 8, 5, 8, 5, 8], [6, 8, 6, 9, 7, 7, 5, 8, 9, 6, 6, 8, 6, 8, 6, 7, 7, 8, 7, 5, 9, 7, 5, 5, 6, 5, 5, 8, 8, 9, 7, 6, 9, 8, 8], [6, 6, 7, 8, 5, 9, 7, 6, 5, 8, 7, 5, 8, 7, 6, 9, 8, 5, 7, 8, 5, 8, 6, 9, 8, 6, 9, 6, 5, 9, 5, 6, 6, 9, 8], [5, 5, 9, 9, 6, 5, 8, 5, 9, 5, 8, 5, 8, 8, 9, 7, 5, 7, 6, 7, 8, 5, 8, 6, 9, 7, 9, 5, 6, 6, 6, 6, 8, 6, 9], [7, 5, 9, 8, 9, 8, 5, 6, 9, 6, 9, 7, 5, 6, 6, 9, 5, 6, 5, 9, 7, 6, 9, 6, 6, 9, 8, 8, 7, 7, 6, 8, 8, 8, 6]]
Demand for each product in each period d: 
[[18, 32, 36, 0, 25, 4, 48, 27, 15, 19, 34, 26, 18, 25, 15, 14, 40, 40, 12, 45, 1, 33, 12, 14, 0, 3, 12, 19, 13, 41, 36, 1, 10, 34, 10], [5, 38, 0, 0, 37, 15, 9, 43, 40, 4, 49, 0, 11, 6, 22, 47, 21, 5, 24, 45, 18, 39, 28, 35, 21, 47, 32, 47, 46, 31, 49, 33, 39, 23, 45], [29, 43, 0, 0, 4, 8, 26, 33, 13, 34, 49, 7, 11, 31, 20, 25, 37, 43, 13, 3, 35, 23, 42, 11, 0, 10, 2, 39, 16, 30, 32, 48, 17, 10, 45], [28, 8, 25, 23, 0, 3, 25, 27, 30, 0, 2, 29, 26, 19, 27, 2, 2, 30, 28, 16, 49, 28, 10, 2, 42, 45, 1, 33, 18, 42, 9, 16, 22, 10, 16], [19, 47, 35, 5, 16, 3, 8, 0, 6, 13, 40, 19, 41, 49, 31, 46, 32, 6, 35, 41, 26, 27, 37, 9, 8, 26, 8, 19, 28, 25, 0, 8, 37, 7, 24], [23, 13, 24, 27, 3, 28, 1, 25, 46, 43, 37, 40, 0, 0, 13, 24, 12, 45, 23, 24, 44, 14, 17, 43, 49, 4, 17, 11, 22, 17, 38, 42, 17, 35, 13], [37, 28, 1, 31, 0, 30, 46, 39, 4, 14, 28, 36, 40, 45, 2, 17, 36, 37, 49, 19, 0, 35, 1, 13, 34, 4, 30, 38, 18, 42, 4, 32, 0, 38, 26], [47, 23, 11, 15, 6, 48, 14, 42, 44, 32, 6, 18, 9, 18, 8, 4, 11, 48, 19, 9, 21, 17, 0, 11, 46, 5, 2, 34, 15, 32, 23, 37, 20, 24, 43], [3, 33, 20, 22, 0, 0, 28, 33, 11, 23, 43, 43, 39, 10, 43, 11, 18, 12, 49, 0, 9, 3, 7, 18, 43, 7, 43, 21, 1, 42, 0, 14, 46, 18, 21], [4, 25, 30, 26, 40, 27, 42, 0, 44, 2, 29, 11, 5, 22, 44, 44, 0, 22, 7, 0, 15, 11, 3, 20, 18, 12, 33, 22, 23, 25, 6, 40, 8, 27, 20], [29, 0, 12, 1, 25, 27, 34, 13, 24, 1, 47, 43, 30, 15, 30, 7, 15, 33, 25, 12, 14, 2, 8, 35, 10, 12, 30, 34, 1, 1, 6, 25, 42, 28, 12], [12, 45, 33, 41, 31, 7, 41, 46, 44, 24, 22, 37, 21, 24, 49, 6, 15, 33, 31, 39, 25, 36, 39, 9, 47, 33, 39, 35, 16, 15, 19, 3, 20, 38, 0], [22, 8, 45, 5, 25, 5, 15, 6, 43, 12, 42, 40, 17, 29, 23, 0, 28, 21, 19, 39, 14, 28, 16, 38, 47, 49, 18, 43, 23, 20, 29, 47, 0, 47, 1], [6, 0, 23, 6, 7, 26, 31, 15, 33, 25, 21, 38, 42, 9, 12, 10, 3, 6, 0, 37, 36, 37, 3, 35, 34, 5, 38, 34, 45, 40, 12, 9, 46, 26, 43], [6, 26, 29, 38, 12, 13, 49, 23, 2, 24, 3, 17, 18, 17, 34, 31, 2, 43, 23, 11, 5, 0, 3, 3, 14, 13, 11, 1, 8, 27, 47, 21, 7, 21, 40], [21, 30, 0, 33, 49, 27, 34, 31, 3, 17, 19, 37, 8, 14, 49, 29, 32, 3, 23, 0, 22, 0, 1, 0, 0, 15, 24, 45, 0, 12, 34, 3, 16, 0, 43], [15, 19, 36, 26, 23, 3, 6, 3, 23, 8, 8, 32, 49, 3, 0, 2, 48, 24, 25, 46, 36, 45, 7, 23, 15, 20, 25, 15, 42, 18, 25, 33, 36, 36, 3], [31, 23, 46, 19, 47, 12, 16, 32, 3, 5, 13, 29, 0, 8, 37, 4, 0, 5, 28, 27, 2, 3, 5, 12, 38, 43, 29, 47, 28, 0, 21, 23, 1, 21, 0], [31, 10, 37, 21, 26, 0, 26, 14, 14, 38, 37, 4, 34, 43, 0, 26, 6, 1, 24, 5, 30, 27, 24, 42, 22, 25, 37, 10, 10, 13, 0, 34, 0, 0, 7], [17, 49, 32, 27, 10, 32, 39, 28, 4, 29, 49, 15, 0, 37, 33, 19, 22, 33, 35, 0, 17, 26, 47, 19, 2, 13, 5, 36, 23, 22, 19, 9, 30, 39, 0], [42, 47, 11, 28, 41, 47, 10, 48, 43, 11, 16, 10, 0, 19, 0, 22, 42, 13, 14, 22, 45, 6, 38, 35, 5, 44, 13, 1, 30, 13, 14, 1, 48, 46, 8], [48, 10, 47, 45, 30, 24, 27, 5, 5, 38, 34, 38, 37, 24, 7, 33, 34, 16, 22, 7, 30, 39, 48, 24, 20, 23, 9, 15, 40, 40, 35, 33, 21, 20, 7], [26, 7, 37, 38, 47, 30, 9, 32, 44, 15, 4, 0, 3, 0, 15, 20, 0, 38, 29, 35, 33, 44, 39, 10, 6, 10, 2, 31, 24, 10, 18, 18, 8, 1, 18], [3, 0, 7, 0, 10, 8, 31, 1, 22, 42, 0, 32, 34, 25, 22, 13, 10, 37, 31, 0, 9, 1, 39, 44, 42, 17, 37, 17, 35, 5, 39, 18, 42, 8, 12], [39, 39, 7, 27, 42, 2, 0, 30, 10, 18, 21, 20, 14, 32, 40, 18, 33, 37, 15, 32, 23, 0, 11, 29, 7, 16, 36, 29, 48, 14, 22, 9, 49, 1, 21], [2, 6, 40, 11, 7, 37, 3, 12, 7, 39, 9, 31, 7, 1, 17, 35, 25, 34, 35, 43, 22, 18, 48, 34, 44, 6, 23, 32, 23, 23, 39, 27, 39, 8, 37], [0, 43, 23, 44, 22, 14, 39, 39, 7, 0, 33, 16, 23, 27, 46, 12, 44, 23, 0, 23, 3, 13, 46, 17, 26, 11, 10, 22, 4, 33, 9, 26, 35, 23, 30], [43, 42, 3, 20, 43, 14, 42, 15, 5, 15, 42, 19, 18, 28, 25, 8, 31, 19, 36, 48, 7, 6, 25, 43, 8, 44, 28, 8, 44, 0, 49, 21, 23, 49, 38], [46, 3, 30, 0, 38, 33, 10, 4, 43, 0, 15, 43, 41, 1, 0, 2, 33, 37, 27, 0, 8, 23, 32, 0, 30, 11, 46, 43, 4, 32, 42, 6, 16, 13, 17], [8, 41, 27, 2, 46, 1, 38, 42, 2, 25, 37, 5, 15, 23, 18, 33, 46, 12, 25, 6, 10, 32, 13, 24, 32, 31, 21, 29, 24, 3, 21, 6, 35, 40, 16], [1, 13, 36, 4, 1, 22, 12, 46, 8, 33, 32, 19, 18, 33, 33, 14, 45, 42, 48, 27, 21, 23, 42, 48, 17, 38, 8, 38, 46, 9, 45, 18, 43, 23, 22], [0, 12, 4, 11, 20, 23, 5, 25, 20, 17, 0, 41, 39, 27, 5, 29, 5, 44, 47, 42, 2, 26, 21, 9, 37, 6, 10, 11, 22, 15, 13, 42, 3, 45, 14], [0, 48, 45, 24, 22, 35, 17, 1, 32, 28, 31, 15, 35, 32, 0, 30, 29, 17, 4, 22, 12, 42, 31, 49, 5, 6, 25, 28, 5, 4, 27, 13, 13, 38, 39], [39, 37, 34, 16, 30, 29, 17, 44, 5, 10, 28, 23, 29, 23, 44, 0, 17, 7, 12, 40, 1, 21, 27, 9, 10, 12, 14, 37, 22, 3, 29, 18, 25, 10, 4], [24, 0, 45, 11, 14, 0, 33, 31, 26, 15, 46, 0, 5, 17, 4, 3, 44, 2, 30, 44, 2, 29, 19, 10, 11, 21, 42, 4, 48, 20, 47, 0, 29, 0, 12], [7, 8, 0, 0, 17, 42, 15, 10, 34, 39, 5, 32, 41, 39, 12, 37, 21, 48, 39, 45, 10, 15, 45, 45, 44, 14, 41, 49, 46, 2, 29, 0, 20, 0, 48], [0, 42, 0, 41, 6, 0, 10, 18, 35, 17, 38, 11, 22, 40, 49, 4, 26, 0, 30, 26, 34, 10, 21, 40, 21, 6, 20, 8, 12, 12, 33, 14, 12, 19, 6], [5, 10, 16, 30, 8, 23, 29, 3, 13, 32, 28, 8, 11, 42, 4, 0, 21, 32, 16, 28, 34, 42, 27, 35, 47, 25, 29, 25, 23, 47, 38, 43, 30, 38, 9], [38, 3, 14, 31, 47, 16, 49, 47, 17, 2, 20, 23, 40, 18, 1, 14, 24, 8, 8, 40, 15, 3, 35, 0, 47, 19, 7, 0, 39, 2, 19, 31, 47, 19, 43], [27, 42, 31, 39, 18, 45, 0, 0, 7, 41, 20, 48, 15, 21, 5, 24, 34, 48, 28, 37, 2, 30, 43, 23, 47, 13, 33, 2, 25, 8, 22, 11, 21, 47, 40], [0, 23, 41, 0, 21, 42, 0, 3, 36, 0, 24, 20, 25, 41, 13, 10, 11, 7, 20, 40, 37, 48, 34, 41, 39, 0, 38, 29, 15, 35, 39, 15, 34, 43, 43], [6, 37, 0, 13, 46, 34, 22, 40, 23, 25, 6, 23, 48, 35, 40, 43, 36, 0, 23, 19, 36, 33, 36, 3, 3, 6, 4, 40, 17, 47, 41, 2, 46, 5, 27], [46, 29, 15, 33, 17, 41, 40, 48, 31, 35, 11, 19, 46, 28, 22, 18, 37, 36, 33, 18, 33, 0, 3, 36, 0, 41, 2, 47, 31, 0, 48, 16, 41, 22, 0], [27, 7, 15, 47, 25, 30, 33, 35, 0, 0, 6, 13, 12, 28, 8, 34, 11, 11, 33, 43, 41, 11, 17, 33, 15, 12, 22, 0, 48, 40, 7, 17, 16, 47, 35], [1, 42, 22, 43, 22, 11, 23, 1, 6, 33, 4, 41, 31, 46, 45, 17, 25, 25, 15, 26, 3, 14, 27, 4, 21, 47, 35, 30, 33, 33, 40, 5, 13, 40, 0], [40, 4, 9, 18, 8, 14, 0, 26, 49, 16, 29, 16, 27, 0, 13, 18, 34, 0, 28, 1, 48, 34, 26, 4, 46, 30, 28, 42, 20, 18, 14, 31, 24, 0, 18], [2, 9, 15, 35, 40, 2, 44, 2, 13, 45, 41, 12, 45, 10, 26, 20, 22, 25, 38, 11, 4, 39, 37, 14, 26, 39, 46, 24, 17, 46, 46, 40, 29, 19, 30], [20, 16, 27, 35, 44, 13, 0, 20, 24, 7, 28, 15, 7, 3, 23, 18, 5, 43, 21, 5, 15, 36, 45, 49, 17, 30, 1, 49, 29, 38, 8, 35, 45, 26, 19], [16, 17, 41, 23, 32, 6, 19, 8, 4, 32, 26, 24, 15, 23, 8, 29, 0, 26, 0, 41, 30, 5, 21, 24, 31, 10, 31, 20, 49, 25, 16, 37, 5, 28, 0], [11, 10, 36, 14, 19, 7, 12, 34, 5, 5, 46, 0, 3, 15, 22, 44, 28, 15, 0, 0, 44, 24, 21, 0, 31, 28, 4, 35, 20, 1, 21, 14, 0, 10, 18]]
Maintenance cost in each period m: 
[8833, 9667, 9022, 8209, 9494, 7859, 8893, 8373, 10027, 8674, 9563, 9621, 8224, 9533, 7844, 7925, 9141, 9515, 7001, 6630, 9450, 7702, 8305, 6829, 7647, 6692, 9990, 9161, 7298, 10238, 9732, 10002, 9508, 7017, 7249]
Maximum capacity of the machine cmax: 
2250