Set of periods in the planning horizon T: 
25
Set of products P: 
35
Capacity reduction coefficient alpha: 
0.8
Relative decrease of capacity per set up gamma: 
0.33
Capacity reduction coefficient due to product types beta: 
[0.38, 0.2, 0.27, 0.23, 0.37, 0.36, 0.24, 0.24, 0.39, 0.4, 0.35, 0.33, 0.36, 0.29, 0.27, 0.33, 0.32, 0.33, 0.35, 0.4, 0.3, 0.26, 0.27, 0.3, 0.33, 0.21, 0.34, 0.23, 0.39, 0.31, 0.3, 0.21, 0.38, 0.24, 0.4]
Fixed production cost of each product in each period f: 
[[827, 851, 714, 529, 872, 841, 947, 861, 512, 522, 550, 644, 815, 850, 819, 572, 662, 594, 655, 855, 602, 993, 895, 769, 998], [824, 817, 853, 857, 714, 952, 573, 858, 577, 893, 694, 731, 730, 673, 864, 643, 811, 991, 921, 913, 659, 593, 581, 882, 693], [736, 955, 920, 790, 848, 653, 570, 681, 615, 683, 688, 679, 713, 897, 803, 959, 851, 984, 897, 588, 637, 920, 605, 771, 843], [770, 516, 830, 962, 988, 636, 656, 959, 550, 923, 797, 720, 671, 823, 942, 800, 627, 970, 993, 988, 722, 505, 891, 639, 628], [512, 854, 558, 831, 536, 508, 505, 799, 721, 988, 697, 686, 557, 852, 674, 743, 915, 557, 786, 838, 935, 584, 694, 750, 915], [685, 707, 799, 843, 565, 554, 859, 673, 567, 846, 687, 552, 974, 808, 999, 700, 945, 610, 810, 635, 893, 747, 735, 965, 617], [736, 529, 584, 898, 779, 961, 621, 805, 810, 903, 831, 975, 629, 843, 950, 935, 513, 762, 897, 575, 537, 757, 680, 690, 503], [914, 662, 810, 716, 927, 977, 869, 747, 531, 745, 909, 737, 730, 984, 949, 607, 670, 679, 603, 586, 810, 599, 757, 702, 630], [931, 750, 595, 805, 783, 785, 774, 629, 747, 633, 682, 858, 866, 706, 530, 671, 944, 583, 883, 856, 687, 889, 782, 589, 686], [566, 741, 514, 742, 986, 726, 584, 723, 955, 994, 945, 546, 996, 686, 670, 897, 992, 905, 501, 699, 754, 832, 567, 587, 793], [720, 500, 531, 891, 775, 569, 528, 784, 890, 646, 957, 970, 531, 928, 786, 537, 552, 682, 531, 717, 802, 640, 811, 978, 933], [992, 823, 850, 500, 507, 511, 819, 798, 670, 867, 724, 700, 689, 671, 900, 834, 631, 825, 953, 910, 590, 761, 572, 728, 688], [853, 997, 860, 822, 533, 580, 540, 969, 876, 704, 512, 809, 523, 915, 902, 924, 902, 867, 871, 716, 880, 973, 572, 728, 703], [834, 836, 611, 680, 906, 601, 803, 674, 878, 818, 785, 792, 764, 943, 689, 556, 688, 963, 757, 664, 986, 741, 698, 951, 794], [706, 602, 544, 548, 978, 752, 804, 620, 601, 711, 561, 519, 504, 651, 516, 971, 939, 543, 663, 826, 768, 671, 923, 920, 844], [671, 676, 703, 507, 913, 535, 961, 949, 811, 824, 769, 866, 535, 520, 848, 826, 823, 652, 601, 725, 956, 556, 527, 637, 811], [693, 807, 690, 921, 571, 786, 701, 516, 833, 605, 718, 694, 503, 952, 721, 759, 945, 597, 877, 798, 857, 867, 800, 787, 975], [748, 701, 766, 788, 585, 511, 902, 514, 629, 847, 695, 663, 577, 950, 883, 655, 756, 884, 725, 746, 656, 987, 760, 813, 744], [523, 643, 751, 925, 858, 651, 849, 611, 990, 708, 876, 893, 763, 614, 926, 574, 984, 525, 633, 989, 971, 690, 825, 787, 701], [572, 865, 825, 655, 836, 566, 686, 818, 974, 798, 613, 999, 517, 866, 842, 705, 580, 949, 640, 959, 549, 867, 789, 512, 647], [655, 599, 984, 554, 636, 841, 865, 684, 859, 997, 886, 940, 730, 544, 669, 782, 790, 664, 563, 946, 687, 806, 965, 591, 879], [942, 739, 689, 940, 721, 808, 634, 924, 704, 991, 951, 830, 554, 596, 684, 766, 997, 898, 797, 686, 789, 643, 658, 502, 541], [634, 638, 741, 562, 764, 715, 952, 873, 808, 759, 886, 658, 916, 655, 750, 985, 562, 613, 667, 553, 742, 952, 747, 624, 966], [524, 616, 607, 719, 719, 604, 935, 552, 887, 586, 583, 667, 700, 501, 580, 812, 859, 730, 570, 945, 614, 651, 883, 699, 819], [690, 740, 767, 657, 887, 693, 860, 609, 514, 707, 660, 858, 533, 596, 729, 863, 940, 563, 504, 835, 727, 920, 716, 979, 958], [713, 734, 527, 635, 932, 836, 588, 670, 799, 839, 849, 584, 832, 986, 890, 543, 803, 807, 724, 908, 875, 844, 670, 521, 688], [781, 879, 761, 541, 902, 998, 936, 878, 900, 632, 946, 879, 632, 906, 500, 898, 928, 960, 860, 557, 945, 703, 558, 676, 760], [815, 543, 999, 550, 595, 820, 926, 658, 710, 784, 898, 848, 507, 570, 918, 612, 835, 555, 988, 895, 969, 582, 995, 994, 873], [554, 608, 771, 524, 920, 656, 683, 819, 817, 628, 559, 651, 929, 771, 853, 668, 632, 765, 942, 601, 780, 611, 751, 576, 870], [551, 866, 935, 548, 611, 558, 696, 970, 799, 691, 588, 701, 710, 691, 514, 948, 883, 701, 528, 643, 614, 635, 584, 557, 648], [966, 909, 515, 740, 781, 878, 937, 577, 598, 803, 843, 703, 943, 648, 719, 559, 633, 943, 890, 960, 985, 721, 806, 657, 514], [864, 975, 876, 718, 651, 670, 865, 660, 808, 707, 533, 663, 807, 533, 771, 525, 937, 547, 744, 617, 991, 743, 717, 550, 970], [917, 924, 588, 702, 660, 906, 733, 667, 580, 510, 872, 989, 955, 936, 691, 850, 727, 805, 834, 696, 513, 870, 633, 503, 763], [793, 632, 858, 641, 774, 550, 683, 583, 974, 883, 716, 631, 617, 945, 880, 853, 962, 778, 524, 647, 787, 812, 968, 677, 918], [976, 608, 643, 597, 655, 879, 512, 818, 941, 828, 545, 507, 982, 524, 714, 964, 513, 845, 570, 554, 546, 661, 529, 679, 932]]
Variable production cost per unit of each product in each period p: 
[[11, 13, 12, 10, 11, 12, 10, 13, 10, 10, 10, 11, 13, 10, 12, 10, 12, 12, 13, 11, 10, 10, 10, 10, 12], [10, 11, 10, 10, 13, 10, 10, 11, 11, 11, 11, 13, 11, 10, 13, 12, 11, 13, 12, 11, 10, 13, 10, 13, 12], [13, 13, 11, 10, 12, 12, 10, 11, 10, 13, 11, 12, 10, 11, 13, 13, 13, 13, 13, 13, 10, 12, 12, 13, 10], [11, 10, 11, 11, 11, 13, 13, 11, 13, 11, 10, 11, 12, 10, 12, 11, 13, 12, 12, 10, 12, 11, 10, 12, 11], [10, 12, 13, 11, 13, 12, 13, 12, 10, 12, 13, 13, 13, 11, 13, 10, 11, 10, 10, 10, 11, 11, 12, 12, 12], [10, 12, 11, 10, 12, 12, 12, 13, 10, 13, 11, 12, 10, 13, 11, 12, 12, 10, 10, 10, 10, 13, 10, 10, 10], [10, 12, 11, 12, 11, 12, 11, 10, 11, 10, 12, 13, 11, 10, 12, 10, 10, 12, 12, 11, 10, 11, 12, 10, 12], [11, 11, 10, 12, 11, 13, 11, 11, 11, 10, 13, 10, 10, 12, 10, 11, 10, 12, 12, 11, 12, 13, 13, 10, 10], [10, 12, 13, 10, 13, 12, 10, 10, 12, 10, 11, 12, 12, 10, 12, 13, 13, 11, 10, 13, 12, 11, 11, 11, 13], [11, 11, 10, 12, 12, 11, 12, 12, 10, 12, 13, 11, 13, 13, 11, 11, 11, 12, 10, 11, 10, 11, 11, 13, 11], [13, 12, 11, 11, 12, 12, 11, 10, 10, 12, 10, 10, 11, 11, 11, 13, 10, 11, 13, 13, 13, 10, 13, 12, 13], [13, 12, 10, 11, 13, 13, 10, 11, 11, 12, 13, 10, 13, 12, 10, 10, 10, 13, 12, 12, 10, 10, 11, 13, 11], [11, 13, 13, 12, 13, 12, 10, 11, 13, 11, 12, 13, 11, 12, 11, 11, 13, 12, 12, 13, 12, 10, 12, 10, 11], [12, 11, 10, 10, 11, 10, 12, 10, 13, 10, 13, 11, 12, 13, 13, 11, 11, 12, 12, 10, 12, 10, 13, 12, 12], [13, 11, 13, 11, 13, 13, 12, 13, 10, 12, 13, 11, 10, 10, 13, 13, 10, 13, 10, 11, 10, 13, 10, 12, 12], [12, 10, 13, 13, 11, 13, 10, 10, 13, 12, 10, 12, 11, 13, 10, 13, 11, 12, 12, 11, 13, 12, 13, 11, 11], [10, 12, 11, 13, 11, 13, 12, 10, 10, 12, 12, 10, 13, 10, 10, 12, 10, 10, 11, 12, 11, 10, 11, 13, 11], [11, 12, 11, 13, 11, 12, 10, 11, 13, 11, 12, 10, 13, 12, 10, 13, 10, 11, 13, 11, 13, 10, 13, 12, 11], [12, 11, 13, 12, 12, 12, 12, 11, 12, 12, 10, 12, 12, 12, 13, 11, 12, 13, 10, 12, 13, 12, 11, 13, 12], [12, 13, 10, 10, 13, 13, 13, 13, 10, 11, 13, 11, 13, 11, 10, 10, 12, 13, 13, 13, 12, 10, 10, 12, 13], [12, 10, 10, 10, 12, 10, 11, 10, 13, 12, 10, 13, 10, 11, 10, 10, 12, 11, 10, 12, 12, 10, 10, 13, 10], [12, 10, 12, 13, 11, 13, 12, 10, 11, 11, 11, 10, 13, 11, 12, 10, 12, 13, 12, 10, 13, 13, 10, 13, 11], [11, 12, 10, 10, 13, 12, 10, 11, 10, 12, 13, 12, 11, 10, 10, 12, 12, 13, 10, 10, 13, 11, 10, 12, 13], [10, 12, 13, 13, 13, 10, 12, 12, 10, 11, 12, 10, 13, 11, 12, 10, 11, 10, 11, 12, 12, 13, 13, 11, 11], [10, 12, 10, 10, 12, 10, 13, 11, 12, 13, 12, 11, 11, 11, 10, 11, 13, 11, 11, 12, 13, 12, 13, 13, 12], [10, 11, 10, 13, 11, 10, 11, 11, 12, 11, 13, 12, 10, 13, 13, 11, 11, 10, 11, 13, 11, 11, 11, 13, 10], [10, 13, 10, 13, 13, 13, 12, 13, 11, 12, 12, 12, 11, 10, 13, 13, 12, 10, 12, 11, 12, 10, 10, 10, 12], [12, 10, 12, 10, 12, 13, 11, 11, 10, 11, 13, 13, 12, 12, 10, 12, 12, 13, 13, 11, 13, 13, 11, 11, 11], [12, 10, 10, 13, 11, 11, 13, 13, 10, 11, 10, 10, 13, 11, 10, 12, 13, 13, 13, 11, 10, 13, 12, 13, 10], [13, 13, 10, 10, 12, 11, 13, 13, 12, 13, 13, 11, 13, 11, 11, 10, 13, 12, 10, 13, 12, 13, 11, 11, 13], [13, 12, 11, 11, 11, 10, 10, 11, 10, 13, 10, 13, 13, 13, 12, 11, 12, 10, 11, 13, 10, 11, 10, 10, 10], [11, 13, 13, 11, 13, 13, 13, 11, 10, 10, 13, 10, 13, 11, 11, 10, 12, 10, 11, 10, 12, 11, 13, 11, 10], [12, 12, 12, 10, 13, 11, 12, 13, 13, 12, 12, 12, 13, 13, 10, 12, 10, 10, 10, 12, 13, 13, 10, 12, 13], [10, 11, 12, 13, 11, 12, 11, 11, 12, 12, 13, 11, 11, 11, 13, 10, 12, 10, 11, 11, 10, 11, 11, 13, 12], [13, 12, 12, 10, 13, 10, 10, 10, 10, 11, 12, 13, 13, 12, 13, 10, 13, 13, 11, 12, 12, 11, 12, 11, 10]]
Inventory holding cost per unit of each product by the end of each period h: 
[[5, 6, 6, 6, 7, 8, 8, 8, 9, 5, 9, 7, 7, 9, 5, 7, 8, 5, 7, 6, 7, 8, 6, 9, 6], [5, 8, 9, 5, 8, 7, 9, 6, 5, 5, 7, 5, 7, 6, 8, 9, 8, 9, 6, 5, 8, 6, 8, 7, 8], [6, 6, 7, 6, 8, 7, 7, 5, 5, 7, 6, 5, 7, 8, 8, 7, 9, 7, 7, 8, 9, 5, 5, 9, 9], [9, 7, 7, 5, 8, 9, 5, 5, 6, 9, 9, 7, 6, 8, 5, 9, 9, 8, 6, 5, 8, 7, 5, 8, 9], [6, 6, 7, 9, 7, 9, 9, 7, 6, 6, 6, 6, 8, 5, 8, 5, 9, 5, 7, 9, 9, 9, 8, 7, 5], [9, 6, 6, 9, 7, 6, 7, 5, 7, 9, 5, 9, 8, 9, 9, 9, 9, 8, 5, 8, 5, 6, 8, 5, 7], [6, 8, 9, 8, 7, 9, 5, 6, 7, 8, 8, 9, 8, 6, 8, 7, 9, 5, 6, 9, 6, 8, 9, 5, 6], [7, 6, 7, 6, 6, 5, 6, 7, 7, 7, 8, 9, 5, 8, 8, 9, 9, 7, 6, 6, 5, 5, 6, 9, 7], [8, 7, 5, 6, 5, 9, 9, 8, 9, 8, 5, 5, 8, 5, 7, 7, 7, 7, 9, 9, 9, 7, 9, 8, 9], [9, 7, 7, 6, 6, 9, 9, 8, 7, 6, 8, 9, 7, 9, 7, 9, 9, 5, 6, 7, 7, 8, 6, 6, 8], [9, 7, 5, 7, 5, 6, 9, 8, 8, 6, 6, 5, 9, 6, 7, 9, 7, 8, 9, 6, 7, 6, 6, 8, 9], [5, 8, 6, 7, 5, 5, 6, 6, 6, 7, 7, 8, 6, 7, 6, 9, 6, 5, 6, 6, 8, 9, 5, 7, 8], [8, 7, 9, 6, 6, 6, 6, 9, 9, 5, 7, 8, 8, 5, 8, 5, 5, 5, 6, 9, 9, 8, 5, 5, 8], [9, 8, 6, 8, 6, 6, 6, 5, 7, 5, 5, 7, 7, 9, 9, 5, 5, 8, 7, 7, 7, 6, 6, 6, 5], [8, 9, 5, 6, 5, 8, 8, 7, 6, 8, 7, 6, 6, 8, 7, 5, 6, 7, 6, 5, 5, 5, 7, 9, 8], [8, 6, 9, 7, 8, 7, 5, 6, 7, 5, 5, 9, 6, 5, 8, 9, 7, 7, 8, 7, 6, 5, 9, 5, 7], [9, 6, 6, 5, 8, 5, 7, 7, 8, 5, 5, 5, 6, 9, 6, 8, 9, 9, 8, 9, 9, 6, 8, 8, 7], [9, 5, 5, 5, 8, 6, 6, 9, 9, 7, 9, 5, 6, 9, 9, 9, 9, 6, 9, 9, 9, 7, 6, 7, 9], [6, 7, 5, 7, 7, 8, 5, 6, 9, 9, 5, 6, 5, 6, 8, 5, 9, 5, 8, 9, 7, 5, 6, 8, 6], [7, 5, 5, 6, 6, 5, 9, 8, 7, 6, 9, 5, 6, 8, 5, 9, 6, 5, 5, 7, 9, 5, 7, 6, 9], [6, 7, 9, 8, 8, 7, 9, 5, 7, 8, 9, 6, 6, 7, 5, 6, 6, 5, 9, 8, 5, 7, 8, 9, 6], [8, 8, 6, 7, 6, 7, 5, 9, 9, 7, 5, 8, 9, 8, 6, 8, 8, 5, 8, 9, 5, 7, 7, 8, 5], [8, 6, 6, 5, 6, 5, 9, 6, 7, 7, 8, 9, 6, 7, 9, 5, 6, 6, 8, 8, 7, 7, 9, 7, 7], [9, 5, 6, 6, 5, 6, 9, 7, 8, 7, 6, 8, 6, 5, 6, 9, 8, 6, 8, 6, 5, 7, 7, 9, 9], [6, 9, 6, 7, 8, 6, 5, 6, 5, 9, 5, 5, 8, 9, 9, 5, 9, 6, 8, 8, 5, 7, 7, 5, 9], [5, 8, 9, 6, 8, 5, 7, 8, 6, 8, 8, 9, 5, 9, 6, 6, 9, 9, 5, 7, 6, 7, 5, 7, 7], [8, 8, 8, 7, 7, 8, 8, 8, 7, 8, 9, 5, 7, 7, 7, 8, 9, 6, 8, 5, 8, 7, 5, 6, 5], [7, 9, 5, 9, 6, 8, 8, 8, 7, 8, 9, 9, 8, 5, 9, 8, 9, 7, 5, 5, 7, 7, 6, 9, 7], [5, 8, 9, 9, 5, 5, 8, 8, 9, 8, 5, 9, 5, 7, 5, 8, 7, 7, 9, 6, 6, 8, 8, 8, 9], [6, 5, 6, 7, 8, 9, 6, 9, 5, 9, 7, 5, 8, 7, 9, 5, 7, 7, 9, 5, 6, 9, 9, 6, 5], [8, 6, 8, 7, 6, 6, 5, 7, 7, 6, 6, 6, 5, 9, 9, 7, 5, 7, 7, 8, 8, 9, 6, 6, 6], [7, 8, 8, 8, 6, 5, 5, 6, 6, 8, 7, 7, 8, 9, 9, 6, 9, 7, 9, 7, 6, 5, 8, 8, 5], [8, 5, 6, 6, 6, 8, 9, 7, 8, 9, 9, 9, 8, 5, 9, 6, 8, 8, 9, 5, 5, 7, 7, 5, 7], [6, 8, 8, 5, 7, 6, 8, 8, 5, 8, 9, 7, 8, 5, 9, 7, 7, 6, 5, 7, 7, 8, 6, 9, 5], [5, 6, 6, 6, 8, 6, 5, 7, 9, 9, 7, 9, 5, 9, 5, 6, 5, 6, 7, 7, 7, 6, 7, 9, 9]]
Demand for each product in each period d: 
[[34, 9, 24, 4, 39, 34, 24, 27, 20, 20, 12, 9, 11, 39, 23, 47, 30, 17, 20, 20, 2, 48, 10, 19, 1], [22, 0, 43, 21, 14, 42, 0, 19, 37, 42, 48, 0, 41, 18, 45, 23, 12, 14, 35, 34, 3, 21, 42, 28, 25], [14, 42, 39, 8, 24, 13, 14, 10, 47, 15, 1, 24, 45, 41, 2, 8, 31, 0, 25, 25, 1, 29, 38, 33, 1], [43, 15, 2, 48, 0, 0, 36, 48, 18, 45, 43, 42, 27, 49, 43, 0, 41, 30, 30, 11, 9, 38, 14, 30, 1], [28, 0, 25, 41, 23, 19, 3, 19, 3, 4, 46, 9, 46, 18, 13, 31, 23, 11, 16, 31, 26, 38, 11, 26, 7], [38, 20, 31, 0, 25, 49, 25, 5, 17, 36, 16, 37, 31, 34, 48, 5, 30, 41, 46, 42, 46, 33, 17, 22, 14], [6, 18, 34, 3, 48, 36, 32, 16, 0, 45, 44, 5, 28, 10, 19, 11, 41, 29, 21, 28, 49, 32, 45, 39, 21], [0, 44, 43, 13, 45, 0, 35, 14, 41, 0, 9, 0, 33, 34, 1, 43, 5, 26, 17, 18, 10, 29, 24, 48, 43], [32, 16, 1, 0, 19, 41, 0, 11, 26, 28, 26, 38, 41, 15, 0, 33, 38, 7, 30, 34, 21, 17, 25, 43, 8], [36, 37, 2, 18, 25, 12, 32, 17, 28, 30, 9, 39, 32, 44, 30, 24, 43, 46, 16, 18, 42, 33, 32, 39, 20], [19, 7, 6, 7, 26, 24, 36, 33, 32, 36, 14, 43, 48, 17, 20, 36, 10, 22, 33, 40, 0, 1, 20, 14, 1], [2, 23, 13, 13, 17, 13, 47, 30, 33, 17, 15, 23, 0, 33, 8, 28, 25, 19, 36, 7, 9, 28, 37, 13, 16], [45, 45, 37, 20, 2, 8, 49, 47, 47, 32, 49, 42, 45, 31, 28, 9, 0, 0, 47, 26, 46, 38, 27, 49, 38], [11, 0, 0, 20, 43, 0, 9, 45, 39, 26, 34, 28, 5, 28, 46, 13, 8, 44, 19, 3, 8, 34, 45, 17, 32], [35, 15, 33, 34, 44, 0, 27, 24, 35, 48, 0, 40, 7, 8, 2, 12, 9, 42, 15, 9, 8, 12, 46, 0, 27], [21, 14, 27, 17, 30, 14, 39, 25, 18, 47, 0, 34, 34, 40, 47, 13, 9, 22, 40, 49, 22, 22, 21, 49, 26], [45, 21, 39, 27, 32, 28, 23, 18, 44, 36, 9, 39, 32, 45, 45, 41, 23, 3, 31, 42, 1, 0, 33, 26, 28], [43, 4, 9, 48, 36, 9, 5, 8, 10, 45, 12, 26, 34, 48, 0, 22, 46, 21, 20, 27, 4, 49, 3, 9, 34], [10, 13, 47, 48, 27, 34, 26, 42, 48, 49, 25, 46, 2, 32, 29, 15, 3, 16, 0, 39, 29, 1, 16, 16, 32], [16, 33, 45, 13, 5, 0, 16, 11, 36, 29, 45, 7, 48, 19, 31, 12, 5, 47, 5, 12, 20, 46, 18, 20, 0], [33, 5, 42, 4, 7, 0, 29, 5, 41, 24, 0, 46, 0, 1, 20, 7, 18, 27, 47, 18, 0, 18, 16, 47, 42], [1, 8, 33, 30, 42, 15, 19, 11, 48, 43, 20, 19, 40, 1, 23, 5, 44, 26, 22, 19, 28, 34, 45, 42, 23], [15, 19, 41, 48, 24, 23, 14, 16, 37, 2, 48, 0, 41, 0, 10, 35, 40, 12, 9, 0, 9, 34, 7, 24, 2], [23, 15, 43, 47, 45, 31, 48, 3, 24, 0, 30, 11, 48, 29, 0, 17, 7, 0, 16, 0, 33, 4, 24, 18, 0], [42, 3, 29, 47, 0, 19, 21, 14, 16, 0, 45, 2, 49, 17, 14, 0, 36, 27, 15, 24, 0, 18, 14, 20, 0], [34, 47, 15, 39, 21, 0, 30, 4, 31, 18, 47, 12, 31, 43, 24, 6, 25, 48, 36, 10, 0, 13, 26, 4, 23], [31, 37, 0, 26, 34, 13, 36, 5, 33, 42, 0, 17, 2, 1, 15, 40, 20, 30, 39, 8, 17, 49, 49, 47, 0], [6, 40, 23, 23, 23, 13, 28, 20, 48, 47, 15, 28, 24, 47, 21, 0, 31, 3, 37, 16, 35, 9, 20, 23, 29], [42, 30, 24, 14, 22, 21, 13, 39, 30, 24, 24, 6, 12, 23, 0, 44, 24, 44, 4, 48, 48, 27, 38, 43, 39], [47, 21, 19, 45, 37, 37, 6, 13, 46, 0, 11, 33, 35, 23, 3, 34, 33, 31, 43, 12, 5, 6, 20, 10, 10], [5, 29, 15, 27, 40, 11, 49, 23, 47, 32, 22, 18, 23, 42, 37, 27, 36, 24, 37, 32, 28, 35, 3, 26, 48], [45, 41, 20, 13, 32, 16, 25, 15, 4, 11, 48, 15, 0, 36, 33, 15, 23, 40, 14, 17, 13, 27, 12, 41, 36], [46, 43, 43, 20, 40, 6, 21, 26, 24, 24, 38, 14, 0, 30, 36, 40, 9, 8, 47, 42, 46, 9, 37, 49, 48], [14, 38, 7, 3, 48, 40, 20, 27, 48, 48, 10, 31, 9, 0, 15, 37, 32, 19, 15, 8, 44, 33, 36, 19, 33], [0, 44, 40, 10, 37, 31, 18, 39, 15, 5, 25, 43, 32, 39, 47, 23, 16, 26, 14, 28, 31, 15, 34, 13, 0]]
Maintenance cost in each period m: 
[5466, 6512, 5275, 6120, 4746, 5900, 6338, 6933, 4882, 5405, 5631, 7035, 3702, 4956, 5102, 3749, 4051, 5201, 7015, 5230, 4275, 6790, 3972, 4792, 5049]
Maximum capacity of the machine cmax: 
1540