Set of periods in the planning horizon T: 
25
Set of products P: 
35
Capacity reduction coefficient alpha: 
0.8
Relative decrease of capacity per set up gamma: 
0.24
Capacity reduction coefficient due to product types beta: 
[0.2, 0.25, 0.33, 0.34, 0.39, 0.27, 0.28, 0.26, 0.22, 0.38, 0.21, 0.21, 0.27, 0.27, 0.35, 0.3, 0.24, 0.21, 0.25, 0.34, 0.21, 0.34, 0.39, 0.38, 0.31, 0.29, 0.39, 0.26, 0.26, 0.39, 0.21, 0.24, 0.37, 0.36, 0.36]
Fixed production cost of each product in each period f: 
[[844, 639, 884, 676, 726, 904, 896, 992, 843, 746, 992, 677, 759, 990, 800, 753, 774, 726, 589, 602, 851, 712, 946, 913, 974], [756, 628, 943, 689, 928, 760, 643, 629, 830, 627, 556, 746, 795, 977, 765, 532, 992, 728, 602, 769, 770, 712, 964, 651, 576], [979, 633, 943, 734, 722, 781, 831, 502, 726, 723, 554, 556, 888, 785, 676, 628, 605, 568, 723, 772, 776, 847, 813, 672, 746], [615, 841, 520, 990, 837, 725, 847, 834, 882, 958, 724, 633, 508, 931, 593, 690, 655, 650, 699, 608, 819, 855, 707, 552, 631], [766, 584, 821, 865, 710, 693, 543, 587, 534, 970, 649, 646, 857, 756, 893, 943, 595, 893, 987, 902, 913, 811, 903, 941, 754], [972, 753, 995, 904, 993, 533, 960, 896, 891, 959, 981, 594, 986, 571, 791, 706, 776, 522, 739, 635, 727, 935, 834, 608, 760], [887, 667, 838, 783, 929, 609, 717, 745, 889, 603, 581, 692, 977, 575, 924, 847, 652, 574, 586, 826, 873, 684, 985, 717, 932], [625, 536, 699, 707, 653, 828, 972, 848, 717, 537, 646, 662, 725, 740, 621, 705, 698, 780, 567, 763, 708, 824, 627, 868, 661], [819, 580, 913, 667, 662, 832, 872, 931, 957, 572, 965, 821, 813, 734, 680, 643, 803, 638, 785, 762, 873, 551, 888, 535, 684], [540, 687, 898, 539, 656, 609, 983, 510, 596, 802, 976, 556, 768, 879, 695, 977, 986, 764, 598, 571, 733, 865, 708, 774, 656], [972, 982, 925, 712, 883, 706, 907, 725, 658, 598, 781, 961, 785, 795, 649, 998, 969, 625, 530, 927, 567, 810, 750, 573, 617], [697, 958, 835, 724, 576, 895, 708, 522, 801, 541, 585, 523, 926, 759, 856, 985, 630, 841, 612, 692, 608, 976, 548, 563, 806], [958, 593, 571, 679, 666, 625, 989, 643, 941, 629, 673, 657, 825, 964, 663, 605, 621, 708, 888, 841, 500, 536, 766, 752, 956], [544, 612, 836, 675, 897, 681, 543, 723, 643, 871, 825, 886, 973, 732, 792, 602, 861, 960, 986, 927, 982, 670, 722, 664, 896], [534, 914, 866, 760, 786, 517, 847, 978, 673, 749, 899, 977, 750, 815, 966, 987, 815, 522, 881, 988, 587, 858, 931, 628, 927], [925, 923, 945, 588, 882, 759, 677, 909, 978, 654, 958, 590, 541, 620, 924, 828, 942, 727, 971, 736, 896, 536, 623, 992, 568], [646, 594, 529, 748, 537, 538, 922, 972, 530, 629, 716, 903, 502, 927, 732, 588, 590, 922, 889, 940, 988, 787, 729, 728, 995], [649, 857, 689, 688, 830, 786, 559, 983, 714, 744, 796, 741, 778, 653, 598, 856, 750, 980, 855, 602, 946, 578, 936, 842, 632], [769, 987, 821, 522, 929, 850, 539, 655, 926, 581, 504, 776, 735, 976, 719, 708, 603, 527, 739, 739, 854, 879, 818, 609, 635], [693, 901, 855, 682, 912, 944, 508, 835, 639, 579, 896, 665, 833, 596, 860, 879, 544, 956, 665, 579, 959, 607, 791, 916, 684], [825, 925, 990, 609, 747, 809, 714, 869, 612, 543, 653, 935, 651, 992, 753, 923, 832, 741, 768, 885, 818, 736, 794, 795, 769], [659, 928, 780, 687, 887, 589, 528, 590, 564, 861, 534, 678, 871, 814, 855, 757, 845, 750, 894, 878, 918, 628, 541, 711, 815], [880, 679, 773, 523, 662, 961, 624, 544, 731, 563, 650, 552, 587, 738, 721, 692, 745, 774, 510, 623, 935, 880, 751, 940, 782], [529, 837, 744, 852, 991, 599, 615, 588, 855, 680, 981, 891, 643, 910, 954, 574, 713, 886, 900, 605, 896, 563, 854, 646, 610], [868, 834, 990, 505, 873, 724, 639, 798, 632, 681, 707, 547, 558, 885, 622, 530, 688, 961, 540, 575, 715, 737, 629, 938, 606], [820, 755, 864, 836, 992, 996, 543, 922, 683, 535, 761, 533, 916, 857, 993, 788, 843, 891, 745, 678, 765, 759, 880, 827, 649], [642, 825, 800, 662, 626, 901, 825, 650, 816, 592, 550, 609, 710, 613, 815, 892, 861, 911, 580, 873, 656, 801, 563, 658, 557], [897, 826, 971, 641, 667, 866, 634, 643, 760, 759, 786, 820, 549, 746, 637, 834, 812, 872, 702, 507, 559, 816, 730, 902, 589], [716, 958, 513, 983, 982, 676, 655, 820, 938, 679, 709, 536, 835, 723, 533, 820, 966, 779, 550, 877, 846, 746, 558, 641, 533], [509, 929, 943, 691, 761, 609, 708, 713, 791, 930, 926, 962, 650, 510, 535, 582, 995, 840, 587, 723, 994, 890, 712, 660, 706], [731, 635, 917, 847, 866, 587, 826, 695, 627, 615, 899, 643, 707, 790, 757, 575, 766, 631, 916, 538, 557, 818, 549, 981, 529], [513, 520, 612, 560, 511, 624, 635, 674, 882, 617, 987, 927, 660, 622, 747, 508, 798, 776, 588, 916, 868, 658, 799, 811, 932], [927, 817, 518, 780, 717, 962, 502, 798, 994, 932, 658, 901, 578, 869, 634, 704, 539, 721, 811, 956, 529, 551, 888, 589, 720], [946, 815, 956, 814, 859, 815, 706, 891, 873, 620, 931, 654, 960, 553, 896, 768, 537, 567, 945, 677, 694, 824, 855, 630, 892], [547, 929, 503, 985, 548, 838, 822, 744, 871, 543, 526, 946, 785, 779, 533, 594, 945, 699, 752, 821, 980, 928, 937, 612, 968]]
Variable production cost per unit of each product in each period p: 
[[11, 12, 12, 13, 10, 11, 12, 13, 13, 11, 10, 12, 10, 10, 13, 13, 13, 12, 11, 11, 11, 10, 11, 12, 12], [10, 12, 10, 13, 10, 12, 12, 12, 12, 13, 13, 10, 11, 13, 11, 11, 11, 10, 13, 10, 11, 12, 11, 10, 12], [13, 13, 11, 13, 13, 12, 12, 13, 13, 12, 10, 12, 10, 10, 13, 11, 12, 11, 10, 10, 13, 10, 13, 11, 10], [13, 12, 12, 11, 12, 12, 11, 10, 10, 10, 12, 12, 10, 11, 12, 10, 11, 12, 11, 10, 10, 12, 11, 11, 12], [10, 10, 10, 11, 11, 12, 11, 11, 12, 11, 10, 10, 11, 12, 11, 10, 10, 10, 11, 12, 12, 11, 12, 10, 11], [13, 10, 13, 13, 11, 13, 13, 10, 12, 10, 10, 12, 11, 13, 13, 12, 10, 10, 13, 10, 13, 11, 12, 12, 11], [12, 12, 11, 13, 13, 10, 13, 12, 12, 13, 11, 12, 10, 11, 11, 10, 13, 13, 10, 13, 13, 13, 13, 10, 11], [13, 13, 13, 12, 13, 10, 12, 11, 10, 13, 11, 11, 11, 12, 10, 11, 10, 13, 13, 12, 10, 13, 13, 10, 12], [13, 11, 11, 13, 13, 12, 12, 13, 10, 13, 13, 12, 11, 12, 13, 10, 11, 12, 11, 13, 10, 11, 12, 11, 12], [11, 13, 10, 13, 10, 11, 11, 12, 13, 13, 12, 11, 11, 10, 11, 12, 12, 13, 13, 11, 11, 13, 13, 10, 13], [11, 13, 13, 10, 12, 11, 12, 13, 11, 11, 13, 11, 10, 12, 11, 11, 12, 10, 12, 10, 11, 13, 13, 11, 10], [13, 10, 10, 12, 12, 10, 12, 10, 10, 11, 11, 11, 11, 11, 13, 13, 13, 10, 11, 12, 13, 13, 11, 11, 12], [13, 13, 10, 13, 11, 11, 11, 13, 13, 12, 10, 11, 10, 12, 12, 11, 10, 12, 13, 10, 11, 10, 11, 10, 12], [10, 13, 13, 10, 11, 10, 13, 11, 11, 12, 12, 10, 11, 10, 10, 12, 12, 10, 11, 13, 10, 13, 13, 10, 13], [12, 11, 12, 12, 13, 12, 13, 13, 12, 13, 12, 11, 10, 11, 12, 11, 11, 11, 11, 11, 11, 11, 10, 11, 13], [13, 13, 10, 10, 12, 12, 13, 11, 10, 13, 10, 11, 11, 11, 12, 11, 12, 13, 12, 10, 11, 13, 12, 12, 11], [12, 10, 10, 10, 13, 13, 12, 12, 10, 12, 11, 10, 11, 11, 13, 11, 12, 10, 11, 11, 10, 13, 12, 12, 12], [11, 11, 11, 12, 12, 12, 13, 13, 10, 13, 11, 12, 11, 11, 12, 11, 11, 13, 12, 11, 12, 11, 10, 10, 11], [10, 11, 11, 12, 13, 13, 11, 10, 11, 11, 13, 10, 13, 10, 12, 10, 11, 13, 10, 10, 13, 12, 11, 10, 10], [11, 13, 13, 10, 10, 10, 13, 10, 10, 12, 13, 10, 10, 12, 13, 13, 11, 11, 11, 11, 12, 13, 13, 11, 13], [10, 11, 10, 11, 11, 10, 11, 13, 13, 11, 13, 13, 12, 12, 13, 12, 10, 10, 10, 10, 13, 13, 11, 13, 10], [11, 13, 13, 10, 11, 13, 13, 11, 12, 12, 12, 10, 11, 13, 11, 11, 12, 12, 10, 10, 10, 10, 11, 10, 12], [10, 10, 10, 12, 13, 11, 11, 11, 11, 11, 11, 11, 13, 12, 11, 13, 13, 11, 10, 10, 12, 13, 12, 11, 10], [12, 13, 13, 10, 10, 10, 11, 11, 10, 11, 12, 10, 12, 13, 10, 13, 10, 13, 11, 11, 12, 12, 10, 12, 11], [10, 10, 13, 13, 10, 10, 13, 13, 13, 11, 10, 11, 12, 12, 10, 13, 13, 13, 12, 13, 12, 13, 11, 11, 12], [13, 10, 13, 11, 10, 11, 10, 10, 12, 13, 12, 13, 11, 10, 11, 10, 11, 12, 10, 12, 10, 11, 13, 13, 12], [12, 13, 10, 12, 12, 10, 10, 11, 11, 13, 12, 12, 10, 12, 12, 12, 12, 13, 10, 12, 13, 13, 13, 11, 13], [12, 12, 13, 10, 10, 10, 12, 11, 11, 13, 11, 11, 11, 12, 12, 12, 11, 12, 11, 10, 11, 10, 11, 11, 10], [10, 13, 12, 13, 11, 11, 11, 12, 13, 10, 12, 11, 13, 13, 12, 11, 11, 12, 11, 10, 10, 10, 11, 12, 13], [11, 10, 13, 11, 11, 12, 13, 12, 11, 13, 12, 12, 12, 12, 11, 13, 12, 10, 12, 11, 12, 11, 13, 10, 13], [13, 11, 12, 12, 11, 10, 10, 11, 10, 13, 11, 11, 11, 10, 12, 13, 12, 12, 11, 12, 11, 13, 12, 12, 12], [11, 10, 10, 12, 11, 10, 12, 11, 13, 12, 13, 13, 11, 12, 11, 11, 10, 11, 11, 11, 13, 12, 13, 10, 13], [13, 10, 13, 13, 13, 10, 11, 12, 12, 13, 13, 12, 13, 13, 12, 12, 10, 13, 11, 11, 12, 10, 13, 13, 12], [13, 11, 11, 12, 11, 13, 11, 13, 11, 12, 13, 12, 13, 12, 12, 13, 12, 13, 12, 12, 10, 11, 12, 13, 11], [10, 13, 11, 13, 12, 12, 12, 13, 11, 10, 13, 11, 10, 12, 13, 12, 11, 11, 10, 13, 12, 13, 12, 13, 13]]
Inventory holding cost per unit of each product by the end of each period h: 
[[5, 9, 5, 5, 9, 7, 9, 9, 9, 5, 9, 8, 6, 9, 6, 8, 9, 9, 6, 8, 6, 5, 7, 9, 8], [5, 6, 9, 6, 7, 9, 7, 6, 5, 7, 9, 6, 9, 7, 9, 6, 7, 8, 8, 7, 6, 7, 9, 6, 9], [8, 9, 6, 7, 6, 8, 5, 7, 7, 5, 5, 9, 5, 7, 7, 9, 9, 7, 6, 6, 5, 5, 5, 9, 7], [9, 6, 5, 6, 5, 7, 8, 5, 6, 7, 7, 6, 8, 5, 5, 8, 6, 7, 9, 6, 6, 8, 8, 6, 6], [5, 7, 6, 8, 7, 9, 6, 8, 5, 9, 9, 9, 7, 8, 9, 7, 5, 7, 8, 6, 9, 7, 9, 7, 6], [5, 9, 9, 9, 8, 9, 6, 8, 9, 7, 9, 9, 6, 5, 7, 9, 9, 8, 5, 7, 6, 6, 7, 5, 7], [9, 9, 7, 6, 8, 8, 7, 6, 8, 5, 7, 6, 6, 8, 7, 9, 5, 5, 9, 6, 6, 9, 7, 6, 8], [5, 5, 9, 7, 9, 6, 6, 5, 9, 9, 7, 6, 6, 7, 7, 7, 6, 7, 8, 5, 7, 7, 9, 7, 8], [8, 7, 9, 8, 7, 9, 7, 9, 9, 7, 8, 7, 6, 9, 6, 8, 8, 8, 9, 7, 9, 6, 7, 9, 8], [8, 9, 5, 6, 5, 5, 7, 6, 5, 7, 9, 9, 7, 8, 5, 7, 6, 7, 7, 8, 7, 6, 7, 6, 5], [9, 7, 5, 8, 8, 7, 6, 9, 6, 7, 6, 5, 7, 9, 6, 7, 8, 8, 8, 5, 6, 6, 6, 5, 8], [7, 6, 5, 8, 8, 5, 5, 9, 6, 9, 8, 6, 8, 9, 5, 9, 8, 6, 8, 7, 8, 9, 5, 9, 8], [7, 8, 8, 7, 5, 9, 9, 5, 7, 6, 5, 7, 9, 8, 6, 7, 9, 5, 6, 7, 9, 7, 8, 6, 8], [7, 7, 8, 6, 9, 8, 5, 5, 9, 5, 6, 7, 5, 6, 5, 8, 7, 6, 7, 9, 9, 6, 8, 5, 8], [8, 7, 9, 5, 6, 8, 8, 5, 5, 5, 6, 9, 6, 9, 7, 9, 5, 6, 8, 6, 9, 6, 9, 6, 9], [9, 9, 7, 6, 5, 7, 7, 6, 5, 7, 5, 6, 7, 9, 5, 6, 8, 7, 5, 6, 6, 5, 6, 7, 5], [5, 6, 9, 9, 9, 8, 8, 9, 9, 8, 7, 6, 8, 8, 8, 8, 8, 6, 8, 9, 7, 6, 6, 7, 5], [5, 7, 9, 6, 6, 7, 7, 8, 6, 6, 5, 8, 5, 8, 7, 8, 6, 6, 9, 5, 9, 5, 7, 9, 6], [6, 6, 7, 9, 6, 9, 7, 6, 8, 7, 7, 6, 8, 5, 6, 9, 8, 7, 7, 6, 8, 7, 5, 6, 6], [8, 5, 6, 9, 7, 9, 9, 5, 7, 5, 5, 5, 9, 9, 7, 5, 6, 8, 5, 5, 6, 7, 7, 5, 5], [7, 6, 8, 8, 7, 6, 7, 9, 7, 8, 6, 6, 9, 7, 9, 6, 7, 7, 5, 8, 6, 7, 9, 5, 6], [6, 8, 5, 8, 8, 9, 7, 9, 7, 6, 9, 7, 5, 9, 9, 5, 5, 6, 9, 5, 8, 6, 7, 8, 5], [5, 5, 9, 9, 9, 7, 9, 8, 7, 6, 5, 9, 7, 8, 7, 5, 7, 5, 6, 9, 7, 6, 5, 5, 9], [9, 6, 5, 8, 7, 7, 6, 7, 8, 5, 9, 6, 9, 5, 6, 5, 9, 5, 5, 6, 5, 8, 8, 9, 8], [6, 6, 6, 7, 5, 7, 8, 5, 8, 6, 9, 8, 6, 5, 9, 9, 7, 6, 6, 6, 9, 8, 6, 9, 9], [9, 5, 5, 7, 5, 7, 7, 6, 9, 9, 5, 7, 7, 5, 8, 8, 6, 6, 8, 9, 9, 8, 8, 6, 6], [5, 5, 7, 9, 9, 8, 9, 8, 6, 7, 5, 7, 7, 7, 5, 7, 5, 8, 7, 5, 8, 8, 7, 5, 7], [9, 6, 9, 5, 5, 5, 9, 5, 7, 5, 9, 8, 6, 9, 7, 7, 8, 5, 8, 6, 6, 9, 5, 8, 7], [8, 9, 5, 6, 9, 7, 7, 6, 5, 7, 5, 7, 7, 6, 6, 8, 6, 5, 7, 5, 5, 6, 6, 7, 6], [9, 7, 6, 8, 7, 5, 9, 7, 6, 8, 7, 8, 9, 6, 8, 7, 7, 7, 8, 8, 6, 9, 8, 8, 5], [7, 7, 7, 9, 5, 6, 6, 8, 8, 6, 9, 7, 7, 7, 7, 8, 8, 7, 6, 5, 5, 8, 7, 7, 9], [9, 6, 8, 5, 6, 7, 6, 5, 7, 5, 6, 7, 7, 5, 6, 5, 5, 8, 7, 9, 6, 9, 9, 5, 8], [6, 7, 5, 6, 9, 7, 6, 6, 7, 5, 9, 9, 5, 9, 7, 6, 5, 8, 8, 7, 5, 9, 9, 6, 8], [6, 5, 8, 6, 5, 6, 7, 5, 7, 8, 9, 8, 7, 5, 5, 9, 7, 6, 7, 6, 7, 5, 6, 8, 7], [5, 6, 6, 9, 9, 8, 6, 6, 7, 9, 6, 6, 9, 8, 6, 8, 8, 7, 9, 5, 6, 6, 7, 8, 7]]
Demand for each product in each period d: 
[[27, 4, 32, 0, 40, 32, 32, 20, 19, 42, 4, 11, 29, 40, 35, 15, 25, 0, 43, 20, 9, 17, 49, 48, 5], [49, 0, 31, 41, 29, 45, 38, 41, 0, 39, 9, 3, 9, 21, 27, 15, 1, 19, 32, 35, 0, 4, 31, 6, 12], [31, 47, 12, 18, 6, 21, 10, 37, 9, 46, 41, 5, 14, 32, 43, 38, 47, 45, 21, 22, 8, 0, 16, 11, 45], [37, 2, 33, 36, 33, 15, 27, 43, 32, 38, 17, 8, 44, 41, 15, 20, 31, 11, 0, 15, 19, 45, 31, 3, 27], [40, 20, 22, 9, 7, 16, 34, 20, 27, 35, 0, 49, 32, 19, 8, 4, 9, 37, 5, 27, 2, 33, 21, 16, 34], [25, 0, 18, 43, 14, 0, 32, 45, 15, 26, 47, 25, 13, 38, 42, 22, 31, 22, 11, 14, 28, 27, 30, 48, 7], [20, 7, 14, 10, 43, 18, 46, 7, 33, 11, 27, 45, 4, 49, 48, 43, 26, 0, 5, 27, 40, 2, 37, 42, 0], [20, 36, 5, 44, 16, 41, 18, 3, 2, 17, 31, 10, 31, 9, 30, 12, 2, 42, 14, 12, 22, 7, 0, 47, 6], [32, 31, 43, 49, 17, 8, 46, 21, 19, 18, 30, 30, 35, 5, 22, 9, 17, 16, 49, 18, 34, 30, 20, 0, 27], [21, 25, 16, 7, 12, 30, 48, 23, 22, 21, 8, 42, 6, 15, 32, 40, 21, 0, 17, 2, 26, 40, 36, 46, 32], [7, 16, 46, 31, 16, 0, 19, 13, 25, 37, 14, 23, 11, 34, 15, 15, 11, 12, 18, 46, 22, 3, 13, 46, 9], [15, 33, 18, 22, 33, 11, 1, 0, 15, 6, 30, 34, 19, 41, 9, 29, 3, 1, 3, 44, 42, 32, 6, 9, 16], [4, 32, 27, 12, 43, 43, 14, 38, 13, 33, 34, 30, 21, 43, 12, 43, 49, 23, 22, 33, 33, 49, 0, 29, 24], [47, 43, 46, 17, 27, 33, 8, 47, 0, 40, 13, 8, 2, 29, 19, 41, 33, 42, 15, 35, 1, 21, 27, 25, 14], [36, 31, 46, 32, 33, 42, 46, 13, 46, 10, 31, 29, 47, 12, 32, 23, 15, 12, 42, 32, 31, 7, 14, 21, 46], [37, 16, 43, 0, 29, 20, 11, 41, 24, 47, 26, 45, 20, 38, 32, 38, 23, 26, 16, 43, 20, 11, 43, 5, 37], [12, 3, 38, 16, 45, 26, 33, 33, 41, 0, 42, 17, 20, 0, 20, 29, 46, 37, 24, 24, 34, 5, 33, 37, 40], [32, 31, 8, 40, 45, 0, 15, 13, 10, 47, 19, 44, 32, 39, 0, 22, 48, 6, 16, 21, 5, 19, 42, 12, 33], [1, 10, 39, 32, 2, 43, 49, 27, 22, 10, 12, 49, 39, 11, 3, 17, 43, 30, 10, 20, 42, 0, 21, 22, 49], [7, 13, 24, 22, 25, 42, 45, 23, 27, 9, 34, 17, 28, 28, 11, 13, 49, 29, 18, 5, 20, 18, 5, 28, 21], [9, 40, 8, 23, 5, 16, 11, 9, 13, 0, 47, 25, 18, 32, 20, 25, 44, 34, 0, 5, 34, 4, 47, 47, 29], [12, 23, 45, 47, 17, 24, 17, 9, 49, 7, 16, 25, 0, 40, 15, 31, 19, 7, 10, 4, 29, 27, 48, 22, 25], [47, 21, 2, 21, 20, 46, 3, 48, 45, 49, 29, 40, 7, 34, 27, 27, 46, 16, 7, 15, 46, 9, 38, 16, 36], [44, 40, 33, 49, 19, 13, 22, 0, 46, 23, 47, 42, 41, 20, 42, 44, 15, 19, 2, 20, 39, 30, 6, 0, 36], [47, 41, 16, 4, 31, 26, 18, 28, 24, 44, 36, 22, 38, 5, 12, 24, 4, 20, 24, 49, 0, 0, 0, 48, 2], [35, 33, 38, 10, 47, 44, 18, 17, 30, 20, 5, 5, 36, 29, 23, 40, 1, 16, 44, 18, 0, 40, 27, 32, 46], [10, 42, 34, 47, 41, 34, 39, 17, 24, 45, 6, 33, 2, 15, 32, 22, 14, 29, 20, 1, 26, 25, 36, 0, 8], [18, 1, 15, 7, 16, 17, 23, 1, 15, 14, 36, 10, 8, 48, 28, 4, 35, 42, 45, 21, 17, 40, 16, 47, 37], [17, 23, 39, 11, 23, 15, 43, 8, 11, 7, 49, 47, 24, 19, 34, 30, 0, 10, 35, 47, 38, 20, 11, 12, 5], [37, 35, 0, 42, 49, 5, 38, 2, 48, 35, 35, 25, 41, 44, 15, 16, 49, 49, 28, 47, 17, 42, 39, 13, 15], [18, 44, 35, 0, 5, 24, 37, 40, 0, 0, 31, 9, 14, 27, 37, 12, 10, 43, 27, 20, 16, 2, 28, 0, 17], [24, 41, 46, 0, 41, 49, 19, 14, 5, 8, 33, 37, 23, 19, 34, 31, 26, 24, 28, 41, 24, 17, 4, 13, 33], [29, 44, 3, 20, 0, 23, 13, 21, 49, 42, 8, 31, 33, 38, 40, 2, 24, 11, 29, 25, 48, 13, 15, 17, 48], [23, 44, 1, 17, 9, 9, 30, 5, 8, 1, 36, 3, 7, 44, 17, 12, 1, 20, 27, 0, 49, 47, 44, 7, 5], [4, 34, 0, 22, 19, 40, 24, 10, 21, 49, 33, 49, 13, 43, 49, 10, 12, 23, 20, 22, 0, 0, 8, 34, 38]]
Maintenance cost in each period m: 
[5349, 7116, 6014, 4371, 7309, 6515, 6119, 7111, 6741, 3915, 6399, 7222, 7179, 6713, 5094, 6870, 3703, 6323, 3991, 5595, 3630, 5608, 4117, 5147, 7063]
Maximum capacity of the machine cmax: 
1680