Set of periods in the planning horizon T: 
25
Set of products P: 
30
Capacity reduction coefficient alpha: 
0.8
Relative decrease of capacity per set up gamma: 
0.23
Capacity reduction coefficient due to product types beta: 
[0.28, 0.25, 0.24, 0.26, 0.31, 0.39, 0.27, 0.31, 0.27, 0.32, 0.31, 0.35, 0.3, 0.27, 0.21, 0.37, 0.22, 0.27, 0.36, 0.31, 0.31, 0.33, 0.38, 0.37, 0.22, 0.37, 0.22, 0.33, 0.35, 0.4]
Fixed production cost of each product in each period f: 
[[508, 569, 976, 957, 633, 604, 823, 607, 631, 803, 864, 554, 806, 913, 805, 954, 580, 657, 630, 894, 533, 527, 639, 689, 924], [873, 909, 518, 689, 600, 761, 764, 993, 985, 944, 987, 654, 906, 844, 700, 792, 743, 982, 650, 793, 713, 632, 813, 995, 968], [927, 660, 820, 986, 626, 822, 821, 978, 733, 801, 757, 764, 834, 934, 509, 902, 939, 762, 898, 505, 926, 899, 869, 528, 738], [737, 744, 606, 695, 856, 848, 929, 685, 889, 723, 795, 897, 833, 965, 799, 575, 814, 763, 916, 601, 756, 784, 877, 899, 707], [620, 773, 851, 861, 619, 871, 505, 589, 759, 723, 920, 636, 558, 922, 986, 903, 776, 543, 650, 618, 550, 560, 919, 745, 780], [834, 547, 797, 635, 882, 923, 502, 664, 965, 792, 720, 690, 507, 866, 518, 798, 722, 575, 897, 868, 511, 611, 840, 814, 625], [533, 929, 932, 693, 868, 556, 921, 763, 761, 632, 605, 809, 781, 806, 772, 553, 770, 763, 746, 669, 838, 591, 647, 633, 763], [615, 962, 535, 738, 583, 607, 915, 987, 905, 737, 820, 612, 814, 690, 988, 667, 962, 681, 516, 878, 735, 519, 652, 523, 533], [981, 865, 823, 737, 962, 503, 764, 952, 951, 518, 580, 892, 951, 906, 912, 670, 722, 789, 715, 800, 785, 646, 775, 784, 591], [636, 787, 781, 718, 597, 645, 537, 657, 652, 695, 794, 731, 860, 877, 638, 918, 718, 788, 852, 562, 929, 630, 517, 607, 774], [667, 842, 922, 664, 535, 876, 819, 738, 732, 698, 804, 572, 650, 850, 738, 952, 501, 541, 785, 591, 764, 677, 591, 670, 523], [930, 601, 522, 896, 788, 949, 597, 898, 661, 854, 724, 678, 766, 682, 615, 516, 719, 983, 514, 626, 862, 587, 695, 966, 588], [734, 641, 550, 536, 772, 609, 993, 919, 533, 527, 590, 564, 602, 844, 520, 681, 651, 984, 586, 632, 710, 740, 978, 858, 941], [971, 915, 731, 904, 583, 793, 644, 767, 997, 964, 613, 514, 874, 700, 838, 622, 751, 944, 501, 805, 536, 681, 905, 823, 751], [814, 597, 911, 818, 758, 924, 511, 900, 607, 514, 543, 507, 627, 626, 859, 542, 999, 755, 710, 515, 518, 772, 915, 723, 801], [593, 792, 510, 607, 895, 660, 765, 650, 913, 996, 730, 700, 847, 608, 956, 684, 790, 598, 874, 831, 987, 572, 833, 932, 812], [609, 643, 525, 976, 640, 665, 846, 763, 915, 796, 756, 610, 953, 719, 767, 528, 741, 532, 879, 524, 935, 957, 540, 739, 994], [535, 543, 508, 501, 898, 858, 713, 735, 977, 862, 861, 630, 543, 883, 992, 823, 686, 843, 909, 559, 988, 697, 716, 614, 811], [926, 773, 773, 521, 581, 957, 555, 964, 603, 733, 602, 518, 985, 922, 848, 901, 749, 689, 810, 988, 755, 778, 655, 605, 899], [500, 750, 584, 818, 913, 941, 915, 545, 793, 862, 556, 561, 699, 744, 711, 563, 766, 631, 524, 580, 629, 743, 927, 703, 673], [748, 974, 515, 675, 626, 956, 611, 989, 881, 676, 858, 872, 500, 841, 548, 800, 564, 821, 880, 796, 785, 593, 843, 799, 941], [839, 734, 893, 747, 687, 507, 568, 700, 898, 918, 682, 724, 553, 801, 768, 970, 589, 548, 592, 799, 556, 938, 855, 765, 799], [672, 725, 518, 686, 543, 780, 935, 685, 511, 646, 816, 630, 504, 877, 867, 977, 886, 517, 877, 603, 992, 585, 839, 938, 872], [918, 746, 876, 797, 793, 653, 881, 830, 755, 500, 628, 526, 754, 999, 670, 518, 609, 922, 837, 553, 698, 571, 787, 874, 992], [702, 611, 566, 940, 817, 659, 995, 863, 753, 594, 639, 906, 999, 679, 626, 940, 781, 936, 977, 852, 567, 905, 993, 738, 656], [642, 615, 573, 743, 640, 685, 880, 561, 879, 732, 799, 883, 986, 798, 989, 857, 918, 692, 986, 773, 904, 990, 503, 909, 689], [992, 738, 950, 742, 588, 884, 513, 520, 794, 940, 911, 546, 534, 517, 998, 527, 711, 574, 775, 670, 982, 867, 627, 995, 682], [957, 953, 726, 731, 656, 978, 806, 929, 733, 632, 518, 576, 885, 717, 654, 918, 835, 506, 977, 956, 948, 646, 506, 662, 611], [881, 873, 760, 888, 915, 542, 809, 502, 500, 814, 635, 978, 977, 912, 732, 815, 815, 661, 815, 903, 917, 505, 581, 724, 996], [574, 752, 562, 894, 726, 722, 841, 607, 733, 848, 762, 906, 546, 954, 567, 578, 657, 571, 679, 781, 567, 696, 690, 899, 687]]
Variable production cost per unit of each product in each period p: 
[[13, 11, 11, 11, 11, 10, 11, 10, 10, 11, 13, 12, 12, 11, 10, 10, 12, 11, 12, 13, 13, 10, 11, 12, 11], [12, 13, 10, 12, 12, 13, 12, 10, 12, 13, 11, 12, 10, 13, 13, 10, 11, 13, 10, 12, 12, 13, 11, 13, 13], [13, 10, 11, 13, 13, 11, 11, 11, 12, 13, 10, 10, 13, 13, 13, 11, 11, 11, 11, 11, 11, 11, 13, 10, 11], [10, 10, 13, 13, 12, 11, 12, 11, 13, 11, 12, 12, 11, 10, 11, 13, 11, 12, 11, 13, 12, 10, 12, 11, 12], [12, 13, 12, 12, 10, 12, 10, 10, 13, 12, 12, 13, 10, 13, 13, 13, 10, 13, 13, 11, 10, 10, 11, 12, 11], [11, 10, 11, 11, 10, 11, 10, 13, 11, 11, 10, 10, 13, 11, 12, 11, 13, 11, 12, 11, 13, 12, 12, 13, 12], [12, 11, 11, 11, 11, 10, 11, 13, 12, 10, 12, 13, 11, 10, 10, 12, 13, 11, 10, 13, 11, 12, 13, 13, 10], [12, 13, 13, 13, 13, 10, 10, 11, 11, 10, 11, 11, 12, 11, 12, 12, 10, 10, 10, 11, 12, 12, 11, 11, 12], [12, 10, 12, 13, 11, 10, 12, 11, 11, 12, 12, 11, 13, 13, 11, 11, 11, 10, 12, 12, 11, 13, 12, 12, 12], [10, 13, 12, 10, 10, 13, 10, 13, 13, 10, 10, 11, 10, 11, 12, 13, 12, 13, 11, 13, 13, 11, 10, 10, 10], [11, 11, 11, 10, 10, 12, 11, 11, 13, 12, 10, 12, 11, 13, 11, 13, 10, 12, 10, 12, 10, 11, 10, 13, 10], [10, 12, 10, 10, 11, 13, 10, 11, 12, 11, 11, 12, 13, 12, 11, 10, 10, 10, 10, 11, 10, 13, 11, 11, 11], [13, 13, 10, 10, 13, 10, 11, 10, 11, 12, 12, 13, 12, 10, 13, 12, 11, 12, 10, 12, 13, 12, 10, 13, 11], [12, 13, 11, 13, 11, 12, 13, 11, 11, 10, 11, 12, 10, 11, 13, 13, 11, 11, 12, 12, 11, 12, 13, 13, 10], [12, 11, 12, 10, 12, 10, 10, 13, 12, 12, 10, 10, 11, 10, 13, 13, 11, 11, 12, 11, 13, 10, 11, 13, 12], [13, 11, 11, 11, 10, 10, 11, 13, 13, 12, 13, 13, 12, 11, 10, 10, 12, 12, 12, 13, 11, 12, 13, 13, 13], [12, 10, 12, 11, 13, 11, 13, 10, 10, 10, 11, 10, 13, 10, 10, 13, 10, 11, 11, 11, 13, 11, 12, 13, 10], [11, 10, 12, 13, 13, 11, 10, 11, 12, 12, 12, 12, 11, 12, 12, 10, 13, 12, 11, 10, 11, 12, 10, 11, 12], [11, 12, 11, 12, 13, 13, 10, 11, 12, 10, 11, 11, 12, 13, 11, 10, 13, 13, 10, 12, 11, 12, 13, 12, 10], [13, 10, 11, 11, 12, 10, 13, 13, 12, 13, 10, 10, 11, 13, 11, 11, 12, 11, 10, 10, 13, 11, 11, 12, 12], [10, 13, 10, 13, 13, 12, 13, 13, 10, 13, 12, 12, 11, 12, 11, 10, 10, 11, 10, 12, 12, 13, 12, 13, 10], [12, 12, 12, 13, 13, 10, 12, 13, 13, 12, 11, 13, 10, 11, 10, 13, 13, 13, 10, 12, 11, 11, 11, 12, 13], [11, 13, 13, 10, 10, 11, 10, 11, 12, 12, 10, 11, 11, 12, 12, 11, 13, 11, 11, 10, 13, 12, 11, 10, 12], [10, 11, 13, 12, 11, 11, 11, 12, 13, 11, 13, 11, 10, 13, 12, 11, 11, 11, 10, 11, 12, 13, 11, 12, 11], [10, 11, 10, 13, 11, 10, 11, 11, 12, 13, 13, 10, 10, 10, 11, 11, 10, 13, 11, 11, 13, 10, 12, 12, 11], [13, 10, 13, 11, 12, 10, 12, 12, 13, 12, 13, 11, 12, 13, 10, 10, 13, 13, 12, 12, 11, 11, 10, 13, 12], [11, 11, 11, 10, 13, 10, 11, 10, 12, 10, 10, 11, 13, 12, 12, 10, 13, 13, 12, 13, 12, 13, 12, 10, 13], [10, 13, 10, 11, 13, 11, 12, 13, 13, 12, 13, 13, 10, 11, 12, 12, 12, 13, 12, 12, 12, 12, 13, 11, 12], [12, 11, 12, 13, 11, 12, 11, 13, 10, 11, 10, 10, 13, 10, 11, 13, 12, 12, 11, 12, 11, 12, 10, 13, 11], [11, 11, 11, 10, 13, 13, 11, 13, 10, 13, 12, 13, 11, 10, 13, 10, 12, 10, 13, 11, 10, 11, 10, 13, 13]]
Inventory holding cost per unit of each product by the end of each period h: 
[[5, 7, 5, 9, 8, 6, 6, 6, 5, 5, 9, 5, 6, 8, 9, 5, 6, 7, 8, 5, 8, 5, 8, 6, 7], [9, 8, 5, 5, 7, 9, 5, 6, 9, 9, 6, 5, 6, 8, 5, 6, 8, 9, 7, 8, 6, 5, 5, 9, 9], [8, 7, 5, 6, 5, 9, 8, 8, 5, 7, 9, 9, 7, 9, 7, 9, 8, 8, 7, 8, 5, 6, 8, 5, 6], [5, 7, 7, 8, 8, 6, 6, 8, 6, 5, 9, 7, 9, 5, 7, 6, 8, 9, 9, 6, 5, 8, 6, 5, 6], [6, 5, 6, 5, 9, 9, 7, 7, 7, 9, 9, 9, 8, 5, 5, 8, 6, 6, 7, 7, 5, 8, 5, 6, 8], [8, 9, 8, 8, 9, 8, 6, 6, 7, 8, 5, 6, 6, 9, 6, 8, 8, 6, 9, 9, 7, 9, 9, 7, 8], [7, 7, 7, 9, 5, 7, 6, 8, 6, 8, 8, 9, 9, 7, 8, 8, 6, 5, 9, 5, 6, 9, 6, 9, 5], [9, 8, 6, 5, 8, 5, 9, 7, 9, 5, 7, 8, 9, 9, 7, 6, 9, 5, 8, 5, 8, 9, 8, 7, 8], [6, 5, 6, 8, 9, 8, 9, 8, 7, 9, 5, 8, 8, 8, 7, 5, 5, 8, 9, 7, 7, 5, 6, 6, 8], [9, 5, 8, 8, 8, 5, 6, 5, 7, 7, 7, 7, 8, 9, 7, 6, 5, 6, 7, 9, 7, 5, 7, 5, 9], [5, 5, 7, 7, 8, 6, 5, 5, 6, 6, 7, 8, 8, 6, 8, 8, 7, 6, 7, 5, 8, 9, 5, 5, 7], [7, 6, 6, 9, 9, 7, 6, 9, 6, 7, 7, 6, 8, 7, 7, 8, 9, 8, 9, 8, 8, 5, 5, 8, 5], [6, 5, 8, 5, 9, 7, 9, 9, 7, 8, 5, 9, 9, 5, 5, 8, 6, 7, 7, 5, 9, 6, 9, 6, 7], [9, 6, 7, 8, 7, 6, 9, 8, 9, 6, 6, 9, 8, 7, 6, 8, 7, 7, 9, 5, 7, 7, 9, 7, 9], [8, 9, 9, 9, 8, 9, 6, 7, 7, 9, 9, 9, 5, 8, 7, 8, 7, 6, 9, 6, 9, 5, 8, 5, 9], [7, 9, 8, 5, 9, 8, 5, 6, 7, 6, 5, 7, 5, 8, 9, 9, 7, 6, 6, 7, 5, 5, 6, 6, 6], [7, 6, 5, 5, 7, 5, 9, 9, 7, 6, 7, 8, 5, 5, 9, 9, 9, 6, 9, 6, 9, 9, 5, 8, 9], [7, 7, 6, 9, 8, 6, 9, 5, 7, 9, 5, 6, 5, 5, 6, 6, 7, 8, 7, 7, 8, 9, 9, 7, 5], [9, 5, 7, 5, 8, 9, 6, 6, 7, 9, 5, 9, 5, 7, 9, 9, 7, 5, 8, 6, 5, 8, 9, 9, 9], [5, 6, 7, 6, 7, 9, 9, 6, 6, 5, 8, 8, 8, 5, 6, 7, 8, 7, 5, 5, 8, 7, 5, 5, 6], [7, 6, 7, 7, 8, 8, 8, 6, 6, 6, 7, 5, 8, 9, 5, 9, 7, 7, 9, 7, 9, 9, 5, 7, 5], [6, 6, 7, 9, 5, 8, 8, 5, 8, 7, 5, 9, 7, 8, 5, 8, 7, 5, 7, 5, 6, 7, 6, 7, 9], [7, 8, 7, 6, 5, 8, 6, 8, 8, 6, 7, 8, 7, 8, 5, 6, 5, 7, 5, 8, 8, 5, 7, 8, 7], [7, 9, 7, 7, 7, 6, 5, 9, 6, 7, 9, 9, 8, 9, 7, 5, 6, 9, 7, 6, 9, 5, 5, 5, 9], [5, 5, 5, 8, 7, 8, 5, 8, 9, 6, 6, 8, 5, 6, 6, 5, 7, 5, 8, 7, 8, 7, 7, 6, 5], [5, 5, 6, 5, 5, 5, 8, 6, 7, 7, 8, 5, 9, 8, 8, 7, 9, 9, 7, 7, 9, 9, 9, 6, 7], [7, 6, 7, 9, 9, 8, 6, 5, 6, 5, 5, 7, 5, 8, 9, 8, 8, 5, 6, 6, 9, 6, 9, 5, 5], [6, 9, 9, 7, 8, 9, 6, 9, 5, 9, 6, 8, 9, 7, 5, 5, 9, 9, 9, 9, 6, 6, 7, 6, 9], [5, 9, 7, 6, 6, 9, 9, 8, 8, 7, 9, 6, 5, 7, 8, 7, 6, 7, 8, 6, 7, 8, 7, 8, 6], [9, 8, 7, 7, 6, 6, 7, 8, 6, 7, 8, 6, 6, 5, 9, 5, 9, 5, 5, 9, 8, 6, 8, 8, 8]]
Demand for each product in each period d: 
[[27, 0, 22, 3, 6, 10, 37, 44, 13, 14, 4, 37, 27, 0, 42, 27, 10, 33, 31, 38, 14, 0, 28, 12, 3], [16, 38, 8, 19, 31, 3, 42, 12, 0, 43, 4, 46, 6, 37, 15, 23, 6, 45, 24, 33, 11, 37, 0, 31, 27], [17, 17, 31, 30, 44, 34, 35, 38, 1, 11, 27, 38, 4, 4, 4, 48, 35, 20, 8, 38, 24, 1, 37, 40, 1], [5, 15, 43, 25, 42, 40, 22, 28, 46, 0, 27, 47, 37, 42, 17, 28, 19, 0, 20, 12, 11, 22, 37, 23, 42], [42, 14, 31, 35, 45, 36, 31, 41, 34, 48, 36, 24, 44, 1, 43, 32, 40, 0, 28, 30, 13, 32, 30, 34, 35], [7, 48, 0, 36, 37, 48, 25, 5, 15, 32, 37, 19, 38, 7, 22, 22, 4, 24, 38, 20, 43, 16, 44, 35, 43], [3, 29, 3, 14, 0, 6, 0, 45, 38, 17, 10, 45, 11, 12, 20, 41, 29, 8, 26, 28, 19, 6, 3, 20, 48], [22, 0, 2, 22, 28, 27, 34, 28, 8, 29, 21, 30, 32, 35, 45, 5, 44, 16, 25, 0, 26, 26, 13, 12, 27], [16, 7, 15, 33, 31, 37, 27, 37, 14, 12, 20, 27, 10, 23, 15, 6, 5, 40, 2, 5, 25, 43, 31, 42, 0], [13, 3, 37, 10, 5, 26, 36, 31, 18, 18, 7, 24, 20, 40, 11, 37, 39, 12, 29, 11, 44, 46, 29, 35, 0], [0, 37, 15, 0, 31, 29, 14, 19, 0, 8, 1, 26, 35, 0, 34, 47, 23, 37, 13, 37, 12, 28, 40, 35, 7], [19, 5, 31, 9, 28, 0, 0, 13, 18, 41, 46, 49, 34, 2, 20, 38, 17, 11, 40, 0, 35, 40, 3, 42, 7], [45, 11, 0, 47, 13, 19, 18, 10, 26, 42, 29, 45, 26, 6, 38, 31, 48, 48, 21, 29, 26, 13, 22, 17, 26], [35, 47, 18, 32, 1, 33, 29, 45, 38, 46, 28, 10, 4, 5, 32, 47, 26, 18, 9, 0, 42, 6, 28, 18, 44], [36, 4, 9, 47, 10, 27, 36, 0, 13, 9, 46, 16, 43, 15, 35, 15, 27, 43, 5, 11, 0, 9, 14, 16, 30], [11, 3, 27, 19, 0, 0, 35, 9, 28, 30, 24, 6, 21, 43, 7, 18, 37, 42, 35, 42, 0, 4, 17, 2, 36], [40, 20, 3, 27, 19, 25, 4, 5, 22, 17, 0, 26, 31, 23, 25, 11, 29, 28, 11, 2, 23, 43, 20, 3, 47], [10, 43, 28, 7, 37, 12, 2, 38, 5, 0, 45, 16, 20, 26, 49, 49, 26, 8, 22, 48, 6, 37, 7, 23, 15], [48, 20, 1, 23, 16, 13, 17, 8, 0, 39, 43, 49, 38, 45, 1, 11, 5, 11, 41, 35, 32, 13, 25, 49, 0], [16, 35, 26, 2, 43, 20, 9, 2, 3, 11, 34, 16, 17, 34, 11, 41, 49, 37, 47, 29, 14, 19, 24, 43, 25], [24, 0, 39, 14, 33, 15, 44, 30, 21, 24, 4, 34, 4, 40, 0, 8, 5, 7, 23, 29, 14, 7, 6, 22, 33], [46, 38, 7, 15, 48, 33, 29, 33, 40, 30, 26, 38, 37, 8, 48, 47, 36, 11, 5, 28, 45, 16, 28, 16, 36], [45, 0, 16, 29, 45, 38, 43, 27, 0, 9, 11, 36, 19, 2, 37, 32, 22, 40, 47, 26, 40, 25, 31, 8, 45], [20, 17, 11, 12, 36, 40, 42, 26, 0, 38, 30, 5, 24, 22, 9, 7, 33, 3, 29, 7, 14, 43, 31, 39, 39], [49, 13, 49, 21, 17, 2, 20, 48, 23, 45, 35, 4, 5, 44, 11, 4, 20, 42, 47, 32, 36, 4, 49, 49, 47], [33, 38, 0, 19, 2, 8, 18, 44, 3, 14, 3, 4, 11, 0, 19, 34, 13, 44, 28, 29, 19, 47, 37, 14, 37], [13, 0, 7, 25, 24, 23, 48, 19, 39, 37, 29, 44, 35, 21, 21, 15, 0, 11, 26, 46, 49, 6, 29, 7, 27], [44, 5, 35, 1, 1, 36, 36, 24, 15, 3, 0, 7, 40, 40, 25, 48, 48, 3, 47, 43, 13, 38, 13, 48, 16], [11, 21, 2, 35, 8, 0, 46, 17, 0, 18, 1, 5, 27, 30, 33, 24, 30, 45, 1, 41, 38, 0, 15, 21, 1], [31, 46, 1, 0, 37, 34, 6, 39, 36, 24, 34, 34, 16, 37, 34, 9, 10, 20, 1, 3, 0, 48, 0, 21, 48]]
Maintenance cost in each period m: 
[5374, 5402, 5701, 6657, 3666, 6295, 6173, 5978, 5029, 5699, 3482, 4839, 4145, 3542, 4269, 4615, 5635, 5908, 5040, 3253, 7132, 5094, 3547, 4277, 3460]
Maximum capacity of the machine cmax: 
1410