
5
5
Any[15460.0, 20440.0, 19552.0, 18307.0, 20538.4, 17449.0, 18948.48, 21885.0, 22656.4, 19269.88]
19450.62
Any[0.0, 0.0, 0.0, 0.0, 0.0, 0.0, 0.0, 0.0, 0.0, 0.0]
0.0
Any[0.0159, 0.0233, 0.0053, 0.0055, 0.0108, 0.0041, 0.0065, 0.0066, 0.0115, 0.0147]
0.0104
5
10
Any[34436.85, 38259.34, 41255.23, 35847.0, 39499.0, 37237.66, 36087.56, 35852.42, 36894.1, 41932.44]
37730.16
Any[0.0, 0.0, 0.0, 0.0, 0.0, 0.0, 0.0, 0.0, 0.0, 0.0]
0.0
Any[0.0624, 0.1151, 0.0629, 0.0812, 0.0811, 0.0831, 0.091, 0.1386, 0.0632, 0.0695]
0.0848
20
5
Any[65821.0, 71523.0, 72914.0, 77234.8, 64474.0, 74472.0, 64012.0, 67394.0, 66733.0, 69388.0]
69396.58
Any[0.0, 0.0, 0.0, 0.0, 0.0, 0.0, 0.0, 0.0, 0.0, 0.0]
0.0
Any[0.0364, 0.0198, 0.0364, 0.1328, 0.0199, 0.0617, 0.0127, 0.0137, 0.0329, 0.0347]
0.0401
20
10
Any[131695.0, 132328.0, 132119.0, 130755.0, 126487.0, 131454.76, 135600.0, 129495.0, 132536.0, 130459.41]
131292.92
Any[0.0, 0.0, 0.0, 0.0, 0.0001, 0.0, 0.0, 0.0, 0.0, 0.0]
0.0
Any[0.5417, 0.122, 0.2184, 0.3036, 0.1089, 0.2004, 0.2562, 0.1619, 0.1183, 0.1346]
0.2166