Set of periods in the planning horizon T: 
10
Set of products P: 
25
Capacity reduction coefficient alpha: 
0.7
Relative decrease of capacity per set up gamma: 
0.3
Capacity reduction coefficient due to product types beta: 
[0.0, 0.0, 0.0, 0.0, 0.0, 0.0, 0.0, 0.0, 0.0, 0.0, 0.0, 0.0, 0.0, 0.0, 0.0, 0.0, 0.0, 0.0, 0.0, 0.0, 0.0, 0.0, 0.0, 0.0, 0.0]
Fixed production cost of each product in each period f: 
[[852, 655, 599, 804, 526, 671, 837, 511, 883, 823], [765, 610, 708, 913, 699, 827, 626, 961, 868, 729], [827, 579, 787, 509, 646, 619, 816, 802, 971, 747], [797, 561, 996, 879, 513, 838, 594, 733, 684, 636], [836, 851, 702, 778, 668, 503, 705, 576, 624, 784], [930, 978, 910, 874, 614, 993, 868, 777, 902, 839], [741, 658, 659, 572, 746, 707, 802, 571, 875, 695], [737, 610, 974, 614, 911, 662, 522, 702, 946, 796], [611, 506, 707, 643, 997, 908, 560, 690, 573, 561], [619, 521, 600, 881, 836, 522, 531, 904, 527, 956], [917, 556, 891, 940, 510, 979, 899, 663, 828, 966], [610, 923, 953, 943, 540, 806, 620, 738, 827, 881], [642, 729, 824, 673, 555, 896, 831, 822, 952, 567], [942, 628, 849, 973, 918, 743, 989, 914, 922, 567], [983, 696, 786, 696, 920, 836, 671, 644, 562, 763], [917, 702, 619, 998, 725, 910, 528, 835, 950, 566], [934, 672, 594, 639, 696, 959, 706, 552, 616, 873], [863, 737, 854, 975, 654, 807, 977, 719, 965, 867], [731, 985, 885, 506, 633, 983, 953, 930, 619, 620], [913, 629, 756, 504, 884, 888, 933, 905, 894, 742], [650, 666, 556, 557, 651, 888, 528, 831, 512, 706], [780, 791, 843, 527, 529, 972, 659, 982, 836, 939], [699, 509, 713, 533, 814, 970, 690, 807, 672, 818], [939, 873, 997, 763, 923, 790, 561, 522, 942, 597], [647, 548, 964, 526, 801, 690, 760, 511, 911, 537]]
Variable production cost per unit of each product in each period p: 
[[10, 12, 13, 11, 11, 11, 11, 12, 10, 10], [13, 11, 13, 13, 11, 13, 11, 11, 10, 10], [10, 11, 12, 12, 11, 13, 13, 13, 11, 11], [12, 13, 11, 12, 13, 12, 10, 10, 13, 12], [12, 11, 13, 10, 12, 13, 10, 10, 10, 10], [12, 10, 11, 12, 13, 12, 10, 10, 13, 12], [11, 10, 12, 12, 11, 12, 13, 13, 11, 10], [12, 13, 13, 13, 12, 12, 13, 10, 11, 10], [13, 10, 11, 11, 10, 11, 10, 10, 13, 10], [13, 10, 11, 13, 13, 10, 11, 13, 12, 10], [10, 10, 13, 10, 12, 13, 12, 10, 12, 10], [10, 13, 13, 10, 12, 11, 13, 11, 11, 13], [13, 12, 12, 13, 11, 13, 13, 11, 12, 12], [12, 13, 10, 12, 11, 10, 11, 13, 13, 13], [11, 13, 13, 13, 10, 12, 12, 10, 11, 11], [12, 13, 11, 13, 11, 11, 10, 12, 11, 10], [11, 13, 10, 11, 13, 13, 10, 12, 12, 11], [11, 11, 12, 10, 10, 12, 12, 12, 11, 11], [12, 13, 13, 11, 10, 10, 10, 13, 11, 11], [12, 13, 12, 12, 11, 11, 12, 10, 10, 12], [10, 10, 10, 10, 12, 11, 10, 11, 12, 13], [12, 13, 11, 11, 13, 13, 11, 11, 10, 12], [10, 12, 11, 11, 12, 13, 10, 10, 10, 11], [10, 13, 12, 13, 13, 11, 11, 13, 10, 12], [11, 11, 13, 12, 12, 12, 10, 12, 12, 12]]
Inventory holding cost per unit of each product by the end of each period h: 
[[8, 6, 8, 6, 8, 7, 7, 7, 6, 6], [8, 9, 8, 6, 6, 8, 8, 7, 6, 9], [6, 8, 7, 8, 9, 8, 7, 9, 5, 9], [9, 7, 7, 7, 7, 7, 5, 6, 9, 6], [7, 8, 9, 6, 7, 7, 6, 7, 8, 5], [6, 6, 9, 7, 8, 9, 9, 7, 8, 8], [7, 5, 9, 6, 9, 5, 8, 5, 5, 8], [5, 5, 9, 8, 6, 6, 7, 6, 7, 7], [8, 5, 5, 6, 8, 9, 7, 5, 7, 6], [5, 7, 9, 9, 7, 8, 8, 8, 7, 8], [6, 8, 5, 9, 5, 8, 5, 6, 6, 6], [7, 8, 7, 8, 5, 7, 9, 7, 7, 5], [8, 8, 6, 5, 9, 8, 5, 9, 6, 6], [9, 6, 7, 9, 9, 7, 8, 8, 8, 5], [7, 6, 8, 7, 7, 6, 9, 5, 9, 9], [6, 7, 7, 5, 7, 9, 6, 8, 5, 7], [9, 8, 5, 7, 6, 7, 9, 8, 7, 9], [8, 6, 8, 5, 9, 5, 5, 7, 5, 7], [7, 9, 6, 6, 8, 7, 6, 7, 7, 7], [5, 6, 7, 7, 6, 7, 5, 5, 8, 9], [6, 6, 7, 9, 8, 7, 6, 5, 7, 6], [5, 7, 8, 9, 8, 6, 9, 7, 9, 5], [7, 9, 8, 5, 6, 9, 6, 9, 6, 7], [8, 5, 5, 6, 6, 8, 5, 8, 8, 7], [7, 9, 6, 8, 8, 7, 8, 7, 7, 9]]
Demand for each product in each period d: 
[[15, 38, 9, 35, 31, 14, 12, 46, 25, 27], [21, 19, 24, 14, 12, 24, 17, 35, 37, 32], [11, 0, 6, 26, 31, 37, 39, 48, 46, 32], [0, 24, 30, 3, 2, 17, 39, 0, 18, 1], [38, 13, 40, 39, 37, 48, 29, 23, 39, 37], [7, 38, 22, 10, 0, 0, 20, 27, 16, 16], [46, 41, 22, 44, 21, 8, 12, 17, 22, 32], [8, 13, 23, 1, 46, 0, 5, 22, 25, 40], [39, 3, 19, 30, 12, 19, 32, 24, 19, 29], [8, 23, 44, 36, 5, 20, 40, 39, 25, 9], [12, 36, 49, 15, 4, 30, 19, 9, 26, 11], [47, 13, 19, 43, 7, 9, 21, 11, 2, 3], [2, 34, 34, 33, 36, 30, 12, 0, 22, 1], [46, 32, 40, 2, 40, 16, 11, 14, 10, 6], [24, 24, 35, 18, 33, 24, 49, 34, 16, 26], [44, 33, 35, 19, 48, 23, 9, 11, 27, 33], [36, 20, 3, 37, 12, 12, 15, 41, 30, 44], [7, 30, 39, 8, 40, 8, 47, 39, 49, 4], [0, 1, 33, 11, 46, 40, 34, 30, 14, 14], [5, 30, 49, 45, 37, 32, 30, 41, 18, 46], [23, 34, 42, 24, 33, 46, 36, 11, 35, 36], [37, 0, 8, 9, 0, 41, 21, 45, 5, 20], [20, 6, 26, 48, 42, 0, 3, 48, 49, 14], [13, 1, 22, 0, 41, 0, 46, 42, 44, 17], [15, 49, 18, 16, 10, 10, 1, 21, 28, 48]]
Maintenance cost in each period m: 
[11473, 13490, 12839, 10942, 11836, 11792, 11907, 11827, 13547, 9768]
Maximum capacity of the machine cmax: 
1000