Set of periods in the planning horizon T: 
15
Set of products P: 
25
Capacity reduction coefficient alpha: 
0.7
Relative decrease of capacity per set up gamma: 
0.31
Capacity reduction coefficient due to product types beta: 
[0.0, 0.0, 0.0, 0.0, 0.0, 0.0, 0.0, 0.0, 0.0, 0.0, 0.0, 0.0, 0.0, 0.0, 0.0, 0.0, 0.0, 0.0, 0.0, 0.0, 0.0, 0.0, 0.0, 0.0, 0.0]
Fixed production cost of each product in each period f: 
[[862, 747, 875, 565, 605, 601, 648, 769, 756, 751, 502, 986, 961, 586, 508], [785, 557, 632, 620, 778, 959, 557, 683, 851, 591, 799, 884, 685, 688, 826], [513, 743, 745, 743, 607, 615, 597, 985, 794, 509, 696, 976, 538, 762, 911], [844, 591, 685, 654, 736, 591, 600, 968, 805, 609, 708, 775, 770, 984, 522], [699, 667, 877, 858, 918, 843, 938, 828, 641, 504, 572, 877, 980, 560, 586], [800, 694, 576, 899, 790, 886, 532, 906, 977, 976, 642, 711, 669, 930, 683], [755, 627, 629, 796, 781, 754, 786, 557, 913, 932, 854, 786, 694, 970, 861], [835, 538, 555, 566, 634, 535, 593, 585, 951, 523, 642, 867, 914, 638, 672], [772, 678, 509, 888, 715, 514, 888, 601, 508, 506, 927, 677, 549, 502, 979], [648, 645, 787, 921, 798, 719, 578, 935, 618, 602, 930, 618, 932, 705, 568], [828, 750, 972, 791, 501, 603, 961, 807, 661, 973, 500, 633, 765, 517, 880], [621, 899, 925, 885, 741, 932, 583, 962, 842, 581, 880, 659, 756, 758, 954], [944, 677, 729, 965, 724, 934, 541, 807, 886, 514, 960, 662, 545, 944, 828], [765, 625, 904, 633, 950, 592, 569, 751, 644, 652, 611, 726, 807, 541, 755], [535, 752, 522, 964, 629, 699, 594, 925, 537, 744, 765, 946, 630, 827, 548], [960, 970, 800, 778, 547, 772, 780, 608, 911, 626, 994, 841, 812, 882, 745], [839, 766, 632, 633, 952, 657, 627, 751, 829, 991, 770, 896, 976, 671, 793], [597, 684, 712, 772, 804, 749, 943, 705, 582, 930, 946, 948, 717, 921, 641], [954, 954, 765, 666, 818, 836, 931, 606, 767, 510, 653, 575, 834, 956, 657], [503, 659, 536, 558, 872, 808, 836, 771, 995, 596, 663, 519, 936, 741, 549], [657, 910, 915, 709, 707, 566, 898, 684, 746, 850, 861, 901, 916, 565, 625], [524, 982, 878, 675, 794, 967, 542, 746, 524, 542, 993, 868, 928, 704, 655], [885, 912, 996, 800, 993, 890, 862, 993, 534, 984, 559, 912, 574, 812, 739], [631, 617, 950, 866, 583, 590, 914, 854, 592, 833, 742, 809, 602, 513, 786], [718, 893, 998, 605, 702, 501, 669, 987, 868, 987, 533, 866, 826, 896, 543]]
Variable production cost per unit of each product in each period p: 
[[13, 10, 10, 10, 13, 11, 12, 11, 12, 13, 13, 13, 13, 12, 11], [11, 13, 11, 11, 11, 13, 13, 10, 11, 13, 12, 10, 12, 12, 13], [13, 13, 13, 13, 13, 13, 12, 12, 10, 12, 11, 13, 10, 12, 10], [10, 10, 12, 12, 13, 11, 11, 10, 11, 12, 12, 11, 13, 10, 11], [11, 10, 11, 11, 11, 12, 12, 11, 13, 12, 13, 10, 10, 11, 10], [10, 13, 10, 13, 10, 11, 13, 10, 12, 13, 11, 10, 10, 11, 13], [12, 13, 13, 13, 13, 10, 11, 13, 12, 12, 10, 10, 11, 11, 10], [13, 12, 12, 11, 11, 11, 13, 10, 12, 10, 12, 10, 10, 10, 10], [12, 13, 12, 11, 13, 13, 13, 13, 11, 13, 12, 12, 11, 10, 12], [11, 12, 13, 10, 10, 10, 12, 10, 12, 12, 12, 12, 10, 12, 12], [11, 13, 13, 13, 10, 11, 10, 10, 13, 10, 13, 11, 12, 12, 11], [13, 12, 11, 10, 12, 11, 13, 10, 11, 13, 11, 10, 13, 10, 10], [10, 10, 12, 10, 11, 10, 10, 11, 10, 13, 12, 10, 12, 13, 13], [11, 13, 10, 10, 11, 11, 12, 13, 10, 12, 13, 13, 11, 11, 10], [11, 12, 13, 12, 10, 11, 11, 12, 13, 10, 12, 10, 12, 10, 12], [10, 10, 11, 13, 11, 10, 10, 13, 12, 13, 13, 10, 13, 12, 10], [12, 13, 12, 12, 12, 13, 10, 13, 13, 11, 10, 10, 10, 12, 10], [11, 11, 11, 11, 10, 13, 13, 12, 13, 11, 12, 10, 10, 11, 11], [11, 11, 10, 11, 10, 11, 10, 11, 12, 11, 12, 11, 13, 10, 12], [10, 12, 10, 10, 11, 10, 13, 12, 11, 13, 11, 12, 11, 13, 11], [13, 13, 13, 13, 11, 13, 12, 11, 11, 12, 12, 12, 11, 13, 13], [13, 12, 11, 13, 12, 10, 10, 10, 10, 12, 10, 10, 11, 12, 12], [13, 10, 12, 12, 13, 11, 10, 11, 11, 12, 13, 10, 10, 12, 10], [12, 12, 10, 12, 13, 10, 10, 12, 10, 11, 11, 13, 13, 10, 13], [10, 12, 13, 12, 13, 13, 13, 10, 12, 11, 13, 13, 11, 10, 10]]
Inventory holding cost per unit of each product by the end of each period h: 
[[5, 7, 7, 7, 7, 8, 7, 8, 5, 8, 9, 9, 6, 9, 6], [5, 7, 8, 9, 5, 9, 8, 7, 6, 6, 7, 6, 9, 5, 7], [6, 8, 6, 7, 5, 7, 7, 7, 6, 8, 8, 5, 6, 8, 8], [8, 7, 7, 9, 8, 9, 5, 5, 8, 7, 9, 7, 5, 9, 7], [6, 6, 8, 9, 9, 9, 9, 9, 5, 8, 5, 7, 9, 8, 5], [8, 6, 6, 9, 6, 9, 9, 6, 5, 6, 9, 6, 8, 8, 7], [6, 6, 6, 6, 6, 8, 8, 5, 7, 5, 5, 7, 7, 9, 9], [9, 9, 9, 6, 6, 9, 6, 7, 8, 9, 9, 5, 9, 6, 6], [7, 5, 9, 7, 6, 5, 7, 9, 9, 7, 7, 9, 6, 7, 8], [7, 8, 6, 7, 7, 7, 9, 9, 9, 6, 9, 6, 6, 5, 5], [5, 5, 9, 8, 7, 9, 5, 8, 6, 8, 7, 5, 5, 7, 5], [9, 7, 6, 9, 6, 6, 8, 7, 9, 9, 5, 9, 5, 6, 7], [6, 7, 7, 7, 8, 8, 9, 8, 5, 9, 6, 5, 6, 5, 5], [9, 8, 9, 8, 8, 7, 8, 9, 6, 8, 6, 7, 7, 6, 7], [7, 7, 6, 8, 8, 9, 5, 7, 5, 5, 5, 7, 7, 8, 5], [7, 7, 9, 6, 9, 8, 8, 6, 9, 8, 7, 7, 5, 9, 6], [7, 6, 6, 7, 8, 5, 6, 7, 7, 6, 7, 6, 5, 6, 6], [8, 8, 8, 7, 7, 9, 6, 6, 6, 7, 6, 6, 7, 6, 5], [5, 8, 8, 6, 7, 9, 9, 6, 7, 5, 6, 5, 5, 5, 8], [9, 6, 9, 5, 9, 8, 5, 5, 8, 7, 9, 8, 7, 6, 5], [8, 8, 9, 5, 6, 8, 7, 6, 5, 6, 7, 6, 6, 8, 6], [8, 5, 6, 5, 5, 7, 8, 7, 5, 7, 7, 5, 5, 6, 7], [7, 7, 8, 7, 7, 5, 6, 9, 8, 6, 8, 5, 9, 7, 6], [6, 7, 8, 8, 9, 9, 5, 9, 6, 6, 5, 9, 6, 5, 6], [5, 6, 9, 5, 7, 8, 8, 7, 5, 7, 6, 6, 7, 5, 7]]
Demand for each product in each period d: 
[[19, 0, 12, 13, 33, 1, 13, 49, 36, 33, 7, 38, 29, 0, 18], [12, 31, 25, 39, 37, 0, 36, 48, 37, 34, 48, 49, 44, 19, 25], [10, 15, 49, 29, 34, 6, 15, 6, 36, 37, 28, 28, 48, 5, 36], [15, 13, 4, 19, 7, 5, 17, 44, 15, 41, 27, 18, 20, 25, 15], [23, 40, 0, 3, 27, 30, 47, 47, 6, 4, 15, 32, 9, 45, 8], [0, 1, 3, 23, 43, 13, 0, 2, 47, 23, 34, 6, 49, 47, 15], [41, 35, 5, 49, 33, 16, 23, 10, 43, 30, 12, 30, 22, 27, 6], [44, 10, 19, 16, 30, 17, 24, 29, 34, 27, 15, 7, 19, 19, 34], [32, 47, 5, 38, 43, 0, 35, 32, 17, 28, 6, 5, 9, 40, 0], [3, 9, 45, 7, 5, 32, 14, 49, 6, 47, 29, 44, 9, 28, 7], [48, 31, 5, 3, 14, 3, 4, 4, 23, 6, 34, 42, 41, 45, 35], [22, 24, 22, 36, 0, 45, 5, 42, 11, 30, 22, 6, 0, 37, 32], [42, 3, 30, 14, 43, 24, 29, 35, 19, 14, 26, 0, 13, 23, 49], [22, 11, 38, 43, 14, 49, 31, 31, 42, 8, 0, 34, 45, 20, 44], [41, 21, 7, 18, 25, 24, 43, 1, 39, 45, 32, 0, 15, 14, 20], [49, 29, 48, 6, 46, 35, 21, 48, 26, 43, 24, 25, 48, 39, 3], [8, 8, 20, 21, 32, 31, 3, 0, 34, 40, 27, 1, 7, 32, 42], [20, 3, 26, 3, 16, 35, 48, 43, 46, 37, 7, 39, 5, 47, 47], [44, 29, 46, 39, 47, 10, 45, 0, 38, 30, 49, 43, 13, 46, 0], [32, 37, 5, 31, 25, 47, 0, 37, 1, 2, 13, 27, 13, 24, 9], [17, 43, 28, 15, 45, 33, 15, 15, 13, 9, 0, 16, 19, 48, 18], [15, 16, 35, 40, 4, 16, 27, 11, 5, 39, 38, 30, 22, 43, 18], [46, 32, 14, 37, 30, 48, 21, 15, 4, 18, 40, 31, 15, 2, 5], [32, 1, 0, 6, 13, 8, 4, 12, 27, 0, 10, 1, 6, 29, 22], [49, 45, 0, 33, 6, 18, 0, 20, 6, 47, 21, 45, 40, 48, 8]]
Maintenance cost in each period m: 
[15264, 18005, 16131, 17550, 15504, 17427, 17863, 14956, 15221, 16193, 17008, 17951, 15221, 14626, 15256]
Maximum capacity of the machine cmax: 
1025