Set of periods in the planning horizon T: 
15
Set of products P: 
25
Capacity reduction coefficient alpha: 
0.7
Relative decrease of capacity per set up gamma: 
0.31
Capacity reduction coefficient due to product types beta: 
[0.0, 0.0, 0.0, 0.0, 0.0, 0.0, 0.0, 0.0, 0.0, 0.0, 0.0, 0.0, 0.0, 0.0, 0.0, 0.0, 0.0, 0.0, 0.0, 0.0, 0.0, 0.0, 0.0, 0.0, 0.0]
Fixed production cost of each product in each period f: 
[[601, 865, 707, 600, 892, 782, 711, 643, 748, 609, 794, 582, 883, 800, 548], [850, 688, 500, 692, 850, 912, 617, 616, 777, 867, 797, 527, 812, 920, 649], [943, 920, 948, 838, 888, 589, 550, 611, 760, 578, 751, 974, 936, 773, 558], [796, 661, 837, 941, 557, 820, 855, 707, 884, 995, 685, 524, 692, 942, 525], [745, 896, 706, 837, 928, 923, 654, 677, 556, 755, 577, 783, 900, 715, 845], [701, 657, 989, 593, 508, 571, 941, 979, 902, 601, 987, 707, 781, 836, 713], [691, 749, 880, 802, 863, 942, 736, 849, 881, 954, 770, 706, 753, 541, 551], [540, 581, 948, 502, 582, 503, 576, 890, 691, 838, 521, 582, 642, 561, 548], [912, 763, 835, 991, 679, 981, 730, 752, 697, 796, 517, 830, 909, 524, 614], [915, 538, 808, 785, 748, 682, 964, 595, 741, 559, 997, 721, 971, 961, 960], [505, 797, 887, 511, 938, 902, 880, 916, 925, 567, 808, 829, 507, 781, 980], [723, 832, 954, 692, 543, 971, 951, 641, 786, 819, 523, 814, 828, 504, 848], [890, 500, 950, 789, 974, 720, 528, 544, 626, 721, 875, 876, 893, 601, 713], [623, 826, 512, 532, 693, 722, 902, 835, 799, 903, 657, 504, 647, 549, 892], [994, 624, 952, 908, 993, 612, 509, 825, 808, 588, 528, 691, 697, 594, 702], [540, 740, 567, 839, 733, 668, 968, 834, 669, 771, 586, 756, 524, 551, 872], [702, 508, 501, 653, 724, 698, 786, 601, 511, 976, 735, 838, 611, 698, 949], [736, 827, 651, 975, 647, 756, 509, 600, 516, 503, 820, 581, 589, 688, 704], [836, 643, 786, 967, 742, 919, 547, 553, 510, 795, 864, 648, 841, 634, 682], [939, 955, 574, 661, 579, 854, 644, 811, 791, 801, 944, 828, 579, 932, 637], [672, 731, 655, 510, 533, 711, 519, 652, 953, 897, 748, 729, 829, 939, 748], [801, 543, 846, 574, 901, 722, 944, 920, 505, 955, 959, 604, 516, 758, 822], [800, 898, 843, 580, 643, 590, 555, 916, 900, 742, 919, 916, 835, 995, 660], [885, 540, 735, 662, 667, 538, 547, 732, 687, 632, 884, 571, 917, 539, 941], [692, 882, 553, 909, 918, 763, 817, 829, 841, 550, 792, 824, 590, 946, 983]]
Variable production cost per unit of each product in each period p: 
[[12, 12, 12, 12, 10, 13, 10, 12, 11, 13, 11, 11, 13, 12, 11], [12, 10, 13, 10, 10, 13, 13, 12, 11, 12, 13, 12, 12, 10, 12], [10, 13, 13, 13, 11, 11, 12, 10, 13, 12, 10, 12, 11, 11, 13], [11, 11, 12, 12, 12, 11, 10, 11, 10, 11, 13, 13, 13, 12, 11], [11, 11, 10, 13, 13, 10, 10, 11, 10, 13, 12, 12, 11, 11, 10], [11, 11, 13, 13, 10, 10, 13, 10, 13, 12, 12, 12, 13, 13, 11], [12, 12, 10, 10, 13, 13, 10, 12, 11, 11, 12, 11, 13, 13, 11], [10, 12, 13, 13, 13, 12, 10, 11, 12, 11, 10, 11, 10, 13, 13], [11, 12, 10, 13, 12, 12, 10, 10, 11, 10, 13, 10, 11, 10, 11], [11, 11, 10, 11, 13, 12, 13, 12, 13, 13, 13, 11, 12, 12, 12], [10, 11, 11, 13, 12, 10, 12, 11, 11, 13, 10, 13, 10, 11, 11], [10, 10, 10, 12, 11, 13, 12, 10, 11, 10, 13, 10, 10, 13, 12], [10, 11, 10, 13, 13, 13, 11, 10, 11, 13, 11, 11, 11, 10, 12], [10, 12, 10, 11, 10, 13, 12, 12, 12, 11, 10, 12, 12, 11, 13], [13, 10, 11, 13, 11, 10, 11, 10, 13, 11, 10, 10, 13, 11, 10], [12, 12, 13, 11, 10, 11, 11, 13, 10, 11, 13, 10, 10, 12, 10], [12, 12, 11, 11, 13, 10, 10, 10, 11, 10, 10, 13, 13, 11, 10], [11, 12, 12, 11, 11, 11, 11, 13, 13, 11, 12, 13, 13, 12, 10], [13, 11, 13, 12, 11, 12, 13, 11, 13, 10, 12, 10, 13, 13, 10], [10, 13, 11, 12, 11, 11, 11, 10, 13, 13, 13, 12, 10, 10, 13], [11, 12, 13, 11, 13, 13, 10, 11, 13, 12, 12, 12, 12, 11, 12], [13, 12, 12, 13, 11, 13, 10, 11, 10, 11, 12, 10, 13, 13, 13], [12, 12, 11, 12, 10, 10, 11, 11, 10, 12, 12, 11, 13, 13, 12], [12, 11, 10, 12, 12, 11, 12, 13, 10, 11, 10, 12, 10, 11, 11], [13, 12, 10, 13, 10, 10, 13, 10, 10, 12, 13, 12, 10, 11, 10]]
Inventory holding cost per unit of each product by the end of each period h: 
[[9, 7, 8, 9, 9, 7, 6, 6, 8, 8, 9, 7, 7, 7, 7], [5, 7, 9, 8, 5, 9, 9, 5, 8, 5, 6, 5, 7, 7, 9], [7, 5, 8, 6, 7, 7, 7, 8, 6, 7, 8, 5, 8, 7, 9], [8, 6, 7, 5, 8, 6, 5, 5, 8, 9, 5, 9, 9, 7, 6], [8, 7, 9, 7, 9, 8, 8, 8, 6, 7, 9, 9, 7, 6, 6], [7, 9, 7, 9, 5, 8, 5, 8, 8, 8, 6, 9, 8, 9, 9], [5, 7, 6, 7, 9, 7, 7, 6, 6, 6, 5, 7, 8, 5, 7], [6, 8, 8, 9, 7, 9, 9, 6, 9, 7, 8, 8, 9, 7, 5], [9, 5, 6, 6, 6, 8, 7, 8, 7, 7, 9, 9, 7, 5, 5], [7, 6, 5, 5, 7, 6, 5, 9, 6, 7, 5, 5, 9, 5, 8], [8, 6, 5, 5, 8, 6, 7, 9, 6, 9, 8, 7, 9, 5, 9], [9, 8, 5, 9, 7, 9, 9, 6, 7, 6, 6, 5, 8, 9, 8], [5, 9, 7, 9, 8, 7, 7, 7, 7, 7, 9, 9, 9, 8, 7], [5, 6, 5, 8, 6, 7, 5, 5, 5, 7, 9, 8, 6, 6, 9], [8, 7, 5, 7, 6, 5, 6, 5, 9, 9, 6, 5, 9, 8, 9], [6, 7, 9, 9, 5, 7, 6, 8, 6, 8, 8, 8, 8, 9, 8], [7, 6, 7, 6, 6, 8, 7, 5, 9, 7, 7, 6, 5, 5, 9], [6, 8, 7, 7, 6, 5, 8, 5, 6, 9, 7, 9, 6, 9, 9], [9, 6, 6, 8, 8, 8, 9, 7, 6, 7, 9, 7, 8, 6, 7], [8, 8, 6, 5, 7, 5, 6, 9, 7, 8, 5, 6, 9, 6, 5], [6, 8, 5, 5, 7, 5, 9, 5, 8, 9, 8, 9, 8, 6, 7], [7, 7, 8, 8, 8, 6, 8, 6, 7, 8, 9, 7, 6, 6, 6], [7, 7, 5, 9, 6, 7, 8, 6, 8, 6, 5, 8, 9, 9, 8], [8, 8, 8, 7, 8, 7, 5, 9, 7, 7, 8, 7, 6, 6, 8], [9, 8, 5, 9, 5, 8, 5, 5, 7, 7, 9, 8, 9, 8, 8]]
Demand for each product in each period d: 
[[28, 20, 1, 26, 46, 23, 38, 0, 49, 20, 0, 17, 22, 23, 23], [23, 44, 24, 32, 48, 12, 5, 42, 49, 44, 20, 16, 25, 14, 41], [21, 2, 37, 0, 1, 0, 23, 19, 20, 48, 1, 30, 0, 9, 17], [16, 0, 9, 15, 8, 0, 39, 11, 30, 29, 1, 21, 35, 7, 20], [8, 40, 35, 10, 37, 10, 2, 2, 0, 9, 38, 0, 21, 30, 6], [48, 28, 46, 0, 10, 30, 8, 45, 26, 27, 44, 42, 22, 36, 1], [0, 11, 2, 46, 15, 43, 23, 1, 44, 36, 46, 12, 31, 11, 9], [20, 42, 16, 10, 41, 42, 4, 31, 35, 14, 43, 1, 28, 36, 5], [13, 3, 18, 31, 42, 28, 21, 24, 32, 32, 33, 0, 31, 22, 0], [19, 6, 37, 42, 20, 27, 7, 46, 3, 23, 24, 16, 40, 35, 37], [1, 24, 28, 47, 39, 16, 26, 0, 14, 0, 27, 24, 5, 27, 36], [10, 16, 38, 9, 44, 19, 1, 40, 44, 49, 6, 19, 37, 27, 12], [16, 38, 22, 7, 0, 22, 14, 32, 8, 16, 5, 28, 43, 3, 0], [44, 47, 27, 7, 16, 26, 24, 33, 4, 47, 49, 10, 26, 17, 45], [3, 24, 16, 49, 19, 11, 8, 14, 0, 36, 41, 39, 16, 32, 22], [28, 8, 26, 4, 0, 24, 15, 11, 35, 29, 1, 28, 47, 6, 39], [39, 15, 12, 15, 13, 0, 34, 20, 6, 45, 39, 20, 24, 46, 32], [10, 45, 19, 26, 38, 36, 19, 23, 30, 0, 16, 30, 3, 22, 3], [25, 13, 38, 45, 48, 17, 43, 24, 13, 26, 30, 25, 49, 41, 8], [27, 9, 16, 38, 26, 10, 0, 13, 27, 21, 38, 6, 34, 27, 6], [12, 28, 0, 17, 15, 0, 45, 46, 49, 9, 20, 5, 17, 13, 28], [3, 14, 37, 46, 36, 3, 6, 20, 49, 8, 35, 41, 39, 25, 14], [14, 9, 25, 26, 36, 0, 18, 49, 32, 0, 3, 36, 9, 23, 0], [0, 41, 20, 29, 49, 25, 49, 7, 16, 47, 12, 21, 17, 43, 14], [3, 48, 10, 3, 0, 44, 0, 14, 17, 38, 35, 37, 23, 10, 40]]
Maintenance cost in each period m: 
[14983, 16631, 14563, 17089, 14651, 16427, 15420, 15314, 17486, 14564, 14666, 15915, 14175, 17627, 14531]
Maximum capacity of the machine cmax: 
1150