p = 35
t = 25

Essai pour compilation

 13.572658 seconds (28.68 M allocations: 1.393 GiB, 5.30% gc time, 94.35% compilation time: 0% of which was recompilation)

------------------------------INSTANCE 1----------------------------

ALGORITHME GÉNÉTIQUE
len_pop = 30
Nbr_iteration = 3000
---------RUN 1----------
144.536428 seconds (1.80 G allocations: 40.675 GiB, 3.81% gc time, 0.00% compilation time)
best_sol = 648698.3503999999
Nombre de maintenance = 4
Production au-delà de la capacité 
Feasibility of solution : false
Maintenance : [1, 0, 0, 0, 0, 1, 0, 0, 0, 0, 1, 0, 0, 0, 0, 0, 0, 1, 0, 0, 0, 0, 0, 0, 0]
Surplus : [0.0, 0.0, 0.0, 0.5199999999999818, 115.2159999999999, 0.0, 0.0, 0.0, 2.519999999999982, 0.0, 0.0, 0.0, 0.0, 6.519999999999982, 1.2159999999998945, 64.37279999999987, 257.29823999999985, 0.0, 0.0, 0.0, 95.51999999999998, 45.215999999999894, 363.37279999999987, 586.2982399999999, 0.0]
Any[9, 10, 13, 11, 12, 10, 12, 9, 12, 12, 10, 11, 10, 10, 8, 13, 14, 12, 9, 11, 11, 12, 11, 11, 10, 10, 12, 11, 10, 11, 9, 11, 12, 13, 9]
---------RUN 2----------
140.841333 seconds (1.78 G allocations: 39.987 GiB, 4.18% gc time)
best_sol = 649616.5344
Nombre de maintenance = 4
Production au-delà de la capacité 
Feasibility of solution : false
Maintenance : [1, 0, 0, 0, 1, 0, 0, 0, 0, 0, 1, 0, 0, 0, 0, 0, 0, 1, 0, 0, 0, 0, 0, 0, 0]
Surplus : [0.0, 0.0, 0.0, 0.0, 0.0, 0.0, 0.0, 0.0, 99.73599999999988, 186.37279999999987, 0.0, 0.0, 0.0, 115.51999999999998, 8.215999999999894, 6.37279999999987, 197.29823999999985, 0.0, 0.0, 0.0, 31.519999999999982, 26.215999999999894, 212.37279999999987, 691.2982399999999, 0.0]
Any[14, 12, 11, 10, 10, 11, 11, 13, 15, 11, 11, 13, 12, 12, 8, 11, 10, 11, 12, 12, 13, 15, 13, 9, 11, 14, 13, 11, 11, 12, 11, 11, 13, 11, 12]

------------------------------INSTANCE 2----------------------------

ALGORITHME GÉNÉTIQUE
len_pop = 30
Nbr_iteration = 3000
---------RUN 1----------
147.934611 seconds (1.78 G allocations: 40.436 GiB, 4.56% gc time)
best_sol = 730081.2479999999
Nombre de maintenance = 6
Production au-delà de la capacité 
Feasibility of solution : false
Maintenance : [1, 0, 0, 0, 1, 0, 0, 0, 1, 0, 0, 0, 1, 0, 0, 1, 0, 0, 0, 0, 1, 0, 0, 0, 0]
Surplus : [0.0, 0.0, 0.0, 0.0, 0.0, 0.0, 0.0, 5.519999999999982, 0.0, 0.0, 0.0, 8.519999999999982, 0.0, 0.0, 0.0, 0.0, 0.0, 0.0, 0.0, 0.0, 0.0, 0.0, 0.0, 21.519999999999982, 0.0]
Any[14, 15, 15, 13, 12, 14, 14, 13, 13, 14, 15, 14, 13, 16, 14, 14, 15, 15, 14, 14, 15, 16, 15, 14, 14, 14, 15, 15, 16, 15, 15, 15, 14, 15, 15]
---------RUN 2----------
147.352263 seconds (1.76 G allocations: 40.131 GiB, 4.63% gc time)
best_sol = 721134.08
Nombre de maintenance = 6
Production au-delà de la capacité 
Feasibility of solution : false
Maintenance : [1, 0, 0, 0, 1, 0, 0, 0, 1, 0, 0, 0, 1, 0, 0, 1, 0, 0, 0, 0, 1, 0, 0, 0, 0]
Surplus : [0.0, 0.0, 0.0, 117.51999999999998, 0.0, 0.0, 0.0, 122.51999999999998, 0.0, 0.0, 0.0, 109.51999999999998, 0.0, 0.0, 0.0, 0.0, 0.0, 0.0, 0.0, 130.2159999999999, 0.0, 0.0, 0.0, 0.0, 0.0]
Any[17, 16, 14, 16, 10, 15, 15, 12, 14, 13, 13, 13, 15, 15, 11, 13, 17, 14, 14, 13, 14, 13, 17, 17, 14, 14, 15, 14, 15, 14, 16, 17, 16, 16, 15]

------------------------------INSTANCE 3----------------------------

ALGORITHME GÉNÉTIQUE
len_pop = 30
Nbr_iteration = 3000
---------RUN 1----------
148.974778 seconds (1.80 G allocations: 41.572 GiB, 4.42% gc time)
best_sol = 695872.8864
Nombre de maintenance = 5
Production au-delà de la capacité 
Feasibility of solution : false
Maintenance : [1, 0, 0, 0, 0, 0, 1, 0, 0, 1, 0, 0, 0, 0, 1, 0, 0, 0, 1, 0, 0, 0, 0, 0, 0]
Surplus : [0.0, 0.0, 0.0, 0.0, 0.0, 77.4975999999998, 0.0, 0.0, 0.0, 0.0, 0.0, 0.0, 0.0, 72.87199999999984, 0.0, 0.0, 0.0, 0.0, 0.0, 0.0, 0.0, 0.0, 29.871999999999844, 127.4975999999998, 27.59807999999981]
Any[11, 10, 12, 13, 14, 13, 15, 14, 11, 14, 12, 9, 14, 17, 11, 14, 13, 15, 12, 11, 12, 14, 12, 13, 12, 13, 11, 11, 11, 13, 14, 15, 12, 14, 9]
---------RUN 2----------
145.387061 seconds (1.80 G allocations: 41.358 GiB, 4.51% gc time, 0.01% compilation time)
best_sol = 700440.7535999999
Nombre de maintenance = 5
Production au-delà de la capacité 
Feasibility of solution : false
Maintenance : [1, 0, 0, 1, 0, 0, 0, 0, 0, 1, 0, 0, 0, 0, 0, 0, 1, 0, 0, 0, 1, 0, 0, 0, 0]
Surplus : [0.0, 0.0, 0.0, 0.0, 0.0, 0.0, 0.0, 71.71199999999976, 370.4975999999998, 0.0, 0.0, 0.0, 0.0, 359.87199999999984, 0.0, 361.0956799999996, 0.0, 0.0, 0.0, 0.0, 0.0, 0.0, 0.0, 17.839999999999918, 0.0]
Any[12, 12, 13, 12, 11, 11, 13, 12, 13, 15, 12, 14, 11, 11, 12, 11, 13, 15, 12, 13, 15, 12, 13, 13, 15, 13, 11, 12, 12, 15, 13, 9, 11, 10, 12]

------------------------------INSTANCE 4----------------------------

ALGORITHME GÉNÉTIQUE
len_pop = 30
Nbr_iteration = 3000
---------RUN 1----------
138.082260 seconds (1.77 G allocations: 40.221 GiB, 4.57% gc time)
best_sol = 710612.6687999999
Nombre de maintenance = 5
Production au-delà de la capacité 
Feasibility of solution : false
Maintenance : [1, 0, 0, 0, 1, 0, 0, 0, 0, 0, 1, 0, 0, 0, 1, 0, 0, 0, 1, 0, 0, 0, 0, 0, 0]
Surplus : [0.0, 0.0, 0.0, 0.0, 0.0, 0.0, 0.0, 97.27999999999986, 221.22399999999982, 281.77919999999983, 0.0, 0.0, 0.0, 0.0, 0.0, 0.0, 0.0, 0.0, 0.0, 0.0, 0.0, 0.0, 147.22399999999982, 71.77919999999983, 18.823359999999866]
Any[16, 15, 17, 17, 17, 16, 15, 15, 15, 11, 12, 12, 16, 14, 13, 13, 18, 16, 13, 15, 14, 14, 12, 16, 14, 12, 14, 18, 16, 13, 18, 13, 13, 15, 16]
---------RUN 2----------
147.724329 seconds (1.78 G allocations: 40.703 GiB, 4.61% gc time)
best_sol = 723168.7519999999
Nombre de maintenance = 5
Production au-delà de la capacité 
Feasibility of solution : false
Maintenance : [1, 0, 0, 0, 1, 0, 0, 0, 0, 0, 1, 0, 0, 0, 1, 0, 0, 0, 1, 0, 0, 0, 0, 0, 0]
Surplus : [331.0, 0.0, 0.0, 129.27999999999986, 0.0, 0.0, 0.0, 176.27999999999986, 37.22399999999982, 462.77919999999983, 0.0, 0.0, 0.0, 0.0, 0.0, 0.0, 0.0, 145.27999999999986, 0.0, 0.0, 0.0, 0.0, 128.22399999999982, 211.77919999999983, 0.0]
Any[15, 13, 15, 13, 15, 15, 13, 16, 17, 14, 13, 15, 14, 13, 14, 14, 14, 13, 14, 9, 16, 14, 16, 15, 18, 17, 14, 17, 16, 14, 16, 17, 15, 14, 14]

------------------------------INSTANCE 5----------------------------

ALGORITHME GÉNÉTIQUE
len_pop = 30
Nbr_iteration = 3000
---------RUN 1----------
150.720793 seconds (1.81 G allocations: 40.851 GiB, 4.57% gc time)
best_sol = 689049.896
Nombre de maintenance = 5
Production au-delà de la capacité 
Feasibility of solution : false
Maintenance : [1, 0, 0, 0, 0, 0, 1, 0, 0, 0, 0, 1, 0, 0, 0, 0, 1, 0, 0, 0, 0, 1, 0, 0, 0]
Surplus : [0.0, 0.0, 0.0, 84.67999999999984, 281.54399999999987, 278.4351999999999, 0.0, 0.0, 0.0, 56.679999999999836, 51.54399999999987, 0.0, 0.0, 0.0, 0.0, 21.223999999999705, 0.0, 0.0, 0.0, 13.679999999999836, 0.0, 0.0, 0.0, 0.0, 0.0]
Any[15, 12, 13, 10, 15, 14, 15, 15, 15, 14, 12, 13, 15, 14, 13, 12, 11, 10, 15, 13, 16, 11, 11, 12, 11, 12, 13, 12, 9, 12, 13, 12, 12, 11, 13]
---------RUN 2----------
151.477318 seconds (1.78 G allocations: 39.880 GiB, 4.62% gc time)
best_sol = 694171.38944
Nombre de maintenance = 4
Production au-delà de la capacité 
Feasibility of solution : false
Maintenance : [1, 0, 0, 0, 0, 0, 1, 0, 0, 0, 0, 1, 0, 0, 0, 0, 0, 1, 0, 0, 0, 0, 0, 0, 0]
Surplus : [0.0, 0.0, 0.0, 35.679999999999836, 181.54399999999987, 228.4351999999999, 0.0, 0.0, 0.0, 0.0, 0.0, 0.0, 0.0, 99.59999999999991, 0.0, 9.543999999999869, 11.435199999999895, 0.0, 0.0, 0.0, 70.67999999999984, 0.0, 13.979199999999764, 531.9481599999999, 126.35852799999992]
Any[14, 12, 14, 13, 15, 10, 15, 12, 15, 13, 17, 12, 14, 11, 15, 11, 11, 11, 12, 15, 13, 16, 14, 12, 13, 15, 12, 11, 10, 17, 15, 11, 15, 15, 11]

------------------------------INSTANCE 6----------------------------

ALGORITHME GÉNÉTIQUE
len_pop = 30
Nbr_iteration = 3000
---------RUN 1----------
140.535918 seconds (1.77 G allocations: 40.099 GiB, 4.31% gc time)
best_sol = 706615.0976
Nombre de maintenance = 5
Production au-delà de la capacité 
Feasibility of solution : false
Maintenance : [1, 0, 0, 0, 0, 1, 0, 0, 0, 1, 0, 0, 0, 1, 0, 0, 0, 1, 0, 0, 0, 0, 0, 0, 0]
Surplus : [0.0, 0.0, 110.20000000000005, 0.0, 181.96799999999996, 0.0, 0.0, 0.0, 0.0, 0.0, 0.0, 0.0, 0.0, 0.0, 0.0, 0.0, 35.75999999999999, 0.0, 0.0, 0.0, 0.7599999999999909, 0.0, 440.9663999999999, 44.77311999999989, 0.0]
Any[13, 14, 12, 11, 12, 10, 14, 12, 11, 16, 11, 13, 12, 13, 9, 12, 12, 11, 11, 12, 11, 13, 14, 10, 9, 8, 13, 14, 12, 12, 14, 13, 13, 12, 12]
---------RUN 2----------
140.830429 seconds (1.78 G allocations: 39.885 GiB, 4.05% gc time)
best_sol = 688915.1952
Nombre de maintenance = 4
Production au-delà de la capacité 
Feasibility of solution : false
Maintenance : [1, 0, 0, 0, 0, 0, 0, 1, 0, 0, 0, 0, 0, 1, 0, 0, 0, 0, 0, 0, 1, 0, 0, 0, 0]
Surplus : [0.0, 0.0, 0.0, 0.0, 408.96799999999996, 182.9663999999999, 94.77311999999989, 0.0, 0.0, 0.0, 74.75999999999999, 0.0, 0.0, 0.0, 0.0, 0.0, 120.75999999999999, 46.20799999999997, 182.9663999999999, 406.7731199999999, 0.0, 0.0, 0.0, 0.0, 0.0]
Any[13, 12, 17, 9, 10, 11, 11, 13, 13, 11, 10, 13, 11, 14, 14, 14, 13, 14, 13, 12, 13, 12, 13, 13, 12, 16, 14, 14, 12, 13, 11, 11, 11, 16, 14]

------------------------------INSTANCE 7----------------------------

ALGORITHME GÉNÉTIQUE
len_pop = 30
Nbr_iteration = 3000
---------RUN 1----------
145.049217 seconds (1.79 G allocations: 40.226 GiB, 4.24% gc time)
best_sol = 682673.52
Nombre de maintenance = 5
Production au-delà de la capacité 
Feasibility of solution : false
Maintenance : [1, 0, 0, 0, 0, 1, 0, 0, 0, 1, 0, 0, 0, 0, 1, 0, 0, 0, 0, 1, 0, 0, 0, 0, 0]
Surplus : [186.0, 0.0, 63.59999999999991, 87.27999999999986, 0.0, 0.0, 0.0, 0.0, 8.279999999999859, 0.0, 0.0, 0.0, 2.879999999999768, 0.0, 0.0, 0.0, 0.0, 210.27999999999986, 176.22399999999982, 0.0, 0.0, 0.0, 172.27999999999986, 0.0, 0.0]
Any[15, 13, 14, 10, 10, 14, 12, 12, 14, 14, 11, 16, 12, 14, 14, 14, 14, 13, 13, 11, 12, 14, 12, 14, 11, 12, 12, 12, 10, 12, 15, 11, 14, 13, 12]
---------RUN 2----------
144.364849 seconds (1.79 G allocations: 40.300 GiB, 4.28% gc time)
best_sol = 711143.0127999999
Nombre de maintenance = 5
Production au-delà de la capacité 
Feasibility of solution : false
Maintenance : [1, 0, 0, 1, 0, 0, 0, 1, 0, 0, 0, 0, 0, 0, 1, 0, 0, 0, 0, 1, 0, 0, 0, 0, 0]
Surplus : [0.0, 0.0, 36.59999999999991, 0.0, 0.0, 0.0, 0.0, 0.0, 0.0, 0.0, 0.0, 85.22399999999982, 217.77919999999983, 291.82335999999987, 0.0, 0.0, 0.0, 0.0, 367.5039999999997, 0.0, 0.0, 0.0, 0.0, 121.50399999999968, 0.0]
Any[15, 16, 17, 14, 16, 17, 16, 14, 18, 15, 10, 14, 15, 17, 17, 14, 17, 14, 14, 14, 13, 11, 13, 15, 14, 11, 13, 16, 11, 15, 15, 14, 16, 14, 15]

------------------------------INSTANCE 8----------------------------

ALGORITHME GÉNÉTIQUE
len_pop = 30
Nbr_iteration = 3000
---------RUN 1----------
136.057437 seconds (1.80 G allocations: 40.273 GiB, 4.42% gc time)
best_sol = 693247.02336
Nombre de maintenance = 4
Production au-delà de la capacité 
Feasibility of solution : false
Maintenance : [1, 0, 0, 0, 0, 0, 0, 1, 0, 0, 0, 0, 1, 0, 0, 0, 0, 1, 0, 0, 0, 0, 0, 0, 0]
Surplus : [0.0, 0.0, 0.0, 125.51999999999998, 72.2159999999999, 338.37279999999987, 63.29823999999985, 0.0, 0.0, 0.0, 0.0, 49.215999999999894, 0.0, 0.0, 0.0, 0.0, 101.73599999999988, 0.0, 0.0, 0.0, 0.0, 60.215999999999894, 188.37279999999987, 600.2982399999999, 14.03859199999988]
Any[17, 16, 14, 12, 17, 12, 16, 16, 14, 15, 17, 15, 13, 15, 14, 14, 17, 14, 16, 16, 12, 15, 11, 18, 12, 14, 14, 16, 10, 14, 18, 9, 14, 11, 13]
---------RUN 2----------
136.490092 seconds (1.75 G allocations: 39.515 GiB, 4.35% gc time)
best_sol = 657324.0703999999
Nombre de maintenance = 4
Production au-delà de la capacité 
Feasibility of solution : false
Maintenance : [1, 0, 0, 0, 0, 0, 0, 1, 0, 0, 0, 0, 1, 0, 0, 0, 0, 1, 0, 0, 0, 0, 0, 0, 0]
Surplus : [0.0, 0.0, 0.0, 0.0, 18.215999999999894, 567.3727999999999, 145.29823999999985, 0.0, 0.0, 0.0, 31.519999999999982, 0.0, 0.0, 0.0, 0.0, 0.0, 81.73599999999988, 0.0, 0.0, 0.0, 0.0, 135.2159999999999, 391.37279999999987, 375.29823999999985, 0.0]
Any[10, 13, 10, 15, 12, 14, 10, 7, 12, 12, 10, 12, 9, 14, 14, 12, 14, 10, 13, 11, 15, 12, 9, 12, 15, 13, 11, 13, 15, 15, 14, 16, 10, 14, 11]

------------------------------INSTANCE 9----------------------------

ALGORITHME GÉNÉTIQUE
len_pop = 30
Nbr_iteration = 3000
---------RUN 1----------
140.912428 seconds (1.80 G allocations: 40.331 GiB, 4.36% gc time)
best_sol = 710094.5488
Nombre de maintenance = 5
Production au-delà de la capacité 
Feasibility of solution : false
Maintenance : [1, 0, 0, 0, 0, 1, 0, 0, 1, 0, 0, 0, 0, 0, 1, 0, 0, 0, 1, 0, 0, 0, 0, 0, 0]
Surplus : [0.0, 0.0, 0.0, 0.0, 0.0, 0.0, 0.0, 0.0, 0.0, 0.0, 0.0, 0.0, 99.22399999999982, 69.77919999999983, 0.0, 0.0, 0.0, 0.0, 0.0, 0.0, 0.0, 129.27999999999986, 138.22399999999982, 224.77919999999983, 107.82335999999987]
Any[15, 13, 14, 16, 14, 17, 13, 15, 15, 16, 13, 18, 16, 16, 13, 13, 13, 16, 12, 15, 16, 15, 16, 15, 16, 15, 18, 14, 12, 11, 15, 17, 13, 15, 16]
---------RUN 2----------
141.230644 seconds (1.78 G allocations: 40.009 GiB, 4.32% gc time)
best_sol = 666453.72
Nombre de maintenance = 6
Production au-delà de la capacité 
Feasibility of solution : false
Maintenance : [1, 0, 0, 1, 0, 0, 0, 1, 0, 0, 0, 1, 0, 0, 0, 0, 1, 0, 0, 0, 0, 1, 0, 0, 0]
Surplus : [38.0, 0.0, 0.0, 0.0, 0.0, 0.0, 0.0, 0.0, 0.0, 93.59999999999991, 0.0, 0.0, 0.0, 0.0, 0.0, 0.0, 0.0, 0.0, 0.0, 71.87999999999977, 107.22399999999982, 0.0, 0.0, 0.0, 0.0]
Any[15, 14, 10, 11, 10, 10, 10, 10, 16, 12, 12, 13, 14, 10, 12, 14, 12, 12, 12, 11, 13, 11, 11, 11, 12, 10, 12, 11, 14, 10, 11, 16, 12, 10, 11]

------------------------------INSTANCE 10----------------------------

ALGORITHME GÉNÉTIQUE
len_pop = 30
Nbr_iteration = 3000
---------RUN 1----------
145.727625 seconds (1.78 G allocations: 40.029 GiB, 4.31% gc time)
best_sol = 698991.72
Nombre de maintenance = 5
Production au-delà de la capacité 
Feasibility of solution : false
Maintenance : [1, 0, 0, 0, 0, 1, 0, 0, 0, 0, 1, 0, 0, 0, 1, 0, 0, 0, 0, 1, 0, 0, 0, 0, 0]
Surplus : [0.0, 0.0, 2.599999999999909, 50.27999999999986, 0.0, 0.0, 0.0, 0.0, 59.27999999999986, 38.22399999999982, 0.0, 0.0, 17.59999999999991, 63.27999999999986, 0.0, 0.0, 0.0, 0.0, 0.0, 0.0, 0.0, 0.0, 109.27999999999986, 0.0, 0.0]
Any[10, 14, 10, 10, 13, 14, 14, 12, 12, 14, 16, 14, 12, 11, 14, 12, 14, 14, 11, 15, 15, 15, 10, 12, 13, 14, 14, 14, 14, 10, 14, 15, 15, 16, 14]
---------RUN 2----------
143.422582 seconds (1.78 G allocations: 39.853 GiB, 4.25% gc time)
best_sol = 693675.6688
Nombre de maintenance = 5
Production au-delà de la capacité 
Feasibility of solution : false
Maintenance : [1, 0, 0, 0, 0, 1, 0, 0, 1, 0, 0, 0, 1, 0, 0, 0, 0, 0, 1, 0, 0, 0, 0, 0, 0]
Surplus : [49.0, 0.0, 12.599999999999909, 326.27999999999986, 0.0, 0.0, 47.0, 0.0, 0.0, 0.0, 0.0, 0.0, 0.0, 13.0, 0.0, 0.0, 202.22399999999982, 95.77919999999983, 0.0, 0.0, 0.0, 0.0, 358.5039999999997, 122.77919999999983, 171.82335999999987]
Any[19, 12, 17, 12, 10, 14, 15, 14, 14, 13, 16, 12, 14, 13, 13, 12, 12, 12, 13, 12, 9, 13, 13, 16, 13, 13, 13, 15, 12, 12, 14, 11, 13, 17, 12]
