Set of periods in the planning horizon T: 
30
Set of products P: 
40
Capacity reduction coefficient alpha: 
0.8
Relative decrease of capacity per set up gamma: 
0.32
Capacity reduction coefficient due to product types beta: 
[0.38, 0.32, 0.24, 0.25, 0.33, 0.39, 0.33, 0.3, 0.25, 0.29, 0.28, 0.39, 0.35, 0.34, 0.2, 0.32, 0.28, 0.25, 0.28, 0.37, 0.4, 0.24, 0.36, 0.29, 0.34, 0.23, 0.38, 0.4, 0.33, 0.32, 0.28, 0.25, 0.36, 0.34, 0.29, 0.4, 0.24, 0.21, 0.27, 0.32]
Fixed production cost of each product in each period f: 
[[532, 829, 972, 912, 927, 670, 957, 514, 860, 996, 911, 584, 714, 924, 916, 515, 790, 803, 524, 779, 716, 600, 877, 922, 575, 717, 997, 918, 916, 963], [806, 967, 520, 766, 560, 817, 944, 777, 539, 548, 966, 721, 624, 783, 736, 706, 706, 752, 552, 761, 877, 849, 559, 788, 766, 808, 989, 507, 885, 754], [535, 605, 811, 978, 552, 517, 672, 789, 693, 790, 945, 826, 819, 571, 661, 750, 976, 744, 663, 880, 567, 816, 746, 767, 842, 886, 856, 837, 583, 782], [612, 574, 851, 683, 538, 560, 750, 669, 531, 534, 818, 566, 705, 552, 761, 643, 702, 567, 784, 656, 671, 551, 663, 576, 524, 981, 958, 937, 525, 751], [835, 813, 686, 631, 529, 561, 818, 938, 575, 735, 612, 871, 901, 615, 586, 830, 978, 705, 784, 654, 659, 872, 837, 917, 825, 773, 938, 824, 716, 870], [977, 818, 719, 695, 514, 686, 510, 905, 589, 959, 645, 951, 827, 838, 987, 621, 832, 693, 525, 776, 666, 878, 531, 808, 938, 609, 887, 980, 534, 607], [867, 991, 832, 886, 716, 744, 579, 693, 515, 822, 742, 977, 823, 687, 569, 759, 549, 779, 534, 922, 705, 557, 699, 805, 966, 603, 604, 933, 618, 951], [900, 795, 861, 834, 840, 718, 742, 812, 520, 942, 720, 854, 709, 781, 604, 527, 680, 801, 641, 604, 920, 752, 628, 705, 806, 567, 815, 989, 569, 755], [993, 588, 685, 702, 985, 642, 858, 742, 970, 710, 562, 536, 733, 648, 586, 794, 932, 971, 524, 620, 752, 945, 876, 924, 796, 676, 609, 618, 758, 633], [628, 617, 770, 542, 948, 798, 624, 998, 636, 886, 870, 563, 658, 784, 524, 931, 688, 790, 698, 570, 593, 546, 610, 654, 848, 730, 715, 759, 519, 620], [850, 749, 560, 739, 865, 614, 832, 898, 999, 505, 611, 739, 931, 886, 545, 868, 519, 510, 784, 895, 562, 692, 613, 647, 646, 624, 532, 512, 989, 976], [765, 836, 901, 648, 922, 876, 623, 957, 924, 656, 512, 746, 790, 885, 512, 812, 631, 710, 727, 949, 686, 765, 636, 979, 879, 899, 754, 617, 598, 759], [732, 851, 573, 527, 602, 596, 679, 880, 666, 558, 717, 702, 775, 696, 617, 827, 870, 636, 693, 700, 905, 537, 582, 754, 701, 994, 819, 980, 628, 722], [999, 900, 645, 612, 696, 758, 792, 594, 969, 595, 577, 756, 969, 688, 864, 982, 500, 837, 926, 745, 579, 925, 543, 679, 792, 507, 825, 568, 610, 775], [751, 938, 847, 937, 790, 957, 765, 881, 884, 586, 539, 565, 542, 987, 585, 862, 722, 526, 607, 939, 864, 570, 971, 674, 676, 726, 784, 892, 896, 768], [702, 619, 529, 785, 543, 766, 739, 665, 804, 791, 742, 910, 937, 660, 813, 853, 719, 574, 518, 811, 695, 971, 735, 896, 933, 881, 716, 929, 693, 908], [791, 680, 948, 727, 681, 690, 679, 724, 614, 526, 556, 616, 569, 902, 756, 726, 612, 930, 885, 684, 712, 572, 722, 911, 894, 500, 840, 517, 845, 556], [710, 675, 654, 849, 930, 781, 550, 501, 975, 606, 657, 718, 911, 724, 944, 705, 526, 507, 726, 719, 872, 772, 702, 624, 578, 822, 883, 944, 984, 947], [862, 617, 957, 707, 749, 674, 916, 592, 962, 822, 608, 654, 994, 848, 986, 761, 621, 755, 506, 825, 791, 554, 546, 597, 538, 871, 750, 715, 863, 721], [850, 967, 602, 702, 728, 827, 857, 865, 630, 583, 716, 967, 578, 934, 804, 995, 641, 960, 520, 925, 896, 560, 924, 896, 615, 862, 642, 833, 980, 896], [610, 676, 590, 670, 880, 966, 646, 695, 976, 680, 944, 987, 574, 529, 930, 672, 660, 844, 830, 680, 847, 768, 651, 766, 653, 938, 529, 961, 620, 862], [992, 828, 875, 641, 905, 582, 962, 940, 671, 731, 791, 518, 549, 612, 518, 850, 794, 705, 715, 608, 552, 856, 784, 907, 558, 526, 671, 603, 522, 758], [559, 588, 597, 899, 913, 950, 500, 674, 922, 937, 569, 933, 696, 800, 934, 617, 529, 570, 943, 573, 878, 522, 774, 591, 908, 954, 985, 706, 617, 756], [978, 574, 760, 999, 725, 822, 569, 695, 744, 639, 511, 581, 815, 663, 885, 675, 816, 608, 929, 866, 558, 878, 818, 536, 561, 704, 515, 747, 931, 854], [986, 740, 799, 517, 966, 646, 517, 893, 532, 677, 732, 951, 935, 791, 749, 647, 799, 749, 542, 862, 552, 573, 757, 538, 815, 989, 722, 905, 897, 728], [731, 691, 580, 699, 953, 899, 533, 809, 864, 557, 759, 662, 702, 657, 545, 802, 612, 884, 561, 751, 869, 720, 890, 799, 542, 585, 905, 508, 863, 727], [654, 763, 790, 951, 688, 508, 969, 537, 561, 948, 746, 759, 922, 772, 996, 843, 854, 824, 898, 867, 720, 889, 524, 527, 844, 608, 584, 584, 707, 812], [559, 805, 510, 991, 988, 671, 833, 791, 925, 569, 979, 738, 937, 533, 863, 778, 589, 801, 893, 803, 660, 918, 649, 904, 762, 718, 662, 930, 870, 689], [799, 863, 887, 555, 618, 636, 926, 817, 711, 878, 876, 879, 979, 884, 983, 797, 880, 613, 865, 559, 676, 869, 840, 675, 589, 720, 920, 964, 920, 678], [925, 983, 894, 584, 970, 973, 640, 886, 987, 769, 702, 712, 841, 894, 886, 933, 521, 663, 907, 537, 848, 855, 514, 854, 582, 544, 591, 645, 521, 521], [614, 988, 936, 785, 700, 853, 872, 885, 637, 839, 517, 573, 599, 800, 678, 938, 846, 831, 723, 806, 727, 647, 615, 909, 873, 604, 815, 807, 712, 617], [963, 981, 733, 684, 997, 834, 815, 842, 869, 854, 986, 877, 530, 719, 799, 596, 759, 965, 910, 720, 510, 571, 856, 548, 641, 818, 829, 747, 960, 580], [753, 689, 971, 850, 919, 608, 741, 931, 765, 928, 781, 816, 862, 826, 610, 875, 802, 600, 778, 713, 769, 950, 748, 688, 915, 775, 882, 547, 571, 721], [867, 923, 775, 552, 710, 870, 514, 863, 690, 748, 840, 527, 950, 668, 724, 589, 573, 746, 879, 938, 679, 917, 955, 707, 620, 970, 689, 708, 633, 890], [932, 901, 755, 571, 878, 861, 738, 803, 628, 968, 832, 724, 582, 959, 756, 893, 649, 942, 525, 765, 611, 809, 832, 892, 949, 658, 661, 835, 986, 720], [803, 675, 801, 938, 646, 732, 517, 604, 681, 697, 580, 817, 788, 801, 944, 690, 784, 816, 950, 881, 695, 673, 759, 702, 730, 503, 973, 685, 933, 821], [703, 857, 843, 502, 905, 860, 794, 671, 703, 706, 579, 902, 974, 843, 638, 518, 951, 853, 863, 782, 784, 721, 674, 900, 602, 961, 618, 755, 572, 902], [566, 909, 743, 686, 673, 545, 979, 788, 954, 849, 535, 921, 811, 510, 602, 539, 851, 700, 812, 686, 810, 804, 711, 560, 631, 620, 791, 671, 965, 980], [521, 862, 937, 598, 693, 718, 660, 700, 864, 641, 856, 602, 951, 796, 536, 561, 898, 818, 891, 869, 664, 585, 775, 833, 882, 541, 982, 926, 725, 640], [527, 772, 932, 590, 669, 970, 525, 933, 612, 893, 530, 592, 775, 675, 980, 558, 558, 765, 580, 623, 822, 712, 551, 530, 652, 556, 651, 918, 606, 750]]
Variable production cost per unit of each product in each period p: 
[[10, 13, 11, 12, 10, 13, 11, 12, 11, 13, 13, 12, 13, 12, 11, 10, 12, 12, 10, 11, 11, 11, 12, 12, 12, 11, 10, 13, 13, 10], [12, 12, 10, 11, 10, 13, 13, 12, 11, 11, 12, 10, 11, 13, 11, 11, 11, 12, 13, 13, 10, 10, 13, 11, 12, 11, 11, 12, 12, 13], [13, 10, 11, 10, 10, 13, 10, 12, 11, 12, 12, 11, 11, 10, 13, 11, 10, 11, 10, 11, 12, 11, 11, 12, 11, 12, 12, 13, 12, 13], [10, 11, 13, 11, 13, 12, 12, 10, 13, 12, 10, 10, 10, 10, 13, 10, 12, 10, 13, 12, 13, 11, 11, 13, 12, 12, 10, 13, 12, 10], [11, 10, 13, 10, 13, 10, 13, 11, 12, 13, 11, 11, 13, 10, 10, 10, 11, 13, 10, 10, 12, 10, 11, 10, 13, 11, 10, 13, 13, 13], [10, 12, 10, 12, 12, 12, 10, 13, 13, 10, 13, 12, 10, 10, 13, 12, 12, 13, 10, 12, 13, 12, 10, 13, 12, 11, 10, 13, 13, 13], [11, 13, 13, 10, 13, 13, 11, 12, 10, 13, 13, 11, 11, 12, 10, 12, 13, 11, 10, 13, 12, 10, 10, 13, 11, 12, 13, 13, 11, 12], [10, 13, 12, 12, 10, 11, 12, 13, 12, 10, 10, 10, 11, 12, 13, 10, 10, 12, 11, 13, 10, 11, 13, 13, 13, 11, 12, 13, 10, 13], [11, 12, 12, 12, 11, 11, 10, 13, 11, 10, 10, 12, 12, 12, 12, 11, 10, 12, 11, 12, 12, 11, 10, 10, 12, 13, 11, 10, 11, 12], [12, 12, 12, 10, 13, 11, 11, 13, 11, 13, 12, 11, 13, 10, 13, 10, 13, 11, 13, 13, 13, 12, 10, 12, 11, 10, 13, 11, 10, 10], [12, 13, 10, 13, 11, 10, 13, 11, 10, 13, 13, 13, 11, 12, 10, 10, 13, 12, 13, 13, 11, 13, 11, 11, 12, 10, 12, 12, 13, 12], [12, 12, 10, 11, 11, 10, 13, 11, 13, 11, 12, 12, 11, 11, 11, 13, 10, 10, 12, 12, 10, 12, 11, 13, 10, 13, 10, 13, 10, 11], [13, 12, 10, 10, 11, 11, 13, 11, 13, 13, 11, 11, 11, 12, 13, 10, 10, 12, 12, 10, 11, 12, 11, 10, 10, 12, 11, 11, 12, 13], [11, 10, 10, 13, 13, 13, 10, 12, 11, 10, 11, 12, 12, 10, 13, 11, 10, 12, 11, 11, 11, 10, 12, 11, 13, 11, 10, 12, 13, 13], [11, 12, 12, 13, 10, 11, 12, 11, 12, 12, 11, 11, 10, 10, 13, 10, 13, 12, 13, 11, 13, 10, 11, 10, 10, 13, 10, 13, 11, 13], [11, 11, 13, 12, 10, 12, 11, 10, 13, 11, 12, 13, 12, 11, 12, 13, 12, 11, 13, 12, 10, 12, 10, 10, 12, 11, 13, 12, 10, 10], [11, 10, 11, 11, 13, 13, 13, 13, 13, 10, 10, 10, 12, 12, 10, 11, 11, 12, 12, 12, 11, 11, 12, 11, 10, 13, 10, 10, 11, 12], [10, 10, 13, 10, 12, 13, 12, 13, 10, 11, 11, 11, 13, 13, 12, 10, 11, 11, 10, 11, 13, 10, 13, 10, 12, 12, 11, 10, 13, 10], [12, 13, 12, 13, 11, 13, 12, 12, 10, 12, 13, 10, 12, 13, 11, 12, 10, 10, 11, 10, 11, 13, 12, 11, 13, 10, 12, 12, 10, 11], [10, 13, 13, 13, 10, 13, 13, 12, 13, 13, 12, 12, 12, 11, 13, 13, 12, 12, 11, 13, 13, 13, 12, 11, 13, 10, 10, 13, 11, 13], [10, 12, 13, 13, 11, 10, 10, 13, 13, 12, 11, 12, 13, 12, 12, 12, 10, 13, 12, 13, 13, 12, 13, 10, 11, 11, 12, 11, 10, 13], [10, 13, 11, 13, 10, 10, 12, 10, 10, 12, 13, 10, 10, 12, 10, 12, 12, 11, 10, 11, 11, 13, 13, 11, 10, 10, 13, 11, 11, 13], [11, 10, 10, 13, 10, 11, 10, 12, 10, 10, 10, 12, 13, 13, 11, 12, 12, 13, 10, 10, 12, 12, 11, 12, 11, 11, 11, 11, 10, 13], [13, 12, 10, 11, 11, 11, 11, 12, 13, 10, 10, 11, 10, 13, 11, 11, 13, 13, 12, 10, 12, 13, 13, 11, 10, 11, 13, 12, 13, 11], [10, 12, 13, 12, 11, 10, 10, 12, 12, 13, 12, 13, 11, 11, 11, 11, 11, 12, 11, 13, 11, 12, 12, 10, 10, 10, 10, 12, 13, 13], [11, 12, 10, 11, 12, 13, 12, 11, 11, 11, 11, 13, 11, 10, 10, 10, 12, 12, 13, 12, 13, 10, 13, 12, 10, 12, 13, 10, 12, 13], [13, 11, 10, 12, 10, 11, 10, 11, 12, 13, 13, 11, 13, 11, 12, 13, 12, 10, 10, 12, 10, 11, 11, 10, 10, 11, 10, 11, 10, 12], [12, 10, 12, 13, 12, 11, 11, 12, 10, 13, 12, 11, 10, 10, 13, 13, 10, 11, 13, 12, 12, 13, 13, 13, 12, 13, 10, 12, 13, 13], [12, 12, 11, 12, 11, 11, 11, 13, 12, 11, 11, 10, 13, 12, 11, 13, 13, 13, 10, 11, 10, 12, 13, 10, 13, 10, 10, 11, 13, 13], [11, 11, 12, 11, 13, 13, 10, 10, 11, 13, 11, 10, 12, 13, 10, 11, 12, 11, 11, 13, 13, 13, 11, 13, 12, 10, 11, 10, 11, 12], [11, 12, 11, 10, 10, 12, 13, 13, 10, 13, 11, 10, 10, 11, 13, 12, 13, 11, 13, 11, 12, 12, 10, 10, 11, 11, 12, 12, 13, 13], [12, 10, 13, 11, 13, 13, 12, 10, 13, 10, 13, 12, 10, 10, 10, 11, 12, 10, 11, 13, 11, 12, 12, 10, 13, 11, 11, 10, 12, 11], [10, 13, 13, 10, 11, 13, 11, 13, 11, 11, 10, 11, 11, 11, 13, 12, 13, 10, 11, 13, 13, 12, 11, 10, 12, 12, 11, 11, 12, 13], [13, 13, 12, 13, 10, 10, 11, 11, 11, 13, 11, 13, 13, 10, 13, 13, 13, 13, 13, 12, 10, 12, 13, 11, 12, 10, 10, 13, 12, 13], [12, 12, 11, 11, 10, 10, 10, 11, 10, 11, 11, 11, 12, 11, 13, 11, 11, 12, 11, 10, 13, 11, 13, 11, 10, 13, 10, 13, 10, 12], [10, 11, 11, 13, 11, 11, 11, 11, 11, 12, 13, 13, 10, 13, 10, 11, 10, 10, 12, 10, 11, 12, 11, 13, 12, 12, 12, 13, 11, 10], [10, 13, 12, 12, 13, 13, 10, 13, 11, 13, 12, 12, 11, 12, 12, 13, 12, 10, 10, 11, 10, 12, 13, 12, 13, 10, 10, 11, 10, 13], [10, 12, 11, 13, 11, 12, 11, 13, 13, 13, 12, 12, 10, 11, 12, 13, 10, 12, 13, 11, 13, 11, 13, 11, 11, 13, 13, 10, 10, 11], [12, 13, 12, 10, 11, 13, 13, 11, 10, 10, 12, 12, 13, 13, 12, 10, 12, 13, 11, 13, 11, 13, 10, 10, 11, 11, 11, 13, 11, 13], [13, 12, 11, 13, 10, 13, 13, 11, 13, 13, 13, 10, 11, 11, 10, 10, 13, 12, 10, 10, 13, 11, 13, 13, 12, 11, 12, 13, 13, 11]]
Inventory holding cost per unit of each product by the end of each period h: 
[[6, 7, 5, 5, 7, 9, 7, 9, 8, 8, 5, 6, 5, 7, 7, 5, 5, 6, 7, 7, 6, 9, 5, 7, 9, 5, 5, 7, 9, 9], [6, 6, 8, 9, 5, 7, 9, 8, 9, 6, 9, 8, 8, 9, 5, 5, 9, 5, 6, 5, 6, 7, 9, 9, 5, 8, 7, 9, 9, 9], [9, 6, 7, 7, 6, 8, 9, 6, 6, 6, 7, 6, 9, 9, 8, 5, 6, 9, 7, 6, 6, 5, 8, 8, 7, 6, 7, 7, 8, 6], [7, 7, 6, 8, 6, 7, 7, 9, 5, 8, 8, 6, 7, 8, 5, 7, 8, 7, 6, 9, 7, 8, 6, 7, 9, 5, 9, 7, 5, 6], [6, 9, 6, 9, 9, 8, 6, 5, 9, 7, 9, 6, 8, 6, 5, 6, 7, 9, 9, 7, 9, 5, 5, 6, 8, 6, 6, 5, 8, 9], [8, 8, 8, 7, 7, 7, 6, 6, 6, 5, 5, 8, 6, 5, 5, 8, 9, 6, 9, 8, 5, 9, 7, 9, 8, 9, 9, 6, 7, 8], [6, 5, 9, 7, 7, 5, 8, 8, 5, 7, 7, 6, 6, 7, 6, 9, 5, 6, 8, 5, 6, 5, 6, 8, 8, 6, 8, 7, 5, 6], [6, 6, 5, 5, 5, 8, 5, 8, 9, 5, 5, 5, 6, 6, 9, 9, 6, 9, 5, 6, 6, 6, 9, 6, 5, 6, 6, 6, 7, 5], [7, 9, 5, 6, 8, 8, 8, 6, 7, 9, 7, 6, 7, 9, 8, 9, 7, 5, 8, 5, 9, 7, 7, 7, 9, 6, 9, 9, 9, 8], [5, 8, 8, 5, 9, 9, 9, 7, 8, 8, 9, 9, 5, 8, 8, 6, 9, 9, 6, 7, 6, 8, 7, 6, 9, 8, 9, 8, 9, 5], [6, 8, 7, 5, 8, 7, 9, 8, 6, 7, 6, 5, 9, 8, 8, 7, 5, 9, 8, 6, 8, 7, 9, 8, 9, 6, 9, 8, 5, 7], [9, 6, 5, 6, 5, 6, 8, 5, 8, 6, 6, 9, 9, 8, 5, 8, 8, 6, 5, 6, 6, 7, 7, 9, 6, 9, 8, 8, 6, 9], [7, 5, 7, 7, 6, 5, 8, 7, 7, 9, 9, 6, 5, 6, 9, 8, 6, 6, 8, 9, 9, 6, 7, 5, 5, 9, 5, 6, 8, 6], [6, 7, 9, 5, 8, 7, 8, 9, 9, 8, 9, 8, 6, 8, 5, 8, 7, 5, 6, 6, 5, 7, 8, 6, 6, 6, 9, 5, 8, 9], [7, 5, 9, 7, 8, 5, 9, 9, 8, 7, 7, 9, 8, 7, 6, 5, 5, 9, 7, 8, 5, 5, 5, 6, 5, 9, 7, 7, 6, 8], [7, 9, 9, 8, 5, 5, 6, 7, 9, 8, 5, 7, 8, 5, 9, 7, 6, 7, 5, 8, 8, 6, 8, 5, 8, 5, 5, 9, 9, 6], [8, 7, 8, 6, 6, 5, 7, 7, 8, 7, 7, 6, 8, 9, 6, 9, 9, 8, 9, 8, 5, 8, 5, 6, 5, 7, 6, 7, 7, 8], [5, 9, 5, 6, 8, 7, 6, 8, 8, 7, 8, 9, 5, 9, 5, 8, 9, 7, 9, 8, 9, 9, 8, 8, 7, 9, 7, 5, 9, 8], [5, 9, 5, 6, 7, 9, 5, 5, 9, 5, 9, 6, 7, 9, 8, 9, 7, 6, 5, 7, 5, 8, 8, 6, 8, 6, 7, 7, 5, 8], [9, 9, 8, 6, 8, 6, 7, 9, 8, 7, 6, 6, 7, 6, 5, 7, 7, 6, 9, 7, 6, 7, 7, 7, 6, 7, 5, 5, 8, 7], [8, 6, 5, 8, 7, 6, 9, 6, 9, 9, 7, 6, 8, 7, 6, 8, 9, 7, 9, 6, 5, 6, 5, 5, 9, 9, 6, 8, 6, 9], [9, 5, 8, 7, 6, 6, 5, 5, 9, 6, 6, 6, 7, 9, 8, 6, 9, 7, 7, 7, 8, 7, 8, 7, 8, 8, 6, 9, 7, 8], [7, 9, 7, 7, 6, 7, 5, 6, 9, 9, 6, 7, 5, 5, 9, 8, 5, 6, 9, 8, 9, 9, 7, 6, 9, 6, 7, 5, 5, 7], [7, 8, 7, 6, 5, 5, 8, 8, 9, 7, 7, 9, 8, 8, 5, 8, 7, 6, 5, 6, 5, 9, 9, 9, 6, 7, 5, 5, 6, 7], [6, 9, 6, 5, 8, 5, 8, 5, 8, 8, 6, 8, 9, 7, 9, 7, 6, 9, 9, 9, 8, 8, 9, 9, 8, 9, 5, 5, 5, 9], [5, 8, 6, 5, 6, 5, 5, 6, 5, 6, 9, 5, 6, 8, 7, 5, 7, 6, 8, 8, 8, 7, 5, 7, 5, 7, 7, 6, 7, 5], [9, 6, 6, 7, 6, 6, 5, 5, 5, 9, 7, 7, 5, 5, 7, 5, 7, 5, 8, 9, 5, 6, 5, 6, 9, 8, 5, 8, 7, 5], [8, 8, 8, 8, 9, 5, 7, 5, 6, 6, 7, 6, 9, 8, 9, 7, 7, 8, 7, 9, 9, 8, 8, 7, 7, 7, 5, 9, 8, 9], [6, 5, 9, 8, 7, 7, 5, 5, 5, 8, 9, 6, 7, 7, 8, 8, 5, 8, 6, 5, 7, 7, 5, 8, 7, 9, 7, 8, 9, 8], [6, 6, 8, 8, 6, 6, 9, 6, 5, 9, 7, 8, 8, 8, 9, 9, 7, 8, 8, 7, 5, 8, 9, 8, 6, 6, 9, 7, 9, 9], [9, 7, 7, 5, 6, 8, 9, 8, 5, 6, 6, 7, 8, 8, 8, 8, 8, 7, 6, 6, 5, 9, 6, 9, 8, 6, 9, 7, 6, 7], [8, 7, 8, 7, 6, 7, 7, 6, 9, 5, 8, 7, 7, 5, 6, 7, 5, 5, 5, 8, 8, 8, 8, 6, 5, 7, 7, 7, 9, 5], [5, 5, 8, 5, 5, 8, 6, 5, 9, 5, 6, 8, 7, 9, 5, 8, 8, 6, 9, 6, 5, 6, 9, 8, 6, 8, 5, 5, 6, 6], [9, 5, 6, 8, 5, 8, 9, 8, 5, 9, 5, 9, 8, 7, 6, 5, 6, 7, 5, 5, 8, 5, 9, 9, 9, 8, 9, 7, 5, 8], [6, 5, 6, 7, 5, 8, 8, 6, 6, 5, 8, 9, 8, 6, 5, 8, 9, 5, 7, 9, 7, 7, 8, 7, 5, 5, 7, 5, 8, 5], [6, 6, 9, 7, 9, 5, 8, 6, 5, 9, 6, 5, 5, 8, 7, 8, 5, 5, 6, 5, 5, 8, 8, 6, 7, 6, 9, 6, 8, 5], [9, 5, 9, 8, 9, 7, 8, 5, 8, 8, 8, 9, 9, 5, 8, 6, 5, 5, 6, 9, 6, 8, 8, 8, 7, 8, 6, 8, 5, 7], [9, 6, 8, 5, 5, 9, 9, 7, 7, 6, 5, 8, 6, 5, 9, 9, 9, 8, 9, 6, 5, 8, 8, 5, 8, 5, 5, 6, 7, 7], [9, 6, 9, 8, 6, 9, 6, 6, 9, 6, 8, 6, 6, 7, 7, 5, 6, 6, 9, 8, 5, 9, 8, 8, 6, 8, 9, 6, 7, 8], [5, 8, 7, 8, 9, 5, 6, 7, 6, 6, 6, 8, 8, 6, 6, 7, 8, 5, 5, 7, 7, 6, 6, 6, 5, 9, 6, 7, 8, 6]]
Demand for each product in each period d: 
[[49, 1, 4, 43, 40, 32, 22, 49, 15, 35, 48, 39, 22, 42, 41, 2, 17, 30, 1, 8, 39, 35, 12, 24, 39, 28, 0, 8, 34, 2], [41, 15, 36, 39, 31, 3, 47, 13, 15, 46, 26, 2, 1, 48, 1, 5, 18, 31, 8, 15, 31, 43, 24, 1, 17, 39, 41, 31, 0, 26], [48, 18, 40, 9, 7, 49, 38, 39, 43, 1, 7, 12, 19, 2, 30, 27, 37, 28, 0, 38, 13, 49, 1, 47, 10, 8, 5, 37, 25, 18], [41, 28, 32, 39, 14, 27, 38, 44, 24, 0, 17, 0, 41, 37, 36, 0, 39, 32, 31, 33, 7, 21, 4, 0, 9, 29, 30, 26, 0, 31], [33, 20, 42, 12, 22, 43, 41, 21, 6, 10, 39, 46, 46, 41, 16, 41, 23, 47, 0, 16, 41, 41, 29, 12, 43, 0, 39, 5, 9, 10], [39, 41, 33, 0, 3, 36, 27, 9, 7, 47, 20, 43, 30, 5, 10, 2, 11, 46, 7, 39, 39, 47, 48, 28, 44, 8, 3, 38, 17, 30], [17, 14, 30, 13, 48, 46, 0, 16, 7, 11, 32, 48, 0, 17, 27, 1, 5, 25, 37, 23, 30, 48, 34, 24, 38, 34, 46, 8, 19, 20], [20, 26, 8, 5, 49, 13, 34, 39, 21, 45, 38, 6, 39, 48, 4, 45, 34, 10, 0, 30, 1, 6, 20, 21, 49, 32, 26, 17, 23, 26], [46, 3, 19, 31, 9, 21, 29, 34, 40, 20, 39, 38, 7, 15, 31, 32, 21, 15, 15, 29, 0, 47, 9, 15, 46, 37, 25, 29, 25, 10], [42, 14, 32, 12, 35, 14, 16, 38, 47, 14, 37, 26, 35, 36, 6, 30, 30, 7, 0, 12, 39, 34, 11, 0, 13, 41, 17, 25, 41, 44], [8, 21, 49, 5, 45, 45, 17, 7, 10, 45, 0, 36, 48, 1, 41, 5, 34, 24, 44, 8, 23, 39, 7, 49, 45, 2, 25, 35, 49, 19], [36, 6, 3, 8, 10, 19, 13, 21, 0, 1, 3, 49, 31, 20, 44, 42, 43, 48, 34, 44, 5, 10, 35, 27, 23, 40, 5, 35, 14, 36], [40, 45, 13, 10, 9, 41, 18, 24, 0, 0, 0, 20, 4, 31, 44, 20, 7, 13, 18, 19, 12, 8, 18, 46, 1, 18, 35, 47, 3, 35], [38, 9, 38, 23, 31, 46, 22, 35, 4, 19, 26, 31, 12, 36, 32, 29, 41, 1, 17, 38, 20, 0, 11, 20, 45, 7, 19, 31, 30, 41], [43, 16, 25, 25, 0, 15, 31, 44, 12, 0, 38, 17, 44, 34, 0, 37, 22, 37, 0, 21, 21, 19, 33, 7, 33, 32, 7, 11, 32, 15], [7, 5, 39, 0, 23, 33, 0, 0, 21, 34, 32, 15, 15, 20, 28, 21, 35, 48, 18, 24, 12, 15, 22, 45, 0, 27, 37, 0, 11, 8], [13, 43, 15, 11, 49, 17, 18, 21, 23, 19, 41, 0, 28, 0, 49, 2, 22, 43, 18, 31, 1, 5, 15, 24, 21, 0, 47, 42, 33, 41], [7, 0, 47, 0, 46, 7, 10, 35, 15, 12, 46, 0, 6, 47, 46, 2, 36, 17, 28, 29, 30, 12, 44, 43, 46, 16, 46, 31, 20, 21], [44, 41, 19, 7, 14, 34, 35, 10, 36, 16, 18, 18, 49, 29, 46, 20, 7, 37, 37, 32, 13, 43, 39, 20, 35, 7, 18, 16, 20, 25], [42, 32, 28, 39, 15, 0, 27, 25, 42, 38, 26, 15, 41, 36, 33, 35, 36, 3, 12, 7, 0, 1, 0, 45, 6, 40, 42, 43, 9, 0], [17, 37, 12, 26, 49, 30, 24, 16, 28, 8, 42, 2, 6, 25, 0, 44, 0, 19, 24, 5, 49, 37, 24, 23, 44, 21, 48, 39, 33, 23], [11, 15, 1, 28, 21, 48, 1, 7, 18, 7, 24, 4, 18, 33, 14, 5, 37, 48, 23, 18, 46, 15, 46, 38, 44, 10, 27, 0, 6, 15], [5, 0, 17, 38, 37, 46, 20, 10, 18, 4, 12, 26, 43, 17, 16, 25, 6, 39, 47, 42, 19, 23, 0, 20, 49, 49, 35, 43, 3, 21], [32, 12, 38, 4, 38, 16, 18, 26, 21, 15, 44, 42, 6, 41, 23, 31, 26, 3, 47, 42, 22, 10, 46, 33, 22, 20, 34, 5, 21, 10], [38, 10, 25, 4, 17, 45, 35, 5, 0, 10, 0, 48, 46, 10, 33, 21, 48, 0, 0, 39, 6, 4, 0, 9, 33, 16, 49, 23, 48, 37], [5, 0, 47, 6, 26, 25, 14, 21, 41, 13, 18, 29, 10, 15, 4, 23, 30, 35, 45, 40, 41, 15, 5, 4, 37, 7, 42, 39, 1, 3], [38, 43, 46, 0, 28, 0, 30, 0, 6, 13, 2, 10, 47, 0, 3, 28, 0, 35, 47, 35, 12, 38, 30, 37, 46, 27, 0, 11, 1, 12], [0, 30, 43, 0, 42, 21, 48, 13, 7, 7, 16, 27, 13, 39, 3, 24, 31, 20, 32, 44, 4, 16, 5, 27, 19, 21, 12, 43, 36, 16], [45, 21, 0, 18, 45, 14, 23, 32, 37, 36, 29, 35, 31, 35, 13, 8, 28, 42, 45, 48, 11, 10, 12, 48, 17, 28, 27, 47, 41, 46], [46, 23, 42, 43, 25, 47, 40, 29, 20, 16, 17, 0, 35, 18, 0, 30, 28, 48, 21, 32, 28, 18, 2, 0, 19, 1, 18, 0, 41, 43], [34, 11, 8, 15, 8, 30, 21, 49, 6, 24, 30, 45, 0, 49, 14, 3, 22, 11, 22, 45, 2, 10, 45, 0, 24, 39, 29, 33, 1, 11], [4, 30, 32, 22, 43, 44, 19, 0, 27, 49, 16, 39, 37, 35, 17, 20, 36, 28, 11, 21, 25, 31, 41, 22, 10, 46, 23, 8, 11, 16], [27, 34, 27, 38, 28, 1, 16, 18, 0, 47, 30, 39, 15, 24, 44, 28, 47, 32, 17, 43, 47, 5, 40, 25, 41, 6, 6, 45, 13, 10], [48, 12, 27, 21, 9, 0, 20, 10, 44, 0, 18, 27, 36, 1, 20, 17, 31, 3, 41, 19, 0, 4, 20, 45, 30, 46, 28, 3, 1, 0], [38, 48, 18, 4, 32, 22, 2, 30, 12, 3, 33, 49, 6, 37, 22, 41, 7, 12, 36, 5, 42, 8, 12, 10, 19, 46, 4, 2, 5, 23], [26, 11, 18, 35, 10, 29, 49, 38, 41, 32, 29, 46, 21, 0, 24, 12, 36, 10, 23, 30, 18, 26, 17, 14, 17, 6, 22, 0, 0, 25], [33, 37, 23, 48, 7, 45, 18, 31, 36, 1, 5, 38, 8, 2, 31, 37, 37, 20, 27, 2, 8, 46, 5, 46, 48, 47, 49, 11, 1, 4], [3, 21, 1, 5, 10, 4, 14, 28, 29, 21, 37, 47, 39, 27, 1, 0, 36, 7, 37, 46, 39, 44, 47, 27, 10, 3, 0, 23, 20, 46], [9, 49, 35, 27, 18, 31, 29, 24, 17, 24, 20, 33, 4, 1, 23, 17, 0, 20, 40, 39, 33, 37, 45, 2, 30, 5, 0, 38, 47, 41], [5, 29, 37, 4, 27, 33, 31, 28, 38, 40, 4, 6, 13, 22, 0, 0, 1, 19, 11, 29, 33, 45, 33, 38, 19, 14, 39, 36, 0, 13]]
Maintenance cost in each period m: 
[43034, 46905, 46251, 43593, 44972, 46392, 45048, 44631, 43906, 45266, 44589, 46314, 44176, 43017, 44659, 45174, 46393, 45225, 44569, 45077, 44164, 46155, 43256, 45809, 44330, 44228, 44160, 44833, 43061, 44869]
Maximum capacity of the machine cmax: 
1760