Set of periods in the planning horizon T: 
10
Set of products P: 
25
Capacity reduction coefficient alpha: 
0.8
Relative decrease of capacity per set up gamma: 
0.21
Capacity reduction coefficient due to product types beta: 
[0.0, 0.0, 0.0, 0.0, 0.0, 0.0, 0.0, 0.0, 0.0, 0.0, 0.0, 0.0, 0.0, 0.0, 0.0, 0.0, 0.0, 0.0, 0.0, 0.0, 0.0, 0.0, 0.0, 0.0, 0.0]
Fixed production cost of each product in each period f: 
[[550, 581, 725, 877, 512, 899, 839, 889, 614, 568], [747, 978, 613, 639, 553, 716, 613, 762, 596, 660], [855, 759, 628, 905, 935, 873, 564, 627, 847, 891], [969, 758, 987, 889, 604, 979, 928, 958, 658, 985], [561, 563, 559, 973, 994, 804, 718, 501, 528, 760], [723, 556, 509, 908, 636, 904, 509, 824, 792, 827], [521, 729, 802, 925, 647, 727, 745, 796, 719, 547], [687, 622, 559, 886, 542, 976, 751, 948, 549, 533], [709, 636, 991, 726, 582, 787, 614, 632, 745, 562], [641, 630, 969, 518, 857, 875, 866, 852, 770, 783], [584, 903, 938, 670, 564, 748, 564, 510, 586, 905], [680, 800, 534, 585, 711, 672, 724, 534, 832, 874], [571, 830, 741, 919, 533, 739, 521, 775, 558, 651], [947, 612, 647, 979, 600, 753, 909, 624, 540, 775], [653, 758, 684, 670, 887, 973, 504, 859, 603, 951], [849, 870, 578, 717, 562, 517, 940, 897, 728, 605], [678, 945, 559, 838, 658, 556, 653, 654, 620, 744], [779, 746, 821, 644, 557, 847, 786, 977, 880, 625], [780, 537, 921, 931, 597, 743, 516, 912, 709, 588], [542, 686, 975, 755, 921, 573, 549, 552, 700, 965], [568, 865, 624, 772, 543, 789, 767, 728, 565, 709], [947, 935, 584, 749, 975, 713, 654, 960, 601, 888], [707, 920, 880, 659, 615, 663, 542, 850, 727, 928], [892, 777, 778, 608, 705, 570, 734, 611, 702, 578], [813, 596, 581, 697, 963, 790, 911, 758, 735, 825]]
Variable production cost per unit of each product in each period p: 
[[12, 10, 12, 13, 11, 12, 13, 12, 13, 13], [13, 10, 10, 11, 12, 12, 12, 11, 10, 11], [12, 13, 10, 11, 12, 12, 10, 13, 13, 13], [11, 13, 13, 13, 12, 12, 12, 12, 12, 13], [10, 13, 11, 10, 12, 12, 13, 12, 10, 13], [12, 10, 10, 10, 13, 11, 13, 13, 11, 13], [13, 11, 13, 11, 12, 10, 10, 11, 10, 12], [12, 10, 11, 12, 12, 10, 10, 11, 11, 12], [12, 10, 10, 12, 13, 10, 13, 12, 13, 11], [11, 11, 10, 10, 11, 11, 13, 12, 10, 11], [11, 12, 11, 11, 11, 10, 11, 13, 11, 10], [13, 10, 11, 13, 10, 11, 11, 13, 11, 10], [13, 12, 10, 13, 12, 13, 11, 13, 10, 11], [12, 12, 12, 12, 13, 11, 10, 12, 10, 13], [13, 10, 12, 10, 12, 12, 11, 12, 11, 11], [12, 12, 11, 11, 13, 10, 13, 10, 12, 13], [11, 10, 13, 12, 12, 10, 12, 13, 11, 12], [12, 11, 13, 13, 12, 10, 10, 11, 10, 10], [13, 13, 11, 12, 11, 10, 11, 12, 13, 12], [13, 12, 13, 10, 12, 10, 11, 12, 11, 13], [13, 12, 12, 11, 10, 13, 12, 10, 11, 13], [11, 10, 12, 13, 13, 12, 13, 11, 13, 12], [11, 12, 13, 13, 11, 12, 12, 10, 12, 13], [11, 11, 12, 13, 13, 12, 11, 11, 10, 11], [12, 12, 11, 10, 12, 13, 13, 11, 13, 10]]
Inventory holding cost per unit of each product by the end of each period h: 
[[9, 5, 5, 7, 5, 6, 7, 7, 7, 9], [6, 8, 9, 8, 6, 5, 7, 7, 7, 5], [8, 5, 5, 5, 8, 6, 8, 5, 9, 9], [5, 8, 5, 5, 5, 5, 7, 7, 7, 8], [9, 5, 7, 6, 8, 6, 5, 5, 7, 9], [7, 6, 9, 6, 8, 9, 8, 7, 6, 9], [7, 7, 7, 5, 6, 6, 7, 8, 6, 5], [7, 6, 7, 5, 7, 7, 9, 5, 8, 9], [7, 9, 5, 5, 8, 6, 7, 6, 8, 7], [7, 5, 8, 6, 5, 5, 7, 6, 6, 9], [9, 8, 7, 9, 7, 6, 6, 7, 5, 9], [6, 9, 7, 6, 8, 8, 7, 6, 9, 5], [6, 8, 9, 5, 9, 9, 6, 6, 7, 6], [5, 5, 5, 7, 5, 9, 5, 8, 7, 9], [6, 9, 5, 7, 8, 8, 8, 9, 5, 6], [8, 7, 9, 8, 8, 7, 9, 5, 7, 5], [9, 5, 5, 5, 6, 9, 9, 7, 8, 9], [9, 8, 9, 6, 7, 5, 7, 8, 5, 8], [8, 8, 6, 5, 6, 6, 5, 9, 5, 8], [5, 9, 7, 5, 8, 9, 8, 6, 5, 5], [8, 9, 6, 7, 6, 7, 6, 5, 7, 5], [5, 9, 5, 6, 7, 7, 7, 9, 9, 9], [6, 9, 7, 5, 5, 7, 7, 6, 6, 5], [6, 5, 7, 8, 6, 8, 6, 9, 8, 6], [5, 8, 7, 7, 9, 6, 8, 6, 5, 7]]
Demand for each product in each period d: 
[[39, 44, 41, 40, 0, 45, 31, 8, 1, 0], [12, 0, 33, 49, 24, 5, 19, 44, 43, 37], [37, 35, 42, 29, 4, 7, 31, 44, 43, 43], [35, 36, 42, 35, 42, 38, 38, 43, 43, 44], [4, 18, 43, 3, 33, 7, 30, 8, 0, 24], [9, 18, 0, 28, 24, 11, 30, 37, 0, 43], [25, 29, 31, 40, 45, 26, 5, 37, 42, 35], [8, 30, 21, 20, 49, 0, 11, 45, 17, 18], [37, 42, 33, 38, 45, 42, 14, 21, 14, 14], [3, 20, 28, 49, 0, 10, 8, 18, 16, 5], [0, 15, 6, 20, 1, 13, 10, 31, 42, 31], [8, 35, 20, 2, 14, 2, 30, 16, 21, 37], [21, 26, 44, 37, 19, 3, 25, 37, 23, 22], [18, 45, 33, 38, 23, 19, 13, 7, 0, 14], [19, 46, 47, 40, 44, 31, 43, 9, 42, 20], [37, 30, 34, 18, 15, 39, 35, 15, 42, 11], [3, 42, 48, 0, 24, 0, 1, 19, 7, 48], [32, 43, 35, 26, 19, 14, 42, 17, 31, 38], [0, 13, 7, 29, 29, 39, 33, 34, 14, 0], [40, 27, 42, 40, 31, 43, 23, 39, 28, 41], [45, 46, 18, 48, 1, 21, 35, 43, 4, 17], [10, 49, 27, 45, 31, 32, 14, 0, 20, 41], [1, 15, 20, 28, 33, 37, 6, 6, 12, 11], [24, 1, 27, 17, 49, 1, 9, 44, 15, 7], [14, 17, 47, 5, 28, 27, 8, 7, 0, 15]]
Maintenance cost in each period m: 
[10651, 10842, 10049, 12109, 9793, 10507, 11053, 12406, 10517, 11144]
Maximum capacity of the machine cmax: 
1225