Set of periods in the planning horizon T: 
35
Set of products P: 
55
Capacity reduction coefficient alpha: 
0.8
Relative decrease of capacity per set up gamma: 
0.26
Capacity reduction coefficient due to product types beta: 
[0.39, 0.27, 0.25, 0.29, 0.4, 0.24, 0.22, 0.3, 0.21, 0.38, 0.36, 0.37, 0.35, 0.25, 0.34, 0.23, 0.38, 0.31, 0.3, 0.35, 0.32, 0.32, 0.35, 0.31, 0.28, 0.39, 0.3, 0.4, 0.31, 0.38, 0.36, 0.25, 0.31, 0.2, 0.24, 0.29, 0.29, 0.39, 0.33, 0.25, 0.36, 0.28, 0.35, 0.34, 0.35, 0.22, 0.37, 0.21, 0.33, 0.31, 0.38, 0.37, 0.32, 0.31, 0.39]
Fixed production cost of each product in each period f: 
[[971, 894, 718, 973, 946, 763, 909, 884, 544, 624, 542, 764, 534, 518, 568, 563, 934, 537, 782, 669, 857, 968, 661, 943, 985, 657, 747, 568, 845, 895, 737, 798, 513, 535, 841], [766, 506, 918, 809, 828, 590, 911, 895, 645, 878, 639, 934, 680, 747, 527, 916, 532, 887, 852, 989, 527, 703, 508, 739, 590, 737, 738, 602, 967, 675, 631, 871, 694, 598, 648], [685, 949, 685, 862, 565, 541, 892, 801, 746, 576, 744, 781, 579, 835, 660, 672, 719, 619, 887, 799, 845, 889, 795, 942, 885, 631, 508, 658, 790, 830, 685, 601, 502, 528, 791], [831, 910, 635, 755, 902, 600, 926, 570, 645, 502, 648, 573, 893, 615, 710, 869, 716, 834, 652, 699, 730, 881, 576, 906, 726, 782, 927, 583, 511, 984, 698, 800, 816, 668, 970], [943, 758, 508, 922, 789, 643, 660, 827, 906, 554, 806, 750, 604, 579, 897, 619, 648, 799, 749, 771, 638, 632, 837, 676, 595, 617, 638, 876, 941, 717, 987, 559, 963, 599, 984], [594, 653, 873, 650, 579, 664, 694, 696, 965, 864, 517, 788, 832, 881, 615, 941, 782, 895, 749, 934, 727, 706, 679, 961, 648, 763, 725, 989, 620, 721, 840, 953, 736, 956, 537], [731, 879, 769, 919, 783, 789, 503, 809, 597, 993, 632, 708, 620, 691, 565, 809, 785, 868, 885, 691, 754, 868, 596, 532, 828, 688, 875, 758, 998, 987, 830, 871, 596, 970, 847], [839, 870, 826, 753, 866, 601, 676, 504, 919, 607, 972, 782, 959, 648, 913, 951, 729, 564, 894, 828, 558, 961, 627, 842, 525, 704, 975, 950, 703, 884, 927, 510, 616, 686, 642], [563, 588, 871, 995, 992, 965, 882, 619, 522, 562, 869, 672, 530, 793, 932, 934, 769, 807, 588, 875, 698, 629, 551, 548, 584, 838, 817, 578, 986, 850, 628, 727, 573, 653, 935], [522, 894, 594, 896, 946, 739, 771, 712, 794, 872, 772, 682, 777, 524, 797, 706, 541, 620, 980, 558, 541, 724, 811, 917, 891, 943, 584, 869, 610, 902, 925, 549, 752, 639, 594], [537, 741, 637, 815, 613, 895, 956, 921, 868, 638, 527, 839, 829, 984, 565, 889, 544, 618, 681, 734, 834, 797, 631, 838, 723, 894, 851, 840, 550, 729, 677, 691, 690, 769, 981], [644, 746, 804, 674, 840, 965, 796, 917, 876, 952, 872, 647, 888, 957, 630, 847, 907, 887, 905, 736, 503, 639, 818, 965, 796, 687, 859, 852, 844, 833, 799, 717, 538, 793, 818], [675, 993, 865, 572, 963, 642, 743, 798, 805, 904, 985, 654, 726, 943, 751, 682, 683, 754, 731, 994, 968, 517, 958, 834, 575, 730, 883, 579, 948, 804, 819, 717, 624, 787, 661], [950, 865, 717, 893, 689, 789, 603, 639, 549, 885, 653, 765, 583, 749, 937, 892, 588, 972, 695, 782, 945, 904, 728, 630, 536, 830, 611, 615, 874, 955, 802, 998, 562, 606, 646], [561, 786, 529, 648, 549, 519, 500, 807, 701, 505, 991, 796, 518, 751, 883, 855, 841, 769, 547, 629, 964, 540, 862, 860, 660, 803, 896, 641, 600, 567, 902, 590, 707, 919, 562], [624, 561, 861, 850, 729, 867, 621, 501, 920, 715, 768, 500, 951, 787, 724, 580, 867, 967, 800, 867, 724, 854, 699, 637, 686, 932, 775, 830, 697, 900, 906, 972, 729, 737, 847], [982, 629, 563, 528, 934, 755, 514, 966, 532, 553, 709, 559, 928, 695, 613, 668, 676, 821, 618, 959, 681, 818, 623, 731, 753, 670, 656, 691, 678, 577, 772, 949, 908, 905, 937], [701, 825, 914, 826, 650, 902, 908, 648, 761, 906, 508, 512, 655, 882, 734, 659, 884, 992, 597, 562, 584, 563, 694, 693, 538, 685, 601, 702, 814, 983, 865, 849, 717, 572, 690], [655, 616, 780, 594, 615, 953, 765, 918, 735, 813, 840, 626, 976, 951, 742, 900, 609, 849, 977, 836, 851, 894, 795, 952, 705, 608, 800, 979, 641, 615, 576, 800, 871, 505, 702], [716, 516, 720, 509, 637, 642, 982, 835, 594, 774, 878, 633, 884, 922, 848, 798, 618, 694, 510, 521, 550, 992, 721, 575, 803, 823, 754, 554, 638, 952, 654, 637, 520, 795, 813], [580, 760, 700, 793, 528, 957, 964, 947, 588, 789, 556, 812, 719, 692, 522, 724, 539, 609, 637, 882, 972, 682, 705, 696, 715, 696, 882, 967, 737, 971, 913, 583, 822, 763, 954], [766, 843, 652, 577, 517, 592, 817, 772, 596, 770, 523, 663, 639, 507, 978, 603, 897, 736, 824, 659, 583, 918, 824, 627, 765, 780, 812, 953, 642, 795, 896, 752, 889, 670, 769], [522, 597, 723, 755, 754, 856, 712, 629, 546, 805, 883, 652, 820, 968, 915, 865, 615, 992, 993, 754, 705, 596, 534, 667, 877, 626, 840, 846, 680, 663, 839, 867, 954, 553, 576], [699, 674, 722, 764, 844, 582, 812, 824, 517, 572, 978, 995, 570, 687, 914, 684, 541, 995, 725, 782, 960, 868, 959, 959, 673, 855, 694, 774, 515, 823, 607, 796, 632, 915, 762], [651, 535, 769, 827, 713, 829, 903, 681, 859, 622, 932, 595, 711, 865, 865, 728, 913, 629, 717, 563, 776, 649, 891, 731, 711, 649, 653, 718, 802, 612, 933, 622, 827, 713, 754], [666, 770, 724, 513, 593, 877, 717, 552, 656, 837, 671, 591, 733, 795, 965, 759, 863, 937, 625, 683, 861, 592, 953, 795, 897, 860, 911, 753, 879, 868, 718, 669, 813, 915, 916], [925, 750, 883, 652, 839, 508, 808, 503, 941, 523, 855, 928, 924, 834, 938, 567, 944, 925, 689, 810, 704, 989, 847, 567, 965, 529, 937, 867, 763, 789, 979, 985, 756, 500, 881], [632, 756, 948, 866, 565, 831, 925, 975, 834, 945, 920, 606, 881, 924, 791, 853, 778, 957, 620, 600, 789, 818, 665, 536, 563, 919, 502, 549, 520, 772, 778, 723, 816, 860, 896], [800, 878, 882, 772, 849, 522, 791, 688, 717, 846, 890, 655, 644, 650, 718, 569, 678, 757, 932, 706, 869, 965, 884, 974, 803, 648, 658, 908, 605, 909, 810, 875, 674, 807, 933], [922, 932, 811, 873, 719, 959, 979, 566, 839, 934, 880, 940, 551, 656, 859, 734, 570, 530, 763, 903, 901, 915, 583, 623, 688, 631, 712, 531, 931, 564, 722, 664, 622, 973, 609], [949, 736, 624, 653, 524, 811, 523, 826, 850, 563, 520, 675, 871, 911, 532, 753, 994, 547, 511, 685, 688, 904, 792, 800, 951, 730, 692, 744, 569, 933, 712, 613, 576, 586, 748], [942, 742, 601, 741, 632, 887, 539, 832, 748, 965, 524, 799, 928, 999, 557, 568, 818, 773, 575, 533, 898, 896, 530, 526, 828, 996, 516, 581, 629, 507, 524, 782, 947, 727, 622], [901, 936, 829, 662, 967, 954, 521, 824, 881, 636, 938, 652, 836, 740, 634, 853, 572, 720, 873, 769, 664, 624, 771, 588, 825, 745, 735, 686, 540, 745, 856, 547, 854, 572, 756], [568, 695, 579, 787, 641, 539, 572, 813, 818, 699, 587, 963, 833, 881, 807, 679, 563, 522, 536, 624, 560, 539, 720, 694, 955, 853, 575, 754, 590, 862, 708, 679, 557, 865, 546], [538, 586, 849, 578, 658, 598, 860, 528, 804, 945, 506, 814, 725, 558, 946, 885, 993, 923, 609, 658, 800, 748, 843, 909, 743, 557, 618, 515, 877, 822, 989, 809, 906, 852, 675], [566, 851, 546, 832, 854, 666, 972, 627, 748, 855, 772, 714, 573, 913, 635, 706, 870, 724, 883, 970, 775, 988, 946, 691, 748, 734, 793, 880, 647, 809, 547, 867, 647, 545, 649], [954, 987, 632, 970, 904, 573, 682, 586, 788, 834, 504, 732, 629, 512, 741, 878, 640, 524, 790, 560, 530, 907, 566, 733, 753, 722, 822, 835, 688, 761, 824, 680, 839, 826, 889], [570, 999, 929, 607, 760, 892, 874, 641, 509, 944, 980, 852, 758, 625, 931, 981, 869, 507, 642, 578, 715, 924, 970, 526, 526, 763, 636, 966, 664, 917, 705, 601, 756, 951, 759], [536, 530, 705, 753, 582, 754, 787, 893, 884, 934, 586, 524, 880, 556, 885, 860, 766, 934, 592, 829, 637, 645, 743, 911, 987, 909, 772, 786, 905, 965, 610, 746, 966, 919, 748], [664, 657, 974, 503, 767, 580, 515, 811, 654, 834, 828, 925, 619, 942, 914, 528, 750, 604, 785, 505, 668, 623, 625, 713, 688, 514, 714, 716, 684, 843, 794, 531, 766, 611, 773], [903, 788, 541, 787, 937, 791, 775, 936, 731, 732, 722, 947, 703, 804, 790, 944, 750, 668, 898, 743, 934, 680, 968, 874, 874, 793, 706, 686, 702, 659, 622, 598, 740, 687, 863], [607, 774, 768, 625, 734, 745, 758, 932, 556, 510, 871, 506, 677, 643, 706, 552, 510, 566, 523, 535, 905, 536, 849, 503, 691, 532, 644, 525, 967, 725, 731, 672, 862, 618, 698], [716, 648, 911, 774, 693, 788, 883, 655, 537, 978, 778, 888, 513, 614, 770, 646, 709, 880, 776, 887, 516, 939, 976, 712, 766, 666, 574, 719, 751, 839, 614, 958, 820, 738, 652], [581, 817, 786, 647, 713, 872, 993, 623, 932, 707, 975, 759, 540, 626, 906, 522, 785, 891, 783, 892, 642, 631, 813, 970, 808, 849, 536, 909, 988, 765, 661, 513, 722, 644, 975], [771, 558, 794, 763, 530, 883, 768, 666, 947, 632, 607, 733, 614, 716, 790, 979, 810, 918, 635, 842, 626, 736, 986, 915, 726, 789, 576, 685, 839, 525, 668, 691, 547, 783, 800], [745, 907, 724, 809, 502, 919, 694, 766, 710, 532, 933, 569, 746, 847, 999, 850, 751, 703, 727, 750, 872, 885, 944, 887, 723, 827, 943, 881, 884, 835, 575, 872, 851, 574, 728], [880, 963, 677, 597, 929, 747, 721, 739, 947, 869, 760, 515, 946, 704, 610, 633, 968, 539, 787, 820, 800, 778, 661, 566, 660, 856, 820, 996, 543, 713, 622, 576, 737, 870, 566], [698, 880, 651, 900, 918, 891, 724, 584, 870, 641, 698, 645, 541, 572, 524, 568, 832, 801, 624, 728, 783, 669, 782, 811, 992, 657, 710, 870, 634, 522, 759, 555, 852, 762, 679], [832, 774, 505, 884, 560, 921, 606, 538, 648, 845, 942, 971, 530, 988, 783, 926, 859, 604, 588, 967, 860, 621, 993, 611, 782, 796, 611, 519, 971, 939, 690, 896, 737, 533, 570], [541, 763, 870, 726, 789, 869, 848, 774, 990, 939, 841, 796, 740, 880, 573, 967, 612, 932, 585, 753, 676, 709, 970, 509, 990, 657, 987, 991, 505, 744, 804, 876, 895, 786, 573], [864, 783, 609, 569, 900, 726, 502, 952, 706, 776, 537, 760, 562, 571, 762, 824, 891, 674, 668, 815, 963, 829, 754, 663, 751, 574, 603, 971, 600, 588, 978, 668, 829, 921, 515], [954, 981, 842, 852, 611, 626, 537, 897, 690, 906, 557, 791, 903, 758, 928, 828, 975, 989, 737, 971, 529, 827, 723, 862, 847, 886, 767, 927, 717, 819, 935, 674, 726, 640, 567], [808, 750, 690, 547, 998, 663, 675, 520, 539, 661, 842, 829, 637, 589, 585, 775, 761, 712, 729, 571, 793, 937, 517, 763, 811, 514, 896, 588, 626, 570, 896, 538, 806, 854, 795], [888, 810, 718, 875, 609, 902, 947, 682, 664, 971, 697, 774, 769, 581, 647, 833, 656, 649, 502, 557, 786, 781, 787, 542, 706, 914, 734, 843, 602, 913, 637, 875, 769, 566, 703], [511, 665, 758, 680, 904, 513, 718, 540, 876, 990, 764, 857, 793, 795, 834, 860, 838, 861, 570, 837, 533, 798, 859, 749, 797, 651, 730, 999, 934, 892, 611, 647, 805, 802, 858]]
Variable production cost per unit of each product in each period p: 
[[11, 13, 10, 12, 11, 10, 13, 12, 10, 13, 11, 13, 12, 11, 12, 11, 13, 12, 12, 13, 11, 11, 11, 11, 11, 13, 10, 11, 13, 10, 12, 11, 12, 10, 11], [10, 12, 13, 13, 12, 11, 13, 12, 10, 12, 13, 12, 11, 12, 12, 11, 10, 11, 11, 11, 13, 13, 12, 10, 10, 11, 10, 12, 12, 12, 11, 12, 10, 13, 11], [11, 12, 12, 11, 13, 13, 10, 11, 12, 11, 13, 11, 12, 12, 12, 12, 11, 13, 13, 12, 11, 11, 10, 11, 13, 11, 13, 12, 10, 10, 12, 10, 13, 13, 12], [13, 11, 13, 12, 12, 10, 12, 11, 11, 13, 12, 11, 10, 13, 12, 13, 10, 10, 10, 11, 11, 10, 10, 13, 13, 10, 10, 11, 13, 12, 10, 13, 10, 13, 12], [10, 11, 10, 12, 11, 11, 12, 12, 10, 10, 10, 10, 10, 12, 11, 10, 11, 10, 13, 13, 10, 13, 12, 10, 11, 13, 13, 13, 11, 12, 13, 13, 10, 10, 12], [10, 13, 11, 13, 10, 12, 12, 12, 11, 13, 12, 10, 13, 10, 10, 12, 10, 10, 10, 10, 12, 12, 13, 13, 11, 11, 13, 13, 12, 12, 13, 13, 13, 10, 13], [11, 10, 11, 10, 12, 10, 12, 11, 11, 12, 13, 10, 13, 12, 13, 13, 11, 11, 11, 10, 12, 10, 12, 13, 11, 13, 13, 12, 11, 11, 11, 10, 10, 12, 10], [10, 13, 11, 10, 12, 10, 11, 13, 11, 12, 11, 13, 11, 12, 10, 10, 13, 12, 12, 13, 11, 13, 12, 10, 11, 12, 13, 11, 11, 11, 10, 11, 10, 10, 12], [10, 11, 12, 12, 12, 11, 11, 12, 12, 13, 10, 11, 10, 10, 11, 12, 11, 12, 12, 13, 13, 10, 13, 10, 10, 12, 12, 10, 12, 13, 12, 11, 11, 10, 13], [12, 10, 13, 13, 10, 12, 11, 11, 13, 11, 10, 10, 12, 12, 13, 11, 12, 13, 13, 10, 11, 12, 10, 12, 12, 11, 12, 12, 10, 12, 13, 11, 11, 10, 13], [13, 11, 12, 12, 13, 10, 12, 11, 13, 13, 10, 13, 12, 11, 13, 10, 12, 13, 13, 10, 12, 10, 10, 13, 11, 13, 12, 13, 12, 11, 12, 10, 10, 11, 11], [12, 13, 12, 13, 10, 10, 12, 10, 11, 10, 12, 11, 10, 13, 13, 11, 13, 12, 11, 11, 11, 13, 10, 10, 10, 11, 13, 11, 12, 11, 11, 12, 11, 10, 11], [10, 11, 10, 11, 13, 11, 10, 10, 13, 12, 10, 10, 11, 11, 13, 11, 11, 11, 13, 10, 11, 10, 11, 10, 10, 12, 12, 11, 10, 11, 11, 10, 13, 12, 13], [10, 13, 12, 10, 12, 12, 13, 13, 10, 10, 10, 13, 11, 13, 12, 12, 13, 12, 10, 13, 10, 11, 11, 11, 10, 13, 10, 12, 13, 12, 13, 11, 13, 12, 10], [11, 12, 13, 10, 11, 10, 12, 13, 11, 12, 13, 13, 13, 11, 13, 12, 10, 10, 12, 11, 11, 12, 13, 13, 11, 10, 11, 11, 12, 13, 12, 13, 11, 12, 13], [11, 10, 13, 12, 12, 10, 11, 10, 10, 12, 10, 12, 13, 11, 11, 12, 10, 10, 12, 12, 13, 10, 10, 12, 13, 13, 12, 13, 10, 12, 11, 11, 10, 13, 11], [10, 13, 11, 12, 11, 13, 13, 12, 11, 10, 10, 12, 12, 13, 10, 11, 11, 13, 11, 12, 10, 10, 11, 12, 13, 11, 10, 11, 13, 13, 12, 11, 12, 10, 11], [13, 12, 11, 11, 12, 13, 12, 13, 11, 13, 11, 13, 12, 12, 10, 11, 11, 12, 10, 10, 12, 13, 10, 10, 13, 10, 11, 11, 13, 13, 11, 10, 10, 11, 12], [12, 12, 11, 13, 13, 10, 11, 10, 12, 11, 12, 10, 11, 12, 10, 12, 13, 10, 13, 13, 12, 10, 10, 13, 11, 13, 12, 12, 12, 12, 13, 10, 11, 12, 13], [13, 11, 10, 10, 12, 13, 10, 10, 10, 10, 12, 13, 13, 13, 10, 10, 10, 12, 11, 13, 11, 13, 13, 11, 12, 12, 10, 11, 13, 12, 13, 13, 10, 10, 10], [12, 12, 13, 13, 12, 10, 13, 11, 11, 10, 12, 13, 10, 13, 13, 12, 12, 11, 11, 10, 12, 11, 10, 10, 12, 13, 13, 12, 13, 12, 13, 10, 13, 11, 12], [13, 11, 10, 13, 10, 13, 10, 12, 10, 11, 12, 11, 11, 10, 10, 10, 10, 13, 11, 12, 13, 11, 12, 10, 11, 13, 10, 10, 11, 10, 13, 11, 11, 13, 10], [10, 13, 11, 10, 10, 13, 10, 13, 11, 11, 11, 10, 10, 12, 11, 11, 10, 12, 10, 10, 13, 10, 13, 10, 12, 11, 12, 13, 10, 12, 11, 13, 12, 11, 10], [11, 13, 13, 11, 10, 10, 13, 12, 10, 13, 10, 13, 10, 11, 10, 12, 13, 13, 10, 11, 10, 12, 12, 13, 12, 12, 13, 12, 10, 10, 13, 10, 10, 13, 12], [11, 12, 12, 10, 13, 13, 12, 12, 13, 11, 11, 12, 10, 13, 13, 13, 13, 11, 10, 13, 10, 11, 11, 12, 12, 10, 10, 11, 11, 10, 11, 12, 11, 12, 13], [10, 11, 11, 11, 11, 11, 12, 11, 13, 13, 11, 13, 10, 13, 13, 10, 13, 11, 10, 10, 13, 10, 11, 11, 13, 12, 10, 10, 12, 12, 12, 11, 13, 13, 12], [12, 13, 13, 10, 13, 12, 13, 12, 11, 10, 11, 10, 13, 10, 11, 11, 13, 10, 10, 11, 11, 12, 10, 10, 10, 12, 12, 11, 11, 11, 11, 11, 10, 10, 10], [10, 11, 10, 12, 10, 10, 13, 11, 10, 10, 10, 13, 12, 11, 10, 13, 12, 13, 10, 10, 13, 13, 13, 13, 12, 13, 12, 12, 12, 12, 12, 11, 11, 10, 11], [13, 13, 10, 10, 13, 13, 10, 12, 10, 13, 11, 12, 12, 13, 12, 11, 12, 12, 12, 11, 13, 10, 10, 12, 12, 13, 12, 13, 11, 12, 12, 10, 10, 12, 13], [11, 11, 11, 12, 12, 13, 13, 12, 11, 13, 12, 13, 12, 13, 11, 11, 12, 12, 13, 12, 11, 12, 11, 10, 12, 12, 10, 12, 13, 13, 13, 13, 11, 13, 11], [12, 10, 12, 10, 11, 12, 13, 13, 11, 13, 13, 10, 12, 13, 10, 12, 10, 12, 11, 12, 12, 13, 11, 13, 10, 11, 13, 13, 13, 13, 11, 12, 10, 12, 12], [12, 11, 12, 10, 10, 10, 10, 12, 10, 12, 10, 10, 11, 10, 10, 10, 10, 10, 10, 10, 10, 10, 13, 10, 12, 12, 11, 13, 11, 10, 13, 13, 12, 10, 10], [12, 11, 12, 12, 11, 12, 12, 10, 11, 12, 10, 12, 13, 10, 10, 11, 11, 10, 11, 11, 11, 12, 12, 11, 10, 10, 13, 11, 13, 10, 13, 11, 12, 13, 12], [11, 12, 12, 12, 13, 12, 12, 13, 12, 10, 12, 12, 10, 10, 11, 12, 12, 11, 12, 10, 10, 12, 12, 10, 10, 12, 10, 11, 11, 10, 13, 12, 11, 12, 11], [11, 13, 11, 11, 12, 11, 12, 13, 11, 12, 10, 11, 10, 13, 13, 13, 13, 10, 13, 11, 13, 11, 13, 13, 11, 10, 11, 13, 11, 12, 13, 12, 13, 11, 12], [12, 11, 12, 10, 12, 11, 12, 10, 13, 10, 11, 11, 10, 11, 10, 11, 13, 11, 10, 11, 11, 12, 10, 11, 12, 13, 12, 13, 12, 12, 10, 11, 11, 11, 13], [10, 12, 11, 11, 10, 11, 13, 13, 10, 11, 10, 11, 11, 12, 12, 13, 12, 12, 10, 12, 13, 12, 10, 11, 13, 11, 12, 13, 10, 13, 12, 11, 12, 10, 13], [11, 10, 10, 12, 10, 13, 11, 10, 10, 13, 10, 12, 12, 13, 12, 13, 11, 13, 12, 11, 12, 12, 11, 10, 10, 12, 11, 13, 12, 11, 13, 12, 11, 12, 11], [11, 13, 10, 10, 12, 12, 13, 11, 13, 12, 10, 11, 10, 13, 11, 11, 13, 11, 13, 12, 10, 13, 11, 11, 11, 11, 13, 10, 11, 12, 11, 11, 10, 11, 10], [10, 10, 11, 11, 13, 13, 10, 12, 12, 12, 13, 13, 13, 11, 13, 10, 13, 11, 12, 10, 11, 11, 10, 10, 11, 13, 10, 12, 10, 10, 10, 12, 11, 12, 10], [11, 11, 11, 13, 10, 12, 10, 11, 11, 12, 13, 11, 12, 10, 12, 10, 13, 10, 13, 11, 13, 10, 10, 13, 13, 12, 11, 10, 12, 11, 11, 13, 13, 10, 10], [12, 13, 13, 12, 11, 13, 12, 10, 12, 13, 11, 13, 10, 11, 11, 10, 12, 13, 12, 12, 13, 10, 12, 10, 13, 10, 11, 11, 13, 12, 10, 13, 12, 12, 13], [13, 12, 12, 12, 13, 11, 11, 13, 11, 11, 11, 11, 12, 10, 11, 12, 11, 11, 13, 13, 10, 10, 10, 11, 13, 12, 10, 12, 10, 10, 12, 12, 12, 11, 12], [10, 10, 13, 13, 13, 12, 10, 10, 12, 11, 11, 10, 12, 12, 12, 12, 11, 12, 12, 12, 12, 10, 13, 10, 12, 13, 11, 11, 10, 10, 11, 11, 13, 10, 13], [12, 13, 12, 10, 12, 13, 10, 11, 10, 12, 11, 11, 10, 12, 12, 11, 10, 12, 11, 13, 12, 12, 13, 13, 11, 11, 13, 11, 12, 11, 10, 11, 11, 12, 13], [10, 13, 12, 11, 11, 11, 12, 12, 11, 11, 11, 13, 13, 13, 13, 13, 12, 11, 10, 10, 13, 12, 10, 13, 11, 13, 12, 13, 10, 12, 11, 12, 12, 11, 10], [13, 11, 13, 13, 12, 13, 12, 13, 11, 10, 13, 10, 12, 10, 11, 12, 11, 13, 11, 11, 11, 10, 10, 13, 12, 11, 13, 13, 11, 11, 10, 12, 13, 10, 11], [10, 12, 13, 13, 13, 13, 12, 11, 11, 13, 11, 12, 11, 10, 11, 12, 12, 10, 12, 11, 11, 10, 11, 13, 13, 10, 13, 13, 10, 13, 11, 12, 12, 10, 11], [11, 11, 10, 12, 11, 11, 12, 11, 10, 13, 11, 13, 10, 13, 10, 11, 12, 12, 11, 13, 13, 10, 11, 10, 10, 12, 13, 10, 12, 10, 11, 11, 12, 10, 12], [10, 11, 11, 11, 11, 12, 11, 13, 11, 13, 10, 11, 11, 13, 11, 12, 13, 13, 10, 10, 13, 10, 10, 10, 10, 10, 13, 10, 11, 13, 11, 11, 11, 12, 10], [12, 11, 13, 13, 13, 11, 11, 13, 13, 12, 12, 12, 13, 12, 11, 12, 12, 13, 11, 12, 13, 12, 13, 12, 13, 12, 13, 13, 13, 10, 12, 12, 13, 13, 11], [12, 11, 12, 13, 10, 10, 12, 13, 11, 10, 12, 10, 10, 11, 12, 10, 12, 13, 11, 13, 12, 11, 11, 13, 13, 11, 13, 10, 10, 10, 10, 13, 11, 10, 10], [11, 11, 13, 10, 10, 11, 12, 12, 13, 10, 10, 12, 13, 12, 13, 13, 10, 10, 10, 11, 13, 13, 11, 13, 12, 11, 11, 12, 10, 12, 12, 11, 12, 10, 11], [10, 12, 10, 11, 12, 10, 13, 12, 11, 12, 11, 10, 10, 12, 12, 12, 13, 10, 13, 12, 12, 11, 11, 11, 11, 12, 10, 11, 11, 10, 12, 12, 12, 10, 13], [12, 12, 10, 11, 12, 13, 11, 10, 13, 10, 11, 12, 11, 10, 13, 11, 10, 11, 11, 12, 11, 11, 11, 13, 11, 12, 12, 10, 13, 13, 12, 10, 12, 12, 11]]
Inventory holding cost per unit of each product by the end of each period h: 
[[7, 8, 8, 8, 7, 9, 6, 7, 8, 9, 5, 7, 5, 9, 6, 5, 9, 9, 9, 9, 6, 5, 7, 5, 6, 5, 6, 5, 5, 8, 7, 9, 9, 7, 6], [7, 9, 9, 9, 7, 6, 5, 9, 8, 7, 6, 5, 9, 5, 9, 7, 7, 7, 7, 9, 5, 8, 5, 7, 5, 7, 9, 9, 7, 8, 8, 9, 9, 8, 9], [5, 9, 8, 9, 7, 5, 7, 6, 8, 6, 9, 7, 7, 5, 9, 9, 6, 8, 9, 7, 9, 5, 6, 8, 8, 8, 9, 5, 5, 6, 8, 5, 6, 9, 9], [5, 5, 6, 9, 8, 6, 7, 8, 6, 5, 7, 8, 8, 6, 7, 6, 7, 5, 9, 8, 7, 5, 6, 8, 8, 7, 9, 5, 5, 5, 8, 6, 7, 9, 5], [9, 5, 8, 7, 9, 5, 6, 5, 5, 6, 5, 8, 8, 8, 8, 9, 7, 9, 9, 7, 5, 7, 6, 5, 6, 7, 7, 7, 5, 7, 6, 7, 6, 7, 6], [8, 5, 9, 8, 5, 7, 9, 7, 7, 5, 6, 9, 6, 9, 6, 9, 6, 9, 8, 9, 6, 7, 7, 9, 8, 6, 6, 6, 8, 7, 6, 7, 8, 7, 7], [6, 7, 7, 9, 6, 6, 5, 7, 6, 5, 5, 7, 7, 6, 6, 7, 9, 5, 9, 9, 6, 9, 8, 9, 6, 5, 7, 8, 9, 6, 5, 9, 5, 5, 6], [5, 8, 8, 6, 8, 9, 8, 8, 7, 8, 6, 5, 6, 5, 8, 6, 7, 7, 6, 6, 7, 5, 7, 6, 7, 5, 7, 8, 5, 5, 8, 7, 7, 7, 8], [7, 5, 6, 9, 7, 9, 5, 6, 5, 9, 8, 7, 5, 8, 9, 5, 9, 8, 8, 8, 6, 8, 5, 9, 8, 9, 6, 7, 9, 7, 6, 8, 5, 9, 8], [9, 8, 9, 9, 7, 7, 7, 6, 5, 8, 9, 7, 5, 6, 9, 9, 8, 8, 9, 9, 5, 8, 6, 7, 8, 7, 8, 5, 7, 9, 5, 5, 7, 7, 8], [5, 7, 6, 8, 5, 5, 7, 9, 8, 9, 5, 5, 6, 7, 6, 9, 5, 6, 9, 5, 8, 8, 9, 8, 7, 7, 6, 5, 6, 6, 5, 8, 8, 9, 6], [8, 5, 5, 5, 5, 5, 5, 7, 9, 8, 9, 9, 9, 8, 7, 5, 6, 9, 8, 5, 5, 7, 6, 9, 5, 6, 6, 9, 6, 9, 8, 7, 7, 8, 6], [7, 7, 5, 8, 7, 8, 9, 7, 7, 8, 9, 5, 7, 9, 6, 5, 8, 6, 7, 8, 5, 8, 9, 9, 5, 6, 8, 5, 5, 7, 7, 8, 8, 7, 6], [7, 7, 5, 7, 9, 5, 5, 9, 6, 9, 6, 6, 8, 9, 6, 6, 8, 8, 8, 5, 8, 9, 9, 5, 6, 7, 6, 5, 9, 5, 9, 9, 6, 9, 7], [7, 9, 6, 5, 5, 8, 8, 7, 9, 8, 8, 9, 8, 8, 6, 8, 7, 8, 6, 6, 7, 8, 8, 8, 6, 8, 5, 7, 9, 6, 8, 9, 5, 7, 7], [8, 7, 5, 9, 5, 8, 8, 7, 9, 9, 9, 7, 8, 9, 6, 9, 7, 8, 6, 9, 9, 8, 5, 8, 7, 8, 9, 6, 5, 9, 7, 9, 5, 8, 6], [7, 5, 5, 7, 5, 6, 5, 5, 6, 8, 9, 5, 8, 7, 7, 5, 7, 9, 9, 6, 5, 5, 9, 5, 8, 6, 6, 8, 9, 7, 6, 7, 8, 6, 5], [8, 9, 5, 5, 8, 5, 5, 7, 9, 9, 8, 8, 8, 5, 8, 6, 8, 9, 6, 9, 8, 9, 7, 7, 9, 9, 9, 8, 9, 6, 5, 9, 7, 7, 5], [9, 7, 9, 7, 6, 8, 6, 5, 7, 6, 9, 9, 5, 7, 5, 5, 8, 7, 8, 8, 6, 9, 9, 9, 6, 8, 8, 8, 7, 6, 6, 6, 5, 8, 8], [9, 6, 9, 7, 6, 5, 6, 9, 7, 7, 7, 8, 5, 9, 8, 7, 5, 8, 7, 9, 6, 5, 9, 9, 7, 6, 7, 5, 9, 5, 9, 5, 6, 5, 7], [9, 9, 7, 6, 7, 7, 9, 7, 9, 8, 8, 8, 7, 8, 9, 8, 9, 6, 7, 5, 7, 7, 6, 6, 6, 8, 5, 7, 8, 5, 8, 5, 7, 9, 8], [6, 7, 9, 6, 7, 6, 5, 5, 6, 5, 5, 7, 6, 7, 6, 9, 7, 5, 6, 6, 9, 5, 5, 6, 7, 9, 6, 8, 8, 5, 5, 8, 7, 7, 6], [5, 7, 7, 9, 8, 8, 7, 9, 6, 8, 8, 7, 7, 7, 9, 9, 8, 9, 7, 8, 9, 9, 9, 6, 9, 7, 5, 5, 6, 9, 9, 5, 9, 6, 6], [5, 7, 5, 7, 8, 7, 6, 6, 8, 5, 8, 7, 6, 6, 9, 8, 8, 6, 5, 5, 6, 6, 7, 9, 7, 7, 8, 6, 6, 5, 7, 6, 5, 6, 5], [8, 7, 8, 9, 9, 5, 7, 5, 7, 7, 7, 7, 8, 6, 7, 8, 5, 7, 8, 5, 7, 9, 5, 6, 5, 7, 7, 9, 7, 9, 9, 8, 8, 9, 6], [9, 5, 7, 7, 5, 5, 6, 6, 5, 5, 7, 6, 5, 9, 5, 5, 5, 8, 6, 5, 8, 8, 8, 6, 9, 9, 7, 9, 9, 6, 5, 7, 7, 5, 6], [7, 5, 8, 5, 9, 7, 5, 7, 7, 5, 8, 7, 9, 9, 8, 8, 9, 7, 8, 8, 6, 8, 9, 5, 7, 7, 6, 5, 6, 6, 7, 9, 5, 6, 5], [8, 6, 9, 7, 8, 5, 6, 6, 5, 7, 7, 5, 6, 7, 9, 5, 7, 6, 8, 8, 5, 5, 8, 8, 5, 5, 7, 9, 9, 9, 8, 7, 6, 7, 7], [8, 7, 6, 6, 5, 9, 8, 5, 5, 7, 9, 5, 5, 7, 7, 7, 5, 5, 9, 5, 8, 8, 6, 7, 9, 8, 9, 8, 8, 7, 9, 7, 8, 6, 6], [6, 7, 8, 7, 6, 7, 6, 9, 5, 6, 5, 5, 9, 6, 9, 5, 8, 6, 6, 7, 6, 5, 5, 8, 5, 6, 8, 6, 5, 7, 9, 9, 5, 9, 8], [5, 6, 7, 9, 9, 9, 8, 8, 6, 8, 6, 6, 9, 7, 6, 6, 6, 9, 5, 8, 7, 8, 9, 6, 8, 9, 5, 7, 6, 6, 8, 9, 8, 6, 5], [8, 7, 9, 8, 5, 8, 5, 5, 5, 8, 8, 7, 6, 6, 9, 8, 8, 9, 9, 7, 6, 9, 7, 9, 8, 6, 8, 5, 7, 6, 7, 7, 5, 8, 5], [7, 5, 7, 9, 8, 9, 7, 7, 5, 8, 7, 5, 6, 6, 5, 9, 5, 5, 9, 8, 8, 7, 7, 7, 5, 5, 9, 7, 9, 6, 7, 7, 7, 8, 7], [6, 5, 7, 9, 5, 9, 6, 5, 9, 9, 9, 6, 5, 6, 9, 8, 7, 7, 9, 8, 8, 5, 7, 9, 6, 9, 5, 6, 7, 6, 9, 6, 6, 7, 8], [6, 7, 9, 6, 7, 5, 7, 8, 9, 8, 7, 9, 8, 8, 7, 7, 7, 5, 6, 8, 8, 5, 9, 7, 5, 9, 8, 7, 7, 9, 6, 9, 6, 5, 5], [6, 5, 8, 5, 5, 6, 5, 7, 9, 8, 6, 6, 5, 7, 6, 6, 7, 8, 5, 8, 9, 7, 9, 5, 8, 8, 9, 6, 5, 9, 7, 6, 5, 8, 7], [8, 6, 6, 5, 6, 7, 7, 6, 8, 5, 8, 7, 5, 7, 6, 5, 8, 9, 7, 9, 8, 6, 8, 9, 8, 7, 6, 6, 7, 7, 8, 9, 6, 9, 7], [7, 8, 9, 5, 7, 8, 6, 9, 7, 5, 9, 9, 6, 8, 6, 8, 7, 7, 5, 8, 7, 9, 9, 7, 7, 5, 8, 7, 5, 5, 6, 7, 6, 8, 9], [5, 9, 8, 7, 7, 6, 5, 8, 8, 7, 9, 5, 9, 7, 7, 7, 6, 9, 8, 9, 7, 8, 8, 7, 8, 8, 7, 8, 7, 7, 9, 5, 6, 6, 5], [6, 5, 7, 9, 5, 5, 6, 8, 7, 6, 6, 9, 6, 7, 9, 9, 6, 6, 9, 9, 8, 9, 8, 8, 9, 8, 8, 5, 8, 5, 7, 5, 5, 8, 9], [5, 6, 5, 8, 6, 6, 9, 6, 7, 8, 8, 5, 9, 7, 5, 6, 8, 5, 9, 9, 5, 9, 5, 9, 6, 7, 5, 7, 5, 6, 9, 5, 7, 7, 7], [6, 8, 5, 5, 8, 7, 5, 9, 9, 5, 9, 8, 7, 9, 9, 7, 8, 8, 7, 9, 5, 5, 6, 5, 8, 8, 9, 5, 8, 5, 6, 5, 8, 6, 7], [8, 8, 6, 7, 6, 5, 9, 8, 9, 9, 9, 7, 7, 6, 8, 5, 6, 6, 8, 7, 6, 6, 9, 7, 7, 6, 9, 9, 8, 5, 9, 9, 6, 5, 9], [7, 5, 6, 9, 5, 7, 9, 5, 9, 6, 8, 7, 9, 5, 7, 8, 6, 5, 6, 9, 8, 8, 8, 9, 7, 8, 8, 7, 6, 7, 8, 8, 8, 6, 7], [6, 7, 8, 8, 9, 8, 6, 7, 7, 5, 9, 8, 7, 5, 9, 7, 5, 7, 8, 7, 7, 7, 9, 9, 9, 5, 7, 6, 7, 8, 7, 6, 9, 6, 6], [7, 5, 9, 9, 9, 6, 5, 9, 9, 7, 7, 9, 7, 8, 7, 8, 5, 6, 9, 9, 8, 9, 9, 8, 8, 7, 7, 9, 7, 9, 8, 6, 9, 8, 9], [7, 6, 9, 6, 7, 7, 5, 5, 7, 5, 5, 5, 5, 6, 6, 6, 6, 7, 9, 9, 9, 6, 6, 9, 7, 6, 5, 8, 7, 9, 9, 7, 9, 8, 8], [6, 6, 9, 8, 9, 8, 8, 9, 6, 8, 5, 9, 9, 8, 6, 8, 6, 6, 6, 8, 6, 6, 7, 8, 7, 9, 8, 7, 7, 7, 6, 8, 5, 8, 9], [8, 5, 8, 5, 9, 6, 7, 7, 9, 7, 9, 8, 5, 5, 8, 9, 8, 9, 6, 8, 9, 7, 5, 8, 7, 7, 6, 5, 7, 8, 7, 8, 8, 8, 7], [5, 9, 7, 8, 6, 9, 7, 5, 6, 6, 5, 7, 6, 5, 7, 7, 8, 5, 7, 5, 8, 6, 8, 9, 6, 5, 8, 5, 7, 5, 8, 5, 5, 9, 6], [8, 7, 6, 7, 7, 9, 7, 5, 7, 5, 8, 9, 5, 5, 7, 8, 6, 8, 6, 6, 8, 6, 8, 5, 8, 8, 5, 5, 5, 8, 8, 7, 9, 9, 7], [6, 5, 5, 6, 9, 5, 9, 7, 6, 8, 5, 5, 5, 7, 9, 6, 5, 7, 8, 9, 6, 5, 7, 9, 6, 8, 9, 7, 9, 5, 7, 5, 6, 6, 8], [9, 6, 9, 8, 5, 7, 5, 5, 8, 5, 6, 9, 5, 8, 8, 6, 6, 5, 8, 6, 7, 8, 5, 9, 5, 5, 5, 7, 7, 7, 8, 8, 7, 9, 6], [5, 7, 9, 9, 6, 9, 6, 7, 9, 5, 8, 8, 8, 5, 9, 9, 6, 7, 9, 5, 5, 5, 9, 5, 8, 9, 9, 9, 7, 7, 5, 8, 8, 6, 8], [7, 5, 6, 5, 5, 6, 6, 5, 6, 9, 5, 8, 8, 8, 9, 5, 7, 9, 5, 8, 8, 6, 8, 5, 5, 9, 7, 9, 5, 8, 6, 8, 7, 9, 9]]
Demand for each product in each period d: 
[[48, 27, 9, 35, 13, 22, 49, 33, 47, 12, 0, 37, 19, 39, 3, 34, 29, 26, 42, 47, 23, 49, 23, 44, 32, 41, 18, 14, 27, 25, 44, 22, 39, 10, 33], [30, 47, 35, 33, 41, 13, 11, 21, 45, 11, 40, 5, 5, 2, 0, 47, 2, 30, 15, 42, 13, 40, 45, 26, 12, 26, 30, 33, 31, 0, 38, 42, 45, 4, 27], [45, 32, 2, 19, 49, 25, 11, 28, 40, 17, 12, 34, 43, 0, 17, 29, 33, 1, 49, 49, 28, 37, 1, 0, 42, 21, 34, 20, 24, 0, 30, 44, 15, 31, 11], [45, 42, 0, 3, 36, 27, 12, 30, 1, 41, 5, 7, 16, 46, 29, 45, 0, 14, 0, 17, 8, 18, 14, 33, 49, 25, 17, 36, 32, 38, 41, 49, 30, 49, 32], [35, 24, 49, 4, 26, 16, 17, 1, 40, 48, 47, 35, 19, 7, 47, 43, 30, 5, 34, 25, 44, 2, 30, 3, 25, 41, 0, 23, 28, 15, 27, 16, 18, 25, 42], [25, 33, 14, 9, 27, 35, 12, 12, 5, 25, 48, 24, 18, 31, 5, 28, 46, 34, 6, 49, 33, 49, 15, 28, 34, 19, 49, 0, 2, 19, 49, 15, 30, 48, 28], [22, 20, 29, 38, 37, 26, 28, 36, 3, 9, 47, 13, 32, 26, 0, 15, 20, 43, 33, 46, 29, 8, 1, 3, 36, 18, 6, 27, 40, 2, 26, 16, 37, 16, 22], [47, 32, 33, 30, 33, 45, 21, 32, 20, 37, 42, 12, 23, 40, 6, 5, 8, 1, 45, 41, 9, 17, 37, 38, 18, 44, 14, 48, 7, 44, 40, 39, 44, 18, 13], [29, 16, 31, 35, 29, 11, 29, 46, 11, 0, 18, 19, 40, 4, 0, 6, 27, 18, 7, 28, 26, 12, 0, 0, 3, 3, 40, 0, 40, 23, 14, 0, 9, 47, 0], [22, 19, 14, 0, 3, 34, 1, 11, 42, 32, 16, 46, 13, 9, 7, 0, 10, 1, 28, 19, 6, 30, 36, 47, 10, 6, 0, 38, 13, 41, 8, 41, 40, 22, 35], [15, 1, 24, 0, 36, 9, 16, 28, 14, 47, 9, 21, 10, 5, 42, 24, 26, 21, 1, 0, 17, 31, 12, 16, 0, 2, 45, 20, 11, 10, 0, 24, 42, 27, 6], [0, 49, 1, 3, 40, 1, 33, 29, 35, 0, 6, 10, 46, 35, 41, 25, 26, 46, 34, 28, 13, 5, 5, 27, 23, 7, 17, 47, 24, 36, 38, 33, 31, 40, 5], [38, 6, 45, 17, 0, 7, 23, 42, 26, 44, 38, 0, 41, 40, 38, 0, 21, 12, 29, 3, 15, 27, 36, 16, 14, 37, 39, 36, 4, 49, 40, 0, 0, 0, 24], [48, 17, 41, 25, 31, 46, 4, 2, 25, 35, 32, 1, 1, 28, 0, 0, 0, 33, 33, 29, 36, 29, 25, 6, 23, 45, 0, 5, 20, 22, 14, 26, 37, 22, 39], [28, 11, 7, 4, 30, 1, 14, 15, 24, 18, 23, 20, 41, 9, 10, 0, 11, 42, 45, 40, 34, 17, 16, 35, 27, 36, 5, 33, 24, 21, 44, 9, 44, 15, 12], [10, 26, 9, 17, 34, 14, 23, 40, 25, 14, 15, 36, 0, 2, 48, 38, 47, 17, 7, 3, 38, 48, 21, 48, 33, 4, 31, 28, 39, 37, 7, 32, 24, 0, 46], [18, 1, 35, 32, 21, 44, 29, 32, 44, 0, 35, 10, 43, 37, 19, 30, 20, 46, 34, 1, 24, 20, 21, 32, 22, 23, 36, 32, 6, 36, 48, 17, 5, 40, 22], [14, 21, 36, 10, 14, 49, 37, 0, 24, 20, 26, 19, 9, 20, 47, 23, 0, 23, 15, 49, 21, 2, 24, 12, 41, 32, 20, 30, 12, 4, 14, 26, 10, 22, 25], [5, 40, 2, 39, 21, 34, 46, 10, 33, 3, 18, 2, 49, 0, 7, 8, 28, 30, 31, 3, 32, 0, 47, 32, 26, 31, 38, 2, 3, 9, 45, 21, 43, 12, 10], [38, 44, 34, 19, 35, 2, 33, 0, 8, 32, 35, 28, 0, 14, 13, 0, 0, 31, 4, 47, 48, 18, 41, 7, 12, 43, 42, 31, 27, 21, 23, 40, 8, 18, 39], [10, 9, 17, 28, 0, 7, 42, 25, 29, 45, 3, 47, 9, 20, 27, 29, 0, 5, 9, 25, 45, 36, 19, 13, 38, 33, 21, 0, 28, 20, 28, 15, 38, 23, 6], [3, 15, 41, 44, 41, 32, 21, 38, 31, 41, 24, 11, 1, 20, 40, 11, 13, 32, 4, 6, 48, 21, 0, 25, 37, 25, 36, 45, 4, 26, 7, 44, 8, 7, 45], [7, 40, 24, 10, 22, 18, 38, 2, 1, 25, 45, 7, 43, 42, 28, 9, 35, 47, 25, 8, 0, 18, 45, 1, 40, 0, 48, 2, 23, 17, 32, 40, 2, 41, 9], [39, 44, 44, 1, 16, 47, 28, 47, 7, 49, 39, 0, 27, 39, 5, 2, 16, 14, 24, 2, 45, 16, 37, 41, 46, 19, 10, 29, 33, 5, 49, 20, 31, 7, 48], [41, 17, 41, 0, 38, 5, 9, 20, 48, 1, 37, 6, 49, 1, 0, 36, 32, 4, 18, 26, 49, 1, 42, 1, 0, 40, 23, 33, 45, 29, 44, 26, 37, 0, 20], [30, 21, 32, 12, 42, 39, 32, 1, 42, 24, 46, 32, 9, 10, 3, 10, 25, 10, 0, 31, 45, 24, 43, 19, 25, 25, 26, 7, 41, 47, 7, 35, 40, 31, 21], [4, 46, 46, 38, 34, 8, 32, 10, 8, 25, 15, 0, 2, 15, 16, 5, 11, 6, 44, 44, 4, 49, 0, 28, 9, 17, 32, 8, 1, 21, 37, 29, 44, 7, 14], [17, 24, 11, 19, 19, 5, 18, 20, 16, 8, 45, 11, 20, 6, 45, 39, 25, 22, 37, 34, 43, 28, 18, 42, 4, 43, 21, 9, 37, 43, 13, 20, 38, 5, 23], [10, 16, 11, 0, 33, 34, 45, 23, 18, 41, 23, 4, 40, 1, 7, 22, 10, 15, 35, 4, 35, 22, 0, 26, 36, 12, 35, 39, 10, 29, 16, 28, 7, 26, 42], [0, 32, 27, 23, 19, 22, 12, 43, 13, 24, 29, 4, 14, 13, 35, 27, 7, 45, 0, 39, 40, 5, 29, 48, 33, 16, 9, 14, 35, 9, 49, 45, 19, 0, 9], [0, 34, 19, 8, 33, 24, 49, 49, 36, 38, 0, 11, 13, 34, 34, 29, 7, 0, 23, 19, 1, 0, 40, 43, 38, 39, 5, 13, 32, 4, 30, 7, 21, 10, 0], [39, 33, 45, 8, 33, 14, 18, 3, 4, 28, 10, 26, 10, 49, 1, 29, 14, 20, 18, 17, 21, 43, 8, 28, 10, 10, 30, 29, 33, 31, 13, 36, 39, 18, 28], [45, 15, 0, 21, 34, 20, 49, 0, 19, 45, 15, 31, 29, 31, 40, 45, 33, 31, 38, 1, 3, 13, 3, 23, 48, 18, 10, 30, 22, 40, 35, 36, 45, 32, 4], [46, 43, 6, 38, 48, 18, 20, 6, 15, 44, 33, 9, 0, 0, 34, 28, 6, 24, 16, 10, 37, 41, 27, 15, 22, 21, 23, 0, 30, 5, 34, 23, 45, 32, 15], [42, 10, 0, 36, 28, 45, 25, 0, 41, 15, 22, 16, 35, 21, 23, 0, 20, 18, 7, 42, 34, 21, 21, 41, 26, 6, 40, 40, 7, 33, 0, 15, 25, 45, 28], [38, 33, 22, 10, 41, 39, 19, 27, 0, 8, 3, 18, 9, 7, 1, 12, 6, 25, 47, 34, 31, 35, 27, 10, 13, 38, 19, 6, 14, 20, 19, 9, 43, 36, 19], [30, 31, 28, 48, 28, 0, 15, 0, 34, 14, 26, 40, 15, 21, 22, 27, 3, 6, 0, 15, 8, 36, 31, 32, 22, 39, 49, 35, 23, 27, 9, 19, 43, 48, 35], [43, 8, 17, 2, 5, 23, 44, 22, 30, 8, 42, 36, 2, 30, 7, 22, 2, 39, 12, 15, 48, 16, 47, 20, 38, 39, 23, 14, 31, 33, 35, 15, 11, 32, 0], [14, 35, 35, 5, 4, 32, 44, 45, 0, 48, 49, 10, 33, 36, 24, 26, 40, 34, 33, 21, 40, 41, 38, 21, 0, 45, 31, 27, 32, 4, 5, 44, 10, 19, 35], [7, 31, 27, 20, 15, 29, 33, 6, 7, 4, 7, 4, 2, 30, 2, 48, 13, 26, 10, 13, 5, 40, 45, 0, 30, 37, 26, 30, 40, 13, 18, 24, 47, 11, 23], [10, 3, 43, 2, 44, 35, 15, 0, 39, 29, 2, 8, 10, 10, 45, 14, 0, 32, 1, 48, 40, 14, 32, 13, 23, 15, 7, 34, 38, 29, 40, 36, 22, 17, 12], [0, 31, 43, 39, 21, 43, 0, 36, 31, 7, 40, 35, 31, 30, 14, 23, 26, 1, 17, 36, 10, 7, 35, 9, 13, 34, 0, 45, 26, 39, 13, 24, 25, 37, 0], [39, 25, 11, 13, 4, 36, 17, 5, 37, 23, 0, 28, 24, 15, 4, 31, 15, 0, 0, 12, 17, 0, 17, 2, 35, 2, 7, 2, 43, 41, 0, 27, 34, 13, 10], [0, 37, 14, 45, 0, 41, 45, 25, 4, 5, 42, 17, 27, 41, 0, 21, 37, 27, 26, 19, 0, 0, 32, 14, 3, 23, 45, 47, 26, 25, 49, 43, 42, 12, 9], [10, 38, 44, 20, 0, 0, 45, 25, 49, 13, 29, 29, 9, 43, 14, 35, 8, 0, 17, 47, 21, 7, 16, 24, 49, 11, 0, 20, 22, 36, 27, 29, 20, 8, 5], [1, 19, 6, 42, 10, 15, 26, 41, 26, 45, 29, 0, 23, 0, 24, 35, 25, 11, 46, 32, 42, 25, 3, 43, 41, 16, 43, 35, 41, 42, 3, 14, 18, 35, 7], [44, 34, 0, 32, 26, 49, 12, 37, 26, 42, 32, 34, 32, 10, 16, 7, 36, 49, 14, 35, 38, 12, 34, 6, 16, 17, 0, 39, 22, 29, 24, 0, 7, 38, 26], [0, 5, 30, 10, 15, 28, 34, 23, 20, 11, 11, 8, 29, 31, 38, 10, 40, 0, 44, 36, 43, 33, 3, 6, 2, 32, 48, 19, 19, 5, 47, 28, 48, 10, 30], [25, 27, 4, 14, 24, 31, 4, 37, 31, 43, 43, 47, 45, 1, 35, 28, 48, 5, 31, 2, 7, 17, 42, 8, 46, 9, 34, 41, 21, 0, 21, 14, 15, 29, 14], [49, 47, 30, 27, 34, 14, 32, 48, 13, 43, 24, 19, 9, 29, 2, 9, 3, 15, 41, 0, 14, 9, 13, 48, 31, 9, 45, 33, 22, 37, 42, 9, 49, 40, 0], [47, 8, 46, 47, 44, 38, 20, 20, 9, 12, 11, 13, 45, 18, 1, 46, 0, 46, 8, 25, 0, 26, 11, 0, 13, 16, 0, 4, 20, 21, 23, 1, 22, 29, 26], [49, 29, 19, 43, 40, 14, 28, 29, 26, 24, 40, 32, 8, 33, 6, 16, 2, 39, 49, 22, 42, 4, 35, 14, 32, 8, 28, 0, 32, 1, 41, 25, 6, 21, 36], [8, 17, 39, 5, 20, 32, 41, 42, 43, 34, 27, 18, 0, 45, 45, 30, 21, 44, 39, 20, 15, 4, 30, 20, 26, 21, 28, 32, 17, 5, 25, 0, 36, 39, 18], [35, 0, 19, 8, 40, 12, 30, 25, 0, 3, 44, 2, 0, 22, 22, 15, 36, 43, 12, 28, 12, 16, 4, 39, 4, 20, 26, 42, 8, 32, 20, 37, 28, 11, 3], [13, 17, 7, 26, 30, 8, 38, 0, 39, 22, 22, 5, 38, 42, 14, 3, 20, 2, 31, 37, 38, 8, 0, 48, 33, 39, 21, 17, 48, 45, 48, 25, 26, 14, 40]]
Maintenance cost in each period m: 
[71179, 71365, 69490, 71058, 69796, 69196, 71042, 71810, 71548, 71773, 69777, 69028, 69817, 69933, 71663, 71101, 71986, 68943, 69516, 70474, 70957, 70017, 68688, 70709, 71751, 70757, 68738, 71465, 69692, 68616, 68742, 70935, 69466, 71942, 69988]
Maximum capacity of the machine cmax: 
2310