Set of periods in the planning horizon T: 
45
Set of products P: 
60
Capacity reduction coefficient alpha: 
0.8
Relative decrease of capacity per set up gamma: 
0.23
Capacity reduction coefficient due to product types beta: 
[0.33, 0.27, 0.22, 0.35, 0.25, 0.35, 0.28, 0.39, 0.27, 0.28, 0.22, 0.23, 0.23, 0.31, 0.21, 0.32, 0.29, 0.28, 0.38, 0.24, 0.23, 0.23, 0.32, 0.33, 0.32, 0.37, 0.33, 0.33, 0.31, 0.23, 0.32, 0.31, 0.36, 0.36, 0.27, 0.24, 0.2, 0.33, 0.3, 0.39, 0.27, 0.28, 0.31, 0.25, 0.25, 0.24, 0.24, 0.29, 0.3, 0.25, 0.35, 0.4, 0.27, 0.34, 0.3, 0.26, 0.34, 0.25, 0.27, 0.33]
Fixed production cost of each product in each period f: 
[[950, 734, 823, 625, 855, 676, 862, 851, 754, 945, 918, 917, 677, 584, 699, 697, 567, 884, 707, 859, 696, 698, 596, 649, 899, 958, 644, 596, 609, 728, 547, 510, 570, 734, 616, 689, 753, 803, 986, 828, 906, 535, 876, 606, 950], [941, 998, 746, 645, 741, 579, 654, 524, 939, 875, 558, 759, 564, 770, 544, 709, 754, 882, 602, 710, 602, 546, 933, 933, 529, 607, 642, 881, 965, 940, 679, 849, 969, 859, 966, 713, 585, 832, 641, 797, 634, 948, 716, 580, 950], [616, 516, 770, 955, 693, 538, 727, 893, 860, 936, 598, 882, 568, 630, 564, 726, 711, 602, 689, 786, 741, 527, 533, 686, 918, 819, 762, 616, 544, 563, 889, 889, 822, 794, 935, 709, 967, 873, 548, 814, 654, 602, 813, 839, 760], [625, 865, 933, 827, 585, 604, 930, 919, 855, 996, 557, 681, 539, 703, 987, 609, 545, 657, 891, 949, 568, 563, 841, 546, 624, 765, 828, 518, 636, 709, 550, 841, 520, 941, 723, 663, 672, 944, 945, 612, 801, 749, 764, 919, 765], [974, 557, 837, 609, 745, 740, 525, 799, 727, 735, 830, 654, 530, 891, 584, 653, 874, 578, 737, 737, 645, 706, 729, 549, 553, 901, 538, 941, 537, 768, 819, 982, 809, 784, 842, 746, 646, 524, 732, 942, 565, 813, 654, 670, 689], [563, 643, 832, 666, 764, 644, 507, 552, 600, 549, 932, 628, 586, 605, 829, 559, 592, 572, 833, 543, 884, 961, 651, 975, 612, 661, 598, 890, 656, 764, 804, 619, 821, 645, 664, 814, 550, 533, 673, 696, 886, 568, 909, 563, 620], [551, 661, 791, 724, 552, 577, 635, 589, 938, 890, 997, 567, 522, 536, 559, 521, 999, 896, 892, 815, 835, 970, 525, 907, 801, 770, 898, 921, 637, 804, 982, 606, 525, 970, 689, 966, 880, 981, 920, 937, 706, 683, 806, 958, 863], [788, 989, 726, 990, 987, 606, 779, 858, 871, 752, 599, 823, 971, 554, 547, 806, 589, 560, 605, 664, 871, 717, 655, 669, 707, 862, 874, 705, 894, 846, 833, 718, 650, 666, 988, 896, 632, 726, 789, 556, 548, 694, 926, 891, 713], [831, 560, 573, 652, 642, 666, 707, 789, 510, 599, 553, 732, 940, 746, 975, 583, 672, 983, 827, 942, 748, 820, 871, 860, 584, 537, 650, 623, 835, 847, 771, 561, 599, 580, 760, 670, 756, 860, 716, 963, 506, 975, 852, 655, 940], [917, 790, 833, 868, 922, 888, 828, 584, 831, 932, 969, 616, 993, 668, 745, 795, 967, 768, 606, 814, 982, 701, 562, 754, 810, 806, 812, 547, 973, 961, 714, 572, 591, 537, 658, 588, 911, 719, 905, 844, 622, 981, 581, 504, 771], [797, 848, 686, 967, 675, 744, 971, 834, 749, 795, 939, 871, 622, 507, 683, 787, 726, 618, 778, 543, 753, 578, 734, 907, 745, 610, 743, 954, 749, 683, 977, 982, 964, 989, 623, 983, 797, 589, 580, 813, 746, 847, 925, 757, 551], [891, 688, 749, 691, 949, 592, 869, 908, 950, 980, 969, 508, 946, 816, 678, 667, 543, 741, 920, 893, 557, 608, 956, 838, 994, 988, 677, 843, 938, 983, 546, 860, 508, 825, 845, 786, 795, 594, 762, 999, 577, 692, 855, 629, 645], [834, 703, 507, 942, 946, 802, 889, 662, 987, 816, 525, 844, 647, 569, 773, 990, 908, 767, 993, 609, 532, 955, 993, 816, 841, 930, 623, 525, 787, 977, 551, 518, 533, 557, 706, 785, 895, 888, 558, 991, 784, 652, 731, 878, 991], [510, 658, 844, 815, 987, 989, 589, 963, 512, 844, 589, 883, 966, 781, 655, 640, 781, 915, 873, 723, 616, 902, 524, 609, 614, 533, 658, 737, 921, 519, 587, 844, 893, 613, 719, 618, 937, 713, 953, 827, 713, 612, 781, 608, 753], [988, 510, 854, 650, 669, 564, 857, 967, 625, 812, 959, 989, 822, 770, 761, 784, 919, 569, 868, 743, 985, 796, 837, 964, 882, 765, 831, 846, 521, 682, 807, 621, 722, 593, 876, 762, 584, 923, 798, 579, 610, 629, 509, 969, 594], [903, 785, 708, 954, 816, 750, 804, 845, 983, 803, 509, 854, 654, 702, 766, 809, 600, 727, 637, 768, 807, 759, 775, 666, 798, 730, 565, 906, 868, 584, 603, 895, 941, 569, 981, 580, 763, 874, 779, 892, 803, 964, 505, 681, 916], [853, 671, 643, 737, 613, 760, 792, 990, 995, 981, 938, 959, 922, 829, 591, 723, 956, 854, 860, 695, 637, 938, 805, 701, 789, 545, 980, 902, 895, 930, 784, 801, 650, 972, 591, 920, 813, 693, 681, 942, 500, 629, 617, 960, 586], [714, 919, 757, 823, 967, 864, 839, 516, 906, 531, 777, 569, 960, 783, 977, 921, 553, 873, 606, 865, 957, 893, 975, 681, 973, 805, 577, 700, 776, 950, 683, 787, 777, 504, 873, 823, 799, 960, 877, 558, 959, 561, 689, 798, 977], [563, 996, 522, 640, 537, 636, 709, 531, 740, 800, 966, 944, 786, 574, 931, 858, 758, 594, 938, 576, 566, 935, 806, 913, 793, 607, 918, 537, 558, 969, 624, 876, 514, 962, 774, 794, 786, 870, 903, 585, 613, 818, 558, 520, 773], [935, 931, 804, 680, 765, 752, 916, 902, 775, 511, 572, 572, 979, 889, 584, 909, 970, 621, 979, 846, 511, 680, 732, 753, 978, 929, 895, 747, 850, 661, 668, 605, 771, 952, 556, 728, 836, 930, 524, 535, 721, 700, 985, 769, 881], [926, 764, 584, 606, 553, 614, 510, 632, 873, 530, 890, 651, 793, 678, 929, 530, 621, 928, 739, 948, 912, 616, 580, 532, 553, 582, 612, 908, 560, 658, 851, 790, 812, 655, 511, 989, 840, 787, 998, 819, 723, 721, 772, 880, 943], [690, 620, 589, 892, 921, 874, 794, 581, 549, 731, 697, 992, 960, 773, 563, 760, 859, 638, 518, 539, 501, 770, 790, 676, 955, 713, 793, 990, 554, 997, 986, 598, 809, 788, 763, 514, 586, 891, 821, 867, 945, 851, 902, 908, 946], [760, 846, 505, 863, 588, 972, 776, 575, 861, 787, 852, 528, 571, 600, 855, 610, 765, 975, 789, 820, 820, 553, 655, 525, 693, 619, 805, 749, 529, 581, 871, 913, 597, 941, 800, 969, 623, 649, 668, 976, 980, 804, 571, 842, 992], [849, 680, 689, 682, 544, 831, 910, 550, 998, 749, 862, 502, 795, 831, 897, 843, 676, 509, 504, 609, 857, 870, 636, 929, 799, 921, 758, 789, 827, 892, 913, 971, 826, 575, 714, 760, 804, 902, 531, 641, 785, 537, 792, 946, 690], [835, 645, 880, 520, 855, 815, 913, 653, 709, 687, 669, 998, 670, 777, 589, 607, 709, 877, 905, 633, 663, 617, 804, 679, 698, 724, 837, 953, 784, 997, 521, 980, 634, 903, 559, 684, 779, 658, 520, 699, 599, 913, 667, 729, 987], [976, 644, 858, 753, 558, 569, 719, 544, 651, 777, 980, 692, 775, 984, 748, 872, 839, 722, 917, 893, 557, 637, 825, 898, 745, 517, 758, 540, 992, 560, 532, 649, 649, 906, 841, 756, 979, 631, 996, 836, 827, 869, 663, 971, 933], [869, 577, 560, 684, 847, 897, 896, 815, 834, 712, 739, 631, 931, 858, 550, 597, 501, 657, 660, 697, 592, 780, 706, 585, 755, 901, 677, 893, 856, 603, 753, 840, 947, 594, 802, 715, 611, 908, 799, 806, 964, 771, 808, 802, 896], [653, 682, 743, 550, 504, 963, 844, 958, 676, 972, 950, 976, 843, 920, 581, 577, 679, 780, 630, 524, 900, 695, 678, 595, 810, 689, 707, 572, 952, 988, 809, 616, 546, 607, 707, 773, 894, 730, 872, 600, 907, 794, 646, 771, 592], [958, 593, 900, 875, 800, 767, 590, 900, 967, 814, 893, 998, 510, 520, 512, 808, 867, 530, 798, 633, 751, 821, 522, 894, 923, 959, 948, 693, 810, 898, 638, 631, 722, 856, 841, 529, 710, 513, 576, 650, 936, 911, 626, 700, 911], [843, 829, 761, 637, 860, 955, 515, 636, 510, 869, 566, 804, 999, 763, 615, 567, 702, 551, 535, 525, 902, 927, 692, 951, 559, 578, 523, 923, 518, 924, 938, 775, 906, 618, 958, 633, 587, 903, 683, 746, 953, 678, 500, 968, 923], [667, 733, 805, 969, 891, 998, 885, 683, 679, 939, 803, 804, 858, 831, 507, 539, 836, 510, 794, 657, 742, 667, 617, 531, 972, 716, 768, 902, 729, 651, 668, 705, 639, 733, 966, 522, 778, 563, 716, 630, 662, 572, 816, 543, 615], [505, 830, 886, 873, 855, 734, 532, 508, 949, 503, 517, 693, 593, 566, 822, 703, 922, 672, 672, 613, 884, 548, 601, 694, 728, 872, 535, 531, 713, 514, 727, 734, 523, 752, 677, 802, 810, 727, 709, 569, 762, 826, 930, 539, 916], [742, 870, 938, 787, 903, 724, 653, 995, 762, 736, 855, 728, 649, 965, 620, 662, 729, 523, 599, 776, 568, 661, 796, 782, 789, 552, 944, 611, 661, 829, 760, 500, 596, 715, 700, 796, 837, 693, 519, 733, 709, 798, 545, 997, 591], [824, 940, 606, 593, 884, 740, 621, 662, 625, 943, 938, 941, 652, 661, 745, 933, 851, 688, 593, 794, 547, 735, 751, 784, 511, 630, 784, 693, 641, 675, 787, 651, 854, 849, 565, 517, 706, 853, 778, 501, 662, 608, 903, 965, 601], [860, 642, 645, 976, 980, 591, 691, 923, 966, 562, 619, 548, 844, 774, 530, 704, 567, 684, 627, 578, 930, 826, 824, 823, 935, 914, 573, 555, 547, 758, 809, 555, 600, 659, 988, 521, 617, 704, 505, 739, 727, 775, 633, 888, 739], [817, 670, 755, 890, 593, 794, 647, 584, 924, 646, 897, 632, 897, 690, 543, 966, 661, 624, 597, 990, 563, 873, 958, 776, 900, 971, 712, 584, 595, 661, 894, 769, 553, 979, 848, 666, 898, 938, 937, 843, 923, 724, 506, 658, 914], [795, 508, 790, 689, 840, 650, 765, 739, 520, 558, 758, 632, 708, 582, 986, 589, 563, 560, 806, 570, 673, 797, 550, 651, 666, 636, 914, 929, 567, 785, 767, 717, 743, 619, 971, 729, 737, 945, 720, 946, 808, 959, 506, 736, 916], [955, 974, 572, 671, 617, 823, 696, 939, 925, 890, 779, 854, 829, 820, 771, 916, 712, 682, 853, 663, 766, 653, 807, 977, 878, 809, 582, 849, 846, 901, 639, 543, 744, 815, 976, 702, 842, 818, 941, 790, 968, 764, 519, 504, 599], [571, 978, 857, 582, 657, 828, 760, 547, 573, 511, 669, 810, 785, 600, 552, 967, 517, 643, 504, 983, 757, 634, 880, 708, 678, 612, 889, 667, 799, 723, 758, 910, 947, 962, 652, 715, 889, 686, 990, 663, 865, 721, 819, 591, 551], [700, 805, 925, 689, 763, 866, 729, 790, 881, 533, 952, 710, 569, 986, 724, 863, 654, 505, 834, 676, 635, 778, 761, 950, 984, 653, 536, 530, 670, 779, 889, 850, 899, 734, 830, 843, 676, 522, 621, 668, 958, 501, 529, 600, 822], [825, 723, 872, 994, 555, 551, 769, 584, 655, 513, 759, 827, 857, 826, 855, 504, 873, 715, 995, 873, 708, 681, 897, 908, 538, 949, 559, 720, 644, 531, 562, 519, 749, 766, 951, 595, 788, 849, 738, 534, 838, 611, 514, 641, 810], [635, 683, 970, 893, 958, 990, 951, 892, 850, 932, 832, 817, 875, 569, 622, 629, 578, 569, 776, 946, 855, 501, 892, 887, 756, 800, 813, 500, 669, 626, 779, 571, 537, 624, 782, 857, 778, 787, 788, 697, 531, 939, 750, 714, 832], [984, 742, 632, 884, 907, 882, 521, 673, 908, 940, 865, 764, 887, 644, 501, 810, 660, 650, 599, 787, 676, 774, 684, 572, 826, 548, 600, 571, 506, 755, 905, 908, 929, 550, 902, 690, 758, 688, 551, 803, 887, 682, 953, 904, 634], [788, 554, 573, 836, 910, 615, 549, 643, 763, 883, 911, 539, 891, 676, 754, 722, 522, 656, 968, 869, 564, 717, 682, 709, 684, 703, 829, 707, 601, 719, 635, 701, 700, 510, 648, 602, 998, 612, 911, 584, 753, 716, 635, 776, 781], [977, 620, 874, 678, 976, 858, 518, 574, 595, 539, 524, 996, 815, 768, 951, 902, 983, 989, 905, 820, 613, 730, 884, 911, 812, 950, 790, 567, 861, 934, 738, 545, 878, 545, 736, 896, 901, 561, 912, 769, 984, 517, 711, 764, 743], [612, 633, 752, 775, 635, 615, 935, 745, 939, 572, 566, 664, 514, 968, 845, 581, 662, 532, 729, 835, 906, 564, 521, 787, 530, 650, 807, 943, 824, 826, 787, 583, 533, 640, 990, 836, 698, 757, 933, 578, 902, 793, 740, 922, 819], [999, 904, 510, 771, 930, 966, 911, 951, 805, 929, 584, 947, 990, 805, 614, 502, 708, 912, 742, 691, 912, 631, 797, 678, 828, 914, 797, 793, 791, 888, 938, 581, 547, 989, 967, 733, 591, 816, 972, 681, 632, 959, 630, 900, 730], [776, 756, 966, 815, 857, 814, 988, 888, 532, 973, 753, 876, 676, 566, 907, 691, 669, 757, 885, 839, 653, 519, 786, 596, 856, 917, 590, 513, 808, 968, 810, 779, 804, 848, 725, 716, 786, 938, 548, 848, 695, 867, 729, 774, 930], [660, 587, 974, 669, 698, 539, 975, 686, 739, 851, 670, 544, 938, 835, 973, 680, 515, 854, 943, 691, 567, 670, 939, 500, 823, 798, 720, 927, 963, 960, 694, 868, 866, 604, 833, 746, 876, 905, 889, 568, 894, 634, 637, 942, 890], [543, 627, 910, 964, 888, 862, 883, 696, 644, 817, 962, 955, 645, 969, 880, 608, 655, 986, 829, 704, 554, 899, 656, 961, 600, 999, 897, 555, 854, 546, 784, 584, 555, 732, 883, 762, 885, 680, 508, 684, 653, 799, 623, 804, 792], [819, 929, 612, 756, 890, 689, 723, 741, 828, 806, 891, 810, 875, 526, 853, 854, 941, 568, 721, 525, 591, 532, 660, 696, 872, 558, 919, 688, 894, 748, 578, 883, 829, 683, 948, 869, 878, 529, 843, 774, 819, 542, 807, 818, 724], [924, 604, 744, 662, 682, 584, 987, 564, 809, 986, 898, 537, 661, 689, 794, 840, 525, 697, 935, 542, 860, 795, 824, 600, 999, 512, 517, 950, 892, 815, 963, 601, 719, 851, 696, 522, 951, 794, 767, 959, 791, 793, 746, 759, 735], [550, 805, 974, 759, 902, 768, 662, 666, 976, 619, 831, 751, 605, 690, 921, 656, 966, 886, 884, 561, 760, 947, 880, 911, 933, 634, 977, 996, 667, 534, 860, 734, 945, 530, 560, 884, 937, 902, 523, 749, 796, 718, 676, 796, 938], [835, 706, 646, 855, 877, 741, 779, 995, 697, 975, 756, 674, 660, 915, 521, 732, 964, 505, 748, 881, 895, 905, 551, 809, 851, 703, 981, 776, 550, 794, 696, 696, 670, 548, 504, 562, 957, 511, 997, 929, 522, 769, 745, 783, 946], [611, 700, 918, 597, 915, 833, 556, 695, 891, 763, 840, 798, 960, 736, 709, 975, 766, 952, 601, 797, 986, 626, 717, 993, 839, 687, 917, 799, 700, 913, 890, 878, 650, 571, 745, 512, 578, 912, 621, 751, 559, 814, 625, 688, 768], [549, 595, 696, 869, 940, 845, 747, 674, 946, 630, 537, 959, 935, 774, 722, 991, 773, 986, 689, 776, 996, 610, 582, 950, 584, 893, 715, 536, 820, 805, 584, 824, 863, 582, 657, 690, 533, 737, 809, 789, 576, 952, 826, 882, 951], [601, 991, 640, 550, 604, 844, 738, 851, 912, 660, 711, 668, 507, 932, 554, 840, 519, 578, 895, 959, 744, 702, 653, 909, 651, 903, 982, 591, 603, 625, 796, 598, 642, 867, 618, 641, 920, 656, 646, 609, 981, 897, 986, 827, 520], [692, 847, 929, 853, 525, 582, 702, 856, 523, 896, 838, 996, 846, 904, 863, 877, 590, 611, 861, 971, 789, 653, 845, 792, 667, 714, 778, 621, 860, 797, 832, 669, 642, 708, 799, 617, 726, 983, 595, 770, 660, 702, 583, 994, 835], [746, 691, 862, 765, 911, 503, 732, 974, 783, 913, 840, 616, 551, 579, 687, 884, 826, 732, 917, 792, 746, 753, 649, 557, 720, 967, 712, 878, 597, 975, 696, 582, 757, 564, 531, 537, 863, 992, 592, 768, 585, 635, 855, 618, 589], [955, 982, 652, 897, 740, 981, 679, 929, 637, 743, 989, 553, 910, 705, 735, 966, 629, 729, 794, 634, 887, 984, 595, 643, 509, 693, 961, 579, 986, 779, 631, 580, 635, 581, 655, 711, 627, 634, 950, 774, 533, 943, 713, 970, 808]]
Variable production cost per unit of each product in each period p: 
[[10, 12, 12, 13, 10, 10, 13, 13, 11, 10, 12, 13, 11, 11, 12, 10, 13, 12, 12, 11, 12, 10, 10, 11, 12, 10, 11, 13, 12, 11, 10, 12, 12, 12, 12, 13, 12, 13, 10, 12, 10, 10, 12, 13, 11], [10, 12, 11, 13, 11, 12, 10, 11, 11, 12, 11, 11, 11, 13, 12, 13, 11, 10, 11, 13, 11, 11, 13, 10, 12, 10, 10, 11, 10, 13, 13, 12, 13, 13, 10, 13, 11, 11, 11, 13, 10, 12, 12, 11, 10], [11, 12, 11, 11, 13, 13, 10, 10, 12, 11, 12, 12, 12, 13, 12, 13, 11, 12, 12, 13, 10, 13, 12, 13, 13, 12, 10, 10, 11, 12, 12, 11, 11, 10, 12, 13, 12, 12, 13, 11, 11, 10, 11, 11, 10], [12, 12, 10, 10, 10, 12, 12, 12, 13, 12, 13, 10, 11, 12, 10, 10, 10, 11, 10, 12, 12, 11, 11, 11, 13, 12, 10, 12, 10, 10, 13, 12, 13, 10, 10, 13, 10, 11, 13, 10, 11, 11, 11, 10, 12], [13, 12, 13, 13, 13, 10, 12, 11, 13, 13, 10, 11, 11, 10, 11, 11, 13, 10, 12, 12, 10, 10, 10, 13, 13, 13, 13, 11, 10, 12, 10, 10, 12, 13, 11, 12, 10, 11, 10, 10, 11, 12, 11, 11, 10], [10, 11, 11, 11, 12, 12, 11, 12, 13, 10, 10, 12, 13, 10, 13, 12, 13, 11, 11, 13, 10, 11, 13, 12, 10, 13, 12, 12, 12, 12, 10, 13, 13, 13, 13, 12, 13, 11, 11, 11, 13, 13, 11, 10, 13], [10, 10, 12, 10, 10, 12, 10, 11, 13, 11, 10, 11, 10, 13, 11, 12, 12, 11, 13, 10, 13, 13, 10, 13, 12, 11, 10, 11, 12, 13, 13, 10, 11, 13, 13, 12, 10, 11, 10, 13, 12, 13, 13, 13, 11], [12, 11, 11, 11, 10, 12, 11, 12, 11, 10, 10, 11, 11, 10, 10, 10, 11, 11, 10, 11, 10, 13, 10, 13, 12, 11, 11, 11, 13, 12, 12, 12, 11, 13, 12, 13, 11, 13, 10, 10, 12, 10, 12, 12, 13], [12, 13, 10, 10, 12, 13, 13, 12, 10, 11, 13, 12, 10, 10, 11, 13, 13, 11, 11, 10, 11, 12, 12, 10, 13, 12, 13, 11, 12, 11, 11, 13, 12, 13, 11, 13, 10, 10, 11, 12, 13, 11, 13, 10, 13], [10, 12, 11, 10, 11, 10, 11, 10, 13, 13, 10, 12, 10, 12, 11, 10, 10, 10, 13, 12, 13, 11, 11, 13, 11, 11, 11, 13, 12, 12, 11, 11, 11, 10, 12, 10, 13, 11, 12, 13, 10, 12, 13, 12, 13], [11, 11, 11, 10, 12, 12, 13, 13, 12, 10, 12, 13, 12, 13, 11, 13, 11, 13, 11, 11, 12, 12, 11, 10, 13, 12, 13, 11, 12, 13, 11, 10, 10, 13, 10, 12, 11, 12, 11, 11, 12, 11, 11, 12, 13], [13, 11, 11, 10, 10, 10, 12, 11, 12, 11, 10, 12, 12, 13, 12, 11, 10, 11, 11, 10, 10, 13, 11, 10, 11, 11, 13, 13, 12, 11, 10, 13, 10, 10, 12, 12, 13, 10, 13, 12, 11, 13, 12, 11, 13], [10, 11, 12, 13, 13, 10, 11, 12, 12, 13, 13, 13, 10, 13, 12, 13, 13, 13, 12, 13, 10, 12, 12, 13, 12, 10, 10, 10, 13, 10, 10, 13, 13, 11, 12, 11, 10, 10, 12, 12, 10, 11, 11, 12, 13], [13, 12, 13, 12, 10, 10, 10, 11, 12, 10, 10, 12, 10, 12, 13, 11, 12, 12, 10, 11, 10, 11, 12, 11, 13, 10, 12, 13, 10, 10, 11, 13, 13, 10, 10, 10, 10, 13, 10, 13, 11, 13, 13, 10, 10], [10, 11, 11, 10, 10, 10, 12, 13, 11, 10, 12, 13, 11, 10, 11, 11, 11, 10, 10, 12, 13, 12, 10, 10, 12, 11, 11, 11, 11, 13, 13, 11, 11, 11, 11, 10, 13, 12, 11, 10, 12, 11, 11, 10, 11], [12, 11, 13, 12, 11, 11, 10, 11, 12, 11, 13, 10, 12, 13, 12, 12, 10, 13, 12, 12, 12, 13, 12, 10, 13, 13, 12, 10, 13, 10, 11, 11, 13, 10, 13, 10, 10, 10, 13, 13, 10, 10, 12, 11, 10], [13, 10, 10, 10, 13, 10, 10, 10, 12, 13, 11, 11, 13, 10, 13, 11, 11, 12, 10, 13, 11, 13, 12, 10, 13, 13, 12, 13, 12, 10, 11, 11, 11, 12, 11, 11, 11, 12, 11, 12, 13, 13, 13, 11, 10], [10, 12, 10, 12, 12, 12, 13, 11, 12, 10, 10, 13, 13, 11, 12, 12, 11, 11, 11, 11, 12, 10, 10, 11, 12, 12, 10, 10, 13, 10, 13, 13, 12, 13, 13, 10, 10, 12, 12, 11, 12, 10, 11, 13, 13], [12, 13, 13, 13, 10, 12, 11, 10, 12, 10, 10, 11, 13, 11, 13, 13, 11, 10, 12, 13, 10, 10, 10, 13, 10, 12, 11, 13, 13, 11, 11, 12, 12, 13, 13, 10, 11, 10, 10, 13, 10, 10, 11, 12, 11], [12, 12, 12, 13, 11, 13, 13, 11, 11, 10, 10, 10, 13, 10, 10, 13, 13, 12, 13, 12, 13, 10, 12, 11, 10, 13, 11, 11, 11, 13, 11, 12, 10, 12, 10, 11, 11, 12, 13, 11, 11, 10, 13, 13, 13], [10, 13, 11, 12, 11, 11, 11, 13, 13, 13, 11, 12, 10, 13, 11, 13, 11, 11, 11, 10, 12, 11, 10, 12, 11, 13, 11, 12, 13, 11, 11, 13, 11, 11, 13, 10, 12, 10, 13, 12, 13, 13, 13, 10, 12], [13, 13, 12, 13, 13, 13, 10, 11, 10, 12, 13, 10, 11, 10, 13, 11, 10, 11, 11, 11, 12, 13, 10, 11, 11, 10, 13, 11, 13, 13, 11, 11, 12, 10, 12, 10, 12, 10, 11, 11, 13, 12, 11, 10, 12], [10, 10, 13, 13, 11, 13, 10, 10, 11, 10, 10, 10, 12, 11, 10, 11, 11, 12, 11, 11, 12, 12, 10, 10, 11, 10, 10, 13, 12, 11, 10, 11, 10, 11, 11, 13, 12, 11, 11, 12, 11, 10, 10, 13, 10], [11, 13, 11, 11, 12, 10, 13, 12, 10, 13, 13, 12, 11, 13, 12, 10, 13, 11, 13, 12, 12, 12, 10, 12, 10, 13, 10, 12, 13, 11, 11, 11, 11, 10, 13, 11, 13, 13, 11, 12, 11, 13, 11, 12, 10], [10, 13, 12, 10, 11, 13, 11, 12, 11, 11, 11, 13, 12, 12, 10, 10, 10, 10, 11, 11, 11, 11, 11, 11, 12, 13, 12, 12, 10, 10, 12, 13, 12, 12, 10, 11, 11, 13, 11, 11, 11, 12, 13, 13, 10], [13, 13, 11, 10, 11, 11, 11, 10, 10, 11, 12, 11, 13, 12, 10, 10, 13, 12, 12, 11, 10, 13, 10, 12, 10, 11, 10, 12, 10, 13, 10, 13, 10, 11, 12, 12, 11, 12, 10, 11, 13, 10, 12, 12, 12], [12, 10, 10, 10, 12, 11, 12, 11, 12, 11, 13, 12, 12, 13, 13, 11, 13, 13, 10, 10, 11, 12, 13, 11, 11, 13, 12, 12, 12, 10, 13, 10, 11, 13, 12, 13, 13, 13, 12, 11, 10, 11, 12, 12, 13], [12, 11, 11, 13, 11, 12, 11, 12, 11, 13, 10, 11, 10, 10, 11, 10, 10, 13, 12, 12, 11, 10, 11, 11, 10, 12, 10, 12, 10, 13, 12, 13, 11, 10, 11, 13, 10, 11, 13, 10, 13, 10, 11, 12, 10], [13, 12, 13, 11, 12, 12, 11, 13, 13, 11, 13, 12, 10, 10, 13, 13, 10, 12, 11, 12, 13, 13, 13, 11, 13, 12, 10, 13, 12, 13, 13, 13, 11, 10, 13, 11, 10, 13, 12, 10, 11, 11, 12, 10, 13], [12, 13, 10, 13, 10, 12, 11, 10, 11, 12, 13, 10, 12, 13, 11, 10, 10, 11, 11, 13, 12, 13, 13, 11, 10, 11, 10, 10, 13, 10, 11, 11, 11, 13, 12, 11, 12, 12, 11, 12, 10, 13, 12, 12, 10], [10, 12, 13, 11, 13, 10, 11, 11, 11, 10, 12, 13, 11, 13, 12, 12, 13, 13, 12, 11, 13, 13, 11, 10, 11, 11, 12, 13, 13, 11, 12, 11, 13, 13, 13, 11, 10, 10, 11, 13, 11, 10, 12, 13, 13], [12, 13, 12, 10, 11, 13, 13, 11, 11, 13, 10, 12, 12, 10, 11, 13, 10, 12, 10, 13, 12, 11, 10, 10, 12, 13, 13, 11, 13, 13, 12, 11, 10, 13, 13, 11, 10, 11, 10, 13, 11, 13, 11, 10, 10], [11, 11, 11, 13, 10, 11, 12, 12, 12, 11, 11, 10, 11, 13, 11, 12, 12, 12, 10, 11, 13, 11, 13, 10, 13, 10, 12, 12, 11, 11, 11, 12, 13, 10, 12, 12, 13, 10, 12, 10, 11, 12, 13, 10, 10], [11, 10, 13, 13, 10, 11, 13, 13, 10, 10, 13, 13, 10, 10, 13, 13, 11, 12, 13, 12, 11, 12, 11, 10, 13, 11, 11, 10, 10, 10, 12, 10, 11, 13, 10, 13, 10, 11, 10, 12, 12, 11, 13, 11, 11], [10, 10, 11, 13, 10, 11, 13, 13, 11, 10, 11, 12, 13, 12, 10, 10, 11, 13, 10, 13, 13, 10, 13, 11, 11, 13, 13, 13, 12, 13, 12, 10, 13, 13, 11, 10, 13, 10, 12, 11, 11, 10, 13, 11, 13], [10, 10, 13, 13, 12, 12, 13, 10, 13, 10, 10, 10, 13, 12, 13, 13, 13, 12, 11, 13, 11, 11, 10, 10, 13, 13, 10, 13, 10, 11, 11, 10, 13, 10, 11, 11, 13, 12, 12, 10, 12, 11, 12, 12, 13], [10, 10, 13, 10, 10, 11, 11, 11, 13, 10, 11, 11, 12, 10, 12, 12, 10, 12, 12, 10, 13, 12, 10, 10, 13, 12, 12, 10, 11, 11, 10, 11, 12, 11, 10, 13, 11, 11, 11, 11, 12, 10, 10, 12, 10], [13, 10, 13, 10, 13, 12, 10, 10, 11, 11, 13, 10, 12, 12, 11, 12, 11, 10, 10, 13, 12, 12, 10, 12, 10, 11, 10, 11, 13, 12, 12, 10, 10, 12, 10, 11, 10, 13, 13, 11, 13, 13, 12, 11, 13], [10, 13, 12, 11, 11, 11, 11, 10, 10, 12, 13, 13, 11, 12, 10, 13, 13, 11, 13, 13, 10, 13, 11, 10, 13, 10, 10, 11, 12, 11, 10, 12, 12, 13, 13, 12, 12, 11, 13, 12, 10, 10, 13, 13, 11], [10, 11, 11, 11, 10, 13, 11, 13, 11, 12, 12, 11, 11, 13, 11, 12, 10, 13, 12, 12, 10, 12, 11, 12, 11, 12, 11, 10, 11, 11, 11, 11, 10, 12, 11, 10, 12, 13, 10, 13, 12, 13, 13, 11, 12], [12, 10, 10, 13, 12, 10, 13, 13, 13, 13, 11, 11, 10, 10, 10, 11, 10, 12, 12, 13, 10, 11, 11, 13, 13, 13, 10, 10, 10, 13, 12, 10, 10, 12, 13, 10, 12, 11, 11, 12, 11, 11, 12, 11, 10], [13, 12, 10, 10, 11, 11, 10, 11, 12, 13, 11, 13, 12, 12, 13, 11, 11, 11, 11, 12, 11, 13, 12, 12, 11, 10, 10, 10, 12, 12, 11, 12, 13, 11, 12, 12, 10, 12, 13, 11, 12, 12, 13, 12, 13], [12, 10, 13, 10, 12, 13, 11, 12, 13, 11, 12, 12, 11, 10, 13, 12, 11, 12, 12, 10, 10, 13, 12, 12, 12, 11, 12, 10, 10, 10, 12, 10, 11, 13, 12, 11, 13, 11, 12, 12, 11, 11, 13, 13, 12], [12, 12, 12, 10, 13, 11, 13, 10, 12, 10, 11, 13, 11, 13, 12, 12, 12, 13, 10, 12, 10, 11, 11, 13, 12, 13, 10, 12, 12, 11, 10, 13, 11, 10, 11, 10, 12, 13, 12, 10, 10, 12, 11, 13, 12], [10, 13, 10, 10, 11, 10, 10, 10, 11, 11, 11, 10, 13, 12, 11, 12, 12, 11, 12, 11, 12, 10, 11, 11, 12, 10, 10, 13, 13, 10, 11, 13, 10, 12, 11, 10, 11, 13, 10, 10, 12, 11, 11, 11, 12], [11, 11, 11, 10, 12, 13, 13, 11, 12, 10, 10, 11, 12, 10, 13, 13, 13, 11, 12, 13, 10, 13, 12, 13, 13, 11, 11, 11, 12, 11, 13, 10, 11, 10, 11, 13, 10, 11, 12, 11, 10, 11, 13, 12, 13], [11, 13, 12, 11, 10, 13, 13, 11, 13, 11, 11, 11, 13, 10, 11, 12, 12, 12, 10, 13, 11, 13, 13, 11, 12, 11, 11, 10, 11, 12, 13, 10, 12, 13, 12, 13, 11, 10, 13, 12, 12, 11, 13, 11, 11], [12, 10, 12, 10, 12, 12, 12, 10, 10, 12, 11, 13, 12, 10, 11, 10, 10, 12, 12, 11, 12, 13, 10, 11, 12, 11, 13, 13, 10, 13, 13, 13, 11, 13, 12, 13, 13, 10, 10, 11, 10, 10, 13, 13, 13], [11, 12, 12, 11, 10, 12, 11, 10, 11, 12, 11, 11, 10, 13, 10, 13, 12, 10, 12, 13, 12, 10, 10, 13, 11, 11, 10, 13, 13, 13, 12, 11, 11, 11, 12, 12, 12, 12, 10, 12, 13, 13, 13, 13, 11], [13, 10, 13, 12, 13, 12, 10, 13, 10, 13, 10, 12, 12, 10, 12, 11, 13, 11, 13, 12, 11, 13, 10, 12, 12, 13, 11, 10, 12, 13, 11, 11, 13, 12, 10, 11, 12, 11, 13, 13, 11, 11, 12, 12, 13], [12, 13, 13, 11, 10, 13, 13, 11, 12, 12, 10, 13, 12, 10, 10, 12, 10, 12, 12, 11, 12, 12, 11, 12, 11, 10, 10, 12, 13, 13, 12, 12, 10, 12, 10, 12, 12, 11, 12, 10, 12, 11, 10, 11, 11], [13, 10, 13, 10, 13, 11, 11, 12, 11, 11, 12, 13, 12, 13, 13, 11, 10, 12, 10, 10, 11, 11, 12, 11, 11, 11, 10, 12, 12, 11, 11, 10, 13, 12, 11, 12, 12, 13, 13, 10, 11, 11, 10, 10, 10], [10, 11, 11, 10, 12, 13, 13, 11, 11, 10, 12, 10, 10, 11, 13, 11, 13, 11, 13, 10, 11, 11, 10, 11, 11, 10, 12, 13, 13, 12, 12, 11, 13, 13, 11, 11, 11, 11, 11, 12, 13, 13, 11, 10, 12], [12, 10, 13, 12, 13, 10, 11, 11, 13, 12, 12, 13, 12, 12, 11, 13, 10, 13, 13, 11, 13, 11, 12, 12, 12, 10, 12, 13, 10, 12, 11, 11, 10, 13, 12, 10, 11, 13, 11, 10, 10, 13, 12, 13, 12], [11, 13, 10, 13, 11, 13, 10, 13, 13, 10, 10, 13, 10, 13, 10, 12, 13, 10, 10, 12, 13, 13, 10, 11, 10, 11, 11, 11, 10, 11, 10, 11, 10, 12, 12, 10, 12, 13, 12, 13, 10, 13, 12, 11, 11], [12, 11, 11, 10, 11, 13, 13, 11, 13, 12, 11, 11, 12, 12, 11, 11, 10, 10, 10, 11, 12, 10, 10, 12, 13, 11, 12, 13, 10, 10, 11, 13, 11, 11, 11, 10, 11, 11, 13, 11, 12, 12, 11, 12, 13], [10, 11, 12, 10, 11, 10, 11, 13, 13, 12, 13, 10, 10, 12, 12, 10, 12, 12, 12, 11, 10, 10, 13, 13, 10, 12, 12, 13, 11, 10, 12, 12, 11, 10, 12, 11, 11, 12, 11, 11, 11, 10, 13, 13, 12], [11, 11, 13, 11, 10, 12, 13, 10, 11, 13, 13, 11, 13, 11, 11, 13, 10, 11, 13, 13, 12, 11, 10, 13, 12, 11, 13, 10, 10, 12, 13, 10, 13, 10, 13, 13, 13, 12, 11, 12, 13, 11, 10, 12, 11], [10, 13, 10, 10, 13, 13, 10, 10, 12, 10, 10, 11, 13, 13, 13, 13, 11, 10, 11, 12, 11, 11, 13, 12, 12, 13, 10, 11, 11, 12, 13, 13, 12, 13, 12, 10, 12, 13, 13, 13, 12, 11, 10, 12, 13], [11, 13, 12, 13, 10, 10, 11, 11, 11, 11, 13, 10, 10, 10, 12, 12, 11, 12, 10, 11, 12, 10, 10, 10, 10, 11, 10, 10, 10, 12, 11, 10, 11, 10, 10, 11, 10, 12, 12, 10, 10, 11, 10, 13, 13]]
Inventory holding cost per unit of each product by the end of each period h: 
[[5, 9, 7, 5, 9, 9, 9, 7, 6, 7, 7, 9, 9, 7, 7, 6, 9, 7, 9, 5, 6, 7, 8, 6, 5, 9, 9, 8, 5, 6, 5, 7, 6, 6, 9, 7, 7, 5, 6, 5, 8, 8, 6, 5, 6], [5, 7, 6, 6, 9, 6, 6, 7, 9, 8, 6, 6, 9, 9, 7, 8, 6, 6, 9, 8, 9, 7, 9, 8, 8, 5, 8, 8, 8, 9, 9, 8, 7, 9, 6, 6, 7, 8, 6, 6, 5, 6, 6, 8, 9], [5, 6, 9, 8, 7, 7, 6, 7, 5, 6, 5, 8, 6, 6, 5, 8, 9, 6, 9, 8, 9, 8, 5, 5, 5, 6, 9, 7, 5, 7, 9, 7, 9, 9, 6, 8, 6, 6, 6, 5, 5, 6, 7, 9, 8], [9, 7, 6, 9, 7, 7, 8, 8, 9, 7, 5, 8, 8, 9, 6, 5, 6, 8, 8, 5, 9, 7, 6, 5, 9, 5, 7, 7, 9, 9, 5, 8, 5, 8, 8, 7, 9, 9, 7, 6, 8, 5, 8, 5, 7], [9, 8, 8, 8, 6, 7, 5, 7, 6, 8, 5, 9, 5, 8, 8, 5, 9, 5, 7, 8, 6, 6, 5, 9, 6, 7, 8, 8, 6, 8, 6, 5, 9, 5, 9, 6, 9, 5, 6, 7, 9, 5, 7, 7, 9], [6, 9, 8, 8, 8, 6, 9, 7, 9, 5, 8, 5, 7, 6, 7, 5, 9, 5, 6, 9, 9, 6, 8, 6, 6, 8, 7, 8, 6, 7, 9, 9, 8, 5, 9, 7, 6, 5, 5, 6, 9, 8, 6, 5, 5], [6, 5, 9, 5, 9, 7, 7, 5, 8, 9, 5, 9, 9, 7, 7, 9, 8, 9, 8, 6, 9, 9, 7, 8, 8, 6, 9, 6, 7, 8, 8, 9, 6, 6, 7, 7, 7, 9, 7, 5, 5, 5, 7, 6, 5], [6, 6, 9, 5, 5, 7, 5, 9, 6, 5, 9, 6, 8, 5, 6, 8, 8, 6, 5, 7, 7, 7, 9, 6, 6, 7, 9, 7, 9, 9, 5, 5, 8, 9, 5, 6, 5, 7, 6, 6, 5, 7, 8, 6, 9], [5, 5, 9, 8, 7, 9, 6, 7, 6, 8, 9, 6, 6, 8, 7, 9, 5, 6, 9, 5, 6, 9, 6, 6, 8, 5, 6, 8, 5, 7, 9, 7, 7, 5, 9, 8, 6, 5, 9, 9, 5, 9, 6, 7, 5], [7, 6, 8, 6, 7, 8, 5, 6, 7, 5, 6, 5, 7, 5, 9, 6, 6, 6, 7, 5, 6, 5, 6, 5, 7, 7, 5, 9, 6, 9, 8, 6, 5, 8, 7, 5, 6, 5, 6, 8, 5, 5, 8, 9, 9], [9, 9, 8, 6, 9, 5, 7, 9, 8, 6, 8, 5, 6, 5, 9, 6, 8, 5, 8, 7, 9, 6, 9, 9, 5, 7, 5, 7, 6, 7, 7, 8, 9, 8, 7, 7, 6, 8, 7, 6, 5, 7, 8, 8, 6], [8, 9, 6, 6, 8, 7, 7, 9, 6, 6, 7, 5, 7, 8, 8, 8, 9, 7, 7, 7, 6, 8, 8, 8, 5, 8, 6, 9, 7, 9, 9, 8, 7, 9, 6, 6, 5, 8, 8, 8, 7, 6, 9, 9, 6], [9, 7, 9, 5, 8, 9, 5, 8, 7, 6, 8, 7, 9, 9, 7, 8, 7, 6, 9, 7, 6, 5, 6, 8, 7, 7, 5, 5, 7, 8, 7, 5, 6, 6, 6, 9, 9, 5, 8, 5, 9, 6, 6, 7, 7], [7, 8, 5, 5, 5, 8, 6, 6, 6, 6, 8, 9, 9, 9, 5, 9, 5, 9, 9, 6, 6, 8, 7, 9, 8, 8, 7, 6, 8, 8, 9, 7, 7, 7, 7, 6, 6, 9, 7, 5, 5, 7, 8, 5, 5], [7, 9, 7, 5, 5, 7, 7, 9, 8, 6, 9, 7, 6, 6, 7, 9, 5, 6, 8, 5, 6, 7, 7, 7, 8, 5, 5, 9, 8, 7, 6, 7, 8, 8, 8, 7, 7, 8, 6, 9, 9, 6, 6, 7, 6], [9, 8, 9, 9, 8, 6, 9, 9, 7, 7, 8, 5, 8, 9, 5, 6, 7, 5, 9, 5, 8, 9, 9, 6, 9, 8, 9, 8, 8, 8, 5, 8, 9, 5, 8, 5, 7, 6, 6, 5, 5, 9, 7, 9, 6], [7, 6, 5, 7, 8, 5, 7, 6, 6, 9, 5, 6, 5, 8, 9, 9, 6, 9, 9, 5, 6, 7, 7, 7, 8, 5, 7, 9, 7, 8, 6, 6, 8, 6, 7, 6, 7, 9, 5, 6, 6, 9, 7, 9, 5], [6, 9, 8, 9, 9, 8, 6, 9, 9, 9, 6, 5, 7, 8, 6, 6, 6, 5, 9, 5, 9, 8, 7, 7, 8, 6, 7, 7, 8, 7, 6, 9, 7, 8, 7, 6, 8, 6, 8, 8, 9, 6, 9, 6, 7], [5, 8, 8, 9, 6, 9, 5, 5, 6, 8, 7, 8, 8, 6, 9, 6, 9, 5, 8, 6, 8, 6, 5, 7, 5, 6, 9, 9, 5, 7, 7, 7, 8, 9, 9, 7, 8, 6, 9, 7, 6, 9, 7, 7, 7], [5, 8, 9, 7, 6, 6, 5, 7, 5, 5, 6, 5, 6, 9, 7, 6, 8, 9, 6, 9, 5, 9, 5, 5, 6, 6, 5, 6, 5, 7, 7, 8, 5, 5, 7, 5, 7, 7, 8, 7, 7, 6, 8, 9, 5], [9, 6, 7, 5, 8, 5, 9, 5, 7, 8, 6, 8, 9, 9, 6, 8, 9, 6, 8, 6, 5, 8, 6, 5, 8, 7, 5, 9, 5, 6, 8, 5, 9, 5, 5, 6, 7, 5, 8, 8, 7, 6, 6, 6, 6], [6, 8, 7, 6, 6, 8, 9, 6, 7, 9, 5, 6, 5, 6, 9, 9, 8, 8, 9, 9, 7, 9, 9, 6, 5, 6, 7, 9, 8, 8, 7, 7, 8, 5, 6, 7, 8, 6, 9, 8, 5, 6, 8, 5, 5], [5, 5, 7, 7, 6, 5, 9, 6, 6, 9, 5, 8, 9, 9, 7, 6, 7, 5, 7, 8, 8, 5, 5, 7, 9, 8, 7, 6, 7, 9, 8, 8, 7, 9, 7, 9, 5, 5, 6, 5, 7, 5, 5, 9, 9], [6, 8, 8, 8, 6, 7, 9, 8, 6, 9, 8, 6, 9, 6, 9, 7, 5, 6, 5, 7, 9, 9, 7, 7, 7, 5, 9, 6, 9, 9, 6, 6, 6, 7, 5, 7, 8, 5, 5, 7, 8, 7, 5, 8, 6], [6, 5, 8, 7, 5, 5, 6, 5, 9, 9, 8, 7, 7, 8, 6, 5, 7, 8, 9, 5, 7, 6, 9, 9, 7, 5, 8, 8, 6, 6, 7, 8, 8, 5, 8, 7, 9, 9, 7, 7, 5, 7, 5, 6, 6], [8, 5, 6, 8, 6, 5, 9, 5, 7, 7, 6, 9, 5, 8, 6, 5, 8, 9, 8, 6, 7, 7, 6, 9, 8, 9, 5, 9, 5, 7, 7, 9, 7, 9, 6, 8, 8, 6, 5, 6, 5, 5, 8, 8, 5], [9, 9, 6, 6, 5, 5, 7, 7, 5, 6, 9, 8, 6, 9, 7, 7, 9, 6, 6, 7, 8, 9, 9, 6, 7, 9, 9, 7, 6, 9, 6, 5, 8, 6, 7, 6, 7, 8, 7, 9, 7, 5, 7, 6, 9], [7, 9, 6, 9, 5, 5, 7, 5, 8, 7, 9, 5, 5, 7, 5, 5, 8, 5, 7, 6, 9, 9, 5, 8, 6, 9, 7, 9, 8, 5, 8, 6, 8, 5, 5, 8, 5, 5, 6, 7, 5, 9, 8, 8, 7], [5, 9, 7, 6, 5, 8, 7, 5, 7, 8, 8, 7, 5, 6, 5, 8, 5, 5, 6, 9, 9, 5, 5, 8, 6, 9, 7, 5, 7, 5, 8, 9, 9, 5, 7, 5, 5, 7, 5, 6, 5, 8, 8, 5, 9], [9, 7, 6, 6, 7, 8, 8, 8, 7, 6, 9, 8, 5, 8, 8, 6, 7, 7, 7, 8, 6, 7, 5, 9, 5, 9, 6, 5, 9, 7, 8, 7, 6, 5, 5, 7, 8, 7, 9, 8, 5, 8, 5, 8, 5], [7, 6, 9, 9, 7, 8, 7, 5, 9, 5, 5, 6, 8, 6, 7, 9, 7, 8, 7, 5, 6, 5, 5, 7, 6, 7, 5, 7, 6, 8, 7, 8, 9, 9, 7, 9, 5, 8, 9, 5, 7, 8, 7, 9, 5], [6, 8, 5, 7, 6, 6, 6, 5, 8, 6, 6, 7, 8, 7, 9, 6, 7, 8, 8, 6, 9, 5, 5, 8, 6, 9, 5, 9, 7, 6, 7, 6, 8, 8, 6, 9, 9, 8, 9, 6, 5, 7, 8, 8, 9], [5, 5, 9, 6, 8, 5, 7, 7, 8, 6, 8, 7, 6, 5, 7, 5, 7, 6, 5, 6, 6, 8, 5, 6, 9, 5, 6, 8, 6, 7, 5, 8, 5, 7, 5, 9, 7, 6, 6, 7, 8, 6, 7, 8, 5], [9, 9, 6, 5, 5, 5, 7, 9, 9, 6, 7, 7, 6, 5, 9, 5, 5, 8, 7, 6, 5, 5, 6, 7, 7, 9, 6, 9, 7, 5, 5, 8, 5, 8, 9, 7, 8, 6, 7, 7, 8, 6, 8, 6, 5], [8, 8, 5, 9, 6, 7, 6, 5, 8, 8, 6, 6, 9, 6, 8, 7, 9, 7, 6, 6, 5, 5, 5, 9, 8, 6, 9, 6, 8, 7, 7, 5, 6, 9, 9, 8, 8, 5, 9, 7, 5, 6, 6, 8, 7], [9, 5, 6, 6, 6, 7, 9, 7, 8, 9, 6, 7, 6, 5, 7, 6, 6, 9, 5, 6, 6, 9, 5, 8, 9, 5, 5, 9, 8, 9, 7, 5, 7, 9, 8, 6, 5, 9, 7, 5, 5, 9, 8, 9, 7], [5, 7, 6, 6, 6, 7, 6, 9, 8, 7, 8, 9, 9, 5, 5, 6, 8, 9, 6, 6, 5, 9, 5, 8, 8, 8, 9, 9, 7, 7, 5, 7, 5, 9, 6, 6, 9, 8, 6, 7, 9, 5, 5, 5, 5], [9, 8, 9, 8, 8, 7, 5, 9, 9, 6, 9, 5, 5, 8, 9, 6, 7, 6, 7, 9, 8, 9, 6, 9, 8, 5, 6, 7, 6, 6, 8, 7, 5, 8, 9, 6, 6, 8, 7, 6, 5, 7, 6, 8, 6], [7, 9, 8, 9, 8, 8, 8, 7, 8, 5, 9, 7, 5, 8, 9, 7, 6, 5, 6, 9, 8, 6, 9, 7, 9, 9, 6, 7, 9, 8, 7, 6, 5, 7, 8, 9, 6, 7, 7, 9, 7, 8, 9, 5, 6], [9, 9, 7, 8, 5, 9, 9, 5, 9, 5, 7, 5, 5, 8, 9, 6, 8, 8, 7, 8, 5, 5, 6, 7, 9, 8, 5, 9, 6, 8, 8, 8, 6, 9, 8, 9, 8, 5, 6, 6, 6, 9, 6, 7, 5], [9, 9, 5, 6, 8, 6, 7, 6, 6, 7, 8, 6, 8, 7, 9, 5, 5, 7, 5, 7, 6, 7, 8, 9, 6, 9, 5, 9, 5, 6, 9, 7, 6, 8, 6, 9, 7, 8, 9, 7, 5, 8, 9, 6, 7], [7, 7, 8, 6, 5, 6, 7, 5, 8, 5, 5, 5, 9, 5, 6, 6, 7, 9, 9, 5, 9, 9, 9, 8, 9, 6, 7, 8, 5, 7, 7, 9, 5, 5, 6, 7, 8, 7, 6, 8, 9, 9, 8, 6, 8], [8, 6, 5, 7, 5, 5, 5, 7, 6, 9, 6, 5, 7, 7, 6, 9, 7, 6, 5, 8, 7, 9, 5, 5, 8, 7, 9, 6, 9, 5, 7, 9, 8, 7, 7, 8, 6, 5, 9, 5, 9, 9, 7, 8, 5], [5, 8, 5, 6, 9, 8, 5, 5, 8, 8, 8, 7, 7, 8, 5, 9, 6, 5, 6, 9, 5, 9, 9, 5, 7, 7, 6, 9, 9, 7, 5, 6, 5, 8, 5, 5, 7, 5, 5, 6, 8, 6, 5, 5, 5], [6, 5, 5, 8, 8, 8, 9, 7, 5, 7, 5, 9, 6, 5, 9, 7, 7, 8, 5, 7, 6, 6, 8, 7, 9, 7, 8, 5, 6, 9, 8, 7, 9, 8, 6, 7, 5, 7, 8, 8, 7, 9, 8, 7, 6], [7, 9, 6, 6, 5, 7, 9, 8, 8, 9, 5, 8, 8, 8, 7, 9, 6, 8, 8, 8, 6, 5, 9, 5, 6, 6, 9, 8, 6, 9, 6, 6, 6, 9, 9, 6, 6, 9, 7, 5, 8, 7, 9, 5, 8], [5, 6, 9, 5, 7, 8, 9, 6, 9, 8, 8, 9, 5, 6, 9, 6, 9, 8, 5, 5, 7, 6, 6, 9, 8, 8, 8, 8, 5, 5, 5, 7, 9, 6, 8, 5, 6, 7, 7, 5, 9, 6, 9, 7, 5], [5, 8, 6, 9, 6, 6, 7, 7, 6, 5, 5, 5, 9, 6, 9, 7, 6, 7, 9, 7, 8, 5, 9, 5, 9, 8, 9, 6, 7, 7, 5, 9, 9, 9, 9, 7, 5, 5, 6, 6, 5, 9, 5, 9, 8], [6, 5, 5, 7, 5, 8, 5, 9, 9, 7, 6, 5, 5, 5, 9, 5, 7, 9, 6, 9, 6, 7, 5, 7, 9, 5, 8, 7, 5, 6, 8, 7, 8, 9, 7, 7, 6, 5, 9, 6, 6, 9, 6, 8, 6], [8, 5, 9, 9, 9, 9, 5, 7, 5, 5, 9, 7, 8, 5, 8, 7, 6, 8, 7, 9, 8, 6, 6, 7, 8, 7, 7, 5, 7, 8, 7, 8, 5, 9, 8, 9, 6, 8, 8, 8, 9, 5, 9, 5, 5], [9, 7, 5, 6, 7, 8, 9, 8, 6, 8, 9, 5, 7, 6, 5, 7, 8, 9, 7, 6, 8, 5, 9, 6, 5, 9, 7, 9, 7, 6, 7, 9, 5, 7, 8, 6, 5, 9, 6, 9, 6, 7, 7, 7, 5], [9, 5, 6, 7, 7, 7, 6, 6, 6, 8, 6, 9, 6, 6, 5, 7, 8, 6, 9, 9, 7, 7, 6, 6, 6, 9, 6, 8, 6, 9, 8, 5, 6, 6, 8, 6, 8, 6, 6, 7, 6, 5, 5, 7, 5], [9, 9, 7, 7, 8, 6, 6, 6, 8, 6, 7, 7, 9, 9, 5, 7, 8, 8, 8, 6, 5, 6, 7, 6, 6, 6, 5, 7, 8, 5, 9, 9, 6, 8, 5, 5, 7, 9, 9, 6, 9, 6, 6, 7, 7], [5, 6, 6, 8, 8, 5, 8, 8, 8, 8, 9, 9, 8, 8, 5, 8, 9, 5, 7, 6, 6, 7, 9, 8, 5, 9, 6, 5, 5, 9, 9, 5, 8, 5, 9, 5, 5, 7, 7, 7, 9, 8, 5, 9, 7], [7, 8, 6, 6, 6, 7, 6, 7, 5, 9, 6, 8, 8, 9, 8, 8, 7, 8, 8, 9, 8, 7, 7, 6, 8, 7, 7, 8, 7, 6, 9, 6, 6, 9, 6, 9, 6, 9, 6, 5, 8, 9, 9, 8, 8], [6, 9, 8, 5, 6, 8, 7, 9, 6, 5, 7, 7, 5, 5, 5, 7, 8, 6, 9, 6, 7, 8, 8, 8, 5, 8, 7, 7, 9, 9, 5, 5, 7, 7, 9, 8, 5, 6, 9, 7, 7, 9, 6, 5, 8], [8, 6, 6, 5, 7, 6, 6, 7, 9, 5, 7, 7, 8, 8, 9, 8, 5, 6, 6, 9, 6, 5, 7, 8, 5, 8, 5, 7, 8, 5, 6, 7, 6, 9, 5, 8, 6, 6, 5, 5, 9, 7, 5, 6, 9], [7, 8, 7, 6, 7, 9, 9, 8, 5, 6, 8, 5, 9, 5, 8, 7, 6, 6, 5, 9, 8, 5, 8, 8, 9, 8, 9, 5, 9, 7, 7, 5, 5, 7, 8, 7, 9, 7, 5, 6, 7, 7, 5, 6, 6], [9, 6, 5, 9, 9, 7, 6, 5, 5, 6, 5, 9, 7, 7, 6, 8, 7, 6, 5, 9, 5, 6, 6, 6, 5, 8, 8, 5, 8, 6, 9, 8, 9, 6, 8, 9, 8, 8, 6, 5, 7, 7, 6, 7, 7], [7, 6, 5, 7, 7, 9, 7, 8, 5, 5, 9, 7, 7, 9, 5, 5, 9, 9, 8, 8, 8, 8, 5, 5, 7, 5, 9, 9, 7, 8, 7, 9, 8, 5, 9, 8, 7, 6, 7, 8, 9, 5, 6, 8, 7]]
Demand for each product in each period d: 
[[26, 7, 46, 0, 16, 21, 49, 34, 13, 16, 15, 17, 46, 19, 0, 0, 26, 4, 31, 29, 18, 11, 1, 45, 24, 30, 6, 16, 30, 40, 45, 0, 25, 9, 47, 31, 4, 11, 6, 49, 21, 33, 0, 29, 48], [19, 6, 6, 2, 28, 26, 47, 28, 23, 34, 43, 28, 42, 10, 4, 23, 42, 33, 3, 21, 4, 35, 45, 13, 30, 15, 17, 36, 14, 22, 38, 35, 39, 4, 20, 42, 10, 0, 47, 13, 37, 32, 20, 28, 22], [39, 30, 12, 33, 47, 11, 34, 43, 0, 7, 2, 14, 27, 32, 22, 47, 35, 31, 17, 45, 17, 18, 48, 32, 22, 8, 35, 49, 30, 36, 29, 46, 19, 28, 34, 5, 12, 30, 0, 0, 45, 19, 44, 38, 5], [7, 18, 4, 47, 28, 11, 6, 39, 28, 24, 0, 3, 17, 0, 29, 44, 27, 43, 30, 9, 36, 34, 0, 48, 17, 8, 1, 42, 33, 4, 38, 7, 33, 10, 27, 30, 1, 4, 18, 31, 19, 20, 10, 35, 47], [13, 26, 42, 35, 49, 22, 9, 13, 6, 0, 19, 35, 29, 21, 46, 30, 14, 0, 2, 35, 9, 30, 34, 40, 39, 12, 4, 21, 16, 27, 4, 40, 26, 32, 25, 29, 7, 9, 36, 0, 30, 31, 44, 39, 1], [39, 6, 16, 42, 0, 19, 25, 21, 31, 31, 31, 20, 43, 21, 13, 3, 44, 0, 33, 27, 28, 44, 26, 45, 47, 11, 25, 11, 29, 11, 15, 49, 37, 13, 38, 19, 31, 40, 30, 6, 7, 13, 28, 7, 31], [11, 40, 17, 30, 17, 40, 23, 21, 26, 31, 13, 35, 14, 27, 36, 18, 0, 19, 37, 1, 30, 30, 18, 40, 42, 40, 16, 0, 20, 8, 24, 38, 4, 48, 41, 12, 26, 43, 21, 19, 26, 36, 20, 34, 20], [26, 14, 35, 6, 0, 14, 9, 24, 42, 46, 38, 43, 43, 43, 16, 37, 23, 34, 18, 33, 0, 28, 4, 30, 24, 35, 23, 15, 1, 0, 27, 15, 26, 4, 28, 49, 25, 0, 20, 40, 2, 46, 0, 20, 16], [23, 49, 14, 13, 0, 19, 19, 48, 6, 0, 34, 3, 0, 20, 0, 21, 29, 49, 39, 44, 49, 13, 38, 33, 27, 43, 35, 45, 32, 7, 46, 30, 3, 4, 40, 1, 7, 10, 39, 38, 49, 36, 49, 45, 35], [47, 35, 14, 41, 28, 37, 6, 28, 8, 20, 17, 12, 6, 5, 13, 13, 11, 16, 23, 34, 32, 49, 24, 31, 42, 19, 0, 22, 49, 13, 40, 26, 11, 36, 37, 0, 32, 11, 22, 14, 16, 20, 0, 42, 37], [30, 3, 0, 13, 20, 49, 41, 11, 37, 35, 48, 22, 47, 39, 43, 15, 40, 16, 11, 40, 28, 47, 25, 41, 22, 39, 17, 44, 36, 23, 42, 28, 0, 49, 42, 37, 45, 18, 49, 40, 8, 39, 19, 27, 14], [15, 45, 0, 15, 20, 33, 37, 41, 44, 3, 19, 26, 1, 6, 15, 14, 14, 18, 22, 17, 37, 40, 27, 12, 31, 33, 35, 25, 11, 8, 2, 46, 6, 29, 17, 44, 42, 30, 8, 47, 26, 15, 1, 40, 5], [0, 33, 18, 11, 32, 43, 40, 40, 0, 23, 46, 0, 2, 26, 26, 10, 32, 22, 18, 19, 40, 26, 17, 4, 38, 39, 4, 24, 21, 15, 10, 29, 42, 45, 25, 5, 13, 0, 28, 17, 0, 0, 4, 45, 31], [33, 49, 42, 45, 48, 14, 17, 19, 35, 46, 37, 21, 33, 40, 25, 4, 18, 12, 41, 26, 12, 7, 8, 6, 5, 21, 9, 13, 19, 23, 1, 37, 3, 14, 0, 19, 44, 48, 23, 42, 5, 20, 32, 40, 9], [2, 37, 37, 21, 36, 30, 45, 41, 15, 29, 42, 7, 47, 29, 37, 28, 13, 37, 31, 37, 38, 30, 18, 6, 2, 41, 13, 0, 32, 13, 34, 38, 6, 28, 16, 32, 42, 29, 6, 32, 40, 30, 23, 31, 1], [0, 37, 0, 39, 0, 34, 22, 26, 9, 28, 23, 12, 27, 4, 29, 32, 16, 16, 12, 21, 23, 24, 25, 13, 31, 28, 7, 48, 46, 0, 28, 40, 0, 11, 13, 42, 1, 24, 49, 17, 15, 34, 37, 16, 44], [13, 10, 8, 16, 44, 16, 8, 38, 47, 37, 17, 23, 1, 12, 18, 49, 23, 19, 6, 39, 15, 40, 14, 12, 45, 11, 1, 11, 13, 3, 36, 10, 11, 21, 49, 5, 39, 37, 40, 15, 30, 13, 41, 16, 5], [15, 0, 4, 40, 26, 14, 25, 43, 2, 2, 30, 31, 15, 2, 29, 46, 12, 0, 10, 48, 13, 11, 4, 5, 22, 14, 42, 43, 0, 10, 23, 0, 28, 48, 42, 40, 43, 16, 42, 29, 13, 42, 43, 0, 32], [30, 49, 0, 4, 15, 49, 32, 26, 42, 45, 11, 32, 38, 33, 26, 10, 0, 17, 30, 17, 9, 46, 44, 42, 17, 5, 24, 19, 16, 18, 22, 36, 41, 19, 42, 3, 0, 33, 37, 21, 7, 7, 24, 30, 7], [49, 20, 48, 12, 30, 35, 34, 14, 23, 1, 42, 0, 26, 42, 41, 13, 7, 34, 24, 39, 0, 34, 24, 45, 33, 20, 43, 24, 49, 4, 23, 0, 48, 17, 21, 16, 0, 33, 24, 18, 47, 45, 26, 6, 0], [40, 29, 49, 33, 22, 0, 28, 32, 6, 11, 12, 0, 24, 21, 3, 0, 26, 2, 33, 0, 18, 6, 10, 3, 34, 26, 20, 10, 4, 3, 46, 10, 22, 32, 10, 25, 24, 19, 7, 39, 39, 19, 26, 35, 10], [27, 1, 35, 32, 41, 23, 4, 12, 47, 23, 4, 46, 46, 48, 18, 11, 44, 4, 22, 28, 9, 45, 32, 16, 38, 13, 25, 0, 49, 15, 2, 13, 14, 13, 33, 2, 0, 16, 46, 5, 49, 27, 16, 2, 12], [19, 45, 49, 3, 6, 32, 0, 1, 10, 49, 17, 0, 42, 42, 15, 49, 49, 1, 4, 28, 4, 21, 7, 0, 0, 22, 31, 29, 0, 47, 22, 49, 0, 6, 0, 46, 18, 11, 14, 18, 0, 5, 2, 1, 46], [10, 6, 19, 5, 29, 33, 0, 39, 42, 48, 18, 11, 48, 0, 45, 36, 40, 23, 45, 17, 40, 6, 20, 43, 48, 21, 2, 0, 33, 49, 36, 8, 9, 9, 0, 45, 17, 5, 7, 47, 10, 25, 47, 47, 31], [27, 23, 33, 16, 10, 34, 10, 46, 1, 12, 43, 13, 15, 30, 46, 4, 6, 9, 17, 0, 23, 26, 0, 0, 30, 11, 8, 23, 41, 14, 0, 13, 0, 42, 2, 0, 42, 9, 29, 33, 5, 46, 1, 5, 43], [44, 10, 25, 25, 0, 37, 23, 42, 1, 22, 1, 0, 0, 35, 7, 43, 7, 34, 3, 23, 8, 2, 2, 5, 27, 31, 37, 1, 5, 2, 12, 1, 26, 0, 5, 22, 2, 26, 16, 46, 49, 12, 6, 11, 40], [0, 16, 11, 29, 23, 34, 0, 45, 41, 10, 8, 48, 30, 0, 11, 16, 38, 0, 2, 10, 7, 4, 26, 38, 5, 49, 21, 2, 38, 23, 29, 37, 11, 23, 34, 10, 7, 49, 36, 30, 32, 34, 49, 3, 18], [23, 0, 13, 11, 47, 2, 29, 35, 41, 7, 21, 47, 10, 22, 24, 40, 19, 13, 20, 1, 16, 22, 0, 10, 5, 0, 0, 44, 46, 0, 40, 33, 28, 17, 33, 31, 26, 44, 27, 33, 0, 17, 6, 5, 35], [48, 45, 35, 22, 40, 17, 44, 46, 44, 22, 16, 41, 19, 43, 0, 7, 40, 2, 48, 43, 38, 31, 43, 25, 35, 39, 16, 4, 16, 43, 8, 40, 30, 18, 27, 23, 37, 4, 21, 35, 15, 33, 29, 18, 41], [30, 22, 28, 1, 11, 11, 39, 30, 13, 42, 16, 38, 20, 28, 39, 14, 43, 8, 34, 9, 17, 36, 14, 8, 38, 42, 33, 40, 16, 7, 28, 36, 40, 45, 31, 32, 22, 3, 20, 15, 36, 35, 6, 6, 10], [34, 36, 31, 20, 3, 43, 13, 22, 26, 5, 22, 42, 24, 9, 7, 33, 23, 37, 7, 36, 4, 9, 12, 15, 45, 11, 22, 46, 24, 19, 36, 17, 30, 12, 31, 20, 0, 18, 0, 35, 27, 18, 0, 0, 24], [11, 32, 17, 22, 22, 14, 3, 11, 31, 21, 46, 46, 8, 8, 41, 39, 26, 32, 26, 38, 29, 31, 35, 20, 4, 9, 12, 25, 24, 34, 25, 16, 30, 26, 8, 21, 13, 12, 16, 9, 23, 29, 18, 5, 29], [42, 5, 21, 10, 6, 0, 38, 29, 40, 27, 13, 30, 27, 12, 25, 21, 5, 39, 0, 48, 14, 35, 34, 0, 12, 19, 48, 6, 20, 14, 39, 5, 39, 32, 6, 17, 39, 3, 3, 43, 5, 0, 20, 37, 39], [34, 45, 49, 6, 43, 48, 45, 15, 3, 30, 14, 42, 18, 16, 16, 22, 19, 17, 35, 39, 13, 5, 29, 43, 34, 48, 28, 20, 37, 33, 0, 46, 26, 30, 40, 46, 12, 15, 16, 24, 16, 42, 20, 32, 8], [11, 24, 0, 0, 46, 37, 14, 0, 1, 45, 33, 39, 33, 29, 0, 29, 34, 1, 37, 32, 8, 0, 25, 37, 10, 23, 39, 49, 18, 0, 12, 11, 25, 6, 3, 21, 42, 6, 15, 2, 20, 48, 47, 46, 15], [2, 35, 28, 48, 43, 47, 2, 37, 18, 10, 22, 20, 31, 0, 41, 19, 38, 0, 24, 29, 48, 18, 48, 47, 44, 39, 27, 44, 13, 1, 5, 20, 45, 3, 44, 25, 12, 6, 2, 8, 29, 11, 40, 32, 0], [41, 48, 35, 43, 27, 0, 31, 44, 43, 49, 12, 43, 12, 3, 10, 14, 45, 4, 41, 26, 45, 39, 19, 49, 20, 37, 6, 16, 13, 7, 21, 10, 14, 33, 30, 11, 3, 48, 34, 41, 14, 49, 47, 41, 36], [0, 0, 18, 21, 2, 33, 35, 44, 46, 13, 14, 12, 30, 31, 26, 45, 18, 6, 20, 21, 30, 35, 9, 0, 6, 27, 9, 42, 47, 4, 35, 14, 32, 35, 44, 36, 14, 14, 0, 38, 21, 13, 37, 0, 6], [37, 39, 46, 0, 14, 27, 23, 16, 0, 40, 10, 34, 37, 21, 37, 1, 1, 6, 20, 17, 37, 18, 27, 3, 27, 30, 42, 14, 45, 44, 21, 26, 47, 4, 49, 9, 20, 6, 0, 42, 4, 45, 25, 33, 4], [36, 45, 40, 4, 34, 35, 6, 26, 27, 35, 47, 8, 0, 35, 35, 9, 18, 41, 43, 37, 39, 19, 42, 9, 4, 27, 29, 48, 39, 30, 45, 30, 29, 0, 29, 10, 22, 38, 29, 33, 15, 49, 4, 32, 30], [40, 33, 24, 18, 39, 7, 31, 24, 40, 14, 36, 40, 9, 33, 45, 0, 47, 23, 48, 36, 30, 34, 19, 19, 24, 24, 35, 0, 32, 36, 19, 15, 45, 23, 29, 0, 24, 48, 4, 32, 0, 26, 21, 1, 34], [48, 4, 20, 18, 27, 37, 34, 9, 41, 41, 12, 17, 43, 43, 41, 0, 29, 48, 12, 49, 18, 3, 37, 10, 24, 44, 16, 3, 35, 22, 7, 40, 5, 25, 16, 29, 13, 0, 47, 2, 5, 4, 18, 33, 30], [4, 25, 31, 23, 32, 44, 6, 39, 26, 44, 8, 19, 22, 41, 14, 3, 38, 31, 44, 4, 13, 32, 20, 46, 38, 14, 0, 47, 29, 7, 40, 22, 2, 48, 0, 6, 40, 39, 4, 33, 31, 4, 7, 41, 3], [23, 27, 37, 20, 21, 38, 15, 43, 38, 15, 0, 48, 37, 47, 17, 41, 35, 47, 40, 47, 45, 40, 33, 47, 42, 49, 33, 23, 30, 5, 26, 9, 26, 14, 25, 5, 4, 30, 25, 38, 0, 41, 34, 36, 6], [30, 22, 30, 1, 27, 36, 0, 25, 41, 37, 29, 49, 0, 12, 41, 18, 37, 15, 19, 44, 38, 21, 32, 20, 37, 3, 36, 41, 42, 41, 8, 15, 0, 35, 29, 39, 13, 11, 26, 20, 16, 48, 30, 34, 32], [28, 42, 42, 0, 38, 8, 3, 49, 42, 38, 21, 11, 1, 25, 36, 45, 31, 13, 0, 18, 22, 0, 29, 41, 47, 16, 25, 24, 18, 7, 42, 26, 0, 44, 44, 25, 32, 15, 2, 15, 18, 33, 10, 36, 46], [26, 18, 25, 26, 2, 33, 38, 21, 22, 13, 9, 0, 44, 48, 35, 18, 32, 26, 35, 15, 46, 0, 25, 40, 19, 45, 47, 40, 17, 0, 37, 0, 45, 0, 0, 10, 40, 1, 21, 40, 22, 2, 45, 20, 43], [16, 33, 3, 6, 28, 38, 6, 46, 1, 25, 41, 5, 2, 15, 11, 22, 22, 38, 14, 24, 11, 16, 11, 47, 29, 17, 0, 47, 49, 0, 40, 27, 16, 7, 45, 36, 19, 26, 49, 16, 4, 23, 0, 5, 27], [25, 30, 7, 0, 49, 11, 4, 0, 37, 0, 14, 27, 17, 23, 2, 5, 0, 27, 1, 27, 2, 33, 13, 26, 12, 24, 44, 22, 47, 41, 2, 4, 30, 6, 41, 48, 16, 19, 42, 6, 30, 31, 41, 33, 43], [15, 49, 8, 30, 18, 34, 31, 28, 42, 36, 0, 16, 29, 14, 37, 8, 8, 39, 44, 37, 23, 21, 36, 38, 40, 8, 11, 19, 27, 20, 11, 4, 21, 41, 25, 0, 5, 21, 45, 41, 8, 4, 49, 35, 14], [10, 36, 20, 28, 18, 24, 4, 27, 23, 17, 26, 30, 29, 25, 23, 43, 39, 42, 16, 10, 21, 2, 38, 42, 25, 39, 27, 28, 0, 41, 33, 46, 7, 25, 8, 8, 3, 6, 41, 48, 30, 2, 38, 25, 29], [30, 33, 7, 17, 8, 4, 30, 13, 15, 31, 6, 19, 33, 27, 15, 25, 5, 9, 7, 6, 18, 3, 36, 39, 11, 4, 27, 24, 42, 49, 46, 23, 21, 46, 4, 0, 2, 31, 7, 0, 6, 28, 22, 4, 11], [46, 0, 14, 45, 22, 39, 17, 27, 44, 41, 21, 4, 49, 36, 0, 0, 20, 7, 34, 11, 43, 17, 28, 14, 46, 36, 47, 48, 21, 20, 29, 23, 28, 1, 43, 36, 15, 2, 11, 39, 11, 23, 8, 40, 41], [32, 38, 19, 24, 17, 6, 11, 23, 36, 9, 46, 47, 41, 17, 16, 16, 28, 3, 20, 39, 39, 33, 38, 14, 33, 43, 48, 33, 43, 47, 45, 33, 49, 38, 32, 18, 20, 3, 21, 36, 15, 15, 2, 24, 37], [21, 38, 0, 1, 19, 3, 5, 11, 4, 44, 7, 47, 16, 19, 42, 20, 39, 39, 25, 45, 16, 44, 40, 8, 34, 29, 12, 12, 0, 0, 41, 25, 31, 15, 40, 30, 28, 24, 3, 24, 8, 9, 4, 32, 19], [1, 6, 35, 23, 0, 37, 25, 11, 19, 48, 45, 47, 43, 38, 29, 29, 43, 0, 34, 11, 46, 38, 45, 43, 47, 48, 17, 42, 43, 12, 9, 37, 25, 30, 22, 30, 38, 27, 15, 39, 48, 37, 43, 26, 32], [28, 8, 9, 48, 28, 11, 2, 8, 32, 5, 47, 0, 30, 26, 25, 22, 12, 28, 28, 17, 4, 30, 17, 2, 0, 27, 0, 15, 19, 6, 9, 12, 2, 12, 24, 15, 36, 41, 10, 10, 45, 28, 32, 17, 25], [14, 34, 39, 24, 21, 1, 35, 0, 32, 28, 3, 11, 47, 29, 8, 44, 9, 16, 39, 27, 0, 2, 33, 12, 18, 44, 32, 33, 48, 40, 23, 17, 9, 16, 16, 9, 9, 41, 6, 44, 33, 30, 0, 48, 18], [12, 12, 32, 48, 10, 48, 46, 1, 10, 42, 8, 0, 36, 31, 26, 22, 42, 24, 49, 35, 37, 32, 28, 17, 49, 6, 28, 19, 42, 36, 49, 27, 0, 18, 32, 4, 25, 44, 1, 39, 12, 18, 48, 5, 21], [5, 30, 40, 22, 2, 43, 5, 17, 10, 18, 31, 33, 46, 6, 40, 24, 0, 9, 36, 27, 45, 10, 0, 39, 15, 49, 48, 14, 6, 23, 36, 26, 40, 11, 45, 41, 37, 23, 48, 13, 38, 19, 22, 42, 0]]
Maintenance cost in each period m: 
[96715, 99256, 99078, 97765, 97046, 96015, 96611, 95819, 98404, 98292, 97317, 96976, 98392, 98310, 98602, 97751, 98007, 96869, 98440, 96414, 97672, 95714, 95627, 97780, 96472, 98126, 96315, 97291, 96039, 98445, 97484, 97050, 96074, 96219, 98461, 98612, 99498, 98390, 97004, 98221, 96650, 97398, 96776, 99326, 95726]
Maximum capacity of the machine cmax: 
2400