Set of periods in the planning horizon T: 
40
Set of products P: 
55
Capacity reduction coefficient alpha: 
0.8
Relative decrease of capacity per set up gamma: 
0.21
Capacity reduction coefficient due to product types beta: 
[0.22, 0.39, 0.37, 0.22, 0.25, 0.36, 0.21, 0.35, 0.24, 0.2, 0.39, 0.2, 0.39, 0.27, 0.32, 0.36, 0.3, 0.27, 0.29, 0.37, 0.38, 0.2, 0.39, 0.32, 0.24, 0.3, 0.3, 0.39, 0.26, 0.25, 0.22, 0.21, 0.29, 0.29, 0.35, 0.37, 0.38, 0.21, 0.33, 0.37, 0.26, 0.31, 0.23, 0.36, 0.31, 0.37, 0.23, 0.3, 0.31, 0.3, 0.35, 0.21, 0.38, 0.36, 0.34]
Fixed production cost of each product in each period f: 
[[739, 685, 731, 698, 925, 865, 885, 622, 616, 670, 666, 896, 577, 819, 620, 649, 909, 593, 751, 738, 544, 641, 865, 648, 932, 586, 904, 953, 877, 616, 536, 522, 565, 551, 742, 869, 593, 924, 519, 681], [665, 876, 715, 858, 543, 631, 902, 781, 957, 586, 531, 758, 716, 745, 768, 547, 591, 974, 771, 755, 844, 797, 568, 652, 527, 746, 649, 939, 655, 908, 737, 789, 777, 924, 792, 793, 659, 507, 615, 562], [679, 557, 618, 773, 966, 642, 601, 641, 573, 801, 637, 919, 672, 651, 794, 722, 785, 663, 886, 813, 962, 601, 674, 750, 892, 992, 567, 777, 987, 949, 600, 837, 800, 771, 909, 874, 563, 847, 694, 582], [782, 548, 883, 974, 629, 707, 925, 643, 743, 797, 847, 915, 748, 977, 980, 713, 962, 824, 596, 612, 987, 514, 892, 607, 609, 545, 922, 971, 863, 607, 507, 711, 893, 699, 789, 551, 824, 767, 586, 744], [521, 523, 725, 776, 965, 971, 817, 753, 752, 549, 746, 721, 865, 646, 581, 994, 837, 559, 596, 968, 770, 991, 719, 940, 811, 913, 721, 894, 621, 690, 615, 930, 629, 952, 790, 706, 915, 604, 626, 761], [828, 921, 869, 651, 727, 893, 991, 828, 681, 710, 704, 572, 617, 844, 744, 889, 734, 811, 956, 610, 969, 875, 927, 632, 915, 596, 501, 873, 892, 940, 528, 819, 900, 837, 722, 804, 550, 621, 709, 550], [747, 911, 849, 798, 775, 551, 932, 924, 671, 515, 929, 886, 615, 528, 662, 964, 726, 944, 544, 572, 527, 643, 906, 515, 705, 505, 542, 885, 921, 990, 625, 864, 814, 557, 923, 777, 741, 594, 688, 878], [791, 694, 955, 986, 719, 506, 787, 697, 974, 933, 960, 667, 760, 874, 814, 723, 812, 543, 796, 541, 786, 695, 824, 815, 939, 987, 931, 636, 747, 978, 646, 508, 766, 607, 805, 804, 782, 549, 922, 754], [507, 985, 607, 838, 796, 900, 916, 926, 972, 869, 713, 813, 693, 891, 982, 634, 648, 530, 631, 950, 693, 906, 762, 930, 592, 747, 671, 875, 958, 959, 600, 932, 779, 938, 731, 943, 632, 976, 812, 769], [791, 707, 727, 600, 853, 957, 559, 908, 708, 932, 831, 524, 501, 937, 732, 883, 667, 573, 848, 983, 893, 572, 995, 839, 946, 725, 682, 862, 754, 961, 707, 734, 707, 697, 938, 823, 891, 730, 879, 908], [842, 945, 857, 675, 686, 581, 721, 826, 956, 597, 949, 546, 961, 584, 559, 813, 721, 794, 648, 814, 898, 899, 504, 550, 915, 676, 531, 947, 684, 730, 669, 648, 954, 959, 633, 964, 545, 663, 664, 749], [816, 862, 533, 832, 745, 926, 818, 648, 999, 658, 621, 743, 959, 984, 634, 896, 810, 773, 792, 729, 654, 950, 764, 504, 758, 964, 695, 505, 671, 847, 624, 581, 596, 935, 692, 634, 951, 707, 681, 553], [562, 655, 705, 697, 512, 818, 556, 621, 920, 838, 519, 904, 870, 537, 956, 704, 515, 756, 730, 573, 832, 694, 599, 907, 580, 952, 670, 720, 600, 855, 835, 864, 951, 717, 501, 545, 586, 815, 569, 906], [944, 971, 959, 620, 915, 739, 602, 783, 840, 754, 765, 861, 851, 823, 836, 684, 607, 814, 791, 779, 542, 936, 600, 896, 924, 995, 851, 829, 820, 957, 902, 738, 816, 953, 919, 753, 786, 533, 660, 727], [969, 765, 687, 937, 792, 821, 790, 862, 542, 746, 992, 751, 549, 901, 722, 566, 837, 504, 532, 696, 760, 830, 640, 809, 640, 831, 513, 742, 787, 968, 803, 550, 863, 824, 809, 866, 666, 893, 557, 875], [680, 599, 700, 506, 876, 657, 730, 683, 940, 595, 557, 529, 769, 509, 558, 764, 778, 535, 841, 916, 777, 905, 879, 959, 921, 870, 912, 898, 948, 820, 694, 516, 743, 614, 777, 855, 808, 925, 913, 921], [936, 872, 607, 673, 648, 910, 950, 585, 802, 727, 856, 510, 744, 793, 749, 856, 785, 782, 684, 714, 856, 789, 998, 971, 651, 753, 700, 569, 568, 600, 959, 812, 571, 571, 782, 720, 953, 649, 947, 994], [629, 740, 628, 843, 855, 820, 626, 573, 512, 834, 833, 715, 617, 523, 945, 698, 748, 854, 641, 682, 878, 912, 867, 962, 799, 736, 567, 543, 630, 736, 778, 579, 973, 925, 804, 995, 909, 992, 971, 839], [758, 608, 828, 597, 863, 607, 827, 785, 565, 665, 777, 922, 810, 561, 921, 937, 916, 761, 537, 590, 633, 990, 513, 539, 756, 643, 683, 855, 731, 652, 513, 855, 574, 930, 875, 622, 727, 518, 741, 773], [606, 961, 508, 816, 890, 861, 952, 650, 873, 753, 544, 684, 612, 686, 899, 664, 872, 625, 840, 516, 959, 698, 730, 527, 973, 938, 650, 589, 569, 559, 846, 868, 584, 962, 920, 597, 627, 888, 732, 723], [736, 767, 688, 697, 675, 508, 770, 845, 633, 868, 903, 600, 926, 555, 584, 572, 721, 735, 804, 892, 767, 906, 749, 693, 843, 738, 530, 974, 631, 857, 598, 831, 886, 570, 802, 885, 536, 950, 937, 779], [688, 533, 607, 817, 528, 559, 945, 978, 693, 570, 998, 850, 733, 587, 754, 521, 517, 519, 720, 505, 505, 631, 539, 761, 551, 614, 694, 611, 998, 984, 960, 822, 977, 598, 670, 817, 679, 543, 839, 840], [982, 545, 641, 519, 851, 837, 557, 576, 536, 759, 718, 763, 653, 807, 918, 815, 595, 702, 612, 865, 790, 776, 527, 620, 746, 793, 570, 636, 769, 919, 816, 723, 987, 586, 638, 694, 871, 611, 708, 676], [711, 989, 860, 885, 611, 956, 820, 700, 991, 519, 803, 684, 945, 503, 646, 642, 618, 522, 695, 807, 843, 959, 948, 654, 947, 770, 831, 556, 728, 608, 815, 905, 533, 628, 901, 595, 683, 523, 861, 694], [573, 676, 948, 868, 678, 997, 536, 861, 646, 782, 979, 507, 960, 887, 701, 537, 905, 819, 913, 767, 533, 925, 792, 851, 799, 863, 534, 713, 907, 976, 860, 902, 835, 888, 644, 671, 710, 768, 518, 648], [660, 563, 843, 763, 524, 582, 944, 847, 834, 726, 696, 685, 884, 791, 929, 893, 778, 757, 700, 522, 715, 725, 889, 611, 906, 849, 570, 755, 574, 833, 835, 732, 682, 839, 997, 968, 694, 941, 995, 940], [813, 863, 537, 607, 928, 561, 999, 540, 954, 879, 693, 928, 545, 548, 916, 505, 833, 693, 955, 659, 592, 910, 887, 573, 841, 563, 774, 947, 937, 693, 836, 596, 603, 657, 628, 518, 645, 979, 882, 636], [804, 927, 506, 572, 813, 916, 709, 552, 618, 700, 976, 524, 967, 698, 978, 969, 899, 668, 633, 719, 692, 674, 904, 937, 840, 775, 750, 893, 802, 655, 891, 681, 754, 817, 950, 713, 796, 613, 775, 975], [863, 579, 942, 508, 836, 643, 987, 670, 615, 734, 617, 829, 752, 949, 723, 563, 770, 866, 934, 747, 864, 825, 777, 716, 526, 707, 766, 730, 603, 844, 907, 711, 738, 787, 889, 750, 864, 550, 555, 938], [989, 980, 902, 917, 721, 535, 541, 936, 720, 591, 503, 536, 867, 866, 584, 748, 569, 935, 925, 952, 557, 580, 651, 707, 819, 582, 674, 700, 923, 812, 949, 528, 758, 554, 567, 511, 614, 887, 778, 549], [576, 720, 831, 910, 735, 982, 607, 796, 715, 869, 810, 691, 617, 512, 570, 555, 783, 919, 545, 660, 822, 815, 563, 711, 862, 885, 647, 983, 770, 673, 971, 643, 899, 802, 564, 671, 972, 569, 629, 588], [566, 603, 844, 514, 828, 584, 536, 860, 673, 661, 788, 800, 573, 518, 668, 752, 894, 671, 620, 658, 875, 564, 712, 620, 527, 655, 545, 618, 825, 700, 631, 670, 885, 629, 858, 700, 513, 771, 921, 735], [934, 521, 827, 947, 804, 567, 730, 774, 660, 548, 778, 982, 982, 748, 697, 905, 944, 595, 590, 748, 900, 565, 855, 567, 566, 779, 503, 569, 682, 885, 563, 881, 959, 586, 891, 893, 569, 620, 883, 670], [556, 972, 768, 780, 708, 796, 542, 848, 890, 618, 708, 826, 723, 797, 645, 648, 971, 972, 517, 872, 630, 541, 526, 637, 790, 715, 702, 876, 783, 961, 598, 850, 777, 956, 971, 521, 686, 704, 867, 688], [578, 794, 791, 500, 857, 505, 543, 744, 858, 875, 577, 869, 635, 578, 650, 911, 918, 899, 724, 507, 728, 866, 831, 918, 511, 878, 925, 809, 735, 621, 772, 961, 737, 589, 927, 631, 950, 798, 918, 875], [967, 725, 828, 866, 844, 603, 741, 906, 971, 933, 669, 535, 720, 549, 793, 761, 847, 918, 817, 832, 697, 775, 586, 965, 905, 648, 755, 700, 514, 645, 911, 891, 563, 835, 805, 690, 600, 740, 886, 914], [819, 627, 771, 611, 716, 743, 929, 737, 905, 718, 697, 711, 934, 771, 553, 851, 709, 859, 860, 518, 533, 601, 775, 768, 944, 738, 906, 871, 535, 562, 900, 783, 582, 772, 609, 636, 671, 999, 556, 732], [616, 944, 823, 604, 565, 760, 630, 942, 529, 561, 633, 887, 688, 796, 581, 514, 939, 968, 615, 517, 512, 930, 616, 665, 833, 883, 907, 873, 829, 901, 960, 960, 961, 779, 925, 844, 561, 665, 552, 984], [606, 800, 722, 717, 828, 606, 652, 829, 832, 909, 501, 664, 739, 839, 673, 869, 788, 804, 660, 594, 845, 811, 828, 838, 834, 576, 728, 976, 869, 952, 658, 612, 614, 552, 694, 875, 541, 527, 691, 916], [902, 908, 596, 584, 802, 864, 789, 554, 752, 841, 550, 696, 761, 583, 720, 909, 827, 707, 669, 592, 908, 733, 690, 858, 827, 532, 921, 957, 860, 680, 738, 708, 973, 793, 570, 556, 764, 521, 559, 547], [596, 924, 843, 803, 985, 972, 923, 512, 521, 752, 659, 656, 863, 611, 959, 562, 695, 506, 768, 556, 775, 845, 690, 985, 673, 845, 885, 649, 999, 669, 612, 954, 966, 939, 981, 671, 862, 786, 903, 519], [817, 826, 987, 686, 930, 635, 644, 710, 689, 709, 756, 885, 723, 658, 655, 662, 735, 854, 517, 678, 567, 727, 879, 565, 585, 951, 969, 666, 627, 758, 740, 643, 735, 907, 683, 918, 549, 612, 952, 889], [716, 608, 963, 804, 560, 534, 873, 699, 926, 652, 952, 666, 585, 729, 573, 600, 801, 712, 706, 723, 952, 939, 710, 844, 824, 903, 523, 757, 807, 896, 516, 958, 542, 546, 860, 862, 770, 608, 892, 724], [665, 935, 606, 673, 935, 882, 721, 576, 593, 525, 769, 888, 946, 645, 778, 912, 925, 787, 827, 713, 966, 771, 665, 954, 505, 545, 569, 604, 580, 844, 698, 581, 772, 780, 598, 832, 521, 921, 741, 648], [560, 973, 997, 559, 858, 728, 965, 697, 862, 717, 908, 653, 857, 576, 526, 964, 774, 881, 609, 819, 760, 606, 563, 720, 582, 746, 565, 800, 971, 951, 815, 934, 927, 833, 644, 556, 829, 673, 514, 521], [827, 854, 704, 965, 683, 859, 874, 569, 949, 706, 924, 967, 714, 574, 694, 512, 613, 595, 957, 860, 617, 503, 633, 646, 920, 897, 703, 984, 979, 515, 586, 775, 521, 573, 591, 755, 552, 906, 901, 700], [502, 524, 763, 539, 797, 772, 554, 557, 796, 801, 903, 576, 882, 679, 563, 591, 853, 829, 703, 521, 664, 966, 669, 790, 619, 922, 626, 929, 906, 596, 760, 702, 930, 752, 923, 645, 966, 597, 919, 890], [751, 689, 541, 994, 930, 657, 570, 930, 739, 589, 672, 604, 513, 543, 654, 804, 572, 778, 858, 742, 509, 780, 632, 858, 537, 802, 641, 984, 882, 795, 669, 874, 528, 701, 951, 944, 525, 795, 843, 520], [714, 691, 584, 577, 610, 900, 741, 827, 662, 500, 940, 806, 752, 788, 867, 715, 605, 948, 652, 860, 910, 614, 760, 660, 707, 585, 907, 893, 577, 994, 794, 566, 785, 714, 690, 724, 593, 544, 653, 681], [863, 638, 639, 567, 983, 872, 831, 766, 506, 629, 875, 973, 917, 641, 941, 825, 836, 522, 890, 858, 997, 846, 952, 601, 741, 574, 997, 660, 703, 651, 879, 613, 783, 604, 780, 519, 566, 946, 844, 510], [666, 646, 744, 840, 872, 701, 950, 592, 734, 715, 611, 825, 943, 810, 510, 687, 998, 564, 766, 874, 751, 553, 767, 542, 950, 847, 947, 683, 950, 892, 726, 583, 567, 523, 873, 765, 923, 628, 917, 950], [849, 585, 769, 762, 907, 627, 926, 637, 723, 515, 888, 820, 821, 749, 974, 801, 812, 874, 536, 760, 998, 752, 687, 854, 628, 749, 516, 512, 832, 675, 868, 724, 662, 521, 743, 913, 633, 824, 844, 532], [651, 800, 828, 699, 589, 879, 990, 836, 946, 779, 572, 714, 826, 669, 765, 988, 721, 764, 631, 688, 836, 978, 843, 826, 734, 762, 823, 773, 919, 555, 772, 540, 512, 839, 868, 987, 767, 874, 678, 588], [617, 640, 985, 819, 930, 788, 625, 786, 799, 714, 699, 953, 555, 633, 913, 758, 684, 768, 760, 664, 724, 873, 588, 560, 882, 707, 919, 809, 759, 987, 617, 750, 969, 524, 697, 611, 894, 529, 909, 691], [524, 829, 611, 534, 622, 999, 699, 646, 987, 827, 786, 541, 947, 728, 774, 617, 556, 822, 614, 607, 547, 528, 701, 552, 758, 538, 739, 769, 856, 533, 808, 979, 533, 634, 935, 764, 620, 837, 713, 721]]
Variable production cost per unit of each product in each period p: 
[[11, 10, 13, 11, 10, 13, 11, 12, 13, 11, 11, 11, 11, 12, 10, 11, 13, 12, 13, 12, 13, 10, 13, 11, 12, 13, 10, 13, 11, 12, 13, 11, 13, 12, 12, 12, 12, 10, 10, 13], [10, 12, 11, 13, 10, 11, 11, 10, 10, 13, 12, 11, 10, 10, 10, 12, 10, 11, 10, 11, 11, 10, 11, 12, 12, 13, 11, 12, 12, 13, 12, 10, 10, 11, 10, 13, 11, 10, 13, 10], [13, 11, 11, 12, 12, 13, 13, 10, 11, 10, 13, 12, 13, 13, 12, 11, 12, 10, 12, 13, 12, 13, 11, 11, 11, 13, 13, 10, 10, 10, 12, 10, 13, 13, 12, 10, 10, 11, 10, 13], [13, 10, 13, 12, 13, 13, 10, 11, 11, 13, 11, 12, 11, 11, 13, 10, 10, 13, 11, 12, 12, 11, 12, 12, 13, 13, 12, 11, 11, 11, 13, 10, 13, 11, 11, 10, 10, 10, 11, 11], [11, 13, 12, 13, 13, 11, 11, 13, 12, 10, 12, 10, 11, 12, 12, 11, 11, 10, 12, 12, 10, 13, 12, 10, 12, 11, 13, 12, 12, 10, 12, 10, 11, 13, 11, 13, 13, 12, 11, 13], [13, 11, 13, 10, 11, 12, 13, 12, 12, 12, 10, 13, 12, 13, 10, 12, 10, 13, 12, 13, 13, 10, 12, 10, 13, 11, 12, 13, 11, 13, 11, 13, 11, 12, 13, 11, 11, 11, 11, 13], [11, 12, 13, 11, 11, 13, 11, 13, 10, 12, 13, 12, 13, 13, 13, 13, 11, 12, 11, 12, 12, 13, 12, 13, 10, 12, 12, 12, 10, 13, 12, 12, 11, 13, 12, 10, 12, 13, 10, 12], [10, 11, 12, 11, 12, 13, 10, 13, 11, 10, 11, 11, 13, 13, 12, 11, 13, 13, 12, 13, 13, 11, 13, 10, 11, 10, 10, 13, 11, 12, 10, 13, 12, 13, 10, 11, 13, 12, 10, 11], [13, 11, 12, 10, 11, 13, 13, 13, 10, 12, 11, 11, 11, 11, 11, 11, 12, 13, 12, 11, 13, 11, 13, 10, 11, 12, 12, 12, 12, 10, 10, 13, 12, 13, 13, 13, 10, 11, 11, 12], [10, 11, 10, 10, 11, 13, 13, 12, 11, 13, 10, 12, 10, 13, 13, 11, 11, 13, 12, 13, 11, 11, 12, 13, 11, 11, 10, 13, 10, 10, 10, 10, 11, 11, 10, 10, 13, 11, 13, 12], [12, 13, 13, 10, 12, 13, 10, 11, 10, 12, 12, 13, 12, 12, 12, 11, 13, 13, 13, 11, 11, 12, 12, 12, 11, 10, 12, 11, 12, 10, 11, 11, 10, 13, 12, 10, 12, 10, 10, 10], [10, 12, 10, 12, 12, 12, 13, 10, 13, 11, 11, 12, 11, 12, 13, 11, 12, 12, 10, 13, 13, 10, 10, 10, 12, 13, 11, 10, 12, 11, 12, 13, 11, 10, 13, 12, 11, 11, 13, 12], [13, 11, 10, 12, 13, 13, 11, 10, 13, 11, 11, 11, 13, 11, 13, 12, 12, 10, 11, 13, 12, 12, 10, 12, 13, 13, 13, 13, 12, 13, 10, 13, 13, 10, 12, 11, 13, 12, 13, 12], [11, 12, 13, 12, 10, 12, 11, 11, 12, 13, 10, 12, 11, 13, 12, 10, 12, 12, 10, 11, 10, 12, 11, 10, 13, 11, 12, 11, 12, 11, 11, 10, 11, 11, 11, 10, 10, 11, 10, 11], [13, 11, 11, 10, 10, 11, 11, 10, 11, 10, 10, 10, 12, 11, 10, 13, 10, 12, 13, 11, 11, 13, 12, 11, 12, 13, 13, 10, 11, 10, 11, 10, 10, 10, 11, 11, 11, 12, 10, 11], [11, 13, 12, 10, 11, 10, 10, 11, 12, 11, 10, 12, 13, 13, 12, 13, 10, 10, 11, 12, 11, 13, 13, 11, 13, 11, 12, 10, 12, 10, 13, 11, 11, 12, 10, 11, 12, 10, 13, 11], [10, 12, 10, 11, 12, 11, 13, 13, 12, 10, 12, 13, 11, 11, 11, 12, 11, 11, 11, 11, 13, 10, 11, 11, 10, 10, 12, 13, 13, 13, 13, 12, 10, 12, 11, 13, 13, 13, 12, 12], [11, 11, 10, 12, 12, 13, 10, 13, 11, 10, 12, 11, 10, 12, 11, 13, 13, 13, 13, 12, 10, 13, 10, 12, 10, 12, 13, 13, 13, 12, 12, 10, 10, 13, 13, 10, 13, 12, 11, 13], [10, 13, 10, 11, 10, 10, 13, 13, 10, 10, 11, 11, 13, 12, 10, 11, 12, 10, 10, 12, 13, 10, 13, 12, 13, 13, 12, 10, 10, 13, 10, 13, 11, 12, 13, 12, 12, 13, 10, 11], [11, 12, 11, 13, 12, 11, 10, 11, 11, 10, 10, 11, 12, 11, 10, 13, 11, 11, 12, 13, 11, 12, 10, 11, 13, 10, 12, 12, 12, 11, 11, 11, 12, 10, 13, 12, 11, 10, 12, 13], [12, 11, 13, 12, 13, 13, 11, 13, 12, 10, 13, 12, 12, 10, 11, 12, 11, 12, 11, 11, 13, 13, 13, 12, 13, 13, 11, 10, 11, 10, 12, 11, 12, 10, 13, 12, 11, 11, 11, 13], [12, 10, 11, 12, 12, 13, 11, 13, 11, 10, 13, 10, 12, 13, 13, 11, 11, 12, 12, 10, 10, 10, 13, 11, 12, 11, 10, 10, 12, 13, 10, 12, 12, 12, 13, 13, 13, 13, 13, 10], [11, 13, 12, 13, 13, 12, 11, 10, 10, 13, 11, 13, 12, 11, 10, 11, 11, 12, 12, 11, 12, 12, 13, 11, 10, 10, 11, 13, 13, 11, 10, 10, 11, 13, 13, 12, 11, 10, 12, 12], [10, 12, 11, 11, 11, 13, 12, 13, 13, 11, 10, 12, 12, 13, 12, 10, 12, 13, 13, 13, 13, 10, 10, 13, 12, 12, 10, 13, 13, 10, 11, 13, 10, 10, 10, 12, 11, 12, 12, 10], [13, 13, 13, 12, 10, 10, 13, 10, 12, 13, 12, 10, 12, 10, 13, 11, 13, 11, 10, 10, 12, 11, 11, 12, 12, 11, 10, 13, 11, 10, 11, 10, 12, 12, 11, 11, 10, 10, 12, 13], [13, 10, 11, 11, 11, 12, 13, 12, 11, 12, 10, 13, 11, 10, 12, 10, 13, 13, 12, 13, 12, 12, 13, 10, 12, 13, 10, 13, 13, 11, 10, 13, 12, 12, 10, 11, 13, 10, 11, 12], [12, 13, 10, 11, 11, 13, 10, 13, 11, 11, 11, 11, 10, 13, 11, 13, 13, 10, 11, 10, 12, 10, 12, 12, 13, 10, 11, 11, 13, 11, 11, 11, 12, 10, 13, 10, 13, 11, 11, 11], [10, 11, 12, 13, 10, 10, 11, 13, 11, 11, 10, 13, 10, 12, 10, 13, 12, 10, 13, 12, 12, 13, 10, 12, 10, 12, 12, 11, 11, 11, 11, 11, 10, 12, 10, 13, 13, 13, 10, 10], [10, 13, 11, 13, 13, 11, 13, 13, 10, 12, 11, 12, 12, 12, 11, 13, 10, 11, 10, 11, 11, 10, 10, 11, 12, 11, 12, 12, 13, 13, 11, 12, 12, 11, 11, 12, 11, 10, 11, 13], [11, 13, 12, 11, 12, 10, 11, 13, 11, 13, 10, 13, 12, 11, 11, 12, 10, 10, 13, 13, 11, 13, 11, 13, 12, 10, 10, 13, 10, 10, 11, 12, 13, 10, 11, 10, 10, 13, 12, 12], [12, 12, 11, 11, 10, 10, 13, 11, 11, 10, 13, 11, 11, 10, 12, 11, 13, 10, 12, 10, 11, 12, 11, 13, 12, 10, 12, 11, 12, 12, 11, 11, 12, 10, 12, 11, 10, 10, 12, 11], [11, 10, 11, 13, 10, 11, 11, 11, 13, 13, 10, 12, 12, 13, 10, 13, 11, 12, 10, 13, 12, 13, 11, 10, 10, 11, 12, 12, 11, 13, 11, 10, 13, 10, 13, 10, 10, 11, 13, 12], [11, 12, 13, 11, 12, 13, 12, 13, 10, 13, 10, 10, 11, 11, 12, 13, 11, 12, 13, 11, 13, 13, 10, 11, 11, 11, 11, 11, 10, 11, 11, 12, 12, 13, 13, 11, 10, 12, 11, 10], [12, 12, 12, 10, 10, 10, 10, 11, 11, 10, 10, 10, 10, 12, 13, 12, 13, 10, 10, 10, 12, 12, 13, 13, 10, 11, 10, 13, 10, 12, 12, 12, 13, 12, 12, 10, 13, 11, 10, 10], [13, 13, 13, 11, 11, 13, 11, 10, 10, 13, 13, 11, 10, 13, 13, 10, 10, 11, 11, 11, 10, 11, 12, 11, 12, 10, 11, 10, 11, 10, 12, 10, 10, 10, 13, 13, 12, 11, 10, 10], [11, 12, 13, 10, 10, 12, 13, 12, 11, 10, 11, 10, 10, 11, 13, 11, 13, 10, 10, 11, 10, 10, 11, 10, 13, 12, 13, 11, 12, 13, 10, 10, 11, 12, 13, 12, 12, 11, 10, 11], [13, 11, 12, 10, 13, 12, 13, 12, 12, 10, 12, 10, 13, 11, 10, 12, 11, 12, 10, 11, 11, 13, 12, 10, 13, 12, 10, 10, 12, 10, 11, 13, 13, 13, 12, 11, 12, 11, 11, 13], [13, 11, 10, 10, 10, 11, 13, 10, 13, 10, 10, 11, 10, 10, 10, 10, 13, 12, 11, 13, 12, 10, 13, 12, 11, 10, 12, 10, 13, 11, 11, 12, 12, 11, 12, 12, 12, 10, 11, 11], [12, 13, 12, 11, 11, 10, 12, 11, 12, 13, 13, 13, 11, 10, 11, 12, 10, 13, 10, 11, 13, 13, 11, 13, 11, 11, 12, 12, 13, 12, 11, 13, 13, 10, 11, 12, 12, 10, 10, 13], [10, 13, 12, 10, 11, 12, 12, 11, 10, 12, 11, 10, 12, 10, 12, 11, 10, 13, 12, 13, 13, 12, 13, 11, 11, 11, 13, 12, 11, 13, 13, 11, 10, 10, 10, 11, 10, 13, 11, 12], [13, 12, 12, 12, 13, 13, 13, 13, 11, 11, 12, 10, 11, 10, 12, 12, 10, 10, 13, 13, 13, 10, 10, 10, 10, 13, 13, 12, 12, 13, 11, 10, 13, 12, 11, 12, 10, 13, 11, 10], [13, 12, 12, 11, 10, 10, 12, 11, 12, 11, 11, 12, 13, 10, 11, 13, 10, 10, 13, 13, 11, 12, 12, 12, 12, 10, 13, 11, 11, 10, 12, 11, 13, 10, 13, 12, 10, 13, 12, 11], [11, 12, 11, 12, 10, 11, 11, 11, 10, 12, 12, 13, 12, 10, 11, 11, 11, 12, 13, 10, 12, 11, 12, 12, 12, 12, 10, 11, 12, 13, 12, 12, 13, 10, 12, 13, 10, 13, 10, 12], [13, 10, 12, 11, 13, 13, 10, 13, 11, 10, 12, 11, 12, 12, 12, 11, 12, 10, 10, 12, 11, 12, 13, 10, 11, 13, 13, 13, 13, 11, 13, 12, 13, 13, 13, 11, 12, 10, 11, 10], [11, 10, 13, 12, 11, 10, 11, 13, 13, 11, 13, 11, 13, 11, 12, 13, 13, 11, 13, 13, 13, 11, 13, 12, 10, 13, 10, 12, 12, 12, 12, 10, 13, 11, 12, 10, 12, 11, 13, 11], [10, 12, 12, 11, 10, 10, 12, 10, 10, 12, 13, 12, 13, 10, 12, 10, 11, 10, 11, 10, 13, 10, 13, 13, 10, 10, 12, 10, 11, 13, 11, 10, 10, 11, 10, 10, 13, 11, 12, 12], [11, 10, 11, 10, 11, 13, 11, 10, 12, 13, 12, 10, 13, 13, 13, 11, 12, 12, 10, 10, 11, 12, 11, 12, 11, 10, 10, 13, 11, 10, 11, 13, 10, 13, 11, 10, 10, 12, 13, 12], [12, 13, 12, 13, 10, 12, 12, 11, 12, 10, 12, 11, 11, 10, 10, 13, 10, 11, 10, 11, 13, 11, 10, 12, 10, 13, 12, 13, 11, 13, 11, 13, 10, 13, 13, 12, 13, 11, 10, 10], [10, 13, 12, 12, 13, 13, 11, 13, 12, 12, 12, 10, 13, 10, 13, 12, 11, 12, 13, 12, 11, 11, 11, 12, 12, 13, 10, 11, 13, 11, 11, 11, 12, 10, 10, 11, 12, 13, 13, 13], [13, 12, 11, 13, 11, 13, 10, 13, 10, 11, 10, 12, 13, 10, 11, 12, 11, 11, 11, 13, 10, 10, 12, 13, 13, 10, 10, 13, 11, 13, 12, 10, 13, 10, 10, 11, 13, 12, 10, 13], [12, 12, 13, 10, 11, 11, 12, 12, 11, 11, 11, 12, 11, 11, 12, 13, 11, 12, 10, 11, 10, 13, 10, 12, 10, 10, 11, 11, 13, 10, 12, 10, 10, 13, 12, 13, 10, 13, 12, 10], [11, 13, 13, 11, 10, 12, 11, 12, 11, 13, 13, 13, 11, 12, 10, 11, 12, 11, 10, 13, 13, 11, 10, 11, 12, 11, 13, 10, 12, 11, 12, 10, 10, 13, 13, 13, 12, 11, 13, 11], [10, 12, 12, 13, 13, 12, 13, 12, 10, 12, 13, 10, 10, 12, 10, 10, 10, 13, 11, 10, 10, 12, 10, 10, 13, 10, 13, 10, 11, 12, 12, 10, 11, 13, 11, 12, 10, 13, 11, 10], [11, 12, 13, 13, 12, 13, 12, 12, 12, 11, 12, 13, 13, 13, 11, 12, 13, 11, 11, 11, 12, 10, 11, 13, 13, 11, 13, 11, 10, 13, 10, 11, 12, 10, 13, 10, 11, 11, 10, 12], [12, 13, 13, 10, 13, 12, 13, 12, 13, 12, 12, 11, 13, 13, 10, 11, 11, 12, 13, 11, 13, 11, 12, 13, 13, 12, 13, 10, 13, 13, 13, 11, 10, 13, 13, 10, 12, 10, 11, 13]]
Inventory holding cost per unit of each product by the end of each period h: 
[[7, 8, 6, 6, 5, 5, 5, 5, 9, 5, 9, 6, 8, 5, 6, 5, 7, 7, 8, 7, 8, 8, 7, 9, 8, 8, 9, 8, 5, 5, 8, 9, 6, 7, 9, 5, 5, 7, 5, 8], [7, 6, 6, 5, 8, 6, 5, 8, 5, 7, 6, 6, 7, 9, 8, 8, 9, 9, 6, 7, 8, 6, 7, 9, 5, 6, 6, 6, 9, 8, 9, 6, 9, 6, 8, 9, 8, 7, 9, 5], [5, 8, 8, 7, 9, 8, 8, 5, 5, 5, 7, 7, 9, 8, 9, 9, 8, 9, 9, 8, 6, 6, 7, 7, 9, 9, 8, 5, 8, 6, 9, 6, 5, 7, 7, 8, 9, 9, 8, 8], [7, 6, 7, 7, 7, 8, 8, 7, 5, 5, 5, 6, 5, 5, 8, 9, 7, 5, 5, 8, 8, 8, 5, 7, 8, 8, 7, 5, 8, 8, 9, 7, 6, 5, 5, 5, 5, 5, 6, 9], [7, 9, 6, 7, 8, 9, 6, 6, 5, 7, 5, 5, 9, 8, 7, 9, 9, 9, 7, 5, 6, 8, 8, 7, 9, 7, 5, 7, 5, 8, 7, 7, 9, 6, 7, 9, 9, 6, 5, 8], [7, 9, 7, 5, 8, 9, 8, 7, 6, 7, 6, 5, 5, 7, 6, 9, 8, 7, 7, 6, 6, 6, 9, 7, 5, 8, 8, 6, 8, 6, 5, 7, 6, 6, 8, 8, 9, 7, 8, 7], [8, 8, 8, 8, 8, 5, 8, 7, 7, 6, 9, 9, 6, 7, 8, 7, 9, 6, 9, 8, 7, 5, 6, 5, 8, 5, 8, 9, 9, 8, 8, 9, 6, 9, 9, 7, 5, 7, 8, 6], [8, 7, 6, 6, 6, 5, 5, 5, 8, 9, 8, 8, 6, 5, 9, 6, 8, 6, 9, 5, 5, 7, 8, 9, 5, 5, 7, 9, 6, 8, 9, 6, 9, 5, 8, 6, 5, 8, 8, 7], [6, 7, 5, 9, 9, 6, 5, 7, 6, 8, 7, 8, 7, 9, 6, 9, 6, 5, 9, 8, 7, 7, 7, 8, 9, 7, 7, 5, 6, 9, 5, 5, 9, 5, 7, 9, 7, 6, 7, 5], [6, 9, 8, 7, 5, 9, 8, 7, 9, 6, 5, 7, 5, 9, 8, 6, 8, 9, 5, 5, 5, 6, 8, 8, 6, 8, 6, 9, 8, 9, 6, 8, 7, 6, 7, 8, 8, 9, 5, 8], [9, 5, 5, 6, 9, 9, 6, 8, 5, 8, 5, 9, 5, 9, 6, 5, 8, 6, 9, 5, 7, 7, 5, 5, 8, 7, 8, 7, 7, 5, 9, 7, 9, 8, 6, 9, 8, 9, 9, 7], [6, 8, 8, 8, 9, 8, 5, 7, 7, 6, 7, 7, 9, 8, 7, 9, 8, 8, 5, 5, 5, 5, 7, 7, 7, 6, 5, 7, 5, 8, 5, 8, 7, 8, 6, 7, 9, 7, 6, 5], [9, 5, 5, 7, 7, 5, 8, 5, 9, 9, 6, 5, 9, 6, 7, 8, 7, 6, 9, 5, 8, 8, 8, 5, 5, 7, 7, 9, 6, 8, 6, 7, 5, 8, 8, 5, 7, 7, 5, 7], [6, 7, 8, 5, 7, 9, 6, 8, 5, 8, 5, 5, 7, 6, 9, 8, 9, 9, 9, 9, 5, 5, 5, 7, 5, 7, 9, 9, 8, 6, 7, 9, 9, 8, 5, 6, 5, 9, 6, 7], [6, 9, 8, 7, 8, 7, 5, 9, 5, 6, 5, 5, 7, 7, 9, 9, 7, 5, 7, 5, 6, 7, 9, 6, 7, 6, 7, 7, 8, 5, 9, 7, 9, 6, 5, 7, 8, 6, 8, 5], [8, 8, 5, 5, 9, 5, 8, 9, 6, 7, 8, 6, 6, 8, 8, 7, 6, 9, 5, 9, 9, 5, 6, 5, 7, 9, 8, 6, 7, 7, 5, 7, 8, 8, 8, 8, 7, 6, 7, 7], [5, 9, 8, 6, 6, 8, 9, 7, 9, 8, 9, 8, 7, 9, 9, 5, 8, 8, 6, 9, 8, 5, 6, 6, 5, 7, 6, 7, 6, 9, 9, 8, 8, 7, 6, 9, 7, 7, 9, 8], [9, 8, 9, 7, 6, 6, 9, 7, 8, 8, 8, 9, 6, 6, 5, 8, 8, 9, 5, 5, 6, 9, 6, 5, 9, 9, 6, 8, 9, 9, 7, 5, 9, 6, 8, 6, 9, 9, 5, 6], [8, 5, 5, 9, 8, 7, 5, 5, 7, 9, 8, 9, 9, 5, 7, 9, 5, 6, 8, 9, 9, 9, 6, 5, 8, 7, 8, 7, 9, 5, 5, 6, 9, 7, 6, 7, 6, 9, 6, 6], [8, 8, 8, 6, 8, 8, 5, 6, 6, 7, 7, 6, 7, 7, 6, 7, 8, 7, 9, 9, 7, 6, 9, 7, 6, 7, 5, 7, 6, 7, 6, 7, 5, 6, 5, 7, 8, 6, 6, 9], [6, 9, 9, 9, 5, 5, 6, 6, 6, 5, 8, 8, 9, 8, 6, 9, 9, 7, 7, 7, 6, 8, 5, 5, 7, 5, 6, 6, 7, 6, 9, 5, 8, 6, 9, 6, 5, 8, 9, 5], [9, 7, 9, 9, 6, 5, 5, 8, 8, 6, 9, 7, 6, 5, 9, 5, 7, 6, 7, 7, 5, 6, 9, 5, 7, 9, 8, 8, 9, 6, 5, 6, 7, 6, 8, 9, 6, 5, 7, 5], [7, 9, 5, 9, 7, 7, 5, 5, 8, 8, 8, 8, 6, 7, 8, 9, 6, 7, 8, 7, 9, 5, 7, 8, 5, 7, 5, 7, 5, 5, 8, 6, 6, 7, 9, 7, 5, 6, 5, 7], [5, 5, 6, 9, 6, 5, 5, 8, 7, 9, 6, 8, 7, 9, 9, 5, 8, 7, 9, 9, 8, 8, 9, 5, 6, 7, 9, 9, 7, 5, 8, 6, 5, 6, 9, 7, 7, 7, 5, 5], [5, 8, 7, 8, 8, 8, 7, 7, 9, 5, 7, 7, 5, 6, 5, 5, 7, 7, 6, 6, 7, 8, 7, 7, 9, 6, 5, 9, 9, 7, 7, 8, 8, 5, 9, 9, 7, 9, 9, 5], [8, 6, 9, 9, 6, 8, 5, 8, 6, 5, 9, 5, 7, 5, 8, 6, 9, 7, 7, 5, 9, 7, 5, 6, 6, 6, 8, 5, 6, 5, 9, 9, 9, 8, 9, 7, 9, 8, 5, 5], [6, 6, 7, 9, 7, 6, 6, 9, 9, 8, 8, 5, 8, 9, 8, 6, 9, 7, 7, 8, 8, 8, 8, 5, 8, 7, 9, 8, 6, 8, 6, 7, 5, 9, 6, 7, 9, 7, 7, 7], [8, 8, 7, 9, 5, 7, 7, 5, 8, 7, 5, 5, 5, 6, 9, 6, 9, 9, 7, 7, 8, 9, 8, 9, 7, 6, 7, 8, 7, 9, 5, 9, 9, 9, 7, 5, 8, 9, 9, 7], [8, 6, 7, 6, 8, 7, 9, 9, 6, 5, 5, 9, 8, 6, 8, 8, 6, 6, 9, 8, 9, 6, 9, 6, 9, 5, 5, 8, 7, 8, 8, 8, 6, 6, 7, 8, 9, 7, 6, 8], [7, 9, 7, 5, 6, 5, 7, 7, 6, 7, 8, 8, 6, 9, 9, 9, 8, 9, 9, 6, 6, 7, 9, 5, 6, 5, 5, 5, 7, 6, 9, 5, 6, 5, 5, 8, 7, 9, 6, 9], [7, 5, 5, 6, 5, 7, 7, 6, 9, 5, 8, 9, 6, 6, 7, 6, 7, 5, 7, 5, 7, 9, 7, 7, 8, 9, 9, 9, 5, 7, 9, 7, 8, 5, 8, 8, 8, 5, 6, 5], [7, 8, 9, 9, 8, 6, 9, 7, 6, 7, 8, 5, 8, 9, 9, 9, 6, 6, 8, 8, 7, 8, 7, 7, 8, 6, 9, 9, 6, 6, 5, 8, 9, 9, 6, 7, 6, 6, 7, 9], [6, 5, 8, 7, 6, 6, 7, 9, 9, 9, 8, 6, 8, 5, 7, 7, 6, 9, 6, 8, 7, 6, 8, 5, 6, 8, 7, 6, 5, 5, 6, 5, 9, 7, 6, 7, 5, 9, 5, 8], [7, 8, 8, 7, 7, 7, 5, 6, 5, 9, 7, 6, 7, 6, 8, 6, 7, 8, 5, 9, 5, 5, 9, 8, 9, 6, 9, 6, 5, 5, 5, 9, 5, 9, 7, 8, 5, 8, 9, 8], [9, 8, 9, 9, 7, 7, 9, 6, 8, 5, 5, 7, 9, 8, 9, 7, 9, 9, 5, 8, 6, 8, 9, 7, 9, 9, 9, 7, 7, 9, 5, 7, 8, 6, 6, 6, 7, 9, 7, 5], [6, 5, 5, 7, 6, 9, 7, 7, 6, 5, 9, 5, 5, 7, 5, 8, 8, 7, 7, 6, 7, 9, 7, 9, 7, 6, 7, 9, 8, 5, 6, 5, 8, 8, 5, 9, 8, 5, 6, 7], [6, 5, 9, 9, 7, 6, 9, 6, 9, 8, 6, 9, 6, 6, 8, 6, 5, 9, 7, 8, 8, 9, 5, 6, 5, 6, 5, 6, 6, 9, 5, 5, 7, 9, 6, 6, 9, 8, 7, 8], [7, 9, 9, 9, 8, 5, 8, 6, 9, 5, 8, 5, 7, 6, 8, 6, 7, 5, 8, 9, 5, 9, 5, 8, 5, 5, 7, 5, 5, 8, 6, 9, 7, 5, 8, 6, 6, 8, 9, 9], [7, 9, 9, 8, 9, 5, 8, 6, 5, 6, 6, 8, 7, 7, 5, 6, 7, 6, 7, 9, 8, 9, 9, 5, 8, 6, 9, 9, 7, 6, 6, 5, 5, 5, 9, 9, 6, 8, 9, 9], [5, 7, 9, 7, 6, 6, 6, 6, 7, 9, 6, 5, 7, 7, 8, 5, 7, 5, 6, 9, 8, 5, 5, 8, 5, 8, 5, 6, 7, 6, 8, 5, 5, 7, 6, 9, 7, 8, 7, 9], [7, 6, 5, 7, 8, 5, 7, 5, 6, 5, 7, 8, 9, 5, 8, 7, 7, 5, 5, 5, 9, 8, 6, 8, 8, 9, 5, 8, 5, 9, 8, 8, 6, 5, 9, 5, 9, 9, 7, 8], [6, 8, 8, 8, 8, 6, 9, 9, 6, 7, 7, 8, 7, 8, 9, 7, 9, 7, 7, 8, 6, 7, 6, 6, 9, 9, 7, 7, 9, 9, 7, 9, 8, 7, 6, 9, 6, 8, 7, 7], [7, 9, 5, 5, 6, 5, 8, 8, 6, 6, 9, 7, 9, 8, 9, 7, 6, 6, 9, 9, 5, 5, 7, 8, 6, 6, 7, 7, 9, 8, 8, 6, 7, 7, 7, 6, 5, 6, 5, 5], [7, 7, 8, 5, 9, 6, 9, 6, 9, 7, 7, 8, 6, 6, 8, 6, 9, 8, 5, 6, 6, 9, 9, 5, 7, 9, 6, 8, 7, 6, 9, 9, 7, 5, 8, 9, 8, 5, 6, 5], [5, 5, 9, 9, 8, 9, 8, 9, 7, 7, 8, 9, 8, 8, 5, 5, 9, 8, 6, 6, 6, 7, 8, 5, 8, 9, 6, 7, 8, 5, 7, 9, 5, 9, 6, 5, 9, 8, 7, 7], [9, 5, 5, 5, 7, 9, 5, 9, 5, 7, 6, 8, 7, 7, 8, 7, 6, 5, 9, 8, 8, 5, 7, 8, 7, 7, 8, 7, 9, 8, 8, 8, 9, 8, 6, 7, 9, 5, 7, 9], [6, 5, 7, 9, 7, 9, 9, 6, 7, 6, 6, 5, 6, 8, 9, 7, 8, 9, 5, 5, 9, 8, 7, 7, 7, 8, 7, 7, 8, 8, 5, 9, 9, 6, 9, 8, 6, 8, 5, 8], [7, 5, 5, 6, 6, 7, 7, 5, 6, 9, 9, 9, 9, 9, 5, 5, 7, 7, 5, 5, 6, 5, 6, 6, 9, 7, 8, 7, 8, 8, 7, 7, 9, 6, 6, 6, 8, 7, 8, 9], [6, 8, 6, 6, 7, 8, 8, 7, 7, 7, 6, 6, 8, 8, 7, 5, 9, 8, 5, 6, 5, 6, 6, 9, 7, 8, 7, 7, 7, 7, 6, 5, 7, 9, 9, 9, 9, 8, 9, 6], [7, 6, 9, 8, 9, 8, 9, 9, 7, 7, 9, 8, 7, 6, 6, 7, 8, 7, 7, 6, 6, 7, 7, 7, 6, 9, 9, 7, 7, 5, 7, 8, 6, 9, 8, 8, 8, 9, 8, 8], [6, 8, 5, 8, 5, 9, 7, 9, 6, 8, 6, 6, 5, 7, 7, 8, 5, 8, 9, 9, 9, 7, 8, 6, 8, 6, 6, 5, 5, 5, 8, 6, 5, 9, 8, 9, 5, 9, 6, 5], [5, 5, 8, 8, 6, 7, 8, 6, 8, 6, 7, 7, 8, 8, 8, 8, 8, 7, 9, 9, 6, 7, 8, 7, 7, 8, 7, 5, 8, 5, 6, 8, 9, 5, 7, 9, 5, 9, 7, 7], [8, 7, 7, 5, 6, 9, 6, 8, 7, 9, 5, 9, 9, 7, 5, 6, 9, 7, 5, 6, 8, 6, 6, 9, 5, 9, 5, 7, 6, 6, 9, 6, 9, 6, 6, 6, 9, 5, 6, 7], [6, 5, 8, 5, 6, 6, 7, 8, 5, 7, 7, 5, 9, 9, 6, 7, 8, 7, 9, 7, 7, 9, 7, 5, 7, 6, 6, 8, 5, 8, 8, 9, 7, 5, 7, 7, 9, 7, 6, 6], [7, 7, 9, 9, 6, 8, 6, 9, 9, 6, 8, 8, 9, 5, 8, 9, 5, 9, 8, 6, 9, 6, 9, 6, 9, 8, 6, 9, 7, 6, 7, 6, 6, 6, 6, 8, 6, 8, 6, 9]]
Demand for each product in each period d: 
[[44, 1, 43, 46, 4, 45, 15, 2, 7, 41, 38, 2, 40, 41, 3, 9, 0, 39, 0, 9, 41, 27, 5, 4, 10, 10, 14, 0, 42, 1, 0, 44, 33, 23, 17, 5, 49, 47, 48, 36], [6, 7, 39, 6, 35, 28, 2, 23, 35, 39, 18, 29, 37, 0, 35, 34, 0, 34, 25, 30, 17, 46, 46, 43, 49, 0, 17, 34, 22, 27, 44, 16, 21, 0, 42, 46, 13, 31, 24, 9], [33, 42, 13, 33, 37, 46, 33, 9, 18, 46, 49, 40, 39, 7, 45, 25, 32, 7, 10, 23, 18, 6, 17, 25, 33, 3, 49, 20, 40, 21, 14, 45, 11, 6, 14, 26, 2, 6, 19, 1], [2, 17, 27, 45, 19, 32, 44, 24, 43, 35, 35, 8, 18, 4, 45, 17, 12, 0, 0, 14, 11, 20, 8, 37, 0, 4, 21, 21, 31, 2, 33, 23, 25, 22, 2, 30, 25, 10, 10, 27], [46, 16, 44, 11, 43, 8, 7, 28, 5, 5, 31, 20, 34, 22, 27, 0, 21, 35, 36, 34, 28, 35, 36, 0, 16, 48, 10, 9, 21, 3, 24, 34, 42, 35, 5, 45, 2, 37, 24, 22], [7, 0, 26, 39, 11, 30, 26, 25, 6, 41, 0, 20, 16, 5, 33, 40, 39, 42, 40, 38, 26, 3, 1, 13, 12, 11, 49, 8, 1, 15, 37, 29, 1, 32, 0, 1, 11, 33, 30, 0], [26, 3, 30, 5, 5, 0, 49, 2, 17, 24, 0, 0, 9, 25, 43, 29, 40, 13, 43, 0, 27, 3, 13, 6, 3, 18, 6, 9, 36, 26, 4, 24, 0, 41, 46, 30, 33, 1, 11, 12], [26, 13, 16, 25, 11, 27, 0, 34, 0, 0, 49, 40, 18, 30, 42, 0, 31, 6, 16, 43, 4, 10, 6, 42, 29, 5, 23, 32, 2, 24, 11, 48, 26, 20, 43, 14, 22, 30, 23, 16], [2, 6, 2, 40, 15, 29, 16, 38, 47, 37, 32, 46, 23, 7, 17, 32, 1, 16, 8, 4, 19, 25, 33, 0, 28, 22, 27, 6, 28, 25, 16, 8, 37, 40, 6, 15, 22, 17, 48, 16], [0, 35, 34, 13, 3, 25, 23, 0, 49, 8, 29, 18, 41, 48, 20, 20, 0, 12, 34, 36, 27, 39, 36, 39, 22, 13, 43, 48, 24, 40, 34, 14, 6, 16, 22, 10, 42, 40, 18, 36], [33, 30, 33, 47, 14, 1, 41, 38, 1, 0, 40, 18, 37, 10, 18, 17, 41, 18, 39, 20, 48, 24, 6, 44, 9, 18, 37, 0, 10, 1, 18, 12, 20, 13, 0, 29, 27, 49, 24, 28], [38, 44, 24, 29, 34, 23, 25, 48, 41, 29, 33, 45, 23, 0, 31, 32, 22, 0, 28, 20, 0, 17, 1, 42, 47, 4, 20, 40, 40, 7, 9, 39, 0, 32, 9, 27, 23, 47, 5, 43], [8, 28, 39, 37, 29, 42, 3, 7, 17, 36, 42, 0, 48, 18, 3, 6, 21, 0, 32, 6, 0, 26, 36, 32, 24, 43, 40, 1, 17, 49, 19, 35, 11, 20, 1, 42, 25, 0, 40, 11], [33, 33, 12, 0, 3, 37, 28, 23, 44, 17, 29, 12, 12, 3, 38, 20, 19, 43, 34, 2, 16, 36, 7, 20, 34, 25, 24, 21, 35, 6, 29, 4, 42, 14, 11, 41, 27, 21, 36, 5], [17, 48, 26, 18, 29, 47, 19, 47, 26, 43, 0, 37, 44, 45, 0, 20, 30, 30, 21, 23, 33, 4, 38, 31, 25, 41, 17, 6, 7, 17, 0, 0, 37, 43, 22, 32, 23, 26, 6, 49], [24, 44, 31, 0, 0, 0, 13, 44, 18, 20, 32, 0, 7, 39, 20, 30, 31, 19, 30, 28, 23, 46, 9, 0, 46, 10, 32, 6, 39, 17, 20, 18, 13, 10, 29, 26, 5, 29, 2, 21], [48, 27, 0, 36, 45, 7, 27, 46, 23, 4, 45, 25, 30, 29, 47, 15, 10, 18, 36, 41, 19, 34, 24, 45, 29, 36, 17, 49, 21, 46, 24, 41, 33, 0, 0, 25, 6, 26, 46, 15], [0, 0, 14, 9, 45, 26, 14, 2, 0, 40, 9, 16, 7, 35, 0, 27, 37, 3, 15, 43, 28, 25, 7, 42, 26, 0, 33, 42, 17, 48, 29, 0, 41, 0, 20, 26, 16, 3, 4, 49], [15, 2, 22, 43, 25, 48, 25, 44, 34, 33, 28, 21, 40, 14, 0, 39, 1, 0, 0, 28, 49, 43, 49, 49, 2, 15, 6, 42, 30, 15, 34, 0, 35, 21, 37, 17, 11, 20, 29, 48], [28, 16, 1, 40, 23, 23, 6, 1, 24, 31, 47, 39, 4, 3, 23, 41, 13, 26, 10, 17, 22, 14, 41, 30, 43, 19, 25, 22, 41, 42, 45, 5, 26, 6, 13, 39, 7, 45, 2, 26], [22, 46, 43, 26, 9, 40, 32, 11, 49, 28, 39, 5, 20, 36, 10, 0, 28, 6, 9, 14, 10, 45, 14, 23, 29, 0, 0, 39, 22, 24, 45, 29, 44, 20, 12, 14, 16, 18, 36, 10], [23, 11, 8, 39, 39, 12, 5, 14, 33, 15, 6, 21, 25, 0, 18, 0, 30, 11, 44, 6, 35, 23, 4, 27, 34, 30, 0, 28, 31, 29, 26, 12, 15, 33, 47, 42, 7, 24, 1, 18], [26, 7, 15, 15, 0, 28, 41, 7, 7, 45, 42, 6, 6, 36, 6, 21, 41, 15, 28, 26, 18, 47, 8, 27, 43, 27, 31, 29, 7, 0, 46, 45, 23, 28, 11, 26, 13, 19, 10, 43], [49, 32, 5, 25, 39, 48, 1, 42, 28, 23, 24, 8, 47, 23, 30, 15, 43, 9, 39, 0, 11, 17, 32, 4, 39, 10, 1, 4, 38, 11, 46, 36, 48, 19, 8, 3, 0, 46, 5, 49], [7, 44, 31, 8, 8, 20, 6, 13, 48, 5, 25, 15, 29, 7, 47, 26, 46, 17, 37, 24, 46, 37, 37, 0, 48, 2, 11, 0, 7, 34, 15, 4, 9, 47, 6, 15, 37, 24, 49, 10], [19, 42, 23, 0, 32, 39, 24, 34, 19, 32, 26, 8, 0, 28, 27, 39, 24, 23, 33, 48, 47, 4, 39, 15, 15, 1, 4, 34, 20, 0, 20, 31, 13, 9, 9, 47, 49, 42, 29, 14], [20, 5, 30, 3, 5, 11, 4, 11, 15, 38, 36, 33, 24, 8, 0, 9, 49, 31, 4, 16, 4, 30, 47, 18, 33, 35, 26, 7, 34, 47, 41, 35, 36, 3, 14, 12, 19, 26, 17, 18], [0, 38, 10, 13, 18, 19, 45, 48, 32, 13, 4, 14, 34, 1, 46, 32, 27, 32, 12, 37, 13, 35, 1, 48, 13, 27, 25, 32, 19, 5, 35, 47, 20, 3, 49, 10, 4, 26, 35, 5], [12, 17, 21, 16, 23, 28, 1, 7, 2, 47, 1, 21, 28, 32, 30, 26, 8, 46, 3, 47, 0, 20, 23, 19, 2, 6, 27, 23, 1, 32, 39, 17, 16, 33, 37, 43, 10, 40, 7, 0], [17, 1, 7, 12, 33, 5, 9, 48, 2, 16, 16, 46, 32, 12, 23, 15, 46, 41, 4, 49, 32, 29, 5, 46, 16, 28, 30, 13, 47, 20, 28, 11, 22, 46, 15, 0, 25, 27, 22, 35], [41, 23, 9, 23, 3, 37, 0, 46, 47, 9, 42, 12, 38, 8, 13, 32, 0, 7, 27, 26, 39, 19, 3, 32, 2, 39, 0, 47, 39, 26, 15, 24, 4, 41, 30, 0, 26, 4, 41, 33], [36, 33, 33, 26, 21, 1, 13, 21, 1, 15, 30, 6, 35, 32, 48, 24, 26, 17, 47, 37, 17, 15, 22, 20, 15, 37, 34, 16, 7, 7, 30, 22, 11, 41, 13, 26, 42, 38, 3, 6], [34, 19, 24, 47, 0, 47, 31, 39, 6, 14, 12, 5, 18, 17, 48, 13, 44, 42, 8, 40, 48, 48, 46, 13, 24, 48, 31, 2, 25, 36, 29, 48, 19, 46, 23, 37, 25, 8, 40, 9], [31, 24, 40, 20, 1, 13, 20, 5, 6, 1, 32, 0, 18, 31, 17, 18, 4, 30, 24, 18, 5, 40, 35, 10, 15, 3, 3, 6, 26, 48, 16, 20, 22, 6, 26, 11, 4, 45, 41, 41], [38, 20, 20, 36, 39, 28, 0, 40, 33, 15, 22, 32, 41, 29, 13, 43, 5, 34, 48, 21, 46, 30, 20, 16, 13, 0, 47, 28, 20, 22, 25, 33, 0, 13, 42, 15, 44, 29, 17, 37], [36, 11, 37, 28, 17, 36, 46, 15, 15, 45, 30, 28, 24, 43, 33, 34, 37, 0, 2, 39, 48, 30, 44, 7, 17, 30, 33, 0, 41, 40, 6, 23, 10, 33, 8, 8, 20, 24, 20, 36], [42, 31, 3, 11, 35, 48, 11, 43, 30, 22, 38, 11, 14, 18, 34, 30, 41, 45, 0, 1, 22, 29, 42, 35, 3, 28, 27, 39, 5, 0, 44, 2, 47, 0, 9, 39, 7, 19, 7, 11], [40, 44, 3, 15, 17, 27, 20, 26, 20, 23, 0, 24, 0, 17, 39, 37, 21, 26, 49, 7, 27, 1, 49, 16, 17, 37, 19, 5, 16, 25, 27, 23, 4, 45, 14, 7, 42, 26, 5, 29], [7, 2, 47, 14, 38, 6, 41, 18, 19, 37, 44, 43, 3, 33, 25, 15, 21, 4, 5, 46, 42, 3, 13, 4, 13, 41, 29, 10, 32, 41, 21, 45, 20, 31, 26, 0, 11, 0, 37, 32], [41, 0, 40, 3, 5, 14, 5, 26, 16, 36, 13, 44, 5, 41, 13, 2, 24, 32, 41, 22, 1, 26, 40, 41, 26, 27, 13, 37, 13, 45, 26, 0, 34, 15, 20, 35, 24, 34, 34, 12], [43, 44, 32, 14, 14, 29, 14, 38, 15, 26, 45, 2, 11, 33, 25, 0, 24, 10, 0, 48, 18, 19, 36, 10, 4, 26, 45, 30, 2, 10, 24, 23, 38, 30, 44, 25, 41, 15, 27, 11], [12, 21, 5, 11, 4, 15, 29, 27, 30, 4, 3, 49, 25, 0, 49, 33, 41, 13, 44, 1, 16, 7, 0, 10, 36, 0, 19, 20, 45, 6, 23, 36, 17, 24, 47, 2, 3, 11, 29, 15], [34, 31, 31, 49, 48, 10, 6, 46, 25, 0, 0, 9, 20, 13, 35, 0, 19, 5, 19, 33, 32, 33, 41, 8, 37, 32, 11, 43, 0, 33, 29, 10, 36, 37, 36, 27, 11, 47, 39, 34], [33, 10, 48, 38, 0, 35, 47, 14, 21, 3, 19, 17, 2, 39, 45, 16, 41, 23, 44, 10, 11, 18, 26, 13, 0, 30, 22, 39, 40, 13, 42, 0, 5, 30, 9, 28, 45, 32, 44, 45], [0, 41, 26, 47, 18, 32, 28, 40, 24, 14, 36, 21, 19, 24, 14, 28, 43, 25, 22, 11, 15, 41, 33, 9, 6, 28, 30, 28, 0, 7, 48, 38, 25, 41, 37, 48, 0, 16, 3, 31], [35, 23, 8, 43, 38, 9, 37, 14, 45, 5, 38, 35, 34, 23, 0, 47, 22, 11, 11, 33, 0, 27, 1, 46, 27, 31, 32, 26, 44, 0, 44, 32, 34, 9, 48, 5, 27, 40, 46, 15], [2, 29, 38, 0, 21, 2, 26, 49, 13, 13, 26, 34, 35, 26, 0, 26, 30, 23, 24, 25, 7, 43, 47, 18, 28, 21, 0, 3, 1, 41, 43, 18, 0, 0, 30, 41, 32, 28, 41, 36], [20, 16, 3, 17, 33, 48, 30, 41, 18, 8, 40, 29, 27, 20, 5, 26, 10, 35, 2, 34, 20, 8, 17, 28, 13, 44, 47, 7, 46, 46, 8, 40, 27, 35, 35, 16, 7, 18, 46, 11], [41, 36, 1, 47, 29, 42, 4, 24, 16, 43, 40, 32, 16, 12, 30, 23, 11, 0, 11, 27, 13, 36, 5, 35, 0, 36, 43, 16, 0, 26, 49, 15, 6, 21, 0, 49, 7, 15, 25, 22], [18, 12, 17, 2, 25, 44, 41, 39, 38, 10, 4, 44, 38, 25, 1, 33, 8, 24, 15, 34, 28, 16, 22, 46, 21, 19, 23, 32, 14, 34, 27, 0, 5, 48, 32, 0, 42, 43, 47, 10], [47, 0, 37, 17, 11, 24, 7, 3, 20, 47, 27, 1, 18, 33, 40, 0, 17, 17, 2, 35, 9, 36, 9, 3, 5, 37, 41, 0, 0, 12, 23, 31, 10, 2, 46, 6, 32, 38, 0, 4], [3, 38, 9, 24, 46, 9, 0, 24, 39, 17, 43, 10, 41, 0, 40, 21, 21, 43, 18, 37, 3, 49, 15, 34, 49, 42, 11, 37, 16, 33, 6, 46, 0, 23, 12, 13, 0, 25, 43, 0], [9, 9, 33, 39, 37, 1, 11, 27, 10, 43, 7, 26, 0, 43, 22, 7, 39, 20, 16, 32, 20, 20, 35, 20, 48, 29, 7, 22, 44, 4, 10, 0, 39, 1, 22, 27, 18, 38, 21, 20], [31, 19, 24, 14, 23, 0, 7, 4, 22, 24, 41, 27, 47, 44, 47, 45, 37, 20, 37, 32, 12, 6, 30, 26, 23, 31, 39, 46, 7, 31, 4, 1, 24, 45, 8, 11, 48, 26, 2, 1], [15, 8, 25, 44, 21, 13, 8, 4, 39, 15, 42, 46, 38, 33, 30, 42, 1, 39, 31, 4, 0, 14, 45, 39, 14, 35, 20, 31, 42, 35, 34, 2, 41, 32, 11, 0, 20, 37, 0, 15]]
Maintenance cost in each period m: 
[79315, 81313, 79801, 79684, 78106, 78446, 81863, 78379, 78898, 78627, 79511, 78266, 81942, 81186, 79271, 79368, 79348, 79557, 81550, 80936, 79852, 81819, 80832, 79036, 79756, 80869, 80413, 78554, 79208, 81243, 80839, 81246, 81739, 80667, 80528, 80153, 80380, 79908, 80643, 78783]
Maximum capacity of the machine cmax: 
2200