Set of periods in the planning horizon T: 
25
Set of products P: 
25
Capacity reduction coefficient alpha: 
0.8
Relative decrease of capacity per set up gamma: 
0.21
Capacity reduction coefficient due to product types beta: 
[0.39, 0.24, 0.23, 0.24, 0.28, 0.37, 0.29, 0.4, 0.23, 0.34, 0.26, 0.28, 0.21, 0.35, 0.35, 0.32, 0.29, 0.37, 0.4, 0.32, 0.26, 0.22, 0.32, 0.25, 0.3]
Fixed production cost of each product in each period f: 
[[984, 644, 848, 756, 599, 988, 729, 623, 648, 812, 622, 766, 861, 970, 610, 597, 535, 741, 935, 592, 688, 931, 523, 588, 514], [582, 673, 533, 902, 722, 754, 537, 770, 874, 729, 867, 678, 969, 601, 560, 559, 889, 693, 692, 699, 581, 827, 866, 583, 977], [611, 937, 553, 820, 834, 660, 758, 647, 916, 947, 630, 738, 829, 589, 715, 843, 873, 813, 857, 799, 742, 647, 597, 684, 756], [631, 526, 804, 656, 942, 657, 744, 780, 925, 973, 932, 513, 967, 981, 752, 999, 588, 549, 856, 836, 822, 880, 911, 661, 632], [645, 862, 689, 862, 695, 676, 615, 628, 708, 500, 672, 941, 703, 718, 892, 980, 828, 501, 825, 596, 539, 870, 605, 740, 505], [694, 871, 959, 886, 846, 558, 649, 575, 977, 851, 792, 774, 666, 935, 934, 850, 715, 532, 788, 649, 644, 653, 762, 673, 812], [626, 546, 619, 679, 636, 687, 539, 762, 649, 900, 928, 570, 702, 979, 939, 841, 522, 981, 963, 712, 677, 850, 706, 983, 682], [980, 510, 561, 851, 752, 646, 590, 994, 847, 836, 657, 893, 648, 951, 648, 795, 767, 867, 709, 786, 508, 894, 844, 819, 969], [722, 646, 681, 936, 930, 581, 709, 501, 688, 999, 647, 665, 926, 841, 554, 713, 653, 756, 637, 687, 878, 945, 808, 565, 735], [596, 733, 979, 675, 866, 686, 594, 917, 647, 785, 693, 698, 645, 618, 760, 955, 856, 859, 797, 780, 671, 828, 975, 877, 693], [578, 674, 924, 628, 925, 593, 789, 590, 567, 607, 926, 793, 783, 827, 666, 604, 749, 960, 968, 872, 825, 718, 530, 831, 782], [914, 878, 987, 643, 838, 822, 574, 839, 797, 983, 961, 778, 566, 746, 891, 918, 940, 877, 582, 802, 681, 850, 625, 960, 855], [995, 581, 788, 732, 640, 605, 803, 804, 546, 860, 839, 963, 874, 842, 882, 918, 916, 876, 939, 760, 653, 541, 682, 763, 602], [787, 536, 506, 713, 665, 936, 705, 506, 605, 988, 682, 617, 746, 905, 886, 812, 737, 513, 944, 772, 921, 900, 766, 667, 526], [532, 769, 903, 765, 823, 754, 736, 813, 753, 741, 556, 873, 944, 704, 760, 860, 711, 636, 591, 862, 937, 643, 806, 699, 605], [813, 783, 712, 576, 839, 872, 737, 918, 580, 901, 938, 900, 616, 516, 695, 554, 785, 633, 568, 925, 784, 948, 881, 502, 593], [960, 782, 771, 545, 790, 810, 914, 986, 830, 562, 946, 849, 623, 608, 984, 829, 564, 842, 774, 627, 992, 822, 749, 845, 849], [929, 598, 910, 880, 530, 856, 857, 771, 817, 918, 798, 616, 921, 798, 737, 925, 774, 692, 975, 921, 510, 800, 979, 981, 858], [737, 647, 960, 854, 763, 529, 563, 787, 834, 947, 809, 939, 784, 634, 772, 915, 609, 789, 951, 638, 804, 824, 675, 564, 789], [961, 973, 869, 823, 516, 645, 775, 831, 774, 518, 909, 881, 512, 828, 934, 778, 509, 974, 948, 545, 624, 528, 725, 950, 995], [820, 764, 959, 929, 912, 832, 695, 573, 923, 996, 890, 744, 751, 941, 772, 790, 735, 663, 699, 532, 833, 896, 678, 836, 897], [994, 939, 605, 522, 604, 736, 527, 584, 567, 523, 784, 859, 763, 906, 742, 815, 880, 753, 632, 528, 606, 862, 502, 587, 883], [892, 805, 505, 904, 802, 822, 713, 961, 946, 950, 617, 653, 613, 824, 514, 818, 501, 992, 837, 963, 778, 654, 941, 864, 666], [521, 995, 605, 809, 789, 761, 536, 655, 625, 576, 533, 714, 861, 994, 695, 871, 818, 595, 961, 633, 766, 887, 889, 764, 771], [698, 587, 756, 936, 702, 666, 572, 562, 580, 917, 860, 503, 735, 857, 535, 515, 883, 824, 567, 799, 681, 551, 711, 708, 770]]
Variable production cost per unit of each product in each period p: 
[[10, 11, 10, 12, 11, 13, 11, 10, 10, 13, 12, 10, 13, 12, 10, 13, 13, 12, 13, 12, 13, 13, 13, 10, 10], [10, 13, 10, 12, 10, 10, 13, 12, 13, 13, 10, 11, 10, 10, 11, 13, 13, 13, 13, 10, 12, 10, 13, 13, 11], [12, 10, 10, 12, 10, 12, 13, 13, 11, 10, 13, 10, 12, 10, 13, 10, 10, 13, 13, 10, 12, 10, 13, 10, 10], [12, 11, 10, 11, 11, 12, 11, 11, 11, 10, 10, 12, 11, 11, 13, 13, 12, 13, 10, 11, 12, 12, 10, 12, 11], [11, 11, 10, 13, 10, 10, 13, 11, 11, 12, 10, 12, 11, 11, 11, 12, 13, 10, 12, 10, 10, 11, 11, 13, 13], [13, 12, 13, 12, 11, 11, 13, 10, 13, 12, 11, 12, 12, 11, 12, 13, 10, 13, 12, 11, 13, 11, 10, 10, 13], [11, 11, 12, 10, 13, 11, 10, 10, 10, 12, 12, 11, 13, 13, 13, 11, 10, 11, 10, 12, 13, 12, 10, 13, 12], [12, 13, 13, 11, 11, 11, 11, 12, 12, 11, 10, 11, 10, 11, 13, 11, 13, 11, 13, 10, 13, 10, 12, 11, 13], [10, 11, 10, 10, 10, 11, 13, 10, 11, 10, 13, 10, 10, 10, 11, 13, 13, 11, 13, 12, 11, 11, 12, 12, 13], [11, 13, 13, 10, 12, 10, 12, 10, 11, 13, 13, 13, 12, 13, 12, 11, 10, 12, 11, 10, 11, 10, 11, 12, 12], [12, 10, 11, 13, 10, 12, 10, 11, 12, 13, 10, 13, 12, 12, 11, 11, 12, 13, 13, 13, 13, 12, 12, 13, 12], [13, 13, 13, 13, 10, 13, 10, 12, 12, 12, 12, 11, 10, 11, 13, 13, 12, 10, 11, 10, 13, 11, 13, 13, 13], [13, 11, 12, 11, 10, 12, 10, 13, 10, 13, 11, 12, 12, 12, 13, 12, 13, 13, 11, 11, 11, 13, 10, 12, 11], [11, 12, 12, 10, 10, 12, 11, 10, 10, 13, 10, 12, 10, 11, 13, 11, 11, 11, 13, 11, 12, 11, 11, 10, 10], [12, 13, 13, 12, 13, 13, 11, 11, 11, 11, 11, 12, 12, 11, 13, 10, 12, 11, 11, 12, 13, 11, 12, 11, 13], [13, 12, 10, 11, 13, 11, 13, 12, 12, 12, 10, 10, 10, 12, 12, 10, 12, 10, 13, 10, 11, 10, 10, 13, 10], [10, 13, 12, 10, 11, 12, 11, 10, 12, 13, 10, 13, 13, 10, 11, 12, 13, 11, 10, 12, 11, 12, 10, 13, 11], [10, 10, 13, 13, 11, 11, 11, 10, 11, 11, 12, 10, 11, 12, 13, 13, 12, 11, 13, 10, 12, 11, 11, 11, 12], [13, 13, 11, 13, 11, 10, 12, 12, 11, 13, 10, 12, 12, 11, 11, 12, 11, 13, 11, 12, 13, 10, 12, 10, 11], [12, 12, 12, 12, 11, 10, 12, 12, 13, 12, 12, 13, 13, 13, 13, 12, 11, 12, 12, 11, 12, 12, 13, 10, 13], [10, 10, 11, 10, 13, 12, 11, 10, 11, 12, 10, 13, 10, 13, 11, 12, 11, 11, 12, 10, 10, 13, 10, 13, 12], [10, 10, 12, 10, 11, 12, 10, 10, 12, 10, 10, 13, 12, 10, 12, 12, 11, 13, 11, 12, 12, 10, 12, 10, 12], [10, 13, 10, 11, 13, 13, 12, 12, 13, 11, 13, 10, 13, 11, 10, 11, 10, 11, 13, 11, 11, 11, 12, 12, 13], [10, 10, 11, 11, 13, 12, 10, 10, 12, 10, 10, 13, 11, 11, 11, 11, 10, 13, 10, 11, 10, 10, 10, 11, 13], [11, 11, 11, 12, 11, 11, 12, 10, 10, 12, 13, 11, 11, 13, 13, 12, 12, 10, 12, 11, 11, 10, 12, 13, 10]]
Inventory holding cost per unit of each product by the end of each period h: 
[[5, 9, 7, 5, 7, 8, 6, 8, 5, 9, 9, 8, 5, 5, 6, 6, 6, 8, 5, 6, 6, 7, 7, 7, 7], [6, 9, 7, 7, 8, 5, 7, 9, 6, 6, 8, 8, 5, 8, 5, 9, 5, 6, 5, 6, 9, 9, 9, 9, 9], [7, 5, 7, 9, 5, 8, 7, 8, 8, 6, 8, 5, 5, 8, 6, 8, 7, 8, 5, 8, 7, 7, 5, 5, 8], [6, 5, 9, 7, 8, 7, 6, 6, 9, 6, 7, 6, 8, 7, 8, 5, 5, 5, 5, 5, 5, 9, 7, 5, 6], [8, 8, 9, 7, 5, 7, 6, 7, 8, 5, 8, 8, 7, 9, 8, 7, 6, 7, 9, 6, 5, 8, 9, 8, 7], [9, 5, 6, 5, 5, 7, 8, 5, 6, 7, 7, 9, 9, 6, 9, 7, 6, 9, 9, 9, 7, 9, 7, 5, 5], [6, 8, 9, 8, 6, 6, 5, 7, 5, 9, 8, 5, 6, 5, 5, 9, 6, 6, 8, 7, 7, 6, 5, 9, 7], [5, 7, 7, 8, 5, 5, 8, 8, 6, 6, 5, 7, 9, 5, 6, 5, 6, 6, 7, 8, 7, 6, 8, 5, 6], [8, 7, 6, 9, 8, 8, 6, 7, 5, 8, 6, 8, 6, 5, 9, 9, 8, 6, 7, 6, 7, 8, 6, 5, 5], [5, 7, 7, 6, 9, 9, 8, 5, 6, 9, 8, 5, 5, 5, 7, 5, 7, 9, 9, 9, 6, 5, 6, 8, 6], [6, 6, 5, 8, 9, 8, 7, 9, 9, 9, 8, 5, 8, 5, 7, 6, 5, 7, 6, 7, 5, 8, 6, 6, 7], [6, 6, 5, 7, 6, 7, 8, 8, 6, 5, 9, 6, 7, 5, 7, 6, 9, 7, 7, 5, 5, 9, 7, 8, 5], [8, 5, 7, 7, 9, 7, 9, 7, 6, 5, 7, 9, 6, 8, 6, 8, 9, 9, 5, 7, 9, 6, 8, 9, 9], [6, 6, 5, 8, 6, 7, 9, 8, 6, 8, 7, 9, 9, 7, 5, 5, 7, 9, 8, 8, 8, 5, 7, 5, 7], [6, 8, 7, 7, 6, 8, 5, 8, 7, 9, 8, 5, 9, 7, 8, 6, 9, 6, 9, 8, 8, 9, 8, 9, 8], [8, 6, 9, 7, 7, 7, 9, 6, 9, 6, 8, 5, 9, 6, 6, 8, 8, 9, 7, 8, 6, 5, 7, 9, 5], [9, 5, 9, 5, 7, 8, 7, 9, 5, 6, 7, 6, 8, 5, 7, 9, 5, 5, 7, 7, 6, 5, 8, 7, 7], [9, 9, 5, 5, 5, 6, 6, 6, 6, 7, 9, 9, 6, 8, 8, 6, 6, 7, 7, 8, 5, 8, 6, 9, 5], [9, 9, 5, 7, 9, 5, 8, 9, 7, 5, 5, 6, 8, 6, 5, 9, 5, 8, 6, 9, 9, 8, 5, 9, 6], [6, 5, 7, 7, 7, 7, 7, 5, 7, 5, 8, 9, 5, 8, 7, 8, 9, 5, 5, 9, 8, 6, 5, 9, 6], [6, 7, 7, 9, 8, 5, 9, 8, 5, 9, 5, 9, 9, 5, 5, 9, 6, 9, 6, 5, 7, 9, 5, 8, 6], [9, 9, 6, 9, 8, 9, 8, 9, 5, 8, 5, 6, 5, 6, 8, 5, 9, 7, 9, 7, 6, 6, 5, 6, 6], [5, 9, 6, 6, 8, 8, 9, 7, 5, 7, 7, 9, 5, 6, 7, 8, 9, 7, 6, 5, 8, 8, 8, 9, 7], [9, 7, 6, 9, 5, 9, 5, 8, 6, 5, 7, 7, 7, 6, 7, 9, 9, 7, 6, 9, 6, 7, 9, 7, 9], [5, 7, 6, 5, 7, 9, 9, 8, 6, 7, 7, 7, 8, 8, 6, 8, 9, 9, 6, 5, 9, 5, 5, 7, 6]]
Demand for each product in each period d: 
[[29, 45, 35, 8, 40, 30, 21, 44, 49, 11, 35, 3, 0, 6, 46, 38, 25, 6, 39, 40, 34, 32, 29, 49, 19], [22, 26, 23, 27, 0, 43, 34, 37, 39, 47, 28, 12, 35, 49, 48, 23, 38, 34, 11, 19, 40, 25, 48, 22, 0], [47, 0, 39, 18, 37, 8, 48, 24, 39, 38, 23, 19, 25, 28, 18, 27, 20, 11, 0, 37, 18, 0, 0, 8, 19], [10, 20, 2, 33, 49, 0, 32, 48, 13, 3, 14, 37, 36, 27, 49, 25, 1, 2, 19, 11, 6, 23, 7, 29, 15], [35, 3, 17, 32, 17, 43, 48, 0, 2, 34, 19, 21, 46, 47, 45, 44, 34, 49, 25, 37, 19, 38, 15, 48, 14], [26, 23, 38, 21, 43, 5, 9, 11, 38, 8, 28, 37, 37, 17, 37, 4, 5, 3, 0, 40, 40, 35, 14, 16, 29], [45, 28, 48, 27, 21, 36, 47, 19, 24, 20, 27, 7, 35, 14, 21, 9, 4, 0, 23, 8, 5, 16, 5, 21, 28], [32, 11, 14, 18, 14, 31, 11, 22, 28, 22, 24, 39, 24, 29, 7, 9, 31, 17, 46, 9, 24, 29, 8, 44, 46], [6, 13, 18, 25, 4, 42, 20, 14, 29, 42, 0, 13, 28, 22, 49, 7, 15, 26, 38, 20, 30, 46, 29, 46, 29], [0, 48, 44, 13, 15, 6, 15, 24, 18, 38, 14, 40, 4, 39, 30, 9, 31, 0, 19, 38, 32, 30, 20, 27, 46], [3, 10, 47, 41, 26, 0, 35, 18, 14, 2, 13, 22, 6, 25, 31, 37, 43, 46, 14, 37, 39, 1, 25, 29, 2], [0, 5, 15, 21, 33, 34, 18, 26, 0, 44, 29, 8, 41, 11, 41, 7, 3, 10, 28, 13, 9, 28, 20, 13, 26], [1, 28, 4, 2, 13, 1, 16, 13, 0, 41, 35, 1, 45, 49, 22, 1, 7, 0, 6, 20, 3, 34, 21, 39, 29], [26, 32, 36, 7, 6, 28, 8, 3, 41, 24, 30, 30, 40, 22, 42, 47, 21, 40, 14, 0, 17, 47, 45, 20, 47], [23, 43, 18, 5, 27, 3, 26, 0, 47, 2, 16, 29, 38, 18, 11, 37, 35, 24, 16, 16, 17, 19, 32, 44, 46], [9, 42, 16, 2, 20, 22, 3, 35, 17, 28, 47, 35, 31, 23, 42, 0, 44, 37, 26, 40, 7, 40, 47, 15, 1], [32, 48, 31, 40, 24, 7, 19, 11, 39, 36, 2, 17, 6, 11, 35, 2, 14, 15, 29, 21, 45, 14, 49, 40, 47], [46, 10, 35, 42, 4, 13, 14, 3, 33, 25, 28, 11, 27, 4, 3, 0, 21, 26, 19, 2, 12, 35, 27, 2, 32], [16, 14, 20, 22, 44, 5, 9, 28, 21, 5, 41, 9, 44, 5, 23, 46, 30, 29, 18, 40, 23, 0, 18, 32, 15], [12, 48, 24, 12, 26, 13, 29, 30, 46, 48, 36, 44, 45, 15, 35, 0, 20, 45, 5, 18, 29, 1, 6, 32, 22], [46, 42, 31, 26, 31, 37, 35, 17, 9, 26, 49, 5, 14, 2, 18, 49, 1, 45, 4, 2, 39, 44, 9, 28, 39], [22, 22, 3, 2, 14, 29, 0, 46, 23, 22, 6, 0, 29, 3, 31, 23, 43, 0, 28, 10, 3, 39, 14, 14, 25], [48, 22, 6, 35, 13, 44, 31, 31, 10, 35, 24, 43, 20, 10, 5, 32, 33, 21, 36, 29, 0, 4, 47, 10, 7], [16, 9, 44, 34, 7, 18, 35, 0, 40, 29, 6, 19, 18, 15, 31, 16, 15, 6, 19, 25, 29, 10, 9, 0, 21], [15, 32, 41, 37, 49, 5, 17, 12, 49, 40, 29, 38, 11, 14, 26, 38, 17, 47, 0, 13, 2, 29, 0, 41, 18]]
Maintenance cost in each period m: 
[23871, 24483, 26747, 26857, 25030, 23877, 25248, 23282, 22878, 24720, 25700, 25722, 23779, 25701, 24223, 25162, 24874, 25770, 24289, 23577, 25618, 26295, 25354, 24067, 26449]
Maximum capacity of the machine cmax: 
1225