Set of periods in the planning horizon T: 
35
Set of products P: 
55
Capacity reduction coefficient alpha: 
0.8
Relative decrease of capacity per set up gamma: 
0.39
Capacity reduction coefficient due to product types beta: 
[0.37, 0.38, 0.29, 0.39, 0.31, 0.39, 0.29, 0.38, 0.35, 0.33, 0.27, 0.4, 0.37, 0.38, 0.23, 0.37, 0.22, 0.4, 0.21, 0.39, 0.25, 0.3, 0.24, 0.22, 0.22, 0.4, 0.35, 0.3, 0.29, 0.32, 0.24, 0.32, 0.29, 0.21, 0.33, 0.24, 0.25, 0.31, 0.35, 0.25, 0.21, 0.21, 0.2, 0.29, 0.25, 0.34, 0.36, 0.28, 0.27, 0.25, 0.22, 0.33, 0.26, 0.38, 0.2]
Fixed production cost of each product in each period f: 
[[975, 977, 803, 569, 804, 578, 665, 754, 747, 984, 967, 997, 598, 793, 876, 769, 735, 949, 877, 801, 710, 950, 559, 918, 644, 712, 881, 666, 704, 917, 947, 683, 782, 879, 941], [888, 500, 746, 580, 597, 557, 583, 946, 912, 508, 750, 981, 939, 649, 794, 659, 990, 647, 931, 741, 516, 869, 664, 930, 596, 556, 715, 999, 803, 873, 791, 976, 699, 913, 917], [701, 845, 835, 598, 682, 512, 739, 526, 735, 565, 983, 526, 806, 654, 552, 599, 826, 500, 726, 867, 914, 586, 926, 526, 765, 505, 833, 780, 711, 634, 864, 879, 564, 782, 848], [797, 808, 780, 745, 903, 951, 560, 670, 983, 846, 954, 536, 600, 621, 771, 770, 658, 848, 991, 983, 565, 821, 861, 755, 693, 717, 563, 702, 553, 860, 899, 591, 515, 605, 820], [670, 770, 902, 517, 883, 587, 682, 972, 562, 920, 593, 555, 715, 833, 945, 563, 802, 840, 872, 804, 743, 985, 770, 527, 982, 816, 819, 748, 830, 701, 715, 749, 561, 804, 818], [582, 968, 521, 667, 683, 775, 985, 773, 996, 577, 541, 647, 596, 542, 803, 831, 656, 694, 698, 890, 747, 839, 978, 891, 880, 557, 659, 505, 728, 534, 663, 579, 505, 638, 617], [862, 741, 591, 650, 548, 990, 917, 626, 926, 854, 859, 581, 652, 645, 559, 562, 512, 522, 925, 533, 895, 836, 884, 997, 512, 829, 728, 593, 672, 779, 797, 910, 638, 599, 958], [984, 616, 616, 840, 642, 539, 643, 750, 969, 532, 668, 987, 851, 584, 870, 760, 834, 716, 716, 978, 945, 876, 636, 862, 613, 981, 940, 853, 563, 925, 918, 919, 959, 530, 863], [834, 589, 880, 864, 798, 695, 619, 705, 869, 538, 814, 599, 871, 831, 974, 974, 676, 509, 796, 936, 818, 830, 501, 555, 911, 828, 566, 997, 746, 682, 763, 862, 844, 850, 644], [684, 784, 992, 549, 581, 572, 615, 825, 958, 713, 853, 921, 814, 668, 544, 979, 695, 856, 583, 500, 914, 556, 558, 713, 695, 966, 982, 809, 602, 901, 877, 991, 729, 609, 691], [516, 693, 709, 619, 762, 642, 512, 851, 629, 671, 669, 848, 872, 806, 693, 739, 997, 994, 550, 926, 556, 624, 547, 605, 936, 729, 538, 642, 719, 966, 703, 752, 682, 933, 829], [651, 957, 553, 674, 508, 870, 914, 840, 750, 827, 535, 641, 698, 506, 833, 610, 620, 566, 932, 832, 866, 551, 795, 907, 797, 559, 796, 682, 709, 891, 670, 837, 574, 702, 742], [916, 931, 878, 745, 972, 932, 812, 712, 767, 827, 646, 578, 981, 956, 933, 817, 751, 551, 535, 962, 831, 636, 586, 857, 772, 893, 911, 883, 800, 639, 735, 798, 802, 595, 937], [784, 793, 705, 685, 688, 889, 869, 890, 573, 917, 833, 547, 729, 722, 525, 808, 582, 839, 999, 750, 649, 760, 984, 692, 704, 699, 730, 904, 652, 888, 606, 730, 600, 694, 929], [767, 622, 917, 894, 745, 770, 652, 937, 653, 803, 687, 853, 802, 506, 819, 870, 668, 943, 894, 731, 865, 789, 569, 902, 533, 798, 995, 727, 937, 837, 625, 736, 634, 740, 912], [708, 635, 834, 540, 768, 823, 732, 783, 884, 734, 548, 884, 749, 809, 699, 867, 683, 939, 579, 616, 824, 874, 725, 838, 866, 580, 800, 999, 567, 721, 502, 523, 507, 832, 709], [918, 624, 601, 529, 952, 852, 689, 586, 564, 655, 698, 582, 993, 927, 999, 707, 984, 838, 526, 787, 993, 981, 676, 669, 828, 893, 762, 587, 808, 606, 806, 798, 798, 915, 923], [729, 608, 692, 676, 619, 746, 948, 562, 847, 834, 543, 991, 732, 997, 869, 846, 588, 602, 556, 723, 824, 976, 730, 712, 603, 898, 859, 678, 761, 937, 821, 739, 755, 940, 596], [628, 711, 709, 543, 758, 907, 751, 681, 732, 786, 623, 613, 905, 615, 975, 913, 827, 702, 676, 797, 617, 572, 622, 844, 536, 824, 914, 748, 981, 947, 871, 892, 717, 788, 804], [991, 914, 602, 998, 501, 989, 624, 631, 967, 513, 709, 921, 760, 980, 576, 617, 752, 685, 780, 522, 784, 899, 852, 518, 932, 609, 550, 683, 623, 736, 544, 780, 892, 718, 712], [586, 908, 841, 788, 615, 588, 982, 669, 715, 959, 569, 898, 755, 797, 876, 719, 520, 977, 788, 980, 884, 861, 552, 551, 692, 896, 895, 915, 769, 753, 577, 800, 656, 584, 765], [940, 653, 668, 731, 680, 959, 604, 814, 829, 702, 617, 745, 904, 984, 803, 755, 607, 527, 914, 710, 647, 804, 803, 631, 956, 596, 878, 802, 814, 580, 973, 719, 946, 866, 756], [983, 766, 968, 752, 536, 743, 869, 834, 671, 698, 952, 805, 585, 922, 912, 897, 695, 519, 653, 754, 517, 583, 773, 728, 947, 571, 669, 717, 568, 949, 660, 769, 548, 793, 805], [677, 805, 823, 536, 734, 713, 659, 990, 974, 902, 734, 798, 930, 564, 838, 960, 606, 680, 638, 580, 926, 828, 991, 620, 937, 936, 799, 591, 661, 987, 592, 791, 569, 828, 890], [966, 516, 625, 536, 655, 899, 559, 662, 687, 946, 651, 686, 881, 780, 893, 824, 928, 863, 696, 703, 695, 535, 960, 846, 767, 859, 780, 536, 715, 693, 976, 830, 768, 629, 530], [735, 877, 887, 506, 681, 698, 730, 743, 937, 631, 535, 520, 802, 956, 788, 929, 914, 714, 636, 556, 904, 662, 902, 972, 707, 665, 652, 695, 772, 513, 684, 648, 516, 638, 990], [543, 715, 753, 517, 784, 662, 908, 614, 766, 826, 674, 600, 805, 814, 835, 596, 835, 624, 875, 557, 501, 926, 525, 975, 581, 609, 778, 727, 559, 775, 951, 966, 519, 569, 655], [643, 563, 583, 797, 743, 813, 987, 817, 853, 736, 587, 697, 906, 730, 620, 580, 913, 508, 636, 855, 592, 589, 996, 694, 990, 974, 504, 823, 941, 787, 816, 879, 618, 876, 681], [984, 590, 863, 507, 943, 586, 979, 501, 541, 563, 894, 685, 986, 964, 785, 898, 659, 543, 669, 596, 654, 916, 643, 697, 886, 646, 743, 585, 674, 910, 721, 851, 994, 890, 990], [523, 546, 984, 949, 927, 877, 564, 566, 672, 729, 777, 845, 985, 585, 525, 760, 544, 991, 914, 741, 593, 628, 897, 970, 736, 756, 849, 692, 988, 921, 725, 909, 505, 719, 672], [587, 557, 631, 606, 834, 514, 783, 731, 970, 930, 552, 969, 823, 900, 913, 628, 586, 708, 574, 974, 785, 615, 819, 775, 853, 671, 583, 776, 820, 646, 800, 939, 771, 718, 995], [656, 657, 930, 829, 820, 511, 788, 534, 941, 994, 936, 718, 672, 713, 875, 535, 785, 866, 907, 582, 546, 809, 826, 856, 884, 628, 946, 811, 795, 676, 768, 844, 797, 570, 685], [573, 905, 741, 842, 772, 564, 558, 972, 951, 722, 913, 509, 680, 736, 882, 818, 680, 758, 583, 809, 921, 843, 797, 719, 622, 523, 565, 544, 682, 959, 558, 664, 642, 704, 822], [716, 994, 763, 859, 564, 787, 940, 895, 763, 641, 959, 568, 999, 857, 856, 901, 950, 990, 686, 664, 796, 678, 734, 787, 820, 941, 641, 773, 738, 612, 679, 797, 525, 966, 834], [770, 808, 890, 811, 921, 777, 732, 877, 734, 837, 712, 746, 715, 974, 652, 856, 970, 521, 953, 560, 787, 799, 633, 512, 978, 898, 602, 632, 765, 557, 675, 949, 774, 962, 834], [646, 787, 995, 771, 624, 541, 671, 504, 681, 739, 820, 509, 689, 724, 855, 945, 788, 761, 872, 600, 845, 825, 965, 628, 555, 988, 748, 909, 772, 581, 833, 786, 655, 505, 577], [595, 815, 688, 794, 514, 695, 994, 559, 790, 731, 831, 566, 698, 601, 517, 526, 597, 954, 623, 907, 520, 639, 900, 673, 649, 832, 652, 683, 735, 805, 584, 717, 587, 653, 603], [893, 895, 677, 744, 875, 580, 687, 592, 719, 750, 580, 892, 878, 813, 886, 880, 956, 508, 687, 577, 797, 772, 866, 839, 814, 785, 672, 859, 643, 803, 601, 774, 684, 681, 632], [864, 986, 536, 738, 657, 553, 723, 542, 833, 721, 919, 503, 968, 999, 854, 897, 788, 987, 924, 661, 957, 688, 803, 628, 605, 819, 681, 685, 754, 583, 997, 946, 691, 809, 500], [516, 541, 962, 943, 972, 700, 922, 836, 663, 869, 843, 853, 823, 968, 733, 920, 591, 961, 835, 860, 538, 625, 637, 721, 876, 989, 671, 755, 655, 538, 774, 714, 989, 905, 681], [758, 758, 773, 814, 832, 554, 812, 823, 991, 993, 552, 932, 588, 802, 632, 974, 867, 908, 795, 794, 510, 984, 745, 813, 587, 658, 693, 527, 876, 913, 787, 700, 707, 622, 750], [540, 653, 728, 758, 783, 546, 650, 584, 683, 555, 868, 589, 806, 982, 605, 658, 767, 693, 783, 610, 914, 704, 695, 705, 875, 572, 837, 719, 860, 619, 682, 528, 500, 571, 901], [514, 696, 686, 668, 817, 597, 539, 887, 622, 533, 514, 714, 982, 993, 624, 730, 644, 877, 665, 500, 697, 659, 552, 950, 767, 856, 876, 674, 508, 592, 584, 513, 929, 532, 791], [980, 600, 697, 516, 834, 855, 837, 518, 884, 859, 526, 774, 967, 917, 522, 690, 556, 827, 703, 697, 558, 524, 607, 701, 845, 680, 619, 569, 520, 927, 597, 789, 938, 902, 991], [801, 582, 939, 760, 775, 558, 502, 941, 754, 988, 798, 959, 609, 663, 650, 866, 682, 981, 724, 796, 823, 899, 942, 801, 960, 749, 709, 673, 940, 515, 502, 680, 798, 650, 665], [790, 922, 978, 561, 993, 582, 871, 786, 970, 935, 917, 976, 852, 510, 918, 838, 945, 846, 942, 756, 628, 810, 565, 540, 756, 701, 773, 554, 872, 821, 843, 971, 572, 943, 724], [845, 635, 700, 791, 664, 907, 817, 531, 565, 695, 649, 856, 754, 656, 680, 642, 983, 562, 958, 657, 577, 875, 842, 942, 676, 748, 661, 755, 822, 933, 769, 747, 682, 639, 711], [826, 674, 936, 862, 971, 655, 965, 831, 981, 990, 515, 580, 547, 811, 765, 792, 514, 927, 870, 979, 948, 799, 556, 853, 838, 834, 643, 537, 825, 644, 740, 613, 733, 807, 969], [811, 656, 715, 756, 978, 614, 723, 940, 558, 886, 676, 654, 921, 582, 733, 528, 545, 909, 882, 980, 729, 739, 768, 965, 513, 535, 741, 577, 976, 844, 834, 885, 876, 899, 710], [737, 831, 623, 778, 763, 812, 896, 959, 951, 524, 621, 719, 815, 612, 921, 906, 945, 757, 519, 942, 529, 637, 865, 873, 933, 624, 904, 910, 637, 704, 707, 844, 641, 744, 765], [797, 613, 927, 622, 904, 723, 933, 605, 883, 923, 864, 710, 889, 618, 888, 548, 562, 551, 746, 559, 867, 928, 659, 702, 925, 945, 560, 772, 937, 682, 707, 888, 870, 553, 624], [691, 996, 707, 972, 845, 939, 726, 787, 863, 959, 782, 802, 641, 698, 629, 795, 824, 889, 810, 548, 767, 668, 875, 607, 866, 948, 638, 857, 617, 914, 573, 640, 753, 955, 976], [802, 803, 500, 781, 823, 806, 939, 758, 912, 908, 598, 600, 832, 921, 677, 668, 767, 835, 575, 842, 946, 606, 950, 724, 983, 793, 739, 611, 640, 901, 578, 990, 639, 550, 692], [970, 673, 856, 861, 582, 896, 905, 605, 735, 632, 687, 545, 644, 671, 868, 734, 580, 547, 721, 602, 970, 896, 940, 898, 801, 780, 823, 794, 522, 711, 633, 561, 828, 926, 624], [641, 739, 756, 586, 786, 818, 638, 938, 915, 657, 857, 544, 662, 614, 731, 985, 919, 909, 838, 678, 863, 987, 704, 973, 596, 539, 533, 502, 969, 810, 973, 931, 905, 695, 642]]
Variable production cost per unit of each product in each period p: 
[[10, 13, 12, 12, 13, 12, 11, 10, 11, 11, 13, 13, 12, 11, 11, 12, 13, 12, 13, 11, 10, 12, 13, 11, 13, 11, 12, 11, 10, 12, 11, 13, 13, 13, 10], [10, 11, 11, 13, 13, 11, 11, 12, 12, 12, 12, 11, 12, 11, 11, 12, 13, 13, 13, 13, 12, 12, 13, 10, 10, 10, 13, 12, 12, 10, 12, 12, 12, 10, 11], [10, 13, 10, 13, 13, 10, 12, 12, 12, 10, 12, 10, 11, 10, 12, 11, 12, 10, 10, 11, 12, 12, 13, 12, 10, 10, 13, 12, 11, 11, 10, 11, 13, 10, 11], [11, 12, 11, 11, 11, 12, 10, 12, 11, 13, 13, 11, 12, 10, 10, 10, 12, 10, 10, 12, 12, 10, 13, 13, 13, 10, 10, 12, 12, 11, 10, 10, 12, 13, 10], [13, 13, 11, 10, 13, 12, 10, 10, 12, 10, 10, 13, 12, 12, 10, 11, 10, 10, 12, 10, 13, 10, 12, 12, 11, 13, 10, 10, 12, 11, 10, 13, 11, 12, 11], [13, 10, 13, 13, 11, 10, 12, 13, 13, 13, 11, 11, 12, 11, 11, 11, 11, 13, 11, 12, 10, 12, 11, 10, 12, 13, 11, 12, 10, 10, 11, 11, 12, 10, 13], [12, 10, 10, 11, 10, 12, 13, 12, 12, 11, 13, 11, 10, 13, 11, 13, 11, 13, 12, 12, 10, 11, 11, 10, 10, 10, 13, 13, 13, 11, 12, 12, 12, 13, 11], [11, 11, 12, 10, 12, 11, 10, 12, 13, 13, 13, 10, 12, 12, 12, 10, 13, 13, 10, 10, 11, 13, 10, 11, 12, 12, 10, 10, 13, 10, 12, 10, 13, 12, 10], [13, 11, 12, 12, 10, 12, 13, 11, 12, 10, 12, 12, 12, 11, 10, 11, 12, 11, 13, 12, 13, 11, 12, 12, 10, 10, 10, 10, 11, 10, 10, 12, 10, 12, 10], [13, 10, 11, 10, 13, 11, 12, 13, 11, 12, 13, 12, 12, 10, 10, 11, 10, 10, 10, 12, 12, 13, 10, 12, 13, 11, 11, 10, 13, 13, 11, 12, 12, 12, 10], [12, 11, 13, 13, 13, 13, 13, 12, 12, 12, 11, 11, 10, 13, 10, 12, 12, 13, 11, 10, 12, 13, 10, 10, 10, 11, 10, 10, 13, 13, 10, 10, 12, 12, 12], [10, 13, 12, 10, 11, 12, 10, 12, 12, 13, 11, 11, 12, 13, 13, 11, 11, 12, 11, 13, 12, 13, 11, 11, 11, 11, 12, 12, 13, 12, 12, 10, 13, 10, 11], [10, 13, 11, 10, 12, 13, 13, 11, 11, 13, 10, 11, 12, 11, 13, 11, 12, 12, 10, 11, 10, 13, 12, 12, 13, 11, 12, 12, 12, 12, 12, 11, 11, 10, 13], [12, 11, 10, 12, 11, 13, 13, 13, 12, 12, 13, 10, 10, 11, 11, 11, 10, 11, 13, 12, 11, 12, 11, 11, 10, 12, 10, 13, 13, 11, 12, 11, 10, 13, 12], [12, 12, 12, 11, 12, 10, 12, 12, 13, 10, 12, 13, 10, 11, 13, 11, 10, 10, 12, 12, 10, 13, 11, 10, 13, 12, 13, 11, 11, 13, 11, 13, 13, 12, 11], [10, 12, 13, 10, 13, 12, 10, 12, 12, 11, 13, 12, 10, 11, 11, 10, 13, 13, 10, 10, 13, 13, 11, 11, 10, 10, 13, 13, 11, 12, 12, 11, 12, 13, 13], [11, 13, 12, 11, 12, 13, 13, 12, 10, 12, 12, 13, 11, 11, 11, 10, 13, 13, 12, 11, 10, 11, 10, 13, 13, 10, 12, 12, 11, 11, 10, 10, 13, 12, 13], [10, 12, 12, 12, 12, 11, 10, 10, 11, 11, 12, 10, 12, 12, 10, 13, 10, 10, 13, 11, 12, 13, 10, 10, 12, 11, 11, 12, 10, 13, 10, 11, 10, 11, 10], [10, 12, 13, 13, 11, 12, 13, 13, 13, 10, 13, 13, 12, 10, 11, 11, 10, 11, 11, 10, 12, 10, 11, 11, 13, 11, 12, 11, 11, 10, 10, 11, 12, 12, 12], [11, 13, 10, 12, 12, 10, 13, 13, 13, 10, 11, 12, 10, 10, 13, 10, 11, 13, 11, 10, 12, 10, 12, 12, 13, 11, 10, 10, 13, 12, 10, 13, 10, 13, 13], [10, 13, 11, 11, 13, 12, 12, 12, 11, 10, 11, 10, 12, 13, 10, 10, 13, 13, 10, 10, 11, 11, 13, 11, 11, 12, 11, 11, 11, 11, 10, 11, 13, 11, 11], [10, 13, 10, 12, 13, 11, 12, 11, 13, 10, 12, 10, 12, 11, 13, 12, 12, 10, 10, 10, 13, 11, 10, 12, 11, 13, 11, 12, 13, 11, 12, 11, 13, 12, 10], [10, 10, 13, 10, 10, 11, 13, 12, 13, 11, 11, 10, 11, 11, 12, 12, 13, 10, 12, 13, 10, 10, 13, 13, 11, 11, 11, 13, 11, 10, 13, 11, 11, 11, 11], [12, 13, 11, 12, 11, 12, 13, 11, 13, 11, 10, 13, 13, 11, 11, 13, 10, 10, 11, 13, 10, 12, 11, 11, 10, 10, 13, 13, 12, 12, 12, 10, 12, 10, 13], [13, 12, 10, 12, 13, 12, 12, 10, 11, 10, 12, 12, 10, 12, 10, 12, 10, 11, 11, 10, 12, 10, 12, 10, 10, 13, 10, 13, 10, 10, 10, 11, 11, 12, 13], [11, 13, 11, 12, 13, 12, 12, 13, 12, 12, 13, 10, 10, 12, 10, 13, 10, 10, 10, 13, 11, 11, 13, 13, 13, 10, 13, 11, 13, 10, 13, 10, 11, 10, 11], [11, 10, 13, 11, 10, 10, 12, 13, 13, 12, 10, 13, 12, 12, 10, 12, 12, 11, 10, 12, 11, 12, 12, 10, 13, 12, 10, 11, 10, 13, 12, 11, 11, 13, 11], [12, 10, 13, 11, 13, 10, 13, 12, 11, 12, 10, 10, 12, 11, 13, 11, 10, 13, 11, 10, 12, 11, 13, 12, 11, 13, 12, 13, 12, 13, 13, 10, 10, 13, 12], [13, 13, 13, 12, 11, 10, 13, 11, 10, 10, 13, 10, 10, 11, 13, 10, 11, 11, 12, 13, 13, 11, 12, 10, 12, 13, 11, 10, 11, 13, 13, 11, 11, 13, 12], [10, 11, 11, 11, 11, 10, 13, 11, 11, 10, 13, 13, 13, 13, 11, 13, 10, 13, 10, 11, 10, 13, 12, 10, 12, 11, 11, 12, 11, 12, 11, 13, 12, 10, 11], [11, 11, 12, 12, 10, 11, 13, 13, 10, 12, 11, 10, 10, 13, 12, 10, 13, 13, 11, 11, 13, 13, 10, 11, 10, 13, 13, 13, 10, 10, 13, 11, 12, 11, 10], [12, 11, 13, 11, 11, 12, 10, 12, 11, 10, 13, 10, 12, 10, 12, 11, 10, 13, 13, 11, 11, 11, 11, 12, 13, 12, 10, 13, 13, 10, 10, 10, 11, 12, 12], [11, 12, 13, 13, 13, 10, 12, 10, 10, 13, 10, 10, 11, 12, 11, 11, 10, 11, 12, 12, 12, 13, 10, 12, 11, 12, 12, 11, 10, 13, 10, 13, 12, 11, 13], [11, 11, 10, 13, 12, 12, 12, 10, 11, 13, 13, 11, 10, 12, 10, 12, 10, 11, 11, 10, 11, 13, 11, 10, 10, 10, 12, 10, 13, 10, 12, 10, 12, 12, 13], [13, 10, 13, 11, 12, 12, 12, 10, 13, 13, 11, 10, 12, 11, 12, 12, 13, 13, 10, 11, 11, 12, 12, 13, 10, 11, 12, 12, 10, 13, 10, 12, 12, 12, 11], [13, 11, 10, 13, 10, 11, 11, 13, 13, 12, 10, 10, 11, 10, 12, 13, 12, 11, 10, 12, 13, 10, 13, 11, 11, 10, 13, 11, 13, 13, 13, 12, 10, 10, 11], [12, 12, 13, 12, 12, 13, 13, 13, 10, 11, 10, 11, 13, 11, 12, 12, 10, 10, 12, 13, 12, 12, 12, 12, 12, 12, 13, 12, 13, 11, 10, 11, 12, 11, 13], [11, 10, 11, 10, 10, 10, 10, 12, 13, 12, 10, 10, 13, 12, 11, 13, 11, 13, 11, 13, 10, 12, 11, 11, 12, 10, 11, 11, 11, 12, 13, 13, 11, 10, 13], [13, 12, 13, 12, 10, 13, 12, 12, 10, 10, 11, 13, 11, 12, 12, 12, 11, 13, 12, 10, 13, 13, 13, 12, 13, 13, 12, 10, 10, 12, 12, 11, 13, 12, 13], [10, 11, 11, 11, 11, 13, 12, 10, 12, 11, 11, 10, 10, 11, 12, 13, 11, 12, 12, 13, 12, 10, 10, 13, 10, 11, 12, 12, 13, 11, 12, 11, 12, 13, 11], [12, 13, 11, 11, 11, 13, 12, 13, 11, 12, 12, 12, 10, 12, 12, 11, 12, 12, 13, 11, 10, 13, 12, 12, 10, 12, 13, 13, 10, 10, 10, 13, 13, 12, 13], [12, 11, 11, 11, 10, 10, 10, 12, 12, 10, 11, 11, 13, 13, 12, 10, 11, 12, 13, 11, 10, 13, 11, 13, 12, 10, 10, 10, 13, 11, 10, 11, 12, 10, 12], [12, 12, 12, 13, 13, 12, 10, 12, 11, 12, 12, 11, 10, 11, 13, 12, 12, 12, 13, 13, 12, 10, 10, 12, 13, 12, 11, 10, 11, 11, 10, 13, 10, 11, 12], [10, 10, 13, 12, 13, 10, 12, 10, 10, 10, 13, 11, 12, 13, 13, 11, 13, 10, 12, 12, 12, 13, 11, 13, 10, 10, 10, 11, 13, 13, 12, 11, 11, 13, 10], [13, 13, 13, 12, 11, 10, 13, 11, 12, 12, 13, 10, 11, 10, 10, 12, 11, 11, 10, 10, 12, 10, 10, 10, 11, 10, 11, 11, 10, 11, 11, 10, 11, 11, 13], [13, 13, 10, 10, 12, 11, 12, 13, 10, 13, 11, 11, 10, 13, 11, 11, 10, 12, 11, 10, 13, 10, 11, 12, 12, 13, 10, 13, 11, 13, 11, 10, 10, 11, 10], [11, 12, 10, 13, 13, 11, 13, 12, 13, 12, 11, 12, 11, 10, 12, 13, 10, 13, 11, 13, 13, 13, 12, 10, 10, 10, 12, 13, 11, 10, 11, 10, 13, 10, 11], [13, 11, 13, 10, 11, 10, 10, 13, 13, 13, 12, 11, 12, 11, 12, 13, 12, 11, 13, 12, 11, 11, 11, 11, 12, 10, 12, 11, 11, 12, 13, 11, 10, 13, 12], [11, 12, 12, 13, 13, 10, 12, 12, 10, 13, 12, 11, 10, 13, 10, 13, 13, 10, 13, 11, 12, 12, 11, 13, 10, 11, 10, 12, 12, 10, 13, 12, 10, 11, 11], [13, 10, 10, 12, 10, 13, 10, 13, 10, 10, 13, 11, 11, 11, 10, 13, 13, 10, 10, 11, 11, 11, 10, 11, 11, 10, 10, 11, 10, 11, 13, 10, 13, 11, 11], [12, 13, 12, 13, 13, 12, 10, 10, 10, 11, 10, 10, 12, 13, 11, 10, 10, 11, 13, 13, 12, 12, 11, 13, 13, 13, 13, 10, 13, 13, 13, 13, 11, 13, 11], [10, 10, 11, 13, 10, 10, 13, 11, 10, 13, 12, 12, 11, 11, 12, 13, 12, 10, 11, 11, 13, 13, 10, 13, 12, 12, 10, 10, 13, 13, 11, 12, 13, 10, 11], [13, 11, 10, 13, 10, 13, 13, 12, 12, 10, 12, 10, 11, 13, 11, 12, 12, 10, 11, 13, 10, 13, 12, 10, 11, 12, 12, 10, 11, 11, 12, 13, 10, 11, 13], [10, 10, 11, 10, 10, 11, 13, 11, 12, 10, 11, 10, 12, 10, 11, 13, 10, 10, 11, 12, 12, 11, 13, 13, 13, 13, 13, 10, 11, 13, 10, 11, 13, 13, 13], [12, 13, 13, 11, 10, 11, 12, 11, 13, 10, 11, 13, 13, 10, 12, 10, 11, 10, 13, 12, 12, 12, 13, 10, 11, 10, 11, 13, 11, 12, 12, 11, 12, 13, 10]]
Inventory holding cost per unit of each product by the end of each period h: 
[[6, 5, 6, 9, 8, 7, 7, 8, 8, 5, 9, 6, 6, 7, 6, 7, 5, 6, 5, 7, 5, 5, 6, 7, 5, 6, 5, 9, 6, 8, 6, 6, 8, 5, 8], [8, 5, 8, 8, 5, 9, 8, 6, 7, 8, 8, 6, 7, 5, 6, 6, 6, 7, 5, 5, 8, 7, 5, 7, 6, 5, 5, 6, 8, 9, 5, 9, 8, 6, 5], [8, 6, 5, 5, 7, 8, 5, 7, 5, 7, 6, 9, 6, 9, 9, 8, 6, 6, 8, 9, 8, 6, 9, 8, 7, 8, 8, 6, 9, 5, 5, 7, 8, 7, 5], [6, 8, 6, 6, 5, 5, 8, 9, 5, 7, 9, 7, 9, 6, 7, 8, 7, 5, 6, 8, 6, 6, 6, 8, 5, 5, 6, 9, 7, 7, 8, 6, 9, 7, 8], [5, 5, 8, 5, 5, 8, 8, 9, 6, 7, 6, 8, 8, 8, 6, 6, 8, 5, 9, 8, 5, 8, 8, 9, 9, 6, 7, 8, 9, 7, 5, 6, 6, 5, 9], [8, 6, 8, 7, 5, 8, 5, 7, 7, 6, 8, 9, 8, 5, 6, 7, 9, 5, 5, 6, 7, 8, 6, 8, 7, 8, 7, 8, 9, 9, 9, 5, 7, 7, 6], [9, 5, 7, 5, 9, 9, 5, 8, 9, 6, 9, 9, 8, 5, 9, 8, 8, 8, 6, 8, 7, 8, 7, 6, 6, 7, 7, 9, 8, 8, 6, 9, 9, 9, 5], [8, 8, 9, 5, 5, 7, 9, 9, 8, 5, 8, 5, 8, 8, 5, 6, 6, 9, 5, 5, 8, 6, 9, 8, 5, 6, 9, 5, 6, 7, 5, 7, 5, 9, 5], [8, 6, 7, 5, 7, 7, 8, 6, 5, 5, 9, 9, 7, 6, 9, 7, 6, 6, 7, 7, 8, 7, 5, 9, 7, 5, 9, 6, 8, 5, 9, 5, 5, 8, 5], [8, 9, 6, 6, 8, 8, 7, 5, 9, 7, 7, 5, 7, 6, 5, 5, 6, 9, 5, 9, 7, 6, 9, 7, 7, 5, 7, 6, 6, 7, 8, 7, 9, 8, 6], [6, 6, 7, 6, 5, 9, 8, 7, 6, 5, 5, 5, 7, 7, 5, 5, 9, 7, 6, 5, 5, 7, 6, 7, 8, 9, 8, 7, 5, 9, 8, 6, 8, 6, 9], [5, 5, 7, 9, 5, 6, 6, 7, 5, 7, 5, 7, 5, 8, 7, 7, 8, 9, 6, 7, 6, 7, 7, 5, 9, 6, 7, 5, 5, 5, 6, 5, 9, 6, 7], [5, 9, 5, 5, 8, 9, 8, 8, 8, 8, 9, 6, 6, 6, 8, 7, 7, 5, 7, 6, 6, 8, 9, 8, 8, 6, 9, 5, 8, 5, 9, 9, 8, 5, 8], [7, 8, 5, 8, 8, 7, 6, 5, 8, 8, 6, 5, 7, 7, 7, 5, 7, 9, 7, 8, 7, 5, 6, 8, 9, 6, 8, 9, 8, 9, 8, 8, 7, 6, 9], [9, 9, 9, 7, 5, 7, 9, 8, 6, 6, 8, 5, 8, 6, 6, 6, 9, 8, 9, 8, 7, 5, 7, 6, 7, 6, 5, 7, 8, 8, 8, 7, 7, 5, 9], [9, 5, 9, 9, 7, 6, 5, 9, 9, 5, 5, 9, 5, 7, 6, 8, 7, 8, 9, 6, 8, 8, 6, 5, 6, 6, 5, 5, 5, 6, 8, 9, 8, 8, 5], [5, 5, 6, 8, 6, 7, 5, 6, 9, 5, 5, 8, 7, 8, 7, 6, 7, 8, 9, 8, 9, 7, 6, 8, 8, 8, 9, 9, 5, 9, 8, 7, 5, 6, 6], [9, 9, 9, 5, 5, 5, 8, 6, 6, 7, 8, 8, 6, 5, 7, 8, 5, 5, 9, 7, 5, 7, 5, 5, 8, 9, 9, 8, 5, 6, 9, 8, 5, 7, 9], [8, 6, 8, 8, 5, 8, 9, 7, 5, 8, 6, 8, 5, 8, 5, 7, 6, 5, 5, 5, 7, 9, 5, 8, 6, 6, 8, 6, 8, 8, 5, 8, 7, 9, 7], [7, 8, 8, 5, 6, 6, 9, 6, 8, 8, 5, 9, 5, 8, 5, 8, 7, 9, 5, 8, 5, 7, 6, 7, 8, 9, 6, 9, 9, 6, 8, 8, 9, 5, 6], [8, 7, 8, 9, 9, 6, 9, 9, 6, 7, 9, 5, 8, 7, 5, 8, 8, 9, 5, 5, 6, 7, 8, 5, 9, 8, 5, 5, 5, 5, 6, 8, 6, 5, 8], [7, 5, 5, 8, 5, 6, 8, 6, 7, 7, 7, 6, 7, 5, 7, 6, 7, 8, 7, 6, 8, 8, 9, 7, 5, 7, 7, 5, 8, 5, 9, 6, 6, 7, 6], [9, 6, 6, 6, 5, 6, 8, 5, 6, 8, 8, 7, 5, 6, 6, 5, 9, 6, 6, 6, 5, 9, 7, 6, 6, 8, 8, 8, 5, 5, 6, 6, 8, 8, 6], [9, 7, 8, 9, 7, 6, 8, 5, 7, 8, 9, 9, 5, 9, 6, 6, 5, 9, 8, 6, 8, 8, 7, 9, 9, 5, 8, 5, 9, 5, 9, 6, 6, 9, 7], [5, 5, 9, 7, 8, 5, 8, 9, 6, 9, 6, 9, 5, 9, 9, 7, 8, 8, 9, 5, 6, 7, 5, 5, 5, 5, 8, 7, 7, 9, 5, 8, 6, 9, 5], [8, 5, 9, 7, 7, 9, 6, 5, 5, 8, 8, 5, 5, 9, 8, 8, 5, 9, 6, 8, 6, 7, 7, 9, 7, 8, 5, 7, 9, 5, 8, 6, 6, 6, 8], [6, 8, 5, 5, 8, 7, 8, 5, 7, 5, 5, 5, 8, 9, 5, 5, 6, 6, 6, 7, 9, 9, 8, 9, 9, 7, 9, 7, 6, 9, 6, 6, 9, 9, 8], [9, 8, 9, 5, 9, 9, 7, 9, 9, 9, 7, 5, 7, 8, 9, 6, 6, 5, 8, 5, 9, 6, 5, 5, 6, 9, 7, 7, 9, 9, 7, 7, 6, 7, 7], [6, 9, 8, 9, 6, 8, 7, 7, 7, 5, 5, 8, 9, 8, 9, 7, 6, 6, 6, 7, 7, 5, 9, 7, 7, 8, 9, 5, 8, 5, 9, 5, 5, 5, 7], [6, 7, 9, 5, 9, 6, 6, 5, 9, 8, 6, 9, 8, 7, 9, 7, 8, 7, 8, 9, 7, 6, 6, 6, 6, 8, 6, 9, 8, 5, 9, 6, 7, 8, 6], [7, 8, 5, 6, 7, 7, 9, 5, 7, 6, 9, 9, 5, 5, 7, 6, 6, 8, 9, 5, 8, 5, 5, 6, 7, 5, 7, 6, 5, 5, 6, 6, 8, 9, 9], [5, 9, 7, 9, 5, 9, 6, 9, 6, 6, 6, 8, 5, 5, 7, 9, 6, 6, 8, 9, 9, 9, 7, 6, 9, 6, 6, 5, 5, 9, 5, 9, 8, 5, 8], [8, 9, 8, 6, 6, 9, 5, 6, 5, 5, 6, 9, 5, 7, 7, 6, 9, 7, 7, 5, 9, 8, 6, 9, 9, 8, 8, 9, 6, 8, 9, 6, 8, 9, 5], [8, 8, 5, 8, 7, 6, 7, 6, 5, 5, 7, 7, 6, 7, 8, 5, 8, 9, 5, 8, 6, 8, 5, 9, 5, 9, 6, 8, 5, 5, 5, 6, 7, 6, 6], [6, 9, 6, 7, 6, 9, 9, 9, 6, 6, 9, 5, 6, 8, 5, 5, 5, 5, 7, 5, 5, 8, 6, 7, 7, 6, 6, 5, 9, 7, 9, 8, 9, 7, 8], [6, 5, 6, 5, 5, 8, 5, 7, 6, 8, 7, 9, 8, 9, 8, 9, 8, 8, 9, 9, 7, 9, 5, 5, 9, 7, 9, 7, 5, 5, 6, 8, 5, 5, 5], [5, 7, 6, 8, 9, 5, 7, 9, 9, 9, 6, 8, 9, 7, 5, 8, 7, 9, 9, 5, 5, 9, 8, 7, 9, 7, 9, 7, 9, 5, 8, 6, 8, 7, 7], [8, 7, 6, 7, 8, 9, 7, 7, 5, 7, 5, 5, 9, 9, 9, 7, 9, 6, 9, 9, 8, 9, 6, 8, 7, 7, 8, 9, 5, 8, 5, 8, 7, 6, 8], [6, 5, 9, 9, 7, 7, 8, 5, 5, 6, 8, 9, 8, 7, 5, 9, 6, 8, 8, 5, 9, 9, 8, 7, 7, 7, 8, 8, 7, 9, 6, 5, 6, 5, 6], [6, 6, 5, 7, 7, 7, 9, 6, 6, 7, 8, 5, 5, 9, 8, 5, 5, 9, 6, 8, 8, 5, 9, 8, 7, 7, 5, 9, 7, 9, 9, 7, 9, 8, 8], [9, 9, 8, 8, 5, 7, 9, 8, 6, 9, 6, 8, 9, 5, 6, 7, 8, 8, 9, 8, 6, 7, 9, 5, 8, 9, 7, 8, 7, 7, 9, 6, 5, 7, 8], [7, 6, 6, 9, 7, 7, 8, 7, 8, 5, 9, 7, 7, 8, 8, 7, 9, 8, 8, 7, 5, 8, 6, 7, 7, 5, 7, 8, 9, 6, 6, 9, 9, 5, 8], [7, 6, 7, 6, 5, 6, 7, 5, 8, 7, 5, 6, 6, 6, 6, 9, 8, 5, 6, 5, 9, 6, 6, 8, 7, 7, 6, 6, 9, 7, 8, 7, 6, 7, 9], [8, 8, 9, 6, 8, 8, 8, 8, 9, 7, 6, 6, 8, 6, 6, 8, 5, 7, 9, 8, 8, 8, 8, 8, 6, 9, 5, 5, 6, 5, 6, 7, 7, 6, 9], [8, 6, 5, 5, 9, 6, 8, 8, 6, 8, 9, 6, 6, 7, 6, 8, 5, 6, 8, 5, 6, 5, 9, 5, 9, 8, 6, 7, 9, 8, 9, 7, 9, 6, 9], [9, 9, 9, 5, 6, 6, 5, 9, 7, 8, 6, 6, 9, 9, 5, 6, 5, 6, 7, 8, 5, 9, 7, 9, 9, 8, 9, 6, 5, 8, 9, 7, 6, 7, 8], [9, 6, 8, 7, 7, 7, 6, 5, 8, 7, 7, 9, 5, 8, 7, 6, 8, 6, 7, 6, 9, 5, 6, 9, 5, 5, 6, 7, 9, 7, 9, 9, 5, 9, 7], [5, 5, 5, 5, 9, 8, 9, 6, 8, 9, 6, 7, 7, 6, 8, 7, 8, 5, 6, 6, 6, 7, 9, 9, 6, 8, 6, 9, 9, 5, 7, 7, 9, 6, 8], [9, 7, 6, 8, 6, 7, 8, 6, 9, 8, 9, 7, 8, 9, 8, 7, 9, 7, 7, 6, 6, 6, 6, 5, 7, 6, 6, 9, 6, 8, 8, 8, 5, 6, 7], [6, 9, 7, 7, 7, 5, 9, 7, 8, 6, 9, 9, 5, 5, 6, 6, 6, 7, 6, 8, 9, 7, 7, 5, 5, 7, 8, 6, 7, 6, 7, 8, 7, 9, 9], [5, 6, 6, 5, 8, 7, 7, 7, 8, 6, 5, 9, 8, 5, 8, 6, 9, 8, 8, 6, 7, 9, 5, 5, 6, 9, 9, 9, 8, 5, 6, 9, 9, 8, 9], [7, 9, 6, 5, 6, 5, 5, 8, 7, 7, 5, 9, 5, 7, 6, 6, 9, 8, 6, 6, 8, 8, 5, 7, 7, 7, 9, 7, 9, 5, 9, 7, 6, 5, 5], [7, 9, 5, 6, 5, 5, 5, 8, 9, 8, 5, 7, 8, 9, 8, 6, 6, 5, 8, 6, 8, 6, 6, 8, 9, 6, 5, 5, 7, 5, 6, 6, 6, 9, 9], [9, 8, 6, 7, 5, 7, 5, 6, 7, 5, 6, 7, 7, 5, 6, 7, 9, 8, 6, 5, 5, 8, 8, 8, 6, 5, 6, 9, 7, 5, 6, 5, 6, 6, 9], [9, 5, 6, 5, 5, 6, 7, 6, 8, 6, 7, 5, 5, 5, 6, 7, 5, 7, 7, 9, 5, 5, 5, 8, 5, 9, 6, 5, 5, 5, 6, 7, 5, 7, 9]]
Demand for each product in each period d: 
[[17, 40, 29, 0, 49, 0, 49, 0, 41, 35, 20, 10, 26, 21, 42, 31, 11, 48, 10, 0, 35, 35, 42, 38, 44, 15, 46, 11, 8, 11, 35, 43, 8, 30, 44], [33, 18, 27, 0, 43, 15, 13, 18, 34, 18, 0, 20, 4, 7, 29, 20, 8, 48, 43, 40, 10, 1, 13, 27, 9, 32, 29, 18, 14, 41, 10, 2, 34, 0, 49], [15, 42, 43, 35, 46, 40, 2, 5, 27, 18, 41, 44, 22, 10, 40, 14, 11, 35, 16, 36, 49, 0, 7, 36, 0, 24, 1, 4, 15, 2, 0, 9, 25, 2, 37], [10, 5, 3, 25, 31, 0, 47, 30, 28, 31, 30, 4, 9, 0, 24, 28, 46, 49, 33, 17, 18, 26, 20, 43, 25, 48, 35, 28, 21, 35, 1, 2, 0, 22, 49], [33, 28, 46, 37, 20, 5, 9, 15, 0, 15, 45, 35, 7, 40, 2, 23, 33, 15, 37, 38, 6, 26, 22, 25, 6, 34, 43, 6, 17, 26, 27, 24, 22, 33, 29], [8, 18, 0, 48, 0, 32, 5, 19, 35, 49, 25, 18, 4, 27, 24, 4, 6, 29, 5, 18, 0, 37, 29, 26, 2, 17, 14, 32, 19, 7, 22, 38, 10, 46, 25], [48, 1, 12, 44, 19, 47, 19, 20, 14, 48, 4, 38, 17, 1, 38, 38, 40, 0, 0, 4, 25, 26, 40, 18, 33, 24, 28, 42, 9, 18, 21, 24, 0, 28, 29], [24, 30, 29, 30, 0, 37, 8, 30, 16, 47, 1, 31, 24, 29, 46, 7, 1, 39, 13, 25, 0, 43, 24, 11, 18, 24, 39, 14, 0, 35, 15, 3, 33, 11, 21], [27, 28, 22, 41, 11, 0, 14, 42, 36, 7, 17, 22, 17, 40, 49, 18, 38, 16, 4, 29, 46, 21, 18, 4, 14, 7, 17, 33, 9, 25, 36, 0, 37, 27, 37], [34, 29, 0, 22, 16, 40, 33, 5, 15, 39, 42, 8, 27, 31, 25, 5, 44, 46, 30, 36, 11, 5, 33, 38, 48, 14, 32, 25, 42, 13, 30, 12, 4, 47, 6], [3, 43, 43, 20, 32, 11, 39, 19, 2, 47, 38, 15, 17, 12, 28, 21, 49, 6, 18, 39, 48, 40, 28, 17, 24, 12, 18, 47, 11, 9, 5, 10, 33, 28, 44], [19, 46, 40, 14, 40, 49, 41, 20, 6, 29, 29, 41, 4, 14, 45, 43, 9, 12, 29, 26, 29, 34, 20, 8, 47, 41, 28, 25, 1, 43, 47, 37, 23, 6, 26], [2, 10, 49, 18, 1, 22, 7, 45, 33, 1, 2, 30, 45, 0, 43, 46, 23, 36, 15, 28, 0, 25, 32, 4, 32, 49, 12, 12, 45, 8, 27, 44, 42, 46, 14], [26, 38, 8, 44, 40, 5, 14, 43, 5, 48, 21, 45, 31, 5, 7, 10, 3, 26, 27, 40, 22, 32, 19, 2, 39, 0, 20, 17, 19, 46, 0, 2, 32, 27, 41], [19, 40, 12, 22, 10, 9, 12, 21, 24, 0, 9, 5, 33, 15, 6, 0, 44, 2, 45, 27, 11, 32, 36, 5, 7, 17, 17, 34, 49, 41, 0, 45, 14, 47, 24], [29, 0, 36, 38, 49, 3, 42, 24, 14, 34, 12, 13, 0, 0, 36, 0, 23, 13, 5, 47, 47, 48, 0, 23, 49, 21, 45, 32, 19, 36, 29, 23, 21, 39, 7], [47, 19, 6, 16, 24, 42, 11, 0, 37, 0, 8, 4, 25, 33, 4, 21, 31, 14, 24, 40, 3, 25, 42, 20, 6, 29, 18, 41, 39, 12, 7, 0, 46, 44, 42], [28, 1, 14, 33, 20, 43, 39, 13, 32, 41, 4, 31, 26, 31, 25, 34, 28, 47, 34, 0, 2, 24, 0, 2, 46, 33, 20, 43, 21, 26, 26, 47, 0, 4, 27], [46, 38, 44, 7, 10, 24, 36, 21, 10, 13, 48, 9, 22, 15, 11, 32, 39, 42, 7, 9, 21, 49, 0, 18, 36, 0, 49, 11, 3, 15, 22, 34, 42, 32, 44], [0, 48, 38, 5, 8, 37, 0, 12, 34, 38, 11, 46, 2, 16, 44, 4, 16, 11, 6, 17, 27, 43, 8, 24, 34, 10, 34, 10, 0, 14, 40, 6, 11, 17, 49], [48, 6, 15, 9, 36, 1, 5, 14, 18, 45, 31, 20, 31, 0, 7, 15, 43, 16, 22, 39, 24, 24, 5, 11, 38, 47, 31, 38, 36, 49, 5, 42, 14, 33, 45], [2, 1, 35, 20, 45, 1, 26, 41, 6, 39, 0, 41, 21, 46, 36, 39, 18, 18, 15, 42, 12, 0, 47, 37, 30, 32, 16, 7, 27, 7, 11, 30, 15, 0, 44], [26, 0, 31, 40, 15, 28, 48, 41, 12, 29, 8, 14, 6, 14, 46, 3, 0, 44, 35, 24, 10, 0, 49, 37, 46, 28, 9, 34, 27, 29, 35, 9, 4, 26, 31], [28, 44, 16, 24, 49, 26, 1, 29, 20, 17, 38, 6, 3, 40, 11, 20, 15, 45, 29, 33, 37, 1, 6, 21, 7, 45, 45, 0, 32, 41, 8, 30, 47, 40, 36], [1, 48, 10, 46, 27, 48, 17, 1, 7, 44, 42, 7, 41, 36, 9, 18, 23, 23, 33, 42, 7, 27, 23, 47, 11, 32, 25, 26, 40, 37, 26, 16, 22, 10, 0], [47, 10, 15, 14, 49, 14, 13, 21, 36, 22, 28, 40, 30, 18, 46, 0, 23, 24, 12, 18, 32, 0, 11, 14, 13, 10, 25, 47, 41, 35, 4, 0, 8, 7, 2], [14, 24, 6, 5, 28, 24, 45, 26, 14, 49, 15, 16, 45, 42, 23, 11, 30, 0, 34, 15, 0, 35, 27, 48, 35, 26, 38, 47, 24, 43, 10, 44, 45, 24, 34], [34, 18, 23, 37, 8, 47, 8, 28, 42, 4, 42, 35, 34, 0, 28, 16, 2, 36, 9, 0, 46, 33, 44, 19, 31, 0, 7, 19, 17, 33, 7, 10, 26, 21, 0], [34, 25, 0, 0, 21, 21, 18, 33, 28, 14, 24, 29, 47, 49, 25, 32, 2, 2, 13, 18, 6, 16, 6, 0, 45, 26, 15, 24, 24, 48, 33, 14, 2, 39, 0], [25, 0, 15, 45, 3, 14, 49, 10, 0, 37, 8, 12, 0, 26, 29, 14, 38, 41, 5, 12, 43, 37, 24, 26, 44, 31, 47, 19, 42, 1, 13, 49, 32, 30, 6], [7, 0, 34, 41, 32, 14, 0, 34, 5, 1, 6, 2, 20, 35, 17, 35, 0, 14, 31, 47, 0, 7, 5, 46, 42, 7, 47, 34, 40, 43, 30, 26, 22, 16, 37], [31, 30, 36, 35, 9, 49, 17, 20, 30, 16, 44, 38, 25, 45, 46, 23, 2, 10, 24, 14, 4, 47, 16, 38, 27, 38, 39, 49, 14, 40, 27, 42, 13, 12, 7], [16, 49, 47, 20, 15, 15, 8, 47, 42, 6, 46, 24, 17, 2, 23, 38, 6, 37, 46, 40, 48, 30, 28, 30, 14, 39, 20, 19, 19, 2, 0, 0, 47, 44, 35], [4, 32, 24, 32, 32, 19, 46, 18, 45, 12, 0, 26, 38, 32, 47, 8, 4, 42, 0, 39, 23, 7, 8, 9, 33, 0, 40, 4, 1, 9, 7, 45, 38, 32, 23], [48, 17, 45, 33, 34, 44, 11, 7, 32, 16, 28, 2, 34, 38, 3, 4, 29, 9, 26, 0, 12, 5, 31, 18, 20, 33, 17, 39, 43, 20, 3, 13, 0, 1, 29], [27, 32, 6, 47, 20, 39, 7, 33, 33, 11, 0, 39, 49, 32, 0, 19, 45, 13, 9, 45, 11, 47, 44, 9, 22, 47, 8, 0, 2, 20, 16, 12, 24, 48, 1], [30, 41, 34, 18, 27, 15, 3, 28, 10, 44, 34, 43, 48, 0, 36, 31, 8, 21, 47, 6, 44, 5, 44, 4, 0, 17, 40, 27, 20, 27, 41, 42, 37, 6, 48], [6, 46, 31, 26, 0, 46, 36, 22, 40, 27, 46, 5, 20, 24, 11, 27, 26, 10, 44, 26, 0, 39, 37, 45, 10, 32, 1, 37, 40, 1, 2, 25, 11, 32, 33], [32, 26, 36, 29, 12, 40, 0, 26, 0, 42, 39, 32, 8, 7, 5, 14, 14, 46, 21, 41, 38, 39, 48, 29, 47, 7, 20, 39, 10, 36, 29, 46, 0, 27, 23], [39, 42, 35, 14, 11, 15, 38, 46, 36, 39, 20, 39, 40, 23, 3, 3, 30, 24, 20, 41, 8, 3, 20, 35, 45, 11, 19, 12, 39, 34, 33, 34, 12, 15, 42], [47, 22, 26, 2, 17, 6, 29, 20, 8, 17, 23, 31, 19, 0, 49, 26, 27, 35, 23, 30, 21, 6, 46, 1, 5, 39, 49, 40, 48, 17, 45, 10, 35, 24, 44], [16, 30, 29, 36, 12, 44, 5, 12, 16, 26, 36, 8, 20, 7, 7, 15, 12, 48, 24, 6, 25, 18, 12, 15, 3, 38, 39, 37, 41, 44, 43, 0, 36, 36, 11], [39, 34, 28, 24, 13, 29, 1, 10, 43, 41, 7, 17, 34, 19, 25, 2, 2, 11, 9, 9, 48, 38, 4, 43, 9, 26, 28, 0, 3, 48, 38, 42, 7, 6, 12], [1, 38, 31, 10, 12, 39, 26, 42, 7, 13, 8, 9, 3, 24, 0, 16, 23, 46, 28, 43, 18, 10, 25, 37, 36, 16, 43, 4, 8, 49, 37, 12, 2, 28, 31], [3, 0, 21, 44, 1, 49, 43, 9, 22, 14, 8, 4, 4, 37, 19, 11, 42, 9, 0, 27, 45, 8, 18, 5, 14, 0, 37, 15, 22, 1, 0, 2, 35, 41, 28], [43, 32, 24, 29, 3, 18, 5, 21, 22, 32, 0, 24, 20, 40, 41, 19, 37, 20, 46, 33, 41, 35, 28, 25, 40, 17, 22, 17, 46, 20, 32, 33, 3, 45, 48], [33, 36, 6, 39, 36, 46, 5, 22, 3, 41, 22, 32, 48, 38, 7, 24, 47, 38, 12, 19, 33, 21, 40, 29, 23, 22, 45, 16, 0, 25, 28, 3, 11, 31, 35], [39, 14, 15, 38, 18, 23, 49, 34, 49, 46, 37, 30, 0, 9, 5, 23, 22, 13, 42, 18, 9, 7, 32, 0, 40, 16, 27, 45, 47, 11, 23, 33, 41, 6, 45], [18, 0, 13, 20, 26, 32, 29, 29, 35, 39, 20, 16, 22, 7, 23, 32, 20, 47, 35, 24, 4, 47, 0, 37, 0, 0, 9, 23, 37, 43, 5, 2, 23, 36, 15], [10, 23, 18, 13, 14, 43, 33, 16, 14, 48, 36, 8, 0, 23, 30, 4, 44, 25, 45, 49, 16, 21, 4, 27, 6, 36, 5, 10, 26, 35, 35, 30, 24, 41, 13], [38, 10, 29, 37, 26, 30, 18, 47, 12, 0, 43, 2, 18, 49, 34, 39, 0, 7, 0, 7, 4, 25, 14, 41, 33, 6, 10, 19, 37, 24, 34, 39, 20, 39, 6], [21, 15, 29, 49, 34, 0, 15, 33, 22, 9, 17, 31, 9, 49, 22, 12, 15, 17, 19, 35, 5, 6, 38, 47, 48, 39, 37, 3, 11, 39, 47, 0, 0, 49, 23], [14, 35, 38, 6, 24, 30, 43, 44, 34, 32, 0, 20, 27, 31, 15, 33, 3, 38, 24, 49, 37, 22, 39, 6, 24, 1, 40, 11, 44, 43, 19, 17, 23, 17, 30], [2, 39, 0, 48, 44, 0, 39, 14, 14, 5, 36, 7, 25, 14, 0, 49, 47, 21, 47, 34, 34, 17, 37, 5, 23, 27, 8, 21, 46, 21, 40, 41, 20, 17, 35], [47, 42, 37, 7, 33, 20, 17, 34, 17, 2, 19, 15, 1, 44, 17, 29, 22, 16, 4, 40, 47, 48, 24, 0, 3, 48, 16, 0, 26, 2, 29, 39, 12, 37, 5]]
Maintenance cost in each period m: 
[69780, 71145, 69283, 70467, 71416, 70799, 71514, 70061, 68585, 71704, 72104, 70947, 71063, 69169, 71903, 71161, 69513, 69170, 70816, 70050, 69325, 72291, 68723, 68742, 69333, 70923, 68924, 71085, 71329, 69233, 71264, 70639, 68885, 72279, 71386]
Maximum capacity of the machine cmax: 
2640