Set of periods in the planning horizon T: 
45
Set of products P: 
60
Capacity reduction coefficient alpha: 
0.8
Relative decrease of capacity per set up gamma: 
0.29
Capacity reduction coefficient due to product types beta: 
[0.3, 0.38, 0.27, 0.28, 0.25, 0.37, 0.37, 0.3, 0.38, 0.28, 0.35, 0.3, 0.32, 0.39, 0.25, 0.34, 0.27, 0.21, 0.29, 0.35, 0.33, 0.23, 0.26, 0.28, 0.37, 0.38, 0.28, 0.32, 0.36, 0.29, 0.34, 0.35, 0.21, 0.27, 0.37, 0.33, 0.21, 0.27, 0.34, 0.3, 0.21, 0.34, 0.28, 0.29, 0.22, 0.25, 0.29, 0.34, 0.2, 0.39, 0.36, 0.31, 0.4, 0.33, 0.4, 0.35, 0.2, 0.34, 0.32, 0.35]
Fixed production cost of each product in each period f: 
[[857, 599, 753, 521, 856, 594, 825, 828, 929, 889, 760, 853, 650, 934, 843, 799, 505, 636, 906, 673, 899, 956, 629, 738, 540, 704, 542, 540, 872, 812, 892, 767, 710, 594, 957, 620, 871, 890, 614, 586, 746, 548, 831, 634, 920], [742, 665, 638, 850, 756, 792, 597, 837, 590, 534, 971, 556, 935, 528, 533, 805, 844, 591, 715, 584, 648, 674, 617, 660, 601, 722, 768, 768, 813, 669, 705, 631, 586, 630, 509, 843, 789, 650, 649, 539, 988, 937, 819, 814, 755], [894, 780, 929, 663, 901, 806, 849, 560, 717, 626, 529, 657, 792, 826, 881, 621, 741, 641, 955, 512, 848, 735, 742, 648, 735, 903, 909, 862, 801, 981, 506, 649, 662, 547, 911, 718, 664, 516, 636, 848, 556, 527, 673, 581, 868], [717, 520, 895, 987, 588, 670, 820, 996, 864, 584, 501, 631, 785, 887, 983, 791, 826, 922, 818, 500, 670, 598, 795, 567, 697, 953, 898, 514, 711, 659, 592, 811, 995, 848, 783, 790, 537, 964, 722, 777, 815, 999, 586, 955, 840], [936, 637, 829, 586, 526, 891, 847, 501, 911, 986, 565, 893, 662, 858, 857, 817, 638, 529, 685, 941, 793, 577, 824, 665, 903, 645, 652, 719, 568, 849, 624, 833, 621, 946, 767, 792, 949, 760, 736, 688, 679, 614, 584, 673, 801], [567, 636, 931, 531, 697, 749, 529, 580, 566, 663, 702, 759, 529, 644, 957, 725, 703, 796, 670, 821, 768, 500, 607, 607, 524, 846, 870, 700, 795, 904, 615, 616, 943, 528, 981, 677, 827, 958, 623, 827, 626, 681, 811, 579, 511], [828, 942, 765, 945, 892, 538, 568, 882, 926, 868, 810, 882, 668, 758, 968, 839, 823, 721, 673, 533, 697, 974, 598, 930, 733, 648, 597, 681, 933, 893, 546, 703, 586, 916, 680, 896, 561, 957, 874, 868, 927, 819, 590, 828, 842], [829, 533, 554, 893, 510, 666, 741, 785, 782, 675, 955, 988, 841, 684, 630, 565, 751, 753, 710, 661, 869, 686, 764, 571, 803, 500, 916, 688, 899, 762, 786, 782, 779, 629, 985, 765, 539, 849, 915, 520, 525, 733, 862, 998, 996], [986, 606, 553, 842, 885, 941, 650, 912, 584, 726, 912, 619, 688, 622, 677, 605, 955, 557, 830, 543, 898, 609, 740, 948, 788, 649, 536, 591, 628, 828, 523, 504, 648, 722, 602, 953, 589, 627, 545, 921, 787, 993, 780, 961, 906], [571, 798, 664, 587, 557, 501, 946, 533, 698, 937, 878, 571, 518, 985, 881, 633, 669, 905, 770, 535, 689, 994, 530, 518, 791, 503, 771, 596, 600, 921, 794, 660, 657, 534, 623, 939, 614, 594, 782, 716, 629, 523, 759, 570, 820], [578, 582, 879, 638, 697, 685, 562, 506, 802, 615, 620, 704, 990, 515, 742, 749, 823, 684, 834, 633, 540, 509, 615, 760, 677, 927, 506, 962, 888, 717, 592, 779, 646, 939, 540, 943, 614, 639, 539, 642, 568, 653, 897, 739, 530], [698, 553, 542, 831, 709, 555, 757, 652, 769, 586, 859, 638, 923, 817, 906, 578, 894, 587, 588, 595, 746, 648, 702, 564, 637, 750, 840, 615, 654, 833, 783, 600, 648, 866, 841, 683, 823, 554, 786, 709, 734, 659, 576, 927, 671], [708, 574, 855, 688, 862, 959, 685, 601, 933, 597, 671, 711, 964, 598, 607, 535, 695, 582, 522, 983, 515, 920, 685, 584, 853, 758, 993, 928, 730, 689, 657, 707, 677, 936, 907, 934, 721, 962, 502, 579, 558, 957, 644, 596, 517], [687, 726, 574, 972, 728, 859, 706, 948, 645, 571, 506, 796, 534, 781, 834, 585, 985, 540, 976, 822, 869, 739, 551, 841, 813, 776, 683, 619, 708, 720, 851, 623, 663, 644, 868, 824, 902, 595, 615, 894, 519, 598, 781, 752, 563], [604, 773, 824, 735, 821, 553, 674, 616, 690, 625, 814, 964, 769, 564, 648, 904, 538, 628, 924, 963, 956, 529, 998, 860, 664, 511, 828, 620, 570, 787, 990, 601, 663, 596, 960, 653, 855, 531, 656, 528, 530, 845, 870, 720, 910], [784, 937, 673, 780, 981, 623, 592, 880, 849, 508, 595, 730, 685, 925, 643, 772, 975, 525, 593, 812, 808, 925, 708, 533, 626, 713, 921, 894, 956, 934, 675, 751, 956, 641, 588, 817, 689, 765, 555, 807, 917, 838, 814, 775, 549], [782, 791, 799, 867, 766, 903, 957, 641, 585, 758, 676, 552, 556, 855, 922, 887, 627, 796, 911, 585, 751, 902, 660, 690, 863, 791, 715, 668, 707, 634, 970, 866, 821, 985, 681, 595, 825, 654, 768, 601, 878, 593, 957, 924, 801], [563, 916, 666, 673, 652, 733, 985, 913, 878, 568, 721, 512, 880, 843, 910, 522, 623, 785, 884, 801, 965, 774, 803, 672, 534, 548, 977, 591, 976, 808, 830, 502, 567, 676, 811, 957, 791, 874, 705, 836, 670, 804, 872, 796, 690], [935, 886, 792, 919, 518, 871, 634, 651, 964, 769, 739, 898, 995, 837, 707, 813, 616, 617, 831, 627, 702, 876, 552, 966, 938, 668, 949, 870, 628, 940, 604, 504, 594, 528, 566, 782, 762, 562, 893, 586, 807, 955, 768, 806, 993], [945, 848, 893, 994, 843, 766, 756, 761, 519, 811, 714, 938, 922, 549, 851, 894, 995, 910, 697, 917, 838, 800, 620, 874, 719, 635, 691, 829, 997, 549, 574, 997, 605, 856, 548, 545, 505, 890, 776, 593, 517, 593, 922, 550, 846], [883, 889, 870, 761, 526, 556, 537, 628, 943, 918, 564, 795, 539, 750, 776, 823, 941, 999, 825, 982, 513, 812, 907, 759, 810, 713, 868, 574, 552, 793, 823, 772, 541, 936, 792, 514, 726, 779, 921, 807, 677, 731, 510, 962, 970], [960, 806, 829, 921, 823, 855, 722, 544, 635, 745, 622, 863, 835, 829, 761, 574, 839, 930, 542, 801, 596, 513, 775, 543, 617, 812, 727, 761, 717, 580, 676, 905, 642, 738, 857, 853, 744, 851, 555, 957, 908, 610, 659, 782, 842], [724, 832, 552, 870, 580, 750, 907, 713, 549, 653, 859, 553, 998, 708, 993, 851, 626, 964, 999, 867, 603, 905, 500, 659, 547, 725, 666, 696, 934, 584, 803, 565, 701, 679, 773, 569, 841, 953, 711, 619, 927, 765, 542, 701, 685], [971, 857, 768, 953, 880, 684, 642, 760, 992, 505, 780, 794, 702, 700, 506, 553, 719, 834, 631, 745, 701, 802, 501, 503, 973, 735, 732, 538, 983, 751, 817, 630, 949, 844, 758, 758, 716, 643, 873, 699, 589, 815, 586, 886, 959], [812, 523, 682, 952, 933, 873, 861, 900, 571, 637, 852, 752, 784, 873, 583, 931, 794, 709, 880, 514, 525, 594, 978, 667, 791, 591, 790, 773, 705, 986, 739, 776, 604, 517, 567, 607, 852, 766, 521, 769, 903, 514, 825, 574, 631], [905, 940, 552, 970, 950, 562, 871, 844, 795, 819, 802, 942, 556, 847, 800, 886, 571, 607, 558, 792, 727, 817, 946, 818, 689, 561, 845, 718, 978, 681, 617, 704, 995, 788, 506, 615, 528, 668, 963, 994, 696, 894, 583, 868, 779], [936, 983, 799, 656, 729, 793, 933, 633, 800, 931, 675, 925, 730, 563, 853, 861, 768, 579, 799, 958, 618, 547, 556, 596, 860, 941, 597, 584, 991, 809, 551, 795, 563, 719, 668, 535, 631, 614, 877, 797, 626, 936, 685, 701, 923], [528, 952, 693, 572, 899, 742, 815, 872, 582, 762, 863, 637, 601, 809, 709, 838, 624, 719, 982, 861, 531, 877, 518, 968, 767, 990, 580, 566, 553, 775, 601, 902, 820, 706, 637, 626, 858, 806, 929, 726, 640, 800, 605, 633, 935], [887, 582, 660, 581, 958, 916, 673, 590, 793, 585, 925, 731, 944, 941, 712, 691, 922, 760, 800, 909, 628, 965, 766, 515, 660, 631, 584, 530, 777, 744, 958, 843, 655, 938, 612, 797, 859, 980, 551, 646, 874, 580, 627, 731, 960], [658, 891, 911, 763, 998, 935, 789, 802, 679, 547, 687, 699, 974, 974, 983, 688, 587, 561, 909, 591, 961, 720, 516, 869, 909, 762, 682, 756, 781, 909, 911, 587, 933, 658, 621, 755, 855, 657, 684, 835, 991, 542, 995, 799, 634], [779, 859, 692, 623, 696, 650, 762, 780, 884, 917, 648, 731, 732, 770, 613, 960, 840, 948, 946, 903, 600, 844, 510, 753, 982, 693, 634, 660, 893, 563, 622, 875, 982, 772, 592, 626, 765, 712, 556, 818, 892, 865, 945, 753, 927], [543, 540, 976, 744, 958, 705, 588, 565, 552, 500, 920, 662, 582, 800, 667, 814, 502, 842, 988, 633, 915, 894, 565, 626, 582, 768, 939, 867, 967, 694, 808, 864, 763, 928, 822, 731, 659, 662, 853, 663, 915, 700, 669, 523, 734], [797, 896, 600, 593, 568, 798, 839, 830, 849, 988, 747, 996, 510, 643, 914, 725, 857, 841, 560, 503, 803, 833, 919, 515, 901, 703, 510, 844, 792, 681, 700, 588, 764, 513, 718, 501, 912, 891, 718, 977, 923, 977, 781, 657, 568], [890, 706, 992, 917, 577, 985, 643, 575, 882, 569, 763, 764, 767, 877, 816, 824, 586, 594, 857, 906, 520, 846, 806, 753, 919, 783, 616, 890, 831, 701, 639, 641, 805, 945, 924, 753, 952, 764, 683, 800, 666, 740, 598, 878, 862], [718, 520, 905, 917, 578, 520, 990, 693, 881, 642, 733, 683, 593, 614, 619, 515, 788, 516, 624, 676, 763, 585, 611, 902, 768, 762, 674, 621, 519, 845, 588, 703, 732, 799, 912, 523, 857, 972, 647, 621, 576, 895, 658, 924, 711], [544, 614, 906, 611, 822, 569, 933, 565, 963, 816, 869, 711, 557, 887, 929, 949, 903, 594, 581, 953, 831, 740, 729, 634, 937, 666, 509, 791, 549, 721, 904, 665, 789, 748, 977, 956, 548, 706, 994, 737, 747, 867, 672, 706, 546], [973, 771, 958, 672, 785, 810, 632, 721, 619, 812, 914, 537, 956, 970, 794, 619, 503, 659, 760, 903, 875, 802, 574, 911, 526, 543, 906, 734, 781, 758, 718, 752, 649, 897, 575, 647, 743, 546, 709, 519, 822, 504, 503, 861, 950], [716, 944, 578, 758, 655, 548, 927, 731, 746, 539, 722, 743, 794, 946, 886, 537, 689, 679, 757, 936, 567, 990, 616, 542, 859, 545, 615, 896, 879, 663, 845, 910, 904, 602, 603, 974, 831, 642, 801, 720, 706, 959, 977, 552, 949], [895, 902, 786, 777, 882, 703, 656, 561, 651, 537, 787, 629, 932, 910, 589, 734, 787, 620, 971, 793, 562, 874, 724, 625, 579, 592, 722, 685, 746, 771, 648, 966, 598, 502, 509, 508, 911, 944, 545, 832, 808, 953, 704, 578, 962], [545, 996, 995, 564, 955, 691, 826, 979, 799, 840, 948, 991, 971, 884, 791, 908, 784, 915, 688, 941, 950, 972, 629, 904, 975, 519, 957, 590, 831, 929, 702, 800, 550, 910, 959, 522, 824, 778, 969, 582, 503, 584, 755, 827, 862], [774, 849, 881, 829, 593, 979, 850, 698, 606, 676, 695, 762, 754, 786, 544, 984, 785, 541, 837, 938, 704, 567, 850, 886, 545, 900, 815, 948, 500, 632, 919, 816, 965, 858, 554, 883, 742, 588, 726, 932, 770, 677, 875, 895, 771], [907, 888, 554, 999, 608, 921, 940, 689, 786, 876, 591, 927, 913, 948, 839, 509, 844, 957, 984, 885, 553, 605, 576, 623, 666, 846, 572, 793, 852, 815, 616, 749, 683, 741, 688, 649, 733, 650, 633, 986, 566, 711, 695, 607, 551], [886, 592, 784, 916, 701, 651, 623, 731, 626, 964, 780, 633, 961, 571, 846, 922, 722, 537, 579, 888, 585, 834, 519, 742, 818, 914, 742, 996, 645, 593, 670, 795, 643, 583, 686, 836, 597, 834, 800, 662, 664, 572, 670, 559, 782], [534, 679, 507, 813, 849, 543, 506, 880, 545, 591, 925, 834, 730, 667, 531, 800, 521, 549, 622, 680, 508, 752, 729, 649, 698, 532, 644, 688, 529, 977, 957, 960, 633, 604, 622, 532, 975, 721, 972, 764, 917, 509, 545, 703, 987], [701, 721, 836, 750, 873, 581, 706, 548, 737, 673, 889, 699, 776, 991, 510, 796, 746, 916, 742, 978, 928, 796, 839, 888, 745, 544, 928, 552, 607, 593, 761, 918, 954, 983, 772, 673, 567, 897, 606, 900, 953, 770, 627, 995, 523], [785, 940, 822, 663, 559, 522, 731, 811, 531, 581, 783, 533, 622, 511, 535, 572, 547, 578, 891, 820, 610, 948, 697, 636, 703, 789, 508, 731, 940, 592, 909, 637, 648, 630, 674, 822, 667, 901, 849, 818, 674, 547, 504, 618, 681], [943, 839, 832, 872, 965, 917, 755, 710, 848, 501, 841, 525, 798, 917, 625, 847, 903, 964, 670, 766, 907, 945, 637, 558, 927, 872, 621, 981, 614, 814, 624, 814, 576, 518, 605, 796, 726, 579, 983, 937, 710, 755, 873, 913, 905], [830, 743, 664, 699, 728, 539, 880, 776, 661, 916, 562, 774, 676, 751, 758, 505, 681, 780, 788, 905, 859, 809, 888, 952, 564, 803, 523, 680, 798, 736, 895, 760, 585, 939, 782, 915, 644, 594, 538, 757, 555, 843, 636, 505, 939], [839, 801, 595, 911, 979, 655, 610, 896, 517, 731, 543, 910, 564, 896, 788, 832, 630, 765, 778, 651, 986, 938, 689, 715, 953, 724, 609, 973, 501, 632, 678, 825, 559, 507, 895, 868, 581, 648, 655, 994, 742, 830, 881, 965, 776], [787, 739, 544, 764, 789, 998, 748, 877, 812, 810, 590, 766, 727, 615, 976, 774, 594, 961, 644, 911, 862, 759, 968, 795, 569, 850, 907, 752, 539, 946, 764, 956, 719, 706, 879, 777, 642, 831, 623, 936, 954, 722, 689, 903, 679], [772, 832, 707, 675, 699, 749, 682, 800, 795, 534, 663, 612, 779, 633, 827, 949, 809, 563, 719, 752, 978, 878, 757, 776, 716, 941, 692, 579, 778, 950, 997, 534, 649, 974, 711, 937, 754, 973, 608, 606, 634, 939, 937, 615, 916], [836, 551, 937, 864, 996, 907, 978, 684, 857, 813, 996, 822, 544, 931, 683, 684, 800, 883, 813, 881, 563, 781, 724, 799, 727, 601, 692, 552, 662, 737, 648, 940, 893, 988, 930, 658, 706, 617, 502, 815, 910, 820, 869, 829, 826], [741, 592, 823, 733, 782, 805, 815, 712, 589, 614, 706, 626, 620, 994, 508, 825, 567, 797, 941, 907, 585, 826, 836, 726, 691, 923, 876, 621, 891, 577, 787, 990, 613, 671, 645, 603, 965, 998, 856, 762, 602, 753, 816, 542, 540], [506, 502, 648, 847, 701, 673, 978, 783, 872, 950, 921, 786, 606, 971, 646, 968, 673, 965, 681, 957, 855, 615, 530, 923, 955, 612, 699, 961, 884, 730, 529, 549, 797, 922, 693, 518, 869, 807, 575, 962, 627, 553, 866, 986, 627], [821, 594, 783, 998, 771, 544, 503, 634, 892, 997, 677, 640, 981, 577, 663, 661, 863, 651, 986, 524, 913, 990, 958, 869, 685, 809, 972, 535, 701, 621, 967, 540, 797, 572, 661, 917, 928, 517, 818, 624, 828, 556, 704, 753, 823], [828, 715, 502, 873, 929, 641, 554, 825, 581, 526, 641, 915, 925, 953, 839, 688, 845, 789, 759, 918, 868, 973, 587, 577, 709, 923, 784, 774, 836, 606, 679, 809, 910, 773, 893, 910, 689, 832, 609, 518, 888, 725, 811, 576, 874], [594, 876, 538, 818, 669, 669, 629, 674, 632, 660, 703, 741, 930, 954, 929, 830, 719, 952, 561, 788, 933, 632, 609, 641, 761, 542, 645, 876, 663, 566, 985, 738, 983, 929, 970, 661, 890, 785, 941, 780, 593, 505, 796, 724, 752], [521, 536, 684, 518, 767, 935, 997, 662, 611, 648, 746, 719, 636, 832, 759, 994, 762, 754, 898, 751, 730, 882, 951, 780, 960, 503, 964, 721, 950, 929, 656, 501, 800, 916, 779, 622, 637, 937, 661, 641, 991, 517, 728, 834, 709], [684, 654, 538, 708, 537, 873, 992, 785, 738, 818, 560, 552, 897, 555, 508, 755, 858, 841, 884, 775, 687, 566, 521, 846, 765, 866, 695, 536, 562, 926, 639, 670, 633, 701, 896, 558, 730, 871, 665, 799, 755, 502, 997, 803, 801], [552, 653, 527, 649, 569, 773, 815, 982, 640, 527, 983, 912, 622, 913, 821, 991, 638, 864, 679, 669, 980, 634, 558, 693, 715, 703, 918, 573, 687, 619, 540, 554, 831, 515, 978, 527, 806, 680, 834, 676, 855, 636, 771, 941, 645]]
Variable production cost per unit of each product in each period p: 
[[12, 12, 11, 13, 12, 10, 11, 13, 11, 11, 13, 13, 12, 13, 13, 13, 12, 10, 13, 11, 11, 11, 11, 11, 11, 10, 10, 13, 11, 10, 10, 12, 11, 11, 12, 12, 12, 13, 13, 13, 10, 12, 11, 12, 10], [11, 11, 10, 10, 10, 13, 13, 11, 12, 13, 13, 13, 13, 13, 13, 11, 11, 12, 12, 10, 10, 11, 10, 10, 12, 12, 13, 12, 11, 12, 12, 13, 12, 10, 10, 12, 12, 10, 10, 12, 11, 11, 13, 13, 12], [13, 11, 11, 12, 10, 10, 10, 12, 12, 13, 13, 12, 12, 10, 10, 12, 11, 13, 10, 12, 10, 12, 13, 12, 11, 11, 10, 13, 11, 10, 13, 11, 11, 10, 12, 12, 13, 13, 12, 12, 12, 11, 11, 10, 12], [12, 12, 11, 13, 10, 10, 10, 12, 10, 13, 13, 10, 13, 10, 12, 10, 13, 11, 12, 13, 12, 10, 12, 11, 12, 10, 10, 11, 13, 10, 12, 13, 10, 13, 12, 11, 12, 12, 12, 12, 12, 11, 11, 11, 13], [12, 10, 10, 11, 13, 10, 12, 11, 10, 11, 12, 10, 10, 11, 13, 10, 11, 13, 13, 12, 13, 12, 12, 13, 10, 11, 10, 10, 11, 13, 10, 13, 10, 13, 10, 11, 11, 11, 11, 13, 11, 10, 12, 12, 10], [11, 11, 10, 12, 11, 12, 11, 13, 12, 13, 10, 13, 12, 11, 11, 12, 11, 11, 12, 10, 12, 13, 13, 12, 10, 13, 11, 12, 12, 10, 12, 13, 10, 10, 11, 13, 11, 12, 12, 13, 11, 12, 13, 12, 12], [13, 12, 13, 13, 12, 12, 12, 13, 10, 13, 12, 13, 12, 10, 12, 10, 12, 11, 12, 11, 10, 11, 11, 13, 10, 13, 12, 10, 13, 11, 11, 13, 10, 11, 10, 11, 11, 12, 10, 10, 13, 10, 13, 10, 10], [13, 13, 10, 10, 10, 12, 11, 13, 13, 13, 12, 13, 11, 12, 11, 13, 12, 13, 13, 11, 11, 10, 11, 12, 10, 13, 10, 11, 12, 10, 10, 12, 11, 11, 13, 11, 12, 10, 12, 10, 13, 10, 12, 10, 10], [13, 11, 10, 11, 10, 12, 11, 10, 12, 11, 10, 13, 13, 10, 12, 12, 10, 13, 10, 10, 11, 11, 13, 10, 11, 12, 11, 10, 10, 12, 10, 12, 10, 12, 11, 11, 12, 12, 10, 10, 13, 11, 10, 13, 12], [11, 11, 13, 12, 10, 12, 11, 12, 13, 12, 10, 11, 12, 12, 10, 12, 12, 10, 12, 11, 10, 10, 11, 12, 12, 12, 13, 12, 12, 11, 13, 11, 12, 10, 10, 13, 13, 11, 12, 11, 10, 10, 13, 11, 12], [11, 11, 13, 12, 12, 11, 12, 11, 10, 11, 11, 10, 10, 12, 13, 10, 10, 12, 11, 10, 13, 13, 10, 10, 11, 13, 12, 10, 12, 11, 13, 12, 12, 11, 10, 10, 10, 12, 13, 12, 12, 13, 10, 10, 13], [13, 11, 12, 13, 10, 11, 11, 13, 11, 10, 13, 10, 12, 12, 10, 11, 12, 10, 11, 11, 10, 11, 12, 13, 11, 12, 11, 10, 12, 10, 11, 13, 13, 10, 11, 12, 10, 10, 13, 13, 10, 13, 13, 12, 11], [12, 13, 12, 12, 12, 12, 12, 10, 10, 11, 11, 10, 13, 10, 13, 13, 11, 10, 11, 12, 11, 13, 13, 11, 12, 11, 13, 11, 13, 11, 13, 13, 10, 10, 13, 12, 11, 10, 12, 12, 11, 11, 11, 11, 10], [12, 13, 10, 13, 10, 12, 13, 12, 11, 13, 11, 10, 10, 10, 11, 12, 11, 13, 12, 13, 13, 11, 11, 12, 13, 11, 13, 11, 12, 13, 10, 11, 10, 13, 11, 13, 12, 10, 11, 13, 11, 10, 10, 10, 10], [10, 10, 11, 11, 12, 11, 12, 12, 13, 12, 12, 12, 13, 11, 12, 11, 13, 10, 10, 11, 13, 12, 10, 10, 13, 12, 12, 13, 12, 12, 12, 10, 13, 13, 11, 11, 12, 10, 13, 11, 12, 11, 11, 10, 11], [11, 13, 10, 11, 11, 10, 10, 13, 13, 12, 11, 10, 11, 12, 10, 12, 13, 11, 12, 10, 10, 10, 11, 11, 10, 11, 12, 12, 11, 10, 12, 10, 13, 10, 13, 13, 12, 10, 11, 11, 12, 13, 10, 10, 12], [12, 12, 11, 10, 12, 11, 13, 10, 12, 12, 12, 10, 11, 12, 10, 12, 12, 11, 13, 10, 11, 10, 11, 12, 10, 11, 10, 12, 11, 11, 13, 12, 13, 11, 11, 10, 13, 12, 10, 11, 13, 10, 13, 10, 12], [12, 10, 10, 10, 11, 12, 11, 10, 10, 11, 10, 10, 11, 11, 13, 10, 13, 11, 11, 10, 11, 10, 13, 10, 13, 10, 11, 10, 11, 12, 11, 12, 11, 12, 11, 10, 10, 11, 12, 10, 13, 13, 12, 13, 13], [13, 10, 13, 11, 11, 11, 11, 11, 13, 11, 12, 12, 10, 12, 13, 13, 11, 10, 10, 11, 11, 12, 12, 13, 10, 11, 12, 12, 12, 10, 13, 13, 11, 12, 11, 10, 11, 13, 12, 13, 10, 12, 12, 12, 12], [11, 12, 13, 12, 10, 13, 13, 13, 13, 11, 10, 10, 12, 11, 10, 10, 12, 12, 11, 13, 10, 12, 12, 11, 11, 10, 12, 12, 11, 12, 11, 11, 12, 13, 12, 12, 12, 10, 10, 12, 13, 12, 13, 13, 11], [12, 13, 12, 12, 12, 12, 13, 10, 10, 12, 13, 11, 11, 10, 11, 12, 13, 11, 11, 12, 13, 13, 13, 12, 10, 10, 10, 11, 10, 11, 10, 10, 10, 11, 10, 10, 10, 10, 12, 12, 13, 10, 10, 12, 13], [11, 11, 13, 12, 11, 11, 13, 11, 13, 10, 12, 11, 10, 12, 10, 12, 10, 11, 10, 10, 11, 13, 10, 11, 10, 11, 13, 13, 12, 10, 10, 12, 10, 10, 10, 12, 11, 13, 11, 12, 12, 11, 10, 10, 13], [12, 13, 13, 12, 10, 13, 12, 13, 13, 12, 13, 12, 13, 11, 12, 12, 11, 12, 13, 11, 12, 11, 13, 13, 13, 10, 12, 13, 11, 11, 13, 12, 12, 12, 13, 11, 11, 12, 13, 12, 10, 10, 11, 13, 10], [11, 11, 13, 11, 13, 12, 11, 11, 13, 11, 11, 13, 12, 11, 10, 12, 11, 13, 10, 12, 13, 10, 10, 12, 13, 11, 11, 12, 10, 10, 12, 13, 10, 13, 11, 12, 11, 12, 12, 12, 13, 13, 12, 13, 11], [11, 10, 10, 11, 13, 13, 10, 12, 12, 11, 13, 11, 12, 13, 10, 10, 13, 12, 13, 10, 10, 11, 13, 13, 12, 13, 11, 11, 13, 13, 11, 13, 10, 12, 11, 12, 11, 10, 12, 10, 11, 13, 12, 12, 11], [11, 13, 13, 10, 11, 13, 13, 12, 13, 10, 10, 13, 12, 13, 11, 13, 10, 11, 11, 10, 12, 12, 12, 11, 12, 11, 11, 11, 11, 12, 12, 12, 13, 12, 13, 11, 12, 13, 10, 13, 10, 11, 11, 11, 10], [11, 10, 10, 10, 12, 10, 12, 12, 11, 12, 10, 11, 12, 12, 13, 11, 12, 11, 11, 13, 11, 12, 11, 10, 12, 12, 12, 10, 11, 12, 11, 12, 10, 10, 10, 13, 11, 13, 11, 11, 10, 12, 10, 11, 12], [10, 13, 10, 11, 10, 10, 10, 11, 11, 10, 12, 11, 12, 12, 10, 13, 12, 13, 10, 13, 13, 12, 10, 11, 12, 10, 10, 12, 12, 13, 12, 13, 10, 12, 13, 13, 12, 11, 10, 12, 12, 12, 11, 12, 10], [10, 12, 13, 11, 13, 12, 11, 11, 12, 13, 13, 11, 12, 10, 11, 10, 11, 13, 10, 13, 10, 12, 12, 12, 10, 12, 10, 10, 10, 11, 12, 10, 11, 10, 10, 13, 11, 11, 10, 10, 11, 11, 12, 13, 12], [10, 13, 13, 11, 10, 12, 10, 13, 13, 13, 12, 11, 12, 10, 10, 11, 11, 12, 10, 13, 11, 11, 13, 10, 10, 11, 12, 12, 12, 10, 10, 11, 12, 11, 11, 11, 11, 10, 12, 10, 11, 11, 10, 11, 10], [10, 12, 10, 11, 11, 11, 13, 11, 10, 12, 11, 11, 11, 10, 13, 11, 12, 11, 12, 12, 11, 13, 11, 11, 13, 12, 13, 13, 10, 10, 11, 13, 12, 10, 12, 11, 12, 11, 13, 12, 13, 13, 11, 10, 12], [12, 12, 13, 12, 11, 11, 10, 11, 11, 10, 12, 12, 11, 10, 11, 13, 11, 11, 12, 11, 10, 13, 11, 13, 10, 13, 13, 13, 12, 10, 12, 13, 11, 10, 13, 12, 11, 11, 11, 10, 11, 13, 10, 10, 11], [13, 11, 12, 13, 12, 12, 13, 11, 13, 12, 12, 12, 12, 13, 12, 11, 11, 11, 12, 10, 10, 11, 13, 11, 11, 12, 11, 13, 11, 13, 11, 10, 11, 13, 11, 10, 11, 11, 12, 12, 13, 11, 10, 12, 10], [12, 13, 10, 11, 13, 12, 10, 13, 13, 12, 11, 13, 13, 13, 10, 10, 10, 12, 10, 10, 11, 10, 11, 12, 10, 13, 10, 12, 10, 13, 12, 13, 10, 11, 13, 11, 11, 12, 11, 11, 12, 12, 10, 13, 11], [13, 11, 12, 10, 10, 12, 12, 13, 13, 10, 10, 10, 13, 12, 10, 10, 10, 10, 10, 10, 10, 13, 13, 12, 10, 13, 11, 12, 13, 13, 13, 10, 10, 12, 13, 11, 10, 12, 13, 10, 10, 13, 11, 10, 11], [13, 12, 12, 11, 13, 12, 12, 12, 11, 13, 10, 12, 12, 10, 12, 11, 12, 11, 11, 10, 10, 11, 13, 12, 10, 12, 10, 13, 10, 13, 12, 10, 13, 11, 13, 10, 11, 12, 12, 11, 10, 12, 13, 10, 13], [10, 13, 11, 11, 13, 11, 12, 10, 13, 10, 11, 13, 13, 10, 13, 12, 12, 11, 11, 10, 11, 12, 12, 13, 11, 13, 12, 11, 13, 13, 11, 10, 12, 10, 11, 10, 10, 12, 12, 11, 13, 12, 13, 10, 13], [12, 10, 12, 11, 13, 12, 11, 11, 10, 10, 11, 13, 12, 10, 10, 10, 12, 13, 11, 12, 10, 13, 10, 10, 10, 11, 11, 10, 10, 13, 11, 11, 11, 11, 12, 11, 13, 10, 10, 11, 10, 11, 11, 12, 12], [12, 12, 12, 10, 13, 12, 11, 11, 11, 10, 12, 12, 12, 13, 12, 10, 10, 11, 12, 10, 13, 10, 13, 11, 10, 12, 13, 11, 13, 11, 10, 12, 10, 13, 11, 13, 10, 12, 12, 12, 10, 12, 12, 12, 11], [12, 11, 13, 13, 11, 10, 12, 11, 12, 13, 10, 11, 10, 10, 10, 12, 10, 13, 13, 13, 13, 10, 10, 12, 12, 13, 11, 12, 11, 13, 10, 12, 10, 11, 12, 10, 11, 13, 11, 11, 11, 10, 11, 13, 13], [12, 13, 10, 10, 13, 10, 10, 12, 10, 10, 10, 11, 12, 13, 10, 12, 13, 13, 10, 12, 11, 11, 12, 12, 10, 10, 10, 13, 12, 10, 12, 10, 10, 12, 11, 11, 11, 13, 11, 10, 13, 13, 11, 13, 10], [13, 12, 10, 12, 10, 10, 10, 12, 12, 10, 13, 11, 11, 11, 12, 10, 12, 13, 10, 10, 10, 10, 11, 12, 10, 11, 12, 12, 12, 10, 12, 12, 13, 10, 12, 13, 10, 13, 13, 10, 12, 10, 10, 10, 10], [11, 12, 13, 13, 11, 11, 13, 12, 11, 13, 10, 13, 11, 11, 13, 11, 10, 13, 13, 12, 10, 12, 10, 11, 13, 13, 10, 13, 12, 13, 12, 12, 11, 11, 10, 11, 13, 13, 13, 11, 11, 11, 10, 10, 10], [11, 11, 12, 10, 11, 10, 13, 11, 10, 12, 11, 11, 11, 13, 10, 12, 10, 11, 13, 11, 12, 10, 11, 12, 11, 13, 11, 10, 12, 10, 13, 11, 13, 10, 13, 10, 11, 12, 13, 10, 13, 13, 10, 10, 13], [13, 11, 13, 11, 11, 10, 12, 13, 10, 12, 11, 13, 13, 10, 13, 12, 13, 13, 13, 13, 10, 10, 12, 13, 11, 11, 12, 10, 13, 13, 12, 12, 11, 12, 11, 11, 11, 13, 12, 11, 12, 10, 11, 13, 13], [13, 13, 11, 12, 10, 11, 12, 12, 13, 10, 13, 11, 13, 12, 11, 12, 12, 11, 13, 11, 13, 11, 10, 10, 12, 13, 13, 11, 13, 13, 10, 13, 11, 11, 11, 11, 10, 10, 13, 10, 10, 12, 12, 13, 10], [13, 11, 13, 13, 13, 13, 13, 12, 10, 11, 11, 10, 10, 11, 10, 12, 13, 11, 12, 11, 12, 12, 13, 13, 12, 10, 11, 10, 13, 10, 12, 11, 11, 13, 10, 10, 11, 10, 13, 13, 11, 10, 13, 10, 11], [11, 13, 13, 12, 12, 12, 10, 10, 10, 11, 10, 11, 11, 10, 11, 13, 13, 10, 10, 13, 12, 10, 13, 10, 10, 10, 13, 10, 13, 10, 10, 11, 11, 12, 10, 13, 12, 13, 12, 12, 13, 10, 11, 13, 10], [13, 10, 12, 11, 10, 10, 12, 10, 11, 11, 12, 12, 11, 13, 10, 12, 11, 11, 10, 12, 13, 12, 12, 10, 11, 10, 13, 10, 11, 11, 11, 13, 11, 11, 11, 13, 12, 10, 12, 12, 11, 10, 10, 12, 10], [11, 10, 10, 12, 12, 10, 12, 12, 13, 13, 10, 11, 13, 13, 10, 10, 10, 11, 10, 10, 12, 13, 11, 11, 10, 13, 10, 11, 10, 12, 11, 13, 11, 10, 12, 10, 12, 11, 12, 11, 11, 13, 13, 10, 13], [13, 11, 10, 13, 10, 13, 10, 13, 13, 13, 12, 11, 12, 12, 10, 13, 13, 11, 11, 11, 11, 11, 12, 11, 11, 11, 12, 12, 10, 11, 11, 12, 10, 12, 10, 13, 11, 11, 11, 13, 10, 11, 12, 12, 13], [12, 11, 12, 13, 13, 10, 10, 11, 12, 10, 12, 10, 12, 11, 11, 13, 10, 11, 11, 11, 12, 12, 11, 13, 13, 10, 10, 13, 13, 10, 13, 10, 10, 13, 12, 12, 11, 12, 13, 13, 13, 13, 11, 11, 12], [12, 11, 12, 13, 11, 11, 12, 10, 13, 12, 10, 10, 10, 13, 11, 13, 11, 13, 11, 12, 11, 13, 12, 10, 12, 12, 11, 11, 12, 12, 11, 13, 12, 10, 12, 12, 12, 11, 13, 10, 10, 11, 10, 11, 12], [13, 12, 10, 13, 11, 13, 11, 13, 10, 11, 12, 10, 12, 10, 13, 12, 13, 11, 12, 11, 13, 11, 12, 12, 10, 12, 13, 10, 10, 12, 12, 13, 10, 12, 12, 12, 11, 12, 13, 11, 11, 13, 12, 11, 11], [11, 13, 13, 13, 12, 13, 13, 11, 10, 12, 11, 10, 13, 13, 13, 11, 12, 12, 12, 12, 10, 13, 10, 13, 12, 13, 10, 12, 12, 13, 10, 13, 10, 10, 13, 11, 11, 12, 13, 10, 11, 10, 12, 11, 10], [12, 10, 10, 13, 11, 13, 13, 11, 12, 11, 11, 13, 10, 13, 11, 11, 10, 12, 12, 10, 12, 13, 12, 10, 12, 11, 10, 10, 12, 13, 11, 12, 12, 10, 10, 11, 13, 13, 13, 13, 12, 10, 13, 11, 12], [10, 10, 13, 13, 11, 11, 11, 13, 11, 11, 10, 10, 10, 11, 12, 12, 11, 11, 13, 13, 13, 12, 11, 10, 11, 12, 11, 12, 10, 13, 10, 13, 11, 11, 12, 11, 10, 10, 12, 13, 13, 13, 12, 13, 11], [10, 13, 12, 13, 10, 13, 13, 11, 12, 12, 13, 12, 13, 13, 12, 12, 13, 12, 12, 12, 12, 13, 11, 13, 12, 12, 11, 11, 11, 10, 10, 11, 12, 13, 10, 10, 12, 10, 12, 10, 10, 12, 13, 12, 10], [12, 12, 12, 13, 10, 12, 13, 11, 13, 12, 13, 10, 13, 10, 13, 12, 12, 12, 13, 12, 10, 10, 10, 11, 11, 11, 12, 13, 12, 10, 11, 12, 12, 10, 11, 12, 10, 10, 13, 11, 11, 13, 10, 12, 13], [10, 10, 10, 12, 11, 12, 12, 13, 11, 11, 10, 11, 10, 10, 12, 13, 13, 11, 10, 12, 11, 12, 11, 11, 10, 10, 12, 13, 13, 11, 10, 12, 13, 13, 10, 10, 13, 13, 13, 12, 13, 12, 12, 13, 13]]
Inventory holding cost per unit of each product by the end of each period h: 
[[8, 9, 6, 8, 5, 7, 5, 5, 9, 9, 6, 5, 9, 5, 7, 7, 9, 8, 9, 5, 5, 8, 9, 7, 8, 9, 7, 5, 8, 7, 5, 9, 7, 7, 9, 7, 5, 9, 7, 9, 5, 5, 5, 9, 8], [9, 7, 5, 7, 5, 8, 6, 6, 9, 6, 5, 5, 5, 8, 5, 5, 9, 7, 5, 9, 5, 6, 6, 8, 8, 6, 5, 6, 5, 7, 7, 5, 5, 9, 7, 6, 5, 8, 6, 9, 5, 8, 5, 5, 7], [7, 8, 5, 5, 5, 8, 9, 9, 7, 7, 5, 9, 9, 9, 6, 6, 6, 9, 9, 7, 5, 8, 8, 5, 7, 5, 9, 5, 9, 5, 7, 5, 6, 5, 6, 5, 9, 6, 9, 5, 5, 9, 6, 7, 9], [6, 9, 5, 7, 9, 8, 7, 5, 5, 5, 9, 7, 7, 6, 9, 5, 9, 6, 8, 5, 8, 7, 7, 9, 6, 7, 6, 8, 8, 5, 9, 5, 5, 5, 5, 6, 8, 8, 7, 6, 8, 9, 5, 5, 6], [7, 8, 7, 5, 8, 9, 9, 9, 9, 6, 7, 7, 6, 9, 5, 8, 9, 6, 8, 6, 5, 8, 5, 5, 5, 6, 7, 5, 8, 8, 8, 6, 8, 7, 9, 9, 5, 5, 7, 6, 7, 9, 9, 6, 6], [7, 9, 7, 5, 5, 8, 7, 7, 5, 5, 9, 9, 9, 7, 6, 7, 7, 6, 9, 9, 6, 6, 7, 6, 6, 9, 7, 5, 7, 7, 7, 7, 8, 5, 8, 7, 9, 5, 6, 6, 6, 7, 5, 5, 7], [9, 6, 9, 7, 8, 8, 9, 9, 6, 6, 9, 6, 6, 9, 8, 7, 6, 5, 5, 7, 8, 5, 5, 8, 7, 8, 8, 5, 8, 8, 7, 6, 9, 6, 5, 6, 6, 7, 8, 8, 5, 9, 8, 9, 6], [5, 7, 8, 6, 7, 9, 8, 7, 5, 5, 5, 9, 9, 8, 7, 9, 8, 8, 7, 9, 9, 8, 6, 6, 8, 6, 7, 9, 9, 6, 6, 7, 9, 6, 8, 7, 9, 5, 9, 6, 9, 8, 8, 9, 9], [8, 8, 8, 7, 5, 9, 8, 9, 8, 9, 7, 5, 5, 8, 6, 5, 6, 9, 8, 9, 7, 9, 5, 9, 8, 6, 5, 6, 5, 5, 9, 5, 7, 6, 9, 5, 6, 5, 9, 9, 7, 6, 8, 9, 9], [8, 6, 8, 8, 7, 7, 9, 6, 6, 9, 6, 9, 5, 9, 8, 8, 8, 5, 5, 8, 9, 9, 8, 8, 8, 9, 5, 9, 8, 6, 9, 5, 7, 6, 7, 8, 7, 6, 9, 5, 6, 9, 5, 6, 6], [8, 5, 6, 9, 6, 8, 8, 6, 7, 8, 5, 7, 5, 5, 9, 6, 9, 8, 7, 7, 7, 5, 7, 8, 7, 8, 9, 8, 8, 8, 6, 7, 7, 7, 6, 6, 5, 7, 8, 6, 6, 5, 6, 8, 6], [6, 8, 9, 6, 5, 7, 5, 6, 9, 9, 9, 8, 5, 8, 8, 7, 8, 5, 8, 9, 8, 5, 7, 7, 6, 8, 6, 7, 8, 5, 8, 9, 9, 7, 7, 8, 9, 8, 6, 7, 5, 5, 6, 5, 6], [5, 7, 8, 6, 8, 8, 8, 7, 8, 5, 8, 7, 5, 5, 7, 6, 5, 9, 6, 9, 8, 6, 5, 5, 5, 5, 8, 6, 9, 9, 8, 7, 9, 5, 7, 8, 5, 7, 5, 5, 6, 7, 9, 7, 8], [5, 7, 8, 8, 7, 5, 8, 5, 6, 9, 5, 7, 6, 8, 8, 6, 6, 6, 5, 6, 7, 7, 5, 7, 6, 9, 9, 7, 7, 5, 5, 7, 9, 7, 7, 7, 5, 5, 7, 9, 9, 7, 7, 7, 9], [7, 7, 8, 5, 5, 5, 5, 9, 8, 6, 5, 8, 9, 7, 6, 9, 8, 9, 7, 9, 6, 5, 8, 5, 8, 7, 8, 7, 6, 5, 9, 5, 8, 6, 7, 8, 7, 9, 5, 5, 7, 9, 7, 5, 5], [8, 6, 6, 5, 5, 5, 9, 6, 7, 6, 6, 7, 7, 8, 7, 9, 6, 7, 5, 9, 9, 5, 9, 8, 7, 6, 5, 7, 7, 9, 8, 5, 7, 8, 7, 9, 6, 8, 8, 7, 9, 8, 5, 7, 8], [8, 6, 9, 5, 8, 5, 8, 6, 6, 8, 9, 6, 9, 9, 8, 8, 9, 7, 9, 9, 5, 6, 9, 7, 9, 5, 9, 6, 8, 8, 5, 8, 8, 5, 7, 6, 5, 5, 5, 7, 6, 6, 8, 7, 9], [7, 8, 8, 5, 6, 7, 8, 6, 7, 9, 7, 7, 6, 7, 5, 5, 6, 9, 7, 6, 8, 5, 6, 6, 5, 5, 8, 6, 5, 5, 6, 8, 7, 7, 5, 9, 6, 6, 5, 8, 5, 9, 5, 5, 8], [9, 7, 8, 5, 9, 5, 6, 9, 6, 6, 8, 9, 9, 7, 6, 5, 7, 7, 9, 9, 8, 9, 8, 9, 8, 7, 6, 5, 9, 8, 5, 9, 5, 9, 6, 8, 5, 5, 6, 5, 7, 9, 7, 9, 7], [8, 6, 5, 9, 5, 6, 7, 9, 6, 8, 5, 6, 7, 7, 6, 9, 8, 6, 6, 5, 7, 5, 5, 8, 9, 6, 5, 8, 5, 6, 7, 9, 9, 5, 8, 5, 6, 7, 5, 8, 8, 8, 7, 9, 6], [9, 5, 7, 5, 8, 5, 6, 8, 6, 7, 9, 6, 9, 9, 6, 5, 8, 7, 5, 6, 7, 7, 6, 6, 6, 6, 5, 7, 6, 8, 9, 7, 5, 9, 7, 9, 5, 5, 8, 7, 8, 5, 9, 6, 5], [6, 5, 8, 5, 7, 5, 7, 7, 5, 6, 8, 7, 7, 9, 6, 7, 7, 8, 8, 6, 5, 7, 8, 6, 5, 7, 5, 6, 9, 7, 6, 8, 6, 6, 9, 9, 7, 7, 5, 8, 8, 6, 6, 9, 8], [7, 8, 7, 9, 6, 9, 9, 6, 9, 8, 9, 6, 7, 6, 9, 6, 6, 7, 9, 6, 7, 5, 8, 8, 7, 5, 7, 5, 5, 6, 5, 9, 6, 7, 5, 8, 5, 8, 6, 7, 7, 9, 8, 8, 5], [7, 6, 7, 5, 6, 8, 7, 6, 9, 8, 8, 5, 7, 6, 7, 9, 8, 9, 9, 9, 8, 8, 9, 9, 6, 7, 6, 9, 7, 5, 5, 9, 7, 6, 9, 5, 5, 7, 8, 5, 6, 5, 6, 5, 6], [7, 8, 5, 6, 7, 7, 5, 5, 8, 9, 6, 7, 7, 6, 9, 6, 7, 5, 5, 8, 7, 9, 9, 9, 9, 5, 8, 7, 8, 7, 7, 8, 7, 5, 6, 6, 8, 9, 8, 5, 6, 9, 6, 8, 5], [6, 9, 7, 6, 5, 9, 7, 5, 9, 5, 6, 8, 6, 9, 5, 9, 5, 6, 8, 8, 9, 5, 6, 6, 8, 7, 7, 8, 6, 9, 9, 5, 9, 8, 7, 7, 8, 7, 9, 8, 9, 7, 8, 5, 8], [6, 6, 9, 9, 9, 7, 8, 8, 9, 8, 8, 6, 6, 7, 5, 6, 6, 6, 6, 6, 5, 8, 5, 5, 6, 8, 8, 5, 9, 5, 9, 8, 6, 8, 8, 5, 8, 5, 8, 9, 9, 7, 6, 5, 6], [7, 8, 8, 7, 8, 6, 9, 7, 5, 5, 6, 7, 8, 8, 9, 5, 9, 7, 6, 6, 8, 8, 8, 9, 9, 8, 9, 9, 7, 5, 9, 6, 6, 5, 6, 6, 5, 9, 9, 8, 9, 7, 5, 5, 6], [5, 7, 8, 5, 9, 9, 7, 5, 8, 7, 9, 6, 8, 8, 8, 6, 9, 7, 8, 9, 7, 7, 7, 5, 6, 6, 7, 5, 8, 5, 7, 6, 5, 7, 7, 9, 7, 6, 9, 7, 7, 5, 6, 9, 8], [6, 7, 7, 8, 8, 5, 7, 7, 6, 8, 7, 8, 6, 8, 6, 7, 6, 5, 6, 6, 8, 5, 6, 7, 5, 6, 9, 8, 5, 9, 6, 6, 8, 8, 6, 9, 5, 7, 5, 9, 7, 8, 7, 7, 8], [7, 7, 7, 7, 6, 8, 6, 9, 8, 7, 7, 7, 6, 9, 9, 5, 8, 8, 8, 9, 6, 5, 5, 5, 8, 5, 7, 9, 6, 7, 6, 6, 9, 6, 5, 7, 7, 7, 8, 7, 9, 8, 8, 9, 6], [6, 9, 6, 7, 5, 7, 6, 7, 6, 9, 8, 9, 9, 9, 6, 6, 8, 8, 7, 7, 8, 6, 6, 7, 8, 7, 7, 8, 7, 7, 9, 6, 6, 6, 5, 7, 8, 9, 6, 9, 7, 5, 6, 6, 6], [8, 7, 8, 6, 6, 5, 5, 6, 9, 9, 9, 6, 8, 8, 5, 6, 6, 8, 9, 6, 8, 6, 5, 5, 5, 7, 6, 6, 6, 9, 6, 8, 9, 9, 6, 8, 9, 6, 8, 8, 6, 5, 8, 6, 9], [5, 8, 5, 9, 5, 6, 9, 9, 6, 9, 8, 9, 9, 6, 7, 7, 6, 5, 5, 7, 9, 5, 7, 5, 8, 8, 5, 5, 8, 6, 9, 7, 6, 8, 6, 5, 5, 7, 8, 6, 6, 9, 9, 7, 5], [5, 5, 6, 8, 7, 6, 8, 6, 5, 5, 9, 6, 9, 9, 5, 8, 8, 5, 8, 7, 7, 5, 6, 5, 6, 8, 5, 6, 8, 9, 6, 5, 7, 6, 7, 6, 8, 5, 9, 8, 7, 6, 5, 7, 5], [5, 6, 5, 5, 7, 6, 8, 9, 8, 6, 9, 8, 6, 6, 9, 6, 9, 9, 9, 8, 7, 7, 5, 9, 6, 9, 8, 9, 7, 8, 5, 6, 5, 5, 9, 8, 8, 5, 8, 6, 7, 7, 7, 9, 5], [8, 6, 5, 7, 7, 6, 6, 5, 8, 7, 9, 6, 9, 5, 9, 8, 6, 6, 6, 7, 8, 6, 8, 6, 6, 8, 8, 7, 6, 7, 5, 8, 8, 7, 8, 7, 9, 7, 8, 8, 5, 5, 8, 8, 6], [8, 7, 9, 9, 9, 5, 5, 8, 8, 9, 6, 6, 5, 7, 5, 5, 8, 6, 6, 6, 9, 5, 9, 6, 5, 9, 7, 7, 7, 6, 8, 5, 5, 9, 7, 6, 9, 8, 6, 9, 7, 6, 6, 5, 7], [8, 5, 6, 7, 8, 5, 9, 6, 6, 7, 7, 7, 9, 7, 9, 5, 5, 9, 8, 6, 9, 8, 9, 8, 5, 8, 6, 8, 7, 8, 5, 5, 8, 8, 9, 6, 5, 5, 5, 9, 8, 8, 6, 7, 6], [6, 5, 7, 8, 9, 6, 5, 5, 7, 6, 6, 6, 6, 8, 7, 7, 7, 7, 8, 7, 9, 5, 7, 7, 5, 6, 5, 8, 8, 5, 6, 8, 7, 6, 5, 9, 8, 9, 8, 9, 5, 5, 7, 6, 6], [9, 6, 9, 8, 7, 6, 7, 8, 7, 7, 8, 8, 5, 9, 5, 6, 9, 9, 9, 6, 8, 6, 7, 5, 5, 9, 9, 6, 7, 9, 7, 9, 6, 6, 9, 5, 5, 6, 6, 8, 6, 9, 9, 8, 9], [8, 6, 7, 5, 5, 8, 7, 7, 5, 7, 7, 5, 5, 8, 8, 5, 9, 5, 9, 5, 8, 7, 5, 6, 9, 8, 9, 5, 9, 7, 7, 7, 5, 5, 5, 9, 6, 8, 5, 7, 5, 9, 5, 8, 6], [7, 9, 7, 5, 6, 6, 6, 8, 9, 6, 9, 8, 5, 9, 5, 8, 6, 8, 7, 9, 8, 8, 7, 5, 5, 9, 5, 8, 5, 5, 6, 6, 5, 7, 7, 6, 9, 9, 8, 9, 8, 9, 9, 5, 7], [7, 6, 5, 8, 6, 5, 7, 8, 9, 8, 8, 7, 8, 8, 6, 9, 9, 8, 7, 8, 7, 5, 7, 9, 5, 8, 5, 5, 6, 7, 6, 8, 9, 8, 7, 7, 6, 9, 9, 7, 7, 5, 5, 5, 5], [7, 7, 8, 8, 8, 8, 7, 9, 8, 5, 5, 7, 9, 7, 9, 6, 7, 7, 8, 6, 9, 5, 8, 5, 7, 8, 6, 8, 9, 9, 7, 8, 8, 9, 9, 5, 8, 8, 8, 8, 7, 9, 9, 6, 5], [9, 6, 7, 8, 5, 9, 5, 7, 5, 8, 9, 5, 5, 8, 9, 5, 7, 9, 6, 6, 6, 5, 7, 9, 7, 6, 6, 9, 6, 9, 8, 6, 9, 5, 6, 7, 7, 9, 5, 8, 6, 5, 8, 9, 5], [5, 9, 7, 6, 8, 9, 7, 7, 5, 5, 8, 8, 5, 7, 5, 6, 8, 7, 8, 6, 6, 9, 7, 7, 7, 9, 5, 6, 7, 9, 9, 8, 8, 6, 5, 8, 8, 9, 7, 5, 7, 7, 5, 8, 7], [5, 6, 8, 7, 8, 6, 8, 7, 5, 5, 9, 6, 9, 6, 7, 6, 6, 8, 5, 9, 9, 9, 9, 5, 7, 8, 8, 9, 6, 8, 8, 5, 6, 9, 9, 6, 8, 7, 5, 5, 5, 5, 5, 5, 6], [6, 9, 5, 7, 6, 6, 6, 8, 5, 8, 8, 9, 8, 6, 5, 7, 9, 7, 9, 6, 8, 5, 7, 5, 8, 9, 9, 8, 8, 8, 7, 7, 9, 6, 5, 7, 5, 8, 5, 7, 9, 6, 9, 9, 9], [5, 9, 5, 5, 8, 7, 7, 6, 8, 7, 7, 8, 5, 6, 7, 6, 7, 9, 8, 7, 9, 5, 9, 9, 9, 9, 7, 6, 7, 8, 9, 5, 8, 8, 5, 9, 6, 6, 5, 9, 8, 9, 7, 8, 9], [7, 8, 5, 5, 8, 9, 5, 6, 6, 8, 6, 5, 7, 6, 8, 7, 8, 6, 7, 9, 6, 7, 7, 5, 9, 8, 9, 5, 9, 8, 5, 5, 8, 8, 6, 9, 8, 5, 6, 8, 9, 7, 5, 8, 6], [8, 7, 8, 9, 9, 7, 7, 5, 9, 7, 8, 5, 6, 6, 9, 7, 6, 9, 7, 9, 6, 8, 6, 5, 9, 6, 9, 7, 5, 8, 5, 6, 7, 7, 8, 7, 5, 9, 5, 9, 8, 8, 6, 9, 5], [8, 8, 9, 6, 9, 9, 6, 6, 5, 5, 7, 8, 9, 8, 5, 5, 8, 8, 7, 5, 7, 9, 9, 6, 7, 5, 6, 9, 5, 5, 5, 5, 7, 5, 9, 9, 7, 7, 6, 6, 7, 9, 6, 5, 5], [8, 7, 7, 6, 8, 9, 7, 6, 7, 7, 7, 8, 5, 8, 6, 7, 9, 8, 6, 7, 6, 6, 9, 9, 9, 8, 5, 6, 9, 5, 6, 5, 8, 7, 7, 6, 9, 8, 6, 5, 8, 6, 6, 9, 6], [7, 5, 8, 5, 9, 9, 9, 9, 9, 8, 8, 9, 5, 7, 5, 9, 5, 6, 5, 7, 7, 8, 9, 5, 8, 7, 9, 7, 9, 9, 6, 7, 8, 5, 5, 6, 8, 5, 8, 8, 7, 5, 8, 8, 8], [8, 6, 8, 5, 6, 9, 7, 6, 6, 6, 5, 8, 8, 6, 9, 7, 5, 7, 7, 5, 6, 6, 9, 9, 6, 5, 5, 6, 7, 6, 9, 7, 7, 7, 7, 6, 7, 7, 6, 5, 8, 7, 7, 5, 7], [9, 7, 5, 6, 9, 9, 5, 6, 5, 6, 7, 7, 6, 6, 9, 8, 9, 5, 5, 7, 9, 6, 9, 6, 8, 6, 5, 5, 7, 5, 8, 9, 5, 9, 7, 7, 6, 6, 9, 5, 7, 5, 8, 8, 8], [7, 5, 6, 6, 5, 9, 6, 9, 5, 9, 6, 7, 7, 7, 5, 5, 9, 9, 5, 8, 7, 6, 6, 9, 8, 7, 6, 8, 9, 8, 5, 9, 6, 5, 8, 5, 8, 6, 6, 8, 8, 5, 7, 5, 6], [9, 7, 6, 7, 5, 7, 9, 6, 9, 5, 6, 9, 8, 5, 7, 7, 9, 8, 6, 7, 8, 7, 7, 5, 7, 6, 7, 9, 8, 8, 7, 9, 8, 6, 5, 7, 8, 6, 6, 6, 5, 9, 6, 9, 9], [8, 6, 5, 6, 7, 7, 5, 6, 5, 7, 8, 9, 7, 6, 5, 9, 8, 6, 9, 9, 6, 6, 6, 8, 6, 8, 8, 5, 9, 8, 7, 7, 6, 9, 9, 8, 5, 6, 8, 9, 5, 6, 8, 7, 5]]
Demand for each product in each period d: 
[[19, 48, 28, 6, 6, 42, 34, 29, 19, 16, 34, 4, 16, 11, 26, 18, 40, 27, 5, 46, 26, 42, 35, 23, 35, 0, 22, 26, 45, 49, 14, 42, 32, 40, 42, 6, 30, 28, 7, 0, 5, 24, 0, 32, 36], [49, 33, 1, 6, 31, 28, 22, 24, 28, 42, 44, 31, 24, 42, 0, 15, 15, 0, 48, 27, 41, 4, 42, 12, 2, 49, 8, 24, 22, 2, 22, 34, 0, 8, 40, 1, 29, 41, 47, 4, 4, 42, 19, 10, 33], [18, 23, 32, 18, 9, 11, 36, 23, 9, 37, 1, 21, 4, 6, 18, 7, 44, 31, 8, 3, 33, 3, 13, 29, 0, 35, 49, 30, 32, 42, 42, 15, 2, 3, 13, 38, 43, 22, 26, 3, 32, 25, 35, 28, 19], [15, 0, 20, 33, 7, 10, 8, 46, 24, 16, 29, 0, 30, 27, 20, 32, 31, 43, 24, 12, 43, 2, 0, 34, 17, 24, 38, 44, 16, 26, 41, 45, 31, 35, 36, 42, 45, 12, 0, 0, 48, 22, 37, 18, 10], [40, 11, 6, 1, 42, 43, 40, 42, 35, 17, 0, 29, 15, 21, 12, 4, 22, 12, 36, 23, 21, 48, 18, 44, 44, 13, 29, 49, 28, 9, 33, 41, 0, 39, 1, 25, 28, 17, 13, 42, 5, 41, 9, 42, 2], [46, 0, 20, 1, 31, 3, 43, 0, 29, 25, 7, 33, 23, 45, 27, 19, 34, 0, 41, 21, 45, 13, 38, 38, 7, 24, 39, 11, 1, 20, 20, 38, 0, 8, 5, 11, 8, 34, 20, 44, 39, 34, 28, 15, 23], [46, 22, 9, 2, 11, 40, 43, 43, 6, 41, 2, 35, 14, 30, 19, 0, 16, 43, 4, 38, 21, 12, 41, 17, 35, 0, 30, 36, 14, 37, 43, 0, 4, 0, 0, 49, 0, 49, 27, 47, 25, 41, 34, 49, 0], [11, 19, 37, 26, 0, 39, 45, 1, 5, 21, 17, 2, 11, 36, 1, 35, 28, 10, 9, 11, 3, 20, 40, 38, 25, 22, 38, 2, 34, 8, 15, 20, 27, 7, 16, 45, 26, 39, 45, 10, 10, 28, 49, 49, 37], [13, 16, 14, 48, 45, 16, 18, 9, 10, 49, 11, 46, 12, 25, 14, 19, 34, 40, 0, 13, 47, 16, 24, 8, 19, 33, 31, 1, 31, 24, 18, 36, 4, 18, 48, 11, 4, 33, 29, 33, 22, 37, 27, 7, 23], [30, 46, 7, 42, 32, 24, 24, 40, 46, 30, 5, 40, 36, 27, 41, 16, 16, 15, 23, 12, 2, 39, 10, 9, 14, 6, 14, 49, 38, 15, 14, 13, 15, 4, 46, 24, 11, 47, 32, 40, 5, 46, 37, 0, 40], [20, 4, 0, 21, 16, 14, 38, 9, 14, 37, 8, 17, 2, 46, 3, 0, 1, 41, 30, 12, 28, 6, 39, 30, 6, 26, 41, 46, 21, 28, 26, 13, 27, 44, 22, 28, 37, 1, 7, 40, 15, 19, 22, 2, 42], [35, 21, 18, 0, 0, 2, 0, 17, 18, 0, 7, 42, 41, 36, 20, 8, 37, 12, 17, 27, 20, 12, 7, 44, 19, 26, 41, 7, 6, 14, 9, 36, 42, 0, 34, 32, 32, 14, 47, 3, 6, 30, 4, 37, 8], [12, 46, 28, 46, 38, 7, 28, 16, 14, 47, 44, 21, 31, 20, 19, 5, 30, 49, 2, 49, 19, 40, 7, 3, 37, 20, 36, 20, 29, 15, 39, 9, 11, 10, 37, 14, 34, 32, 1, 0, 34, 42, 0, 19, 6], [48, 32, 28, 29, 17, 3, 5, 18, 3, 21, 1, 25, 33, 8, 18, 24, 0, 1, 24, 32, 43, 47, 21, 25, 0, 7, 6, 28, 12, 37, 29, 39, 19, 31, 49, 39, 15, 41, 15, 40, 25, 47, 7, 5, 10], [2, 48, 41, 28, 42, 21, 7, 21, 30, 16, 27, 2, 44, 6, 19, 14, 15, 38, 12, 41, 27, 41, 2, 17, 21, 49, 13, 31, 10, 44, 31, 9, 48, 0, 32, 37, 30, 44, 8, 29, 46, 31, 4, 41, 36], [19, 44, 42, 31, 10, 28, 45, 2, 31, 35, 0, 39, 22, 28, 32, 18, 48, 22, 22, 32, 9, 17, 47, 6, 10, 43, 11, 16, 39, 33, 27, 45, 8, 34, 25, 2, 1, 2, 19, 16, 3, 4, 23, 25, 28], [0, 14, 3, 45, 47, 30, 12, 25, 32, 38, 33, 42, 6, 1, 48, 22, 46, 8, 0, 25, 22, 34, 0, 19, 0, 2, 33, 1, 14, 39, 5, 30, 11, 23, 5, 49, 45, 37, 27, 21, 42, 34, 27, 24, 12], [39, 4, 26, 41, 23, 26, 16, 26, 36, 17, 0, 30, 38, 48, 45, 8, 16, 20, 3, 12, 28, 15, 45, 17, 3, 6, 4, 30, 24, 23, 40, 43, 24, 47, 9, 23, 45, 15, 11, 0, 13, 30, 4, 36, 43], [0, 44, 29, 40, 0, 0, 37, 37, 2, 48, 22, 10, 18, 33, 47, 34, 19, 7, 36, 47, 21, 9, 0, 0, 15, 21, 35, 39, 2, 29, 21, 21, 34, 19, 14, 19, 48, 45, 20, 4, 18, 6, 7, 0, 22], [22, 3, 39, 19, 31, 26, 38, 23, 20, 48, 36, 17, 25, 33, 22, 15, 6, 38, 46, 22, 16, 43, 31, 29, 16, 14, 3, 35, 43, 22, 26, 29, 48, 0, 33, 22, 6, 10, 45, 16, 29, 20, 48, 11, 36], [7, 34, 11, 2, 14, 42, 5, 33, 34, 38, 28, 27, 28, 45, 1, 8, 36, 33, 14, 10, 13, 30, 12, 24, 0, 1, 46, 29, 40, 20, 6, 15, 26, 16, 22, 0, 44, 46, 4, 20, 11, 9, 17, 33, 48], [30, 40, 3, 6, 27, 34, 40, 27, 15, 12, 30, 17, 25, 22, 7, 41, 20, 0, 1, 14, 13, 21, 19, 0, 21, 7, 37, 26, 23, 0, 0, 46, 25, 30, 36, 39, 43, 1, 17, 5, 44, 43, 4, 37, 19], [38, 14, 36, 7, 21, 45, 1, 0, 6, 43, 32, 27, 23, 9, 15, 28, 16, 35, 39, 36, 8, 18, 3, 8, 42, 30, 0, 16, 33, 12, 36, 3, 24, 10, 40, 38, 0, 43, 13, 27, 40, 37, 22, 2, 49], [27, 28, 25, 6, 37, 42, 3, 10, 9, 9, 0, 28, 12, 47, 35, 0, 31, 7, 48, 0, 6, 40, 20, 9, 37, 36, 12, 0, 0, 37, 28, 13, 40, 6, 29, 44, 4, 24, 38, 5, 28, 27, 0, 36, 26], [24, 44, 0, 32, 27, 1, 36, 34, 30, 40, 39, 6, 45, 16, 34, 24, 16, 27, 1, 3, 25, 10, 46, 30, 25, 22, 37, 49, 25, 38, 45, 11, 25, 30, 4, 13, 23, 6, 22, 22, 45, 41, 27, 15, 0], [27, 11, 21, 4, 25, 27, 34, 15, 28, 5, 34, 12, 16, 27, 46, 44, 49, 37, 44, 3, 24, 0, 46, 27, 32, 33, 40, 34, 35, 45, 26, 36, 21, 32, 40, 7, 38, 4, 6, 42, 45, 6, 28, 0, 27], [8, 11, 31, 30, 21, 35, 16, 32, 25, 8, 7, 45, 4, 24, 13, 41, 3, 47, 9, 0, 10, 45, 25, 8, 48, 36, 41, 33, 18, 3, 27, 31, 25, 5, 24, 0, 0, 46, 18, 5, 0, 20, 8, 16, 42], [20, 10, 25, 46, 0, 8, 31, 35, 1, 34, 38, 11, 18, 9, 8, 40, 39, 36, 42, 13, 32, 19, 20, 9, 17, 7, 32, 27, 2, 0, 3, 33, 7, 10, 32, 16, 43, 0, 0, 8, 42, 15, 27, 48, 9], [4, 32, 19, 0, 17, 43, 0, 2, 1, 33, 18, 43, 28, 26, 11, 25, 8, 8, 22, 20, 33, 1, 14, 29, 28, 44, 30, 8, 32, 8, 19, 46, 18, 43, 32, 7, 49, 20, 33, 45, 30, 16, 35, 25, 39], [26, 19, 36, 18, 2, 15, 39, 43, 10, 7, 6, 46, 13, 29, 35, 27, 25, 46, 0, 39, 32, 27, 0, 14, 17, 31, 8, 49, 3, 43, 6, 0, 4, 0, 15, 0, 11, 45, 4, 13, 29, 13, 0, 8, 41], [29, 30, 45, 15, 21, 47, 19, 20, 37, 33, 38, 0, 9, 49, 10, 17, 30, 34, 27, 16, 31, 47, 36, 18, 33, 5, 0, 12, 22, 5, 26, 46, 0, 41, 28, 19, 0, 21, 33, 2, 2, 10, 11, 45, 15], [25, 30, 36, 20, 41, 25, 40, 17, 43, 8, 20, 35, 32, 0, 15, 32, 18, 45, 19, 47, 7, 37, 47, 42, 0, 16, 49, 25, 41, 18, 34, 32, 22, 13, 4, 0, 13, 29, 15, 25, 44, 31, 0, 33, 0], [31, 36, 41, 41, 26, 24, 6, 46, 13, 36, 36, 42, 18, 0, 22, 22, 47, 31, 8, 22, 45, 34, 26, 19, 6, 8, 3, 20, 28, 21, 19, 29, 19, 28, 30, 5, 38, 18, 13, 30, 12, 39, 4, 37, 22], [46, 32, 49, 4, 41, 19, 39, 26, 45, 2, 49, 47, 26, 13, 43, 17, 10, 25, 45, 2, 12, 43, 33, 22, 35, 10, 9, 25, 13, 33, 21, 30, 33, 48, 43, 10, 23, 40, 2, 49, 25, 8, 2, 0, 0], [1, 45, 26, 31, 35, 8, 6, 24, 16, 49, 16, 10, 20, 49, 35, 7, 44, 3, 9, 25, 10, 40, 17, 16, 46, 41, 13, 25, 28, 19, 4, 16, 0, 33, 46, 20, 38, 24, 25, 4, 16, 0, 1, 9, 33], [1, 1, 12, 6, 46, 32, 12, 4, 37, 8, 0, 32, 48, 4, 6, 47, 9, 9, 16, 42, 15, 10, 26, 22, 7, 30, 5, 39, 24, 11, 34, 2, 48, 47, 11, 17, 42, 14, 39, 15, 42, 38, 27, 16, 17], [30, 9, 13, 23, 14, 43, 22, 49, 0, 32, 7, 1, 22, 34, 15, 33, 1, 19, 13, 33, 33, 34, 0, 0, 6, 0, 0, 9, 0, 24, 15, 24, 47, 28, 23, 48, 40, 11, 2, 33, 26, 22, 34, 16, 8], [39, 26, 6, 5, 39, 10, 0, 19, 19, 1, 32, 7, 42, 31, 0, 14, 21, 9, 13, 0, 15, 45, 6, 20, 16, 15, 39, 46, 26, 41, 19, 28, 0, 20, 32, 45, 19, 6, 11, 0, 7, 7, 37, 12, 5], [42, 33, 41, 21, 6, 18, 17, 6, 39, 1, 19, 15, 18, 6, 3, 14, 31, 11, 10, 15, 44, 35, 47, 21, 43, 10, 26, 5, 5, 25, 11, 23, 11, 12, 19, 2, 46, 29, 23, 33, 1, 42, 36, 8, 46], [9, 7, 29, 21, 40, 26, 15, 34, 23, 32, 34, 14, 38, 45, 0, 18, 17, 21, 46, 4, 9, 47, 17, 26, 25, 20, 0, 31, 47, 22, 41, 25, 2, 48, 1, 10, 7, 13, 45, 37, 6, 17, 42, 32, 20], [44, 29, 41, 13, 0, 49, 46, 0, 17, 0, 18, 44, 16, 0, 21, 8, 2, 13, 7, 7, 4, 3, 44, 0, 0, 39, 32, 48, 0, 36, 12, 8, 48, 21, 36, 4, 26, 0, 47, 13, 6, 23, 13, 10, 16], [18, 38, 4, 30, 42, 23, 39, 32, 29, 12, 31, 0, 46, 48, 0, 37, 10, 28, 42, 20, 45, 23, 14, 43, 41, 32, 21, 26, 29, 11, 11, 37, 30, 38, 9, 37, 15, 19, 41, 29, 6, 7, 15, 0, 5], [37, 14, 7, 0, 29, 42, 0, 16, 39, 3, 0, 20, 22, 21, 24, 21, 9, 2, 7, 13, 15, 22, 42, 37, 0, 19, 47, 41, 21, 12, 19, 31, 19, 47, 29, 30, 24, 0, 45, 9, 4, 28, 25, 19, 25], [22, 24, 44, 34, 48, 11, 20, 1, 17, 27, 41, 18, 17, 6, 15, 25, 13, 37, 24, 14, 43, 23, 42, 32, 10, 10, 11, 29, 7, 0, 0, 48, 1, 46, 47, 10, 30, 41, 49, 25, 5, 20, 47, 39, 24], [42, 12, 6, 23, 10, 0, 36, 16, 26, 41, 22, 0, 11, 12, 39, 4, 26, 37, 30, 37, 9, 33, 18, 41, 14, 12, 0, 25, 6, 41, 45, 19, 2, 34, 20, 3, 4, 0, 28, 8, 40, 44, 4, 29, 37], [0, 39, 47, 3, 17, 41, 0, 38, 36, 16, 47, 37, 33, 29, 38, 47, 40, 0, 18, 22, 13, 21, 37, 49, 31, 28, 37, 26, 23, 48, 48, 0, 39, 44, 6, 49, 11, 5, 36, 28, 46, 43, 11, 11, 35], [14, 1, 3, 33, 38, 3, 27, 0, 22, 42, 45, 26, 0, 14, 12, 0, 37, 15, 6, 35, 35, 29, 33, 47, 5, 32, 19, 23, 39, 26, 15, 41, 11, 38, 14, 38, 36, 48, 41, 29, 7, 22, 0, 5, 43], [42, 23, 36, 2, 4, 16, 28, 27, 30, 39, 42, 20, 13, 21, 2, 37, 36, 34, 35, 28, 4, 22, 3, 46, 36, 47, 17, 34, 46, 40, 44, 14, 32, 17, 20, 8, 42, 29, 38, 48, 29, 42, 6, 41, 39], [48, 34, 22, 22, 34, 2, 28, 11, 24, 20, 45, 3, 39, 11, 11, 22, 7, 15, 47, 33, 20, 4, 45, 45, 16, 20, 49, 0, 15, 31, 18, 0, 38, 33, 30, 45, 28, 7, 12, 34, 7, 48, 35, 34, 41], [25, 0, 0, 44, 8, 18, 1, 39, 31, 9, 22, 6, 26, 21, 10, 31, 25, 42, 28, 0, 10, 27, 6, 41, 16, 7, 0, 40, 0, 32, 36, 20, 46, 20, 18, 4, 32, 18, 41, 38, 39, 34, 13, 0, 38], [34, 12, 7, 0, 28, 4, 14, 46, 48, 6, 19, 15, 1, 0, 43, 8, 40, 7, 20, 16, 46, 12, 37, 40, 0, 1, 0, 33, 45, 46, 15, 19, 14, 24, 45, 23, 23, 26, 43, 23, 20, 32, 11, 0, 2], [33, 0, 47, 13, 19, 20, 46, 30, 35, 39, 11, 36, 49, 32, 29, 27, 0, 37, 15, 26, 12, 36, 6, 16, 32, 8, 31, 7, 49, 28, 10, 13, 8, 0, 0, 19, 0, 29, 0, 30, 29, 31, 38, 19, 36], [13, 0, 29, 7, 20, 24, 22, 0, 49, 2, 43, 16, 48, 37, 8, 33, 34, 20, 11, 13, 18, 7, 9, 4, 23, 17, 46, 1, 0, 47, 39, 5, 35, 1, 24, 13, 21, 12, 1, 11, 30, 21, 32, 48, 49], [23, 44, 20, 48, 2, 9, 0, 15, 42, 26, 21, 25, 0, 9, 38, 5, 1, 14, 18, 8, 33, 8, 22, 15, 48, 21, 11, 30, 22, 14, 36, 34, 47, 39, 1, 25, 4, 18, 47, 41, 43, 24, 3, 18, 2], [28, 0, 4, 20, 1, 25, 41, 33, 1, 0, 43, 37, 18, 27, 41, 8, 38, 44, 28, 0, 27, 40, 32, 17, 42, 42, 24, 40, 38, 18, 10, 30, 26, 38, 4, 38, 31, 32, 8, 36, 25, 17, 31, 13, 26], [35, 3, 29, 36, 16, 46, 36, 11, 46, 3, 0, 17, 16, 32, 24, 44, 3, 3, 25, 42, 0, 26, 35, 10, 10, 18, 13, 18, 0, 48, 37, 17, 6, 9, 44, 14, 41, 7, 30, 0, 0, 15, 43, 28, 44], [46, 3, 49, 19, 38, 47, 4, 38, 44, 20, 27, 42, 2, 7, 36, 6, 17, 38, 0, 46, 12, 2, 11, 4, 30, 26, 36, 30, 26, 24, 7, 12, 6, 43, 32, 22, 30, 35, 35, 26, 0, 20, 20, 29, 8], [46, 32, 41, 10, 19, 8, 20, 28, 28, 3, 21, 0, 35, 10, 46, 15, 15, 37, 49, 25, 47, 29, 35, 36, 17, 14, 0, 22, 35, 0, 22, 23, 29, 25, 49, 15, 31, 12, 40, 26, 22, 14, 31, 36, 0], [0, 30, 4, 31, 31, 42, 38, 0, 8, 10, 8, 43, 38, 30, 34, 32, 27, 7, 36, 17, 37, 40, 7, 39, 31, 18, 33, 40, 4, 30, 10, 0, 18, 23, 6, 38, 33, 27, 45, 37, 36, 33, 4, 18, 0], [16, 8, 13, 4, 21, 48, 36, 18, 49, 32, 4, 2, 46, 1, 37, 16, 0, 29, 19, 0, 24, 0, 27, 39, 21, 26, 46, 24, 49, 2, 22, 37, 24, 16, 29, 26, 49, 22, 47, 43, 29, 8, 6, 29, 2]]
Maintenance cost in each period m: 
[95523, 95696, 97550, 96661, 98503, 99365, 96822, 96374, 98323, 99024, 95702, 96798, 99447, 98858, 97874, 98930, 98540, 96481, 98416, 95673, 98535, 96977, 97291, 97615, 98524, 98887, 98698, 97285, 96708, 96186, 95931, 97685, 96891, 96375, 97585, 99164, 96915, 97156, 97328, 98913, 96854, 95649, 97572, 99379, 98335]
Maximum capacity of the machine cmax: 
2520