Set of periods in the planning horizon T: 
30
Set of products P: 
40
Capacity reduction coefficient alpha: 
0.8
Relative decrease of capacity per set up gamma: 
0.24
Capacity reduction coefficient due to product types beta: 
[0.29, 0.28, 0.27, 0.4, 0.21, 0.28, 0.25, 0.23, 0.35, 0.31, 0.28, 0.26, 0.36, 0.26, 0.24, 0.21, 0.26, 0.27, 0.35, 0.31, 0.34, 0.33, 0.4, 0.29, 0.35, 0.28, 0.22, 0.36, 0.38, 0.27, 0.22, 0.37, 0.3, 0.24, 0.4, 0.2, 0.22, 0.34, 0.36, 0.37]
Fixed production cost of each product in each period f: 
[[624, 750, 748, 650, 584, 662, 986, 993, 650, 921, 707, 860, 688, 535, 578, 544, 653, 954, 899, 617, 663, 937, 681, 862, 895, 744, 627, 552, 604, 760], [575, 857, 549, 638, 711, 850, 744, 675, 570, 760, 551, 569, 804, 602, 568, 944, 616, 780, 795, 901, 610, 854, 543, 544, 881, 970, 865, 942, 707, 767], [883, 628, 962, 887, 814, 849, 563, 539, 558, 576, 512, 785, 513, 538, 851, 554, 568, 680, 527, 885, 831, 728, 675, 790, 540, 798, 926, 713, 774, 595], [571, 710, 871, 896, 791, 788, 952, 666, 918, 620, 623, 631, 739, 864, 600, 621, 960, 650, 534, 863, 961, 664, 917, 718, 731, 616, 540, 578, 738, 538], [962, 545, 660, 933, 922, 864, 593, 816, 959, 927, 915, 607, 744, 689, 996, 601, 875, 892, 870, 786, 624, 929, 867, 969, 574, 738, 995, 542, 964, 667], [503, 671, 865, 821, 680, 714, 611, 870, 927, 903, 614, 557, 785, 926, 510, 973, 647, 841, 769, 838, 843, 550, 515, 698, 548, 938, 747, 823, 840, 677], [512, 849, 743, 755, 537, 877, 635, 843, 632, 908, 733, 892, 741, 988, 565, 815, 722, 813, 949, 743, 633, 708, 786, 579, 893, 901, 928, 938, 920, 651], [969, 602, 521, 595, 575, 529, 749, 975, 998, 880, 814, 801, 820, 844, 543, 726, 538, 857, 700, 878, 843, 500, 581, 772, 607, 506, 961, 897, 846, 769], [791, 749, 949, 692, 996, 898, 916, 702, 515, 524, 986, 559, 784, 744, 907, 663, 746, 715, 867, 529, 871, 535, 738, 747, 974, 714, 669, 758, 855, 673], [835, 798, 690, 684, 612, 885, 501, 937, 707, 564, 559, 776, 795, 676, 621, 534, 882, 988, 641, 501, 739, 526, 912, 812, 547, 706, 809, 724, 560, 645], [508, 543, 802, 599, 725, 567, 797, 716, 728, 640, 547, 652, 969, 504, 900, 798, 998, 611, 703, 797, 500, 905, 837, 928, 921, 945, 988, 816, 726, 943], [673, 519, 991, 830, 875, 669, 901, 767, 927, 965, 741, 601, 857, 892, 893, 703, 558, 888, 861, 990, 574, 775, 847, 545, 712, 719, 729, 588, 539, 681], [667, 924, 978, 600, 562, 819, 783, 666, 861, 568, 764, 895, 899, 924, 836, 632, 828, 794, 783, 722, 919, 652, 660, 748, 863, 857, 533, 515, 521, 617], [669, 849, 685, 753, 570, 535, 746, 929, 913, 757, 821, 793, 532, 903, 762, 592, 866, 860, 503, 762, 835, 964, 695, 629, 945, 579, 729, 742, 930, 676], [517, 756, 901, 697, 979, 541, 848, 802, 645, 885, 997, 636, 917, 566, 925, 698, 560, 955, 673, 867, 775, 550, 888, 511, 577, 899, 906, 977, 882, 503], [762, 592, 852, 674, 594, 704, 672, 864, 774, 724, 777, 857, 576, 907, 965, 906, 725, 571, 905, 985, 820, 712, 530, 670, 597, 515, 555, 605, 538, 686], [672, 768, 980, 801, 846, 877, 564, 521, 765, 799, 557, 549, 556, 779, 662, 607, 811, 990, 708, 579, 858, 939, 946, 730, 695, 673, 552, 892, 946, 723], [636, 606, 602, 608, 833, 907, 884, 518, 968, 709, 903, 528, 515, 564, 607, 848, 896, 649, 534, 854, 604, 976, 527, 788, 904, 632, 923, 616, 828, 558], [824, 824, 589, 714, 959, 536, 859, 982, 580, 754, 606, 618, 816, 856, 628, 983, 662, 842, 559, 896, 631, 964, 959, 870, 840, 660, 847, 740, 815, 803], [756, 900, 767, 605, 779, 891, 937, 825, 706, 897, 771, 810, 823, 506, 645, 676, 817, 641, 788, 587, 920, 920, 811, 673, 891, 698, 708, 501, 560, 634], [789, 887, 688, 963, 712, 851, 880, 772, 645, 657, 772, 753, 860, 687, 859, 502, 841, 511, 778, 701, 850, 631, 716, 854, 967, 937, 637, 657, 846, 620], [981, 811, 784, 572, 803, 954, 658, 849, 636, 702, 618, 987, 773, 848, 556, 767, 698, 710, 799, 984, 669, 865, 807, 838, 983, 912, 573, 708, 961, 596], [697, 547, 747, 978, 866, 613, 775, 595, 768, 896, 777, 900, 782, 682, 710, 980, 638, 985, 932, 559, 621, 503, 770, 698, 651, 678, 905, 868, 979, 516], [872, 852, 837, 661, 667, 960, 809, 953, 829, 760, 681, 667, 733, 914, 795, 503, 532, 669, 880, 925, 850, 561, 739, 637, 566, 565, 738, 841, 738, 634], [560, 885, 805, 833, 799, 826, 997, 622, 730, 912, 760, 683, 731, 766, 739, 628, 594, 947, 999, 763, 625, 986, 900, 774, 990, 819, 500, 647, 635, 563], [648, 571, 843, 539, 950, 987, 912, 814, 849, 630, 822, 556, 919, 641, 807, 537, 517, 836, 526, 915, 864, 689, 623, 709, 961, 711, 806, 601, 908, 682], [610, 741, 597, 546, 506, 719, 867, 859, 993, 553, 868, 527, 614, 937, 718, 918, 648, 900, 997, 990, 826, 895, 559, 635, 620, 734, 823, 885, 547, 539], [635, 537, 703, 591, 749, 855, 818, 710, 559, 695, 953, 926, 836, 827, 726, 746, 905, 968, 993, 861, 639, 693, 943, 894, 623, 792, 947, 517, 751, 776], [900, 605, 656, 527, 945, 542, 660, 601, 741, 966, 603, 998, 759, 976, 913, 897, 980, 526, 960, 530, 568, 798, 949, 516, 659, 598, 547, 940, 986, 579], [789, 556, 920, 664, 816, 689, 925, 838, 791, 946, 949, 858, 604, 719, 594, 505, 940, 571, 684, 585, 755, 722, 555, 529, 606, 567, 616, 526, 687, 521], [834, 627, 913, 923, 849, 619, 884, 746, 928, 757, 816, 636, 687, 541, 730, 560, 941, 946, 569, 993, 944, 895, 804, 879, 762, 780, 763, 636, 655, 685], [797, 744, 812, 519, 921, 963, 931, 509, 646, 956, 585, 766, 997, 519, 732, 756, 878, 525, 864, 839, 567, 951, 666, 798, 976, 969, 639, 638, 949, 934], [698, 972, 815, 756, 740, 940, 626, 659, 993, 520, 548, 769, 832, 617, 727, 936, 967, 695, 721, 755, 913, 531, 860, 751, 705, 718, 792, 736, 809, 527], [855, 608, 833, 840, 949, 855, 819, 842, 970, 514, 754, 817, 951, 981, 567, 971, 522, 634, 733, 722, 506, 566, 854, 832, 565, 601, 579, 994, 889, 508], [577, 930, 545, 556, 584, 674, 708, 795, 900, 512, 715, 998, 936, 982, 882, 898, 783, 862, 794, 713, 914, 575, 504, 668, 654, 508, 523, 973, 786, 824], [894, 706, 638, 728, 718, 633, 752, 751, 900, 568, 706, 809, 517, 612, 731, 618, 934, 582, 556, 885, 584, 717, 932, 834, 861, 774, 909, 860, 682, 689], [558, 536, 583, 944, 507, 938, 807, 545, 796, 934, 949, 979, 896, 622, 632, 552, 641, 814, 589, 576, 937, 701, 646, 889, 558, 698, 627, 944, 999, 812], [948, 649, 897, 753, 590, 639, 916, 789, 647, 534, 966, 720, 715, 717, 895, 640, 839, 936, 656, 978, 534, 961, 634, 773, 854, 657, 668, 663, 746, 697], [734, 954, 995, 842, 743, 773, 723, 716, 771, 688, 811, 690, 842, 862, 606, 795, 982, 569, 859, 862, 756, 925, 947, 516, 928, 760, 538, 711, 799, 997], [978, 709, 988, 605, 746, 950, 776, 581, 849, 762, 739, 979, 736, 628, 696, 865, 964, 968, 854, 736, 643, 811, 616, 551, 882, 673, 912, 517, 760, 809]]
Variable production cost per unit of each product in each period p: 
[[11, 12, 11, 12, 11, 10, 11, 11, 12, 13, 10, 11, 13, 10, 12, 10, 10, 10, 10, 11, 11, 10, 10, 11, 12, 10, 10, 10, 10, 12], [12, 10, 10, 13, 10, 10, 12, 11, 13, 10, 11, 12, 10, 11, 13, 12, 11, 13, 11, 12, 12, 11, 10, 11, 12, 11, 13, 11, 11, 11], [12, 10, 12, 13, 10, 13, 12, 10, 12, 11, 10, 10, 11, 11, 13, 11, 10, 13, 12, 10, 10, 10, 12, 12, 13, 13, 10, 10, 12, 13], [11, 13, 13, 11, 13, 12, 12, 12, 11, 10, 13, 10, 10, 10, 11, 13, 12, 13, 12, 11, 10, 13, 11, 13, 11, 13, 12, 12, 10, 13], [10, 13, 11, 13, 11, 11, 12, 13, 13, 12, 12, 11, 10, 12, 10, 10, 13, 10, 11, 12, 10, 11, 10, 13, 13, 13, 11, 10, 12, 12], [11, 12, 11, 10, 10, 11, 12, 10, 13, 12, 10, 10, 13, 11, 12, 12, 10, 13, 13, 10, 13, 10, 13, 11, 13, 11, 10, 10, 13, 13], [12, 11, 13, 11, 13, 13, 12, 11, 11, 12, 12, 13, 13, 10, 13, 10, 10, 10, 12, 13, 10, 10, 12, 13, 13, 12, 10, 12, 13, 10], [10, 11, 13, 10, 11, 11, 12, 12, 12, 10, 13, 10, 10, 11, 12, 12, 12, 11, 10, 12, 10, 11, 13, 10, 13, 12, 13, 10, 10, 10], [10, 10, 13, 12, 13, 11, 12, 13, 10, 11, 13, 12, 10, 12, 12, 12, 11, 12, 12, 13, 12, 12, 10, 12, 11, 13, 12, 12, 11, 10], [12, 11, 10, 11, 13, 13, 13, 10, 12, 11, 13, 10, 11, 13, 11, 13, 11, 10, 10, 13, 12, 13, 12, 11, 13, 12, 12, 10, 13, 12], [13, 11, 12, 13, 12, 12, 13, 12, 11, 13, 13, 13, 12, 10, 11, 11, 11, 12, 13, 11, 10, 13, 10, 10, 11, 13, 12, 11, 12, 12], [11, 10, 10, 10, 12, 13, 12, 10, 12, 12, 13, 12, 11, 13, 11, 10, 13, 12, 10, 10, 12, 10, 13, 11, 10, 10, 11, 13, 12, 11], [12, 13, 11, 13, 13, 11, 13, 13, 12, 11, 12, 11, 10, 12, 10, 11, 12, 11, 10, 13, 11, 12, 13, 12, 13, 11, 12, 11, 10, 13], [13, 11, 11, 12, 13, 10, 13, 11, 13, 11, 13, 10, 10, 10, 13, 12, 11, 12, 13, 12, 12, 12, 11, 12, 11, 12, 12, 13, 11, 12], [12, 11, 10, 13, 11, 11, 12, 13, 12, 12, 12, 10, 10, 10, 12, 13, 10, 13, 12, 11, 11, 11, 11, 10, 10, 11, 12, 11, 12, 10], [13, 10, 13, 10, 10, 13, 12, 11, 13, 13, 11, 10, 11, 10, 12, 11, 11, 13, 13, 13, 13, 11, 11, 11, 13, 13, 10, 13, 10, 11], [13, 11, 11, 11, 13, 13, 10, 12, 11, 13, 10, 13, 11, 10, 13, 12, 10, 13, 11, 12, 11, 12, 10, 11, 12, 11, 11, 10, 11, 12], [10, 11, 10, 13, 13, 12, 12, 11, 13, 11, 13, 11, 10, 13, 12, 10, 10, 11, 10, 10, 11, 12, 11, 12, 11, 12, 10, 10, 11, 10], [12, 13, 11, 13, 13, 12, 10, 13, 11, 13, 10, 10, 13, 10, 11, 10, 13, 12, 10, 10, 13, 13, 13, 13, 11, 13, 13, 12, 10, 12], [12, 13, 12, 11, 11, 10, 10, 12, 11, 12, 13, 12, 10, 12, 12, 13, 12, 13, 12, 12, 12, 12, 10, 13, 13, 11, 13, 12, 13, 13], [11, 12, 12, 12, 11, 13, 13, 10, 10, 12, 12, 10, 12, 13, 12, 11, 12, 11, 11, 13, 13, 12, 12, 11, 13, 10, 10, 11, 13, 11], [13, 13, 11, 10, 10, 13, 12, 11, 13, 13, 13, 11, 10, 10, 11, 12, 13, 12, 11, 12, 13, 13, 13, 10, 10, 11, 11, 11, 12, 12], [11, 11, 12, 10, 10, 13, 12, 13, 10, 12, 12, 10, 13, 13, 11, 13, 10, 13, 12, 11, 11, 11, 10, 13, 11, 13, 10, 12, 10, 12], [12, 11, 13, 10, 11, 12, 11, 13, 11, 10, 10, 11, 10, 12, 10, 10, 10, 13, 10, 12, 11, 10, 11, 12, 10, 11, 13, 10, 10, 11], [10, 13, 10, 11, 11, 13, 11, 11, 13, 12, 12, 13, 10, 10, 12, 13, 10, 11, 13, 11, 10, 13, 10, 10, 11, 13, 13, 11, 10, 13], [10, 12, 12, 10, 12, 11, 10, 10, 12, 12, 12, 12, 13, 12, 12, 13, 12, 13, 12, 12, 11, 13, 12, 13, 13, 11, 12, 10, 12, 12], [12, 13, 13, 11, 12, 11, 10, 13, 10, 10, 12, 11, 13, 12, 11, 13, 13, 13, 13, 10, 13, 13, 12, 12, 13, 13, 11, 12, 11, 10], [11, 10, 10, 10, 11, 11, 13, 11, 12, 12, 11, 12, 10, 12, 13, 11, 12, 13, 12, 11, 12, 12, 10, 12, 12, 12, 10, 12, 13, 12], [11, 13, 12, 12, 10, 10, 12, 10, 11, 11, 12, 10, 12, 10, 10, 10, 10, 10, 11, 11, 11, 11, 13, 10, 11, 11, 10, 13, 12, 11], [10, 12, 11, 12, 13, 12, 11, 10, 10, 13, 11, 10, 12, 10, 12, 11, 10, 10, 12, 12, 11, 11, 13, 13, 13, 11, 10, 11, 11, 10], [12, 11, 11, 11, 12, 12, 13, 13, 13, 10, 13, 12, 12, 12, 12, 13, 13, 10, 12, 11, 13, 11, 13, 13, 10, 10, 11, 12, 11, 12], [10, 10, 11, 12, 10, 12, 10, 11, 11, 10, 12, 11, 10, 12, 13, 12, 10, 12, 12, 13, 11, 12, 10, 11, 13, 10, 12, 12, 10, 12], [10, 12, 10, 12, 10, 12, 10, 13, 10, 11, 10, 13, 12, 12, 11, 10, 11, 12, 11, 13, 12, 10, 12, 11, 12, 11, 13, 10, 12, 12], [12, 13, 13, 12, 10, 13, 11, 12, 10, 13, 13, 10, 11, 11, 10, 13, 13, 10, 13, 11, 11, 12, 11, 10, 13, 12, 12, 13, 11, 10], [11, 12, 10, 11, 10, 13, 11, 12, 13, 12, 12, 10, 10, 11, 13, 13, 10, 10, 12, 11, 13, 13, 11, 11, 10, 10, 13, 12, 10, 10], [12, 13, 12, 10, 12, 11, 12, 12, 13, 11, 12, 13, 10, 13, 11, 13, 11, 12, 10, 10, 11, 12, 12, 10, 12, 10, 10, 13, 10, 12], [11, 13, 12, 11, 11, 13, 13, 13, 11, 10, 13, 13, 11, 13, 12, 12, 11, 10, 11, 10, 13, 13, 10, 11, 11, 12, 13, 13, 11, 13], [12, 13, 12, 12, 11, 13, 10, 11, 11, 12, 13, 12, 13, 10, 10, 13, 13, 12, 10, 10, 12, 11, 12, 13, 11, 12, 10, 13, 13, 13], [10, 12, 13, 12, 12, 10, 13, 13, 12, 12, 10, 11, 12, 11, 12, 11, 13, 11, 13, 11, 13, 10, 13, 13, 11, 13, 10, 10, 12, 12], [11, 11, 10, 10, 12, 12, 12, 10, 11, 10, 11, 12, 11, 12, 10, 11, 12, 12, 13, 11, 11, 12, 12, 11, 13, 13, 12, 11, 11, 10]]
Inventory holding cost per unit of each product by the end of each period h: 
[[8, 9, 5, 9, 6, 8, 5, 8, 7, 9, 6, 6, 6, 8, 8, 8, 9, 6, 8, 8, 7, 7, 8, 5, 6, 8, 7, 7, 6, 8], [7, 9, 8, 7, 7, 8, 5, 5, 8, 7, 6, 8, 7, 8, 5, 9, 6, 6, 6, 5, 6, 7, 6, 7, 5, 5, 8, 6, 8, 6], [6, 9, 8, 9, 7, 5, 6, 9, 5, 8, 9, 8, 6, 7, 9, 5, 8, 6, 6, 6, 9, 5, 7, 6, 6, 5, 6, 9, 6, 5], [7, 6, 9, 7, 6, 9, 9, 8, 8, 6, 6, 6, 9, 7, 5, 8, 8, 8, 8, 9, 5, 5, 5, 8, 6, 8, 6, 9, 5, 9], [6, 9, 9, 8, 5, 9, 5, 7, 5, 6, 8, 8, 6, 7, 7, 9, 8, 5, 8, 5, 5, 9, 6, 8, 9, 7, 6, 8, 8, 8], [8, 8, 8, 9, 6, 5, 9, 7, 9, 5, 9, 5, 7, 6, 7, 8, 8, 8, 5, 7, 8, 6, 7, 5, 7, 6, 6, 5, 9, 9], [9, 6, 7, 5, 6, 9, 7, 6, 9, 6, 9, 7, 9, 8, 7, 5, 8, 8, 9, 6, 5, 7, 7, 8, 6, 6, 5, 7, 8, 6], [7, 6, 7, 6, 7, 6, 8, 9, 5, 8, 5, 5, 6, 6, 6, 9, 8, 7, 6, 6, 9, 5, 7, 9, 6, 9, 9, 8, 9, 9], [8, 8, 6, 5, 5, 8, 5, 9, 9, 6, 7, 6, 5, 7, 9, 7, 8, 5, 5, 8, 9, 7, 7, 7, 8, 5, 7, 6, 8, 6], [6, 7, 5, 8, 7, 9, 7, 5, 9, 9, 7, 6, 7, 5, 7, 9, 5, 5, 9, 5, 9, 6, 6, 5, 5, 8, 6, 7, 8, 6], [7, 5, 5, 9, 6, 7, 5, 7, 7, 5, 5, 7, 5, 8, 9, 6, 5, 8, 9, 6, 7, 6, 6, 5, 5, 7, 9, 8, 8, 5], [7, 7, 5, 8, 7, 9, 8, 8, 9, 6, 9, 5, 5, 6, 6, 8, 9, 7, 5, 5, 7, 7, 9, 9, 6, 8, 5, 7, 9, 5], [9, 6, 8, 6, 5, 8, 5, 6, 5, 5, 9, 8, 8, 7, 9, 8, 9, 7, 5, 7, 9, 7, 6, 5, 6, 8, 6, 7, 7, 8], [8, 6, 8, 6, 8, 6, 8, 8, 7, 6, 5, 8, 6, 5, 5, 6, 8, 6, 8, 7, 5, 9, 8, 9, 6, 9, 7, 6, 7, 9], [7, 5, 5, 8, 8, 6, 8, 6, 6, 9, 6, 6, 9, 5, 9, 8, 7, 5, 5, 6, 6, 8, 5, 6, 7, 8, 6, 6, 6, 5], [9, 7, 9, 6, 7, 6, 7, 9, 5, 8, 7, 6, 6, 6, 5, 6, 7, 5, 7, 5, 5, 6, 6, 7, 6, 5, 6, 7, 7, 6], [5, 5, 9, 6, 6, 7, 6, 8, 7, 5, 9, 5, 9, 8, 8, 8, 7, 5, 5, 5, 5, 8, 6, 8, 5, 8, 8, 5, 8, 7], [9, 5, 6, 5, 5, 6, 7, 7, 9, 9, 9, 9, 8, 7, 5, 7, 7, 6, 6, 9, 5, 5, 9, 9, 6, 6, 7, 9, 8, 8], [5, 7, 8, 5, 8, 5, 6, 8, 8, 6, 6, 7, 8, 8, 8, 5, 5, 9, 9, 9, 5, 7, 7, 5, 9, 8, 8, 7, 7, 9], [5, 8, 8, 6, 8, 8, 7, 5, 9, 9, 6, 9, 7, 8, 6, 9, 5, 7, 8, 7, 6, 6, 9, 5, 5, 7, 9, 7, 8, 6], [5, 6, 6, 8, 7, 7, 5, 6, 7, 8, 9, 9, 8, 5, 9, 6, 6, 9, 6, 5, 7, 5, 5, 9, 5, 9, 9, 5, 5, 9], [9, 8, 9, 8, 6, 9, 7, 8, 5, 8, 6, 8, 5, 6, 7, 5, 7, 9, 9, 8, 6, 9, 6, 5, 8, 7, 7, 8, 9, 6], [9, 9, 9, 8, 5, 6, 5, 9, 9, 6, 6, 9, 5, 8, 8, 9, 9, 9, 6, 6, 6, 9, 5, 6, 8, 6, 7, 8, 9, 8], [8, 5, 5, 7, 9, 6, 8, 5, 7, 6, 5, 6, 9, 8, 7, 8, 8, 9, 7, 5, 8, 8, 7, 8, 7, 6, 9, 9, 7, 9], [9, 6, 6, 9, 6, 9, 5, 8, 8, 9, 7, 7, 6, 9, 7, 9, 5, 6, 5, 9, 6, 6, 6, 7, 8, 5, 6, 7, 8, 7], [6, 8, 6, 9, 8, 8, 5, 8, 9, 8, 9, 5, 9, 9, 6, 6, 5, 5, 8, 6, 7, 5, 7, 7, 6, 6, 9, 8, 5, 5], [8, 5, 6, 7, 5, 6, 8, 9, 9, 8, 9, 8, 5, 5, 6, 9, 7, 9, 7, 7, 5, 6, 8, 6, 6, 9, 6, 5, 6, 8], [7, 9, 7, 8, 9, 5, 6, 7, 6, 8, 6, 9, 7, 7, 7, 5, 9, 8, 7, 8, 5, 5, 9, 9, 5, 7, 5, 5, 8, 7], [9, 8, 7, 6, 8, 9, 5, 5, 5, 6, 8, 5, 5, 6, 9, 7, 6, 6, 8, 6, 5, 8, 6, 8, 9, 6, 9, 6, 6, 7], [5, 7, 9, 5, 6, 9, 5, 7, 5, 6, 6, 9, 6, 7, 5, 7, 5, 6, 7, 5, 6, 7, 9, 7, 5, 6, 7, 7, 5, 6], [5, 7, 7, 5, 7, 7, 6, 5, 7, 5, 5, 5, 8, 8, 6, 8, 9, 9, 9, 5, 6, 6, 9, 5, 5, 8, 5, 5, 9, 9], [5, 5, 7, 9, 6, 6, 8, 7, 6, 7, 5, 7, 9, 5, 5, 8, 5, 5, 7, 9, 9, 5, 7, 7, 8, 8, 6, 7, 7, 9], [8, 6, 7, 9, 7, 8, 8, 7, 9, 9, 9, 5, 6, 6, 5, 6, 5, 7, 9, 6, 6, 6, 8, 6, 5, 9, 6, 8, 5, 5], [6, 5, 7, 6, 5, 8, 5, 8, 8, 9, 7, 9, 8, 8, 9, 9, 9, 6, 7, 7, 6, 6, 8, 5, 9, 7, 9, 5, 8, 7], [6, 9, 6, 9, 5, 5, 6, 5, 6, 9, 5, 9, 6, 8, 8, 9, 8, 5, 7, 9, 5, 7, 5, 5, 6, 6, 5, 7, 8, 5], [7, 6, 5, 5, 9, 5, 7, 9, 7, 9, 8, 5, 7, 6, 8, 6, 7, 6, 9, 8, 5, 8, 9, 8, 5, 6, 5, 9, 6, 7], [7, 5, 8, 8, 8, 9, 8, 9, 9, 9, 8, 8, 7, 9, 6, 6, 8, 7, 9, 6, 5, 6, 6, 5, 6, 7, 7, 5, 6, 7], [6, 8, 6, 5, 6, 8, 6, 6, 7, 6, 8, 6, 6, 5, 6, 5, 5, 5, 7, 5, 9, 7, 9, 7, 9, 9, 6, 5, 8, 7], [8, 9, 6, 7, 9, 7, 6, 9, 6, 7, 7, 9, 8, 6, 7, 9, 9, 6, 9, 8, 6, 7, 7, 6, 8, 6, 7, 9, 6, 6], [7, 9, 5, 5, 7, 9, 5, 5, 9, 9, 5, 9, 6, 7, 6, 5, 9, 9, 9, 5, 9, 7, 6, 6, 9, 8, 9, 9, 6, 8]]
Demand for each product in each period d: 
[[45, 0, 26, 3, 22, 28, 28, 0, 0, 46, 16, 25, 44, 9, 33, 22, 0, 1, 18, 33, 16, 12, 31, 40, 31, 0, 40, 6, 49, 28], [7, 47, 24, 20, 20, 39, 26, 5, 49, 19, 20, 10, 19, 42, 20, 0, 4, 46, 0, 18, 2, 30, 6, 13, 34, 34, 49, 28, 35, 40], [31, 43, 31, 25, 2, 3, 20, 1, 10, 31, 13, 14, 31, 31, 0, 8, 34, 43, 35, 44, 40, 24, 41, 0, 46, 39, 22, 24, 32, 43], [46, 14, 30, 32, 13, 2, 27, 17, 12, 39, 14, 25, 49, 40, 38, 1, 18, 0, 20, 9, 49, 48, 23, 44, 24, 45, 13, 20, 0, 15], [38, 35, 0, 4, 6, 12, 0, 25, 32, 9, 6, 39, 2, 0, 17, 28, 49, 10, 44, 29, 31, 7, 44, 6, 24, 6, 0, 49, 45, 7], [2, 33, 5, 0, 10, 42, 18, 27, 48, 29, 25, 19, 31, 0, 12, 34, 13, 23, 48, 14, 42, 21, 20, 1, 41, 28, 7, 47, 43, 31], [0, 35, 0, 0, 26, 47, 33, 34, 38, 27, 0, 35, 27, 33, 15, 46, 45, 23, 8, 22, 42, 30, 20, 35, 46, 10, 6, 31, 44, 28], [0, 40, 15, 42, 32, 7, 38, 0, 30, 0, 24, 19, 0, 0, 9, 36, 0, 5, 25, 14, 35, 44, 38, 16, 29, 4, 22, 12, 2, 21], [26, 38, 43, 42, 40, 37, 46, 22, 40, 5, 29, 21, 45, 23, 36, 3, 14, 17, 46, 20, 0, 42, 49, 22, 37, 22, 43, 7, 20, 36], [14, 0, 33, 0, 9, 25, 1, 39, 18, 26, 12, 32, 1, 29, 1, 37, 31, 48, 0, 24, 5, 0, 19, 16, 37, 26, 2, 2, 17, 20], [4, 4, 3, 8, 0, 35, 44, 9, 39, 9, 42, 44, 10, 46, 4, 21, 48, 12, 45, 23, 40, 45, 38, 33, 2, 3, 5, 27, 1, 48], [19, 48, 16, 4, 27, 8, 10, 19, 31, 0, 16, 2, 11, 0, 9, 19, 20, 24, 27, 43, 33, 42, 7, 25, 22, 27, 19, 37, 8, 24], [43, 20, 24, 1, 37, 0, 0, 46, 39, 26, 33, 8, 20, 32, 36, 47, 44, 18, 44, 11, 42, 2, 28, 39, 33, 44, 8, 24, 19, 42], [32, 43, 12, 43, 30, 39, 32, 8, 5, 22, 29, 22, 5, 41, 10, 43, 44, 22, 19, 34, 6, 48, 6, 44, 45, 31, 18, 23, 27, 26], [21, 8, 49, 15, 16, 22, 23, 33, 36, 48, 41, 25, 23, 2, 21, 17, 8, 31, 19, 49, 22, 29, 9, 6, 6, 47, 30, 29, 4, 19], [13, 34, 23, 35, 37, 13, 40, 42, 23, 35, 21, 8, 35, 31, 17, 38, 25, 13, 44, 30, 16, 40, 47, 27, 12, 18, 23, 25, 47, 25], [0, 48, 40, 46, 0, 0, 16, 31, 21, 45, 23, 2, 31, 14, 3, 8, 15, 36, 25, 25, 11, 2, 3, 15, 21, 16, 23, 16, 35, 29], [48, 35, 0, 24, 21, 45, 12, 6, 43, 15, 47, 27, 49, 28, 1, 16, 23, 2, 30, 0, 0, 34, 38, 31, 13, 3, 22, 0, 19, 15], [31, 0, 17, 0, 11, 14, 9, 32, 40, 16, 32, 44, 4, 36, 3, 20, 0, 44, 0, 10, 29, 46, 26, 10, 16, 47, 28, 36, 35, 25], [30, 16, 15, 43, 3, 33, 9, 0, 9, 44, 8, 3, 25, 11, 42, 1, 8, 8, 14, 23, 39, 37, 37, 23, 15, 34, 30, 29, 25, 0], [40, 12, 9, 30, 37, 47, 26, 2, 34, 23, 36, 5, 0, 2, 10, 26, 14, 9, 0, 39, 0, 30, 32, 29, 0, 13, 24, 21, 1, 10], [47, 0, 47, 0, 19, 32, 46, 12, 8, 11, 37, 4, 21, 26, 27, 42, 1, 35, 0, 45, 44, 39, 0, 0, 24, 36, 28, 4, 17, 2], [25, 27, 34, 26, 14, 44, 25, 37, 14, 46, 46, 13, 29, 0, 11, 43, 2, 36, 0, 23, 48, 46, 0, 20, 10, 31, 42, 18, 46, 43], [0, 49, 19, 39, 5, 11, 6, 13, 5, 0, 15, 39, 20, 30, 11, 0, 34, 29, 36, 46, 41, 41, 34, 28, 10, 22, 0, 49, 21, 17], [1, 42, 33, 45, 10, 25, 33, 19, 0, 5, 9, 45, 22, 38, 8, 13, 40, 31, 16, 30, 24, 23, 40, 0, 47, 25, 45, 20, 0, 15], [10, 25, 40, 30, 24, 23, 49, 17, 16, 42, 0, 11, 47, 3, 5, 20, 36, 28, 0, 38, 16, 11, 7, 34, 32, 6, 17, 37, 21, 48], [29, 34, 8, 0, 0, 31, 48, 44, 20, 49, 15, 49, 0, 20, 15, 3, 8, 27, 37, 24, 39, 44, 20, 45, 41, 16, 42, 49, 0, 49], [42, 16, 29, 33, 17, 37, 3, 24, 3, 36, 44, 21, 14, 39, 42, 46, 45, 45, 7, 27, 26, 26, 41, 13, 27, 13, 14, 34, 39, 7], [0, 28, 11, 28, 45, 24, 14, 42, 35, 45, 16, 39, 21, 13, 28, 2, 40, 9, 4, 2, 36, 22, 15, 0, 35, 33, 0, 17, 0, 27], [35, 29, 41, 48, 23, 36, 34, 33, 20, 0, 35, 12, 47, 37, 11, 36, 9, 13, 46, 14, 37, 14, 34, 23, 4, 28, 33, 21, 0, 0], [34, 20, 14, 35, 12, 2, 4, 3, 26, 40, 49, 12, 38, 0, 14, 35, 0, 41, 9, 34, 43, 41, 43, 16, 16, 37, 2, 0, 25, 27], [26, 11, 47, 4, 23, 37, 48, 10, 20, 1, 47, 21, 25, 48, 9, 29, 22, 39, 45, 28, 28, 21, 9, 29, 3, 46, 38, 21, 20, 0], [37, 40, 35, 33, 18, 26, 1, 26, 5, 20, 22, 14, 23, 0, 28, 49, 15, 35, 18, 35, 10, 36, 1, 49, 40, 9, 0, 45, 28, 34], [39, 42, 45, 30, 20, 29, 25, 23, 40, 0, 7, 30, 25, 22, 2, 5, 4, 33, 22, 9, 28, 22, 48, 42, 29, 22, 10, 12, 20, 15], [0, 49, 0, 0, 24, 0, 9, 40, 18, 2, 32, 0, 35, 0, 0, 22, 28, 36, 43, 34, 31, 40, 10, 38, 34, 20, 40, 36, 0, 5], [11, 41, 0, 13, 40, 44, 17, 5, 28, 39, 13, 21, 34, 26, 37, 5, 8, 1, 26, 15, 19, 8, 5, 42, 22, 33, 46, 26, 10, 49], [6, 9, 45, 46, 41, 38, 10, 16, 18, 10, 33, 9, 20, 11, 29, 44, 19, 49, 3, 43, 20, 39, 42, 26, 47, 12, 9, 26, 17, 20], [34, 46, 46, 36, 7, 3, 3, 37, 30, 3, 22, 31, 35, 35, 16, 23, 0, 6, 25, 3, 42, 7, 24, 39, 30, 31, 43, 14, 20, 10], [22, 36, 11, 18, 36, 5, 0, 1, 19, 17, 30, 7, 26, 16, 28, 16, 18, 1, 25, 12, 30, 16, 2, 24, 47, 35, 20, 45, 23, 41], [37, 12, 41, 22, 32, 2, 48, 31, 3, 41, 26, 44, 44, 28, 7, 6, 30, 47, 11, 12, 29, 16, 33, 10, 20, 0, 30, 7, 11, 8]]
Maintenance cost in each period m: 
[46541, 44535, 43388, 45131, 45827, 46913, 44839, 44855, 43948, 46779, 45019, 46446, 46497, 45695, 44279, 46315, 46091, 43290, 45035, 45860, 45634, 45792, 46966, 43846, 46664, 45584, 46044, 43326, 44712, 44605]
Maximum capacity of the machine cmax: 
1720