Set of periods in the planning horizon T: 
45
Set of products P: 
60
Capacity reduction coefficient alpha: 
0.8
Relative decrease of capacity per set up gamma: 
0.25
Capacity reduction coefficient due to product types beta: 
[0.34, 0.25, 0.39, 0.26, 0.34, 0.4, 0.36, 0.24, 0.25, 0.28, 0.39, 0.25, 0.29, 0.38, 0.35, 0.35, 0.34, 0.24, 0.31, 0.26, 0.39, 0.25, 0.21, 0.25, 0.33, 0.34, 0.27, 0.32, 0.25, 0.28, 0.26, 0.34, 0.28, 0.31, 0.28, 0.35, 0.28, 0.25, 0.26, 0.2, 0.28, 0.24, 0.26, 0.33, 0.27, 0.38, 0.37, 0.3, 0.3, 0.24, 0.25, 0.36, 0.4, 0.27, 0.38, 0.35, 0.26, 0.33, 0.22, 0.28]
Fixed production cost of each product in each period f: 
[[654, 718, 776, 687, 595, 727, 620, 518, 767, 535, 727, 908, 675, 733, 585, 952, 878, 910, 752, 982, 756, 964, 934, 948, 611, 723, 884, 802, 933, 900, 920, 946, 701, 774, 677, 913, 552, 859, 662, 704, 936, 516, 619, 646, 798], [926, 638, 545, 767, 750, 930, 704, 752, 898, 882, 949, 901, 660, 983, 616, 953, 939, 876, 857, 996, 694, 506, 619, 802, 821, 619, 715, 786, 578, 632, 772, 723, 748, 921, 937, 891, 562, 910, 643, 946, 504, 576, 738, 582, 808], [647, 807, 891, 855, 875, 936, 737, 904, 993, 605, 515, 913, 993, 736, 787, 507, 581, 573, 651, 748, 751, 657, 597, 663, 603, 980, 772, 636, 905, 768, 606, 536, 798, 578, 935, 871, 897, 555, 548, 895, 803, 638, 655, 929, 625], [963, 598, 751, 798, 881, 850, 587, 619, 766, 882, 966, 978, 669, 600, 768, 710, 642, 757, 600, 525, 826, 532, 784, 731, 963, 947, 575, 995, 600, 745, 664, 879, 819, 782, 937, 930, 620, 646, 500, 859, 602, 992, 737, 918, 671], [576, 611, 621, 527, 786, 844, 737, 521, 741, 851, 648, 592, 777, 701, 693, 600, 627, 989, 745, 926, 909, 588, 811, 503, 688, 572, 839, 597, 728, 717, 750, 707, 587, 830, 518, 641, 900, 905, 692, 684, 857, 880, 523, 853, 849], [598, 956, 809, 538, 787, 941, 539, 934, 616, 912, 741, 653, 911, 928, 651, 515, 614, 787, 778, 941, 570, 883, 711, 597, 687, 836, 514, 746, 722, 662, 751, 890, 926, 553, 900, 858, 747, 764, 828, 566, 995, 807, 587, 865, 615], [640, 620, 636, 780, 599, 627, 629, 687, 512, 516, 886, 548, 801, 633, 681, 892, 603, 826, 825, 943, 750, 723, 883, 564, 699, 691, 801, 911, 559, 692, 653, 938, 762, 639, 633, 872, 850, 988, 854, 765, 623, 721, 546, 823, 775], [767, 666, 594, 584, 651, 768, 947, 640, 587, 829, 809, 877, 831, 562, 930, 677, 907, 730, 927, 767, 841, 695, 849, 916, 586, 641, 783, 637, 535, 807, 803, 571, 541, 657, 517, 892, 568, 644, 813, 864, 705, 863, 513, 634, 591], [667, 648, 580, 562, 713, 635, 595, 592, 781, 807, 657, 840, 596, 683, 817, 617, 973, 742, 992, 917, 937, 949, 804, 606, 637, 741, 970, 973, 560, 955, 960, 843, 807, 991, 627, 727, 879, 736, 956, 741, 551, 936, 532, 664, 799], [934, 827, 528, 664, 607, 967, 553, 569, 588, 956, 738, 724, 823, 769, 642, 531, 766, 629, 615, 680, 991, 822, 561, 819, 615, 564, 937, 823, 693, 794, 600, 893, 898, 702, 923, 535, 775, 923, 580, 616, 690, 655, 974, 836, 517], [725, 627, 531, 710, 757, 501, 745, 854, 834, 683, 940, 701, 604, 764, 924, 718, 999, 504, 986, 788, 776, 597, 550, 508, 592, 998, 508, 995, 568, 711, 520, 522, 702, 981, 759, 775, 880, 793, 768, 540, 556, 935, 670, 984, 970], [872, 865, 664, 652, 671, 984, 790, 905, 750, 805, 849, 837, 608, 762, 819, 632, 707, 890, 593, 636, 748, 695, 710, 882, 974, 807, 739, 566, 669, 658, 759, 644, 969, 580, 624, 531, 890, 774, 550, 874, 555, 560, 867, 925, 945], [862, 564, 903, 518, 958, 501, 834, 614, 969, 708, 786, 656, 616, 959, 681, 799, 724, 997, 833, 553, 705, 629, 898, 707, 701, 904, 967, 798, 688, 869, 621, 874, 845, 652, 998, 759, 548, 684, 615, 806, 759, 752, 948, 842, 972], [668, 895, 774, 592, 586, 858, 858, 540, 901, 902, 690, 556, 551, 830, 891, 559, 942, 932, 586, 987, 727, 952, 566, 544, 851, 812, 773, 785, 891, 628, 887, 578, 667, 672, 994, 725, 561, 681, 876, 976, 963, 535, 763, 823, 556], [913, 786, 646, 782, 663, 923, 610, 728, 830, 668, 851, 847, 965, 832, 845, 944, 906, 674, 562, 572, 959, 698, 850, 909, 644, 770, 953, 963, 752, 997, 782, 902, 792, 624, 557, 981, 983, 979, 762, 908, 987, 816, 914, 600, 892], [673, 734, 670, 948, 579, 882, 765, 572, 891, 565, 639, 684, 601, 727, 659, 616, 991, 833, 606, 883, 853, 584, 545, 911, 860, 935, 958, 569, 786, 921, 985, 536, 988, 820, 872, 841, 957, 910, 561, 530, 507, 537, 518, 889, 673], [840, 622, 977, 642, 806, 993, 504, 536, 731, 992, 956, 978, 593, 746, 760, 504, 751, 932, 688, 516, 508, 710, 876, 568, 924, 827, 780, 595, 768, 576, 779, 648, 817, 524, 601, 521, 509, 906, 536, 774, 531, 793, 750, 996, 959], [862, 657, 799, 582, 861, 745, 753, 526, 917, 733, 986, 576, 581, 500, 669, 535, 626, 557, 545, 998, 658, 753, 877, 702, 884, 627, 653, 661, 681, 501, 813, 799, 808, 669, 546, 618, 904, 866, 669, 569, 732, 844, 671, 604, 783], [963, 955, 515, 978, 924, 629, 570, 650, 860, 802, 871, 592, 501, 885, 887, 920, 534, 966, 941, 557, 773, 666, 884, 530, 987, 936, 964, 819, 514, 897, 811, 779, 860, 741, 806, 947, 980, 979, 518, 923, 523, 599, 665, 682, 896], [604, 806, 769, 684, 805, 602, 980, 842, 980, 793, 741, 893, 565, 709, 695, 992, 934, 746, 882, 896, 993, 926, 831, 573, 634, 632, 832, 885, 824, 923, 836, 974, 886, 742, 994, 674, 525, 686, 791, 646, 546, 737, 834, 977, 871], [875, 746, 999, 892, 914, 715, 510, 545, 579, 817, 716, 760, 878, 518, 509, 974, 717, 772, 708, 564, 820, 787, 743, 508, 586, 890, 727, 843, 501, 851, 775, 944, 795, 713, 823, 907, 835, 670, 510, 661, 622, 627, 840, 718, 889], [637, 996, 679, 930, 846, 588, 509, 796, 919, 829, 959, 664, 513, 882, 806, 925, 601, 943, 885, 717, 891, 618, 959, 856, 942, 912, 891, 879, 794, 800, 793, 885, 754, 520, 505, 522, 748, 561, 836, 612, 614, 945, 662, 810, 750], [643, 932, 997, 953, 922, 670, 615, 588, 729, 882, 976, 630, 963, 742, 859, 942, 774, 640, 875, 734, 714, 554, 841, 859, 672, 995, 664, 861, 963, 671, 519, 847, 836, 837, 735, 881, 896, 787, 556, 921, 531, 661, 715, 696, 710], [995, 509, 785, 848, 604, 643, 854, 767, 511, 814, 588, 631, 908, 916, 615, 730, 930, 971, 836, 567, 525, 695, 510, 501, 604, 939, 962, 980, 702, 909, 656, 511, 732, 558, 870, 861, 584, 980, 757, 643, 972, 547, 717, 526, 814], [817, 577, 774, 828, 732, 804, 758, 703, 842, 698, 995, 641, 771, 537, 511, 653, 775, 622, 798, 730, 923, 932, 569, 977, 998, 755, 879, 876, 978, 659, 682, 713, 694, 502, 986, 829, 502, 628, 516, 841, 922, 639, 830, 800, 626], [763, 831, 748, 613, 823, 644, 977, 524, 756, 636, 678, 608, 521, 621, 743, 619, 723, 620, 656, 614, 816, 926, 920, 680, 625, 711, 767, 557, 669, 973, 832, 516, 830, 578, 674, 834, 769, 943, 700, 987, 587, 824, 522, 848, 613], [500, 864, 729, 834, 669, 608, 531, 980, 839, 940, 617, 628, 757, 896, 682, 903, 767, 592, 680, 981, 696, 833, 601, 897, 595, 719, 517, 664, 986, 990, 882, 842, 720, 663, 617, 574, 613, 729, 857, 637, 538, 625, 511, 703, 660], [956, 963, 524, 872, 970, 954, 890, 971, 807, 612, 581, 728, 556, 800, 888, 503, 833, 889, 500, 585, 614, 560, 755, 577, 652, 664, 518, 553, 583, 913, 900, 868, 722, 699, 673, 761, 568, 846, 771, 740, 761, 645, 547, 734, 965], [756, 527, 777, 708, 829, 997, 995, 825, 539, 858, 721, 980, 865, 779, 742, 780, 605, 827, 997, 579, 720, 545, 678, 888, 607, 682, 806, 839, 997, 744, 564, 534, 613, 959, 856, 841, 633, 798, 581, 995, 794, 818, 606, 936, 844], [556, 506, 577, 523, 678, 826, 760, 658, 831, 837, 881, 602, 994, 541, 907, 760, 752, 926, 576, 689, 618, 693, 914, 731, 974, 577, 861, 614, 880, 786, 624, 701, 529, 810, 970, 570, 550, 964, 806, 914, 701, 615, 891, 747, 631], [712, 594, 746, 722, 762, 986, 794, 657, 566, 603, 510, 632, 891, 607, 675, 983, 586, 905, 526, 942, 887, 760, 868, 704, 946, 901, 695, 754, 516, 635, 586, 743, 504, 984, 921, 672, 763, 633, 641, 713, 700, 521, 896, 687, 989], [895, 567, 506, 676, 967, 719, 669, 553, 689, 518, 806, 789, 985, 598, 732, 758, 531, 961, 841, 780, 983, 846, 922, 643, 822, 501, 933, 883, 910, 608, 970, 814, 529, 523, 840, 560, 815, 654, 814, 598, 887, 996, 953, 858, 943], [749, 701, 716, 994, 841, 823, 602, 858, 939, 744, 829, 634, 956, 924, 858, 629, 861, 891, 850, 748, 875, 953, 863, 723, 800, 747, 693, 909, 556, 800, 851, 877, 619, 706, 517, 592, 651, 502, 687, 581, 599, 934, 803, 991, 573], [531, 508, 667, 722, 898, 904, 833, 541, 647, 584, 634, 918, 666, 726, 669, 859, 766, 918, 668, 664, 677, 701, 949, 655, 723, 886, 676, 544, 903, 516, 571, 975, 542, 649, 606, 573, 651, 973, 629, 743, 725, 643, 595, 673, 571], [515, 545, 829, 632, 691, 712, 781, 855, 677, 518, 964, 514, 777, 781, 987, 627, 679, 898, 593, 891, 898, 964, 932, 556, 867, 560, 756, 866, 662, 797, 907, 861, 608, 670, 942, 718, 872, 521, 744, 550, 812, 863, 586, 610, 721], [530, 637, 642, 698, 930, 965, 646, 998, 924, 705, 660, 869, 540, 526, 997, 931, 889, 829, 778, 796, 834, 644, 865, 751, 899, 574, 630, 978, 656, 629, 824, 571, 851, 906, 894, 932, 988, 540, 676, 665, 859, 997, 649, 899, 721], [813, 516, 855, 847, 893, 743, 613, 620, 748, 609, 812, 755, 976, 782, 910, 845, 522, 950, 804, 575, 927, 919, 934, 869, 841, 938, 774, 786, 806, 964, 797, 761, 669, 789, 805, 517, 970, 810, 991, 536, 572, 515, 576, 838, 996], [817, 678, 934, 912, 774, 867, 867, 802, 633, 926, 926, 672, 715, 834, 900, 616, 547, 891, 545, 611, 786, 582, 869, 784, 811, 817, 881, 841, 810, 657, 608, 737, 618, 610, 800, 790, 984, 545, 982, 900, 878, 911, 682, 684, 977], [947, 836, 618, 960, 957, 982, 757, 910, 556, 883, 853, 511, 735, 689, 971, 981, 771, 713, 909, 841, 607, 946, 730, 700, 993, 572, 779, 544, 602, 568, 802, 877, 767, 798, 890, 561, 953, 672, 838, 533, 777, 802, 751, 963, 513], [808, 956, 685, 534, 510, 817, 856, 873, 772, 723, 983, 782, 996, 744, 763, 819, 721, 766, 683, 661, 525, 887, 733, 707, 909, 959, 945, 568, 832, 846, 955, 804, 981, 912, 954, 712, 605, 712, 835, 700, 990, 506, 856, 886, 931], [572, 778, 526, 844, 801, 513, 721, 541, 901, 694, 720, 811, 550, 578, 823, 717, 641, 553, 766, 982, 993, 516, 526, 673, 820, 987, 976, 608, 752, 560, 838, 897, 940, 766, 909, 741, 566, 642, 664, 507, 822, 609, 807, 652, 641], [999, 533, 572, 711, 751, 817, 730, 917, 756, 905, 538, 924, 646, 836, 523, 781, 909, 764, 591, 897, 922, 532, 795, 572, 550, 947, 851, 865, 804, 653, 954, 592, 919, 850, 725, 777, 756, 507, 958, 870, 568, 957, 820, 501, 693], [768, 808, 830, 872, 785, 542, 824, 893, 523, 642, 650, 681, 685, 889, 605, 733, 818, 799, 949, 720, 696, 844, 836, 625, 989, 692, 884, 893, 701, 736, 972, 975, 925, 514, 665, 788, 921, 634, 880, 643, 580, 995, 968, 758, 777], [726, 760, 607, 509, 555, 944, 531, 646, 805, 750, 905, 966, 611, 507, 858, 542, 648, 901, 789, 832, 991, 567, 841, 822, 865, 772, 693, 953, 600, 540, 977, 694, 881, 662, 957, 951, 949, 762, 914, 912, 618, 938, 528, 925, 870], [820, 637, 683, 717, 862, 910, 924, 736, 971, 824, 878, 859, 890, 710, 672, 937, 630, 554, 524, 674, 834, 570, 620, 813, 894, 877, 652, 726, 898, 619, 689, 652, 633, 844, 860, 595, 973, 825, 813, 833, 633, 990, 579, 951, 870], [886, 974, 758, 689, 509, 776, 669, 539, 787, 665, 827, 610, 789, 722, 523, 757, 727, 572, 830, 729, 950, 521, 644, 616, 858, 640, 843, 766, 741, 596, 877, 817, 990, 509, 862, 951, 802, 923, 724, 805, 666, 965, 683, 977, 634], [677, 999, 764, 802, 542, 901, 576, 616, 769, 944, 779, 582, 896, 895, 757, 967, 835, 983, 766, 881, 611, 778, 702, 693, 924, 783, 782, 868, 554, 586, 685, 761, 519, 966, 639, 971, 943, 716, 567, 844, 738, 502, 681, 916, 612], [616, 559, 704, 836, 790, 712, 668, 684, 891, 807, 973, 888, 643, 784, 960, 599, 564, 707, 949, 983, 815, 842, 940, 933, 733, 591, 905, 977, 609, 787, 765, 553, 975, 544, 712, 716, 604, 721, 814, 900, 729, 602, 913, 613, 909], [724, 922, 973, 742, 617, 982, 546, 617, 762, 655, 792, 850, 969, 745, 616, 549, 956, 796, 771, 595, 898, 972, 515, 507, 967, 894, 925, 646, 733, 527, 703, 822, 643, 665, 546, 922, 928, 502, 624, 597, 715, 536, 661, 899, 813], [515, 650, 827, 980, 506, 887, 513, 981, 637, 986, 880, 989, 966, 682, 620, 789, 779, 627, 523, 919, 880, 555, 776, 963, 966, 542, 855, 800, 886, 766, 895, 717, 624, 735, 632, 860, 635, 581, 580, 926, 858, 543, 974, 991, 665], [632, 829, 854, 983, 520, 542, 891, 633, 907, 863, 668, 713, 901, 832, 628, 694, 827, 958, 766, 920, 758, 525, 772, 709, 968, 921, 975, 633, 720, 687, 898, 812, 868, 784, 848, 660, 603, 688, 861, 531, 976, 802, 822, 934, 508], [924, 762, 800, 570, 742, 959, 522, 585, 775, 535, 782, 657, 521, 505, 920, 900, 832, 839, 890, 915, 869, 950, 577, 987, 683, 979, 510, 546, 694, 854, 564, 745, 525, 562, 884, 625, 595, 744, 575, 750, 925, 823, 507, 761, 998], [583, 889, 998, 990, 653, 948, 709, 697, 774, 581, 922, 660, 907, 508, 674, 544, 777, 920, 548, 848, 721, 922, 733, 765, 775, 686, 775, 616, 690, 759, 938, 534, 684, 812, 651, 638, 854, 667, 806, 844, 981, 880, 593, 821, 632], [861, 894, 524, 505, 897, 501, 701, 862, 876, 822, 652, 860, 841, 517, 707, 634, 681, 806, 864, 735, 812, 687, 732, 965, 646, 505, 666, 805, 623, 608, 911, 822, 566, 959, 921, 818, 566, 569, 730, 514, 684, 637, 838, 856, 977], [988, 801, 958, 744, 900, 955, 870, 978, 834, 710, 836, 727, 758, 987, 721, 509, 538, 896, 655, 642, 899, 762, 817, 866, 975, 795, 919, 732, 535, 804, 751, 661, 553, 593, 634, 936, 918, 990, 662, 724, 523, 853, 983, 889, 562], [714, 541, 671, 692, 978, 676, 703, 644, 678, 679, 550, 560, 571, 877, 844, 525, 873, 561, 589, 841, 764, 516, 504, 555, 562, 561, 843, 993, 697, 643, 893, 635, 832, 893, 699, 726, 549, 679, 761, 993, 925, 672, 995, 739, 521], [772, 816, 781, 589, 935, 584, 621, 550, 639, 770, 907, 668, 845, 730, 566, 932, 818, 662, 781, 587, 860, 760, 708, 692, 688, 628, 672, 963, 568, 551, 540, 585, 869, 581, 549, 629, 578, 524, 847, 944, 698, 617, 640, 964, 966], [760, 808, 907, 973, 974, 886, 750, 797, 783, 627, 996, 805, 552, 998, 610, 796, 929, 938, 898, 951, 808, 895, 920, 573, 877, 583, 678, 500, 599, 803, 764, 782, 885, 931, 567, 656, 752, 944, 703, 962, 950, 553, 873, 879, 732], [615, 756, 554, 759, 817, 590, 935, 587, 784, 958, 665, 644, 718, 762, 717, 567, 890, 940, 744, 805, 986, 876, 645, 652, 749, 707, 922, 952, 544, 565, 932, 501, 961, 876, 746, 557, 546, 579, 606, 886, 520, 923, 561, 867, 624], [694, 924, 848, 506, 618, 948, 512, 883, 723, 630, 813, 839, 769, 745, 757, 841, 626, 888, 533, 600, 782, 871, 656, 949, 626, 659, 526, 503, 720, 798, 975, 585, 500, 807, 958, 641, 682, 837, 702, 722, 507, 550, 897, 691, 914]]
Variable production cost per unit of each product in each period p: 
[[13, 13, 11, 12, 10, 13, 11, 11, 13, 13, 12, 12, 13, 13, 13, 12, 13, 11, 12, 13, 12, 10, 12, 10, 13, 11, 10, 10, 12, 12, 13, 10, 11, 13, 10, 12, 10, 13, 11, 12, 10, 11, 12, 13, 10], [11, 10, 12, 12, 11, 12, 10, 12, 10, 12, 10, 12, 11, 11, 12, 11, 11, 10, 11, 11, 10, 13, 12, 10, 12, 10, 12, 13, 11, 10, 13, 11, 11, 13, 10, 10, 12, 11, 10, 11, 12, 10, 12, 11, 10], [13, 11, 13, 13, 10, 13, 12, 13, 12, 11, 10, 12, 13, 11, 10, 13, 12, 11, 12, 10, 10, 11, 10, 12, 11, 11, 10, 13, 11, 13, 13, 11, 10, 12, 10, 10, 10, 13, 12, 13, 11, 11, 13, 10, 13], [13, 12, 10, 10, 13, 11, 11, 10, 10, 11, 13, 11, 12, 12, 11, 12, 10, 11, 10, 10, 11, 11, 13, 13, 10, 10, 13, 13, 11, 11, 13, 12, 12, 12, 12, 11, 12, 12, 12, 13, 10, 13, 10, 12, 12], [10, 13, 10, 13, 12, 12, 13, 11, 11, 13, 12, 11, 10, 11, 12, 13, 12, 13, 11, 12, 11, 12, 12, 12, 13, 11, 13, 10, 13, 11, 12, 11, 12, 11, 10, 11, 13, 11, 11, 13, 11, 11, 11, 10, 13], [13, 13, 12, 10, 13, 11, 10, 10, 12, 10, 11, 12, 13, 11, 13, 11, 10, 11, 12, 12, 13, 13, 11, 11, 10, 13, 12, 13, 12, 11, 10, 12, 10, 13, 12, 12, 10, 12, 11, 12, 10, 12, 12, 12, 12], [11, 12, 12, 12, 11, 11, 11, 11, 13, 10, 13, 10, 13, 11, 11, 10, 12, 13, 12, 10, 10, 10, 11, 13, 13, 12, 11, 12, 12, 12, 12, 10, 10, 11, 10, 13, 13, 13, 12, 11, 13, 11, 11, 10, 13], [10, 10, 13, 10, 10, 11, 10, 10, 11, 10, 10, 11, 13, 10, 12, 10, 13, 11, 10, 10, 11, 11, 13, 11, 12, 12, 13, 10, 12, 13, 11, 13, 12, 12, 11, 11, 11, 12, 13, 11, 10, 13, 12, 13, 13], [11, 11, 10, 10, 11, 12, 10, 10, 11, 12, 10, 12, 13, 13, 13, 10, 11, 11, 11, 13, 10, 10, 12, 11, 11, 13, 12, 13, 10, 12, 12, 13, 13, 11, 13, 12, 12, 13, 12, 10, 11, 11, 11, 13, 13], [11, 11, 12, 13, 12, 13, 10, 10, 13, 12, 11, 12, 12, 13, 13, 10, 11, 13, 12, 12, 10, 12, 12, 12, 11, 13, 12, 12, 10, 10, 12, 13, 11, 13, 12, 11, 12, 12, 11, 11, 13, 10, 13, 11, 11], [11, 11, 10, 13, 13, 13, 12, 10, 13, 13, 13, 12, 11, 12, 13, 11, 10, 10, 11, 12, 11, 12, 12, 12, 13, 11, 13, 13, 13, 12, 10, 11, 13, 11, 13, 12, 13, 13, 12, 11, 11, 11, 11, 11, 11], [10, 13, 11, 10, 13, 10, 12, 10, 10, 11, 10, 11, 11, 12, 10, 12, 11, 13, 10, 13, 13, 11, 11, 11, 12, 11, 12, 13, 10, 13, 13, 12, 10, 10, 10, 10, 11, 12, 10, 13, 11, 12, 13, 12, 11], [13, 12, 10, 12, 11, 12, 12, 11, 10, 10, 12, 13, 13, 11, 10, 10, 11, 10, 11, 11, 13, 11, 13, 12, 12, 10, 13, 11, 10, 10, 12, 10, 12, 12, 13, 13, 10, 10, 13, 13, 12, 13, 12, 12, 12], [10, 11, 10, 13, 13, 12, 11, 10, 13, 12, 10, 11, 13, 10, 11, 11, 11, 12, 11, 13, 12, 13, 10, 10, 12, 13, 10, 12, 13, 13, 10, 13, 13, 10, 13, 12, 10, 11, 10, 10, 13, 10, 13, 11, 10], [11, 10, 11, 10, 11, 12, 12, 10, 12, 10, 10, 10, 13, 10, 10, 13, 13, 11, 12, 12, 11, 12, 12, 12, 10, 10, 12, 12, 10, 12, 11, 12, 12, 13, 13, 13, 11, 13, 10, 10, 10, 13, 12, 12, 10], [11, 13, 11, 11, 12, 13, 11, 13, 11, 13, 13, 12, 13, 11, 11, 13, 13, 10, 11, 10, 12, 12, 12, 12, 10, 11, 10, 13, 10, 12, 11, 12, 12, 10, 12, 12, 12, 13, 11, 13, 10, 10, 12, 13, 13], [12, 13, 13, 11, 12, 11, 11, 13, 13, 10, 13, 12, 13, 11, 11, 11, 10, 11, 11, 10, 11, 10, 10, 12, 10, 12, 11, 13, 12, 11, 11, 13, 11, 10, 12, 11, 11, 11, 10, 10, 10, 11, 10, 12, 10], [12, 10, 11, 13, 10, 12, 11, 11, 12, 10, 10, 13, 11, 11, 11, 12, 11, 12, 13, 11, 13, 13, 12, 12, 13, 13, 11, 12, 11, 10, 12, 13, 10, 12, 13, 12, 10, 11, 12, 11, 11, 13, 11, 13, 10], [11, 13, 11, 12, 11, 10, 12, 10, 13, 11, 10, 12, 11, 10, 12, 10, 10, 13, 13, 12, 12, 12, 10, 13, 13, 13, 12, 12, 11, 10, 11, 12, 11, 11, 11, 11, 10, 11, 10, 10, 13, 12, 13, 11, 10], [12, 12, 13, 11, 13, 13, 13, 13, 12, 13, 12, 11, 10, 13, 13, 10, 12, 10, 11, 12, 11, 13, 10, 11, 11, 11, 13, 11, 11, 13, 12, 13, 13, 10, 12, 10, 11, 12, 10, 13, 12, 13, 10, 10, 13], [10, 13, 10, 13, 13, 13, 11, 11, 10, 10, 13, 12, 12, 11, 10, 11, 11, 11, 13, 12, 10, 10, 13, 13, 12, 11, 12, 13, 12, 12, 10, 11, 10, 10, 12, 12, 10, 10, 13, 10, 11, 11, 13, 13, 11], [10, 13, 13, 13, 13, 11, 12, 13, 11, 13, 12, 12, 11, 12, 10, 10, 13, 10, 13, 13, 10, 11, 13, 13, 12, 11, 11, 13, 13, 12, 13, 11, 10, 11, 11, 13, 13, 13, 13, 11, 11, 11, 12, 12, 13], [11, 13, 13, 11, 10, 13, 13, 11, 10, 12, 10, 11, 10, 12, 12, 13, 11, 10, 13, 13, 12, 12, 13, 13, 13, 11, 11, 12, 10, 10, 10, 10, 10, 11, 10, 12, 13, 13, 13, 10, 11, 11, 12, 12, 11], [11, 11, 13, 13, 12, 12, 11, 12, 10, 11, 12, 10, 13, 13, 13, 10, 13, 13, 10, 13, 11, 11, 12, 13, 11, 13, 11, 12, 11, 12, 11, 10, 12, 11, 11, 13, 13, 10, 13, 10, 12, 13, 10, 13, 10], [12, 11, 10, 11, 12, 10, 11, 11, 13, 11, 11, 11, 12, 13, 12, 13, 11, 13, 10, 12, 13, 13, 13, 12, 12, 13, 13, 11, 13, 12, 12, 11, 11, 11, 10, 11, 13, 10, 12, 10, 12, 10, 12, 13, 12], [11, 13, 11, 11, 10, 10, 11, 13, 11, 13, 10, 12, 10, 13, 11, 12, 10, 11, 10, 11, 12, 12, 12, 13, 13, 10, 13, 11, 11, 10, 13, 12, 11, 11, 13, 12, 11, 12, 10, 10, 11, 10, 11, 13, 11], [10, 12, 12, 11, 13, 11, 11, 13, 10, 10, 12, 10, 11, 10, 10, 12, 10, 12, 11, 10, 10, 11, 13, 12, 13, 12, 10, 11, 10, 10, 12, 12, 12, 11, 13, 12, 11, 11, 12, 11, 11, 10, 13, 11, 13], [11, 11, 12, 10, 10, 12, 11, 11, 11, 12, 12, 10, 10, 12, 13, 12, 10, 12, 12, 11, 13, 11, 13, 12, 11, 10, 12, 11, 12, 10, 13, 12, 11, 10, 13, 10, 13, 10, 10, 12, 13, 11, 13, 10, 11], [13, 10, 10, 12, 12, 10, 12, 12, 13, 12, 11, 11, 12, 10, 11, 13, 13, 11, 13, 10, 13, 13, 13, 11, 10, 12, 12, 13, 12, 13, 13, 12, 13, 12, 10, 12, 11, 12, 12, 13, 13, 12, 10, 10, 11], [12, 10, 10, 11, 13, 13, 11, 12, 12, 10, 11, 10, 11, 10, 12, 11, 13, 12, 11, 11, 11, 13, 13, 11, 13, 12, 13, 12, 10, 13, 13, 13, 11, 12, 12, 13, 13, 10, 13, 13, 10, 10, 13, 11, 10], [11, 13, 12, 11, 13, 11, 10, 10, 13, 10, 10, 10, 10, 12, 13, 13, 11, 11, 10, 10, 12, 10, 12, 12, 10, 10, 11, 13, 13, 12, 11, 10, 12, 13, 13, 12, 11, 11, 13, 13, 10, 12, 11, 13, 12], [11, 13, 10, 11, 10, 12, 13, 11, 10, 11, 13, 12, 11, 12, 13, 13, 12, 12, 12, 11, 11, 12, 12, 12, 10, 10, 11, 10, 12, 12, 11, 12, 13, 12, 10, 12, 11, 10, 12, 13, 11, 12, 11, 12, 13], [11, 11, 10, 10, 11, 12, 11, 12, 13, 10, 10, 11, 12, 12, 13, 11, 11, 12, 12, 10, 13, 11, 12, 10, 12, 10, 12, 10, 10, 13, 11, 10, 11, 13, 11, 10, 10, 10, 11, 13, 12, 12, 10, 11, 12], [12, 12, 13, 10, 12, 10, 12, 10, 10, 13, 13, 11, 13, 11, 12, 11, 12, 10, 13, 13, 13, 12, 11, 10, 12, 10, 12, 12, 12, 13, 11, 10, 11, 11, 13, 10, 11, 11, 11, 13, 13, 12, 11, 10, 13], [12, 13, 11, 10, 12, 10, 12, 10, 12, 11, 10, 12, 13, 11, 13, 13, 13, 10, 11, 11, 10, 12, 12, 10, 12, 12, 10, 12, 10, 10, 11, 12, 13, 11, 10, 10, 13, 10, 11, 12, 12, 12, 12, 12, 10], [12, 10, 12, 13, 13, 11, 12, 12, 10, 13, 10, 11, 13, 11, 10, 12, 10, 13, 12, 10, 10, 12, 12, 12, 12, 13, 12, 11, 13, 13, 11, 12, 13, 13, 13, 13, 13, 10, 10, 12, 12, 10, 13, 10, 13], [13, 11, 13, 10, 13, 10, 11, 13, 11, 13, 11, 13, 13, 13, 11, 10, 11, 12, 12, 12, 11, 11, 13, 12, 10, 12, 12, 12, 10, 10, 11, 12, 12, 10, 12, 10, 12, 11, 11, 12, 10, 11, 13, 11, 12], [12, 11, 10, 13, 11, 12, 13, 13, 12, 10, 12, 13, 12, 12, 11, 10, 13, 11, 13, 12, 12, 11, 10, 12, 13, 11, 10, 13, 10, 11, 13, 10, 11, 10, 12, 10, 11, 13, 13, 10, 10, 12, 11, 10, 11], [10, 10, 12, 11, 13, 10, 12, 10, 12, 11, 10, 11, 13, 13, 10, 10, 12, 11, 11, 12, 11, 12, 10, 10, 11, 11, 13, 11, 11, 13, 10, 13, 11, 12, 13, 10, 12, 13, 11, 10, 10, 12, 12, 10, 10], [10, 11, 12, 10, 10, 13, 10, 13, 13, 12, 13, 11, 11, 11, 10, 10, 11, 13, 13, 12, 12, 10, 13, 10, 12, 13, 10, 13, 11, 10, 13, 12, 13, 11, 11, 12, 12, 13, 12, 12, 12, 12, 13, 13, 11], [13, 11, 13, 12, 12, 11, 10, 10, 11, 10, 11, 12, 11, 11, 10, 11, 10, 11, 11, 11, 13, 11, 13, 11, 13, 12, 13, 13, 12, 10, 11, 13, 12, 11, 13, 13, 13, 13, 10, 13, 11, 10, 12, 10, 10], [10, 10, 13, 10, 13, 11, 11, 10, 10, 11, 13, 13, 11, 10, 11, 12, 11, 11, 11, 13, 12, 13, 12, 11, 10, 10, 13, 10, 11, 13, 11, 12, 12, 13, 10, 12, 13, 11, 12, 13, 10, 13, 13, 10, 13], [13, 11, 13, 11, 13, 11, 10, 13, 11, 13, 11, 10, 11, 13, 13, 11, 13, 11, 12, 13, 11, 12, 13, 10, 11, 13, 11, 13, 10, 11, 10, 11, 10, 11, 11, 12, 13, 13, 11, 10, 11, 11, 11, 10, 13], [11, 11, 13, 10, 13, 12, 10, 13, 13, 12, 11, 12, 10, 10, 13, 12, 12, 10, 11, 13, 10, 11, 10, 12, 12, 11, 10, 11, 12, 13, 13, 13, 10, 11, 13, 13, 11, 11, 12, 11, 10, 11, 11, 11, 13], [12, 12, 13, 10, 13, 12, 10, 10, 11, 13, 13, 11, 11, 11, 13, 12, 11, 11, 11, 11, 10, 10, 13, 13, 13, 10, 13, 12, 12, 13, 13, 10, 13, 13, 11, 12, 13, 10, 13, 12, 11, 13, 13, 10, 13], [11, 13, 11, 13, 12, 13, 13, 11, 13, 11, 10, 13, 10, 13, 11, 13, 13, 12, 13, 12, 12, 11, 11, 13, 13, 10, 11, 11, 11, 13, 12, 12, 12, 13, 11, 10, 12, 10, 13, 12, 11, 12, 11, 13, 12], [12, 12, 12, 10, 11, 11, 12, 13, 12, 13, 12, 13, 10, 11, 13, 10, 10, 10, 13, 11, 10, 11, 10, 12, 10, 11, 10, 13, 11, 10, 11, 12, 11, 10, 10, 13, 12, 10, 11, 10, 11, 10, 11, 11, 13], [11, 10, 13, 10, 12, 12, 13, 11, 11, 12, 13, 11, 12, 13, 13, 10, 12, 12, 11, 13, 10, 10, 13, 10, 12, 12, 12, 10, 11, 10, 10, 10, 13, 10, 13, 12, 10, 13, 12, 13, 12, 13, 12, 12, 11], [11, 11, 11, 11, 11, 11, 12, 12, 10, 10, 10, 12, 10, 12, 11, 13, 10, 11, 12, 11, 13, 12, 10, 12, 12, 11, 10, 11, 10, 11, 13, 10, 11, 13, 11, 11, 12, 10, 13, 11, 11, 10, 12, 11, 10], [10, 12, 12, 13, 10, 10, 11, 12, 12, 11, 10, 10, 10, 13, 10, 10, 10, 10, 13, 12, 10, 10, 11, 10, 11, 12, 12, 12, 13, 11, 13, 13, 13, 11, 11, 13, 10, 10, 11, 12, 10, 12, 13, 13, 13], [12, 13, 12, 10, 11, 13, 12, 11, 13, 11, 10, 11, 11, 10, 10, 11, 11, 10, 10, 13, 12, 12, 11, 10, 13, 10, 13, 10, 13, 10, 11, 12, 13, 12, 11, 10, 12, 11, 13, 10, 10, 11, 11, 11, 13], [11, 13, 12, 13, 13, 11, 12, 12, 12, 13, 11, 11, 10, 10, 12, 11, 10, 10, 10, 12, 10, 13, 11, 13, 13, 13, 10, 10, 10, 12, 13, 10, 10, 10, 13, 10, 10, 11, 13, 12, 13, 11, 10, 12, 12], [10, 10, 13, 11, 11, 13, 10, 12, 13, 11, 11, 11, 13, 10, 10, 10, 13, 11, 13, 10, 10, 13, 12, 12, 10, 11, 12, 10, 11, 13, 11, 10, 12, 13, 13, 12, 13, 11, 11, 10, 11, 12, 11, 12, 10], [12, 13, 11, 13, 11, 11, 13, 13, 13, 12, 13, 13, 12, 10, 11, 11, 10, 12, 10, 10, 10, 13, 12, 13, 12, 10, 12, 12, 13, 12, 13, 13, 11, 10, 12, 10, 11, 11, 10, 10, 13, 12, 12, 12, 10], [13, 13, 11, 12, 12, 10, 13, 11, 11, 12, 11, 13, 10, 12, 11, 13, 11, 12, 10, 10, 12, 10, 12, 10, 12, 10, 12, 11, 12, 11, 10, 11, 11, 13, 10, 11, 12, 11, 12, 12, 13, 10, 11, 12, 11], [12, 10, 10, 13, 11, 10, 11, 12, 13, 12, 13, 12, 13, 13, 12, 13, 11, 12, 13, 11, 12, 11, 11, 11, 12, 11, 11, 10, 10, 12, 11, 13, 12, 10, 10, 10, 12, 12, 13, 11, 11, 11, 11, 13, 10], [11, 13, 10, 11, 11, 12, 10, 11, 10, 12, 10, 12, 13, 11, 10, 11, 13, 10, 10, 13, 12, 13, 11, 10, 12, 10, 10, 11, 13, 11, 13, 10, 10, 11, 10, 10, 13, 12, 13, 12, 12, 12, 10, 13, 10], [12, 10, 12, 11, 12, 13, 10, 11, 11, 10, 11, 11, 10, 12, 10, 10, 13, 13, 13, 13, 10, 12, 10, 11, 10, 10, 13, 10, 13, 10, 11, 12, 12, 11, 13, 10, 11, 13, 12, 13, 12, 13, 12, 10, 12], [11, 13, 13, 11, 11, 13, 10, 12, 12, 13, 13, 13, 11, 12, 12, 13, 12, 11, 12, 12, 13, 13, 10, 12, 10, 11, 11, 11, 12, 12, 12, 13, 10, 11, 12, 13, 11, 11, 10, 10, 12, 11, 12, 10, 13], [10, 12, 12, 11, 12, 12, 10, 10, 12, 13, 13, 11, 13, 13, 10, 12, 13, 10, 10, 13, 13, 12, 11, 11, 13, 11, 11, 12, 12, 12, 11, 10, 10, 13, 11, 10, 10, 11, 10, 11, 13, 12, 13, 10, 11]]
Inventory holding cost per unit of each product by the end of each period h: 
[[9, 6, 5, 7, 8, 6, 9, 9, 7, 8, 6, 5, 7, 8, 8, 6, 8, 8, 8, 9, 8, 8, 9, 8, 8, 9, 5, 7, 8, 5, 9, 6, 8, 7, 8, 8, 5, 8, 8, 5, 9, 8, 8, 9, 8], [5, 7, 5, 9, 9, 7, 5, 8, 9, 8, 5, 7, 5, 7, 7, 9, 8, 5, 5, 5, 9, 7, 9, 9, 9, 9, 9, 6, 5, 5, 6, 6, 7, 5, 5, 8, 9, 6, 8, 7, 8, 9, 5, 9, 5], [7, 6, 7, 9, 8, 5, 5, 9, 7, 6, 8, 7, 5, 5, 7, 9, 6, 7, 9, 7, 5, 8, 8, 5, 6, 6, 7, 5, 7, 5, 7, 6, 5, 5, 7, 7, 5, 5, 6, 6, 8, 8, 7, 6, 6], [5, 9, 7, 9, 9, 5, 6, 8, 6, 7, 5, 8, 9, 6, 9, 9, 6, 8, 9, 5, 5, 7, 8, 8, 5, 5, 8, 7, 9, 5, 5, 5, 7, 5, 7, 6, 6, 7, 7, 6, 5, 9, 8, 9, 6], [5, 5, 9, 8, 9, 6, 5, 7, 8, 5, 6, 8, 7, 9, 8, 9, 9, 6, 6, 9, 9, 6, 7, 6, 8, 7, 8, 8, 6, 9, 5, 9, 8, 9, 8, 5, 9, 5, 5, 9, 7, 8, 5, 9, 8], [7, 8, 5, 8, 8, 7, 8, 7, 6, 8, 9, 6, 5, 5, 5, 7, 7, 6, 7, 6, 8, 8, 5, 8, 7, 5, 7, 8, 6, 6, 5, 5, 7, 9, 7, 9, 6, 5, 5, 5, 6, 5, 5, 8, 7], [6, 9, 5, 7, 5, 8, 7, 5, 7, 6, 5, 7, 8, 5, 8, 5, 7, 9, 5, 5, 6, 7, 8, 8, 6, 5, 8, 8, 6, 8, 7, 8, 8, 7, 5, 5, 7, 9, 6, 5, 6, 6, 8, 9, 9], [6, 6, 8, 5, 7, 9, 6, 8, 8, 5, 9, 6, 9, 5, 6, 9, 5, 6, 5, 5, 9, 8, 9, 7, 5, 9, 8, 5, 6, 9, 8, 7, 7, 7, 9, 6, 8, 6, 5, 5, 6, 5, 5, 8, 9], [7, 5, 7, 5, 8, 6, 9, 7, 6, 8, 5, 7, 8, 6, 7, 6, 6, 8, 9, 7, 5, 9, 6, 5, 5, 5, 6, 5, 5, 8, 6, 7, 7, 8, 9, 6, 6, 7, 9, 5, 6, 9, 8, 6, 7], [7, 8, 5, 9, 8, 8, 8, 9, 6, 6, 7, 8, 8, 9, 5, 6, 7, 6, 8, 6, 6, 7, 5, 9, 6, 8, 7, 7, 9, 6, 5, 7, 5, 8, 5, 8, 5, 7, 7, 6, 8, 5, 5, 8, 9], [6, 7, 5, 5, 9, 6, 7, 9, 9, 9, 5, 8, 8, 8, 5, 5, 7, 8, 5, 9, 7, 9, 9, 8, 9, 7, 9, 7, 5, 8, 6, 5, 6, 6, 8, 5, 8, 8, 8, 6, 7, 5, 8, 8, 9], [7, 6, 7, 6, 7, 9, 8, 9, 7, 7, 7, 6, 8, 8, 7, 8, 8, 6, 9, 5, 6, 6, 5, 7, 9, 8, 5, 6, 5, 9, 7, 7, 5, 8, 5, 5, 6, 5, 7, 7, 7, 5, 7, 9, 7], [7, 6, 7, 6, 7, 7, 5, 8, 5, 6, 6, 5, 7, 8, 7, 8, 7, 5, 5, 9, 5, 5, 5, 8, 8, 7, 5, 6, 6, 7, 7, 9, 5, 5, 6, 9, 8, 7, 7, 7, 5, 6, 6, 8, 5], [8, 8, 9, 6, 8, 8, 8, 9, 6, 9, 8, 5, 7, 8, 6, 9, 5, 6, 9, 9, 6, 7, 5, 7, 8, 7, 6, 8, 9, 5, 6, 6, 6, 5, 8, 9, 9, 7, 6, 6, 9, 7, 9, 7, 5], [5, 7, 9, 9, 5, 8, 7, 9, 5, 6, 7, 8, 8, 8, 6, 7, 7, 8, 7, 6, 8, 8, 6, 8, 8, 8, 9, 9, 8, 7, 5, 9, 5, 9, 5, 5, 8, 6, 5, 6, 5, 8, 9, 8, 8], [8, 6, 7, 8, 8, 8, 5, 6, 6, 7, 8, 5, 6, 7, 8, 9, 5, 9, 5, 5, 7, 7, 6, 9, 7, 6, 5, 5, 5, 6, 7, 8, 9, 9, 6, 5, 9, 7, 7, 7, 8, 9, 5, 5, 7], [7, 7, 6, 5, 5, 7, 7, 9, 9, 8, 9, 5, 8, 9, 9, 5, 5, 8, 8, 7, 9, 8, 5, 5, 5, 6, 6, 9, 9, 7, 8, 9, 9, 5, 7, 8, 5, 7, 8, 9, 8, 6, 7, 5, 8], [7, 6, 5, 6, 9, 5, 9, 6, 6, 5, 6, 5, 8, 8, 7, 8, 9, 5, 9, 8, 8, 8, 9, 9, 5, 8, 8, 8, 7, 7, 7, 6, 8, 8, 9, 8, 5, 9, 9, 7, 9, 8, 9, 9, 8], [6, 5, 6, 7, 9, 8, 8, 7, 5, 9, 8, 7, 9, 5, 8, 6, 7, 5, 5, 7, 7, 8, 8, 9, 5, 7, 9, 8, 8, 6, 5, 7, 7, 8, 7, 5, 6, 6, 6, 5, 6, 6, 8, 9, 5], [7, 6, 7, 5, 5, 6, 8, 7, 8, 8, 5, 5, 5, 8, 6, 6, 6, 7, 9, 8, 9, 7, 9, 7, 5, 8, 5, 9, 7, 9, 8, 7, 6, 6, 9, 9, 5, 7, 6, 7, 9, 9, 9, 9, 6], [6, 5, 9, 6, 7, 6, 8, 5, 8, 9, 8, 8, 7, 5, 7, 6, 9, 5, 6, 9, 5, 6, 9, 8, 8, 9, 7, 8, 7, 5, 5, 7, 5, 6, 8, 8, 8, 9, 6, 9, 7, 9, 6, 9, 5], [6, 9, 5, 8, 9, 7, 6, 6, 8, 9, 5, 6, 7, 8, 8, 8, 6, 8, 6, 7, 9, 5, 8, 6, 6, 7, 8, 5, 7, 5, 6, 6, 7, 9, 5, 9, 9, 5, 7, 7, 8, 7, 7, 9, 5], [5, 8, 5, 8, 8, 8, 7, 7, 5, 8, 5, 8, 8, 6, 8, 7, 7, 8, 6, 9, 6, 8, 7, 6, 7, 9, 6, 6, 9, 5, 8, 7, 5, 6, 7, 7, 5, 5, 8, 7, 5, 7, 5, 9, 6], [8, 9, 9, 6, 5, 8, 9, 9, 9, 7, 7, 8, 5, 6, 6, 8, 7, 9, 8, 6, 7, 8, 6, 5, 7, 6, 6, 7, 8, 8, 7, 5, 5, 6, 8, 9, 7, 9, 6, 9, 7, 6, 6, 9, 7], [5, 7, 9, 5, 5, 8, 5, 6, 6, 5, 7, 9, 5, 9, 8, 8, 9, 6, 6, 8, 6, 5, 6, 5, 7, 6, 6, 5, 6, 8, 5, 5, 9, 8, 5, 5, 6, 7, 6, 7, 8, 9, 7, 8, 7], [9, 7, 7, 6, 8, 5, 6, 5, 7, 8, 8, 7, 8, 6, 9, 5, 9, 5, 6, 5, 6, 9, 6, 5, 7, 8, 8, 5, 9, 5, 9, 9, 9, 8, 9, 7, 9, 7, 7, 7, 9, 6, 6, 6, 6], [5, 5, 7, 8, 8, 6, 9, 8, 7, 6, 7, 9, 6, 5, 5, 9, 6, 8, 6, 5, 9, 8, 7, 7, 7, 8, 8, 6, 7, 6, 5, 8, 9, 7, 9, 7, 6, 6, 7, 6, 6, 5, 8, 5, 6], [5, 6, 8, 6, 9, 8, 7, 8, 6, 7, 9, 9, 5, 8, 5, 7, 9, 7, 7, 6, 5, 9, 7, 6, 5, 9, 6, 9, 5, 5, 9, 8, 8, 6, 5, 9, 6, 7, 9, 7, 8, 9, 6, 9, 9], [7, 6, 6, 9, 9, 8, 5, 7, 7, 6, 6, 7, 9, 9, 6, 8, 6, 6, 5, 8, 9, 9, 7, 8, 7, 6, 9, 5, 8, 6, 5, 9, 6, 6, 9, 9, 7, 9, 6, 6, 7, 6, 8, 6, 6], [6, 9, 5, 5, 9, 5, 9, 9, 5, 8, 6, 7, 7, 8, 6, 6, 7, 8, 7, 9, 6, 5, 7, 6, 7, 8, 6, 9, 9, 7, 9, 5, 7, 8, 8, 9, 9, 7, 5, 5, 6, 8, 9, 5, 6], [6, 5, 9, 6, 5, 8, 8, 5, 6, 6, 8, 9, 5, 5, 7, 5, 7, 7, 6, 8, 7, 8, 6, 9, 8, 9, 7, 7, 7, 5, 8, 8, 7, 8, 5, 6, 6, 6, 5, 8, 8, 8, 8, 8, 6], [9, 7, 9, 9, 5, 6, 8, 8, 7, 6, 8, 8, 9, 9, 5, 5, 9, 5, 5, 7, 5, 7, 6, 8, 8, 6, 5, 6, 5, 8, 5, 5, 9, 6, 5, 9, 6, 5, 8, 6, 7, 5, 8, 6, 5], [7, 6, 6, 6, 9, 9, 7, 6, 8, 7, 9, 7, 6, 9, 9, 5, 8, 7, 5, 9, 9, 8, 7, 5, 7, 6, 5, 8, 7, 5, 5, 8, 5, 9, 5, 9, 5, 8, 9, 7, 6, 6, 5, 5, 6], [8, 8, 5, 9, 5, 5, 5, 6, 7, 7, 6, 9, 6, 8, 8, 7, 7, 6, 7, 8, 5, 6, 8, 9, 6, 9, 5, 6, 5, 7, 8, 5, 7, 5, 9, 8, 6, 7, 7, 8, 6, 5, 7, 9, 9], [7, 9, 7, 7, 7, 5, 8, 9, 6, 7, 7, 8, 9, 9, 5, 6, 6, 8, 7, 7, 9, 5, 8, 5, 9, 7, 5, 5, 6, 9, 8, 9, 9, 7, 7, 6, 9, 6, 9, 6, 7, 7, 6, 5, 9], [5, 5, 5, 5, 5, 5, 5, 6, 6, 5, 9, 7, 6, 6, 6, 5, 9, 8, 6, 8, 7, 7, 9, 8, 5, 8, 8, 8, 9, 6, 7, 6, 7, 5, 6, 6, 6, 6, 5, 7, 6, 8, 5, 7, 8], [5, 6, 6, 9, 8, 8, 8, 8, 7, 7, 9, 9, 7, 7, 5, 8, 9, 8, 7, 9, 6, 7, 9, 9, 5, 7, 5, 5, 8, 6, 5, 8, 9, 6, 9, 9, 5, 8, 6, 6, 6, 7, 7, 7, 5], [7, 5, 8, 9, 5, 7, 6, 6, 7, 8, 8, 7, 6, 8, 7, 8, 6, 8, 7, 5, 9, 8, 8, 8, 7, 5, 6, 8, 9, 8, 8, 8, 8, 8, 8, 9, 7, 7, 5, 9, 9, 7, 9, 9, 9], [6, 6, 9, 8, 8, 9, 7, 6, 8, 9, 8, 7, 6, 7, 8, 6, 9, 8, 8, 8, 5, 9, 5, 6, 6, 7, 6, 9, 5, 7, 7, 7, 9, 7, 7, 6, 9, 6, 8, 5, 5, 9, 5, 9, 8], [8, 5, 8, 8, 6, 6, 7, 8, 6, 7, 8, 9, 5, 9, 7, 5, 8, 5, 8, 8, 9, 7, 7, 6, 9, 8, 8, 5, 6, 6, 5, 6, 6, 8, 7, 7, 7, 8, 5, 6, 7, 8, 7, 5, 9], [9, 7, 9, 7, 7, 7, 7, 6, 9, 6, 6, 5, 5, 7, 6, 6, 9, 7, 9, 7, 6, 8, 7, 7, 7, 7, 7, 8, 8, 9, 6, 8, 5, 5, 6, 5, 7, 5, 9, 7, 5, 6, 6, 5, 8], [8, 5, 6, 7, 8, 5, 8, 9, 9, 7, 8, 7, 8, 6, 8, 7, 7, 9, 6, 9, 9, 9, 8, 7, 8, 6, 6, 9, 7, 9, 7, 5, 6, 7, 9, 8, 9, 7, 7, 8, 7, 7, 5, 8, 8], [7, 5, 5, 6, 9, 7, 9, 5, 6, 7, 8, 7, 9, 8, 8, 6, 6, 9, 9, 9, 8, 7, 6, 7, 8, 8, 8, 6, 8, 5, 6, 9, 7, 9, 6, 5, 8, 7, 9, 5, 5, 7, 6, 9, 7], [7, 6, 8, 6, 9, 8, 7, 9, 9, 8, 6, 5, 7, 8, 8, 7, 6, 6, 9, 9, 8, 6, 9, 5, 8, 6, 9, 9, 9, 9, 6, 9, 5, 5, 9, 6, 6, 8, 5, 7, 8, 8, 7, 9, 8], [8, 5, 7, 8, 7, 6, 8, 9, 8, 7, 5, 9, 9, 6, 9, 5, 5, 5, 5, 7, 9, 7, 6, 9, 9, 5, 7, 7, 5, 5, 8, 6, 6, 5, 9, 6, 5, 5, 7, 6, 5, 8, 6, 9, 7], [6, 5, 9, 8, 9, 6, 7, 6, 9, 6, 7, 9, 6, 9, 5, 5, 7, 5, 9, 9, 8, 9, 9, 9, 6, 8, 7, 7, 8, 8, 7, 5, 8, 6, 5, 9, 5, 5, 9, 5, 7, 6, 6, 6, 5], [5, 6, 8, 5, 8, 8, 5, 5, 7, 7, 6, 9, 5, 9, 5, 6, 6, 6, 6, 8, 6, 8, 7, 5, 9, 7, 7, 6, 9, 9, 7, 8, 7, 6, 5, 8, 6, 8, 9, 5, 7, 9, 8, 5, 7], [9, 8, 6, 7, 8, 9, 5, 9, 5, 5, 8, 7, 6, 9, 5, 7, 5, 6, 5, 9, 9, 8, 6, 7, 9, 7, 6, 9, 9, 9, 6, 6, 9, 6, 6, 8, 5, 5, 7, 8, 7, 5, 5, 8, 5], [9, 8, 8, 9, 6, 9, 9, 5, 5, 8, 8, 7, 9, 8, 6, 8, 6, 7, 5, 9, 7, 7, 7, 9, 8, 5, 7, 6, 6, 7, 9, 8, 9, 5, 7, 5, 7, 6, 7, 8, 9, 5, 9, 5, 7], [8, 5, 8, 7, 5, 9, 7, 9, 9, 6, 5, 5, 9, 7, 6, 7, 6, 9, 7, 8, 9, 7, 6, 6, 6, 9, 5, 7, 8, 5, 8, 6, 6, 7, 7, 9, 7, 5, 9, 6, 5, 6, 9, 8, 5], [7, 8, 8, 8, 7, 8, 8, 6, 9, 5, 5, 7, 5, 7, 5, 8, 9, 9, 7, 6, 7, 9, 8, 5, 6, 6, 7, 5, 9, 5, 7, 7, 8, 8, 5, 7, 6, 9, 5, 9, 9, 7, 9, 7, 8], [6, 9, 5, 6, 6, 6, 6, 7, 8, 5, 9, 5, 5, 8, 7, 7, 8, 9, 5, 5, 8, 5, 9, 8, 9, 8, 6, 8, 8, 5, 8, 6, 5, 5, 6, 7, 8, 5, 8, 6, 7, 8, 7, 8, 9], [8, 5, 9, 5, 9, 9, 7, 5, 8, 7, 8, 5, 9, 6, 8, 7, 9, 5, 6, 8, 7, 5, 6, 5, 8, 6, 8, 8, 9, 5, 5, 8, 7, 8, 8, 7, 9, 9, 8, 7, 7, 5, 5, 7, 5], [8, 6, 8, 7, 6, 5, 7, 9, 6, 5, 8, 8, 5, 6, 7, 6, 6, 7, 5, 7, 7, 8, 9, 6, 7, 9, 6, 7, 5, 6, 9, 6, 6, 5, 8, 6, 6, 8, 6, 5, 7, 8, 9, 5, 9], [6, 8, 7, 8, 6, 5, 9, 9, 9, 7, 6, 5, 5, 9, 8, 9, 7, 5, 7, 8, 8, 7, 9, 9, 6, 8, 9, 5, 9, 6, 6, 8, 7, 7, 7, 6, 7, 7, 5, 9, 8, 6, 8, 9, 7], [6, 9, 6, 9, 8, 5, 5, 6, 6, 9, 7, 7, 5, 8, 6, 8, 9, 7, 6, 5, 7, 8, 7, 7, 6, 8, 9, 5, 7, 6, 8, 7, 6, 9, 5, 8, 6, 8, 6, 5, 7, 7, 5, 9, 8], [9, 9, 7, 7, 6, 7, 8, 9, 7, 7, 6, 8, 8, 5, 7, 5, 8, 5, 8, 8, 9, 7, 6, 6, 5, 7, 8, 5, 9, 6, 6, 5, 5, 9, 5, 7, 7, 6, 7, 8, 8, 5, 5, 7, 6], [7, 5, 9, 7, 7, 9, 8, 6, 7, 5, 5, 7, 5, 6, 7, 9, 7, 9, 9, 8, 9, 5, 5, 8, 5, 5, 9, 5, 8, 9, 9, 7, 5, 8, 7, 6, 6, 7, 9, 6, 5, 9, 6, 6, 6], [9, 8, 6, 6, 9, 6, 8, 7, 5, 7, 8, 6, 5, 7, 5, 5, 6, 7, 6, 7, 9, 8, 7, 8, 6, 8, 6, 5, 6, 8, 6, 9, 9, 6, 7, 8, 8, 7, 5, 5, 9, 6, 8, 7, 7], [6, 8, 5, 9, 6, 9, 9, 5, 9, 8, 9, 9, 9, 6, 9, 6, 6, 5, 6, 5, 6, 5, 6, 5, 9, 5, 6, 7, 5, 8, 9, 7, 6, 6, 6, 5, 7, 8, 7, 6, 7, 5, 7, 9, 7]]
Demand for each product in each period d: 
[[18, 17, 45, 36, 13, 43, 35, 31, 22, 6, 24, 0, 8, 33, 19, 40, 38, 2, 9, 30, 17, 40, 46, 22, 12, 1, 0, 10, 32, 0, 34, 38, 45, 11, 11, 13, 38, 11, 34, 31, 9, 21, 5, 0, 38], [47, 30, 48, 41, 0, 42, 12, 7, 44, 21, 47, 2, 48, 1, 34, 6, 14, 8, 25, 0, 3, 46, 26, 17, 22, 8, 0, 0, 0, 21, 13, 13, 23, 15, 10, 0, 15, 12, 31, 48, 41, 18, 43, 0, 19], [24, 43, 9, 17, 33, 23, 13, 2, 2, 40, 7, 3, 28, 23, 16, 22, 11, 26, 0, 34, 46, 34, 5, 22, 18, 21, 33, 32, 3, 16, 20, 10, 49, 12, 12, 8, 17, 46, 28, 14, 0, 41, 20, 40, 0], [19, 38, 0, 41, 4, 4, 15, 0, 36, 1, 17, 15, 0, 43, 48, 7, 7, 25, 16, 4, 0, 5, 42, 21, 7, 45, 25, 10, 15, 3, 39, 6, 22, 28, 48, 22, 13, 0, 9, 0, 24, 1, 32, 11, 10], [38, 1, 13, 6, 1, 47, 39, 13, 11, 39, 2, 39, 10, 0, 31, 47, 22, 36, 29, 4, 11, 37, 19, 13, 15, 14, 26, 26, 3, 0, 7, 41, 36, 18, 16, 15, 10, 47, 35, 14, 26, 47, 37, 39, 38], [19, 19, 35, 9, 43, 11, 19, 5, 12, 11, 40, 26, 46, 1, 7, 17, 3, 26, 49, 28, 43, 6, 5, 6, 40, 19, 27, 22, 8, 31, 24, 26, 23, 27, 24, 0, 32, 1, 15, 0, 41, 15, 28, 3, 10], [4, 37, 39, 40, 43, 11, 13, 0, 11, 21, 4, 37, 41, 37, 42, 17, 33, 2, 16, 30, 17, 17, 37, 40, 46, 45, 20, 19, 3, 35, 30, 3, 0, 36, 1, 39, 12, 42, 4, 0, 45, 1, 19, 28, 0], [1, 14, 47, 23, 0, 37, 14, 47, 26, 15, 39, 48, 22, 39, 47, 22, 5, 20, 15, 41, 5, 37, 40, 11, 31, 13, 49, 3, 31, 44, 43, 29, 36, 32, 45, 1, 20, 47, 48, 41, 17, 19, 15, 7, 1], [45, 38, 18, 2, 23, 31, 19, 40, 0, 9, 22, 41, 45, 31, 21, 32, 25, 45, 42, 6, 9, 3, 1, 0, 17, 44, 27, 10, 31, 22, 5, 10, 15, 32, 44, 7, 22, 23, 0, 47, 7, 14, 42, 33, 49], [35, 5, 41, 6, 26, 26, 9, 23, 2, 28, 33, 32, 25, 12, 24, 21, 38, 0, 3, 21, 18, 30, 21, 0, 33, 6, 41, 6, 27, 41, 40, 6, 0, 29, 43, 15, 12, 6, 4, 27, 38, 34, 36, 16, 29], [29, 43, 47, 10, 34, 4, 44, 31, 2, 34, 6, 10, 31, 22, 40, 19, 15, 10, 4, 18, 4, 0, 19, 8, 33, 10, 30, 38, 3, 47, 18, 5, 3, 47, 28, 1, 1, 15, 44, 30, 21, 13, 22, 49, 10], [39, 33, 25, 42, 42, 32, 39, 17, 31, 15, 29, 0, 11, 38, 28, 42, 46, 46, 20, 2, 33, 40, 19, 5, 5, 6, 49, 19, 8, 32, 23, 39, 38, 0, 36, 9, 3, 44, 5, 34, 43, 39, 0, 6, 48], [18, 12, 5, 0, 46, 43, 10, 34, 15, 33, 13, 49, 7, 20, 1, 0, 46, 37, 5, 33, 46, 3, 12, 44, 29, 39, 1, 15, 15, 22, 10, 20, 34, 39, 10, 5, 13, 37, 13, 21, 45, 11, 20, 24, 38], [18, 14, 5, 45, 26, 31, 7, 15, 0, 28, 18, 36, 19, 11, 39, 39, 0, 22, 14, 15, 47, 0, 25, 39, 0, 16, 28, 19, 27, 30, 0, 0, 2, 2, 24, 4, 16, 5, 0, 3, 0, 22, 0, 33, 14], [42, 29, 19, 30, 19, 3, 24, 7, 39, 49, 37, 22, 40, 31, 46, 30, 15, 23, 41, 34, 1, 11, 33, 11, 18, 0, 12, 34, 40, 16, 18, 8, 26, 11, 0, 7, 0, 33, 35, 42, 48, 13, 43, 37, 31], [34, 46, 27, 8, 22, 39, 39, 38, 6, 18, 0, 31, 31, 2, 27, 11, 16, 19, 29, 3, 13, 35, 24, 31, 0, 24, 22, 30, 39, 33, 5, 7, 47, 25, 7, 3, 17, 34, 32, 38, 35, 0, 16, 20, 0], [33, 0, 40, 0, 0, 14, 17, 26, 41, 29, 7, 0, 48, 5, 3, 41, 27, 23, 13, 26, 0, 41, 0, 3, 17, 24, 13, 41, 42, 47, 16, 32, 20, 9, 37, 27, 21, 41, 40, 12, 22, 24, 21, 0, 41], [22, 4, 42, 38, 2, 44, 14, 26, 13, 23, 35, 4, 41, 10, 41, 36, 2, 34, 11, 0, 0, 31, 38, 24, 9, 45, 10, 24, 33, 35, 23, 17, 11, 28, 10, 34, 47, 0, 0, 8, 24, 36, 11, 43, 17], [26, 33, 22, 15, 19, 47, 29, 44, 15, 21, 19, 23, 15, 15, 35, 0, 49, 15, 0, 13, 4, 43, 41, 47, 14, 12, 0, 38, 28, 22, 6, 19, 39, 7, 47, 40, 2, 0, 28, 41, 30, 17, 43, 24, 28], [39, 45, 0, 34, 47, 43, 26, 9, 26, 44, 29, 23, 43, 46, 15, 22, 46, 32, 29, 17, 44, 15, 23, 28, 5, 0, 22, 26, 39, 16, 42, 23, 46, 16, 32, 49, 40, 32, 26, 13, 8, 36, 7, 17, 36], [9, 47, 14, 36, 11, 30, 17, 18, 2, 45, 40, 40, 39, 41, 0, 28, 45, 41, 47, 0, 11, 18, 1, 43, 9, 22, 5, 43, 44, 9, 41, 19, 10, 37, 28, 23, 13, 43, 46, 24, 43, 10, 24, 34, 4], [11, 14, 12, 13, 23, 35, 39, 7, 5, 3, 27, 0, 42, 37, 1, 4, 12, 33, 19, 36, 15, 15, 40, 9, 20, 48, 3, 30, 0, 5, 11, 29, 28, 29, 26, 24, 31, 17, 15, 25, 31, 26, 43, 30, 27], [4, 37, 39, 7, 47, 42, 47, 30, 2, 45, 25, 19, 47, 14, 24, 49, 0, 37, 30, 26, 3, 17, 25, 27, 14, 49, 27, 13, 7, 34, 0, 30, 9, 11, 8, 42, 8, 16, 44, 0, 39, 33, 27, 47, 40], [47, 47, 47, 41, 0, 24, 8, 40, 25, 17, 20, 7, 1, 27, 39, 42, 27, 21, 29, 4, 41, 35, 30, 0, 0, 37, 34, 27, 0, 19, 0, 21, 18, 32, 20, 11, 30, 23, 32, 42, 22, 40, 9, 27, 22], [7, 0, 27, 5, 49, 44, 34, 32, 14, 4, 38, 10, 39, 42, 21, 0, 35, 11, 41, 0, 28, 22, 0, 30, 17, 42, 34, 15, 18, 32, 22, 9, 35, 41, 40, 16, 1, 3, 22, 13, 33, 2, 19, 41, 15], [43, 13, 27, 35, 23, 38, 48, 18, 26, 44, 43, 46, 37, 11, 46, 35, 28, 0, 38, 0, 0, 0, 15, 11, 42, 20, 41, 29, 23, 23, 29, 31, 13, 10, 15, 43, 23, 0, 24, 1, 33, 0, 39, 44, 36], [19, 40, 37, 6, 32, 30, 1, 25, 49, 12, 18, 7, 29, 3, 27, 7, 12, 8, 0, 13, 11, 41, 49, 23, 12, 31, 16, 15, 0, 48, 18, 41, 23, 34, 4, 38, 46, 48, 4, 19, 8, 3, 0, 3, 18], [28, 24, 49, 17, 23, 5, 7, 3, 22, 49, 45, 26, 26, 15, 39, 18, 22, 18, 13, 44, 10, 47, 36, 42, 23, 0, 20, 31, 29, 30, 15, 22, 9, 0, 12, 14, 3, 4, 37, 38, 31, 1, 0, 15, 7], [10, 10, 3, 23, 32, 41, 33, 16, 18, 0, 26, 0, 48, 6, 44, 36, 30, 8, 26, 47, 7, 46, 42, 24, 47, 38, 37, 21, 17, 46, 10, 39, 33, 21, 39, 10, 23, 39, 9, 14, 3, 48, 45, 19, 47], [14, 46, 0, 32, 31, 8, 9, 35, 23, 37, 37, 0, 5, 0, 0, 16, 10, 41, 23, 34, 24, 29, 4, 37, 32, 30, 44, 20, 42, 19, 0, 16, 14, 0, 7, 14, 49, 9, 38, 39, 13, 44, 30, 30, 0], [0, 7, 14, 6, 17, 7, 29, 1, 14, 25, 17, 27, 11, 0, 8, 6, 6, 32, 20, 33, 16, 17, 13, 25, 27, 0, 43, 0, 27, 41, 27, 17, 38, 12, 49, 0, 12, 4, 8, 43, 24, 46, 0, 37, 45], [39, 1, 23, 3, 30, 4, 25, 7, 31, 18, 1, 16, 19, 48, 15, 36, 31, 12, 13, 11, 26, 5, 44, 33, 31, 38, 7, 19, 27, 1, 40, 6, 39, 23, 26, 12, 34, 36, 44, 3, 30, 12, 15, 8, 32], [2, 30, 9, 35, 32, 40, 11, 18, 4, 10, 11, 47, 26, 27, 0, 22, 9, 48, 3, 7, 21, 12, 30, 7, 45, 11, 43, 7, 10, 33, 13, 42, 2, 12, 17, 47, 37, 46, 44, 45, 22, 29, 29, 15, 9], [36, 44, 16, 13, 38, 40, 33, 37, 41, 28, 11, 6, 30, 21, 36, 9, 43, 25, 38, 24, 32, 41, 21, 31, 22, 27, 32, 11, 26, 15, 42, 23, 8, 2, 20, 47, 47, 2, 34, 44, 15, 2, 44, 3, 46], [7, 11, 15, 0, 46, 17, 0, 14, 47, 30, 38, 28, 16, 0, 2, 27, 29, 6, 5, 15, 40, 28, 31, 19, 0, 44, 9, 15, 16, 21, 48, 0, 44, 11, 6, 33, 34, 40, 27, 3, 43, 5, 28, 7, 24], [38, 5, 8, 8, 5, 30, 5, 35, 49, 2, 0, 26, 26, 11, 12, 46, 19, 41, 20, 20, 19, 21, 0, 9, 25, 30, 0, 38, 6, 10, 35, 33, 38, 0, 16, 6, 42, 38, 0, 28, 43, 46, 3, 47, 46], [21, 2, 34, 46, 23, 3, 34, 45, 39, 17, 19, 26, 22, 27, 45, 40, 12, 10, 6, 44, 21, 18, 7, 46, 14, 0, 7, 47, 27, 7, 1, 8, 49, 4, 12, 35, 0, 23, 7, 33, 4, 37, 43, 10, 20], [42, 20, 36, 27, 39, 49, 39, 12, 31, 21, 0, 31, 6, 29, 40, 42, 0, 31, 31, 15, 20, 46, 17, 24, 10, 0, 48, 41, 26, 43, 46, 28, 35, 0, 17, 1, 8, 41, 7, 2, 24, 23, 39, 0, 14], [19, 1, 39, 13, 11, 15, 39, 9, 6, 33, 47, 32, 12, 0, 14, 4, 0, 42, 49, 45, 13, 1, 11, 49, 45, 19, 0, 32, 1, 6, 17, 37, 22, 39, 0, 48, 40, 24, 0, 12, 15, 31, 4, 10, 36], [35, 44, 7, 29, 19, 32, 15, 27, 34, 20, 7, 5, 32, 15, 13, 35, 38, 18, 12, 28, 6, 44, 43, 13, 19, 19, 44, 38, 10, 34, 1, 0, 22, 13, 41, 7, 5, 12, 22, 5, 17, 14, 40, 31, 6], [38, 48, 29, 29, 6, 47, 35, 0, 33, 15, 49, 5, 22, 28, 21, 4, 37, 46, 33, 0, 38, 26, 22, 28, 7, 0, 26, 2, 35, 42, 23, 2, 17, 21, 49, 45, 44, 30, 37, 26, 48, 3, 47, 16, 16], [19, 0, 47, 10, 36, 44, 21, 0, 0, 23, 31, 25, 34, 26, 34, 22, 11, 40, 42, 2, 25, 10, 4, 22, 34, 8, 39, 6, 9, 48, 16, 0, 4, 25, 41, 13, 27, 38, 22, 7, 18, 39, 14, 20, 28], [3, 24, 35, 26, 16, 23, 14, 10, 13, 0, 48, 49, 19, 21, 5, 28, 7, 14, 20, 27, 30, 28, 5, 41, 42, 27, 6, 11, 2, 42, 21, 0, 22, 6, 7, 40, 44, 0, 28, 4, 35, 27, 3, 23, 0], [41, 40, 20, 31, 49, 31, 37, 9, 31, 38, 24, 45, 9, 0, 34, 9, 30, 16, 35, 18, 2, 0, 22, 3, 9, 44, 36, 24, 10, 12, 8, 17, 0, 37, 18, 3, 0, 28, 28, 34, 22, 33, 36, 4, 45], [8, 25, 19, 14, 6, 17, 43, 10, 24, 31, 45, 44, 15, 4, 7, 46, 3, 33, 37, 22, 39, 0, 12, 20, 44, 36, 18, 9, 13, 47, 41, 0, 0, 38, 42, 24, 7, 36, 20, 5, 1, 36, 14, 1, 31], [30, 24, 16, 3, 6, 46, 34, 12, 15, 47, 15, 45, 20, 6, 30, 2, 22, 23, 46, 28, 24, 0, 34, 43, 40, 3, 47, 49, 22, 42, 1, 0, 1, 36, 21, 3, 19, 27, 12, 18, 23, 39, 20, 14, 0], [0, 15, 23, 20, 19, 25, 43, 13, 14, 0, 12, 39, 44, 45, 21, 41, 15, 0, 45, 3, 13, 2, 20, 28, 20, 16, 1, 48, 41, 0, 33, 44, 18, 49, 0, 30, 21, 21, 0, 10, 17, 3, 0, 41, 29], [45, 17, 13, 44, 35, 6, 43, 42, 44, 46, 22, 11, 18, 44, 2, 29, 20, 26, 17, 0, 2, 45, 11, 32, 10, 30, 18, 31, 30, 18, 45, 12, 22, 42, 29, 48, 43, 45, 3, 0, 0, 13, 45, 28, 39], [10, 38, 40, 0, 40, 18, 2, 7, 43, 9, 21, 37, 1, 47, 23, 13, 31, 0, 26, 0, 10, 0, 45, 42, 16, 10, 42, 0, 27, 43, 32, 26, 38, 0, 45, 46, 21, 16, 30, 34, 5, 22, 18, 8, 31], [31, 32, 18, 17, 15, 4, 10, 35, 13, 35, 4, 40, 17, 29, 45, 19, 0, 16, 7, 26, 28, 19, 7, 42, 14, 29, 13, 48, 9, 19, 10, 0, 13, 14, 39, 37, 31, 5, 33, 3, 19, 18, 16, 21, 35], [24, 33, 14, 0, 45, 15, 0, 8, 12, 20, 5, 34, 16, 39, 9, 30, 43, 31, 21, 10, 3, 14, 38, 42, 40, 36, 22, 20, 0, 2, 32, 48, 11, 25, 30, 43, 47, 46, 37, 34, 37, 19, 20, 47, 11], [12, 36, 40, 22, 36, 35, 33, 10, 46, 20, 18, 18, 2, 35, 8, 5, 7, 44, 8, 5, 13, 23, 4, 12, 26, 8, 12, 0, 20, 34, 12, 36, 41, 13, 41, 8, 46, 11, 37, 44, 37, 0, 14, 11, 0], [27, 36, 31, 24, 35, 46, 2, 18, 0, 22, 6, 8, 32, 38, 33, 0, 47, 43, 30, 20, 27, 14, 48, 19, 8, 9, 20, 15, 0, 12, 18, 46, 5, 37, 20, 26, 22, 38, 32, 39, 17, 45, 44, 39, 48], [8, 9, 47, 40, 13, 23, 4, 0, 1, 48, 0, 15, 8, 13, 41, 4, 0, 36, 41, 17, 45, 28, 6, 0, 24, 17, 44, 1, 34, 29, 8, 16, 39, 3, 35, 26, 43, 42, 0, 26, 42, 32, 39, 34, 9], [3, 43, 41, 17, 17, 13, 30, 35, 42, 15, 1, 24, 34, 38, 33, 39, 7, 17, 13, 19, 18, 14, 0, 3, 4, 30, 48, 0, 21, 19, 11, 49, 3, 35, 30, 17, 38, 12, 40, 24, 24, 7, 25, 29, 18], [0, 49, 20, 22, 4, 39, 32, 35, 24, 44, 42, 4, 25, 5, 19, 47, 32, 31, 37, 30, 4, 37, 21, 29, 13, 0, 39, 49, 26, 9, 33, 22, 26, 27, 43, 0, 37, 31, 0, 15, 22, 0, 2, 12, 26], [30, 44, 5, 39, 5, 27, 26, 39, 32, 11, 16, 19, 49, 0, 14, 15, 31, 29, 8, 32, 47, 19, 7, 26, 1, 44, 34, 35, 16, 31, 0, 32, 15, 18, 17, 33, 45, 4, 45, 9, 0, 11, 43, 38, 37], [23, 3, 29, 12, 17, 18, 19, 28, 27, 48, 15, 42, 17, 0, 40, 0, 48, 34, 6, 14, 9, 38, 9, 34, 33, 7, 11, 18, 0, 0, 44, 0, 35, 37, 47, 21, 35, 0, 25, 34, 17, 24, 5, 17, 0], [16, 23, 28, 30, 30, 8, 0, 3, 47, 45, 21, 15, 45, 28, 32, 0, 18, 49, 7, 28, 12, 46, 33, 40, 0, 6, 2, 28, 20, 29, 11, 23, 13, 3, 9, 7, 22, 8, 41, 22, 49, 11, 16, 17, 30], [27, 37, 0, 42, 31, 14, 14, 42, 27, 9, 48, 20, 9, 40, 49, 21, 33, 36, 0, 44, 35, 0, 46, 30, 36, 4, 22, 10, 11, 20, 12, 47, 15, 46, 49, 3, 0, 20, 31, 29, 35, 44, 19, 39, 7]]
Maintenance cost in each period m: 
[97780, 98101, 97392, 97642, 99345, 98631, 97913, 96494, 97459, 98827, 95948, 99158, 97699, 97220, 95728, 99201, 95769, 99157, 98658, 99404, 97877, 97980, 96597, 97509, 96354, 96205, 97150, 99440, 97252, 97284, 97458, 98026, 98008, 96609, 95714, 98818, 97535, 96743, 97296, 96218, 98595, 99330, 95910, 99025, 96706]
Maximum capacity of the machine cmax: 
2640