Set of periods in the planning horizon T: 
30
Set of products P: 
40
Capacity reduction coefficient alpha: 
0.8
Relative decrease of capacity per set up gamma: 
0.32
Capacity reduction coefficient due to product types beta: 
[0.25, 0.29, 0.25, 0.24, 0.35, 0.3, 0.21, 0.23, 0.24, 0.32, 0.36, 0.29, 0.31, 0.3, 0.23, 0.38, 0.32, 0.28, 0.29, 0.35, 0.37, 0.39, 0.34, 0.29, 0.36, 0.23, 0.28, 0.22, 0.23, 0.39, 0.4, 0.37, 0.36, 0.35, 0.21, 0.36, 0.25, 0.38, 0.23, 0.37]
Fixed production cost of each product in each period f: 
[[843, 957, 820, 932, 521, 683, 693, 517, 713, 822, 942, 664, 908, 806, 939, 645, 727, 643, 765, 529, 896, 872, 646, 595, 788, 637, 705, 994, 777, 991], [764, 621, 621, 823, 890, 836, 628, 525, 752, 599, 653, 606, 787, 527, 817, 780, 861, 515, 957, 674, 573, 595, 901, 749, 613, 600, 982, 931, 947, 944], [883, 952, 507, 851, 680, 800, 811, 877, 915, 843, 819, 996, 570, 799, 594, 831, 556, 723, 779, 815, 893, 729, 786, 511, 760, 815, 511, 989, 501, 866], [995, 837, 679, 858, 556, 535, 746, 661, 658, 713, 678, 771, 631, 555, 876, 880, 618, 931, 852, 991, 847, 933, 917, 679, 847, 681, 915, 721, 688, 609], [571, 985, 719, 866, 890, 594, 636, 625, 847, 845, 978, 986, 608, 524, 767, 647, 740, 558, 559, 677, 702, 959, 965, 607, 851, 964, 652, 906, 566, 597], [959, 656, 684, 746, 834, 544, 775, 766, 563, 929, 943, 926, 649, 790, 705, 893, 986, 916, 506, 748, 512, 523, 861, 817, 581, 780, 874, 651, 907, 892], [984, 560, 801, 665, 580, 975, 615, 706, 529, 972, 951, 766, 701, 910, 733, 834, 763, 500, 807, 776, 910, 908, 912, 914, 623, 717, 535, 605, 755, 575], [571, 627, 720, 919, 972, 843, 624, 622, 610, 513, 830, 973, 737, 542, 906, 759, 534, 663, 996, 605, 552, 649, 606, 834, 734, 851, 880, 631, 637, 772], [840, 562, 721, 649, 662, 507, 666, 596, 525, 813, 711, 594, 999, 844, 930, 968, 830, 587, 762, 738, 902, 809, 796, 572, 985, 739, 773, 912, 789, 906], [751, 822, 539, 529, 811, 756, 974, 964, 961, 864, 893, 827, 865, 713, 689, 793, 657, 937, 740, 554, 639, 840, 748, 785, 895, 682, 761, 724, 515, 598], [577, 707, 607, 798, 724, 883, 736, 666, 963, 840, 919, 929, 504, 785, 511, 580, 636, 631, 689, 535, 653, 590, 909, 909, 592, 525, 787, 785, 779, 978], [770, 888, 709, 568, 639, 578, 716, 912, 823, 617, 709, 582, 921, 693, 544, 716, 655, 935, 877, 915, 839, 506, 832, 630, 940, 772, 537, 582, 909, 771], [861, 815, 568, 852, 964, 716, 970, 699, 614, 601, 974, 714, 589, 576, 951, 526, 861, 541, 911, 853, 553, 502, 789, 675, 621, 937, 599, 836, 648, 528], [697, 766, 795, 525, 914, 578, 707, 857, 532, 772, 634, 662, 804, 616, 807, 658, 894, 920, 865, 711, 948, 633, 662, 694, 587, 614, 720, 760, 545, 692], [512, 656, 859, 625, 711, 880, 707, 710, 847, 597, 847, 868, 781, 908, 837, 500, 689, 992, 593, 724, 783, 989, 900, 993, 643, 550, 589, 634, 965, 634], [877, 680, 889, 612, 599, 727, 839, 843, 594, 996, 643, 801, 970, 508, 997, 914, 612, 529, 918, 944, 669, 638, 897, 909, 621, 975, 891, 617, 575, 508], [633, 624, 825, 712, 784, 640, 754, 513, 985, 907, 828, 835, 644, 503, 827, 743, 937, 867, 879, 634, 968, 794, 609, 812, 632, 760, 966, 664, 615, 614], [508, 955, 770, 996, 927, 911, 949, 681, 809, 708, 923, 693, 894, 626, 844, 755, 813, 737, 711, 907, 619, 916, 685, 902, 943, 981, 648, 980, 899, 969], [831, 889, 629, 622, 714, 615, 980, 749, 987, 904, 693, 873, 534, 566, 626, 976, 854, 620, 940, 852, 961, 551, 732, 960, 646, 618, 753, 741, 930, 812], [823, 521, 948, 992, 581, 720, 740, 545, 763, 727, 703, 812, 893, 862, 628, 516, 611, 547, 687, 862, 676, 754, 862, 640, 750, 741, 886, 920, 651, 666], [772, 732, 732, 536, 910, 804, 995, 673, 727, 805, 589, 596, 855, 757, 996, 703, 936, 570, 782, 947, 820, 562, 555, 675, 833, 947, 883, 588, 882, 755], [627, 520, 899, 687, 837, 795, 559, 581, 848, 657, 798, 860, 959, 513, 564, 919, 567, 689, 552, 939, 593, 781, 744, 901, 961, 645, 872, 834, 910, 527], [946, 879, 890, 988, 694, 859, 502, 548, 510, 685, 962, 935, 936, 806, 979, 727, 564, 627, 817, 534, 971, 911, 546, 734, 925, 562, 844, 799, 855, 564], [567, 790, 888, 803, 797, 889, 577, 981, 776, 763, 869, 583, 608, 842, 665, 548, 991, 901, 600, 511, 798, 508, 750, 722, 656, 969, 875, 560, 794, 848], [801, 709, 975, 793, 953, 592, 552, 744, 876, 773, 834, 564, 787, 847, 802, 869, 992, 678, 543, 796, 629, 561, 867, 918, 800, 913, 514, 826, 781, 538], [969, 771, 604, 983, 631, 920, 660, 887, 978, 723, 680, 636, 621, 976, 678, 895, 938, 524, 678, 544, 864, 656, 743, 606, 654, 896, 893, 566, 642, 541], [752, 633, 845, 524, 959, 739, 831, 708, 937, 578, 961, 805, 583, 842, 704, 589, 850, 819, 892, 864, 723, 646, 896, 574, 673, 588, 753, 978, 724, 920], [825, 917, 858, 730, 900, 520, 709, 731, 850, 947, 949, 580, 772, 987, 749, 731, 702, 516, 732, 638, 935, 716, 967, 501, 704, 802, 922, 770, 809, 891], [699, 517, 787, 523, 929, 992, 564, 719, 949, 871, 852, 691, 536, 520, 883, 747, 905, 853, 611, 691, 545, 711, 598, 512, 616, 885, 933, 715, 527, 645], [774, 925, 754, 553, 600, 839, 738, 888, 933, 812, 707, 545, 588, 504, 883, 657, 531, 550, 752, 965, 765, 785, 933, 959, 508, 855, 665, 515, 706, 654], [568, 863, 603, 747, 511, 984, 656, 784, 571, 813, 926, 932, 778, 854, 806, 569, 804, 795, 734, 737, 826, 744, 660, 676, 859, 726, 739, 957, 679, 821], [974, 607, 519, 655, 995, 825, 904, 560, 980, 912, 644, 927, 863, 622, 532, 903, 690, 994, 540, 744, 579, 978, 759, 653, 899, 957, 520, 509, 617, 835], [928, 844, 992, 666, 733, 849, 774, 919, 587, 505, 765, 502, 653, 889, 676, 984, 842, 691, 724, 527, 680, 531, 626, 570, 650, 741, 809, 763, 797, 905], [798, 638, 667, 938, 895, 549, 628, 524, 803, 810, 981, 845, 507, 729, 856, 801, 845, 834, 659, 990, 503, 881, 863, 935, 825, 552, 688, 734, 867, 572], [742, 909, 879, 900, 904, 838, 800, 804, 841, 754, 548, 618, 702, 822, 566, 816, 792, 794, 774, 783, 946, 883, 850, 650, 542, 549, 963, 866, 647, 609], [911, 715, 628, 781, 604, 539, 785, 727, 977, 546, 887, 636, 894, 792, 591, 564, 565, 909, 688, 955, 560, 971, 738, 982, 607, 890, 878, 517, 580, 943], [589, 675, 727, 832, 510, 891, 647, 964, 509, 573, 517, 815, 678, 650, 513, 885, 683, 852, 738, 964, 686, 673, 878, 744, 995, 619, 658, 900, 638, 685], [859, 952, 618, 906, 868, 838, 892, 982, 898, 906, 849, 798, 828, 764, 812, 875, 628, 797, 673, 829, 619, 510, 915, 627, 585, 597, 544, 579, 560, 611], [552, 562, 715, 646, 701, 597, 941, 546, 917, 640, 580, 584, 606, 578, 571, 976, 866, 616, 795, 838, 830, 530, 757, 697, 805, 557, 967, 676, 867, 687], [828, 537, 769, 586, 540, 799, 742, 728, 728, 924, 781, 916, 589, 607, 785, 582, 863, 726, 716, 724, 886, 974, 652, 838, 791, 975, 867, 695, 983, 943]]
Variable production cost per unit of each product in each period p: 
[[11, 12, 10, 11, 12, 13, 12, 11, 13, 13, 12, 11, 11, 11, 12, 12, 10, 13, 11, 11, 13, 13, 12, 13, 10, 10, 12, 11, 10, 13], [13, 13, 10, 13, 13, 13, 11, 11, 13, 11, 12, 13, 10, 12, 13, 12, 10, 13, 13, 13, 10, 13, 11, 10, 13, 10, 11, 11, 10, 10], [11, 11, 12, 13, 13, 11, 10, 12, 13, 11, 11, 13, 11, 10, 11, 10, 11, 10, 11, 11, 11, 10, 13, 13, 12, 12, 11, 12, 11, 12], [13, 12, 12, 10, 10, 12, 10, 10, 13, 11, 11, 11, 11, 13, 11, 11, 13, 10, 10, 12, 12, 11, 11, 13, 11, 11, 11, 12, 10, 10], [13, 10, 11, 13, 13, 12, 10, 10, 13, 13, 13, 11, 13, 13, 11, 10, 10, 10, 10, 12, 13, 13, 10, 13, 12, 13, 13, 10, 11, 11], [10, 13, 13, 11, 10, 10, 10, 11, 11, 11, 11, 10, 13, 12, 12, 12, 13, 12, 10, 11, 13, 13, 10, 12, 11, 13, 12, 13, 10, 13], [10, 10, 11, 11, 12, 13, 11, 12, 13, 11, 12, 13, 11, 10, 10, 12, 10, 13, 12, 12, 10, 10, 13, 13, 11, 13, 10, 12, 13, 12], [11, 11, 11, 13, 12, 13, 13, 11, 11, 10, 13, 13, 11, 10, 12, 10, 11, 10, 12, 12, 13, 11, 11, 11, 11, 11, 10, 13, 10, 10], [10, 13, 13, 13, 13, 11, 12, 13, 11, 12, 13, 10, 11, 11, 13, 11, 11, 12, 12, 12, 11, 13, 10, 12, 10, 10, 11, 12, 13, 10], [11, 11, 13, 13, 10, 12, 13, 11, 11, 10, 11, 10, 10, 13, 13, 13, 10, 11, 12, 13, 11, 13, 12, 13, 11, 12, 11, 11, 13, 12], [13, 10, 10, 12, 12, 13, 10, 13, 12, 11, 11, 13, 12, 12, 12, 11, 13, 10, 10, 10, 11, 12, 11, 11, 13, 12, 13, 11, 13, 13], [12, 11, 10, 11, 13, 12, 11, 12, 10, 10, 10, 12, 13, 13, 13, 11, 13, 13, 13, 12, 11, 10, 12, 11, 10, 11, 10, 13, 11, 12], [10, 10, 10, 11, 10, 12, 10, 13, 11, 11, 12, 11, 10, 13, 13, 13, 11, 13, 13, 10, 11, 12, 13, 11, 13, 11, 10, 10, 13, 13], [11, 13, 13, 10, 12, 13, 11, 10, 12, 11, 12, 12, 13, 12, 11, 11, 10, 13, 10, 10, 11, 11, 11, 10, 12, 11, 13, 13, 12, 10], [11, 10, 10, 10, 11, 10, 12, 13, 11, 12, 13, 11, 13, 13, 11, 12, 12, 11, 13, 12, 10, 13, 13, 13, 13, 13, 12, 13, 11, 10], [12, 11, 10, 13, 12, 13, 11, 13, 11, 10, 11, 11, 11, 10, 10, 11, 13, 10, 10, 11, 11, 12, 11, 10, 11, 13, 12, 12, 13, 13], [12, 11, 13, 12, 10, 10, 10, 12, 12, 11, 13, 12, 10, 13, 12, 12, 11, 12, 11, 10, 11, 12, 10, 11, 13, 12, 10, 13, 12, 13], [11, 10, 12, 12, 13, 12, 13, 10, 10, 12, 10, 10, 11, 11, 10, 10, 10, 10, 10, 11, 12, 11, 10, 11, 11, 12, 13, 13, 10, 12], [11, 10, 10, 13, 11, 13, 11, 13, 12, 10, 11, 13, 13, 12, 12, 11, 10, 12, 11, 11, 10, 12, 13, 12, 13, 12, 13, 10, 10, 13], [13, 11, 12, 11, 12, 10, 11, 12, 13, 11, 12, 10, 13, 13, 13, 13, 10, 11, 13, 10, 13, 10, 12, 11, 10, 13, 13, 13, 13, 10], [11, 12, 11, 13, 12, 10, 11, 11, 10, 12, 12, 12, 11, 13, 13, 12, 11, 13, 13, 11, 10, 13, 10, 13, 12, 11, 13, 11, 13, 12], [10, 12, 10, 11, 13, 11, 12, 11, 10, 12, 11, 10, 12, 13, 12, 12, 10, 10, 13, 12, 10, 10, 12, 10, 12, 13, 10, 12, 11, 10], [11, 11, 10, 11, 13, 12, 10, 13, 13, 11, 13, 10, 11, 12, 13, 11, 12, 12, 12, 10, 13, 10, 12, 12, 10, 13, 11, 13, 11, 13], [12, 12, 13, 13, 12, 12, 13, 11, 10, 11, 11, 12, 11, 11, 10, 12, 13, 11, 11, 13, 10, 13, 13, 12, 13, 13, 10, 11, 12, 12], [12, 11, 10, 11, 12, 13, 13, 13, 10, 12, 13, 12, 11, 10, 12, 12, 11, 10, 12, 10, 10, 10, 10, 10, 12, 11, 10, 10, 11, 10], [13, 10, 11, 10, 10, 11, 12, 12, 13, 11, 10, 13, 10, 13, 11, 12, 13, 11, 10, 12, 11, 10, 10, 12, 13, 10, 12, 13, 12, 13], [11, 10, 10, 12, 12, 12, 13, 12, 11, 13, 10, 10, 10, 11, 12, 11, 10, 10, 12, 10, 13, 10, 11, 13, 12, 10, 12, 11, 11, 12], [11, 11, 10, 13, 12, 13, 11, 10, 13, 12, 11, 13, 11, 10, 11, 12, 13, 12, 13, 12, 12, 13, 12, 11, 12, 10, 13, 13, 11, 11], [13, 13, 11, 11, 11, 13, 13, 12, 11, 11, 10, 13, 12, 10, 11, 11, 13, 12, 10, 10, 10, 13, 11, 12, 13, 11, 12, 11, 11, 13], [11, 10, 12, 10, 11, 11, 13, 11, 13, 13, 12, 12, 11, 12, 12, 13, 11, 12, 11, 10, 13, 11, 12, 11, 11, 11, 10, 11, 11, 12], [11, 10, 11, 10, 10, 10, 13, 12, 13, 10, 12, 10, 13, 10, 13, 12, 10, 13, 10, 11, 11, 11, 10, 12, 11, 12, 12, 12, 10, 11], [10, 12, 13, 13, 10, 11, 13, 13, 10, 12, 10, 12, 13, 13, 12, 10, 10, 12, 10, 11, 10, 13, 10, 13, 10, 13, 11, 13, 10, 10], [12, 12, 13, 12, 13, 10, 13, 13, 11, 10, 11, 13, 10, 13, 10, 10, 10, 11, 12, 12, 11, 12, 12, 12, 12, 12, 12, 11, 10, 11], [12, 10, 11, 11, 10, 13, 12, 10, 12, 13, 13, 11, 10, 11, 10, 12, 11, 12, 11, 13, 13, 13, 11, 10, 11, 13, 11, 11, 11, 12], [10, 11, 13, 13, 10, 13, 12, 13, 13, 11, 11, 13, 13, 10, 11, 13, 12, 11, 10, 13, 11, 13, 10, 10, 12, 10, 10, 10, 10, 13], [11, 11, 13, 13, 12, 11, 11, 13, 12, 13, 11, 10, 12, 10, 12, 12, 12, 10, 10, 11, 13, 10, 13, 10, 11, 10, 10, 10, 10, 12], [10, 11, 11, 12, 13, 11, 13, 10, 10, 12, 11, 12, 12, 13, 12, 11, 13, 12, 12, 11, 13, 12, 13, 10, 13, 12, 13, 11, 11, 11], [11, 10, 13, 12, 11, 10, 13, 13, 11, 11, 12, 12, 11, 11, 12, 10, 12, 12, 10, 12, 10, 12, 10, 12, 12, 13, 12, 10, 11, 11], [12, 13, 11, 11, 11, 10, 13, 12, 13, 13, 11, 11, 10, 12, 10, 13, 13, 12, 11, 11, 10, 11, 10, 11, 10, 10, 12, 11, 10, 13], [12, 10, 13, 12, 13, 12, 13, 11, 11, 12, 13, 10, 11, 10, 12, 10, 10, 12, 13, 12, 10, 11, 10, 13, 10, 12, 12, 13, 12, 11]]
Inventory holding cost per unit of each product by the end of each period h: 
[[7, 8, 6, 5, 8, 5, 7, 6, 5, 6, 9, 9, 8, 6, 6, 5, 6, 5, 9, 7, 8, 5, 7, 5, 9, 7, 8, 5, 7, 5], [8, 9, 7, 8, 5, 6, 7, 7, 9, 7, 5, 7, 5, 9, 8, 6, 7, 7, 5, 6, 8, 5, 8, 8, 7, 5, 6, 8, 6, 9], [5, 6, 7, 6, 5, 9, 6, 8, 6, 7, 7, 7, 6, 8, 5, 7, 8, 5, 5, 5, 6, 8, 6, 8, 7, 5, 8, 9, 5, 9], [7, 8, 7, 6, 9, 8, 5, 7, 7, 7, 9, 9, 6, 9, 5, 8, 9, 5, 7, 8, 7, 9, 5, 9, 8, 5, 6, 9, 8, 6], [6, 8, 9, 7, 6, 9, 8, 7, 9, 8, 8, 9, 6, 8, 9, 5, 5, 6, 5, 9, 9, 9, 5, 8, 8, 5, 6, 8, 8, 9], [6, 5, 7, 7, 6, 6, 9, 8, 9, 7, 5, 9, 7, 7, 7, 5, 9, 8, 8, 7, 9, 7, 8, 6, 5, 9, 6, 6, 5, 7], [6, 6, 5, 5, 9, 7, 7, 8, 5, 8, 9, 7, 5, 8, 5, 5, 6, 8, 9, 8, 6, 8, 8, 9, 8, 6, 9, 9, 8, 5], [7, 8, 9, 5, 6, 9, 5, 8, 9, 8, 8, 9, 8, 7, 5, 8, 6, 7, 7, 8, 9, 9, 9, 9, 7, 5, 9, 8, 6, 7], [8, 5, 7, 6, 5, 5, 9, 5, 8, 9, 5, 8, 9, 8, 5, 7, 6, 5, 7, 8, 8, 9, 8, 6, 9, 8, 7, 7, 9, 8], [7, 5, 9, 6, 9, 5, 9, 7, 5, 5, 7, 8, 7, 9, 5, 8, 8, 5, 6, 7, 7, 5, 9, 5, 7, 9, 6, 8, 9, 7], [8, 9, 9, 8, 5, 5, 7, 7, 7, 5, 9, 7, 8, 9, 6, 7, 6, 7, 8, 5, 7, 6, 7, 9, 6, 7, 9, 8, 7, 6], [8, 9, 9, 6, 6, 8, 5, 7, 5, 5, 5, 8, 8, 8, 6, 7, 9, 6, 6, 5, 5, 5, 6, 9, 7, 6, 8, 8, 9, 9], [8, 5, 8, 7, 6, 9, 9, 6, 9, 7, 9, 5, 8, 7, 7, 7, 9, 9, 7, 7, 5, 8, 7, 7, 6, 8, 9, 5, 9, 7], [9, 8, 9, 8, 6, 5, 7, 8, 8, 6, 8, 6, 9, 5, 9, 9, 8, 8, 6, 7, 6, 6, 5, 9, 8, 8, 8, 7, 8, 5], [5, 5, 6, 7, 9, 8, 5, 9, 9, 7, 5, 6, 8, 7, 7, 8, 9, 9, 6, 5, 6, 5, 8, 8, 5, 5, 5, 6, 9, 6], [5, 7, 6, 8, 6, 7, 8, 9, 7, 8, 6, 5, 9, 7, 5, 9, 5, 9, 7, 8, 7, 5, 7, 6, 9, 9, 7, 5, 7, 8], [9, 5, 5, 8, 6, 9, 5, 8, 8, 5, 7, 7, 7, 6, 7, 6, 8, 7, 9, 9, 9, 6, 5, 5, 6, 5, 9, 5, 7, 7], [6, 5, 5, 5, 9, 8, 8, 9, 7, 8, 7, 6, 9, 8, 5, 9, 9, 7, 8, 6, 5, 7, 7, 6, 9, 9, 9, 5, 7, 8], [6, 6, 7, 6, 6, 7, 8, 9, 7, 6, 7, 8, 6, 7, 7, 8, 7, 6, 9, 5, 5, 9, 9, 9, 7, 8, 6, 9, 5, 5], [7, 5, 5, 9, 6, 9, 9, 7, 8, 5, 9, 5, 7, 5, 6, 5, 6, 8, 6, 6, 6, 8, 9, 8, 8, 9, 5, 8, 5, 5], [6, 9, 7, 9, 7, 6, 6, 7, 9, 8, 9, 6, 8, 9, 7, 8, 5, 6, 7, 8, 8, 5, 7, 5, 5, 6, 9, 7, 8, 9], [8, 8, 5, 9, 6, 8, 5, 7, 9, 8, 5, 6, 5, 5, 5, 8, 6, 9, 8, 5, 7, 9, 8, 9, 7, 6, 8, 6, 7, 8], [5, 9, 9, 9, 9, 5, 7, 7, 5, 5, 5, 9, 8, 9, 5, 6, 7, 5, 7, 9, 8, 5, 9, 5, 8, 5, 8, 6, 8, 6], [6, 9, 6, 7, 5, 8, 6, 5, 5, 8, 5, 6, 8, 6, 6, 6, 9, 9, 6, 5, 5, 6, 7, 7, 7, 5, 5, 9, 8, 9], [9, 6, 7, 6, 9, 7, 8, 6, 7, 6, 9, 6, 7, 8, 7, 5, 6, 5, 7, 7, 8, 9, 5, 6, 6, 6, 5, 6, 8, 8], [8, 7, 9, 6, 5, 7, 8, 8, 5, 5, 8, 9, 8, 9, 5, 7, 9, 6, 8, 7, 5, 8, 8, 9, 7, 7, 7, 9, 6, 7], [9, 7, 9, 6, 6, 8, 6, 5, 6, 8, 9, 9, 8, 8, 6, 8, 6, 8, 5, 8, 5, 7, 5, 6, 5, 5, 7, 7, 5, 6], [9, 8, 7, 9, 6, 8, 9, 9, 7, 6, 6, 5, 6, 9, 6, 5, 8, 5, 5, 7, 5, 5, 9, 9, 7, 7, 8, 5, 6, 6], [6, 9, 9, 5, 7, 9, 8, 9, 9, 7, 9, 6, 8, 8, 7, 7, 7, 5, 9, 8, 6, 9, 8, 9, 6, 6, 5, 5, 7, 6], [9, 7, 5, 7, 9, 8, 8, 7, 5, 7, 8, 5, 6, 7, 7, 5, 7, 6, 9, 9, 6, 5, 8, 5, 5, 9, 5, 6, 5, 5], [7, 7, 7, 7, 8, 5, 5, 7, 5, 5, 5, 5, 6, 5, 7, 8, 9, 5, 6, 5, 6, 9, 7, 5, 6, 8, 8, 6, 6, 6], [7, 5, 5, 9, 5, 8, 5, 9, 7, 7, 9, 8, 6, 5, 6, 8, 8, 5, 5, 8, 7, 6, 5, 5, 9, 5, 7, 7, 5, 9], [8, 8, 9, 8, 9, 8, 9, 7, 5, 8, 8, 7, 8, 7, 6, 7, 9, 5, 8, 7, 6, 8, 7, 6, 8, 8, 6, 5, 7, 6], [5, 9, 9, 5, 7, 8, 7, 5, 8, 8, 6, 6, 5, 8, 9, 9, 7, 8, 8, 9, 6, 6, 5, 8, 8, 8, 8, 5, 6, 5], [6, 9, 8, 6, 6, 8, 9, 5, 8, 9, 5, 6, 8, 5, 5, 5, 5, 5, 6, 5, 5, 6, 7, 5, 8, 8, 7, 8, 5, 9], [8, 9, 7, 8, 8, 5, 8, 9, 5, 6, 5, 5, 8, 5, 7, 5, 6, 7, 6, 9, 7, 7, 5, 6, 8, 8, 8, 6, 7, 9], [8, 8, 5, 5, 7, 5, 8, 9, 8, 9, 9, 8, 6, 9, 9, 9, 8, 7, 7, 6, 9, 7, 9, 5, 6, 5, 6, 8, 9, 9], [9, 6, 9, 6, 8, 5, 8, 5, 5, 6, 9, 9, 9, 9, 9, 6, 9, 7, 6, 7, 5, 6, 7, 8, 6, 5, 8, 8, 9, 9], [7, 6, 5, 8, 6, 7, 9, 6, 6, 7, 6, 9, 7, 9, 6, 5, 7, 8, 5, 7, 7, 7, 8, 7, 7, 5, 6, 9, 9, 8], [7, 9, 7, 9, 6, 7, 8, 5, 6, 5, 7, 6, 7, 9, 5, 8, 7, 7, 9, 7, 7, 7, 6, 8, 9, 9, 9, 7, 6, 5]]
Demand for each product in each period d: 
[[23, 27, 44, 44, 48, 46, 18, 19, 31, 43, 38, 27, 21, 0, 5, 36, 17, 30, 32, 11, 33, 0, 40, 0, 37, 16, 37, 33, 36, 38], [10, 7, 23, 28, 24, 30, 8, 13, 8, 25, 21, 12, 23, 8, 11, 12, 25, 20, 34, 21, 35, 21, 36, 31, 0, 37, 16, 39, 26, 39], [17, 3, 25, 2, 6, 34, 0, 40, 43, 45, 45, 5, 0, 28, 0, 7, 5, 0, 14, 36, 4, 27, 16, 43, 36, 48, 22, 14, 28, 41], [39, 27, 12, 34, 0, 40, 7, 1, 26, 35, 19, 38, 21, 28, 4, 14, 29, 36, 0, 24, 23, 3, 4, 16, 46, 0, 46, 41, 27, 48], [11, 10, 34, 37, 44, 41, 32, 38, 29, 22, 42, 7, 38, 48, 36, 35, 22, 33, 46, 36, 23, 0, 4, 41, 2, 32, 16, 0, 40, 27], [0, 25, 3, 12, 28, 47, 33, 0, 25, 23, 11, 41, 36, 6, 20, 29, 3, 29, 32, 8, 0, 4, 35, 35, 23, 35, 16, 13, 31, 12], [17, 0, 25, 24, 44, 45, 0, 33, 38, 0, 10, 16, 0, 47, 45, 49, 47, 24, 34, 0, 9, 3, 37, 42, 16, 21, 25, 4, 8, 0], [45, 19, 28, 13, 46, 17, 25, 43, 36, 21, 11, 37, 33, 41, 28, 30, 24, 34, 27, 32, 6, 27, 9, 43, 35, 18, 44, 38, 22, 3], [1, 21, 49, 17, 32, 26, 39, 45, 6, 34, 0, 0, 0, 20, 24, 36, 23, 38, 7, 33, 46, 21, 45, 44, 13, 42, 41, 11, 20, 45], [42, 42, 13, 49, 31, 10, 19, 9, 2, 42, 9, 43, 9, 19, 0, 9, 21, 11, 20, 45, 33, 30, 25, 41, 6, 4, 45, 12, 31, 11], [49, 22, 16, 9, 36, 17, 16, 0, 15, 15, 4, 18, 40, 14, 43, 43, 18, 0, 1, 17, 11, 17, 48, 37, 22, 30, 46, 13, 42, 47], [0, 13, 11, 20, 22, 9, 10, 45, 28, 9, 25, 36, 30, 3, 33, 16, 5, 13, 22, 8, 32, 29, 9, 8, 18, 5, 13, 48, 1, 44], [21, 26, 15, 38, 12, 18, 11, 24, 20, 6, 45, 10, 47, 3, 11, 8, 29, 33, 31, 1, 0, 7, 15, 31, 30, 8, 34, 40, 19, 17], [42, 45, 27, 4, 3, 5, 30, 1, 7, 41, 2, 46, 4, 6, 41, 11, 2, 48, 36, 27, 33, 0, 2, 0, 42, 48, 46, 16, 9, 31], [16, 41, 5, 14, 11, 7, 4, 19, 10, 6, 11, 48, 40, 48, 42, 29, 47, 11, 1, 19, 4, 10, 16, 14, 19, 27, 28, 30, 41, 34], [12, 16, 18, 12, 10, 0, 5, 0, 24, 4, 12, 0, 43, 29, 40, 0, 4, 47, 32, 0, 40, 18, 36, 41, 41, 31, 43, 5, 22, 47], [32, 9, 1, 28, 2, 13, 17, 34, 26, 47, 5, 36, 38, 26, 2, 37, 24, 0, 41, 2, 2, 0, 31, 0, 44, 38, 24, 14, 24, 26], [25, 15, 0, 46, 18, 12, 30, 17, 33, 41, 12, 34, 27, 34, 7, 10, 2, 33, 32, 5, 36, 12, 27, 0, 36, 5, 23, 10, 17, 49], [49, 8, 21, 28, 14, 40, 19, 22, 4, 2, 23, 32, 17, 4, 46, 23, 32, 45, 12, 28, 43, 30, 40, 2, 42, 48, 32, 19, 13, 30], [2, 17, 25, 19, 35, 44, 5, 16, 44, 34, 18, 11, 41, 47, 17, 0, 25, 42, 17, 7, 4, 3, 0, 35, 49, 24, 33, 10, 30, 10], [17, 37, 43, 23, 17, 32, 8, 16, 25, 24, 0, 22, 45, 33, 47, 26, 28, 24, 12, 5, 9, 11, 6, 10, 4, 9, 3, 35, 38, 0], [3, 10, 29, 17, 41, 7, 41, 23, 11, 17, 26, 41, 15, 4, 20, 21, 8, 0, 30, 45, 30, 4, 1, 40, 37, 14, 14, 22, 8, 3], [4, 32, 22, 44, 0, 9, 46, 34, 40, 46, 35, 2, 38, 23, 26, 33, 6, 47, 27, 20, 0, 45, 48, 42, 2, 37, 12, 35, 33, 10], [4, 27, 29, 33, 49, 0, 21, 36, 5, 0, 21, 11, 9, 46, 0, 1, 48, 14, 36, 24, 23, 43, 42, 37, 31, 21, 30, 45, 34, 30], [5, 42, 2, 16, 0, 18, 30, 8, 19, 48, 14, 34, 2, 11, 38, 22, 26, 43, 18, 17, 16, 22, 34, 38, 33, 36, 26, 11, 33, 40], [6, 15, 2, 31, 5, 30, 16, 17, 15, 4, 48, 5, 41, 48, 19, 39, 17, 47, 33, 32, 18, 9, 33, 6, 27, 49, 14, 46, 28, 4], [20, 49, 35, 43, 34, 6, 15, 29, 49, 30, 14, 49, 18, 18, 36, 15, 39, 49, 44, 48, 20, 0, 0, 0, 10, 48, 2, 10, 2, 21], [11, 42, 47, 24, 11, 41, 23, 28, 19, 25, 19, 45, 24, 7, 15, 39, 11, 25, 28, 1, 6, 18, 42, 3, 37, 47, 10, 0, 46, 47], [16, 36, 21, 0, 14, 1, 34, 49, 8, 7, 32, 28, 43, 26, 14, 12, 43, 27, 47, 3, 34, 27, 19, 12, 16, 23, 10, 23, 1, 26], [4, 38, 19, 24, 32, 30, 14, 5, 39, 35, 9, 1, 33, 18, 42, 2, 17, 5, 47, 41, 41, 0, 4, 18, 5, 0, 31, 22, 49, 10], [47, 0, 11, 5, 37, 31, 47, 21, 27, 34, 18, 8, 34, 8, 41, 45, 0, 37, 10, 16, 0, 9, 0, 4, 7, 7, 10, 24, 49, 26], [20, 21, 0, 21, 21, 34, 23, 2, 34, 30, 34, 17, 19, 0, 48, 23, 19, 19, 2, 48, 2, 20, 39, 40, 29, 20, 8, 8, 6, 28], [4, 28, 37, 39, 0, 41, 16, 0, 15, 32, 0, 42, 16, 37, 43, 4, 26, 45, 15, 16, 1, 7, 0, 39, 0, 37, 32, 35, 43, 10], [0, 22, 34, 49, 26, 12, 3, 37, 1, 16, 0, 10, 8, 12, 16, 4, 22, 23, 0, 37, 16, 34, 28, 30, 21, 4, 19, 10, 12, 0], [7, 33, 2, 41, 32, 0, 6, 43, 43, 15, 0, 44, 13, 31, 4, 11, 7, 45, 41, 39, 43, 0, 23, 3, 41, 0, 42, 17, 23, 5], [24, 35, 19, 0, 42, 1, 39, 11, 10, 10, 22, 16, 0, 23, 16, 0, 48, 0, 12, 26, 0, 0, 0, 36, 13, 43, 7, 26, 35, 49], [9, 48, 5, 42, 20, 46, 12, 28, 0, 13, 23, 4, 21, 17, 43, 16, 10, 18, 30, 6, 13, 37, 23, 6, 47, 12, 43, 4, 22, 16], [49, 14, 31, 44, 10, 8, 30, 46, 24, 4, 46, 15, 39, 40, 0, 31, 2, 46, 33, 36, 14, 1, 31, 0, 35, 47, 44, 0, 39, 48], [17, 13, 0, 38, 17, 40, 42, 47, 2, 21, 22, 32, 39, 0, 40, 23, 28, 38, 16, 38, 3, 45, 5, 10, 45, 36, 47, 24, 28, 5], [41, 11, 27, 16, 47, 27, 5, 5, 0, 4, 35, 16, 18, 17, 10, 17, 29, 17, 11, 33, 30, 21, 29, 1, 11, 10, 0, 12, 32, 6]]
Maintenance cost in each period m: 
[46741, 46545, 45997, 46794, 44879, 44449, 46113, 45466, 46301, 43466, 44726, 45500, 45322, 43535, 43228, 43740, 46882, 45407, 46670, 43909, 45406, 43798, 46283, 44020, 43268, 43744, 43223, 45801, 44339, 46016]
Maximum capacity of the machine cmax: 
1680