Set of periods in the planning horizon T: 
45
Set of products P: 
60
Capacity reduction coefficient alpha: 
0.8
Relative decrease of capacity per set up gamma: 
0.4
Capacity reduction coefficient due to product types beta: 
[0.33, 0.32, 0.24, 0.26, 0.35, 0.25, 0.3, 0.37, 0.31, 0.26, 0.24, 0.29, 0.31, 0.32, 0.2, 0.34, 0.3, 0.37, 0.31, 0.3, 0.31, 0.37, 0.35, 0.33, 0.22, 0.38, 0.25, 0.32, 0.31, 0.29, 0.25, 0.25, 0.37, 0.27, 0.21, 0.35, 0.32, 0.21, 0.37, 0.31, 0.36, 0.34, 0.35, 0.28, 0.26, 0.26, 0.27, 0.25, 0.39, 0.26, 0.28, 0.35, 0.24, 0.35, 0.34, 0.26, 0.35, 0.34, 0.35, 0.28]
Fixed production cost of each product in each period f: 
[[845, 890, 535, 514, 586, 589, 938, 505, 933, 598, 665, 983, 740, 745, 641, 769, 884, 943, 542, 711, 948, 587, 889, 523, 777, 838, 641, 790, 781, 757, 853, 678, 714, 873, 684, 679, 685, 853, 615, 592, 580, 524, 816, 950, 924], [547, 960, 632, 630, 549, 985, 642, 612, 685, 739, 944, 588, 717, 678, 537, 860, 510, 717, 600, 904, 890, 919, 746, 754, 504, 741, 591, 662, 573, 521, 882, 822, 650, 700, 525, 693, 558, 883, 679, 999, 984, 615, 593, 810, 958], [714, 829, 897, 639, 541, 753, 827, 556, 864, 590, 697, 650, 895, 687, 645, 947, 756, 780, 612, 782, 855, 767, 868, 628, 847, 867, 805, 638, 555, 881, 614, 521, 770, 555, 588, 693, 583, 803, 514, 771, 683, 743, 899, 670, 533], [580, 595, 869, 582, 836, 583, 716, 805, 815, 895, 730, 908, 555, 611, 855, 857, 740, 626, 905, 828, 562, 599, 782, 921, 684, 758, 900, 572, 509, 713, 900, 738, 588, 646, 569, 635, 752, 549, 563, 628, 766, 645, 709, 747, 799], [774, 903, 665, 754, 786, 840, 933, 849, 504, 943, 558, 617, 868, 548, 814, 788, 553, 544, 722, 922, 897, 836, 873, 835, 551, 559, 663, 963, 702, 849, 580, 781, 519, 511, 760, 888, 637, 650, 533, 602, 527, 689, 549, 950, 757], [509, 837, 574, 862, 563, 952, 709, 919, 654, 515, 849, 554, 969, 736, 596, 598, 909, 631, 752, 793, 616, 695, 800, 997, 862, 599, 573, 573, 869, 936, 614, 677, 582, 640, 939, 925, 794, 641, 675, 768, 535, 866, 988, 818, 955], [603, 511, 802, 647, 875, 723, 891, 538, 868, 799, 541, 630, 927, 683, 599, 574, 833, 849, 645, 552, 566, 594, 692, 675, 950, 787, 646, 632, 814, 724, 826, 994, 946, 760, 917, 618, 575, 674, 906, 707, 517, 842, 754, 624, 710], [554, 721, 718, 634, 904, 640, 536, 892, 505, 880, 626, 835, 950, 942, 692, 712, 598, 840, 896, 773, 808, 994, 559, 556, 689, 865, 766, 733, 592, 683, 912, 540, 564, 900, 640, 525, 866, 505, 964, 635, 886, 915, 576, 645, 872], [655, 770, 958, 768, 604, 906, 754, 568, 781, 530, 996, 546, 852, 796, 743, 707, 721, 721, 697, 667, 852, 811, 817, 636, 985, 755, 509, 519, 921, 527, 602, 611, 998, 906, 792, 685, 915, 878, 799, 532, 989, 649, 957, 519, 514], [898, 573, 663, 583, 589, 895, 879, 657, 713, 777, 583, 840, 670, 500, 675, 531, 906, 629, 931, 606, 730, 936, 594, 545, 531, 893, 986, 894, 734, 604, 551, 983, 716, 990, 836, 952, 935, 745, 698, 805, 899, 696, 778, 881, 528], [952, 687, 727, 644, 546, 670, 848, 729, 885, 949, 910, 701, 941, 879, 525, 649, 563, 729, 967, 998, 743, 615, 786, 970, 985, 841, 691, 587, 601, 642, 555, 629, 972, 505, 590, 820, 576, 597, 878, 751, 581, 820, 710, 904, 879], [623, 959, 877, 853, 638, 673, 693, 624, 772, 532, 516, 999, 644, 611, 764, 659, 614, 583, 820, 953, 935, 628, 781, 782, 634, 567, 538, 711, 504, 953, 541, 980, 660, 940, 586, 878, 937, 749, 628, 700, 588, 953, 902, 681, 511], [831, 606, 892, 743, 677, 715, 699, 955, 687, 799, 682, 593, 607, 703, 556, 630, 734, 527, 876, 668, 832, 803, 752, 876, 750, 628, 503, 946, 959, 863, 948, 597, 802, 698, 937, 999, 674, 564, 683, 678, 508, 502, 737, 646, 721], [874, 857, 743, 551, 667, 532, 822, 760, 634, 840, 503, 859, 839, 983, 697, 869, 735, 975, 745, 841, 538, 910, 692, 874, 636, 699, 546, 906, 744, 747, 654, 846, 963, 972, 745, 783, 727, 635, 964, 651, 542, 964, 652, 743, 887], [544, 743, 547, 801, 557, 940, 872, 678, 969, 612, 739, 652, 915, 635, 517, 947, 883, 871, 850, 894, 810, 888, 986, 907, 856, 541, 606, 790, 813, 895, 630, 977, 556, 732, 738, 859, 560, 524, 681, 603, 910, 583, 555, 865, 852], [577, 751, 647, 843, 687, 972, 895, 840, 762, 999, 526, 520, 677, 788, 765, 971, 577, 733, 906, 895, 930, 677, 813, 721, 862, 767, 819, 841, 936, 640, 717, 729, 936, 920, 981, 831, 810, 542, 815, 677, 880, 579, 702, 990, 911], [774, 516, 607, 838, 513, 931, 985, 537, 511, 971, 721, 525, 813, 706, 825, 978, 979, 980, 704, 644, 620, 768, 641, 680, 555, 660, 616, 619, 629, 630, 956, 947, 870, 992, 568, 669, 754, 732, 519, 629, 537, 644, 819, 712, 652], [697, 651, 883, 553, 800, 787, 893, 924, 860, 565, 857, 953, 915, 838, 657, 860, 818, 503, 606, 756, 882, 639, 776, 983, 813, 760, 834, 943, 565, 920, 994, 673, 778, 952, 589, 873, 867, 577, 548, 648, 690, 736, 778, 525, 595], [612, 859, 617, 638, 807, 992, 915, 518, 576, 781, 841, 762, 840, 589, 872, 576, 666, 640, 627, 888, 732, 567, 656, 588, 969, 670, 858, 657, 908, 601, 631, 999, 617, 735, 736, 558, 509, 624, 654, 858, 652, 642, 751, 945, 941], [620, 992, 973, 582, 580, 867, 921, 870, 600, 903, 567, 509, 854, 681, 583, 816, 767, 848, 577, 585, 948, 544, 659, 727, 984, 718, 967, 768, 661, 792, 878, 806, 652, 820, 785, 844, 786, 832, 541, 904, 584, 501, 545, 918, 634], [829, 576, 609, 969, 691, 867, 942, 775, 882, 892, 818, 887, 769, 862, 757, 866, 968, 782, 879, 836, 678, 929, 929, 874, 551, 909, 511, 944, 904, 813, 793, 701, 608, 677, 959, 978, 781, 997, 518, 679, 572, 924, 988, 558, 818], [685, 518, 666, 875, 751, 815, 873, 955, 958, 678, 604, 908, 634, 809, 673, 554, 915, 518, 861, 584, 694, 662, 997, 809, 684, 875, 789, 858, 852, 662, 779, 884, 743, 824, 839, 896, 943, 992, 633, 593, 779, 673, 752, 707, 612], [633, 768, 530, 793, 903, 621, 588, 764, 920, 667, 669, 602, 737, 600, 562, 902, 881, 597, 559, 770, 767, 650, 740, 648, 964, 944, 766, 556, 867, 892, 518, 617, 606, 633, 736, 800, 785, 592, 995, 784, 980, 659, 947, 855, 939], [778, 939, 530, 624, 837, 534, 866, 554, 682, 556, 678, 613, 532, 970, 991, 803, 885, 653, 945, 720, 741, 803, 555, 715, 797, 646, 516, 625, 552, 713, 605, 630, 645, 532, 723, 981, 681, 910, 833, 598, 552, 651, 942, 574, 878], [857, 570, 515, 954, 762, 676, 913, 526, 684, 643, 546, 569, 908, 754, 655, 699, 782, 690, 864, 615, 653, 712, 618, 619, 903, 598, 925, 784, 739, 916, 967, 712, 702, 810, 933, 519, 535, 943, 910, 684, 624, 946, 650, 980, 585], [816, 843, 637, 603, 558, 644, 501, 867, 567, 876, 977, 883, 708, 639, 806, 642, 915, 731, 702, 866, 733, 923, 911, 600, 795, 708, 780, 883, 659, 794, 971, 675, 602, 619, 883, 842, 868, 722, 913, 648, 563, 962, 723, 612, 683], [577, 875, 814, 622, 649, 508, 870, 773, 818, 736, 863, 842, 560, 701, 804, 898, 846, 699, 997, 857, 760, 777, 896, 888, 958, 882, 783, 952, 882, 527, 559, 659, 774, 648, 801, 618, 992, 807, 522, 677, 631, 708, 507, 690, 782], [590, 732, 694, 884, 674, 741, 742, 817, 612, 788, 652, 970, 791, 671, 995, 668, 654, 857, 709, 750, 794, 632, 903, 550, 578, 707, 810, 808, 834, 929, 917, 805, 610, 696, 616, 577, 851, 924, 853, 679, 981, 722, 942, 822, 801], [685, 984, 801, 512, 956, 773, 872, 638, 913, 987, 965, 929, 694, 999, 819, 973, 629, 675, 936, 946, 779, 943, 877, 675, 725, 638, 720, 948, 629, 994, 830, 672, 799, 748, 952, 775, 748, 737, 830, 686, 839, 790, 990, 553, 934], [924, 876, 557, 923, 988, 595, 773, 960, 908, 859, 685, 622, 546, 934, 802, 533, 582, 560, 618, 767, 645, 890, 527, 698, 888, 630, 822, 924, 524, 575, 623, 755, 639, 824, 733, 580, 537, 994, 583, 928, 980, 717, 674, 656, 698], [937, 987, 807, 500, 680, 737, 823, 578, 842, 992, 737, 760, 869, 839, 536, 770, 658, 818, 592, 924, 578, 733, 879, 953, 795, 722, 888, 725, 671, 984, 543, 734, 886, 839, 915, 918, 620, 638, 824, 827, 775, 622, 677, 838, 852], [859, 872, 833, 500, 568, 620, 678, 740, 797, 900, 753, 704, 609, 893, 864, 752, 506, 834, 750, 712, 799, 900, 801, 604, 992, 679, 856, 940, 657, 760, 940, 892, 555, 849, 636, 822, 781, 559, 563, 698, 892, 557, 550, 884, 632], [600, 978, 853, 562, 726, 714, 870, 700, 842, 867, 982, 630, 979, 659, 512, 520, 563, 720, 715, 868, 669, 661, 841, 701, 505, 594, 793, 833, 500, 606, 614, 882, 604, 797, 665, 734, 923, 612, 867, 702, 690, 903, 981, 522, 962], [743, 881, 921, 999, 518, 871, 907, 795, 658, 640, 716, 689, 957, 713, 500, 717, 747, 808, 579, 778, 501, 626, 979, 508, 877, 794, 699, 693, 699, 601, 718, 789, 974, 960, 641, 517, 824, 549, 949, 716, 800, 983, 744, 535, 928], [520, 686, 920, 829, 697, 673, 559, 794, 835, 908, 633, 765, 678, 976, 931, 551, 588, 550, 765, 586, 984, 813, 950, 982, 971, 900, 727, 814, 832, 716, 786, 960, 568, 847, 898, 781, 569, 839, 538, 996, 933, 646, 662, 790, 755], [768, 857, 520, 667, 673, 687, 654, 523, 951, 938, 903, 594, 559, 667, 705, 685, 552, 798, 725, 647, 741, 583, 524, 848, 899, 680, 721, 659, 681, 580, 729, 952, 526, 866, 583, 782, 974, 973, 543, 719, 991, 842, 993, 808, 914], [909, 983, 870, 688, 895, 791, 975, 887, 919, 908, 644, 692, 854, 881, 803, 640, 515, 797, 517, 807, 523, 887, 785, 654, 673, 773, 930, 549, 691, 508, 542, 832, 678, 604, 931, 532, 893, 979, 721, 706, 833, 553, 743, 809, 706], [689, 559, 824, 914, 580, 538, 690, 650, 893, 913, 515, 666, 990, 818, 963, 552, 663, 886, 871, 693, 674, 666, 889, 920, 820, 798, 670, 739, 688, 762, 730, 966, 629, 528, 590, 944, 544, 730, 791, 915, 558, 753, 784, 840, 787], [794, 825, 947, 885, 899, 958, 607, 553, 664, 617, 709, 568, 500, 718, 987, 792, 595, 993, 712, 908, 843, 791, 977, 741, 548, 940, 956, 728, 736, 637, 559, 777, 586, 696, 913, 609, 746, 587, 769, 627, 872, 774, 959, 523, 954], [614, 601, 763, 553, 573, 678, 692, 722, 823, 977, 520, 641, 701, 717, 585, 913, 542, 990, 797, 894, 824, 918, 621, 651, 654, 816, 917, 830, 561, 996, 754, 876, 878, 689, 829, 595, 600, 931, 893, 835, 757, 505, 786, 540, 662], [952, 866, 835, 906, 943, 558, 787, 968, 957, 862, 793, 817, 676, 618, 654, 820, 983, 955, 874, 526, 897, 693, 858, 714, 758, 805, 823, 906, 946, 914, 692, 912, 847, 756, 615, 799, 563, 965, 562, 748, 506, 995, 994, 584, 589], [994, 970, 878, 933, 696, 874, 747, 792, 992, 638, 798, 999, 649, 715, 594, 902, 976, 549, 861, 897, 899, 836, 801, 983, 947, 668, 730, 565, 540, 506, 620, 585, 838, 527, 950, 668, 870, 716, 707, 501, 977, 835, 960, 857, 565], [619, 758, 573, 801, 514, 816, 942, 764, 582, 605, 547, 792, 879, 633, 584, 799, 718, 750, 711, 832, 566, 794, 523, 612, 789, 808, 562, 515, 920, 937, 732, 520, 587, 990, 697, 856, 617, 522, 746, 856, 538, 890, 669, 669, 987], [948, 684, 889, 723, 962, 608, 824, 531, 708, 570, 886, 889, 625, 883, 578, 687, 525, 686, 663, 880, 712, 885, 947, 969, 787, 693, 510, 824, 716, 542, 832, 833, 920, 950, 676, 545, 573, 839, 924, 819, 986, 875, 595, 591, 520], [853, 709, 926, 920, 809, 706, 811, 771, 703, 606, 507, 681, 876, 974, 529, 721, 601, 841, 663, 537, 509, 638, 532, 605, 822, 579, 607, 723, 609, 621, 539, 546, 636, 583, 946, 743, 837, 603, 748, 825, 675, 717, 908, 925, 721], [651, 750, 540, 601, 789, 614, 564, 974, 527, 528, 995, 527, 834, 730, 944, 598, 649, 673, 588, 725, 577, 982, 612, 531, 966, 875, 987, 590, 980, 973, 885, 600, 925, 534, 538, 649, 668, 966, 856, 737, 644, 825, 627, 835, 977], [832, 783, 761, 746, 809, 784, 793, 981, 997, 520, 969, 943, 888, 554, 740, 729, 920, 937, 997, 907, 614, 799, 882, 821, 797, 671, 719, 966, 626, 821, 535, 588, 611, 528, 655, 897, 620, 537, 674, 793, 840, 691, 943, 500, 553], [819, 742, 807, 844, 987, 580, 655, 797, 651, 948, 998, 580, 844, 781, 533, 929, 713, 650, 787, 704, 984, 813, 989, 799, 592, 703, 748, 887, 860, 933, 812, 867, 799, 877, 814, 781, 874, 999, 875, 948, 899, 532, 973, 794, 825], [670, 688, 913, 682, 571, 748, 833, 654, 803, 777, 537, 673, 668, 757, 883, 764, 622, 679, 744, 995, 549, 863, 984, 796, 590, 899, 832, 886, 869, 718, 536, 996, 668, 932, 592, 589, 525, 755, 705, 941, 831, 587, 643, 675, 590], [570, 660, 863, 649, 772, 676, 739, 635, 747, 657, 839, 713, 618, 809, 822, 887, 784, 631, 741, 788, 810, 823, 657, 952, 836, 592, 929, 787, 796, 983, 622, 627, 575, 982, 619, 789, 847, 897, 632, 559, 943, 590, 841, 936, 731], [835, 914, 779, 644, 865, 752, 868, 652, 637, 785, 703, 867, 785, 669, 658, 592, 826, 994, 829, 963, 734, 516, 688, 606, 527, 885, 916, 548, 763, 674, 715, 719, 738, 751, 946, 591, 777, 574, 885, 691, 705, 741, 567, 962, 506], [556, 731, 813, 620, 770, 666, 907, 990, 655, 602, 942, 632, 797, 935, 825, 796, 804, 717, 705, 631, 880, 809, 693, 786, 527, 519, 894, 658, 699, 559, 912, 874, 782, 552, 860, 626, 542, 636, 575, 630, 760, 619, 623, 533, 828], [974, 628, 694, 814, 652, 714, 700, 899, 520, 503, 827, 650, 725, 745, 791, 731, 893, 569, 839, 607, 783, 651, 738, 673, 936, 558, 653, 509, 543, 720, 926, 987, 696, 711, 788, 746, 948, 943, 833, 780, 786, 852, 794, 583, 712], [503, 871, 919, 648, 702, 982, 594, 924, 703, 820, 601, 799, 684, 767, 555, 578, 654, 821, 507, 943, 863, 551, 710, 768, 702, 538, 832, 869, 993, 987, 639, 667, 968, 721, 846, 538, 939, 689, 754, 952, 563, 560, 613, 730, 613], [792, 601, 924, 708, 735, 669, 771, 910, 879, 899, 565, 558, 718, 851, 807, 637, 863, 868, 677, 801, 639, 858, 911, 609, 650, 916, 946, 538, 839, 698, 527, 994, 667, 999, 602, 550, 857, 975, 773, 868, 970, 604, 622, 751, 788], [686, 676, 571, 761, 775, 601, 885, 638, 661, 510, 937, 638, 513, 768, 628, 882, 606, 945, 811, 853, 756, 987, 863, 573, 690, 794, 634, 802, 697, 839, 737, 900, 654, 712, 532, 773, 731, 640, 686, 658, 603, 648, 972, 955, 937], [503, 581, 966, 874, 944, 528, 508, 798, 685, 936, 698, 563, 895, 534, 777, 919, 686, 732, 903, 842, 574, 573, 987, 871, 801, 779, 998, 681, 918, 673, 766, 945, 575, 988, 734, 572, 809, 969, 897, 628, 983, 741, 832, 777, 815], [520, 759, 773, 503, 611, 505, 799, 785, 732, 829, 819, 539, 767, 699, 769, 650, 693, 511, 974, 550, 739, 956, 893, 661, 703, 643, 548, 621, 650, 866, 834, 885, 730, 964, 557, 525, 566, 632, 532, 628, 549, 829, 900, 519, 716], [906, 770, 541, 600, 817, 730, 760, 806, 882, 621, 807, 627, 719, 683, 806, 673, 585, 664, 943, 587, 915, 741, 613, 617, 997, 904, 766, 633, 532, 750, 722, 674, 553, 818, 810, 531, 759, 771, 579, 894, 560, 678, 594, 959, 787], [617, 702, 566, 723, 930, 818, 835, 809, 544, 855, 640, 814, 984, 687, 570, 783, 623, 848, 555, 729, 976, 703, 666, 798, 573, 941, 561, 534, 685, 834, 704, 897, 861, 544, 987, 849, 888, 908, 658, 742, 743, 731, 960, 923, 785]]
Variable production cost per unit of each product in each period p: 
[[13, 12, 13, 13, 11, 13, 13, 11, 11, 10, 13, 11, 13, 12, 13, 11, 10, 12, 10, 12, 12, 13, 13, 12, 12, 11, 13, 13, 13, 12, 13, 12, 12, 13, 11, 13, 13, 11, 10, 13, 11, 12, 13, 13, 10], [12, 11, 10, 10, 12, 13, 10, 12, 12, 12, 12, 12, 13, 10, 10, 12, 11, 11, 10, 11, 11, 12, 13, 12, 13, 12, 13, 13, 11, 13, 13, 12, 10, 13, 10, 10, 10, 10, 13, 11, 10, 10, 13, 10, 12], [12, 13, 12, 11, 10, 10, 12, 12, 10, 11, 12, 11, 13, 10, 12, 13, 11, 13, 10, 10, 12, 11, 12, 12, 11, 13, 11, 10, 11, 11, 10, 10, 13, 11, 11, 10, 10, 10, 12, 11, 10, 11, 10, 13, 12], [11, 13, 10, 12, 13, 11, 13, 12, 13, 13, 13, 11, 12, 12, 12, 11, 11, 12, 13, 12, 10, 11, 11, 13, 10, 10, 12, 10, 10, 13, 11, 11, 13, 10, 13, 13, 11, 11, 11, 10, 12, 10, 13, 13, 11], [11, 13, 12, 11, 11, 11, 11, 10, 10, 13, 12, 12, 13, 11, 10, 13, 13, 10, 10, 10, 10, 12, 10, 10, 10, 11, 12, 13, 12, 12, 12, 12, 13, 10, 11, 11, 12, 13, 12, 13, 13, 11, 13, 13, 13], [10, 10, 13, 13, 13, 12, 12, 10, 12, 13, 11, 12, 10, 10, 10, 12, 11, 11, 11, 11, 11, 10, 11, 10, 11, 12, 11, 12, 12, 10, 10, 13, 12, 11, 12, 12, 12, 10, 12, 13, 12, 11, 11, 13, 13], [11, 11, 13, 10, 12, 11, 13, 10, 13, 12, 10, 12, 10, 11, 11, 11, 10, 11, 12, 12, 11, 10, 11, 11, 10, 13, 10, 12, 13, 10, 12, 11, 12, 11, 12, 10, 12, 13, 11, 11, 10, 13, 11, 13, 10], [11, 13, 13, 12, 11, 13, 10, 12, 10, 10, 11, 11, 11, 12, 11, 12, 10, 12, 13, 10, 12, 12, 13, 13, 11, 12, 10, 12, 11, 11, 11, 10, 10, 11, 13, 10, 11, 11, 11, 10, 11, 13, 13, 12, 13], [11, 10, 13, 11, 13, 12, 11, 10, 10, 11, 10, 12, 11, 12, 10, 10, 10, 13, 11, 12, 13, 12, 13, 13, 10, 10, 12, 13, 11, 11, 13, 13, 10, 12, 12, 10, 10, 11, 11, 13, 12, 13, 12, 10, 10], [12, 11, 12, 11, 13, 11, 13, 10, 11, 10, 12, 12, 12, 10, 12, 12, 13, 11, 11, 12, 11, 12, 10, 10, 13, 10, 11, 12, 11, 13, 12, 12, 10, 10, 11, 13, 12, 13, 11, 11, 10, 13, 10, 11, 11], [10, 13, 11, 12, 10, 11, 13, 11, 11, 11, 10, 13, 11, 11, 12, 11, 13, 10, 11, 11, 10, 11, 12, 10, 12, 13, 11, 11, 12, 11, 13, 13, 10, 10, 12, 10, 10, 13, 13, 11, 13, 11, 11, 10, 12], [13, 12, 12, 12, 12, 12, 11, 10, 11, 10, 11, 13, 11, 13, 12, 11, 13, 12, 13, 13, 10, 11, 13, 12, 11, 11, 11, 11, 13, 13, 12, 10, 13, 11, 10, 13, 11, 11, 10, 12, 10, 12, 12, 12, 11], [12, 11, 10, 12, 10, 12, 13, 13, 13, 11, 10, 11, 10, 13, 12, 11, 13, 10, 10, 12, 12, 13, 12, 11, 13, 12, 12, 12, 11, 13, 10, 13, 11, 12, 12, 11, 13, 10, 10, 12, 13, 10, 12, 13, 12], [13, 13, 12, 11, 10, 11, 13, 10, 11, 10, 11, 10, 10, 10, 11, 13, 13, 12, 11, 11, 10, 12, 10, 10, 10, 11, 10, 12, 13, 12, 12, 10, 10, 13, 12, 11, 13, 13, 12, 12, 11, 12, 12, 11, 11], [10, 12, 11, 11, 11, 11, 13, 13, 13, 12, 13, 11, 12, 12, 10, 10, 13, 13, 12, 13, 11, 10, 13, 11, 13, 13, 11, 13, 11, 13, 10, 12, 12, 13, 12, 10, 12, 12, 11, 12, 10, 10, 10, 13, 13], [12, 11, 10, 13, 13, 13, 10, 13, 10, 10, 11, 13, 11, 12, 12, 13, 12, 11, 10, 12, 11, 12, 11, 12, 10, 11, 10, 13, 10, 11, 13, 10, 10, 13, 10, 13, 10, 12, 13, 13, 10, 11, 13, 10, 10], [11, 11, 11, 12, 13, 11, 12, 11, 13, 12, 13, 13, 11, 12, 11, 10, 12, 13, 12, 10, 11, 12, 13, 12, 11, 11, 10, 13, 10, 12, 13, 12, 10, 13, 10, 10, 13, 11, 13, 12, 10, 12, 11, 11, 12], [11, 10, 10, 11, 10, 11, 12, 10, 11, 12, 11, 12, 10, 12, 13, 11, 10, 13, 13, 12, 11, 11, 13, 10, 10, 12, 10, 12, 11, 10, 11, 10, 10, 13, 11, 10, 11, 11, 13, 11, 12, 12, 11, 13, 13], [11, 11, 10, 10, 13, 10, 12, 13, 13, 12, 13, 13, 11, 10, 12, 11, 13, 12, 11, 11, 10, 12, 11, 10, 10, 11, 12, 12, 13, 12, 13, 12, 12, 12, 11, 13, 12, 13, 10, 12, 11, 12, 11, 12, 10], [10, 10, 10, 13, 13, 10, 11, 10, 13, 12, 11, 10, 13, 12, 10, 12, 12, 11, 12, 13, 10, 13, 11, 12, 11, 11, 12, 12, 11, 11, 11, 12, 11, 13, 13, 10, 10, 13, 11, 10, 11, 13, 13, 10, 12], [13, 11, 10, 12, 11, 13, 10, 10, 10, 13, 12, 11, 13, 11, 12, 13, 13, 13, 10, 13, 10, 11, 13, 13, 11, 11, 10, 10, 12, 13, 10, 12, 11, 13, 11, 10, 12, 13, 11, 13, 12, 12, 10, 11, 11], [11, 12, 12, 13, 11, 11, 13, 10, 11, 10, 12, 11, 12, 12, 13, 10, 11, 12, 10, 12, 13, 10, 11, 10, 11, 13, 10, 12, 10, 12, 10, 11, 12, 11, 13, 10, 12, 11, 10, 12, 13, 10, 10, 11, 13], [12, 13, 11, 11, 13, 11, 10, 10, 12, 12, 13, 12, 10, 12, 13, 13, 11, 13, 13, 12, 11, 11, 12, 12, 13, 13, 10, 13, 12, 13, 10, 12, 10, 11, 10, 11, 13, 11, 11, 10, 11, 12, 13, 11, 12], [13, 11, 11, 11, 11, 11, 11, 10, 12, 13, 13, 12, 11, 12, 10, 10, 10, 11, 12, 12, 13, 10, 13, 13, 13, 12, 11, 10, 12, 11, 12, 13, 13, 11, 11, 13, 11, 13, 13, 13, 12, 13, 13, 10, 11], [10, 11, 13, 13, 10, 12, 11, 10, 12, 10, 10, 13, 12, 13, 13, 13, 10, 12, 12, 10, 12, 12, 12, 10, 10, 10, 11, 13, 11, 12, 10, 12, 11, 11, 10, 13, 10, 13, 10, 12, 13, 11, 11, 12, 13], [13, 11, 11, 12, 12, 13, 13, 10, 12, 11, 13, 10, 12, 11, 12, 11, 12, 12, 12, 10, 13, 12, 11, 10, 10, 13, 11, 10, 10, 12, 13, 11, 10, 12, 13, 11, 12, 12, 10, 12, 12, 12, 11, 12, 11], [12, 11, 13, 10, 11, 13, 13, 10, 11, 11, 12, 11, 13, 13, 10, 13, 10, 10, 10, 10, 10, 10, 11, 11, 10, 13, 11, 13, 11, 11, 13, 12, 13, 13, 11, 11, 10, 11, 10, 13, 13, 12, 12, 11, 10], [10, 10, 10, 13, 12, 12, 11, 10, 13, 13, 12, 10, 13, 11, 13, 13, 10, 10, 11, 10, 13, 13, 11, 10, 11, 10, 10, 12, 11, 12, 13, 11, 11, 12, 13, 13, 10, 10, 11, 12, 13, 10, 11, 12, 12], [13, 13, 11, 13, 10, 11, 13, 13, 10, 12, 12, 12, 11, 10, 13, 13, 13, 11, 10, 12, 13, 12, 13, 10, 11, 13, 12, 12, 11, 11, 10, 13, 11, 11, 13, 12, 12, 13, 10, 10, 12, 10, 11, 13, 12], [10, 10, 13, 12, 10, 10, 13, 12, 11, 13, 13, 13, 13, 11, 13, 11, 11, 13, 10, 10, 12, 11, 11, 12, 10, 11, 13, 13, 12, 11, 10, 10, 13, 12, 13, 13, 13, 10, 11, 13, 11, 13, 13, 13, 10], [10, 11, 11, 10, 11, 10, 11, 12, 11, 10, 11, 10, 13, 13, 10, 10, 13, 13, 13, 13, 11, 10, 13, 12, 12, 11, 10, 13, 11, 12, 12, 13, 13, 10, 12, 13, 12, 10, 11, 10, 10, 13, 12, 12, 13], [11, 10, 10, 11, 11, 13, 11, 10, 13, 13, 11, 11, 13, 10, 11, 10, 11, 10, 12, 10, 12, 10, 13, 10, 10, 12, 10, 12, 11, 12, 10, 13, 13, 10, 10, 13, 13, 11, 12, 11, 13, 11, 13, 12, 13], [11, 10, 13, 13, 11, 10, 10, 13, 10, 10, 11, 13, 10, 10, 13, 12, 12, 12, 12, 13, 10, 12, 12, 10, 11, 12, 13, 12, 10, 12, 11, 13, 10, 10, 13, 12, 13, 11, 13, 10, 13, 11, 13, 13, 10], [11, 13, 13, 12, 11, 12, 12, 10, 11, 12, 12, 11, 12, 11, 11, 10, 10, 11, 11, 11, 11, 13, 13, 11, 10, 12, 10, 12, 12, 13, 10, 11, 10, 12, 11, 12, 12, 11, 11, 12, 13, 10, 13, 13, 10], [11, 13, 10, 11, 11, 11, 11, 10, 13, 13, 11, 13, 11, 11, 10, 12, 12, 12, 12, 13, 12, 13, 10, 10, 13, 12, 13, 10, 13, 11, 12, 12, 10, 12, 13, 13, 10, 11, 12, 13, 10, 10, 12, 10, 11], [13, 10, 11, 12, 12, 11, 11, 11, 11, 13, 11, 10, 10, 12, 11, 13, 10, 11, 13, 10, 12, 10, 11, 12, 12, 13, 13, 10, 10, 10, 12, 10, 13, 12, 11, 10, 11, 12, 10, 11, 11, 10, 10, 10, 12], [10, 10, 13, 13, 10, 13, 11, 11, 13, 13, 12, 13, 10, 11, 12, 11, 12, 10, 13, 11, 13, 13, 10, 10, 10, 12, 12, 12, 13, 12, 13, 11, 13, 11, 13, 13, 11, 13, 13, 11, 10, 12, 11, 13, 12], [12, 12, 11, 10, 10, 11, 12, 10, 11, 12, 10, 11, 12, 12, 10, 12, 12, 10, 10, 12, 11, 10, 10, 12, 13, 13, 12, 12, 10, 11, 10, 10, 11, 11, 11, 13, 13, 11, 12, 11, 12, 10, 10, 12, 13], [10, 12, 10, 12, 10, 11, 10, 13, 12, 10, 11, 11, 11, 12, 11, 12, 10, 10, 13, 12, 12, 13, 12, 13, 11, 10, 10, 12, 11, 12, 11, 10, 10, 12, 11, 12, 13, 13, 13, 10, 10, 10, 12, 10, 12], [10, 10, 13, 11, 12, 11, 11, 11, 12, 12, 10, 11, 13, 11, 10, 11, 13, 11, 11, 10, 11, 11, 10, 13, 13, 13, 11, 13, 12, 13, 13, 13, 13, 12, 12, 12, 12, 13, 12, 12, 13, 13, 10, 10, 12], [10, 10, 10, 13, 13, 11, 11, 10, 11, 11, 10, 10, 13, 13, 11, 11, 10, 13, 10, 11, 10, 13, 12, 13, 12, 11, 11, 10, 10, 13, 12, 12, 11, 12, 10, 10, 13, 13, 12, 12, 11, 10, 11, 10, 10], [11, 11, 10, 10, 12, 10, 13, 10, 11, 10, 13, 13, 11, 12, 13, 10, 10, 13, 13, 12, 10, 13, 13, 11, 12, 13, 11, 12, 12, 10, 12, 11, 12, 11, 11, 13, 10, 12, 11, 12, 10, 10, 11, 13, 10], [13, 10, 11, 13, 13, 11, 11, 10, 12, 11, 10, 11, 13, 13, 12, 13, 12, 12, 13, 11, 10, 13, 11, 12, 10, 10, 12, 11, 12, 11, 10, 12, 13, 13, 12, 13, 13, 12, 12, 10, 11, 13, 12, 11, 10], [10, 12, 11, 10, 11, 11, 12, 11, 10, 10, 11, 10, 12, 13, 12, 13, 10, 13, 10, 13, 10, 12, 10, 13, 12, 13, 10, 11, 12, 12, 13, 11, 11, 11, 12, 12, 10, 12, 13, 12, 11, 13, 10, 13, 10], [12, 12, 13, 11, 13, 13, 11, 12, 11, 12, 11, 10, 12, 12, 13, 10, 10, 13, 12, 10, 11, 12, 11, 10, 13, 11, 13, 12, 11, 12, 10, 11, 10, 13, 12, 13, 11, 12, 11, 13, 12, 11, 12, 13, 11], [12, 13, 10, 12, 11, 12, 10, 13, 11, 12, 13, 12, 13, 11, 11, 12, 12, 12, 10, 11, 12, 11, 12, 11, 13, 12, 11, 13, 13, 13, 10, 10, 13, 10, 13, 13, 13, 11, 13, 11, 10, 10, 13, 12, 13], [13, 11, 11, 11, 10, 11, 10, 12, 13, 12, 13, 13, 10, 11, 12, 12, 13, 11, 10, 10, 10, 10, 11, 13, 11, 12, 10, 12, 11, 11, 10, 13, 12, 12, 12, 11, 13, 10, 11, 13, 10, 10, 10, 12, 12], [10, 11, 10, 10, 11, 10, 11, 10, 13, 13, 11, 13, 11, 12, 10, 10, 10, 13, 12, 12, 12, 11, 11, 13, 13, 11, 11, 12, 13, 10, 12, 11, 13, 12, 12, 13, 12, 13, 12, 11, 13, 10, 12, 13, 11], [11, 12, 11, 10, 11, 13, 11, 10, 11, 12, 11, 10, 10, 13, 11, 13, 11, 10, 13, 13, 13, 13, 13, 10, 12, 12, 11, 10, 12, 10, 13, 10, 13, 13, 10, 12, 11, 11, 10, 12, 11, 11, 10, 11, 12], [10, 13, 10, 10, 12, 12, 10, 12, 10, 10, 12, 13, 10, 11, 13, 11, 12, 13, 11, 11, 13, 12, 10, 11, 11, 11, 13, 11, 12, 10, 13, 11, 10, 10, 11, 13, 10, 11, 13, 13, 10, 12, 12, 13, 11], [11, 10, 13, 11, 10, 10, 13, 10, 10, 13, 13, 10, 12, 11, 13, 11, 12, 11, 12, 11, 10, 13, 13, 13, 12, 12, 10, 10, 13, 11, 13, 10, 11, 10, 10, 10, 12, 10, 13, 12, 10, 11, 11, 13, 11], [12, 10, 13, 11, 12, 10, 10, 12, 12, 13, 12, 11, 12, 12, 12, 12, 10, 11, 11, 13, 11, 10, 11, 12, 12, 11, 11, 12, 12, 11, 13, 12, 13, 12, 10, 11, 10, 10, 10, 12, 12, 12, 11, 11, 12], [10, 12, 11, 10, 10, 13, 11, 12, 11, 10, 11, 12, 10, 13, 11, 12, 11, 11, 12, 11, 11, 13, 13, 11, 13, 11, 10, 11, 13, 11, 13, 10, 10, 13, 11, 13, 12, 12, 12, 11, 13, 10, 10, 13, 11], [13, 10, 10, 10, 10, 13, 11, 13, 10, 12, 11, 10, 10, 12, 10, 13, 11, 12, 13, 10, 10, 11, 10, 13, 11, 10, 10, 13, 10, 11, 11, 12, 11, 11, 10, 12, 11, 11, 12, 10, 12, 11, 13, 12, 13], [13, 13, 13, 10, 13, 13, 11, 11, 12, 10, 11, 11, 13, 12, 11, 10, 10, 12, 12, 10, 10, 12, 11, 12, 13, 11, 13, 13, 10, 10, 10, 11, 10, 11, 12, 11, 12, 12, 13, 11, 11, 11, 12, 12, 12], [13, 10, 11, 11, 13, 13, 12, 12, 13, 11, 12, 12, 11, 13, 11, 13, 12, 12, 12, 13, 12, 12, 10, 13, 10, 12, 10, 13, 13, 12, 13, 10, 13, 10, 13, 10, 11, 13, 11, 11, 13, 11, 11, 13, 13], [13, 10, 12, 11, 13, 11, 10, 10, 12, 11, 12, 11, 11, 11, 13, 10, 11, 12, 13, 13, 13, 11, 12, 10, 10, 12, 13, 11, 13, 10, 11, 11, 12, 13, 11, 13, 12, 12, 11, 11, 13, 11, 12, 12, 12], [13, 12, 11, 11, 10, 10, 10, 12, 11, 12, 10, 13, 11, 11, 11, 12, 13, 11, 10, 13, 13, 12, 13, 12, 11, 12, 12, 10, 12, 13, 10, 10, 10, 10, 10, 10, 11, 12, 10, 13, 10, 10, 12, 11, 10], [12, 10, 10, 11, 12, 11, 12, 12, 10, 13, 11, 10, 10, 11, 13, 11, 11, 13, 11, 13, 12, 11, 12, 11, 10, 12, 12, 12, 11, 12, 11, 11, 10, 13, 12, 13, 10, 13, 10, 10, 13, 12, 11, 10, 12], [12, 12, 12, 13, 12, 10, 13, 11, 13, 12, 12, 10, 13, 13, 13, 10, 12, 13, 13, 10, 11, 11, 10, 13, 11, 12, 11, 10, 11, 11, 10, 13, 11, 12, 11, 12, 12, 13, 13, 12, 11, 12, 11, 13, 13]]
Inventory holding cost per unit of each product by the end of each period h: 
[[6, 5, 8, 8, 7, 6, 7, 9, 5, 7, 6, 7, 6, 7, 9, 5, 8, 7, 6, 6, 6, 9, 8, 7, 6, 7, 9, 6, 5, 9, 5, 5, 7, 8, 5, 9, 6, 5, 9, 6, 9, 6, 8, 8, 7], [5, 9, 9, 7, 6, 8, 6, 9, 8, 9, 8, 7, 6, 6, 9, 5, 5, 5, 8, 7, 9, 8, 9, 5, 9, 5, 8, 7, 5, 8, 6, 8, 5, 8, 6, 9, 8, 9, 9, 7, 8, 5, 5, 9, 8], [9, 9, 5, 5, 5, 7, 8, 7, 5, 8, 8, 8, 6, 7, 7, 5, 8, 6, 9, 8, 8, 8, 6, 7, 7, 5, 5, 5, 6, 7, 6, 8, 7, 9, 5, 7, 6, 6, 7, 5, 6, 9, 7, 8, 9], [6, 7, 9, 5, 7, 9, 5, 6, 7, 5, 6, 5, 7, 6, 9, 7, 6, 5, 6, 5, 7, 8, 9, 6, 6, 7, 5, 6, 6, 6, 9, 6, 5, 7, 8, 8, 7, 9, 6, 8, 9, 7, 8, 7, 9], [6, 5, 8, 6, 8, 5, 7, 6, 6, 6, 6, 6, 9, 9, 7, 9, 5, 9, 7, 9, 9, 8, 6, 5, 8, 5, 6, 8, 5, 7, 5, 6, 5, 8, 8, 6, 6, 5, 5, 6, 8, 9, 6, 5, 5], [8, 7, 6, 5, 8, 6, 7, 7, 7, 7, 6, 9, 6, 7, 7, 5, 9, 5, 6, 5, 5, 8, 5, 9, 6, 5, 9, 8, 6, 9, 6, 8, 6, 6, 5, 9, 7, 8, 5, 5, 5, 7, 6, 8, 6], [8, 9, 5, 7, 9, 6, 9, 8, 9, 5, 7, 5, 8, 7, 5, 6, 8, 9, 7, 6, 9, 7, 6, 9, 5, 8, 8, 8, 5, 6, 7, 6, 6, 7, 6, 7, 8, 6, 7, 8, 5, 7, 7, 6, 9], [7, 6, 9, 7, 8, 9, 6, 5, 9, 8, 8, 8, 6, 8, 9, 9, 8, 5, 6, 8, 7, 8, 7, 7, 5, 6, 8, 5, 5, 9, 8, 9, 5, 5, 7, 9, 5, 8, 8, 9, 6, 5, 7, 8, 8], [9, 8, 9, 8, 8, 8, 8, 5, 5, 8, 8, 7, 7, 6, 6, 5, 6, 9, 9, 9, 7, 5, 6, 8, 8, 8, 8, 9, 9, 5, 8, 9, 6, 7, 8, 7, 9, 5, 6, 6, 7, 5, 6, 5, 9], [8, 5, 9, 9, 9, 7, 8, 6, 8, 8, 8, 6, 7, 8, 6, 9, 9, 6, 8, 8, 8, 6, 8, 7, 8, 6, 7, 9, 6, 7, 8, 8, 9, 9, 7, 7, 7, 9, 9, 8, 9, 9, 6, 7, 5], [5, 5, 8, 7, 6, 5, 8, 8, 5, 5, 9, 8, 9, 8, 9, 5, 6, 7, 5, 7, 7, 5, 9, 7, 5, 5, 9, 8, 8, 9, 8, 7, 7, 6, 5, 8, 9, 7, 7, 5, 6, 6, 8, 9, 7], [5, 9, 9, 5, 7, 7, 5, 5, 6, 8, 7, 7, 6, 5, 5, 9, 9, 7, 7, 7, 6, 5, 6, 9, 8, 7, 9, 5, 5, 8, 6, 7, 9, 9, 9, 8, 9, 8, 7, 6, 9, 8, 6, 9, 7], [9, 7, 9, 8, 5, 8, 8, 6, 7, 8, 8, 7, 7, 7, 5, 5, 9, 7, 7, 8, 7, 6, 5, 7, 9, 7, 5, 8, 5, 9, 7, 6, 9, 7, 5, 8, 8, 5, 6, 5, 7, 8, 5, 6, 6], [6, 7, 8, 8, 5, 9, 7, 6, 6, 5, 9, 6, 5, 5, 8, 7, 9, 9, 5, 6, 5, 5, 6, 9, 9, 8, 6, 9, 7, 5, 9, 6, 5, 8, 6, 7, 8, 9, 9, 7, 9, 5, 7, 5, 6], [7, 6, 6, 7, 9, 5, 7, 8, 7, 5, 5, 8, 9, 6, 5, 8, 8, 5, 7, 8, 6, 9, 5, 5, 7, 6, 6, 5, 6, 7, 9, 7, 6, 7, 5, 5, 8, 5, 8, 9, 9, 6, 9, 7, 5], [5, 7, 8, 7, 5, 9, 6, 5, 7, 6, 6, 9, 7, 6, 8, 6, 9, 6, 8, 5, 7, 5, 5, 8, 9, 8, 7, 6, 9, 9, 8, 5, 5, 8, 8, 7, 8, 9, 8, 7, 7, 8, 5, 9, 6], [8, 9, 9, 6, 7, 8, 7, 7, 7, 9, 8, 6, 5, 7, 9, 8, 9, 5, 6, 6, 5, 9, 5, 7, 9, 5, 9, 7, 5, 7, 9, 9, 5, 9, 7, 5, 5, 8, 5, 6, 5, 7, 7, 9, 7], [9, 5, 8, 5, 5, 6, 9, 8, 6, 7, 5, 8, 6, 7, 5, 9, 7, 6, 6, 8, 5, 8, 9, 6, 8, 6, 5, 5, 5, 6, 7, 5, 8, 9, 8, 8, 6, 7, 7, 8, 7, 9, 5, 8, 9], [5, 8, 5, 6, 5, 6, 5, 7, 9, 8, 6, 5, 9, 5, 8, 7, 8, 5, 5, 6, 9, 9, 9, 9, 8, 8, 6, 5, 5, 6, 5, 6, 8, 7, 5, 6, 5, 6, 7, 6, 6, 9, 5, 7, 6], [5, 5, 7, 6, 7, 5, 5, 7, 9, 7, 7, 6, 5, 8, 5, 5, 6, 5, 5, 7, 8, 8, 5, 7, 7, 7, 9, 9, 7, 5, 9, 7, 5, 9, 8, 5, 7, 9, 5, 6, 8, 5, 7, 6, 8], [6, 6, 6, 9, 8, 9, 8, 9, 9, 5, 8, 9, 5, 7, 7, 8, 5, 8, 6, 5, 8, 5, 8, 7, 6, 7, 8, 5, 9, 8, 9, 6, 6, 5, 5, 9, 6, 9, 6, 7, 6, 6, 8, 8, 9], [9, 6, 6, 6, 9, 6, 6, 9, 7, 6, 9, 5, 8, 7, 6, 7, 7, 9, 6, 6, 5, 8, 7, 6, 9, 7, 6, 6, 7, 7, 8, 8, 9, 9, 7, 6, 6, 5, 9, 5, 5, 7, 6, 7, 9], [7, 7, 8, 5, 7, 6, 5, 7, 9, 9, 9, 7, 5, 5, 7, 5, 6, 8, 7, 6, 6, 9, 5, 9, 9, 9, 5, 6, 7, 5, 6, 6, 5, 7, 6, 9, 6, 5, 9, 5, 7, 5, 7, 7, 8], [5, 7, 5, 9, 6, 9, 9, 6, 5, 9, 6, 8, 6, 8, 7, 9, 8, 6, 6, 9, 8, 7, 6, 9, 9, 5, 5, 6, 6, 9, 5, 6, 9, 8, 6, 5, 8, 8, 6, 5, 5, 5, 7, 6, 7], [8, 7, 7, 7, 8, 7, 7, 6, 9, 9, 7, 7, 6, 7, 7, 5, 7, 7, 8, 5, 9, 9, 5, 9, 5, 5, 5, 6, 9, 7, 7, 6, 6, 8, 5, 6, 7, 6, 9, 6, 5, 7, 9, 6, 5], [8, 8, 5, 9, 7, 9, 5, 6, 6, 6, 7, 9, 6, 7, 8, 5, 5, 9, 5, 8, 6, 9, 7, 8, 6, 5, 5, 5, 8, 8, 7, 6, 9, 5, 7, 7, 5, 5, 8, 7, 9, 9, 9, 7, 6], [5, 5, 8, 8, 7, 7, 5, 8, 8, 9, 9, 8, 8, 8, 9, 5, 9, 5, 7, 5, 5, 7, 9, 8, 9, 5, 5, 5, 7, 8, 7, 6, 5, 9, 9, 8, 6, 5, 5, 6, 5, 6, 8, 7, 7], [6, 7, 6, 7, 7, 7, 5, 9, 7, 5, 5, 9, 7, 5, 9, 7, 9, 8, 9, 5, 8, 7, 8, 6, 8, 9, 5, 9, 5, 7, 6, 7, 7, 5, 6, 8, 5, 7, 8, 8, 9, 9, 8, 5, 8], [7, 5, 7, 7, 8, 6, 6, 5, 6, 6, 7, 7, 7, 7, 5, 8, 8, 8, 8, 9, 8, 6, 8, 6, 8, 6, 6, 8, 9, 5, 8, 6, 9, 9, 7, 8, 6, 9, 9, 8, 8, 7, 7, 7, 5], [6, 9, 5, 6, 5, 6, 5, 5, 7, 7, 7, 7, 5, 9, 6, 6, 5, 7, 8, 5, 7, 7, 5, 8, 7, 6, 7, 5, 8, 9, 8, 7, 6, 8, 6, 7, 7, 9, 5, 6, 5, 8, 9, 5, 6], [5, 7, 9, 7, 9, 7, 7, 9, 5, 7, 5, 9, 7, 9, 8, 9, 7, 6, 9, 6, 6, 9, 7, 9, 8, 7, 5, 5, 8, 6, 5, 8, 7, 7, 5, 8, 9, 7, 7, 7, 8, 6, 6, 8, 6], [9, 5, 7, 9, 7, 6, 8, 8, 5, 5, 7, 9, 8, 7, 8, 5, 8, 6, 9, 8, 9, 6, 7, 9, 8, 9, 5, 8, 6, 7, 5, 9, 9, 9, 8, 7, 8, 9, 5, 6, 9, 6, 6, 8, 6], [8, 6, 7, 5, 5, 5, 8, 8, 6, 9, 7, 8, 7, 7, 5, 9, 5, 9, 8, 9, 8, 7, 5, 6, 5, 7, 8, 5, 8, 5, 5, 8, 9, 7, 7, 6, 7, 7, 7, 9, 6, 7, 5, 5, 6], [8, 8, 5, 6, 6, 7, 7, 9, 6, 5, 8, 5, 6, 8, 8, 5, 9, 5, 5, 9, 7, 6, 7, 5, 6, 8, 8, 5, 9, 5, 8, 6, 7, 9, 9, 5, 5, 8, 7, 6, 7, 9, 6, 8, 9], [5, 7, 9, 6, 6, 8, 7, 8, 7, 9, 5, 8, 5, 7, 7, 7, 7, 6, 7, 8, 7, 9, 7, 9, 7, 9, 9, 8, 5, 9, 9, 5, 5, 5, 5, 9, 5, 6, 9, 8, 7, 7, 8, 9, 5], [8, 5, 9, 7, 6, 7, 8, 9, 5, 7, 5, 6, 6, 5, 5, 8, 8, 8, 7, 5, 9, 5, 8, 8, 7, 5, 9, 8, 9, 5, 9, 7, 9, 9, 5, 5, 9, 9, 6, 9, 5, 8, 9, 7, 5], [5, 9, 9, 7, 7, 5, 7, 9, 8, 6, 9, 8, 6, 8, 8, 7, 7, 6, 5, 6, 8, 9, 5, 6, 8, 6, 6, 7, 5, 7, 6, 6, 9, 9, 8, 7, 5, 6, 9, 5, 5, 7, 7, 6, 8], [9, 5, 5, 5, 7, 9, 8, 9, 6, 5, 9, 6, 9, 9, 9, 7, 5, 9, 7, 9, 9, 5, 7, 7, 7, 5, 5, 9, 9, 5, 6, 6, 8, 5, 5, 7, 6, 5, 9, 9, 7, 6, 5, 7, 8], [6, 9, 7, 6, 6, 9, 9, 7, 5, 6, 5, 6, 8, 5, 5, 7, 5, 6, 6, 8, 6, 6, 9, 6, 6, 7, 5, 8, 7, 5, 8, 8, 5, 6, 5, 7, 5, 9, 8, 6, 6, 7, 9, 6, 9], [6, 9, 7, 7, 5, 8, 6, 6, 8, 6, 6, 8, 8, 8, 8, 7, 9, 6, 9, 9, 7, 5, 5, 7, 6, 5, 7, 9, 5, 8, 6, 7, 8, 8, 7, 5, 6, 5, 5, 9, 8, 7, 9, 8, 8], [6, 5, 7, 6, 7, 9, 7, 8, 7, 7, 9, 7, 9, 9, 8, 6, 8, 9, 8, 6, 8, 5, 8, 6, 6, 8, 8, 9, 8, 8, 6, 9, 5, 7, 7, 5, 9, 6, 8, 5, 7, 8, 9, 7, 9], [7, 6, 8, 8, 6, 6, 7, 8, 5, 5, 9, 5, 9, 8, 5, 6, 8, 7, 6, 7, 5, 8, 9, 8, 5, 7, 9, 6, 7, 8, 9, 5, 7, 7, 8, 8, 5, 9, 8, 8, 7, 9, 6, 8, 8], [8, 7, 6, 8, 5, 5, 5, 6, 6, 5, 6, 6, 7, 9, 8, 6, 5, 8, 9, 5, 5, 7, 5, 9, 6, 7, 7, 6, 6, 5, 5, 6, 5, 8, 6, 8, 8, 8, 5, 9, 8, 8, 7, 6, 8], [8, 7, 9, 5, 9, 7, 6, 9, 5, 9, 7, 7, 7, 5, 9, 9, 8, 6, 8, 5, 9, 6, 5, 6, 9, 8, 7, 5, 5, 6, 5, 6, 9, 9, 7, 8, 7, 5, 8, 8, 8, 5, 7, 8, 5], [5, 9, 7, 6, 9, 8, 6, 9, 6, 7, 8, 9, 6, 9, 5, 7, 9, 7, 8, 9, 6, 7, 5, 6, 7, 9, 9, 9, 6, 7, 7, 5, 9, 7, 8, 6, 9, 9, 7, 7, 5, 9, 5, 5, 5], [6, 5, 8, 9, 6, 7, 6, 9, 9, 9, 5, 6, 9, 7, 7, 8, 5, 8, 6, 6, 7, 7, 5, 7, 8, 5, 5, 7, 8, 6, 7, 6, 7, 6, 7, 6, 6, 9, 6, 6, 7, 8, 9, 5, 6], [6, 9, 6, 7, 8, 5, 7, 5, 6, 9, 8, 7, 6, 9, 8, 8, 9, 5, 7, 7, 5, 5, 7, 5, 7, 6, 9, 5, 5, 6, 6, 6, 8, 8, 7, 6, 6, 5, 7, 5, 8, 5, 7, 5, 6], [5, 6, 9, 9, 8, 5, 6, 7, 8, 8, 6, 9, 7, 8, 6, 9, 7, 8, 8, 6, 6, 9, 8, 8, 6, 6, 7, 6, 7, 9, 9, 5, 9, 8, 5, 9, 8, 7, 7, 9, 9, 5, 8, 7, 5], [9, 9, 7, 8, 6, 5, 7, 7, 8, 7, 5, 5, 5, 9, 5, 9, 9, 9, 6, 7, 5, 7, 6, 9, 5, 9, 9, 7, 6, 9, 8, 8, 6, 9, 6, 7, 6, 6, 5, 6, 6, 9, 7, 8, 8], [8, 7, 7, 8, 8, 9, 5, 5, 6, 6, 8, 7, 6, 6, 6, 6, 8, 6, 8, 5, 6, 6, 5, 5, 7, 8, 8, 5, 8, 9, 8, 6, 6, 5, 5, 6, 7, 6, 7, 5, 6, 5, 6, 7, 6], [9, 5, 8, 5, 7, 9, 6, 5, 8, 6, 8, 5, 5, 8, 5, 9, 6, 6, 7, 7, 7, 7, 5, 8, 9, 8, 9, 9, 7, 9, 9, 5, 8, 8, 9, 9, 8, 7, 9, 8, 7, 8, 6, 5, 9], [6, 8, 5, 8, 7, 6, 6, 8, 6, 9, 8, 8, 7, 5, 9, 7, 5, 8, 8, 6, 8, 7, 8, 7, 5, 5, 8, 8, 5, 9, 9, 5, 5, 9, 7, 7, 9, 5, 6, 6, 8, 5, 9, 5, 9], [9, 6, 8, 7, 7, 6, 7, 7, 5, 8, 6, 7, 5, 9, 9, 6, 5, 6, 7, 5, 7, 5, 5, 6, 7, 5, 6, 6, 8, 6, 7, 7, 8, 6, 5, 6, 9, 7, 5, 6, 6, 6, 7, 7, 8], [5, 9, 5, 7, 6, 9, 7, 8, 9, 6, 6, 6, 6, 9, 8, 9, 6, 8, 7, 8, 8, 5, 7, 5, 6, 7, 7, 7, 9, 6, 6, 9, 6, 6, 9, 6, 6, 9, 9, 6, 5, 6, 5, 5, 5], [9, 5, 5, 8, 5, 7, 9, 7, 6, 6, 5, 6, 8, 7, 9, 8, 9, 6, 8, 5, 7, 7, 6, 9, 8, 9, 6, 5, 6, 5, 6, 6, 9, 9, 5, 9, 7, 5, 9, 5, 8, 5, 9, 5, 8], [7, 9, 8, 6, 5, 6, 9, 9, 8, 5, 9, 5, 8, 7, 7, 5, 6, 9, 8, 7, 9, 8, 9, 6, 6, 8, 6, 8, 5, 6, 6, 7, 7, 8, 6, 5, 8, 5, 5, 6, 7, 6, 8, 6, 9], [9, 5, 9, 6, 5, 5, 5, 8, 5, 7, 6, 7, 7, 7, 6, 5, 5, 7, 9, 9, 9, 7, 9, 5, 5, 9, 6, 5, 5, 7, 5, 5, 9, 6, 7, 8, 6, 8, 5, 6, 6, 9, 6, 6, 5], [8, 7, 9, 8, 8, 5, 8, 7, 5, 7, 9, 5, 7, 8, 8, 6, 7, 9, 6, 8, 9, 8, 7, 8, 5, 6, 6, 9, 8, 5, 8, 8, 5, 6, 9, 6, 8, 6, 5, 8, 5, 5, 9, 9, 6], [7, 7, 9, 5, 6, 8, 8, 6, 6, 6, 6, 5, 8, 9, 8, 7, 8, 8, 7, 5, 6, 7, 5, 7, 7, 6, 9, 7, 6, 9, 6, 7, 8, 8, 6, 5, 7, 8, 6, 6, 7, 5, 8, 5, 5], [7, 6, 5, 6, 5, 9, 9, 7, 9, 6, 8, 6, 7, 5, 6, 8, 7, 9, 6, 7, 7, 9, 9, 6, 8, 7, 8, 5, 6, 5, 5, 6, 8, 8, 7, 8, 8, 6, 7, 7, 6, 6, 9, 9, 5]]
Demand for each product in each period d: 
[[30, 46, 14, 49, 9, 10, 7, 0, 44, 43, 33, 14, 38, 41, 25, 41, 15, 8, 5, 15, 35, 47, 0, 0, 29, 17, 40, 1, 9, 21, 26, 27, 30, 0, 12, 19, 0, 34, 27, 28, 36, 38, 17, 43, 47], [38, 43, 27, 30, 27, 29, 2, 16, 8, 7, 13, 23, 5, 5, 43, 33, 18, 9, 2, 34, 38, 30, 45, 23, 41, 4, 41, 27, 39, 0, 5, 10, 23, 29, 10, 26, 33, 33, 30, 37, 39, 10, 1, 7, 1], [36, 40, 49, 36, 30, 22, 17, 9, 45, 28, 41, 37, 7, 38, 33, 24, 5, 23, 49, 11, 18, 34, 34, 46, 31, 25, 0, 3, 46, 7, 3, 27, 13, 48, 29, 0, 40, 40, 28, 22, 6, 26, 28, 2, 48], [39, 20, 34, 8, 0, 36, 17, 35, 27, 38, 38, 47, 49, 32, 26, 27, 44, 23, 32, 32, 40, 7, 33, 30, 0, 29, 48, 38, 42, 3, 33, 2, 0, 23, 1, 37, 11, 23, 0, 41, 32, 8, 37, 0, 28], [41, 26, 48, 21, 38, 29, 34, 43, 38, 17, 12, 49, 3, 20, 30, 18, 35, 43, 13, 29, 37, 20, 36, 9, 0, 37, 40, 19, 44, 20, 45, 18, 21, 45, 20, 16, 11, 0, 23, 36, 20, 7, 0, 42, 48], [20, 27, 26, 35, 4, 12, 48, 3, 7, 24, 37, 14, 40, 36, 33, 23, 23, 40, 0, 9, 16, 31, 15, 15, 10, 25, 36, 26, 22, 30, 33, 25, 14, 10, 43, 6, 48, 23, 39, 40, 27, 42, 10, 45, 12], [6, 38, 22, 0, 5, 31, 0, 22, 1, 0, 6, 21, 45, 25, 18, 35, 31, 3, 34, 24, 45, 45, 30, 40, 13, 5, 18, 45, 47, 3, 24, 9, 43, 4, 42, 25, 19, 43, 0, 12, 45, 0, 31, 25, 45], [12, 8, 32, 42, 21, 38, 6, 19, 28, 36, 37, 28, 9, 43, 16, 9, 15, 32, 24, 44, 18, 21, 11, 27, 27, 0, 7, 25, 44, 49, 11, 33, 38, 44, 14, 13, 33, 16, 30, 23, 26, 9, 38, 1, 37], [34, 10, 44, 26, 42, 49, 35, 43, 20, 17, 13, 47, 46, 36, 31, 1, 6, 4, 23, 21, 47, 49, 19, 18, 16, 23, 17, 44, 19, 44, 27, 5, 16, 42, 33, 2, 33, 4, 19, 49, 0, 3, 25, 9, 22], [17, 16, 17, 2, 15, 21, 0, 32, 19, 46, 42, 44, 19, 33, 24, 24, 12, 2, 35, 38, 20, 13, 9, 13, 45, 11, 36, 16, 0, 29, 27, 24, 4, 34, 42, 24, 10, 27, 37, 48, 8, 6, 25, 24, 38], [35, 48, 32, 36, 25, 33, 48, 40, 27, 10, 24, 41, 41, 44, 28, 0, 48, 19, 9, 0, 0, 4, 33, 11, 49, 34, 3, 19, 4, 20, 49, 11, 45, 33, 23, 47, 8, 14, 0, 21, 32, 21, 0, 43, 11], [25, 18, 20, 23, 39, 44, 24, 0, 22, 31, 39, 37, 34, 33, 0, 9, 21, 47, 14, 28, 23, 20, 27, 26, 17, 45, 34, 29, 37, 8, 42, 45, 8, 23, 4, 48, 38, 11, 0, 38, 0, 20, 38, 1, 25], [24, 19, 47, 47, 33, 32, 12, 9, 32, 9, 24, 9, 5, 17, 14, 47, 0, 6, 28, 8, 34, 43, 24, 15, 31, 9, 3, 23, 7, 39, 11, 49, 2, 20, 2, 9, 34, 22, 26, 48, 41, 2, 41, 3, 11], [10, 33, 43, 46, 0, 27, 29, 33, 37, 49, 3, 22, 29, 40, 11, 29, 28, 11, 0, 14, 0, 42, 31, 24, 29, 25, 12, 5, 7, 28, 6, 11, 4, 21, 43, 16, 14, 4, 34, 28, 19, 37, 41, 14, 48], [17, 35, 0, 25, 18, 28, 43, 16, 45, 17, 4, 28, 37, 40, 9, 20, 36, 35, 11, 0, 39, 11, 12, 24, 19, 5, 8, 21, 0, 43, 34, 29, 45, 7, 44, 31, 30, 32, 23, 11, 6, 32, 4, 14, 44], [10, 20, 46, 26, 22, 22, 48, 11, 9, 44, 0, 48, 8, 22, 44, 28, 10, 17, 14, 17, 16, 1, 37, 35, 21, 43, 45, 37, 25, 47, 0, 1, 17, 49, 16, 6, 7, 19, 31, 30, 27, 38, 19, 38, 46], [42, 40, 19, 16, 11, 48, 31, 16, 26, 45, 13, 5, 7, 4, 42, 13, 36, 12, 8, 34, 36, 30, 39, 0, 12, 20, 7, 41, 16, 0, 40, 6, 31, 12, 43, 44, 0, 15, 3, 43, 9, 2, 23, 4, 3], [18, 45, 16, 24, 14, 11, 22, 35, 1, 32, 49, 19, 10, 26, 33, 17, 0, 22, 15, 18, 22, 37, 31, 6, 6, 5, 21, 48, 39, 1, 10, 40, 20, 47, 46, 33, 32, 9, 34, 48, 36, 21, 45, 18, 34], [43, 39, 12, 32, 48, 2, 25, 24, 47, 24, 34, 12, 3, 36, 18, 25, 41, 1, 44, 28, 16, 48, 6, 17, 11, 44, 37, 46, 0, 49, 26, 42, 49, 42, 12, 31, 11, 41, 1, 23, 43, 30, 15, 7, 0], [22, 38, 0, 31, 46, 11, 8, 20, 26, 21, 0, 27, 36, 46, 18, 18, 27, 21, 0, 5, 0, 49, 43, 12, 20, 3, 19, 25, 6, 37, 0, 6, 25, 17, 43, 44, 4, 33, 5, 23, 20, 5, 36, 8, 5], [16, 0, 48, 37, 14, 0, 39, 3, 32, 38, 36, 14, 33, 0, 0, 25, 39, 36, 2, 0, 0, 7, 43, 21, 48, 0, 37, 1, 49, 10, 28, 15, 5, 40, 16, 28, 8, 14, 33, 27, 0, 48, 28, 19, 36], [26, 40, 2, 19, 23, 48, 17, 26, 7, 41, 27, 24, 32, 36, 39, 26, 46, 4, 28, 19, 6, 33, 49, 35, 18, 31, 25, 32, 48, 13, 43, 35, 3, 36, 9, 30, 36, 15, 2, 15, 43, 12, 19, 46, 34], [0, 4, 21, 5, 17, 47, 3, 36, 43, 19, 21, 21, 2, 8, 35, 22, 5, 32, 13, 36, 3, 3, 0, 43, 4, 29, 19, 46, 39, 43, 5, 7, 28, 6, 8, 14, 0, 40, 23, 40, 2, 44, 36, 40, 29], [48, 10, 30, 43, 43, 41, 3, 15, 27, 2, 26, 38, 30, 27, 5, 23, 35, 16, 8, 22, 44, 45, 22, 32, 2, 5, 22, 31, 9, 42, 24, 35, 48, 16, 17, 47, 29, 49, 41, 27, 36, 10, 2, 25, 20], [7, 34, 32, 33, 49, 19, 11, 48, 27, 16, 0, 15, 10, 12, 39, 48, 14, 2, 45, 0, 20, 30, 1, 45, 0, 35, 9, 18, 43, 29, 19, 14, 1, 0, 9, 43, 1, 43, 19, 32, 9, 18, 16, 21, 20], [21, 38, 15, 23, 22, 46, 39, 44, 15, 43, 3, 28, 8, 0, 31, 25, 21, 38, 3, 13, 3, 25, 12, 16, 1, 9, 0, 17, 36, 6, 25, 6, 0, 37, 9, 17, 17, 41, 3, 27, 0, 38, 20, 13, 43], [8, 0, 38, 11, 40, 44, 1, 45, 18, 41, 0, 19, 37, 29, 4, 40, 7, 27, 49, 20, 37, 43, 8, 6, 24, 15, 38, 29, 21, 47, 16, 0, 0, 35, 41, 1, 46, 33, 6, 36, 39, 27, 1, 0, 37], [30, 0, 31, 9, 18, 21, 11, 1, 43, 32, 17, 8, 19, 3, 16, 21, 24, 6, 15, 25, 23, 3, 34, 18, 6, 29, 47, 17, 23, 23, 32, 12, 49, 0, 21, 21, 35, 28, 34, 31, 28, 0, 1, 37, 19], [46, 0, 34, 6, 5, 27, 24, 22, 0, 26, 35, 27, 28, 7, 41, 49, 46, 25, 0, 39, 44, 11, 12, 14, 12, 17, 8, 13, 16, 46, 36, 38, 42, 25, 0, 0, 44, 24, 37, 9, 27, 41, 14, 0, 29], [10, 32, 0, 0, 9, 0, 25, 23, 23, 15, 3, 19, 4, 29, 0, 40, 41, 30, 44, 0, 39, 49, 2, 44, 12, 24, 16, 16, 45, 13, 38, 35, 25, 6, 0, 16, 1, 45, 4, 25, 0, 24, 4, 26, 11], [35, 0, 0, 0, 11, 40, 32, 33, 28, 32, 8, 7, 9, 41, 45, 23, 15, 0, 16, 49, 25, 48, 42, 43, 18, 37, 49, 27, 16, 0, 23, 45, 46, 33, 49, 0, 15, 43, 1, 32, 44, 1, 3, 16, 26], [37, 22, 44, 14, 26, 23, 24, 14, 24, 33, 49, 19, 2, 37, 41, 0, 8, 9, 20, 23, 7, 21, 13, 32, 44, 25, 40, 33, 0, 1, 25, 36, 25, 41, 16, 5, 7, 0, 12, 22, 4, 35, 2, 28, 7], [10, 1, 34, 40, 0, 34, 39, 32, 17, 35, 1, 32, 10, 14, 17, 1, 38, 23, 43, 26, 26, 21, 4, 44, 27, 44, 26, 12, 33, 4, 0, 9, 0, 20, 6, 15, 5, 0, 2, 40, 19, 24, 38, 13, 34], [49, 48, 15, 31, 5, 34, 48, 25, 34, 3, 47, 31, 18, 49, 10, 31, 13, 41, 19, 4, 13, 5, 12, 7, 0, 37, 0, 34, 0, 0, 25, 13, 8, 41, 6, 2, 9, 12, 12, 48, 20, 45, 27, 42, 19], [15, 31, 16, 6, 0, 45, 23, 17, 19, 2, 18, 0, 0, 28, 30, 25, 12, 1, 23, 39, 28, 5, 20, 32, 0, 7, 34, 7, 33, 42, 3, 19, 1, 31, 28, 33, 18, 28, 18, 33, 22, 17, 41, 19, 46], [0, 28, 43, 44, 11, 10, 42, 10, 35, 49, 23, 43, 15, 30, 35, 3, 42, 15, 1, 26, 19, 47, 30, 26, 40, 48, 2, 17, 38, 0, 32, 11, 0, 24, 44, 25, 3, 15, 34, 8, 22, 31, 39, 24, 0], [44, 5, 12, 11, 0, 22, 29, 26, 3, 41, 29, 39, 19, 3, 19, 47, 40, 21, 9, 1, 10, 9, 16, 33, 26, 5, 32, 34, 8, 36, 4, 40, 34, 15, 13, 40, 32, 40, 38, 35, 11, 28, 46, 28, 40], [40, 34, 39, 48, 33, 0, 34, 41, 21, 5, 28, 12, 31, 10, 44, 0, 48, 9, 31, 18, 43, 7, 46, 10, 49, 47, 21, 20, 9, 2, 46, 33, 5, 25, 25, 14, 5, 6, 47, 39, 13, 35, 11, 19, 27], [37, 45, 34, 48, 12, 28, 31, 19, 10, 47, 18, 25, 38, 31, 3, 44, 17, 0, 15, 0, 34, 0, 29, 25, 43, 0, 40, 16, 31, 42, 8, 32, 10, 24, 17, 15, 18, 46, 37, 45, 10, 22, 26, 48, 41], [32, 15, 22, 29, 0, 26, 11, 37, 0, 29, 4, 7, 20, 0, 11, 14, 15, 43, 44, 45, 6, 4, 14, 32, 1, 41, 43, 19, 10, 14, 24, 14, 2, 1, 33, 24, 33, 15, 49, 26, 40, 17, 44, 0, 12], [42, 48, 43, 28, 43, 10, 32, 7, 32, 29, 3, 4, 11, 43, 16, 8, 15, 41, 36, 14, 27, 42, 34, 14, 49, 32, 15, 39, 49, 49, 0, 47, 14, 41, 47, 4, 8, 30, 11, 19, 18, 0, 34, 2, 30], [32, 37, 44, 20, 23, 12, 44, 4, 17, 38, 43, 24, 44, 15, 4, 20, 15, 28, 46, 34, 24, 48, 21, 1, 6, 4, 48, 44, 24, 20, 17, 4, 30, 15, 25, 38, 49, 23, 8, 37, 28, 22, 8, 46, 47], [11, 29, 33, 4, 35, 26, 0, 14, 25, 32, 23, 33, 5, 18, 1, 42, 40, 11, 13, 2, 9, 19, 18, 15, 9, 17, 27, 44, 10, 0, 0, 0, 41, 31, 22, 22, 24, 31, 29, 42, 9, 24, 35, 33, 37], [10, 1, 8, 30, 23, 19, 5, 26, 12, 23, 9, 18, 20, 7, 4, 25, 0, 36, 24, 0, 41, 0, 14, 17, 9, 32, 35, 27, 0, 41, 46, 48, 30, 46, 11, 3, 1, 11, 12, 7, 0, 6, 31, 47, 46], [44, 36, 30, 6, 27, 13, 20, 0, 34, 0, 31, 17, 47, 14, 41, 39, 18, 47, 3, 24, 30, 32, 37, 0, 26, 0, 10, 37, 47, 13, 13, 31, 39, 27, 20, 26, 34, 47, 24, 46, 45, 25, 36, 16, 24], [24, 9, 46, 48, 13, 15, 14, 35, 5, 49, 17, 46, 39, 23, 22, 0, 35, 27, 0, 38, 16, 26, 28, 44, 19, 48, 37, 20, 20, 5, 37, 5, 18, 11, 11, 48, 12, 34, 46, 44, 41, 44, 42, 0, 12], [21, 14, 19, 14, 43, 21, 27, 38, 7, 44, 31, 44, 31, 15, 37, 11, 46, 19, 4, 30, 38, 47, 1, 23, 11, 27, 25, 46, 38, 43, 0, 18, 45, 6, 17, 19, 36, 4, 35, 13, 21, 18, 40, 2, 16], [28, 38, 41, 3, 22, 27, 18, 42, 39, 48, 17, 32, 36, 24, 14, 2, 31, 43, 16, 4, 10, 42, 22, 30, 26, 21, 1, 3, 31, 12, 32, 21, 41, 36, 40, 7, 36, 35, 30, 16, 7, 41, 6, 45, 43], [12, 14, 4, 24, 0, 45, 22, 36, 19, 4, 13, 24, 22, 20, 28, 13, 2, 45, 12, 34, 19, 7, 37, 26, 0, 18, 7, 35, 46, 48, 36, 0, 0, 29, 45, 5, 8, 42, 5, 35, 25, 9, 14, 20, 5], [27, 13, 30, 21, 10, 11, 11, 40, 39, 42, 24, 7, 29, 2, 0, 24, 36, 8, 40, 2, 15, 21, 36, 49, 6, 12, 3, 26, 41, 0, 26, 38, 38, 32, 13, 38, 28, 0, 9, 4, 27, 49, 33, 6, 41], [39, 0, 0, 25, 31, 2, 18, 39, 47, 32, 34, 5, 3, 6, 39, 30, 16, 7, 37, 42, 44, 16, 28, 12, 38, 4, 2, 3, 3, 39, 10, 46, 10, 17, 40, 14, 25, 33, 19, 9, 13, 21, 29, 0, 43], [37, 16, 48, 43, 42, 15, 41, 1, 28, 38, 7, 24, 0, 48, 34, 44, 23, 44, 43, 26, 22, 30, 16, 12, 11, 0, 25, 0, 13, 14, 38, 4, 45, 8, 13, 34, 40, 26, 9, 0, 32, 33, 12, 39, 2], [5, 13, 47, 32, 24, 49, 39, 5, 19, 14, 9, 38, 36, 42, 32, 2, 29, 30, 1, 5, 25, 4, 41, 34, 7, 41, 29, 33, 7, 5, 22, 16, 22, 38, 31, 40, 47, 5, 46, 49, 34, 47, 7, 0, 22], [5, 44, 42, 27, 31, 10, 46, 15, 45, 17, 0, 9, 40, 27, 8, 13, 23, 22, 32, 46, 27, 43, 28, 48, 49, 3, 49, 49, 43, 42, 34, 40, 6, 35, 1, 47, 6, 11, 8, 20, 7, 25, 37, 31, 9], [21, 20, 15, 6, 3, 18, 15, 42, 19, 16, 45, 40, 2, 2, 9, 0, 22, 46, 38, 9, 47, 0, 34, 0, 24, 29, 15, 41, 38, 15, 1, 14, 8, 27, 40, 35, 5, 0, 40, 46, 9, 40, 15, 4, 23], [13, 1, 37, 12, 16, 11, 6, 24, 37, 1, 22, 19, 41, 27, 17, 41, 2, 21, 24, 7, 16, 48, 25, 0, 49, 41, 26, 21, 21, 47, 47, 14, 46, 32, 36, 13, 39, 26, 49, 0, 11, 14, 27, 29, 28], [22, 47, 17, 20, 3, 47, 8, 45, 21, 23, 9, 30, 8, 0, 28, 45, 13, 7, 28, 43, 8, 8, 13, 21, 25, 43, 41, 15, 1, 48, 27, 46, 26, 0, 24, 14, 5, 33, 44, 9, 0, 30, 28, 36, 11], [41, 18, 8, 2, 34, 40, 2, 19, 14, 11, 2, 22, 28, 23, 48, 40, 44, 32, 44, 41, 38, 0, 42, 22, 31, 45, 0, 17, 29, 11, 1, 6, 42, 13, 24, 2, 4, 25, 8, 39, 4, 44, 15, 5, 21], [1, 38, 15, 29, 36, 0, 12, 47, 38, 46, 0, 21, 21, 15, 34, 33, 44, 26, 22, 31, 0, 3, 49, 48, 23, 8, 40, 41, 49, 40, 8, 47, 14, 6, 0, 41, 22, 10, 29, 45, 49, 3, 25, 43, 47], [32, 12, 16, 31, 32, 22, 16, 0, 18, 13, 20, 2, 22, 21, 4, 7, 1, 26, 27, 21, 10, 32, 33, 0, 30, 35, 11, 32, 29, 30, 16, 24, 22, 29, 27, 26, 0, 41, 14, 3, 7, 35, 7, 37, 3]]
Maintenance cost in each period m: 
[95953, 97430, 95939, 96427, 96259, 95895, 98806, 95552, 98235, 96887, 98511, 96425, 98836, 96329, 97254, 95515, 97668, 95731, 96668, 96843, 96759, 98940, 96488, 99290, 96406, 98043, 95522, 98085, 95897, 98194, 97910, 98821, 96434, 95574, 99302, 98800, 95869, 97192, 99465, 97917, 99088, 95915, 97876, 96447, 97345]
Maximum capacity of the machine cmax: 
2940