Set of periods in the planning horizon T: 
35
Set of products P: 
55
Capacity reduction coefficient alpha: 
0.8
Relative decrease of capacity per set up gamma: 
0.37
Capacity reduction coefficient due to product types beta: 
[0.34, 0.37, 0.22, 0.35, 0.34, 0.38, 0.28, 0.27, 0.39, 0.3, 0.36, 0.36, 0.4, 0.32, 0.3, 0.31, 0.36, 0.31, 0.4, 0.39, 0.33, 0.33, 0.23, 0.32, 0.25, 0.34, 0.36, 0.32, 0.24, 0.34, 0.22, 0.29, 0.32, 0.21, 0.37, 0.38, 0.24, 0.3, 0.32, 0.26, 0.22, 0.38, 0.33, 0.32, 0.35, 0.35, 0.34, 0.22, 0.28, 0.28, 0.35, 0.38, 0.32, 0.35, 0.24]
Fixed production cost of each product in each period f: 
[[918, 732, 560, 916, 740, 658, 515, 522, 688, 684, 999, 818, 635, 626, 858, 878, 623, 920, 928, 806, 619, 919, 808, 679, 726, 841, 817, 653, 523, 804, 590, 682, 752, 641, 723], [680, 875, 760, 573, 684, 760, 565, 773, 749, 806, 788, 844, 951, 818, 838, 996, 733, 597, 804, 504, 752, 666, 996, 938, 538, 620, 592, 741, 724, 804, 506, 954, 730, 519, 918], [827, 911, 703, 736, 602, 700, 967, 768, 842, 593, 830, 913, 693, 638, 618, 606, 530, 991, 878, 545, 689, 746, 604, 820, 911, 742, 635, 550, 858, 848, 921, 952, 649, 807, 545], [636, 763, 632, 870, 916, 693, 851, 531, 903, 661, 935, 971, 834, 619, 707, 676, 631, 669, 724, 989, 723, 907, 551, 518, 836, 503, 521, 615, 875, 682, 767, 762, 595, 824, 610], [953, 655, 572, 533, 677, 965, 710, 830, 935, 905, 987, 691, 664, 710, 873, 752, 600, 816, 809, 867, 845, 716, 652, 626, 839, 840, 532, 598, 596, 717, 723, 645, 638, 596, 566], [531, 603, 781, 709, 873, 691, 828, 546, 903, 598, 890, 905, 523, 679, 957, 991, 979, 550, 776, 819, 935, 625, 855, 924, 651, 849, 882, 647, 536, 576, 761, 624, 570, 848, 550], [540, 955, 947, 615, 761, 553, 682, 582, 670, 526, 637, 765, 826, 614, 915, 600, 639, 763, 828, 602, 594, 807, 802, 694, 534, 804, 684, 602, 873, 671, 604, 824, 672, 659, 974], [581, 731, 656, 629, 501, 507, 538, 629, 965, 762, 915, 732, 645, 595, 802, 772, 713, 726, 586, 866, 737, 846, 693, 565, 934, 601, 857, 748, 851, 744, 666, 972, 703, 765, 505], [529, 556, 661, 969, 651, 675, 736, 984, 628, 854, 915, 526, 502, 685, 992, 725, 589, 734, 813, 769, 943, 933, 637, 903, 908, 744, 613, 626, 681, 968, 755, 947, 613, 729, 592], [837, 531, 889, 811, 558, 854, 611, 921, 662, 790, 806, 887, 704, 653, 553, 814, 652, 993, 544, 509, 632, 650, 901, 819, 539, 836, 851, 774, 961, 805, 841, 629, 782, 785, 901], [841, 664, 789, 762, 705, 890, 783, 514, 959, 954, 764, 739, 985, 635, 679, 982, 988, 740, 855, 858, 706, 989, 644, 806, 619, 937, 599, 822, 694, 799, 908, 910, 760, 984, 582], [863, 812, 509, 806, 899, 920, 525, 695, 975, 696, 790, 772, 796, 946, 633, 844, 905, 885, 740, 540, 956, 586, 519, 911, 783, 673, 968, 955, 577, 952, 679, 827, 971, 798, 614], [862, 745, 838, 761, 591, 500, 818, 866, 585, 642, 671, 670, 940, 609, 642, 888, 854, 511, 572, 847, 999, 832, 595, 958, 658, 979, 971, 865, 675, 830, 757, 988, 876, 958, 904], [969, 704, 621, 682, 713, 915, 604, 925, 813, 977, 890, 691, 919, 816, 799, 842, 824, 818, 881, 501, 814, 742, 688, 511, 717, 787, 635, 581, 642, 862, 746, 855, 547, 998, 811], [563, 903, 735, 660, 905, 727, 649, 527, 863, 622, 831, 680, 831, 814, 877, 716, 833, 765, 908, 647, 619, 698, 896, 515, 678, 795, 736, 538, 956, 802, 956, 558, 500, 572, 557], [956, 723, 583, 856, 871, 811, 898, 730, 906, 866, 730, 983, 774, 681, 603, 726, 737, 664, 546, 531, 559, 785, 680, 960, 598, 712, 512, 917, 835, 930, 549, 691, 642, 679, 720], [605, 884, 815, 857, 729, 678, 913, 583, 769, 622, 898, 681, 789, 948, 913, 678, 906, 651, 627, 620, 690, 680, 814, 761, 835, 535, 797, 935, 610, 937, 975, 823, 509, 903, 860], [928, 820, 577, 692, 570, 615, 593, 813, 787, 815, 646, 587, 911, 680, 780, 749, 690, 881, 837, 636, 833, 938, 718, 997, 762, 508, 611, 670, 940, 919, 954, 822, 524, 865, 827], [548, 773, 891, 815, 618, 799, 534, 860, 848, 957, 716, 578, 609, 887, 811, 969, 864, 708, 740, 869, 772, 870, 687, 997, 508, 826, 566, 716, 566, 926, 550, 562, 589, 529, 934], [877, 784, 849, 621, 706, 505, 676, 613, 888, 667, 832, 596, 719, 838, 537, 774, 712, 928, 987, 961, 828, 793, 590, 612, 875, 824, 512, 740, 935, 672, 973, 791, 590, 878, 728], [813, 738, 601, 992, 897, 760, 889, 893, 668, 508, 642, 891, 910, 980, 778, 662, 722, 925, 549, 865, 702, 724, 948, 693, 784, 510, 773, 840, 795, 752, 911, 550, 788, 608, 500], [922, 857, 796, 720, 511, 928, 557, 632, 609, 807, 913, 644, 999, 686, 533, 923, 542, 690, 663, 974, 521, 668, 621, 532, 920, 630, 667, 660, 574, 951, 826, 715, 949, 926, 867], [550, 892, 762, 836, 570, 876, 676, 510, 901, 532, 859, 616, 723, 794, 885, 854, 854, 503, 798, 506, 559, 584, 846, 891, 727, 826, 939, 812, 501, 992, 557, 750, 574, 653, 663], [807, 886, 846, 935, 539, 949, 929, 642, 800, 787, 624, 865, 915, 644, 560, 630, 967, 624, 862, 919, 977, 560, 757, 526, 902, 564, 621, 942, 947, 643, 570, 536, 675, 789, 978], [646, 716, 716, 837, 743, 812, 728, 881, 908, 695, 663, 700, 777, 572, 833, 826, 597, 548, 846, 511, 855, 835, 779, 605, 837, 796, 892, 700, 802, 699, 781, 710, 735, 988, 927], [608, 525, 668, 758, 751, 669, 771, 876, 665, 531, 772, 893, 761, 557, 553, 910, 833, 805, 747, 530, 797, 591, 580, 873, 559, 776, 640, 885, 806, 984, 607, 603, 915, 922, 827], [768, 552, 980, 796, 501, 795, 546, 886, 918, 910, 820, 989, 704, 657, 776, 858, 978, 525, 552, 840, 539, 565, 661, 843, 707, 857, 669, 888, 806, 845, 973, 522, 910, 702, 817], [624, 931, 913, 917, 809, 678, 564, 844, 745, 506, 608, 902, 640, 895, 606, 819, 765, 968, 922, 729, 984, 668, 899, 724, 894, 581, 611, 648, 791, 729, 693, 701, 975, 847, 526], [955, 570, 780, 774, 671, 613, 712, 573, 775, 856, 933, 542, 685, 661, 812, 830, 700, 670, 585, 699, 608, 547, 983, 737, 892, 858, 917, 594, 741, 553, 748, 661, 681, 701, 815], [827, 898, 829, 858, 718, 998, 595, 906, 517, 916, 610, 878, 769, 807, 851, 626, 716, 779, 610, 968, 743, 583, 834, 637, 642, 705, 980, 741, 905, 940, 964, 628, 882, 602, 916], [504, 786, 526, 919, 745, 815, 535, 814, 655, 704, 659, 616, 563, 569, 794, 643, 625, 832, 919, 855, 683, 590, 907, 698, 917, 945, 777, 512, 647, 711, 557, 683, 550, 744, 950], [905, 546, 997, 902, 642, 567, 962, 618, 752, 526, 941, 810, 630, 677, 746, 557, 662, 519, 801, 987, 903, 582, 654, 536, 964, 923, 706, 645, 929, 524, 942, 593, 868, 993, 717], [720, 916, 581, 516, 927, 856, 931, 575, 726, 524, 623, 765, 504, 630, 807, 716, 821, 828, 730, 626, 593, 703, 691, 620, 928, 535, 508, 927, 828, 976, 570, 662, 530, 504, 883], [744, 923, 925, 617, 944, 737, 576, 766, 810, 906, 515, 834, 550, 697, 536, 542, 892, 797, 900, 641, 987, 679, 886, 762, 729, 691, 741, 587, 605, 635, 843, 841, 525, 999, 527], [729, 559, 880, 980, 986, 914, 885, 909, 623, 689, 972, 966, 705, 528, 760, 700, 703, 561, 705, 687, 831, 991, 619, 923, 913, 690, 521, 791, 876, 830, 743, 606, 576, 628, 955], [974, 796, 966, 694, 696, 763, 593, 503, 788, 603, 697, 584, 719, 505, 722, 502, 663, 569, 685, 560, 623, 544, 552, 995, 622, 592, 874, 900, 962, 706, 769, 743, 526, 660, 811], [589, 630, 645, 547, 858, 674, 538, 904, 913, 810, 507, 657, 905, 746, 673, 792, 660, 714, 938, 941, 513, 935, 598, 820, 671, 641, 928, 563, 720, 632, 506, 728, 804, 573, 980], [815, 724, 568, 634, 950, 812, 560, 920, 663, 833, 796, 943, 968, 907, 724, 946, 928, 844, 922, 979, 956, 955, 867, 684, 892, 706, 709, 995, 827, 609, 946, 868, 596, 835, 787], [568, 922, 523, 865, 882, 514, 991, 595, 508, 600, 603, 634, 610, 718, 663, 903, 962, 640, 501, 957, 774, 509, 506, 605, 896, 523, 877, 616, 528, 722, 793, 951, 740, 875, 781], [609, 555, 840, 960, 659, 753, 867, 576, 596, 527, 665, 912, 965, 890, 632, 843, 927, 997, 873, 787, 649, 528, 827, 949, 538, 800, 779, 858, 903, 547, 580, 555, 712, 948, 822], [517, 780, 986, 557, 988, 969, 598, 964, 819, 538, 668, 562, 810, 752, 756, 893, 521, 951, 973, 741, 582, 979, 596, 672, 783, 900, 844, 535, 692, 957, 803, 614, 680, 656, 732], [553, 599, 811, 920, 840, 962, 720, 904, 831, 934, 798, 568, 693, 622, 537, 529, 614, 519, 510, 599, 842, 682, 967, 695, 958, 622, 822, 591, 868, 582, 805, 684, 521, 599, 679], [964, 842, 973, 525, 833, 529, 549, 865, 953, 799, 860, 552, 530, 838, 924, 673, 645, 820, 955, 989, 941, 778, 861, 529, 848, 745, 992, 609, 521, 574, 991, 683, 759, 636, 933], [547, 578, 696, 677, 822, 848, 981, 733, 575, 974, 957, 505, 803, 963, 579, 831, 871, 648, 773, 809, 881, 795, 744, 562, 944, 856, 859, 629, 895, 856, 579, 897, 717, 606, 849], [996, 537, 695, 908, 660, 833, 612, 850, 769, 748, 556, 617, 881, 745, 547, 743, 757, 974, 831, 887, 978, 592, 825, 605, 631, 916, 984, 634, 754, 773, 922, 570, 777, 621, 542], [911, 556, 993, 774, 722, 652, 692, 913, 932, 877, 885, 535, 617, 811, 631, 808, 580, 634, 652, 591, 779, 666, 649, 880, 767, 883, 816, 599, 979, 824, 817, 760, 844, 908, 900], [742, 988, 854, 553, 742, 528, 669, 635, 743, 727, 634, 588, 534, 928, 957, 853, 844, 564, 690, 855, 559, 950, 509, 860, 970, 955, 822, 689, 621, 601, 780, 980, 706, 706, 926], [649, 721, 575, 951, 623, 920, 805, 635, 720, 537, 912, 870, 633, 551, 721, 609, 834, 605, 861, 875, 587, 838, 707, 536, 743, 649, 819, 551, 665, 830, 749, 887, 807, 549, 698], [532, 799, 503, 830, 510, 727, 800, 801, 610, 933, 781, 845, 518, 948, 685, 973, 538, 562, 879, 501, 811, 930, 774, 939, 915, 991, 849, 570, 866, 846, 597, 969, 592, 874, 634], [560, 713, 969, 744, 568, 685, 983, 872, 501, 836, 755, 999, 555, 896, 884, 740, 586, 658, 885, 808, 661, 919, 895, 675, 854, 573, 760, 981, 789, 621, 925, 933, 538, 667, 557], [607, 673, 604, 529, 693, 948, 877, 942, 679, 958, 978, 686, 874, 652, 596, 999, 624, 579, 832, 916, 773, 650, 999, 683, 772, 987, 883, 925, 928, 642, 916, 800, 988, 798, 635], [904, 979, 986, 679, 689, 976, 619, 970, 761, 690, 983, 684, 580, 928, 620, 877, 637, 627, 792, 970, 983, 566, 588, 617, 742, 687, 616, 877, 519, 836, 690, 707, 984, 812, 673], [859, 885, 581, 730, 831, 647, 858, 715, 878, 883, 839, 546, 630, 690, 511, 928, 505, 628, 643, 683, 785, 746, 543, 659, 963, 822, 533, 847, 867, 788, 578, 916, 876, 556, 699], [857, 539, 945, 522, 595, 825, 963, 574, 691, 677, 680, 680, 947, 543, 832, 543, 899, 866, 772, 754, 952, 883, 910, 630, 506, 778, 644, 949, 622, 878, 760, 799, 770, 741, 551], [861, 670, 715, 832, 627, 889, 949, 572, 965, 876, 584, 737, 898, 700, 713, 758, 760, 647, 775, 506, 835, 919, 967, 530, 937, 794, 569, 964, 686, 901, 699, 859, 532, 859, 573]]
Variable production cost per unit of each product in each period p: 
[[10, 12, 12, 10, 13, 10, 10, 13, 10, 12, 13, 10, 12, 10, 12, 11, 11, 13, 11, 11, 11, 12, 13, 13, 10, 12, 11, 11, 10, 10, 10, 10, 10, 10, 11], [11, 10, 10, 13, 10, 11, 10, 12, 11, 13, 11, 12, 11, 12, 11, 10, 12, 10, 10, 12, 12, 13, 13, 13, 10, 11, 10, 13, 13, 10, 10, 11, 10, 10, 10], [10, 12, 11, 13, 11, 10, 10, 10, 13, 10, 13, 10, 12, 10, 10, 11, 13, 12, 12, 12, 11, 11, 11, 13, 10, 13, 13, 12, 12, 10, 11, 10, 10, 13, 12], [13, 10, 12, 12, 10, 13, 11, 10, 12, 13, 10, 13, 12, 10, 10, 11, 13, 12, 12, 10, 11, 13, 10, 11, 12, 13, 11, 11, 11, 13, 10, 12, 10, 11, 13], [13, 13, 10, 13, 10, 13, 13, 10, 10, 13, 11, 12, 13, 10, 11, 12, 13, 10, 11, 13, 11, 12, 11, 10, 11, 10, 12, 12, 10, 10, 10, 11, 12, 10, 10], [12, 10, 11, 12, 13, 12, 11, 11, 12, 11, 11, 13, 10, 12, 10, 12, 12, 10, 13, 13, 12, 10, 10, 13, 12, 13, 12, 10, 13, 11, 11, 10, 11, 11, 10], [11, 12, 10, 13, 11, 13, 12, 10, 13, 13, 12, 13, 10, 10, 13, 10, 10, 13, 12, 13, 11, 13, 12, 12, 10, 10, 11, 10, 10, 12, 11, 11, 12, 11, 13], [11, 10, 10, 10, 13, 12, 11, 12, 12, 10, 12, 10, 13, 12, 12, 11, 10, 10, 13, 11, 12, 13, 11, 11, 12, 10, 11, 10, 10, 10, 11, 10, 12, 11, 12], [13, 11, 11, 12, 12, 10, 13, 10, 12, 10, 10, 10, 10, 10, 13, 11, 10, 11, 11, 10, 10, 13, 10, 10, 10, 13, 10, 10, 10, 10, 10, 10, 12, 10, 12], [10, 13, 11, 12, 10, 12, 11, 10, 10, 10, 11, 11, 13, 13, 12, 13, 12, 13, 10, 13, 10, 12, 11, 12, 10, 12, 10, 10, 11, 12, 11, 13, 11, 13, 11], [13, 10, 13, 12, 12, 13, 11, 12, 12, 10, 13, 11, 12, 11, 11, 13, 11, 10, 12, 11, 11, 12, 12, 11, 13, 10, 11, 10, 13, 13, 12, 12, 12, 11, 13], [10, 11, 10, 11, 12, 11, 13, 12, 13, 12, 13, 12, 12, 13, 13, 13, 13, 12, 12, 13, 13, 10, 11, 12, 13, 10, 10, 11, 10, 10, 12, 12, 11, 11, 12], [13, 13, 13, 10, 11, 12, 11, 12, 11, 10, 12, 11, 12, 12, 12, 10, 12, 12, 12, 11, 13, 10, 11, 10, 11, 11, 13, 12, 13, 13, 13, 12, 12, 12, 12], [13, 11, 13, 11, 10, 10, 10, 10, 12, 11, 13, 13, 11, 10, 11, 10, 12, 12, 12, 13, 10, 10, 12, 12, 13, 13, 10, 10, 10, 11, 12, 13, 11, 13, 13], [12, 13, 10, 11, 10, 11, 10, 13, 11, 10, 11, 11, 13, 13, 12, 11, 12, 10, 13, 11, 13, 13, 11, 10, 11, 13, 11, 11, 13, 13, 11, 11, 12, 12, 12], [11, 13, 13, 13, 11, 11, 12, 12, 12, 12, 12, 10, 10, 13, 10, 11, 11, 10, 10, 10, 11, 10, 10, 12, 11, 13, 10, 12, 12, 11, 13, 12, 10, 11, 10], [10, 10, 10, 10, 11, 13, 11, 13, 11, 10, 11, 10, 11, 13, 10, 13, 10, 12, 13, 12, 10, 10, 11, 12, 11, 11, 12, 13, 12, 12, 10, 11, 11, 10, 13], [12, 13, 10, 11, 10, 13, 13, 11, 10, 12, 11, 13, 11, 13, 13, 10, 11, 10, 13, 11, 10, 13, 12, 10, 13, 11, 11, 13, 11, 12, 10, 10, 12, 12, 10], [10, 10, 12, 11, 13, 13, 13, 10, 13, 10, 13, 11, 10, 10, 13, 13, 10, 11, 10, 11, 11, 11, 13, 13, 13, 13, 10, 11, 12, 11, 10, 10, 10, 11, 13], [13, 13, 11, 10, 10, 12, 12, 13, 10, 10, 12, 10, 11, 10, 13, 11, 13, 10, 12, 12, 12, 13, 10, 10, 12, 13, 11, 13, 10, 12, 13, 10, 11, 13, 13], [11, 11, 11, 10, 10, 13, 10, 10, 10, 11, 10, 13, 10, 11, 12, 13, 12, 13, 11, 10, 12, 12, 13, 13, 12, 10, 11, 11, 10, 13, 11, 10, 10, 10, 12], [10, 12, 11, 10, 13, 13, 12, 13, 11, 12, 10, 11, 13, 13, 11, 13, 13, 12, 11, 11, 13, 13, 11, 13, 11, 13, 11, 12, 13, 12, 10, 12, 11, 12, 10], [12, 12, 11, 10, 13, 11, 13, 12, 13, 13, 10, 10, 13, 13, 11, 10, 12, 10, 11, 12, 10, 12, 11, 11, 11, 11, 11, 12, 12, 13, 12, 13, 10, 11, 11], [10, 12, 13, 11, 11, 10, 11, 12, 12, 11, 10, 13, 11, 10, 10, 10, 11, 12, 10, 13, 13, 12, 11, 10, 13, 12, 12, 10, 11, 13, 13, 10, 11, 11, 12], [12, 10, 10, 12, 13, 11, 12, 12, 11, 13, 12, 11, 10, 13, 11, 10, 10, 12, 11, 13, 10, 13, 13, 12, 11, 11, 12, 10, 13, 11, 11, 13, 11, 11, 13], [10, 13, 11, 13, 10, 13, 11, 12, 13, 11, 13, 11, 10, 10, 12, 13, 11, 10, 10, 11, 13, 13, 11, 13, 13, 13, 11, 11, 10, 10, 12, 12, 13, 12, 12], [12, 10, 13, 11, 13, 10, 13, 10, 10, 12, 10, 12, 10, 11, 13, 13, 11, 11, 10, 11, 13, 13, 11, 13, 13, 12, 12, 10, 11, 13, 10, 10, 13, 10, 13], [11, 11, 11, 13, 12, 11, 13, 10, 12, 10, 10, 10, 11, 11, 13, 13, 11, 13, 13, 12, 10, 11, 13, 11, 12, 12, 11, 13, 12, 11, 12, 10, 13, 11, 11], [13, 11, 10, 13, 11, 13, 12, 11, 10, 13, 13, 11, 10, 12, 11, 13, 13, 13, 13, 12, 10, 12, 13, 10, 11, 13, 12, 11, 11, 10, 13, 11, 12, 13, 10], [12, 13, 12, 12, 10, 13, 13, 13, 13, 12, 13, 13, 13, 11, 13, 12, 10, 13, 13, 13, 12, 11, 12, 12, 13, 13, 13, 13, 10, 10, 10, 13, 11, 13, 12], [12, 10, 12, 10, 13, 13, 10, 10, 12, 13, 12, 10, 11, 11, 12, 10, 13, 10, 12, 12, 12, 11, 13, 11, 11, 12, 12, 13, 13, 10, 10, 11, 12, 11, 11], [11, 10, 11, 13, 12, 12, 12, 10, 11, 12, 13, 12, 13, 13, 12, 11, 13, 11, 10, 11, 12, 13, 13, 13, 13, 12, 13, 10, 13, 12, 13, 13, 13, 13, 10], [13, 13, 12, 10, 11, 13, 12, 13, 10, 10, 11, 13, 11, 11, 11, 13, 11, 11, 10, 12, 13, 13, 10, 10, 12, 13, 13, 13, 11, 10, 11, 11, 13, 12, 13], [13, 10, 13, 12, 13, 12, 12, 10, 13, 12, 13, 11, 13, 12, 10, 10, 10, 13, 13, 11, 11, 10, 10, 12, 10, 13, 13, 10, 12, 13, 10, 13, 12, 12, 10], [13, 12, 11, 10, 10, 12, 10, 13, 11, 12, 13, 11, 11, 12, 12, 12, 13, 11, 12, 11, 10, 13, 12, 12, 11, 10, 12, 12, 11, 10, 13, 10, 10, 10, 11], [11, 10, 11, 13, 13, 10, 11, 11, 12, 12, 11, 12, 11, 13, 11, 12, 12, 13, 12, 13, 12, 12, 13, 11, 10, 11, 11, 11, 13, 13, 10, 13, 11, 10, 11], [12, 11, 10, 12, 11, 13, 13, 11, 13, 11, 13, 13, 12, 11, 11, 13, 10, 12, 12, 13, 13, 13, 13, 13, 10, 13, 13, 11, 13, 11, 13, 10, 12, 11, 10], [10, 11, 11, 13, 11, 10, 12, 10, 11, 10, 13, 10, 12, 12, 12, 10, 12, 10, 12, 11, 11, 12, 13, 13, 10, 10, 11, 12, 12, 13, 13, 10, 13, 13, 11], [13, 12, 12, 10, 11, 10, 10, 11, 10, 10, 10, 13, 13, 11, 11, 10, 13, 10, 12, 11, 12, 11, 11, 11, 10, 10, 10, 13, 12, 12, 12, 13, 12, 11, 11], [12, 10, 10, 10, 12, 10, 13, 13, 12, 11, 13, 11, 12, 13, 12, 11, 11, 12, 10, 12, 10, 11, 10, 13, 13, 10, 10, 10, 13, 13, 11, 12, 11, 11, 10], [12, 12, 10, 13, 12, 12, 13, 10, 11, 12, 13, 13, 12, 10, 10, 13, 10, 13, 10, 11, 12, 10, 13, 13, 13, 10, 11, 13, 13, 13, 10, 13, 11, 11, 12], [12, 12, 10, 12, 10, 13, 11, 12, 13, 11, 12, 10, 12, 11, 13, 13, 13, 11, 12, 12, 10, 10, 11, 12, 13, 12, 11, 13, 13, 12, 13, 10, 12, 11, 11], [12, 13, 11, 11, 12, 13, 11, 12, 13, 10, 12, 11, 10, 13, 13, 13, 13, 12, 11, 12, 12, 12, 10, 12, 10, 11, 13, 13, 11, 10, 11, 11, 13, 13, 13], [12, 11, 11, 13, 13, 13, 10, 11, 11, 13, 12, 12, 13, 11, 12, 10, 13, 11, 12, 11, 13, 13, 10, 11, 10, 11, 13, 10, 12, 10, 11, 10, 12, 12, 11], [13, 13, 12, 10, 13, 13, 12, 13, 11, 13, 13, 11, 13, 10, 10, 13, 11, 12, 12, 12, 10, 11, 10, 10, 12, 10, 13, 12, 13, 10, 13, 12, 13, 13, 11], [10, 10, 11, 12, 10, 11, 11, 11, 10, 11, 12, 10, 12, 10, 11, 12, 10, 13, 10, 13, 12, 12, 11, 10, 11, 12, 11, 11, 12, 13, 12, 12, 11, 12, 12], [11, 11, 11, 10, 13, 11, 11, 13, 13, 11, 10, 11, 10, 10, 13, 10, 11, 13, 10, 12, 13, 11, 10, 11, 13, 11, 13, 12, 12, 10, 13, 12, 12, 11, 10], [12, 12, 13, 13, 13, 10, 13, 12, 10, 12, 10, 10, 13, 12, 10, 13, 12, 10, 10, 11, 13, 12, 12, 10, 10, 13, 11, 10, 13, 11, 11, 12, 10, 13, 11], [11, 13, 12, 13, 10, 11, 13, 11, 11, 10, 11, 13, 12, 11, 12, 12, 10, 12, 13, 13, 12, 10, 10, 13, 12, 13, 13, 13, 12, 10, 11, 12, 12, 13, 13], [11, 11, 12, 13, 10, 11, 11, 13, 10, 13, 13, 10, 12, 11, 10, 10, 11, 13, 13, 11, 10, 13, 13, 13, 11, 10, 11, 10, 13, 11, 13, 10, 10, 12, 10], [12, 12, 10, 13, 13, 11, 10, 13, 10, 10, 10, 11, 10, 11, 12, 12, 11, 13, 10, 10, 11, 11, 10, 11, 13, 13, 10, 13, 13, 12, 12, 10, 11, 13, 10], [10, 11, 12, 11, 10, 13, 13, 13, 11, 11, 12, 11, 12, 12, 10, 11, 11, 10, 11, 12, 13, 10, 12, 10, 10, 12, 13, 11, 10, 12, 11, 11, 10, 11, 12], [13, 13, 11, 13, 11, 10, 13, 12, 10, 10, 11, 12, 11, 10, 10, 11, 11, 10, 10, 10, 10, 12, 11, 11, 12, 13, 13, 11, 12, 12, 10, 10, 12, 10, 12], [11, 13, 13, 11, 10, 12, 13, 11, 13, 12, 12, 13, 13, 12, 13, 12, 10, 11, 10, 10, 10, 10, 13, 13, 12, 13, 12, 11, 13, 10, 10, 10, 10, 11, 10], [13, 12, 10, 13, 10, 10, 10, 13, 13, 11, 12, 12, 11, 12, 10, 10, 11, 13, 10, 12, 11, 12, 12, 13, 10, 10, 12, 11, 13, 13, 12, 11, 12, 10, 12]]
Inventory holding cost per unit of each product by the end of each period h: 
[[6, 9, 6, 8, 8, 5, 8, 8, 7, 6, 5, 6, 7, 7, 8, 8, 5, 5, 9, 9, 8, 6, 5, 8, 6, 6, 9, 7, 6, 6, 8, 5, 8, 9, 7], [6, 5, 6, 5, 9, 9, 6, 5, 9, 6, 9, 6, 7, 9, 7, 7, 6, 8, 8, 6, 9, 8, 5, 5, 9, 5, 5, 9, 6, 5, 9, 8, 8, 7, 9], [7, 6, 9, 5, 8, 5, 6, 7, 6, 8, 6, 9, 6, 9, 5, 9, 5, 7, 7, 8, 9, 7, 8, 8, 9, 8, 9, 8, 7, 9, 6, 7, 7, 7, 5], [8, 7, 9, 7, 5, 6, 5, 9, 5, 8, 7, 5, 6, 9, 8, 5, 7, 7, 8, 9, 9, 6, 9, 8, 9, 8, 7, 7, 8, 6, 9, 9, 6, 7, 8], [7, 8, 5, 8, 5, 7, 8, 8, 6, 8, 7, 6, 8, 5, 5, 8, 9, 9, 6, 8, 7, 8, 6, 5, 5, 9, 7, 6, 6, 7, 7, 5, 8, 8, 7], [7, 7, 8, 8, 9, 9, 7, 6, 6, 5, 5, 6, 8, 6, 5, 7, 6, 9, 8, 6, 8, 5, 9, 9, 5, 5, 8, 7, 8, 8, 8, 7, 7, 8, 5], [8, 8, 9, 7, 9, 5, 9, 5, 7, 6, 6, 8, 6, 5, 6, 7, 5, 8, 7, 9, 6, 7, 7, 9, 7, 7, 7, 8, 9, 8, 5, 6, 6, 5, 8], [6, 6, 8, 5, 7, 5, 7, 5, 7, 5, 6, 7, 6, 6, 9, 6, 8, 7, 9, 6, 6, 5, 9, 9, 5, 6, 6, 5, 9, 5, 8, 9, 7, 6, 6], [9, 9, 5, 8, 6, 7, 6, 9, 8, 7, 5, 8, 7, 9, 6, 8, 8, 9, 6, 9, 9, 9, 8, 5, 9, 9, 9, 8, 5, 7, 6, 8, 7, 5, 5], [5, 7, 9, 5, 6, 8, 8, 8, 5, 9, 6, 5, 9, 6, 8, 9, 9, 7, 9, 6, 5, 9, 7, 7, 9, 7, 5, 6, 6, 5, 7, 6, 8, 7, 6], [6, 5, 6, 8, 8, 9, 6, 8, 8, 9, 5, 6, 6, 5, 6, 6, 9, 5, 9, 6, 8, 7, 9, 6, 7, 9, 6, 7, 5, 8, 9, 6, 9, 6, 5], [9, 8, 8, 7, 6, 7, 9, 5, 7, 5, 8, 7, 6, 6, 6, 5, 6, 8, 8, 7, 6, 9, 6, 9, 8, 5, 7, 5, 9, 5, 6, 7, 7, 6, 8], [7, 8, 8, 5, 7, 5, 7, 8, 5, 8, 9, 6, 8, 8, 8, 8, 6, 5, 6, 7, 7, 6, 9, 6, 5, 8, 8, 9, 6, 9, 9, 7, 6, 8, 9], [9, 7, 9, 6, 6, 8, 9, 6, 8, 7, 9, 8, 5, 8, 7, 5, 5, 8, 6, 9, 9, 9, 5, 8, 8, 5, 7, 7, 5, 5, 5, 5, 9, 6, 6], [7, 9, 6, 6, 7, 7, 9, 9, 5, 9, 8, 9, 8, 5, 7, 9, 7, 6, 5, 8, 6, 8, 7, 7, 8, 8, 8, 5, 7, 5, 7, 8, 9, 5, 7], [7, 7, 6, 9, 5, 9, 6, 7, 5, 8, 7, 7, 7, 9, 9, 8, 7, 5, 9, 6, 7, 9, 9, 6, 8, 7, 8, 7, 5, 7, 5, 7, 9, 7, 6], [6, 5, 6, 8, 7, 5, 5, 7, 6, 5, 8, 6, 8, 5, 8, 8, 9, 5, 8, 8, 6, 8, 7, 5, 8, 6, 5, 6, 8, 6, 7, 6, 6, 6, 5], [9, 8, 8, 6, 7, 9, 5, 8, 5, 7, 9, 9, 7, 7, 9, 7, 9, 7, 9, 6, 8, 6, 6, 9, 6, 7, 6, 9, 9, 5, 5, 8, 8, 8, 6], [6, 7, 9, 5, 8, 8, 5, 8, 6, 8, 5, 5, 9, 7, 7, 5, 9, 7, 7, 5, 9, 5, 7, 7, 7, 5, 6, 7, 6, 7, 9, 9, 5, 5, 8], [7, 5, 9, 7, 5, 5, 7, 6, 7, 5, 6, 7, 9, 8, 8, 9, 5, 8, 8, 5, 5, 5, 6, 9, 6, 9, 5, 9, 5, 7, 6, 6, 5, 9, 6], [7, 9, 6, 6, 9, 6, 5, 9, 6, 5, 7, 5, 8, 8, 6, 7, 7, 5, 6, 7, 6, 6, 8, 5, 7, 6, 5, 5, 5, 6, 5, 8, 8, 7, 7], [9, 5, 6, 5, 7, 7, 8, 5, 9, 8, 8, 6, 8, 5, 9, 9, 7, 6, 5, 5, 5, 8, 6, 8, 7, 8, 7, 5, 8, 6, 8, 7, 6, 7, 6], [8, 8, 6, 7, 5, 8, 9, 6, 7, 8, 6, 5, 7, 8, 8, 7, 6, 6, 8, 7, 6, 5, 7, 6, 7, 6, 7, 6, 5, 6, 9, 7, 7, 9, 7], [6, 8, 7, 8, 8, 5, 6, 9, 5, 5, 6, 9, 8, 8, 6, 8, 9, 9, 6, 8, 9, 5, 8, 7, 5, 5, 9, 9, 6, 6, 6, 8, 6, 9, 6], [6, 9, 9, 9, 9, 8, 6, 6, 6, 9, 8, 9, 6, 8, 9, 7, 8, 9, 6, 5, 7, 5, 9, 5, 5, 8, 9, 6, 9, 8, 5, 7, 8, 5, 8], [9, 9, 9, 7, 6, 6, 8, 5, 6, 7, 5, 7, 7, 9, 8, 9, 5, 5, 8, 5, 6, 8, 9, 9, 6, 8, 9, 5, 8, 5, 9, 9, 7, 9, 5], [8, 9, 7, 6, 6, 9, 6, 8, 8, 9, 5, 9, 7, 8, 6, 6, 7, 8, 6, 7, 6, 6, 8, 5, 7, 5, 8, 6, 8, 5, 6, 5, 6, 9, 5], [8, 6, 5, 9, 8, 9, 5, 8, 5, 8, 7, 9, 8, 9, 6, 6, 5, 8, 7, 8, 6, 9, 5, 7, 7, 9, 5, 7, 9, 8, 9, 8, 5, 7, 9], [8, 5, 6, 8, 6, 7, 6, 8, 8, 8, 8, 9, 6, 5, 5, 9, 9, 9, 6, 9, 8, 5, 5, 5, 8, 8, 9, 6, 7, 8, 8, 5, 8, 7, 7], [6, 9, 8, 9, 5, 8, 5, 5, 6, 6, 8, 7, 8, 6, 5, 9, 8, 6, 7, 7, 6, 6, 8, 5, 7, 8, 6, 8, 9, 7, 6, 6, 7, 5, 5], [6, 6, 5, 7, 9, 9, 9, 9, 5, 7, 8, 9, 6, 6, 8, 7, 7, 6, 5, 8, 6, 5, 9, 8, 8, 7, 7, 8, 5, 5, 6, 7, 5, 9, 5], [8, 9, 5, 8, 7, 8, 6, 5, 8, 7, 9, 6, 5, 9, 8, 7, 9, 7, 8, 6, 9, 7, 6, 8, 7, 6, 7, 7, 8, 9, 7, 6, 9, 7, 6], [5, 5, 9, 5, 9, 9, 8, 6, 8, 6, 6, 5, 5, 6, 9, 8, 6, 8, 7, 9, 7, 6, 8, 7, 7, 7, 6, 7, 7, 6, 7, 9, 7, 6, 6], [8, 8, 9, 6, 9, 7, 5, 7, 8, 6, 5, 9, 7, 8, 6, 6, 9, 9, 8, 9, 8, 8, 6, 6, 5, 5, 7, 9, 7, 6, 7, 8, 7, 9, 5], [9, 8, 5, 8, 7, 9, 5, 8, 5, 7, 7, 9, 5, 7, 9, 6, 9, 5, 7, 6, 9, 5, 5, 9, 9, 6, 6, 6, 6, 5, 7, 6, 9, 7, 9], [5, 5, 8, 8, 7, 6, 5, 5, 5, 6, 5, 6, 8, 6, 9, 9, 5, 5, 8, 7, 7, 6, 8, 8, 8, 6, 6, 6, 9, 9, 7, 6, 6, 7, 6], [6, 7, 6, 9, 7, 7, 5, 5, 9, 5, 6, 9, 6, 7, 7, 6, 9, 6, 9, 9, 7, 9, 6, 7, 9, 5, 7, 6, 5, 7, 8, 8, 6, 6, 6], [7, 7, 8, 9, 9, 7, 6, 7, 6, 7, 9, 6, 6, 6, 8, 7, 8, 6, 6, 8, 9, 9, 7, 8, 5, 6, 8, 6, 8, 9, 5, 6, 6, 6, 6], [5, 5, 9, 7, 7, 8, 6, 7, 8, 6, 7, 9, 6, 9, 9, 6, 7, 9, 6, 9, 6, 5, 5, 6, 9, 5, 7, 8, 8, 7, 5, 9, 7, 8, 7], [5, 8, 9, 9, 9, 9, 7, 8, 6, 8, 6, 7, 5, 7, 8, 7, 5, 9, 7, 9, 9, 5, 9, 7, 5, 7, 9, 9, 7, 9, 6, 9, 9, 6, 9], [9, 5, 9, 5, 9, 6, 7, 6, 8, 9, 8, 6, 9, 7, 5, 5, 5, 7, 5, 9, 5, 7, 9, 6, 9, 5, 7, 6, 5, 6, 7, 9, 5, 8, 5], [8, 6, 6, 5, 6, 6, 9, 5, 7, 9, 9, 5, 8, 8, 8, 7, 8, 5, 7, 6, 7, 6, 7, 9, 6, 9, 6, 8, 6, 8, 9, 6, 8, 8, 9], [8, 7, 8, 9, 6, 6, 7, 9, 9, 5, 6, 8, 6, 8, 6, 8, 5, 8, 9, 8, 8, 8, 6, 5, 6, 5, 7, 9, 9, 5, 6, 9, 5, 8, 5], [5, 8, 8, 7, 7, 8, 8, 8, 9, 5, 5, 7, 7, 6, 8, 5, 6, 9, 6, 6, 6, 8, 6, 9, 5, 7, 6, 7, 5, 6, 6, 6, 6, 7, 9], [6, 6, 6, 9, 5, 8, 6, 6, 9, 8, 8, 8, 9, 6, 9, 9, 9, 7, 7, 7, 7, 9, 8, 5, 9, 5, 6, 7, 8, 6, 9, 8, 8, 8, 7], [9, 6, 8, 6, 9, 8, 6, 8, 8, 6, 8, 9, 8, 8, 8, 7, 7, 6, 7, 6, 6, 6, 5, 7, 9, 6, 6, 5, 5, 9, 6, 5, 8, 8, 5], [8, 8, 5, 5, 8, 8, 6, 5, 8, 8, 6, 6, 7, 8, 7, 9, 7, 7, 8, 7, 6, 9, 5, 9, 7, 7, 5, 8, 5, 7, 6, 9, 8, 6, 8], [9, 5, 5, 7, 9, 9, 8, 8, 9, 6, 5, 9, 7, 8, 6, 8, 5, 7, 7, 5, 5, 6, 8, 9, 8, 6, 5, 5, 8, 7, 6, 6, 8, 9, 8], [7, 7, 5, 6, 6, 7, 8, 6, 5, 8, 8, 8, 6, 6, 5, 7, 7, 8, 9, 8, 6, 7, 7, 5, 5, 7, 9, 5, 6, 8, 8, 7, 5, 8, 7], [5, 9, 9, 7, 8, 6, 8, 9, 6, 8, 5, 7, 7, 5, 5, 7, 7, 8, 6, 9, 6, 6, 9, 8, 7, 8, 6, 7, 9, 5, 6, 9, 8, 8, 7], [6, 5, 5, 8, 7, 9, 8, 7, 5, 9, 7, 6, 9, 7, 6, 9, 9, 7, 8, 9, 5, 6, 9, 5, 9, 8, 8, 9, 6, 9, 6, 7, 8, 9, 8], [6, 9, 6, 7, 5, 6, 6, 8, 5, 5, 5, 6, 6, 6, 6, 8, 7, 5, 8, 9, 9, 5, 7, 5, 5, 8, 7, 8, 9, 8, 5, 5, 5, 8, 8], [9, 8, 9, 6, 8, 6, 7, 5, 6, 6, 8, 6, 9, 6, 6, 8, 6, 9, 7, 5, 9, 6, 9, 9, 7, 9, 6, 9, 7, 7, 9, 6, 5, 5, 9], [7, 6, 8, 8, 5, 9, 5, 8, 7, 7, 6, 8, 5, 8, 5, 8, 8, 7, 5, 7, 6, 8, 6, 5, 9, 8, 6, 5, 8, 5, 8, 8, 8, 9, 7], [5, 7, 7, 6, 9, 7, 5, 8, 8, 5, 6, 9, 5, 9, 6, 9, 9, 5, 9, 6, 9, 6, 6, 7, 6, 9, 8, 7, 8, 8, 5, 9, 7, 8, 7]]
Demand for each product in each period d: 
[[49, 8, 21, 0, 18, 23, 2, 34, 12, 24, 13, 43, 0, 2, 22, 42, 11, 21, 30, 33, 11, 43, 23, 0, 11, 0, 17, 13, 26, 45, 25, 0, 9, 27, 24], [26, 28, 8, 44, 43, 20, 41, 27, 41, 19, 16, 31, 33, 0, 40, 32, 42, 15, 43, 18, 22, 16, 27, 48, 49, 8, 47, 22, 42, 6, 12, 40, 35, 9, 27], [26, 48, 29, 12, 21, 17, 18, 19, 8, 5, 19, 17, 12, 23, 36, 0, 32, 30, 24, 23, 49, 11, 45, 33, 36, 16, 4, 34, 13, 33, 19, 29, 8, 27, 32], [32, 44, 42, 6, 27, 19, 27, 39, 39, 26, 0, 41, 18, 49, 47, 42, 22, 12, 27, 42, 49, 30, 44, 45, 29, 6, 42, 1, 20, 3, 23, 0, 40, 37, 2], [15, 0, 36, 13, 23, 10, 45, 46, 42, 43, 0, 38, 0, 36, 0, 8, 14, 16, 38, 1, 8, 26, 31, 44, 14, 34, 5, 15, 11, 38, 45, 10, 43, 47, 45], [2, 32, 48, 7, 22, 5, 41, 23, 49, 11, 39, 22, 37, 22, 11, 38, 20, 16, 35, 37, 47, 0, 6, 15, 25, 21, 37, 14, 9, 28, 14, 22, 49, 26, 22], [16, 18, 23, 46, 1, 37, 37, 38, 38, 20, 11, 39, 9, 3, 1, 35, 18, 8, 20, 19, 47, 4, 38, 4, 36, 14, 47, 21, 37, 14, 3, 30, 30, 31, 12], [5, 10, 28, 36, 36, 32, 31, 12, 39, 13, 31, 27, 34, 22, 36, 13, 37, 22, 19, 34, 19, 48, 22, 28, 46, 2, 13, 9, 0, 5, 33, 0, 37, 36, 29], [3, 19, 9, 49, 42, 12, 18, 42, 23, 0, 32, 36, 28, 8, 5, 22, 0, 8, 15, 34, 34, 48, 8, 40, 31, 31, 5, 25, 34, 17, 8, 15, 43, 26, 7], [2, 0, 33, 24, 14, 27, 32, 33, 39, 0, 32, 43, 19, 29, 7, 7, 6, 47, 16, 24, 35, 43, 9, 0, 47, 6, 1, 49, 44, 39, 0, 16, 44, 27, 3], [26, 5, 42, 26, 14, 12, 3, 27, 0, 18, 9, 13, 34, 16, 34, 33, 15, 47, 2, 2, 5, 11, 15, 1, 27, 23, 1, 0, 12, 13, 48, 40, 36, 17, 4], [3, 41, 12, 36, 10, 23, 47, 15, 3, 26, 8, 9, 49, 11, 29, 31, 37, 23, 33, 45, 49, 2, 33, 16, 13, 34, 2, 45, 4, 24, 17, 16, 0, 27, 35], [16, 34, 11, 30, 5, 40, 13, 14, 12, 9, 31, 0, 28, 32, 3, 23, 9, 9, 32, 39, 4, 11, 40, 17, 3, 27, 12, 6, 47, 34, 5, 33, 48, 14, 10], [21, 4, 22, 30, 20, 5, 26, 0, 19, 44, 12, 33, 24, 6, 22, 42, 18, 0, 20, 43, 35, 9, 27, 11, 26, 18, 3, 11, 0, 10, 26, 10, 48, 36, 24], [18, 40, 35, 23, 23, 38, 10, 7, 5, 9, 8, 46, 44, 14, 23, 45, 37, 23, 46, 43, 23, 32, 24, 12, 46, 37, 12, 30, 25, 17, 45, 17, 22, 15, 29], [0, 30, 20, 11, 28, 7, 28, 0, 4, 30, 46, 3, 21, 17, 28, 42, 24, 10, 28, 32, 0, 0, 11, 27, 34, 35, 49, 48, 5, 0, 19, 0, 43, 18, 47], [27, 41, 38, 48, 7, 13, 5, 2, 29, 17, 33, 16, 2, 0, 28, 12, 20, 25, 3, 16, 20, 39, 33, 43, 10, 41, 12, 1, 22, 26, 0, 30, 14, 17, 14], [0, 48, 22, 35, 43, 0, 13, 10, 38, 29, 35, 10, 43, 18, 26, 48, 42, 47, 23, 15, 44, 22, 25, 45, 33, 45, 48, 37, 13, 19, 9, 43, 27, 6, 7], [32, 30, 0, 47, 16, 13, 30, 15, 5, 43, 32, 11, 14, 33, 25, 44, 0, 32, 19, 37, 27, 21, 32, 19, 16, 44, 17, 48, 34, 28, 37, 49, 2, 19, 37], [39, 3, 33, 23, 20, 20, 19, 33, 39, 49, 13, 27, 36, 37, 44, 42, 34, 0, 14, 11, 13, 0, 20, 21, 22, 0, 33, 31, 43, 18, 29, 28, 39, 11, 29], [16, 6, 17, 18, 49, 49, 15, 37, 24, 33, 13, 45, 1, 15, 0, 32, 29, 19, 0, 35, 18, 18, 44, 20, 25, 31, 33, 7, 38, 15, 3, 42, 11, 15, 26], [42, 18, 9, 31, 18, 13, 11, 14, 8, 0, 42, 8, 6, 43, 8, 14, 42, 16, 15, 21, 36, 24, 45, 48, 6, 34, 24, 9, 38, 17, 10, 48, 17, 3, 7], [30, 3, 38, 29, 6, 47, 32, 19, 2, 0, 38, 0, 0, 6, 32, 20, 7, 19, 40, 4, 16, 28, 46, 28, 16, 32, 35, 0, 40, 48, 42, 30, 33, 24, 7], [0, 46, 20, 5, 41, 0, 28, 49, 38, 5, 9, 42, 25, 10, 37, 32, 23, 48, 14, 1, 37, 3, 27, 20, 23, 44, 15, 19, 23, 29, 13, 22, 30, 0, 31], [8, 31, 11, 4, 33, 0, 0, 38, 31, 40, 15, 8, 45, 34, 35, 2, 22, 29, 33, 3, 25, 45, 22, 36, 32, 16, 16, 7, 33, 9, 8, 4, 27, 33, 22], [6, 7, 21, 17, 40, 28, 33, 49, 36, 29, 4, 13, 33, 0, 28, 13, 31, 29, 21, 25, 7, 2, 16, 6, 12, 15, 15, 38, 29, 38, 39, 9, 13, 46, 43], [13, 30, 2, 30, 8, 32, 34, 34, 43, 7, 10, 33, 5, 46, 40, 0, 40, 27, 12, 25, 21, 5, 0, 29, 45, 26, 14, 17, 26, 28, 26, 26, 10, 28, 48], [17, 43, 30, 24, 0, 20, 2, 17, 44, 45, 17, 36, 26, 14, 37, 5, 38, 0, 12, 13, 29, 0, 41, 24, 0, 0, 3, 37, 16, 35, 41, 1, 0, 41, 10], [0, 20, 40, 49, 36, 0, 35, 25, 28, 27, 38, 44, 15, 12, 9, 30, 41, 16, 22, 25, 44, 5, 22, 6, 24, 11, 0, 10, 16, 18, 41, 49, 11, 37, 0], [2, 1, 23, 23, 49, 49, 16, 22, 17, 24, 16, 12, 39, 45, 43, 15, 4, 6, 22, 33, 49, 0, 43, 11, 48, 24, 36, 48, 13, 40, 0, 27, 3, 28, 40], [46, 16, 12, 38, 10, 12, 43, 29, 21, 1, 9, 5, 13, 38, 45, 12, 22, 5, 43, 43, 12, 28, 28, 0, 9, 14, 44, 13, 16, 7, 33, 10, 34, 35, 47], [2, 12, 15, 46, 27, 28, 29, 32, 11, 27, 2, 37, 0, 16, 2, 4, 5, 26, 0, 0, 47, 46, 6, 15, 41, 44, 10, 43, 15, 27, 39, 41, 26, 13, 24], [19, 46, 0, 41, 33, 8, 3, 0, 40, 28, 16, 20, 36, 43, 11, 21, 41, 29, 48, 0, 35, 13, 7, 13, 11, 19, 27, 46, 31, 28, 20, 34, 8, 16, 36], [49, 0, 0, 14, 2, 41, 45, 11, 27, 22, 14, 27, 20, 37, 26, 0, 49, 4, 13, 28, 0, 31, 7, 1, 21, 11, 32, 25, 39, 26, 8, 8, 6, 0, 9], [4, 34, 20, 48, 32, 49, 27, 35, 12, 8, 15, 40, 8, 8, 44, 0, 0, 34, 11, 7, 24, 18, 0, 45, 6, 21, 16, 11, 19, 26, 8, 36, 19, 0, 20], [34, 17, 15, 36, 47, 18, 9, 16, 31, 39, 6, 0, 9, 0, 17, 17, 28, 27, 30, 4, 40, 7, 7, 3, 30, 0, 38, 17, 41, 4, 1, 0, 11, 31, 36], [32, 27, 24, 10, 34, 16, 46, 4, 2, 37, 40, 0, 14, 34, 20, 42, 1, 20, 22, 18, 41, 21, 12, 18, 34, 19, 24, 47, 45, 32, 0, 39, 15, 6, 0], [33, 27, 38, 0, 0, 19, 13, 36, 13, 8, 8, 30, 47, 20, 0, 34, 0, 48, 19, 32, 19, 4, 36, 16, 2, 48, 27, 24, 26, 0, 18, 17, 6, 31, 28], [45, 49, 12, 0, 39, 44, 43, 8, 22, 39, 0, 0, 20, 0, 17, 28, 34, 44, 2, 44, 0, 7, 25, 0, 24, 49, 18, 13, 25, 28, 38, 47, 0, 45, 0], [48, 6, 30, 38, 43, 37, 41, 12, 0, 11, 2, 13, 42, 8, 10, 16, 21, 41, 26, 7, 13, 12, 5, 42, 4, 0, 46, 34, 5, 1, 11, 46, 2, 33, 2], [25, 4, 0, 8, 38, 11, 18, 21, 29, 3, 6, 6, 33, 32, 0, 14, 43, 29, 14, 18, 38, 16, 34, 37, 38, 15, 41, 37, 44, 35, 29, 27, 39, 9, 0], [34, 32, 0, 5, 41, 30, 25, 37, 12, 4, 6, 28, 47, 14, 18, 30, 33, 30, 35, 26, 49, 38, 30, 0, 27, 18, 0, 24, 48, 28, 43, 49, 49, 20, 15], [11, 48, 28, 46, 0, 33, 9, 0, 49, 31, 35, 49, 16, 3, 45, 45, 12, 21, 36, 25, 4, 11, 11, 13, 37, 45, 22, 0, 3, 22, 23, 43, 48, 24, 0], [35, 29, 42, 45, 17, 0, 47, 33, 0, 7, 24, 40, 30, 1, 40, 16, 21, 7, 9, 19, 45, 9, 35, 0, 40, 46, 21, 30, 2, 23, 1, 16, 43, 33, 37], [45, 18, 44, 44, 8, 43, 12, 45, 2, 49, 49, 10, 0, 3, 15, 38, 29, 11, 44, 0, 27, 36, 36, 13, 30, 8, 41, 26, 16, 16, 33, 20, 12, 2, 2], [17, 5, 9, 34, 30, 1, 21, 15, 16, 3, 30, 27, 32, 14, 32, 38, 0, 9, 49, 28, 39, 2, 45, 21, 42, 38, 4, 27, 4, 16, 10, 8, 14, 30, 0], [34, 36, 36, 48, 38, 0, 11, 31, 21, 42, 23, 7, 3, 32, 44, 18, 28, 0, 31, 0, 0, 43, 38, 7, 33, 2, 41, 40, 10, 17, 22, 33, 24, 21, 17], [49, 20, 26, 9, 37, 7, 38, 20, 6, 13, 44, 0, 18, 4, 43, 39, 19, 21, 42, 6, 15, 0, 48, 39, 31, 22, 36, 26, 18, 33, 28, 5, 22, 34, 12], [42, 29, 12, 13, 26, 23, 7, 40, 0, 4, 9, 23, 23, 0, 36, 19, 32, 20, 32, 18, 13, 32, 7, 41, 35, 19, 27, 13, 44, 16, 13, 41, 44, 19, 0], [19, 23, 43, 35, 9, 47, 12, 0, 18, 9, 17, 39, 11, 42, 0, 37, 48, 48, 43, 3, 15, 0, 44, 14, 3, 36, 39, 20, 0, 36, 32, 2, 16, 11, 18], [30, 45, 47, 5, 11, 0, 15, 46, 19, 9, 33, 25, 35, 49, 11, 1, 44, 39, 10, 34, 24, 8, 37, 10, 21, 9, 6, 4, 37, 25, 8, 43, 36, 0, 29], [38, 35, 33, 43, 24, 24, 13, 38, 44, 27, 39, 13, 46, 41, 18, 44, 36, 46, 41, 37, 21, 19, 9, 38, 45, 29, 0, 23, 2, 17, 42, 44, 23, 21, 20], [12, 41, 27, 24, 40, 22, 17, 34, 41, 8, 36, 18, 24, 47, 0, 38, 45, 40, 0, 4, 12, 41, 29, 34, 37, 21, 37, 39, 29, 26, 6, 27, 5, 19, 37], [32, 0, 37, 15, 49, 14, 17, 36, 37, 35, 28, 39, 13, 0, 22, 25, 49, 15, 40, 38, 25, 6, 41, 32, 12, 25, 28, 1, 37, 45, 1, 20, 39, 0, 0], [0, 35, 0, 7, 47, 3, 28, 6, 43, 11, 15, 7, 28, 20, 14, 7, 4, 0, 3, 45, 4, 8, 2, 18, 34, 16, 5, 3, 43, 20, 27, 43, 1, 24, 33]]
Maintenance cost in each period m: 
[69753, 68484, 70490, 69058, 70267, 68875, 68772, 69022, 69548, 69948, 70797, 70586, 71092, 72169, 70661, 68880, 68715, 72054, 70296, 71936, 68635, 71629, 69089, 69279, 70342, 71399, 69700, 70778, 69315, 71347, 71665, 72348, 70136, 69104, 71771]
Maximum capacity of the machine cmax: 
2695