Set of periods in the planning horizon T: 
45
Set of products P: 
60
Capacity reduction coefficient alpha: 
0.8
Relative decrease of capacity per set up gamma: 
0.36
Capacity reduction coefficient due to product types beta: 
[0.27, 0.26, 0.34, 0.25, 0.39, 0.21, 0.33, 0.36, 0.25, 0.21, 0.29, 0.32, 0.28, 0.22, 0.21, 0.3, 0.23, 0.27, 0.32, 0.32, 0.24, 0.32, 0.3, 0.21, 0.23, 0.33, 0.2, 0.27, 0.28, 0.26, 0.4, 0.22, 0.31, 0.2, 0.35, 0.21, 0.33, 0.3, 0.39, 0.28, 0.21, 0.34, 0.29, 0.32, 0.29, 0.35, 0.33, 0.3, 0.22, 0.28, 0.34, 0.35, 0.31, 0.22, 0.29, 0.4, 0.21, 0.22, 0.21, 0.36]
Fixed production cost of each product in each period f: 
[[699, 520, 724, 715, 797, 887, 694, 565, 619, 673, 717, 926, 764, 830, 763, 659, 907, 978, 811, 642, 799, 933, 751, 543, 620, 647, 521, 952, 615, 672, 506, 730, 726, 716, 989, 640, 720, 654, 861, 727, 725, 583, 818, 749, 519], [546, 639, 976, 767, 965, 806, 816, 805, 844, 825, 803, 649, 765, 791, 671, 935, 781, 908, 695, 632, 906, 681, 613, 875, 561, 545, 990, 961, 622, 708, 837, 691, 941, 866, 878, 549, 784, 833, 520, 873, 554, 774, 521, 815, 768], [956, 527, 656, 976, 664, 709, 990, 701, 513, 906, 646, 505, 671, 690, 956, 941, 924, 679, 707, 924, 801, 796, 639, 839, 701, 823, 931, 721, 661, 970, 871, 749, 533, 986, 885, 814, 932, 674, 966, 647, 942, 530, 808, 589, 611], [790, 811, 566, 607, 523, 809, 739, 913, 910, 977, 552, 994, 909, 781, 570, 846, 950, 952, 930, 963, 631, 969, 671, 656, 521, 851, 661, 804, 675, 936, 622, 838, 559, 554, 936, 715, 641, 834, 642, 650, 814, 848, 884, 686, 505], [822, 709, 977, 908, 784, 555, 568, 735, 941, 640, 506, 674, 916, 989, 841, 536, 520, 577, 791, 799, 920, 804, 564, 540, 998, 935, 990, 593, 767, 544, 913, 966, 843, 918, 676, 873, 874, 780, 631, 910, 557, 658, 854, 666, 893], [654, 757, 856, 643, 792, 757, 749, 596, 827, 760, 611, 593, 848, 982, 574, 580, 849, 573, 863, 988, 954, 785, 744, 655, 918, 727, 671, 943, 580, 679, 535, 811, 673, 646, 862, 894, 513, 825, 735, 797, 896, 909, 991, 750, 624], [502, 560, 787, 749, 513, 920, 909, 915, 980, 791, 561, 731, 863, 751, 687, 978, 711, 900, 785, 822, 825, 916, 889, 993, 683, 771, 578, 879, 511, 692, 728, 524, 820, 657, 970, 529, 771, 951, 773, 640, 896, 517, 563, 940, 772], [668, 807, 658, 815, 933, 706, 772, 516, 889, 816, 561, 891, 974, 535, 823, 630, 932, 602, 845, 594, 709, 644, 679, 780, 973, 757, 546, 671, 606, 886, 877, 815, 710, 959, 500, 740, 933, 946, 778, 631, 686, 644, 862, 765, 809], [866, 762, 925, 824, 513, 851, 800, 731, 605, 689, 590, 858, 905, 522, 720, 870, 955, 548, 689, 854, 549, 521, 678, 607, 607, 515, 650, 909, 619, 815, 646, 628, 968, 524, 610, 981, 871, 710, 780, 788, 743, 811, 830, 880, 644], [696, 837, 513, 611, 847, 792, 704, 887, 520, 540, 889, 835, 550, 863, 595, 534, 721, 883, 741, 892, 923, 912, 790, 929, 831, 787, 836, 647, 948, 735, 932, 830, 703, 526, 944, 917, 550, 650, 775, 620, 612, 590, 956, 519, 749], [684, 983, 539, 538, 940, 547, 812, 804, 558, 969, 756, 892, 618, 516, 531, 606, 742, 576, 602, 623, 767, 762, 605, 993, 768, 962, 992, 862, 664, 652, 822, 861, 843, 703, 902, 550, 830, 563, 805, 758, 781, 943, 547, 831, 685], [613, 599, 591, 585, 930, 817, 896, 671, 538, 798, 708, 708, 745, 563, 818, 689, 792, 939, 749, 930, 629, 550, 764, 551, 753, 782, 675, 902, 591, 676, 569, 673, 743, 535, 597, 529, 927, 917, 922, 549, 866, 704, 572, 712, 871], [921, 785, 722, 573, 521, 591, 688, 580, 804, 695, 552, 755, 997, 957, 790, 726, 972, 903, 935, 585, 930, 925, 917, 890, 567, 938, 950, 964, 538, 569, 848, 718, 998, 662, 648, 725, 672, 817, 990, 883, 616, 649, 974, 889, 641], [780, 869, 863, 849, 510, 799, 929, 625, 646, 681, 592, 893, 887, 945, 645, 972, 945, 571, 619, 728, 812, 549, 613, 984, 785, 713, 920, 796, 732, 546, 725, 528, 595, 931, 907, 674, 663, 776, 867, 537, 972, 920, 848, 951, 787], [569, 680, 984, 699, 931, 885, 745, 681, 551, 658, 655, 537, 748, 626, 997, 990, 924, 832, 637, 697, 796, 565, 548, 635, 944, 909, 907, 840, 962, 978, 904, 983, 785, 739, 740, 762, 939, 868, 869, 619, 808, 573, 933, 960, 598], [501, 913, 564, 796, 600, 783, 885, 876, 661, 794, 709, 837, 792, 875, 654, 975, 730, 778, 894, 893, 616, 849, 895, 862, 524, 830, 796, 747, 685, 623, 702, 820, 953, 965, 783, 994, 606, 686, 530, 945, 842, 699, 602, 914, 808], [501, 957, 507, 824, 963, 532, 789, 673, 558, 750, 628, 713, 928, 627, 601, 711, 504, 708, 918, 971, 507, 648, 723, 840, 526, 961, 683, 601, 915, 567, 527, 980, 756, 705, 983, 880, 661, 774, 946, 738, 637, 799, 905, 749, 770], [691, 624, 703, 538, 571, 508, 765, 775, 851, 601, 856, 676, 509, 558, 637, 679, 516, 570, 857, 690, 845, 896, 717, 844, 736, 533, 596, 861, 709, 943, 575, 884, 621, 540, 985, 874, 552, 981, 641, 655, 589, 554, 707, 720, 545], [654, 557, 876, 805, 900, 565, 620, 520, 885, 662, 684, 727, 814, 593, 926, 542, 957, 551, 688, 651, 672, 503, 606, 864, 614, 585, 947, 523, 616, 961, 707, 841, 641, 925, 520, 802, 926, 579, 618, 919, 939, 866, 725, 583, 598], [556, 680, 557, 685, 538, 774, 762, 657, 733, 563, 597, 668, 516, 830, 866, 822, 931, 724, 916, 861, 530, 837, 909, 525, 748, 593, 721, 520, 774, 890, 735, 969, 693, 711, 514, 870, 939, 946, 637, 814, 511, 722, 756, 772, 990], [589, 719, 781, 712, 522, 853, 999, 858, 997, 646, 688, 913, 602, 616, 582, 894, 950, 539, 808, 642, 816, 513, 868, 982, 572, 827, 700, 947, 781, 801, 718, 961, 814, 978, 712, 507, 969, 572, 566, 985, 537, 688, 951, 531, 691], [961, 912, 727, 965, 629, 908, 758, 634, 593, 593, 964, 989, 875, 996, 897, 613, 605, 873, 625, 656, 595, 821, 836, 859, 934, 990, 809, 519, 984, 957, 627, 856, 807, 981, 598, 983, 866, 687, 857, 985, 879, 976, 594, 582, 660], [579, 922, 956, 901, 990, 557, 880, 609, 835, 940, 958, 988, 529, 574, 514, 666, 661, 526, 626, 613, 893, 740, 850, 630, 849, 566, 868, 700, 777, 530, 923, 973, 625, 598, 961, 604, 929, 865, 971, 895, 546, 791, 683, 845, 906], [630, 752, 953, 766, 690, 679, 760, 509, 962, 540, 845, 914, 971, 556, 709, 735, 837, 638, 996, 857, 544, 629, 649, 668, 959, 895, 672, 986, 952, 639, 630, 713, 884, 547, 581, 689, 788, 712, 843, 658, 507, 699, 683, 642, 938], [729, 852, 813, 578, 832, 738, 695, 677, 866, 557, 594, 515, 827, 534, 885, 770, 737, 798, 817, 708, 793, 702, 728, 567, 739, 979, 926, 679, 803, 941, 677, 831, 732, 674, 893, 564, 572, 617, 724, 781, 786, 768, 696, 736, 945], [852, 566, 719, 760, 639, 894, 681, 780, 776, 613, 622, 564, 628, 655, 721, 861, 500, 732, 703, 572, 875, 503, 765, 908, 845, 752, 888, 881, 871, 681, 662, 725, 923, 617, 955, 803, 689, 634, 812, 884, 943, 670, 549, 845, 913], [986, 910, 724, 751, 933, 892, 909, 974, 595, 993, 918, 650, 556, 819, 596, 980, 958, 570, 855, 962, 513, 956, 609, 563, 788, 671, 749, 701, 800, 981, 985, 806, 501, 647, 996, 787, 962, 538, 759, 923, 979, 717, 781, 646, 899], [660, 876, 536, 673, 947, 545, 713, 651, 513, 897, 733, 679, 682, 854, 748, 829, 554, 756, 582, 932, 750, 889, 630, 912, 711, 528, 553, 724, 640, 910, 793, 563, 706, 551, 585, 597, 863, 659, 593, 562, 646, 820, 757, 628, 532], [865, 647, 941, 686, 790, 559, 603, 587, 680, 611, 806, 892, 957, 815, 640, 630, 570, 505, 930, 957, 503, 633, 684, 529, 632, 922, 530, 866, 896, 708, 733, 875, 790, 817, 635, 871, 811, 841, 802, 970, 598, 748, 725, 864, 739], [603, 998, 867, 540, 502, 867, 721, 960, 972, 800, 933, 919, 640, 747, 936, 617, 565, 554, 637, 521, 538, 889, 862, 719, 505, 881, 638, 596, 653, 956, 665, 973, 548, 784, 572, 989, 509, 905, 951, 861, 551, 973, 516, 982, 642], [943, 731, 863, 756, 892, 532, 502, 574, 785, 527, 956, 899, 509, 989, 705, 568, 560, 999, 886, 543, 664, 630, 588, 797, 731, 877, 630, 617, 923, 952, 957, 827, 552, 867, 640, 806, 535, 506, 581, 967, 918, 730, 680, 725, 654], [750, 987, 530, 860, 677, 895, 910, 949, 753, 552, 880, 962, 693, 668, 689, 720, 765, 833, 973, 633, 946, 768, 685, 720, 867, 982, 904, 981, 910, 799, 738, 823, 758, 966, 944, 530, 770, 626, 688, 933, 510, 771, 568, 571, 757], [984, 739, 915, 835, 898, 954, 935, 624, 838, 970, 532, 839, 705, 701, 779, 936, 791, 971, 933, 753, 502, 899, 639, 747, 929, 890, 649, 962, 624, 928, 951, 516, 546, 507, 886, 995, 515, 855, 777, 553, 766, 625, 764, 720, 804], [536, 912, 839, 921, 695, 883, 743, 916, 885, 776, 785, 719, 855, 993, 974, 994, 896, 856, 659, 726, 629, 554, 502, 936, 513, 745, 548, 578, 765, 693, 853, 793, 805, 757, 769, 873, 899, 751, 729, 913, 634, 857, 510, 757, 686], [505, 744, 759, 538, 527, 582, 567, 814, 771, 654, 760, 901, 585, 693, 830, 892, 897, 501, 614, 510, 944, 527, 806, 594, 744, 973, 761, 927, 582, 535, 692, 883, 852, 990, 953, 691, 536, 959, 955, 522, 673, 900, 837, 718, 765], [802, 753, 997, 649, 810, 618, 710, 579, 610, 735, 526, 513, 780, 735, 957, 720, 718, 952, 831, 948, 842, 733, 865, 831, 909, 530, 972, 826, 753, 973, 808, 731, 684, 892, 653, 661, 613, 760, 817, 929, 891, 917, 544, 647, 909], [603, 677, 826, 999, 573, 601, 836, 691, 872, 580, 523, 886, 752, 684, 973, 797, 970, 625, 657, 811, 686, 667, 629, 961, 507, 621, 948, 872, 623, 968, 517, 765, 643, 726, 671, 783, 769, 861, 544, 794, 921, 677, 650, 790, 577], [800, 911, 799, 650, 879, 601, 636, 633, 702, 711, 751, 531, 518, 802, 510, 724, 865, 532, 528, 854, 629, 586, 867, 764, 720, 985, 946, 694, 670, 921, 826, 714, 546, 584, 816, 785, 975, 770, 783, 777, 547, 758, 710, 554, 541], [513, 923, 641, 543, 729, 543, 975, 930, 557, 623, 955, 792, 680, 673, 824, 769, 511, 954, 713, 528, 781, 842, 510, 617, 979, 552, 695, 984, 906, 750, 978, 879, 751, 707, 504, 921, 755, 729, 606, 743, 969, 749, 703, 545, 788], [857, 838, 814, 501, 536, 946, 684, 705, 610, 925, 836, 991, 519, 685, 781, 673, 631, 508, 922, 559, 536, 757, 990, 685, 803, 629, 832, 838, 570, 704, 670, 948, 681, 839, 893, 812, 712, 592, 616, 675, 708, 994, 553, 646, 670], [630, 999, 598, 752, 536, 764, 542, 675, 708, 808, 500, 635, 956, 910, 747, 807, 867, 560, 879, 996, 854, 728, 978, 723, 613, 927, 660, 957, 513, 627, 792, 502, 668, 919, 901, 620, 963, 533, 580, 840, 853, 780, 834, 631, 664], [933, 841, 961, 708, 573, 658, 984, 629, 944, 657, 950, 805, 774, 661, 899, 822, 846, 542, 632, 557, 961, 561, 956, 836, 948, 938, 774, 617, 731, 940, 952, 663, 584, 818, 931, 661, 541, 508, 777, 927, 751, 901, 824, 642, 665], [907, 829, 620, 662, 519, 977, 996, 636, 847, 589, 557, 576, 678, 528, 837, 658, 914, 918, 808, 587, 589, 774, 987, 940, 894, 913, 903, 590, 848, 995, 931, 550, 875, 896, 781, 560, 946, 624, 647, 863, 756, 809, 900, 990, 770], [971, 574, 848, 824, 772, 609, 673, 637, 691, 750, 594, 694, 516, 947, 814, 593, 977, 753, 651, 748, 760, 562, 534, 556, 814, 897, 659, 907, 677, 750, 703, 956, 521, 614, 819, 994, 733, 870, 861, 891, 532, 773, 898, 587, 944], [627, 735, 925, 973, 902, 660, 665, 830, 734, 897, 806, 643, 989, 704, 635, 942, 954, 525, 665, 603, 765, 732, 757, 948, 909, 563, 920, 762, 793, 959, 982, 663, 530, 905, 730, 696, 710, 786, 904, 956, 599, 934, 944, 906, 933], [675, 780, 536, 592, 745, 999, 565, 853, 943, 787, 649, 598, 875, 861, 540, 624, 856, 862, 588, 679, 647, 697, 963, 902, 779, 588, 510, 631, 983, 807, 742, 533, 704, 666, 932, 575, 888, 670, 500, 680, 833, 802, 783, 931, 903], [991, 953, 918, 553, 618, 605, 933, 992, 966, 996, 628, 847, 981, 737, 676, 641, 650, 996, 774, 941, 985, 984, 541, 949, 747, 636, 728, 730, 946, 930, 620, 911, 552, 513, 585, 761, 599, 664, 766, 972, 573, 785, 678, 875, 655], [986, 672, 712, 852, 800, 944, 860, 852, 560, 799, 753, 939, 628, 598, 622, 985, 620, 839, 589, 964, 889, 713, 598, 784, 926, 760, 883, 813, 569, 910, 549, 986, 648, 748, 508, 920, 636, 940, 791, 825, 667, 568, 918, 772, 924], [962, 805, 735, 835, 739, 825, 552, 650, 750, 502, 755, 608, 618, 910, 589, 921, 823, 534, 653, 600, 613, 698, 621, 931, 809, 886, 534, 557, 979, 635, 720, 973, 586, 500, 676, 548, 737, 988, 862, 646, 972, 751, 590, 786, 813], [967, 530, 509, 808, 852, 621, 548, 917, 756, 647, 561, 821, 522, 928, 783, 895, 827, 677, 794, 714, 681, 601, 874, 617, 855, 945, 736, 977, 759, 570, 925, 694, 993, 871, 701, 618, 594, 839, 902, 885, 937, 547, 617, 630, 921], [915, 756, 756, 705, 723, 535, 500, 559, 677, 713, 798, 986, 671, 915, 760, 579, 988, 794, 777, 807, 903, 992, 691, 584, 593, 727, 836, 542, 964, 699, 636, 784, 771, 820, 603, 969, 800, 538, 690, 763, 724, 993, 916, 852, 542], [933, 948, 690, 655, 614, 940, 837, 656, 817, 604, 503, 518, 909, 675, 912, 657, 773, 636, 955, 976, 544, 522, 588, 624, 924, 781, 510, 595, 879, 783, 843, 769, 824, 708, 814, 812, 888, 785, 526, 741, 641, 901, 753, 609, 591], [593, 686, 939, 552, 530, 524, 797, 671, 889, 847, 643, 718, 980, 661, 637, 895, 599, 737, 863, 652, 622, 787, 800, 677, 841, 516, 910, 769, 839, 681, 771, 611, 993, 535, 877, 669, 938, 766, 980, 672, 794, 762, 854, 639, 858], [794, 768, 593, 763, 685, 778, 692, 550, 535, 694, 757, 520, 576, 781, 783, 723, 695, 738, 568, 653, 866, 531, 731, 723, 927, 994, 775, 740, 855, 550, 892, 704, 806, 726, 580, 666, 581, 904, 542, 908, 711, 518, 512, 710, 594], [560, 660, 632, 853, 686, 683, 754, 821, 546, 979, 970, 870, 576, 598, 832, 939, 685, 765, 725, 531, 956, 942, 823, 955, 559, 798, 748, 559, 644, 606, 995, 891, 780, 757, 738, 620, 825, 574, 885, 798, 838, 934, 923, 836, 640], [688, 840, 752, 854, 801, 949, 767, 881, 699, 661, 565, 822, 862, 787, 645, 940, 642, 863, 614, 997, 917, 865, 901, 901, 804, 687, 614, 663, 745, 810, 620, 832, 541, 966, 987, 976, 766, 990, 920, 734, 748, 964, 594, 771, 570], [934, 755, 721, 926, 647, 966, 548, 822, 550, 790, 928, 803, 816, 679, 958, 527, 608, 884, 855, 873, 727, 915, 896, 991, 984, 512, 765, 525, 860, 596, 967, 710, 658, 627, 665, 523, 970, 917, 930, 558, 694, 552, 952, 941, 983], [700, 618, 508, 860, 955, 609, 644, 963, 526, 698, 505, 632, 521, 811, 755, 975, 804, 708, 793, 754, 713, 843, 907, 629, 594, 882, 965, 554, 553, 685, 513, 743, 500, 561, 672, 922, 618, 941, 684, 675, 759, 872, 929, 714, 602], [735, 742, 889, 701, 674, 572, 857, 537, 597, 801, 625, 735, 516, 713, 537, 709, 940, 773, 779, 531, 603, 979, 730, 702, 796, 897, 525, 871, 912, 564, 674, 846, 638, 934, 614, 635, 777, 789, 979, 985, 602, 541, 934, 796, 591], [675, 982, 996, 865, 971, 551, 543, 581, 830, 877, 687, 663, 603, 989, 972, 677, 566, 965, 744, 864, 946, 799, 811, 769, 559, 507, 543, 680, 577, 682, 665, 757, 624, 562, 599, 831, 629, 699, 924, 618, 933, 775, 898, 506, 807]]
Variable production cost per unit of each product in each period p: 
[[12, 12, 12, 10, 13, 13, 13, 13, 12, 11, 13, 11, 11, 13, 11, 12, 12, 11, 12, 12, 13, 11, 13, 11, 10, 12, 13, 10, 12, 13, 12, 10, 10, 12, 10, 11, 12, 11, 12, 12, 13, 12, 12, 13, 13], [10, 12, 12, 12, 11, 11, 12, 12, 10, 11, 10, 10, 13, 10, 12, 13, 11, 11, 12, 12, 13, 10, 13, 10, 10, 11, 12, 10, 10, 12, 13, 10, 13, 11, 10, 11, 10, 12, 10, 11, 12, 13, 11, 11, 12], [10, 10, 11, 10, 12, 12, 13, 13, 13, 10, 11, 12, 13, 10, 11, 11, 12, 12, 11, 11, 12, 10, 11, 10, 12, 11, 13, 13, 10, 11, 11, 11, 10, 10, 12, 13, 13, 12, 11, 13, 13, 13, 11, 12, 11], [11, 13, 12, 10, 13, 10, 11, 13, 13, 10, 12, 11, 11, 12, 11, 11, 13, 12, 10, 13, 12, 11, 12, 11, 10, 13, 12, 12, 13, 13, 10, 12, 12, 12, 13, 12, 10, 11, 13, 11, 13, 13, 11, 11, 12], [13, 13, 12, 13, 11, 11, 11, 11, 13, 11, 10, 11, 10, 12, 11, 11, 10, 13, 10, 10, 11, 11, 13, 11, 12, 10, 13, 13, 11, 13, 11, 10, 11, 13, 12, 12, 11, 11, 10, 13, 10, 12, 12, 13, 12], [12, 12, 13, 10, 13, 10, 12, 11, 12, 11, 12, 12, 11, 11, 12, 13, 10, 13, 12, 12, 13, 12, 10, 13, 13, 11, 11, 13, 12, 12, 12, 10, 13, 12, 11, 10, 12, 11, 13, 12, 11, 13, 10, 12, 12], [11, 13, 10, 13, 13, 13, 10, 12, 13, 11, 12, 12, 13, 11, 11, 11, 10, 12, 12, 12, 10, 11, 12, 11, 11, 10, 11, 11, 10, 12, 10, 13, 11, 13, 11, 10, 12, 12, 12, 12, 13, 13, 10, 10, 12], [10, 11, 11, 12, 11, 12, 10, 11, 12, 10, 12, 12, 11, 11, 11, 11, 10, 10, 10, 10, 13, 11, 11, 11, 10, 11, 13, 10, 10, 12, 10, 12, 13, 12, 13, 10, 13, 11, 12, 13, 12, 10, 11, 10, 12], [13, 10, 12, 12, 11, 10, 11, 13, 12, 13, 13, 12, 13, 13, 12, 13, 11, 11, 12, 13, 10, 13, 12, 12, 11, 12, 10, 13, 12, 13, 11, 12, 10, 11, 12, 11, 11, 10, 13, 12, 13, 11, 12, 12, 12], [13, 13, 11, 11, 11, 11, 11, 12, 12, 13, 12, 10, 11, 13, 10, 12, 11, 10, 13, 13, 12, 12, 12, 12, 11, 12, 11, 11, 13, 12, 11, 10, 13, 10, 12, 11, 12, 12, 11, 13, 11, 11, 13, 11, 13], [10, 13, 12, 11, 10, 11, 12, 10, 10, 10, 13, 10, 13, 10, 10, 10, 13, 12, 10, 10, 10, 11, 10, 10, 11, 11, 11, 13, 11, 11, 10, 13, 11, 10, 12, 10, 11, 10, 12, 12, 10, 11, 12, 13, 11], [12, 12, 13, 10, 13, 12, 11, 13, 13, 12, 10, 10, 10, 13, 11, 11, 11, 10, 10, 13, 11, 10, 13, 10, 11, 10, 13, 11, 11, 11, 10, 10, 10, 11, 13, 11, 10, 13, 11, 12, 13, 12, 12, 13, 12], [11, 12, 12, 12, 11, 11, 11, 13, 11, 13, 12, 12, 12, 11, 13, 13, 12, 13, 11, 10, 12, 13, 10, 11, 10, 13, 12, 13, 10, 13, 11, 10, 11, 12, 11, 13, 13, 12, 13, 13, 10, 11, 13, 13, 10], [12, 12, 13, 10, 10, 13, 11, 13, 10, 11, 10, 10, 12, 13, 12, 10, 11, 12, 12, 11, 10, 12, 13, 10, 10, 11, 13, 10, 10, 12, 12, 13, 10, 10, 13, 13, 11, 10, 13, 12, 10, 13, 11, 11, 11], [10, 13, 13, 11, 11, 11, 13, 10, 13, 13, 13, 10, 12, 11, 13, 13, 10, 11, 10, 10, 10, 10, 13, 11, 13, 12, 11, 13, 12, 11, 11, 11, 11, 10, 11, 11, 10, 11, 11, 10, 11, 13, 12, 12, 10], [10, 11, 12, 13, 10, 10, 12, 10, 13, 10, 11, 10, 10, 12, 11, 10, 12, 10, 10, 13, 12, 11, 13, 11, 12, 12, 11, 13, 12, 12, 13, 12, 13, 13, 13, 13, 11, 10, 11, 12, 10, 13, 12, 12, 12], [10, 10, 13, 10, 13, 12, 10, 10, 11, 10, 13, 13, 10, 10, 11, 11, 13, 12, 13, 12, 10, 13, 10, 11, 11, 13, 11, 11, 10, 12, 10, 12, 11, 10, 13, 13, 12, 11, 13, 12, 10, 11, 13, 13, 13], [10, 11, 11, 12, 12, 12, 12, 13, 10, 11, 11, 10, 10, 11, 11, 10, 11, 10, 10, 12, 11, 12, 11, 10, 10, 11, 11, 13, 10, 12, 12, 12, 10, 13, 11, 10, 10, 12, 12, 12, 11, 13, 11, 12, 11], [10, 11, 12, 11, 10, 13, 10, 10, 11, 12, 10, 11, 12, 12, 11, 13, 12, 13, 13, 13, 11, 10, 10, 13, 11, 11, 12, 12, 12, 11, 11, 13, 10, 11, 12, 12, 11, 12, 11, 10, 13, 11, 10, 12, 12], [13, 10, 12, 13, 12, 10, 13, 12, 13, 12, 13, 10, 11, 13, 13, 10, 11, 13, 13, 10, 10, 12, 10, 11, 13, 10, 11, 11, 11, 13, 11, 12, 12, 13, 12, 12, 11, 11, 13, 10, 11, 12, 12, 13, 11], [11, 11, 13, 13, 10, 10, 11, 10, 13, 11, 11, 11, 12, 13, 13, 10, 12, 10, 11, 11, 13, 12, 10, 13, 12, 13, 13, 10, 12, 10, 13, 11, 12, 11, 10, 11, 12, 11, 12, 11, 11, 12, 10, 11, 10], [12, 12, 13, 13, 11, 11, 13, 13, 12, 10, 11, 10, 11, 10, 12, 10, 12, 11, 11, 12, 12, 12, 10, 10, 10, 13, 10, 11, 10, 13, 13, 11, 10, 13, 10, 10, 10, 12, 11, 12, 13, 13, 10, 13, 10], [10, 10, 12, 10, 13, 11, 13, 10, 13, 12, 12, 13, 10, 11, 13, 13, 13, 10, 13, 11, 11, 11, 13, 13, 10, 10, 10, 13, 12, 11, 12, 13, 11, 11, 13, 13, 11, 13, 11, 11, 12, 11, 13, 11, 13], [10, 10, 13, 12, 12, 10, 10, 10, 11, 13, 11, 12, 12, 11, 11, 13, 10, 12, 11, 12, 12, 10, 10, 13, 12, 11, 13, 11, 13, 11, 12, 13, 11, 10, 12, 13, 13, 10, 12, 10, 13, 13, 11, 13, 10], [11, 11, 12, 12, 11, 11, 13, 12, 13, 13, 10, 11, 10, 12, 11, 10, 13, 10, 10, 12, 10, 10, 10, 12, 11, 10, 12, 12, 11, 11, 11, 13, 13, 11, 10, 10, 12, 11, 10, 12, 11, 12, 13, 13, 12], [10, 13, 13, 13, 11, 13, 11, 12, 11, 13, 10, 10, 12, 11, 10, 12, 10, 13, 12, 12, 11, 11, 10, 11, 13, 10, 11, 13, 10, 10, 11, 13, 12, 11, 13, 12, 12, 11, 11, 10, 13, 13, 11, 10, 13], [11, 10, 12, 10, 13, 11, 11, 10, 10, 12, 10, 11, 10, 13, 10, 10, 13, 12, 12, 11, 13, 11, 10, 11, 11, 11, 13, 10, 11, 13, 12, 10, 13, 10, 12, 11, 13, 12, 13, 10, 12, 11, 13, 13, 13], [13, 12, 10, 13, 12, 11, 13, 10, 13, 11, 11, 13, 13, 12, 11, 12, 13, 12, 11, 10, 11, 11, 11, 10, 11, 13, 11, 10, 13, 11, 12, 11, 13, 11, 10, 12, 10, 12, 12, 11, 12, 10, 10, 10, 12], [12, 12, 10, 11, 13, 12, 13, 10, 11, 13, 10, 11, 12, 12, 11, 13, 12, 10, 12, 10, 10, 11, 13, 11, 12, 10, 11, 10, 11, 11, 12, 12, 10, 12, 13, 13, 12, 10, 11, 11, 11, 10, 12, 11, 10], [12, 11, 13, 10, 10, 11, 11, 12, 12, 10, 13, 11, 12, 12, 12, 11, 12, 12, 10, 13, 12, 10, 10, 11, 10, 11, 10, 10, 11, 13, 12, 13, 12, 13, 10, 13, 10, 11, 13, 10, 13, 11, 13, 11, 12], [12, 13, 11, 10, 13, 13, 11, 10, 11, 11, 11, 13, 12, 11, 10, 10, 12, 12, 10, 13, 11, 13, 11, 11, 12, 12, 11, 13, 13, 12, 13, 11, 12, 11, 10, 10, 12, 12, 12, 10, 11, 11, 10, 12, 11], [12, 13, 11, 12, 12, 10, 13, 13, 10, 10, 13, 10, 10, 12, 12, 10, 10, 13, 10, 12, 11, 12, 11, 13, 12, 12, 11, 12, 12, 13, 12, 12, 11, 13, 12, 11, 12, 12, 10, 12, 10, 12, 12, 13, 13], [12, 12, 13, 10, 12, 11, 11, 10, 10, 12, 11, 11, 13, 13, 12, 11, 13, 12, 11, 11, 11, 13, 11, 10, 12, 10, 13, 12, 11, 12, 13, 10, 13, 13, 13, 10, 12, 13, 10, 10, 13, 13, 11, 13, 10], [11, 12, 12, 10, 13, 12, 13, 11, 11, 13, 10, 13, 11, 13, 11, 12, 11, 10, 13, 10, 12, 12, 12, 11, 13, 10, 10, 12, 10, 10, 10, 10, 10, 10, 10, 13, 13, 11, 12, 11, 10, 10, 10, 12, 10], [12, 13, 11, 12, 13, 11, 12, 12, 13, 13, 13, 12, 13, 10, 11, 11, 11, 12, 12, 13, 13, 11, 12, 11, 11, 13, 11, 13, 12, 12, 11, 10, 12, 12, 12, 12, 11, 12, 12, 10, 11, 10, 11, 12, 11], [11, 13, 12, 12, 10, 10, 10, 11, 10, 10, 11, 11, 13, 13, 13, 10, 12, 12, 13, 10, 12, 13, 10, 10, 12, 12, 11, 11, 13, 12, 12, 13, 12, 11, 12, 10, 11, 11, 11, 11, 13, 10, 12, 10, 11], [10, 12, 11, 12, 10, 12, 11, 12, 10, 11, 11, 11, 13, 12, 11, 10, 13, 12, 10, 10, 11, 11, 10, 10, 13, 12, 10, 12, 13, 11, 13, 10, 12, 12, 10, 10, 13, 10, 10, 12, 13, 13, 10, 11, 11], [13, 13, 13, 12, 13, 13, 12, 13, 10, 12, 13, 11, 13, 10, 12, 11, 11, 13, 10, 12, 11, 12, 11, 12, 11, 10, 12, 10, 13, 13, 13, 10, 13, 10, 11, 12, 13, 12, 13, 13, 10, 12, 11, 13, 12], [13, 13, 13, 11, 11, 12, 11, 11, 13, 13, 10, 12, 13, 13, 10, 12, 10, 13, 11, 13, 11, 10, 11, 13, 11, 10, 13, 12, 12, 10, 10, 11, 11, 13, 10, 13, 11, 10, 10, 13, 11, 10, 12, 12, 11], [13, 12, 11, 13, 11, 11, 11, 10, 11, 12, 11, 13, 12, 11, 13, 12, 10, 10, 10, 10, 10, 12, 13, 12, 13, 12, 10, 12, 13, 11, 13, 12, 12, 12, 13, 10, 13, 13, 11, 10, 10, 12, 12, 11, 13], [10, 12, 13, 10, 11, 13, 11, 11, 10, 13, 12, 12, 12, 10, 11, 13, 11, 11, 12, 12, 11, 12, 13, 12, 12, 13, 10, 13, 10, 12, 11, 10, 12, 10, 11, 11, 11, 11, 11, 10, 11, 11, 12, 12, 11], [10, 10, 11, 13, 11, 11, 12, 13, 13, 13, 11, 11, 10, 13, 12, 10, 11, 12, 11, 11, 12, 12, 13, 10, 13, 13, 10, 12, 13, 12, 12, 12, 11, 12, 10, 12, 11, 10, 10, 11, 12, 12, 11, 10, 13], [10, 11, 10, 10, 11, 10, 11, 13, 10, 13, 11, 10, 13, 13, 12, 13, 10, 13, 13, 12, 10, 13, 13, 13, 12, 12, 13, 13, 10, 10, 13, 11, 11, 11, 13, 10, 11, 12, 10, 12, 11, 12, 12, 12, 10], [10, 12, 13, 10, 13, 11, 10, 10, 13, 13, 13, 11, 13, 11, 11, 12, 10, 11, 11, 13, 10, 12, 13, 10, 11, 11, 12, 11, 11, 10, 11, 10, 13, 10, 12, 13, 12, 13, 11, 10, 10, 13, 13, 12, 13], [11, 11, 13, 13, 11, 13, 10, 13, 13, 13, 11, 10, 13, 12, 11, 13, 11, 13, 11, 10, 13, 12, 13, 13, 13, 10, 13, 11, 10, 10, 11, 11, 12, 11, 10, 10, 13, 11, 13, 10, 13, 10, 11, 10, 12], [10, 13, 10, 10, 10, 10, 12, 11, 10, 12, 13, 10, 12, 11, 13, 12, 10, 10, 12, 11, 12, 11, 10, 13, 10, 12, 10, 11, 12, 11, 11, 11, 10, 10, 13, 12, 11, 11, 10, 11, 11, 13, 10, 12, 12], [13, 13, 12, 10, 11, 11, 10, 12, 12, 11, 10, 11, 11, 12, 10, 10, 10, 12, 11, 12, 10, 12, 13, 13, 12, 11, 10, 11, 11, 12, 12, 12, 11, 10, 10, 12, 12, 13, 12, 12, 11, 11, 11, 11, 12], [11, 10, 13, 13, 12, 10, 13, 12, 13, 13, 11, 13, 12, 12, 11, 10, 10, 12, 10, 13, 12, 11, 11, 11, 13, 13, 13, 13, 10, 13, 13, 10, 12, 12, 10, 10, 12, 10, 11, 12, 13, 11, 10, 11, 13], [11, 10, 11, 11, 10, 10, 10, 11, 10, 13, 11, 10, 11, 12, 10, 10, 10, 13, 10, 10, 11, 12, 10, 12, 13, 10, 13, 10, 12, 11, 13, 11, 10, 10, 11, 12, 10, 10, 10, 10, 11, 10, 11, 11, 10], [11, 10, 11, 10, 12, 10, 10, 13, 11, 11, 11, 11, 11, 11, 11, 13, 12, 11, 12, 11, 11, 13, 10, 13, 10, 10, 12, 13, 11, 11, 12, 13, 10, 10, 13, 11, 12, 13, 13, 13, 12, 11, 12, 12, 13], [12, 12, 13, 11, 13, 11, 10, 13, 12, 11, 10, 13, 13, 10, 12, 11, 10, 10, 12, 12, 12, 10, 10, 12, 12, 12, 13, 10, 10, 11, 13, 12, 10, 11, 12, 10, 11, 12, 11, 10, 13, 13, 11, 12, 10], [11, 12, 11, 13, 13, 12, 11, 13, 13, 11, 11, 11, 10, 13, 12, 10, 13, 13, 12, 11, 13, 10, 12, 11, 12, 12, 12, 10, 12, 13, 10, 11, 13, 13, 13, 13, 11, 13, 11, 13, 13, 13, 10, 12, 10], [11, 12, 12, 12, 10, 10, 11, 10, 11, 12, 13, 11, 10, 12, 13, 10, 10, 10, 11, 13, 12, 13, 13, 11, 13, 12, 13, 10, 11, 11, 10, 12, 12, 13, 10, 11, 12, 10, 13, 11, 11, 11, 11, 10, 13], [10, 11, 13, 12, 13, 12, 11, 11, 12, 12, 11, 11, 10, 13, 12, 11, 10, 10, 12, 10, 12, 13, 11, 13, 13, 12, 12, 12, 13, 11, 10, 12, 11, 12, 11, 11, 13, 12, 13, 13, 13, 12, 10, 13, 13], [10, 13, 10, 12, 10, 12, 13, 12, 13, 10, 11, 13, 11, 13, 11, 12, 12, 13, 12, 11, 12, 12, 12, 10, 13, 13, 11, 12, 11, 13, 11, 11, 10, 12, 13, 11, 11, 13, 10, 13, 12, 10, 13, 13, 13], [11, 10, 13, 13, 11, 10, 10, 10, 12, 13, 10, 10, 10, 11, 12, 11, 10, 10, 10, 10, 13, 12, 10, 13, 12, 10, 11, 12, 12, 13, 13, 13, 12, 12, 11, 12, 11, 12, 10, 12, 12, 11, 10, 10, 12], [13, 13, 13, 11, 11, 13, 10, 11, 12, 11, 12, 12, 12, 12, 12, 11, 11, 11, 10, 10, 11, 10, 12, 13, 13, 10, 11, 11, 12, 10, 12, 10, 12, 11, 12, 12, 13, 10, 12, 11, 13, 10, 11, 11, 10], [12, 11, 11, 10, 12, 10, 11, 11, 10, 13, 12, 12, 13, 10, 12, 11, 13, 11, 11, 13, 10, 10, 11, 12, 13, 10, 12, 11, 12, 12, 13, 12, 13, 13, 13, 13, 11, 10, 11, 10, 12, 10, 11, 10, 10], [10, 13, 10, 13, 11, 12, 11, 11, 11, 11, 13, 12, 12, 10, 13, 10, 11, 12, 12, 10, 10, 12, 10, 11, 12, 10, 10, 11, 10, 13, 10, 12, 12, 13, 10, 12, 12, 11, 10, 12, 13, 12, 11, 10, 11], [12, 11, 12, 13, 12, 12, 12, 11, 12, 10, 12, 10, 11, 13, 11, 11, 11, 12, 10, 10, 11, 10, 10, 11, 12, 12, 11, 13, 12, 12, 12, 12, 10, 13, 10, 10, 12, 10, 10, 11, 10, 11, 10, 12, 13]]
Inventory holding cost per unit of each product by the end of each period h: 
[[5, 8, 6, 9, 5, 5, 8, 9, 9, 5, 5, 9, 6, 6, 8, 8, 8, 6, 6, 7, 9, 6, 9, 7, 5, 8, 6, 6, 5, 6, 9, 6, 7, 5, 5, 8, 5, 8, 9, 5, 8, 6, 7, 6, 8], [7, 8, 9, 7, 6, 9, 8, 9, 8, 6, 8, 5, 6, 9, 8, 9, 6, 9, 7, 9, 5, 8, 8, 6, 9, 7, 7, 6, 9, 6, 9, 7, 7, 6, 7, 6, 8, 6, 5, 9, 6, 8, 5, 9, 7], [7, 5, 8, 6, 9, 6, 9, 6, 5, 6, 5, 8, 9, 8, 5, 7, 7, 9, 5, 7, 6, 9, 7, 9, 7, 9, 9, 6, 9, 5, 9, 9, 6, 7, 6, 9, 5, 9, 5, 9, 7, 8, 7, 8, 7], [8, 8, 6, 8, 7, 6, 6, 6, 5, 5, 5, 8, 9, 9, 9, 5, 8, 5, 9, 6, 7, 6, 6, 5, 8, 9, 9, 5, 8, 9, 7, 7, 8, 7, 8, 6, 5, 9, 8, 6, 9, 6, 5, 6, 8], [6, 5, 6, 6, 7, 7, 8, 8, 5, 5, 6, 7, 6, 5, 6, 6, 7, 8, 6, 6, 6, 8, 9, 5, 5, 8, 6, 6, 9, 6, 5, 5, 7, 5, 9, 6, 9, 6, 6, 5, 8, 7, 6, 5, 7], [6, 9, 6, 6, 6, 9, 6, 9, 9, 5, 9, 6, 9, 6, 7, 5, 5, 9, 5, 7, 7, 5, 7, 5, 6, 8, 8, 5, 5, 9, 5, 9, 5, 5, 8, 7, 8, 6, 9, 7, 7, 5, 9, 6, 6], [9, 8, 9, 9, 6, 9, 8, 9, 7, 8, 8, 6, 6, 8, 5, 6, 7, 6, 9, 9, 7, 5, 6, 6, 6, 6, 8, 8, 6, 6, 5, 5, 7, 9, 8, 9, 9, 6, 7, 7, 7, 7, 6, 6, 9], [9, 6, 8, 6, 8, 8, 7, 8, 6, 8, 6, 5, 9, 5, 9, 6, 9, 9, 5, 6, 5, 5, 6, 7, 9, 5, 6, 9, 7, 5, 9, 7, 8, 5, 9, 9, 9, 8, 5, 5, 9, 9, 8, 8, 6], [9, 9, 8, 5, 8, 8, 8, 5, 8, 8, 8, 7, 9, 9, 9, 7, 9, 5, 8, 7, 9, 9, 8, 5, 7, 5, 5, 8, 5, 5, 6, 7, 7, 6, 5, 9, 7, 5, 5, 7, 5, 9, 5, 5, 9], [6, 6, 5, 8, 7, 9, 8, 7, 9, 5, 8, 6, 7, 7, 9, 7, 9, 7, 9, 6, 8, 6, 5, 7, 8, 6, 7, 8, 7, 7, 9, 8, 8, 5, 8, 7, 5, 8, 6, 7, 6, 9, 9, 6, 5], [6, 8, 8, 6, 7, 6, 5, 6, 6, 9, 7, 6, 5, 7, 9, 8, 6, 9, 9, 6, 6, 6, 9, 6, 7, 9, 5, 6, 7, 5, 6, 6, 8, 7, 7, 8, 6, 6, 6, 6, 5, 6, 6, 9, 8], [5, 7, 7, 6, 7, 9, 6, 5, 9, 5, 9, 7, 5, 7, 8, 9, 7, 6, 8, 5, 9, 9, 9, 6, 9, 8, 9, 7, 5, 7, 8, 9, 8, 7, 9, 9, 8, 8, 8, 9, 9, 8, 5, 7, 5], [7, 5, 8, 6, 5, 5, 7, 5, 7, 5, 5, 9, 5, 5, 7, 8, 8, 8, 6, 5, 7, 8, 6, 8, 7, 9, 6, 9, 5, 6, 5, 5, 8, 9, 9, 8, 5, 7, 8, 6, 9, 9, 9, 7, 5], [6, 8, 5, 9, 8, 9, 8, 8, 9, 5, 8, 6, 8, 9, 9, 9, 8, 5, 7, 9, 5, 6, 7, 7, 5, 5, 8, 5, 6, 6, 9, 5, 7, 8, 6, 7, 5, 5, 6, 5, 6, 5, 7, 9, 5], [6, 6, 6, 6, 8, 8, 9, 7, 6, 6, 7, 8, 9, 5, 6, 7, 6, 5, 5, 6, 8, 7, 9, 6, 9, 9, 8, 5, 9, 7, 5, 9, 9, 8, 8, 6, 8, 9, 9, 5, 5, 7, 9, 8, 8], [6, 8, 5, 6, 6, 9, 8, 5, 5, 8, 7, 6, 8, 5, 6, 6, 8, 8, 9, 6, 6, 6, 5, 5, 5, 9, 9, 9, 8, 8, 9, 9, 5, 9, 7, 5, 7, 5, 7, 5, 5, 5, 6, 8, 5], [9, 5, 5, 9, 9, 5, 5, 8, 5, 6, 5, 5, 8, 8, 9, 9, 8, 9, 9, 7, 7, 7, 7, 9, 6, 9, 8, 6, 6, 9, 6, 7, 7, 9, 6, 6, 9, 7, 5, 6, 7, 9, 5, 6, 6], [9, 7, 7, 7, 8, 7, 8, 6, 7, 5, 7, 7, 7, 6, 8, 8, 8, 6, 7, 6, 9, 5, 9, 6, 9, 5, 5, 5, 7, 8, 5, 7, 7, 8, 9, 6, 5, 9, 9, 7, 8, 5, 8, 5, 8], [8, 9, 8, 9, 9, 5, 9, 7, 8, 7, 6, 5, 6, 7, 9, 7, 7, 7, 8, 7, 9, 5, 5, 5, 8, 6, 8, 8, 5, 6, 5, 6, 9, 7, 9, 8, 8, 6, 9, 5, 9, 7, 5, 8, 9], [6, 8, 9, 7, 8, 6, 7, 8, 5, 5, 5, 5, 5, 5, 6, 5, 7, 6, 5, 8, 9, 6, 7, 9, 6, 5, 8, 9, 7, 9, 8, 7, 9, 6, 6, 5, 6, 7, 5, 8, 8, 9, 9, 9, 9], [6, 9, 6, 7, 7, 5, 8, 9, 6, 7, 5, 7, 8, 6, 9, 5, 6, 5, 7, 8, 8, 6, 9, 6, 9, 9, 7, 7, 7, 7, 5, 6, 9, 9, 8, 6, 6, 8, 7, 5, 9, 8, 6, 7, 7], [7, 8, 6, 8, 7, 8, 8, 8, 7, 7, 8, 8, 8, 9, 7, 7, 7, 9, 6, 5, 6, 6, 7, 5, 8, 6, 9, 8, 5, 8, 6, 5, 9, 6, 9, 5, 5, 7, 6, 5, 7, 9, 7, 9, 6], [6, 8, 5, 5, 9, 9, 6, 6, 7, 9, 7, 8, 8, 9, 6, 9, 8, 8, 6, 9, 5, 8, 5, 5, 8, 6, 5, 9, 5, 8, 8, 7, 8, 6, 5, 9, 8, 5, 6, 8, 6, 9, 5, 5, 8], [9, 9, 7, 6, 8, 8, 9, 7, 9, 8, 7, 7, 8, 6, 9, 8, 8, 5, 8, 7, 5, 5, 9, 7, 5, 5, 6, 6, 6, 7, 5, 5, 5, 5, 6, 9, 7, 7, 9, 8, 5, 9, 7, 6, 9], [8, 6, 6, 7, 5, 9, 5, 5, 5, 6, 6, 8, 6, 6, 9, 6, 8, 8, 9, 6, 5, 6, 7, 5, 6, 6, 6, 9, 7, 6, 5, 9, 8, 7, 7, 7, 6, 9, 8, 5, 9, 7, 8, 7, 7], [6, 8, 8, 8, 5, 5, 6, 7, 9, 9, 8, 5, 5, 9, 8, 5, 8, 9, 7, 9, 5, 5, 8, 9, 7, 9, 8, 8, 9, 5, 8, 5, 7, 9, 9, 9, 9, 8, 5, 9, 6, 9, 7, 6, 8], [6, 8, 5, 6, 7, 5, 7, 8, 6, 5, 8, 8, 6, 8, 9, 7, 8, 6, 7, 7, 5, 7, 8, 9, 7, 8, 6, 5, 6, 5, 5, 6, 9, 8, 6, 5, 9, 5, 8, 7, 9, 9, 8, 9, 7], [7, 6, 7, 9, 9, 9, 5, 5, 5, 5, 6, 5, 7, 6, 5, 5, 5, 9, 5, 8, 6, 5, 6, 5, 6, 9, 9, 6, 7, 9, 7, 9, 8, 5, 9, 8, 5, 8, 5, 6, 7, 9, 6, 7, 9], [5, 6, 6, 6, 8, 6, 9, 5, 5, 7, 7, 8, 7, 6, 9, 5, 8, 6, 7, 6, 9, 5, 9, 8, 9, 6, 7, 5, 6, 6, 9, 7, 8, 6, 6, 5, 9, 7, 6, 7, 9, 7, 8, 6, 7], [9, 9, 6, 5, 7, 5, 8, 7, 8, 7, 5, 8, 8, 6, 7, 9, 8, 6, 5, 8, 8, 9, 7, 8, 8, 9, 9, 7, 9, 8, 5, 7, 8, 6, 9, 8, 6, 7, 9, 6, 9, 8, 7, 9, 7], [6, 7, 5, 7, 6, 8, 7, 6, 7, 5, 7, 6, 8, 6, 9, 9, 8, 5, 8, 8, 9, 7, 8, 7, 8, 6, 7, 8, 6, 9, 5, 8, 5, 6, 9, 6, 8, 6, 5, 7, 6, 5, 7, 9, 5], [5, 5, 7, 8, 8, 9, 9, 8, 6, 9, 9, 8, 9, 5, 6, 5, 7, 8, 5, 6, 9, 6, 5, 7, 6, 6, 9, 5, 9, 8, 5, 7, 5, 8, 5, 5, 8, 5, 7, 9, 5, 8, 6, 6, 5], [7, 5, 5, 6, 9, 6, 7, 9, 8, 6, 7, 5, 8, 6, 8, 7, 6, 6, 9, 5, 8, 6, 8, 5, 6, 5, 5, 7, 5, 6, 6, 6, 9, 6, 6, 8, 6, 6, 5, 8, 9, 7, 9, 5, 9], [8, 9, 8, 8, 8, 9, 9, 5, 8, 5, 7, 7, 9, 5, 7, 9, 9, 6, 8, 7, 9, 5, 6, 7, 6, 6, 8, 7, 7, 7, 6, 8, 6, 8, 5, 7, 5, 8, 6, 8, 5, 8, 5, 7, 5], [5, 6, 8, 8, 5, 6, 8, 6, 8, 6, 7, 5, 6, 8, 8, 9, 8, 8, 6, 5, 6, 5, 6, 5, 6, 9, 9, 8, 9, 8, 7, 5, 6, 9, 8, 9, 7, 7, 6, 9, 5, 5, 9, 5, 5], [6, 8, 9, 6, 5, 8, 8, 9, 5, 5, 9, 6, 5, 7, 9, 8, 7, 9, 9, 8, 8, 5, 5, 6, 5, 7, 6, 5, 8, 6, 5, 7, 5, 8, 7, 7, 8, 5, 7, 8, 7, 9, 9, 7, 5], [5, 8, 7, 7, 8, 9, 8, 6, 8, 9, 5, 9, 6, 5, 7, 6, 6, 7, 5, 7, 5, 5, 9, 7, 6, 7, 6, 5, 9, 5, 9, 8, 8, 8, 5, 9, 8, 8, 8, 7, 8, 9, 5, 5, 7], [8, 8, 7, 7, 5, 6, 7, 6, 9, 5, 5, 8, 5, 6, 5, 8, 5, 6, 6, 8, 5, 9, 7, 5, 8, 5, 6, 5, 9, 6, 7, 6, 6, 5, 8, 8, 5, 8, 8, 7, 7, 7, 5, 8, 7], [9, 5, 8, 6, 8, 5, 7, 6, 6, 7, 7, 5, 9, 8, 9, 7, 5, 6, 9, 7, 8, 6, 9, 5, 7, 7, 8, 8, 9, 8, 6, 5, 9, 5, 7, 9, 7, 5, 8, 5, 7, 8, 9, 5, 8], [5, 7, 5, 9, 8, 6, 6, 9, 9, 5, 7, 9, 5, 9, 5, 9, 5, 7, 8, 6, 8, 7, 9, 7, 7, 8, 9, 7, 9, 7, 8, 8, 5, 6, 8, 9, 7, 6, 5, 5, 8, 5, 9, 5, 7], [7, 9, 7, 7, 5, 5, 6, 8, 7, 8, 8, 6, 6, 9, 9, 9, 8, 7, 6, 9, 7, 7, 9, 6, 8, 7, 8, 7, 5, 5, 6, 8, 8, 6, 7, 8, 9, 5, 9, 6, 9, 9, 5, 8, 8], [9, 8, 6, 7, 7, 8, 6, 9, 6, 7, 7, 7, 7, 8, 8, 6, 5, 7, 8, 8, 7, 8, 6, 9, 5, 9, 7, 8, 8, 7, 6, 8, 7, 6, 5, 8, 8, 5, 6, 6, 5, 8, 8, 5, 5], [7, 5, 7, 9, 5, 8, 5, 5, 7, 6, 5, 8, 8, 8, 9, 6, 9, 5, 7, 5, 8, 8, 5, 5, 6, 9, 9, 5, 7, 7, 6, 6, 6, 5, 8, 8, 8, 5, 8, 9, 5, 7, 5, 5, 5], [8, 7, 9, 9, 6, 9, 9, 8, 6, 9, 9, 7, 5, 5, 5, 8, 5, 8, 8, 5, 5, 8, 7, 5, 8, 6, 7, 9, 7, 5, 6, 6, 9, 7, 8, 8, 8, 8, 6, 6, 7, 9, 9, 5, 7], [7, 8, 9, 5, 8, 7, 9, 8, 7, 5, 5, 9, 8, 5, 5, 6, 9, 8, 9, 7, 8, 6, 7, 5, 8, 7, 6, 5, 6, 7, 9, 5, 5, 5, 5, 7, 8, 9, 8, 9, 6, 6, 8, 6, 8], [8, 5, 8, 8, 8, 5, 9, 7, 9, 6, 8, 7, 7, 8, 6, 8, 7, 5, 9, 7, 7, 8, 6, 5, 6, 7, 7, 5, 9, 9, 9, 6, 5, 8, 6, 9, 8, 5, 6, 8, 5, 9, 7, 7, 7], [9, 5, 7, 7, 7, 6, 6, 7, 8, 9, 7, 6, 8, 8, 6, 5, 7, 7, 7, 8, 9, 5, 7, 6, 5, 9, 6, 8, 8, 7, 6, 7, 6, 7, 6, 7, 9, 8, 8, 9, 7, 5, 8, 6, 9], [8, 9, 5, 5, 9, 6, 6, 8, 8, 5, 7, 9, 7, 8, 5, 5, 7, 7, 7, 5, 7, 9, 9, 5, 6, 8, 8, 9, 7, 7, 9, 5, 6, 9, 5, 7, 7, 7, 6, 7, 9, 8, 6, 5, 6], [8, 9, 8, 8, 7, 7, 6, 7, 9, 5, 7, 5, 6, 5, 8, 6, 6, 5, 5, 5, 5, 7, 9, 9, 8, 6, 5, 8, 9, 7, 7, 6, 8, 7, 5, 9, 9, 9, 9, 5, 6, 6, 9, 6, 9], [7, 6, 6, 6, 7, 6, 6, 8, 9, 9, 7, 5, 8, 8, 8, 9, 7, 7, 6, 6, 8, 6, 5, 6, 5, 6, 6, 6, 9, 5, 5, 8, 7, 6, 5, 9, 7, 5, 8, 8, 8, 6, 9, 6, 7], [6, 7, 6, 8, 5, 8, 6, 8, 5, 6, 9, 6, 6, 7, 7, 7, 6, 6, 9, 9, 8, 6, 7, 7, 7, 7, 6, 9, 8, 9, 7, 9, 9, 8, 6, 8, 8, 8, 7, 8, 7, 9, 9, 7, 9], [8, 8, 7, 9, 8, 8, 6, 9, 9, 8, 7, 6, 7, 9, 8, 9, 8, 5, 9, 9, 8, 5, 9, 7, 9, 7, 7, 8, 9, 5, 7, 5, 8, 6, 5, 9, 5, 9, 9, 9, 8, 6, 6, 7, 5], [7, 5, 9, 9, 8, 5, 8, 8, 9, 8, 7, 6, 6, 6, 6, 8, 8, 7, 9, 7, 7, 9, 9, 9, 5, 8, 9, 9, 5, 9, 6, 9, 5, 5, 9, 8, 9, 6, 9, 7, 6, 6, 8, 7, 8], [6, 5, 6, 5, 9, 7, 9, 7, 6, 6, 6, 9, 8, 5, 8, 5, 9, 8, 7, 6, 5, 7, 8, 5, 5, 6, 9, 7, 8, 5, 6, 7, 5, 5, 8, 5, 5, 5, 6, 5, 5, 5, 9, 8, 8], [5, 8, 6, 9, 6, 5, 8, 9, 8, 6, 7, 8, 5, 8, 7, 5, 5, 7, 5, 9, 5, 7, 5, 5, 7, 9, 6, 6, 5, 8, 7, 6, 7, 7, 9, 5, 9, 9, 6, 5, 6, 8, 7, 7, 6], [5, 5, 6, 8, 9, 7, 5, 5, 6, 5, 7, 6, 9, 5, 5, 6, 5, 5, 9, 9, 5, 5, 8, 5, 6, 7, 6, 7, 5, 7, 5, 8, 6, 6, 9, 9, 6, 5, 7, 9, 8, 7, 5, 7, 5], [9, 6, 5, 5, 5, 9, 5, 6, 5, 6, 7, 6, 9, 8, 6, 7, 5, 5, 7, 8, 7, 5, 5, 7, 6, 8, 8, 8, 9, 7, 9, 6, 5, 5, 9, 6, 5, 6, 9, 7, 7, 9, 9, 6, 6], [9, 7, 9, 5, 6, 9, 9, 7, 7, 5, 5, 9, 6, 8, 8, 5, 5, 6, 6, 7, 5, 7, 5, 7, 9, 9, 5, 6, 5, 7, 7, 9, 5, 8, 5, 8, 9, 7, 7, 7, 5, 6, 5, 5, 5], [7, 8, 7, 6, 7, 7, 6, 6, 7, 6, 6, 9, 8, 6, 6, 6, 7, 9, 8, 7, 7, 5, 7, 5, 5, 6, 5, 6, 9, 9, 6, 5, 9, 8, 9, 8, 5, 8, 5, 9, 6, 7, 5, 7, 8], [9, 5, 6, 8, 5, 5, 9, 7, 8, 8, 7, 5, 8, 6, 5, 7, 7, 6, 7, 6, 6, 5, 6, 5, 5, 9, 6, 8, 8, 6, 5, 9, 9, 8, 5, 9, 6, 7, 9, 7, 8, 8, 9, 7, 5]]
Demand for each product in each period d: 
[[28, 41, 30, 16, 15, 11, 10, 47, 39, 24, 3, 3, 1, 23, 14, 33, 31, 9, 28, 30, 29, 38, 20, 6, 40, 1, 6, 48, 29, 1, 32, 26, 44, 21, 9, 3, 5, 42, 5, 6, 0, 0, 42, 44, 37], [41, 0, 7, 31, 20, 29, 1, 10, 42, 23, 42, 33, 24, 37, 39, 0, 19, 42, 7, 11, 19, 6, 7, 33, 2, 0, 10, 9, 45, 39, 36, 14, 25, 9, 0, 30, 48, 45, 3, 16, 31, 17, 11, 40, 49], [0, 31, 15, 43, 6, 11, 26, 33, 21, 36, 30, 38, 6, 35, 34, 5, 18, 37, 32, 34, 1, 2, 43, 26, 11, 39, 32, 45, 20, 26, 20, 11, 49, 18, 23, 19, 34, 48, 31, 9, 30, 25, 25, 37, 22], [3, 14, 42, 20, 0, 1, 0, 41, 20, 3, 33, 7, 16, 30, 29, 41, 0, 20, 38, 43, 21, 11, 41, 40, 5, 38, 0, 29, 5, 41, 18, 37, 18, 47, 27, 42, 0, 38, 16, 48, 23, 25, 31, 34, 28], [15, 28, 48, 27, 7, 37, 24, 40, 19, 45, 12, 24, 11, 33, 19, 11, 15, 46, 49, 12, 40, 15, 8, 33, 36, 36, 37, 23, 16, 18, 24, 34, 15, 36, 35, 7, 35, 3, 0, 0, 8, 46, 30, 12, 2], [45, 33, 49, 0, 44, 14, 19, 18, 6, 11, 44, 10, 15, 28, 47, 9, 38, 27, 38, 26, 17, 46, 27, 0, 17, 39, 27, 27, 19, 39, 4, 0, 26, 27, 0, 13, 20, 18, 35, 0, 39, 2, 37, 4, 46], [5, 7, 46, 36, 17, 49, 46, 41, 6, 31, 38, 25, 41, 3, 17, 12, 1, 25, 39, 8, 2, 23, 16, 47, 40, 44, 17, 47, 43, 30, 29, 46, 23, 9, 24, 18, 13, 2, 43, 1, 0, 35, 7, 44, 5], [12, 41, 25, 13, 2, 7, 19, 4, 15, 45, 16, 12, 0, 0, 29, 12, 20, 39, 15, 28, 49, 23, 24, 26, 9, 34, 22, 37, 11, 47, 6, 45, 2, 16, 5, 17, 16, 43, 25, 36, 22, 24, 14, 10, 36], [39, 36, 34, 30, 40, 38, 37, 16, 23, 20, 4, 28, 28, 5, 0, 10, 0, 33, 28, 22, 13, 29, 13, 44, 34, 23, 34, 22, 0, 9, 35, 32, 47, 16, 20, 34, 20, 13, 7, 16, 0, 12, 46, 3, 7], [0, 40, 31, 31, 21, 14, 6, 29, 6, 6, 48, 5, 1, 12, 31, 3, 27, 10, 16, 7, 22, 37, 37, 32, 6, 10, 8, 22, 32, 41, 37, 34, 32, 45, 44, 8, 26, 15, 26, 35, 20, 16, 22, 4, 36], [2, 27, 24, 37, 2, 42, 20, 25, 6, 35, 0, 0, 13, 12, 19, 0, 35, 27, 39, 38, 4, 30, 28, 41, 0, 23, 48, 39, 20, 0, 48, 45, 19, 33, 3, 39, 21, 36, 3, 8, 27, 49, 29, 30, 31], [38, 48, 28, 0, 30, 8, 12, 9, 40, 29, 18, 41, 36, 48, 10, 30, 32, 18, 40, 26, 17, 23, 0, 0, 35, 41, 36, 18, 15, 43, 24, 12, 18, 26, 28, 17, 0, 0, 39, 38, 6, 43, 35, 6, 8], [28, 33, 11, 8, 41, 43, 47, 48, 21, 13, 43, 31, 0, 0, 21, 47, 37, 18, 0, 14, 42, 17, 7, 41, 0, 21, 30, 41, 14, 12, 16, 26, 33, 1, 37, 0, 14, 37, 11, 25, 35, 5, 31, 0, 31], [17, 40, 11, 43, 6, 20, 40, 3, 25, 43, 26, 34, 9, 2, 13, 2, 21, 30, 41, 21, 3, 12, 12, 1, 9, 19, 11, 0, 7, 18, 48, 12, 21, 16, 17, 39, 38, 0, 9, 16, 37, 41, 16, 13, 1], [2, 42, 41, 25, 36, 1, 38, 35, 39, 24, 37, 44, 4, 20, 22, 28, 0, 18, 34, 17, 24, 34, 45, 47, 11, 10, 6, 6, 24, 40, 47, 30, 40, 16, 35, 33, 3, 24, 37, 5, 35, 0, 23, 2, 46], [11, 0, 31, 37, 48, 11, 37, 8, 26, 19, 6, 0, 22, 42, 0, 40, 13, 0, 34, 43, 35, 24, 17, 16, 48, 35, 49, 38, 27, 17, 41, 7, 29, 16, 10, 9, 24, 19, 34, 18, 9, 16, 46, 14, 43], [27, 14, 6, 49, 49, 19, 19, 30, 44, 0, 7, 28, 0, 25, 1, 17, 13, 1, 27, 24, 1, 18, 14, 7, 49, 10, 28, 20, 44, 10, 21, 0, 9, 16, 7, 5, 28, 15, 37, 0, 2, 0, 24, 3, 38], [15, 23, 49, 13, 17, 26, 1, 3, 34, 17, 27, 36, 39, 28, 42, 23, 26, 8, 6, 0, 38, 21, 7, 25, 0, 31, 23, 2, 20, 25, 24, 31, 17, 6, 9, 5, 9, 0, 17, 32, 49, 0, 38, 0, 2], [5, 17, 20, 23, 30, 0, 41, 43, 41, 16, 7, 17, 24, 29, 35, 38, 43, 40, 35, 16, 0, 4, 48, 28, 28, 16, 23, 32, 21, 34, 15, 30, 17, 39, 40, 40, 4, 36, 28, 26, 43, 8, 46, 21, 8], [38, 40, 45, 36, 10, 34, 15, 4, 46, 39, 39, 19, 9, 48, 41, 4, 5, 41, 11, 0, 0, 31, 45, 42, 34, 47, 47, 1, 31, 35, 40, 6, 39, 7, 19, 15, 2, 28, 39, 17, 15, 27, 31, 13, 5], [43, 10, 12, 9, 37, 30, 36, 39, 23, 21, 10, 39, 6, 47, 26, 41, 17, 24, 25, 4, 9, 6, 32, 21, 14, 13, 8, 32, 12, 40, 0, 41, 8, 27, 49, 47, 11, 16, 25, 35, 15, 23, 11, 41, 18], [47, 49, 30, 28, 15, 15, 22, 12, 14, 24, 30, 24, 37, 0, 45, 37, 35, 19, 43, 11, 39, 21, 49, 21, 32, 23, 26, 33, 32, 25, 31, 23, 0, 1, 27, 42, 7, 13, 48, 33, 25, 13, 45, 46, 15], [35, 0, 34, 36, 31, 2, 0, 12, 7, 42, 23, 0, 8, 0, 34, 0, 33, 42, 6, 36, 5, 23, 0, 28, 38, 13, 0, 38, 0, 2, 29, 38, 29, 18, 33, 7, 7, 35, 24, 48, 18, 20, 23, 26, 30], [1, 32, 21, 2, 22, 4, 4, 8, 9, 40, 40, 27, 21, 5, 40, 41, 49, 26, 4, 5, 41, 1, 17, 30, 48, 4, 39, 12, 0, 9, 5, 14, 35, 8, 37, 6, 47, 40, 38, 26, 33, 10, 0, 41, 41], [36, 31, 25, 15, 0, 1, 7, 41, 13, 2, 0, 49, 4, 0, 33, 26, 0, 18, 0, 8, 6, 39, 27, 45, 39, 30, 9, 45, 28, 6, 19, 48, 17, 44, 9, 31, 41, 40, 42, 13, 2, 38, 27, 11, 47], [6, 23, 11, 3, 29, 16, 13, 1, 32, 4, 39, 2, 40, 14, 17, 14, 0, 36, 43, 1, 6, 36, 16, 10, 15, 23, 30, 15, 19, 14, 41, 35, 22, 16, 44, 15, 16, 39, 29, 29, 0, 31, 11, 22, 22], [12, 27, 38, 46, 47, 36, 45, 39, 26, 0, 32, 48, 25, 2, 6, 23, 30, 38, 0, 12, 6, 6, 37, 49, 41, 26, 14, 5, 25, 32, 19, 13, 24, 0, 22, 21, 5, 4, 4, 46, 44, 0, 11, 33, 43], [44, 24, 32, 30, 30, 42, 35, 20, 40, 27, 10, 45, 0, 13, 39, 20, 1, 4, 30, 18, 45, 27, 3, 21, 7, 32, 0, 4, 23, 1, 30, 12, 23, 27, 42, 25, 20, 0, 17, 5, 27, 8, 31, 7, 22], [28, 42, 6, 0, 32, 10, 26, 21, 41, 32, 36, 20, 37, 38, 32, 12, 8, 15, 25, 12, 26, 1, 40, 26, 21, 46, 39, 0, 47, 12, 46, 41, 11, 11, 21, 37, 29, 25, 39, 13, 36, 41, 43, 32, 13], [11, 40, 25, 25, 8, 5, 26, 0, 44, 20, 14, 24, 41, 2, 2, 29, 27, 49, 4, 45, 31, 0, 9, 20, 28, 40, 13, 11, 30, 37, 29, 33, 39, 0, 25, 23, 47, 6, 45, 18, 17, 9, 14, 6, 49], [10, 24, 14, 47, 2, 0, 17, 15, 8, 3, 7, 11, 0, 15, 38, 9, 22, 13, 48, 21, 47, 30, 15, 8, 49, 34, 41, 21, 35, 17, 8, 39, 19, 13, 41, 37, 16, 38, 36, 10, 0, 28, 25, 22, 14], [44, 25, 35, 28, 0, 8, 44, 39, 8, 44, 49, 27, 16, 36, 23, 19, 8, 34, 28, 34, 9, 29, 43, 11, 33, 47, 21, 25, 10, 0, 11, 30, 7, 41, 3, 27, 43, 31, 9, 29, 45, 14, 2, 47, 4], [13, 31, 9, 26, 7, 29, 30, 11, 32, 20, 25, 3, 49, 12, 31, 12, 35, 31, 36, 34, 29, 38, 40, 30, 40, 3, 36, 45, 24, 0, 14, 0, 30, 7, 18, 34, 39, 12, 35, 19, 38, 16, 41, 3, 42], [15, 28, 20, 10, 0, 48, 26, 47, 3, 12, 39, 6, 0, 27, 0, 31, 46, 12, 0, 29, 0, 10, 15, 35, 26, 4, 26, 21, 0, 49, 9, 33, 35, 16, 20, 15, 37, 24, 16, 49, 10, 36, 42, 46, 49], [16, 10, 6, 42, 12, 44, 8, 4, 6, 42, 34, 41, 26, 35, 11, 37, 5, 48, 10, 26, 42, 19, 35, 40, 24, 36, 20, 45, 47, 30, 38, 31, 29, 22, 25, 25, 20, 35, 42, 7, 22, 34, 5, 15, 26], [9, 27, 0, 34, 35, 34, 26, 0, 7, 17, 3, 0, 22, 0, 13, 45, 10, 28, 13, 38, 36, 1, 37, 12, 14, 5, 49, 5, 31, 10, 3, 25, 20, 24, 0, 1, 36, 15, 34, 38, 21, 32, 3, 17, 10], [11, 15, 28, 36, 40, 0, 44, 36, 48, 10, 8, 5, 6, 16, 43, 45, 8, 25, 18, 26, 25, 42, 41, 12, 4, 40, 10, 0, 24, 25, 26, 11, 11, 49, 25, 42, 4, 21, 39, 45, 46, 39, 45, 44, 13], [23, 22, 26, 26, 46, 29, 11, 3, 29, 31, 5, 44, 4, 15, 39, 18, 9, 6, 8, 22, 0, 23, 18, 6, 29, 46, 27, 25, 18, 42, 6, 12, 47, 2, 30, 36, 23, 46, 41, 45, 16, 40, 38, 47, 25], [14, 10, 27, 25, 7, 36, 14, 27, 13, 11, 43, 22, 46, 26, 10, 12, 36, 0, 17, 9, 9, 7, 35, 1, 6, 9, 49, 18, 33, 47, 0, 19, 0, 24, 17, 47, 39, 49, 6, 25, 36, 33, 2, 7, 48], [31, 15, 44, 46, 1, 16, 13, 1, 23, 35, 43, 49, 16, 48, 49, 4, 42, 32, 36, 25, 42, 32, 16, 40, 1, 27, 6, 6, 21, 28, 24, 39, 35, 0, 46, 16, 40, 25, 36, 1, 6, 22, 9, 3, 44], [13, 3, 26, 41, 25, 26, 33, 44, 16, 9, 4, 24, 25, 19, 23, 19, 0, 16, 48, 3, 21, 22, 15, 46, 15, 42, 7, 31, 7, 22, 4, 19, 14, 47, 0, 37, 12, 44, 20, 4, 39, 45, 31, 8, 37], [14, 6, 8, 35, 15, 35, 16, 8, 46, 11, 44, 15, 24, 5, 23, 16, 40, 16, 13, 36, 10, 38, 0, 27, 6, 41, 5, 0, 47, 0, 20, 22, 29, 19, 1, 19, 3, 36, 33, 16, 31, 35, 32, 27, 9], [25, 10, 0, 42, 13, 19, 26, 35, 8, 27, 39, 21, 11, 8, 4, 30, 12, 31, 48, 44, 33, 8, 43, 26, 39, 27, 18, 36, 31, 42, 45, 44, 5, 23, 1, 17, 0, 29, 24, 25, 19, 18, 9, 49, 10], [28, 6, 8, 15, 4, 4, 0, 29, 40, 31, 29, 5, 16, 10, 2, 0, 6, 10, 8, 42, 13, 3, 30, 14, 17, 31, 2, 25, 36, 16, 29, 43, 47, 1, 16, 7, 9, 16, 41, 25, 0, 41, 46, 31, 49], [39, 28, 7, 14, 7, 20, 22, 44, 16, 49, 26, 8, 16, 25, 3, 20, 0, 32, 47, 23, 46, 0, 7, 2, 23, 42, 39, 4, 36, 42, 45, 5, 21, 6, 42, 47, 38, 36, 48, 19, 0, 39, 4, 0, 43], [8, 0, 2, 37, 35, 28, 25, 6, 19, 32, 47, 28, 39, 43, 49, 17, 2, 8, 8, 46, 19, 9, 15, 40, 0, 20, 11, 27, 32, 19, 24, 45, 29, 22, 47, 27, 23, 33, 23, 6, 44, 33, 27, 25, 31], [39, 35, 16, 17, 37, 48, 17, 35, 37, 0, 27, 13, 28, 30, 28, 42, 41, 5, 37, 0, 42, 2, 0, 35, 10, 19, 37, 10, 11, 19, 6, 46, 0, 11, 30, 31, 26, 18, 17, 26, 36, 31, 27, 18, 14], [3, 24, 0, 32, 40, 9, 23, 14, 34, 25, 23, 9, 29, 35, 24, 42, 0, 23, 17, 2, 30, 38, 44, 5, 25, 8, 8, 32, 13, 2, 24, 41, 13, 43, 17, 29, 27, 7, 25, 44, 0, 22, 7, 37, 23], [0, 43, 0, 28, 13, 39, 12, 13, 0, 31, 6, 22, 13, 39, 1, 40, 2, 42, 42, 0, 0, 35, 21, 4, 32, 11, 39, 13, 26, 34, 39, 13, 39, 13, 47, 9, 0, 37, 48, 13, 21, 12, 43, 28, 15], [0, 3, 48, 6, 45, 16, 22, 32, 0, 46, 49, 11, 22, 0, 43, 15, 41, 5, 22, 0, 46, 48, 47, 49, 15, 38, 3, 45, 30, 7, 31, 6, 31, 35, 8, 1, 22, 42, 13, 22, 32, 8, 47, 0, 22], [42, 33, 16, 0, 8, 49, 8, 41, 24, 22, 20, 46, 36, 1, 34, 12, 15, 40, 20, 13, 46, 9, 37, 24, 27, 4, 40, 26, 21, 43, 7, 46, 18, 5, 39, 34, 40, 10, 22, 7, 6, 5, 8, 16, 8], [0, 7, 32, 17, 33, 40, 5, 40, 22, 29, 8, 49, 42, 22, 31, 39, 7, 16, 0, 35, 31, 26, 48, 0, 4, 14, 25, 5, 46, 0, 7, 25, 18, 32, 39, 10, 4, 11, 31, 18, 7, 3, 7, 46, 35], [16, 14, 18, 35, 13, 2, 42, 35, 41, 28, 34, 27, 18, 0, 30, 26, 28, 24, 28, 27, 17, 14, 4, 7, 31, 27, 41, 12, 24, 38, 48, 10, 49, 28, 40, 12, 3, 0, 47, 48, 28, 24, 0, 0, 8], [14, 18, 19, 0, 47, 31, 19, 47, 14, 25, 29, 34, 8, 41, 18, 15, 0, 15, 46, 29, 35, 38, 14, 0, 32, 6, 44, 21, 34, 28, 23, 32, 8, 47, 1, 27, 36, 4, 27, 33, 26, 5, 36, 48, 43], [0, 32, 3, 23, 0, 14, 38, 1, 39, 11, 40, 8, 0, 36, 41, 19, 21, 25, 40, 18, 11, 23, 17, 48, 7, 3, 34, 17, 34, 5, 0, 30, 5, 18, 41, 33, 38, 15, 29, 9, 5, 38, 13, 0, 12], [13, 1, 15, 30, 0, 4, 17, 40, 17, 31, 13, 12, 36, 34, 43, 44, 36, 14, 35, 28, 23, 31, 16, 38, 21, 8, 35, 12, 49, 24, 14, 4, 17, 30, 2, 2, 34, 29, 3, 39, 14, 0, 10, 43, 26], [31, 11, 38, 25, 11, 48, 5, 5, 42, 28, 34, 48, 1, 20, 16, 21, 7, 14, 11, 34, 38, 49, 35, 35, 0, 16, 27, 27, 7, 8, 0, 11, 44, 10, 32, 33, 2, 29, 39, 31, 34, 26, 4, 0, 7], [40, 46, 19, 39, 0, 16, 44, 1, 2, 28, 39, 47, 18, 24, 3, 36, 39, 45, 39, 10, 17, 46, 28, 14, 14, 16, 3, 48, 25, 40, 20, 12, 41, 40, 24, 31, 37, 28, 16, 46, 14, 27, 21, 43, 20], [30, 6, 22, 28, 1, 21, 36, 46, 18, 37, 19, 33, 6, 13, 24, 35, 35, 40, 23, 10, 18, 19, 5, 15, 30, 34, 32, 0, 38, 48, 13, 31, 49, 2, 7, 12, 29, 16, 0, 34, 7, 44, 21, 24, 25], [13, 23, 9, 34, 6, 0, 34, 1, 24, 6, 0, 7, 47, 39, 23, 21, 4, 47, 46, 48, 2, 36, 3, 46, 12, 28, 9, 18, 9, 15, 23, 41, 1, 14, 15, 10, 37, 0, 7, 0, 11, 44, 42, 12, 22]]
Maintenance cost in each period m: 
[99250, 96009, 97566, 98920, 97814, 95829, 96324, 99225, 95919, 97334, 95599, 97591, 95971, 97706, 98444, 96947, 99488, 96115, 96861, 97659, 97303, 99370, 96842, 97924, 96834, 96162, 98331, 97717, 96737, 97864, 98178, 95744, 98713, 96588, 98634, 99096, 97962, 97587, 96848, 99404, 96688, 96712, 97225, 97775, 97104]
Maximum capacity of the machine cmax: 
2820