Set of periods in the planning horizon T: 
25
Set of products P: 
30
Capacity reduction coefficient alpha: 
0.8
Relative decrease of capacity per set up gamma: 
0.25
Capacity reduction coefficient due to product types beta: 
[0.32, 0.23, 0.27, 0.32, 0.28, 0.34, 0.24, 0.29, 0.39, 0.22, 0.37, 0.22, 0.28, 0.4, 0.24, 0.38, 0.24, 0.23, 0.28, 0.27, 0.34, 0.28, 0.38, 0.36, 0.37, 0.23, 0.31, 0.22, 0.39, 0.2]
Fixed production cost of each product in each period f: 
[[952, 683, 508, 892, 968, 965, 500, 636, 723, 807, 558, 841, 876, 918, 684, 937, 898, 516, 709, 832, 946, 643, 718, 789, 700], [615, 867, 950, 747, 839, 638, 501, 915, 670, 617, 724, 637, 579, 733, 909, 578, 727, 938, 940, 652, 925, 941, 593, 855, 819], [531, 974, 524, 897, 849, 864, 991, 511, 768, 728, 776, 667, 651, 696, 604, 738, 778, 857, 672, 659, 869, 818, 977, 724, 940], [502, 623, 701, 806, 669, 610, 916, 971, 509, 994, 943, 836, 530, 563, 718, 896, 864, 760, 779, 924, 971, 840, 813, 823, 698], [896, 755, 516, 888, 689, 634, 881, 878, 888, 728, 559, 527, 873, 539, 567, 712, 751, 528, 944, 762, 966, 623, 761, 662, 628], [977, 658, 512, 993, 911, 648, 617, 548, 541, 982, 832, 914, 835, 682, 951, 995, 774, 999, 608, 709, 759, 502, 507, 624, 632], [944, 502, 892, 913, 797, 974, 511, 559, 632, 743, 624, 999, 875, 869, 578, 599, 841, 558, 993, 561, 705, 888, 719, 521, 746], [738, 551, 871, 638, 959, 544, 547, 806, 982, 552, 730, 826, 998, 627, 527, 697, 512, 860, 698, 735, 903, 953, 773, 987, 655], [978, 872, 856, 754, 756, 679, 640, 910, 679, 810, 830, 979, 594, 937, 522, 520, 850, 759, 866, 886, 929, 816, 637, 536, 549], [792, 680, 911, 837, 548, 831, 535, 701, 839, 772, 767, 808, 789, 861, 925, 804, 618, 948, 741, 624, 967, 661, 700, 939, 626], [514, 587, 805, 579, 508, 513, 648, 701, 569, 736, 527, 867, 507, 679, 512, 907, 616, 915, 861, 607, 788, 795, 623, 965, 842], [976, 898, 683, 705, 656, 595, 656, 788, 906, 883, 830, 929, 708, 947, 626, 947, 615, 663, 702, 561, 573, 639, 606, 971, 819], [622, 865, 617, 905, 979, 527, 866, 509, 500, 762, 593, 846, 894, 841, 998, 858, 518, 878, 534, 562, 565, 672, 559, 638, 732], [705, 893, 843, 664, 717, 894, 602, 685, 639, 614, 719, 566, 680, 693, 949, 914, 956, 805, 703, 864, 765, 902, 815, 761, 644], [919, 960, 806, 845, 857, 742, 906, 916, 936, 732, 594, 543, 911, 788, 623, 512, 776, 824, 662, 950, 768, 795, 730, 533, 832], [723, 602, 921, 754, 638, 998, 517, 782, 873, 818, 717, 590, 924, 917, 774, 615, 981, 721, 657, 969, 879, 848, 700, 846, 933], [639, 897, 652, 811, 667, 984, 702, 950, 709, 889, 794, 751, 955, 786, 833, 608, 792, 772, 778, 610, 917, 944, 831, 916, 781], [923, 526, 720, 610, 532, 859, 907, 950, 620, 990, 521, 545, 802, 920, 824, 544, 817, 842, 930, 794, 958, 520, 995, 994, 634], [638, 652, 838, 975, 990, 841, 758, 881, 614, 758, 615, 707, 765, 755, 757, 936, 800, 604, 525, 556, 627, 936, 751, 862, 807], [870, 904, 728, 864, 604, 646, 524, 719, 517, 930, 524, 710, 898, 950, 542, 808, 750, 978, 659, 785, 774, 604, 631, 512, 976], [749, 629, 865, 756, 648, 923, 676, 778, 739, 548, 926, 707, 841, 973, 950, 620, 558, 995, 777, 850, 877, 777, 853, 500, 603], [596, 566, 656, 573, 990, 718, 680, 614, 760, 895, 657, 576, 574, 680, 847, 604, 510, 947, 928, 632, 917, 784, 911, 502, 528], [580, 594, 968, 774, 910, 799, 919, 849, 586, 842, 829, 862, 652, 675, 675, 665, 855, 598, 875, 723, 925, 806, 828, 955, 663], [559, 587, 662, 948, 928, 629, 800, 801, 821, 511, 593, 513, 552, 849, 961, 880, 622, 610, 624, 664, 564, 982, 920, 954, 962], [649, 702, 564, 671, 864, 540, 721, 925, 585, 750, 646, 790, 913, 891, 892, 794, 527, 823, 976, 610, 873, 772, 651, 537, 673], [937, 645, 882, 803, 509, 721, 559, 563, 775, 738, 518, 694, 966, 552, 906, 827, 541, 984, 996, 626, 658, 788, 711, 886, 784], [721, 875, 871, 518, 957, 865, 672, 850, 937, 640, 524, 861, 954, 966, 801, 979, 866, 534, 753, 512, 682, 959, 876, 890, 892], [529, 576, 910, 646, 818, 623, 930, 614, 979, 604, 914, 780, 530, 895, 976, 855, 857, 714, 912, 738, 798, 827, 723, 903, 914], [773, 943, 812, 839, 639, 840, 593, 957, 928, 564, 548, 947, 892, 839, 588, 907, 891, 517, 713, 602, 727, 565, 784, 843, 781], [799, 711, 563, 967, 924, 809, 992, 567, 602, 562, 837, 938, 591, 860, 617, 766, 971, 688, 801, 545, 539, 619, 733, 597, 654]]
Variable production cost per unit of each product in each period p: 
[[10, 12, 11, 12, 12, 12, 12, 11, 11, 13, 11, 10, 12, 11, 12, 13, 12, 12, 11, 10, 10, 13, 10, 10, 11], [11, 10, 10, 13, 10, 12, 11, 10, 13, 11, 11, 10, 11, 13, 10, 10, 10, 12, 12, 11, 11, 10, 10, 12, 13], [12, 10, 10, 12, 10, 13, 12, 13, 13, 10, 10, 12, 10, 10, 10, 11, 13, 10, 12, 11, 12, 12, 12, 10, 11], [10, 13, 12, 13, 10, 12, 11, 12, 10, 13, 12, 13, 10, 13, 12, 12, 12, 11, 12, 10, 11, 12, 10, 11, 12], [12, 12, 13, 10, 12, 11, 13, 12, 10, 12, 12, 12, 11, 13, 12, 13, 11, 10, 11, 13, 11, 13, 10, 12, 13], [11, 11, 13, 10, 10, 12, 13, 10, 10, 13, 10, 11, 10, 13, 13, 13, 13, 11, 12, 12, 11, 10, 12, 12, 12], [12, 13, 11, 10, 12, 12, 11, 10, 11, 11, 13, 10, 11, 13, 12, 10, 13, 10, 11, 12, 13, 12, 10, 13, 13], [10, 12, 10, 11, 13, 10, 12, 13, 10, 13, 11, 10, 11, 13, 12, 12, 10, 10, 12, 11, 11, 12, 12, 12, 13], [10, 11, 11, 11, 12, 11, 12, 13, 11, 10, 12, 12, 13, 11, 11, 12, 12, 11, 10, 11, 12, 11, 11, 12, 11], [11, 11, 12, 10, 13, 12, 13, 10, 10, 11, 12, 10, 10, 12, 13, 12, 13, 10, 10, 11, 10, 13, 10, 10, 13], [12, 12, 11, 10, 13, 11, 13, 13, 13, 10, 11, 11, 13, 10, 10, 10, 10, 13, 10, 12, 11, 13, 13, 13, 13], [13, 10, 12, 13, 13, 11, 13, 12, 10, 10, 13, 12, 13, 10, 10, 12, 12, 12, 13, 13, 12, 12, 10, 13, 11], [11, 10, 11, 10, 10, 11, 10, 11, 13, 13, 11, 13, 10, 13, 10, 12, 10, 11, 11, 13, 12, 13, 10, 10, 11], [12, 13, 13, 10, 12, 11, 10, 10, 10, 10, 12, 13, 12, 11, 12, 13, 10, 13, 13, 11, 10, 10, 10, 12, 10], [10, 13, 12, 10, 10, 12, 11, 11, 10, 12, 10, 11, 12, 13, 10, 11, 11, 12, 12, 12, 11, 11, 11, 12, 13], [11, 12, 10, 11, 10, 13, 11, 12, 10, 10, 11, 13, 12, 10, 12, 13, 13, 13, 13, 12, 13, 10, 11, 12, 12], [12, 12, 12, 11, 10, 11, 10, 12, 12, 11, 10, 12, 10, 13, 11, 13, 13, 13, 10, 12, 13, 10, 13, 11, 13], [11, 13, 12, 13, 13, 13, 12, 12, 10, 13, 12, 10, 12, 11, 10, 11, 12, 13, 11, 12, 12, 13, 12, 11, 11], [12, 11, 13, 10, 10, 11, 11, 13, 11, 11, 11, 12, 10, 12, 11, 10, 11, 12, 11, 12, 13, 11, 12, 13, 10], [11, 10, 12, 12, 12, 11, 11, 10, 12, 12, 11, 12, 11, 12, 13, 10, 12, 13, 10, 10, 11, 11, 11, 13, 11], [13, 13, 13, 12, 10, 13, 11, 10, 10, 13, 11, 11, 11, 13, 11, 11, 10, 12, 13, 10, 11, 11, 13, 10, 11], [13, 11, 11, 13, 13, 13, 11, 12, 11, 10, 10, 10, 10, 12, 11, 11, 10, 12, 12, 12, 12, 12, 10, 13, 13], [13, 11, 11, 13, 13, 11, 10, 12, 12, 12, 10, 10, 13, 12, 12, 13, 10, 12, 11, 12, 10, 12, 12, 11, 11], [13, 13, 13, 12, 13, 10, 11, 11, 11, 11, 13, 13, 13, 11, 11, 13, 10, 12, 10, 13, 12, 13, 12, 10, 12], [12, 11, 12, 13, 11, 12, 13, 11, 12, 11, 10, 12, 11, 10, 13, 10, 13, 12, 10, 10, 10, 11, 11, 13, 12], [11, 10, 12, 11, 10, 12, 11, 11, 12, 13, 12, 11, 10, 12, 10, 12, 13, 11, 11, 11, 13, 10, 10, 12, 10], [10, 11, 13, 13, 11, 13, 10, 11, 11, 10, 10, 10, 12, 13, 12, 10, 11, 11, 12, 12, 12, 10, 13, 13, 12], [11, 13, 13, 12, 13, 10, 12, 11, 10, 12, 10, 13, 10, 11, 10, 13, 13, 11, 12, 12, 13, 10, 11, 11, 11], [13, 11, 12, 12, 11, 10, 11, 13, 11, 11, 11, 13, 12, 12, 12, 11, 10, 12, 10, 10, 10, 12, 13, 10, 11], [10, 12, 10, 12, 10, 12, 13, 12, 11, 12, 10, 13, 13, 13, 10, 13, 10, 12, 11, 10, 13, 10, 11, 13, 12]]
Inventory holding cost per unit of each product by the end of each period h: 
[[6, 5, 7, 5, 8, 9, 7, 9, 8, 5, 8, 7, 6, 5, 6, 5, 7, 5, 8, 7, 6, 6, 7, 7, 9], [7, 6, 9, 6, 6, 7, 6, 6, 8, 5, 5, 8, 8, 7, 8, 7, 9, 7, 6, 9, 9, 6, 9, 7, 5], [7, 5, 6, 7, 5, 7, 6, 8, 5, 6, 7, 9, 8, 6, 8, 9, 5, 9, 9, 5, 7, 9, 9, 6, 9], [9, 9, 9, 6, 8, 8, 7, 6, 5, 7, 5, 8, 5, 6, 6, 7, 9, 5, 9, 6, 8, 8, 9, 8, 8], [5, 8, 6, 7, 5, 9, 6, 8, 9, 7, 8, 9, 9, 7, 6, 8, 8, 8, 8, 5, 9, 8, 5, 7, 6], [8, 5, 9, 9, 8, 6, 8, 8, 6, 6, 7, 7, 5, 8, 8, 8, 6, 9, 5, 6, 7, 5, 9, 6, 8], [8, 9, 9, 8, 7, 7, 9, 9, 8, 6, 6, 5, 6, 8, 5, 5, 9, 7, 8, 9, 9, 7, 6, 8, 5], [6, 5, 8, 8, 8, 6, 8, 7, 5, 9, 6, 8, 5, 5, 7, 8, 5, 9, 9, 7, 9, 9, 8, 8, 6], [6, 5, 8, 5, 6, 9, 9, 7, 7, 8, 5, 5, 8, 6, 9, 6, 7, 5, 5, 5, 8, 9, 6, 6, 7], [9, 9, 9, 8, 9, 8, 9, 5, 8, 9, 8, 6, 6, 6, 6, 7, 5, 6, 8, 8, 6, 6, 5, 6, 8], [9, 9, 8, 8, 5, 9, 9, 7, 8, 5, 6, 9, 8, 6, 8, 7, 7, 9, 5, 5, 6, 7, 5, 5, 6], [9, 9, 5, 8, 9, 6, 7, 8, 8, 6, 8, 8, 6, 9, 8, 7, 7, 7, 6, 8, 7, 8, 9, 6, 9], [5, 5, 5, 7, 6, 6, 5, 9, 6, 5, 6, 8, 8, 5, 5, 5, 8, 6, 6, 8, 8, 6, 6, 9, 5], [8, 9, 9, 7, 6, 8, 9, 7, 6, 9, 6, 7, 9, 8, 7, 5, 5, 7, 5, 7, 9, 9, 9, 5, 5], [5, 5, 7, 6, 6, 8, 6, 5, 9, 9, 8, 5, 5, 9, 6, 5, 6, 9, 9, 9, 8, 7, 7, 9, 7], [5, 6, 7, 7, 6, 9, 9, 8, 6, 6, 7, 6, 9, 7, 5, 7, 7, 7, 6, 8, 7, 6, 9, 7, 8], [7, 7, 7, 9, 5, 6, 7, 9, 6, 6, 9, 5, 5, 5, 9, 7, 9, 7, 8, 6, 8, 8, 5, 6, 6], [9, 9, 9, 8, 5, 7, 6, 8, 7, 6, 8, 9, 7, 7, 9, 6, 7, 7, 5, 7, 9, 8, 7, 5, 8], [7, 8, 7, 6, 9, 7, 9, 9, 5, 9, 6, 6, 5, 6, 8, 8, 7, 9, 7, 7, 5, 9, 9, 5, 9], [9, 7, 8, 9, 6, 6, 9, 7, 6, 9, 9, 7, 5, 7, 6, 7, 8, 6, 8, 9, 9, 8, 9, 6, 9], [6, 9, 5, 8, 5, 7, 6, 8, 6, 7, 8, 7, 6, 6, 7, 7, 5, 7, 7, 8, 9, 8, 8, 9, 9], [6, 6, 9, 5, 5, 6, 8, 6, 5, 9, 5, 9, 6, 5, 5, 6, 5, 6, 7, 9, 5, 7, 9, 6, 7], [9, 6, 8, 6, 5, 8, 6, 8, 7, 9, 6, 8, 6, 6, 7, 9, 5, 7, 9, 8, 9, 6, 7, 9, 7], [5, 5, 8, 5, 7, 5, 6, 6, 8, 5, 8, 6, 7, 9, 6, 8, 6, 7, 5, 9, 5, 6, 8, 8, 9], [5, 7, 7, 9, 7, 6, 8, 7, 7, 7, 9, 8, 6, 6, 6, 9, 7, 9, 5, 9, 9, 5, 7, 9, 7], [8, 8, 8, 6, 7, 9, 8, 5, 9, 8, 9, 7, 8, 5, 5, 9, 6, 6, 5, 7, 5, 8, 7, 6, 5], [7, 8, 9, 9, 6, 8, 5, 8, 9, 8, 6, 8, 5, 5, 8, 7, 5, 9, 8, 9, 8, 8, 9, 8, 8], [5, 9, 5, 7, 6, 8, 5, 5, 9, 9, 8, 5, 7, 7, 6, 9, 6, 5, 6, 6, 9, 9, 5, 9, 9], [9, 6, 8, 6, 6, 9, 9, 6, 5, 8, 9, 9, 7, 8, 5, 8, 6, 5, 9, 9, 9, 9, 9, 9, 9], [6, 8, 9, 8, 9, 6, 5, 9, 9, 8, 8, 6, 5, 7, 6, 6, 5, 5, 9, 6, 9, 9, 5, 8, 8]]
Demand for each product in each period d: 
[[44, 2, 28, 25, 12, 20, 12, 11, 49, 37, 47, 36, 41, 17, 26, 28, 38, 11, 19, 11, 46, 24, 0, 27, 38], [40, 47, 8, 7, 39, 24, 12, 0, 15, 43, 4, 47, 2, 44, 3, 7, 31, 0, 10, 41, 19, 29, 18, 7, 8], [3, 0, 32, 30, 35, 24, 27, 29, 31, 26, 23, 36, 13, 12, 31, 36, 34, 0, 6, 33, 30, 0, 9, 32, 32], [41, 27, 1, 13, 34, 40, 28, 2, 19, 36, 18, 0, 4, 46, 44, 20, 27, 31, 42, 37, 31, 21, 27, 18, 18], [11, 21, 20, 23, 35, 34, 14, 9, 43, 29, 18, 10, 17, 47, 6, 29, 41, 42, 44, 29, 36, 13, 38, 32, 1], [9, 0, 48, 27, 15, 15, 10, 12, 36, 46, 38, 37, 22, 31, 0, 42, 18, 49, 24, 20, 36, 31, 0, 0, 9], [45, 36, 45, 15, 49, 28, 11, 41, 44, 38, 0, 36, 21, 46, 25, 27, 38, 0, 29, 0, 33, 39, 12, 2, 43], [4, 47, 33, 0, 7, 12, 29, 0, 32, 27, 30, 3, 26, 15, 4, 41, 4, 19, 19, 25, 26, 45, 36, 0, 41], [25, 14, 1, 29, 22, 7, 39, 17, 16, 0, 33, 7, 37, 44, 1, 10, 31, 17, 27, 8, 36, 34, 49, 20, 2], [20, 47, 17, 37, 0, 22, 21, 2, 32, 6, 0, 0, 13, 27, 40, 18, 0, 20, 13, 37, 15, 0, 36, 19, 9], [4, 38, 27, 47, 0, 47, 5, 24, 8, 38, 23, 45, 1, 40, 13, 30, 16, 6, 35, 35, 46, 46, 23, 47, 4], [40, 0, 27, 7, 37, 25, 37, 25, 42, 17, 17, 16, 31, 43, 18, 39, 43, 23, 35, 40, 7, 5, 44, 43, 34], [8, 33, 28, 3, 46, 37, 0, 29, 11, 15, 37, 32, 39, 45, 18, 12, 34, 47, 0, 10, 33, 30, 9, 28, 27], [5, 29, 24, 37, 22, 40, 19, 2, 47, 39, 27, 0, 25, 43, 30, 21, 41, 8, 34, 17, 49, 12, 0, 44, 14], [13, 30, 32, 44, 7, 33, 43, 13, 6, 2, 36, 22, 8, 43, 22, 6, 36, 13, 0, 40, 0, 45, 45, 21, 38], [13, 47, 28, 6, 39, 20, 10, 17, 17, 38, 26, 13, 21, 30, 22, 5, 46, 33, 16, 14, 47, 39, 1, 0, 21], [28, 41, 38, 3, 8, 8, 35, 29, 35, 22, 43, 11, 0, 16, 23, 18, 27, 11, 36, 33, 2, 12, 33, 21, 5], [36, 30, 11, 5, 13, 43, 7, 29, 13, 28, 0, 0, 43, 27, 11, 28, 45, 30, 31, 3, 21, 5, 38, 32, 47], [48, 22, 36, 12, 21, 36, 44, 0, 22, 18, 40, 47, 4, 45, 22, 28, 39, 5, 8, 13, 0, 36, 26, 42, 0], [14, 10, 14, 24, 25, 21, 25, 32, 12, 33, 11, 12, 14, 16, 3, 9, 49, 6, 26, 43, 11, 29, 41, 48, 18], [6, 3, 48, 34, 9, 40, 45, 0, 0, 46, 45, 10, 0, 40, 36, 26, 33, 32, 11, 8, 24, 6, 36, 23, 0], [2, 27, 36, 32, 19, 31, 9, 18, 9, 3, 26, 7, 33, 24, 31, 4, 2, 0, 13, 10, 33, 41, 27, 15, 6], [48, 49, 45, 13, 2, 24, 37, 9, 26, 40, 40, 23, 38, 14, 22, 48, 4, 44, 0, 16, 4, 41, 37, 18, 25], [19, 30, 44, 49, 36, 0, 29, 11, 19, 16, 6, 17, 46, 13, 47, 11, 33, 45, 19, 13, 29, 13, 15, 20, 6], [39, 41, 12, 24, 41, 11, 39, 7, 1, 29, 33, 41, 31, 36, 45, 21, 47, 1, 16, 13, 0, 44, 11, 0, 21], [8, 14, 37, 35, 25, 47, 0, 25, 42, 49, 28, 42, 10, 40, 29, 40, 10, 0, 39, 29, 4, 17, 22, 23, 30], [35, 24, 6, 14, 30, 46, 28, 39, 13, 30, 39, 0, 45, 13, 3, 40, 11, 3, 10, 29, 37, 20, 33, 15, 10], [11, 44, 10, 45, 27, 26, 44, 38, 12, 15, 43, 19, 20, 37, 22, 32, 40, 0, 43, 44, 30, 3, 40, 3, 2], [1, 31, 47, 42, 17, 46, 38, 7, 20, 11, 19, 34, 44, 18, 31, 5, 0, 28, 34, 13, 3, 44, 43, 5, 0], [15, 25, 36, 0, 31, 44, 21, 41, 39, 46, 36, 49, 29, 0, 6, 20, 20, 21, 11, 23, 30, 31, 14, 30, 48]]
Maintenance cost in each period m: 
[28357, 30513, 27966, 28017, 28219, 28401, 28840, 31084, 27263, 27690, 31087, 29697, 30021, 30158, 28783, 29926, 29016, 27950, 27531, 29839, 27918, 31041, 28714, 28417, 30461]
Maximum capacity of the machine cmax: 
1320