Set of periods in the planning horizon T: 
40
Set of products P: 
55
Capacity reduction coefficient alpha: 
0.8
Relative decrease of capacity per set up gamma: 
0.21
Capacity reduction coefficient due to product types beta: 
[0.23, 0.26, 0.24, 0.36, 0.25, 0.27, 0.3, 0.36, 0.36, 0.3, 0.23, 0.24, 0.25, 0.23, 0.27, 0.38, 0.31, 0.33, 0.27, 0.34, 0.33, 0.27, 0.25, 0.27, 0.4, 0.38, 0.24, 0.25, 0.26, 0.36, 0.25, 0.21, 0.21, 0.29, 0.37, 0.39, 0.39, 0.33, 0.25, 0.32, 0.32, 0.22, 0.33, 0.3, 0.25, 0.23, 0.27, 0.32, 0.22, 0.32, 0.34, 0.24, 0.31, 0.28, 0.23]
Fixed production cost of each product in each period f: 
[[676, 682, 711, 619, 724, 554, 752, 821, 771, 782, 667, 802, 797, 596, 598, 966, 944, 812, 673, 764, 672, 529, 548, 533, 752, 730, 730, 502, 852, 585, 617, 704, 594, 843, 571, 719, 800, 894, 707, 823], [777, 553, 956, 803, 763, 550, 806, 811, 668, 621, 897, 907, 742, 643, 558, 844, 747, 647, 592, 792, 547, 511, 845, 638, 610, 760, 565, 508, 963, 915, 858, 601, 839, 558, 905, 601, 930, 712, 804, 653], [574, 685, 804, 751, 607, 909, 952, 542, 676, 549, 759, 546, 599, 881, 979, 637, 585, 529, 907, 714, 839, 685, 707, 997, 691, 625, 972, 823, 543, 885, 968, 959, 715, 918, 502, 936, 545, 669, 665, 875], [861, 735, 559, 951, 555, 580, 809, 806, 889, 781, 733, 599, 567, 990, 991, 669, 644, 831, 934, 658, 907, 502, 975, 988, 699, 999, 916, 977, 988, 729, 611, 907, 630, 709, 621, 857, 727, 706, 825, 565], [585, 822, 777, 930, 819, 744, 868, 843, 739, 621, 506, 814, 607, 611, 888, 972, 883, 713, 618, 696, 686, 582, 615, 649, 842, 647, 712, 919, 957, 835, 824, 544, 876, 767, 539, 914, 623, 839, 926, 654], [858, 993, 522, 533, 877, 947, 808, 543, 766, 947, 781, 859, 518, 577, 585, 861, 765, 949, 802, 511, 966, 888, 813, 724, 648, 517, 982, 829, 983, 971, 562, 678, 822, 779, 571, 700, 907, 536, 715, 630], [815, 784, 994, 622, 818, 721, 738, 863, 700, 908, 730, 934, 597, 793, 643, 818, 574, 502, 744, 530, 721, 527, 620, 901, 931, 873, 760, 615, 679, 987, 966, 896, 731, 831, 738, 719, 739, 706, 860, 915], [949, 766, 959, 973, 705, 841, 892, 590, 838, 915, 917, 736, 678, 787, 822, 698, 718, 916, 841, 875, 855, 749, 582, 736, 864, 813, 626, 985, 501, 548, 611, 791, 632, 634, 999, 931, 890, 764, 759, 896], [985, 944, 715, 628, 504, 747, 924, 761, 662, 831, 615, 725, 884, 825, 775, 733, 997, 867, 815, 540, 579, 576, 529, 938, 923, 752, 624, 721, 786, 893, 684, 967, 963, 976, 579, 597, 561, 546, 816, 917], [853, 810, 788, 998, 614, 878, 992, 627, 803, 716, 534, 685, 796, 676, 771, 864, 723, 707, 503, 697, 589, 623, 688, 809, 774, 914, 563, 842, 986, 591, 581, 874, 783, 571, 627, 601, 671, 557, 933, 797], [866, 556, 533, 918, 828, 665, 747, 970, 578, 698, 902, 924, 620, 714, 675, 527, 889, 973, 901, 555, 890, 746, 521, 799, 671, 590, 610, 960, 646, 591, 568, 915, 920, 976, 590, 552, 724, 652, 509, 965], [864, 910, 511, 857, 678, 630, 574, 957, 516, 751, 539, 748, 540, 680, 668, 902, 637, 728, 750, 849, 770, 570, 567, 715, 504, 930, 785, 636, 899, 557, 529, 839, 702, 929, 685, 597, 633, 859, 882, 770], [829, 996, 868, 992, 591, 784, 948, 648, 779, 635, 543, 716, 748, 549, 516, 662, 831, 990, 795, 556, 856, 547, 574, 689, 684, 699, 956, 567, 789, 970, 600, 630, 718, 518, 629, 847, 752, 752, 500, 630], [815, 635, 566, 535, 723, 519, 764, 733, 873, 507, 506, 832, 548, 913, 941, 512, 911, 763, 661, 960, 727, 845, 996, 994, 764, 624, 535, 979, 840, 594, 673, 939, 523, 524, 824, 576, 880, 737, 734, 658], [934, 925, 729, 638, 650, 760, 871, 846, 821, 862, 537, 631, 542, 595, 763, 542, 895, 510, 649, 650, 788, 867, 629, 639, 561, 740, 682, 710, 542, 540, 854, 832, 928, 893, 699, 502, 523, 563, 658, 987], [801, 864, 917, 674, 998, 838, 669, 993, 937, 790, 705, 799, 772, 678, 691, 830, 680, 823, 527, 927, 817, 544, 908, 755, 599, 759, 946, 828, 705, 739, 793, 582, 648, 787, 533, 836, 758, 828, 809, 818], [992, 843, 879, 749, 735, 512, 875, 535, 668, 966, 750, 709, 814, 689, 912, 882, 514, 873, 618, 652, 698, 862, 503, 514, 707, 758, 588, 744, 709, 835, 555, 909, 788, 857, 523, 857, 732, 765, 872, 823], [781, 659, 800, 523, 965, 686, 537, 775, 816, 881, 973, 573, 997, 529, 524, 627, 955, 787, 627, 581, 721, 650, 834, 771, 927, 921, 957, 819, 587, 759, 610, 826, 611, 805, 895, 633, 769, 997, 655, 626], [840, 519, 607, 873, 632, 873, 546, 912, 564, 681, 737, 876, 699, 691, 886, 530, 740, 676, 798, 783, 512, 538, 810, 578, 537, 844, 724, 688, 860, 578, 793, 665, 586, 831, 733, 615, 662, 790, 952, 622], [592, 768, 908, 798, 622, 558, 894, 725, 590, 810, 972, 623, 729, 673, 840, 794, 904, 841, 687, 882, 904, 656, 547, 605, 921, 974, 923, 600, 609, 911, 682, 662, 939, 869, 880, 966, 663, 617, 588, 541], [577, 786, 516, 563, 691, 504, 814, 972, 554, 872, 722, 663, 509, 794, 810, 986, 855, 576, 765, 860, 855, 662, 894, 607, 723, 998, 664, 738, 616, 962, 684, 877, 664, 626, 883, 843, 572, 888, 506, 515], [850, 601, 846, 914, 918, 753, 589, 827, 863, 773, 511, 733, 612, 681, 699, 537, 614, 569, 957, 787, 896, 849, 939, 520, 700, 808, 747, 644, 791, 993, 616, 517, 607, 638, 831, 696, 621, 634, 982, 752], [709, 558, 719, 813, 524, 620, 805, 917, 559, 675, 567, 970, 527, 937, 655, 653, 893, 860, 600, 769, 771, 637, 587, 517, 561, 715, 842, 845, 769, 914, 660, 766, 832, 871, 783, 710, 563, 918, 631, 597], [715, 985, 669, 979, 605, 852, 940, 921, 653, 901, 915, 872, 536, 905, 713, 728, 523, 597, 533, 619, 553, 986, 810, 935, 719, 714, 988, 728, 544, 643, 647, 628, 759, 658, 617, 606, 630, 865, 507, 733], [606, 853, 728, 700, 628, 506, 932, 527, 639, 699, 640, 749, 895, 514, 966, 790, 723, 961, 981, 656, 994, 547, 986, 647, 812, 852, 954, 897, 756, 975, 613, 638, 686, 840, 605, 851, 785, 595, 896, 577], [949, 603, 839, 709, 884, 905, 999, 967, 752, 961, 617, 500, 532, 661, 549, 730, 608, 847, 564, 899, 977, 713, 665, 579, 856, 862, 509, 930, 859, 750, 800, 592, 736, 955, 731, 705, 741, 627, 515, 604], [810, 639, 842, 693, 842, 988, 579, 829, 533, 871, 526, 898, 731, 992, 536, 717, 557, 674, 576, 736, 756, 858, 704, 522, 552, 576, 576, 834, 774, 627, 742, 594, 787, 751, 946, 604, 711, 818, 915, 512], [750, 516, 545, 586, 631, 766, 735, 813, 635, 715, 545, 559, 579, 703, 773, 706, 774, 655, 685, 820, 834, 659, 683, 726, 960, 840, 823, 997, 897, 725, 869, 746, 506, 765, 623, 677, 743, 993, 996, 588], [957, 657, 690, 888, 999, 823, 665, 746, 576, 854, 852, 975, 756, 694, 777, 857, 855, 524, 889, 684, 529, 977, 756, 673, 817, 680, 705, 828, 637, 975, 871, 981, 939, 839, 835, 763, 557, 984, 851, 951], [670, 579, 765, 668, 819, 564, 823, 877, 987, 765, 689, 548, 927, 772, 506, 776, 579, 811, 794, 678, 893, 593, 593, 880, 682, 911, 958, 608, 575, 653, 857, 935, 668, 972, 635, 681, 788, 580, 954, 750], [635, 828, 956, 898, 788, 561, 896, 687, 543, 743, 788, 503, 546, 550, 875, 859, 635, 890, 783, 845, 927, 564, 871, 673, 611, 621, 583, 553, 584, 504, 853, 575, 546, 573, 767, 535, 534, 726, 822, 905], [592, 900, 564, 957, 844, 535, 718, 601, 925, 713, 981, 518, 700, 958, 981, 732, 720, 975, 980, 732, 775, 768, 771, 884, 549, 510, 669, 755, 532, 723, 882, 796, 685, 716, 547, 508, 704, 861, 892, 961], [954, 927, 895, 601, 587, 503, 938, 973, 584, 951, 902, 510, 939, 615, 611, 918, 820, 619, 966, 552, 960, 738, 816, 891, 678, 784, 704, 624, 849, 811, 731, 966, 743, 859, 655, 970, 943, 537, 665, 626], [978, 505, 789, 561, 926, 916, 854, 543, 937, 969, 665, 635, 962, 760, 855, 769, 650, 715, 525, 611, 528, 788, 573, 916, 876, 749, 923, 791, 693, 600, 726, 971, 570, 699, 619, 966, 545, 563, 567, 946], [551, 659, 923, 596, 515, 724, 761, 514, 576, 749, 840, 566, 573, 768, 831, 717, 807, 850, 751, 610, 596, 607, 874, 663, 988, 875, 903, 660, 763, 809, 776, 568, 525, 685, 869, 933, 882, 777, 580, 645], [973, 567, 583, 856, 546, 942, 814, 884, 916, 918, 885, 641, 853, 767, 619, 638, 714, 693, 633, 764, 734, 747, 620, 841, 723, 932, 556, 540, 551, 918, 661, 806, 821, 703, 903, 643, 926, 946, 784, 555], [553, 699, 994, 768, 702, 659, 840, 560, 935, 568, 743, 847, 924, 837, 592, 857, 826, 740, 547, 628, 801, 783, 613, 584, 506, 997, 968, 952, 544, 766, 627, 552, 586, 655, 700, 811, 559, 904, 999, 798], [588, 974, 787, 852, 652, 738, 792, 885, 815, 961, 516, 599, 817, 675, 678, 988, 626, 765, 521, 828, 832, 924, 574, 502, 633, 600, 985, 763, 541, 924, 653, 962, 862, 688, 998, 602, 873, 830, 799, 857], [963, 639, 725, 906, 636, 648, 614, 672, 530, 619, 694, 584, 815, 719, 503, 827, 648, 585, 613, 969, 951, 926, 662, 865, 826, 526, 531, 725, 544, 931, 944, 845, 996, 775, 959, 860, 500, 917, 940, 763], [731, 591, 836, 555, 554, 896, 997, 700, 996, 964, 739, 876, 790, 896, 573, 636, 902, 878, 512, 883, 649, 699, 767, 734, 888, 578, 529, 895, 655, 836, 677, 606, 603, 905, 550, 789, 995, 672, 803, 944], [881, 728, 646, 883, 957, 582, 966, 667, 655, 571, 699, 515, 792, 563, 781, 670, 875, 886, 813, 680, 911, 769, 926, 890, 786, 681, 610, 886, 700, 800, 614, 874, 884, 512, 821, 853, 894, 819, 678, 561], [779, 645, 832, 696, 882, 778, 576, 977, 937, 952, 684, 921, 561, 791, 693, 948, 960, 588, 760, 672, 863, 608, 636, 684, 686, 708, 673, 673, 704, 859, 557, 645, 597, 910, 800, 889, 922, 762, 597, 517], [649, 910, 671, 786, 849, 505, 736, 710, 994, 517, 590, 697, 648, 670, 635, 748, 615, 606, 840, 629, 602, 897, 895, 823, 816, 649, 791, 565, 503, 584, 741, 623, 871, 876, 505, 831, 669, 653, 766, 628], [946, 577, 594, 841, 586, 656, 695, 977, 805, 858, 748, 587, 577, 817, 970, 679, 535, 960, 880, 791, 589, 530, 792, 705, 889, 924, 526, 881, 523, 627, 657, 651, 571, 511, 866, 780, 789, 869, 819, 732], [878, 549, 557, 780, 827, 954, 611, 597, 841, 981, 618, 969, 765, 514, 672, 866, 990, 924, 921, 727, 730, 748, 893, 676, 898, 622, 548, 579, 753, 506, 500, 676, 620, 950, 674, 733, 820, 738, 766, 556], [893, 788, 761, 563, 984, 962, 955, 743, 778, 503, 520, 832, 512, 757, 845, 931, 755, 677, 588, 789, 968, 556, 635, 567, 509, 803, 849, 846, 828, 640, 632, 778, 802, 596, 855, 881, 851, 952, 975, 724], [801, 651, 630, 631, 742, 689, 954, 953, 980, 811, 575, 687, 694, 760, 616, 730, 550, 587, 616, 672, 946, 721, 790, 829, 674, 806, 964, 713, 536, 828, 965, 627, 696, 600, 586, 756, 567, 933, 980, 550], [750, 619, 755, 849, 651, 888, 788, 935, 684, 684, 723, 549, 848, 971, 980, 550, 949, 748, 643, 910, 947, 560, 837, 633, 501, 921, 693, 644, 699, 550, 777, 686, 502, 678, 967, 640, 565, 917, 882, 659], [932, 904, 574, 552, 862, 715, 976, 607, 664, 854, 554, 548, 976, 544, 613, 957, 803, 779, 530, 806, 591, 850, 955, 880, 862, 512, 835, 944, 525, 947, 970, 823, 791, 847, 611, 529, 855, 528, 854, 858], [792, 590, 952, 762, 648, 862, 610, 813, 786, 809, 649, 707, 704, 784, 635, 711, 824, 629, 990, 869, 787, 790, 631, 786, 843, 562, 750, 689, 645, 503, 511, 960, 549, 878, 974, 514, 595, 972, 875, 546], [918, 787, 582, 806, 621, 616, 943, 717, 877, 940, 636, 761, 586, 678, 929, 521, 892, 977, 900, 557, 556, 812, 735, 731, 868, 540, 691, 804, 513, 848, 825, 904, 534, 682, 898, 707, 519, 715, 643, 526], [535, 948, 523, 666, 901, 870, 510, 861, 853, 870, 829, 916, 982, 566, 606, 954, 674, 757, 866, 734, 679, 542, 802, 773, 529, 772, 545, 945, 852, 875, 826, 598, 731, 953, 694, 779, 942, 954, 631, 842], [838, 905, 724, 760, 905, 579, 739, 770, 768, 687, 785, 866, 550, 641, 692, 901, 531, 819, 978, 948, 730, 906, 752, 525, 788, 985, 980, 618, 556, 767, 917, 669, 716, 668, 697, 887, 760, 876, 674, 699], [626, 745, 979, 711, 881, 591, 579, 606, 867, 905, 531, 975, 855, 999, 665, 767, 852, 849, 959, 510, 770, 572, 890, 859, 986, 667, 921, 672, 666, 768, 751, 503, 648, 848, 891, 930, 703, 834, 611, 941], [703, 622, 563, 934, 682, 674, 501, 978, 758, 540, 951, 871, 655, 970, 814, 753, 877, 908, 636, 700, 707, 897, 779, 556, 838, 812, 656, 606, 949, 659, 694, 859, 771, 585, 747, 885, 905, 629, 821, 911]]
Variable production cost per unit of each product in each period p: 
[[10, 10, 11, 13, 11, 11, 10, 13, 12, 10, 13, 13, 11, 11, 12, 13, 13, 13, 12, 10, 10, 11, 12, 11, 12, 12, 10, 13, 11, 11, 13, 13, 10, 11, 13, 10, 13, 12, 13, 12], [11, 12, 12, 13, 11, 11, 13, 11, 10, 13, 12, 11, 11, 13, 12, 11, 12, 12, 13, 11, 10, 13, 11, 13, 11, 10, 12, 11, 12, 12, 11, 11, 12, 12, 11, 10, 11, 10, 12, 11], [13, 12, 12, 12, 11, 11, 10, 12, 11, 13, 12, 12, 13, 13, 10, 13, 11, 12, 13, 10, 10, 13, 12, 11, 12, 12, 10, 13, 13, 11, 12, 12, 12, 10, 10, 12, 12, 12, 11, 11], [11, 11, 10, 10, 11, 12, 12, 11, 12, 12, 12, 13, 12, 13, 10, 13, 13, 11, 12, 13, 10, 10, 10, 12, 11, 10, 13, 12, 10, 12, 10, 11, 11, 13, 12, 13, 12, 13, 12, 10], [13, 11, 11, 12, 12, 13, 12, 10, 10, 10, 10, 12, 12, 13, 12, 12, 10, 12, 10, 13, 10, 13, 13, 10, 11, 10, 13, 11, 11, 13, 10, 13, 10, 12, 10, 10, 12, 13, 10, 13], [12, 13, 10, 11, 10, 13, 13, 12, 12, 13, 12, 10, 10, 11, 11, 13, 11, 10, 12, 13, 11, 10, 10, 10, 10, 10, 11, 11, 12, 11, 10, 13, 10, 11, 13, 10, 13, 12, 10, 12], [11, 10, 12, 12, 11, 12, 13, 11, 11, 10, 12, 12, 10, 10, 13, 10, 12, 12, 10, 10, 13, 11, 11, 13, 11, 11, 13, 10, 12, 11, 12, 10, 10, 12, 13, 12, 13, 13, 11, 11], [11, 11, 12, 10, 10, 13, 11, 11, 10, 12, 10, 13, 12, 12, 12, 11, 11, 10, 13, 13, 13, 12, 11, 11, 12, 13, 12, 10, 10, 13, 10, 13, 11, 12, 11, 11, 12, 11, 13, 11], [11, 11, 10, 13, 11, 11, 13, 13, 13, 12, 11, 10, 13, 12, 11, 11, 11, 10, 12, 13, 12, 11, 10, 10, 13, 12, 10, 13, 13, 10, 12, 12, 10, 10, 11, 11, 12, 12, 13, 11], [11, 12, 13, 11, 11, 10, 10, 13, 12, 10, 12, 11, 11, 11, 12, 13, 13, 10, 10, 11, 11, 10, 12, 11, 13, 12, 12, 12, 13, 10, 10, 13, 12, 12, 12, 12, 13, 10, 13, 11], [12, 11, 11, 12, 10, 12, 12, 11, 13, 11, 11, 13, 12, 13, 11, 11, 12, 10, 13, 12, 10, 11, 13, 10, 10, 10, 12, 11, 11, 13, 12, 13, 10, 10, 10, 13, 12, 12, 11, 11], [12, 13, 10, 12, 12, 11, 11, 10, 10, 13, 12, 11, 12, 12, 12, 12, 11, 11, 11, 10, 12, 13, 10, 13, 12, 13, 13, 13, 13, 10, 13, 13, 11, 13, 11, 13, 10, 10, 13, 13], [10, 13, 11, 11, 12, 12, 11, 13, 12, 10, 11, 13, 11, 10, 12, 13, 12, 13, 12, 12, 13, 13, 13, 13, 13, 11, 11, 12, 12, 10, 10, 12, 11, 10, 10, 10, 13, 12, 13, 12], [11, 11, 11, 13, 12, 11, 12, 12, 10, 13, 11, 10, 10, 11, 12, 13, 10, 10, 11, 11, 13, 11, 12, 12, 12, 13, 13, 12, 10, 12, 11, 13, 10, 12, 12, 12, 12, 12, 12, 13], [12, 13, 12, 13, 11, 11, 13, 12, 12, 12, 13, 10, 11, 13, 13, 11, 13, 11, 13, 13, 13, 12, 10, 11, 10, 13, 11, 13, 12, 13, 13, 10, 10, 10, 10, 11, 10, 10, 12, 11], [11, 10, 12, 12, 13, 12, 10, 11, 10, 13, 11, 11, 11, 10, 13, 10, 11, 10, 13, 11, 12, 10, 10, 10, 11, 13, 10, 12, 12, 13, 12, 12, 13, 11, 13, 13, 10, 13, 11, 12], [10, 11, 11, 13, 13, 11, 10, 13, 13, 12, 13, 12, 13, 10, 11, 11, 13, 13, 13, 12, 10, 11, 10, 11, 11, 11, 10, 11, 12, 12, 13, 13, 12, 12, 12, 13, 10, 13, 10, 10], [10, 11, 13, 13, 12, 13, 13, 11, 11, 12, 13, 11, 13, 13, 12, 10, 10, 11, 13, 13, 10, 10, 11, 13, 13, 11, 11, 13, 11, 12, 12, 13, 10, 10, 11, 13, 13, 12, 13, 10], [10, 10, 12, 11, 13, 11, 13, 12, 10, 11, 12, 12, 10, 11, 13, 12, 12, 10, 11, 12, 11, 13, 10, 13, 11, 10, 10, 12, 13, 13, 13, 10, 10, 13, 11, 12, 13, 11, 12, 13], [11, 11, 12, 13, 13, 10, 13, 13, 12, 10, 10, 10, 11, 13, 11, 10, 13, 12, 13, 11, 13, 13, 12, 13, 10, 12, 11, 13, 10, 10, 11, 10, 10, 10, 10, 10, 10, 12, 10, 12], [13, 11, 13, 10, 13, 10, 12, 10, 12, 11, 12, 11, 12, 13, 10, 10, 13, 12, 12, 10, 12, 10, 11, 12, 13, 12, 10, 12, 11, 11, 10, 10, 12, 13, 11, 12, 12, 13, 11, 13], [11, 10, 11, 13, 11, 12, 13, 12, 12, 10, 13, 10, 10, 11, 12, 10, 10, 11, 10, 13, 12, 11, 13, 11, 13, 10, 12, 11, 11, 12, 13, 11, 10, 12, 10, 10, 10, 10, 10, 10], [11, 13, 13, 12, 10, 11, 10, 12, 12, 13, 10, 10, 13, 10, 13, 12, 13, 10, 12, 11, 10, 12, 10, 11, 12, 13, 13, 10, 12, 13, 13, 11, 10, 13, 10, 10, 12, 10, 13, 12], [10, 11, 11, 13, 10, 12, 11, 10, 13, 13, 12, 12, 10, 12, 12, 13, 10, 13, 13, 10, 13, 13, 13, 13, 10, 11, 13, 11, 11, 13, 11, 11, 11, 12, 11, 13, 10, 12, 11, 13], [13, 12, 13, 10, 10, 11, 11, 13, 12, 12, 10, 11, 12, 11, 13, 10, 10, 13, 11, 13, 10, 11, 11, 11, 10, 12, 11, 13, 11, 10, 11, 12, 13, 11, 10, 11, 11, 11, 12, 13], [13, 11, 11, 10, 11, 10, 11, 10, 10, 12, 13, 11, 12, 12, 11, 10, 12, 12, 11, 13, 13, 10, 11, 12, 11, 12, 12, 12, 11, 10, 11, 11, 12, 11, 12, 12, 13, 12, 12, 11], [10, 11, 12, 12, 12, 10, 10, 13, 10, 11, 10, 10, 13, 12, 11, 13, 13, 12, 13, 11, 13, 11, 12, 11, 10, 11, 10, 13, 11, 10, 10, 11, 12, 10, 11, 12, 11, 13, 13, 13], [13, 12, 12, 12, 10, 11, 10, 11, 11, 10, 12, 11, 10, 11, 10, 11, 10, 11, 11, 13, 12, 10, 13, 11, 11, 13, 10, 13, 11, 10, 13, 10, 10, 11, 12, 13, 11, 13, 13, 13], [13, 12, 10, 10, 10, 11, 11, 11, 12, 12, 11, 12, 12, 13, 11, 11, 12, 11, 10, 11, 11, 13, 11, 13, 11, 13, 10, 12, 11, 13, 13, 10, 11, 13, 13, 11, 10, 12, 11, 11], [12, 12, 13, 12, 10, 12, 11, 10, 12, 12, 13, 12, 13, 12, 10, 11, 12, 12, 10, 12, 13, 13, 10, 12, 13, 10, 10, 10, 13, 10, 10, 12, 11, 13, 13, 11, 12, 10, 10, 12], [10, 12, 12, 11, 11, 11, 13, 13, 11, 12, 13, 12, 13, 11, 11, 10, 11, 13, 11, 11, 12, 10, 13, 11, 12, 11, 12, 13, 10, 11, 11, 13, 12, 10, 11, 10, 13, 12, 13, 12], [11, 10, 11, 10, 13, 11, 13, 13, 12, 13, 11, 12, 11, 12, 12, 13, 11, 10, 12, 11, 10, 12, 10, 10, 10, 13, 11, 12, 11, 12, 11, 11, 13, 10, 12, 12, 13, 12, 10, 13], [12, 13, 13, 12, 10, 13, 12, 12, 10, 13, 10, 13, 13, 13, 10, 11, 10, 13, 10, 12, 10, 13, 13, 11, 11, 10, 10, 13, 13, 11, 13, 12, 12, 13, 12, 13, 12, 13, 12, 12], [13, 12, 12, 12, 13, 13, 11, 12, 12, 12, 13, 12, 13, 12, 10, 11, 12, 13, 13, 13, 11, 13, 12, 10, 11, 13, 12, 10, 12, 13, 10, 11, 12, 11, 12, 11, 11, 10, 13, 12], [12, 11, 12, 13, 11, 10, 11, 10, 12, 11, 12, 10, 13, 12, 11, 12, 10, 12, 12, 13, 10, 12, 10, 13, 13, 13, 12, 12, 10, 10, 10, 13, 10, 10, 12, 12, 11, 10, 11, 10], [12, 12, 11, 13, 13, 12, 13, 11, 10, 13, 10, 10, 13, 11, 12, 13, 12, 11, 12, 12, 10, 11, 11, 13, 10, 10, 11, 13, 11, 10, 12, 11, 12, 13, 10, 11, 12, 13, 13, 10], [11, 13, 11, 12, 11, 10, 11, 12, 11, 13, 11, 11, 12, 12, 10, 10, 13, 13, 12, 12, 13, 10, 10, 12, 12, 11, 11, 13, 13, 13, 11, 12, 11, 13, 13, 12, 13, 11, 12, 11], [10, 12, 10, 10, 13, 13, 11, 13, 13, 12, 12, 12, 13, 11, 10, 12, 12, 13, 10, 10, 10, 13, 13, 12, 10, 12, 10, 10, 11, 11, 12, 12, 12, 13, 12, 13, 13, 12, 11, 13], [12, 11, 11, 12, 10, 12, 13, 13, 11, 11, 13, 12, 10, 12, 10, 10, 13, 10, 13, 12, 13, 12, 10, 11, 11, 13, 11, 10, 11, 10, 11, 11, 11, 13, 10, 11, 12, 12, 13, 12], [12, 13, 10, 12, 12, 11, 11, 13, 12, 13, 12, 12, 12, 11, 13, 12, 10, 12, 13, 10, 10, 10, 13, 12, 13, 13, 11, 12, 10, 12, 12, 10, 13, 12, 10, 10, 11, 10, 12, 11], [12, 10, 13, 10, 12, 13, 12, 10, 12, 11, 13, 10, 12, 12, 10, 10, 12, 11, 10, 11, 11, 11, 12, 11, 11, 13, 11, 12, 10, 13, 10, 13, 11, 12, 12, 11, 12, 13, 12, 10], [12, 10, 11, 12, 12, 13, 11, 12, 13, 10, 11, 11, 12, 10, 13, 13, 11, 11, 11, 13, 11, 10, 10, 10, 11, 12, 11, 10, 11, 10, 10, 13, 11, 11, 10, 13, 13, 13, 13, 12], [13, 12, 13, 12, 13, 13, 12, 12, 10, 11, 12, 12, 12, 10, 10, 13, 10, 13, 13, 12, 12, 13, 13, 10, 11, 11, 11, 12, 12, 12, 11, 10, 11, 13, 11, 11, 12, 10, 12, 11], [11, 10, 12, 12, 12, 10, 10, 12, 12, 12, 10, 13, 12, 11, 10, 11, 11, 11, 11, 13, 10, 13, 12, 12, 11, 12, 13, 13, 12, 12, 12, 10, 10, 12, 11, 12, 12, 12, 10, 12], [10, 10, 13, 11, 10, 12, 11, 12, 12, 11, 13, 10, 13, 13, 13, 11, 12, 13, 10, 12, 10, 10, 12, 13, 12, 13, 13, 13, 10, 12, 12, 11, 12, 11, 10, 13, 10, 10, 11, 12], [12, 13, 13, 11, 12, 13, 12, 12, 13, 11, 12, 11, 10, 13, 10, 13, 13, 12, 12, 10, 10, 10, 11, 11, 10, 13, 12, 12, 11, 12, 10, 10, 11, 10, 12, 12, 11, 12, 10, 12], [12, 10, 10, 11, 12, 11, 11, 11, 12, 11, 13, 12, 10, 10, 10, 12, 12, 12, 11, 10, 13, 11, 12, 10, 12, 12, 11, 13, 11, 12, 10, 13, 13, 13, 12, 11, 10, 11, 10, 11], [10, 11, 12, 12, 11, 12, 10, 12, 13, 12, 12, 11, 11, 12, 12, 12, 12, 10, 12, 13, 13, 13, 13, 11, 10, 10, 11, 12, 12, 12, 13, 10, 12, 12, 13, 12, 12, 10, 12, 10], [11, 10, 12, 11, 11, 10, 10, 12, 11, 10, 12, 11, 13, 12, 11, 10, 13, 10, 13, 13, 11, 10, 12, 11, 11, 10, 12, 11, 10, 11, 11, 10, 13, 13, 10, 11, 10, 11, 11, 10], [11, 11, 11, 12, 13, 10, 10, 13, 13, 10, 11, 11, 11, 13, 13, 10, 10, 12, 11, 10, 10, 13, 11, 13, 11, 12, 11, 13, 11, 12, 10, 13, 10, 12, 13, 10, 10, 12, 12, 13], [11, 11, 11, 10, 11, 10, 13, 13, 13, 10, 11, 13, 10, 12, 12, 12, 12, 12, 12, 11, 12, 13, 12, 12, 12, 10, 10, 12, 12, 10, 10, 10, 11, 12, 10, 13, 13, 11, 10, 11], [10, 13, 11, 11, 10, 12, 11, 10, 13, 12, 12, 11, 12, 12, 11, 12, 10, 13, 10, 13, 13, 12, 11, 11, 11, 12, 11, 10, 10, 11, 10, 13, 12, 11, 11, 10, 12, 10, 12, 13], [12, 11, 11, 10, 13, 12, 12, 13, 11, 12, 10, 13, 11, 11, 12, 13, 10, 11, 10, 12, 11, 11, 10, 12, 11, 11, 12, 11, 10, 10, 11, 12, 12, 10, 13, 10, 11, 10, 12, 12], [13, 11, 12, 11, 11, 11, 12, 11, 11, 12, 10, 13, 13, 10, 12, 10, 12, 13, 10, 11, 10, 13, 11, 10, 10, 10, 10, 10, 10, 11, 10, 11, 10, 10, 12, 10, 10, 10, 13, 12], [11, 12, 11, 12, 13, 12, 13, 12, 11, 13, 11, 11, 13, 10, 12, 13, 11, 12, 12, 10, 10, 13, 13, 13, 10, 12, 13, 13, 10, 10, 13, 13, 10, 13, 11, 10, 12, 10, 11, 10]]
Inventory holding cost per unit of each product by the end of each period h: 
[[5, 6, 8, 8, 9, 7, 7, 7, 5, 9, 7, 6, 6, 8, 7, 5, 8, 5, 5, 8, 6, 7, 8, 9, 5, 6, 9, 8, 5, 8, 7, 8, 7, 9, 6, 9, 7, 6, 6, 9], [5, 5, 8, 9, 9, 8, 5, 9, 7, 9, 7, 5, 5, 6, 5, 5, 7, 5, 9, 9, 9, 6, 5, 5, 9, 7, 6, 9, 6, 7, 7, 5, 7, 7, 6, 9, 6, 9, 8, 8], [8, 6, 6, 7, 8, 5, 8, 6, 8, 5, 9, 5, 9, 8, 8, 7, 7, 8, 8, 6, 8, 6, 5, 7, 7, 7, 6, 7, 8, 5, 5, 7, 7, 7, 8, 5, 5, 7, 8, 8], [9, 6, 7, 5, 5, 6, 8, 5, 8, 5, 5, 5, 9, 7, 6, 7, 5, 8, 9, 8, 6, 8, 9, 8, 7, 7, 7, 5, 9, 6, 7, 9, 9, 5, 6, 9, 5, 8, 5, 9], [7, 8, 6, 7, 5, 9, 8, 9, 7, 6, 5, 8, 9, 9, 5, 7, 8, 5, 5, 6, 5, 8, 7, 9, 9, 8, 9, 8, 9, 6, 8, 8, 9, 7, 7, 8, 7, 8, 6, 6], [6, 6, 6, 8, 7, 9, 8, 9, 5, 6, 8, 9, 6, 6, 5, 6, 9, 8, 8, 8, 8, 5, 6, 6, 8, 5, 7, 6, 7, 6, 6, 7, 7, 9, 5, 5, 8, 7, 9, 5], [9, 7, 6, 7, 6, 9, 8, 9, 9, 6, 9, 5, 8, 7, 7, 8, 9, 6, 7, 9, 7, 5, 8, 6, 7, 6, 7, 5, 5, 5, 7, 7, 8, 8, 6, 9, 6, 9, 9, 5], [5, 9, 6, 8, 9, 9, 5, 7, 9, 9, 9, 9, 9, 6, 6, 7, 6, 6, 5, 7, 7, 5, 9, 7, 9, 7, 7, 8, 7, 6, 7, 7, 7, 6, 6, 6, 8, 7, 8, 7], [6, 5, 8, 5, 8, 5, 5, 8, 8, 9, 5, 7, 7, 6, 5, 8, 8, 7, 6, 7, 7, 9, 9, 5, 7, 6, 6, 6, 7, 5, 8, 5, 7, 9, 6, 8, 5, 8, 5, 8], [7, 5, 6, 9, 9, 6, 7, 9, 6, 7, 8, 5, 7, 5, 8, 7, 6, 6, 7, 8, 8, 5, 8, 9, 7, 6, 5, 9, 6, 8, 8, 7, 7, 5, 5, 7, 5, 6, 7, 8], [9, 6, 9, 5, 5, 7, 7, 5, 7, 8, 8, 5, 9, 8, 5, 7, 8, 6, 8, 5, 6, 8, 6, 5, 9, 6, 8, 7, 8, 9, 9, 5, 8, 9, 6, 5, 6, 5, 9, 5], [6, 9, 8, 7, 9, 9, 7, 9, 6, 5, 6, 9, 5, 8, 5, 6, 9, 8, 8, 6, 5, 8, 7, 8, 8, 6, 9, 9, 5, 9, 5, 7, 9, 5, 9, 8, 5, 6, 7, 5], [7, 5, 9, 6, 7, 9, 7, 8, 6, 7, 7, 9, 5, 9, 5, 8, 8, 7, 5, 6, 7, 8, 5, 8, 6, 8, 7, 7, 7, 9, 9, 5, 8, 7, 6, 9, 7, 5, 9, 7], [9, 7, 5, 7, 9, 8, 8, 7, 7, 8, 5, 9, 5, 9, 8, 6, 9, 7, 5, 9, 6, 9, 7, 7, 6, 5, 8, 6, 9, 9, 6, 6, 5, 7, 5, 5, 8, 8, 8, 6], [7, 7, 6, 5, 7, 8, 7, 6, 6, 7, 6, 6, 6, 6, 6, 9, 7, 9, 5, 8, 9, 8, 7, 7, 6, 5, 6, 6, 7, 6, 9, 8, 5, 6, 5, 7, 6, 7, 6, 6], [6, 7, 9, 9, 8, 6, 5, 9, 6, 6, 6, 9, 8, 9, 8, 5, 7, 8, 5, 9, 5, 6, 7, 8, 8, 7, 5, 6, 5, 7, 8, 5, 7, 5, 8, 5, 9, 5, 7, 6], [5, 5, 9, 9, 9, 9, 6, 9, 5, 9, 5, 6, 8, 5, 8, 6, 5, 9, 8, 7, 6, 6, 5, 7, 5, 7, 6, 9, 6, 9, 9, 8, 8, 6, 8, 9, 5, 5, 7, 9], [7, 7, 7, 7, 5, 6, 5, 9, 6, 9, 9, 9, 6, 8, 9, 6, 7, 7, 5, 5, 5, 5, 9, 7, 9, 8, 9, 5, 8, 5, 7, 8, 6, 9, 9, 7, 6, 6, 6, 6], [6, 8, 5, 6, 5, 9, 9, 5, 9, 7, 6, 8, 5, 8, 8, 6, 9, 5, 9, 7, 7, 5, 7, 7, 5, 9, 9, 9, 6, 9, 7, 8, 7, 5, 9, 7, 6, 6, 7, 8], [8, 9, 5, 7, 8, 8, 5, 8, 5, 9, 5, 5, 9, 9, 7, 8, 9, 7, 8, 7, 5, 6, 7, 8, 8, 7, 9, 5, 9, 6, 8, 8, 6, 8, 8, 7, 5, 8, 6, 6], [9, 5, 7, 9, 7, 6, 9, 5, 9, 7, 7, 6, 9, 5, 8, 5, 8, 5, 6, 5, 5, 5, 8, 9, 9, 8, 9, 9, 7, 7, 6, 8, 6, 9, 7, 9, 6, 9, 9, 8], [8, 5, 5, 7, 8, 7, 7, 8, 9, 6, 7, 7, 7, 5, 7, 8, 6, 9, 8, 5, 9, 8, 5, 7, 7, 6, 5, 5, 9, 6, 9, 8, 5, 9, 9, 5, 5, 6, 5, 8], [7, 9, 9, 7, 5, 9, 8, 8, 6, 6, 8, 6, 9, 7, 5, 8, 9, 8, 9, 7, 5, 5, 7, 8, 5, 9, 6, 9, 7, 6, 6, 6, 9, 8, 7, 7, 8, 7, 8, 8], [5, 6, 5, 6, 7, 7, 7, 7, 9, 5, 6, 5, 6, 7, 8, 6, 8, 6, 7, 5, 7, 6, 7, 6, 7, 8, 8, 7, 5, 8, 9, 7, 9, 9, 7, 5, 6, 7, 8, 7], [5, 7, 7, 5, 8, 6, 7, 8, 8, 5, 5, 6, 9, 8, 6, 6, 5, 9, 7, 8, 8, 9, 9, 8, 6, 6, 9, 9, 7, 7, 8, 9, 8, 5, 8, 9, 8, 7, 5, 7], [5, 7, 7, 7, 5, 8, 7, 6, 8, 6, 7, 9, 6, 7, 6, 9, 9, 8, 9, 5, 5, 7, 5, 5, 8, 5, 8, 9, 8, 6, 9, 8, 5, 8, 9, 5, 5, 9, 5, 6], [5, 9, 5, 8, 5, 8, 9, 7, 6, 8, 8, 5, 5, 5, 7, 5, 7, 8, 5, 9, 9, 8, 6, 6, 5, 7, 6, 6, 6, 6, 6, 5, 8, 6, 5, 9, 8, 8, 8, 5], [6, 7, 6, 9, 5, 6, 8, 7, 8, 6, 5, 9, 7, 9, 9, 8, 6, 7, 8, 8, 9, 8, 9, 5, 5, 7, 8, 5, 5, 6, 6, 8, 9, 9, 6, 6, 9, 6, 5, 6], [8, 7, 7, 5, 8, 6, 5, 5, 8, 6, 7, 8, 5, 9, 9, 7, 5, 7, 6, 8, 6, 6, 8, 6, 8, 9, 8, 8, 8, 6, 8, 9, 9, 7, 5, 6, 5, 6, 6, 5], [8, 5, 5, 5, 6, 6, 9, 9, 9, 9, 9, 8, 7, 5, 7, 8, 7, 8, 6, 8, 8, 6, 8, 9, 9, 9, 8, 8, 7, 5, 8, 5, 9, 7, 6, 6, 9, 9, 5, 7], [6, 7, 6, 8, 5, 5, 8, 6, 8, 7, 7, 8, 9, 6, 8, 9, 5, 6, 9, 5, 5, 8, 6, 9, 6, 5, 6, 5, 9, 6, 7, 9, 6, 8, 7, 8, 9, 8, 6, 8], [7, 6, 5, 6, 6, 6, 5, 5, 7, 6, 7, 6, 9, 5, 6, 6, 8, 8, 7, 8, 7, 5, 9, 7, 5, 9, 5, 5, 8, 6, 7, 5, 6, 7, 7, 8, 8, 6, 5, 9], [8, 9, 9, 5, 5, 8, 7, 8, 7, 6, 5, 6, 5, 5, 6, 5, 9, 5, 6, 6, 7, 9, 6, 7, 8, 8, 6, 8, 5, 5, 5, 6, 6, 5, 9, 9, 7, 7, 6, 6], [6, 9, 6, 5, 9, 6, 8, 6, 9, 9, 5, 6, 6, 6, 8, 9, 6, 8, 5, 6, 9, 5, 9, 9, 8, 8, 9, 7, 6, 9, 9, 7, 5, 7, 6, 5, 7, 9, 8, 6], [7, 9, 9, 6, 6, 5, 8, 5, 7, 6, 7, 9, 5, 8, 8, 8, 5, 8, 5, 7, 7, 8, 9, 5, 6, 6, 6, 9, 7, 6, 6, 7, 8, 7, 7, 6, 5, 9, 5, 7], [5, 6, 5, 6, 9, 6, 6, 5, 7, 6, 5, 8, 6, 8, 7, 8, 5, 5, 6, 8, 5, 9, 9, 9, 8, 9, 6, 5, 6, 9, 5, 9, 7, 6, 5, 8, 7, 6, 7, 6], [8, 8, 6, 7, 9, 7, 7, 9, 7, 8, 7, 8, 9, 7, 5, 6, 7, 7, 7, 9, 7, 5, 7, 9, 6, 6, 7, 8, 6, 7, 7, 7, 8, 7, 8, 6, 8, 9, 5, 8], [5, 8, 9, 8, 9, 5, 8, 9, 9, 5, 5, 5, 6, 6, 7, 9, 9, 7, 7, 7, 6, 7, 7, 9, 9, 5, 6, 6, 8, 9, 8, 7, 5, 6, 9, 7, 9, 8, 8, 8], [6, 7, 8, 6, 8, 7, 9, 9, 8, 5, 5, 8, 9, 8, 6, 8, 8, 7, 5, 8, 8, 9, 9, 7, 9, 5, 7, 7, 9, 5, 9, 5, 5, 9, 5, 5, 9, 7, 6, 9], [9, 7, 6, 8, 8, 8, 8, 7, 7, 7, 8, 7, 9, 8, 5, 7, 6, 5, 5, 9, 9, 8, 7, 9, 8, 6, 8, 8, 8, 7, 5, 9, 6, 7, 8, 5, 5, 7, 9, 8], [8, 9, 9, 5, 8, 9, 8, 7, 9, 8, 9, 9, 5, 5, 9, 6, 6, 9, 5, 5, 7, 6, 6, 9, 7, 7, 8, 5, 8, 9, 6, 7, 5, 7, 9, 5, 6, 5, 5, 6], [8, 5, 7, 8, 6, 7, 5, 9, 9, 6, 5, 7, 9, 5, 7, 8, 7, 8, 6, 6, 6, 5, 8, 6, 9, 9, 5, 6, 7, 6, 6, 6, 8, 9, 5, 5, 9, 7, 5, 5], [9, 7, 5, 6, 9, 6, 7, 7, 8, 5, 8, 7, 6, 9, 6, 9, 6, 6, 5, 9, 8, 7, 7, 8, 5, 8, 8, 8, 7, 6, 5, 8, 6, 5, 6, 6, 6, 8, 6, 6], [5, 9, 7, 5, 7, 8, 5, 8, 8, 9, 6, 5, 8, 6, 9, 6, 6, 7, 7, 9, 8, 9, 6, 7, 8, 5, 7, 5, 5, 9, 9, 8, 8, 7, 9, 8, 5, 6, 5, 8], [8, 6, 8, 8, 5, 6, 6, 5, 9, 5, 6, 9, 5, 8, 6, 6, 9, 8, 9, 9, 6, 9, 6, 8, 9, 5, 5, 6, 9, 6, 5, 8, 7, 8, 7, 9, 6, 8, 6, 9], [6, 9, 9, 5, 9, 5, 9, 7, 8, 6, 5, 5, 8, 9, 5, 8, 9, 6, 6, 5, 6, 9, 6, 9, 8, 6, 6, 5, 9, 8, 7, 9, 7, 5, 9, 9, 8, 6, 8, 9], [7, 9, 6, 5, 6, 5, 9, 6, 7, 9, 7, 8, 9, 5, 8, 9, 8, 5, 6, 6, 6, 8, 5, 7, 6, 7, 8, 9, 9, 8, 5, 5, 8, 9, 5, 5, 6, 6, 9, 5], [7, 6, 8, 5, 5, 9, 7, 9, 6, 9, 5, 7, 8, 7, 7, 6, 5, 7, 5, 9, 9, 5, 8, 5, 8, 5, 8, 9, 5, 9, 5, 6, 6, 8, 9, 8, 7, 6, 8, 8], [9, 5, 5, 6, 7, 6, 8, 6, 6, 6, 8, 6, 6, 9, 5, 8, 7, 6, 6, 5, 9, 6, 9, 6, 9, 8, 7, 8, 5, 5, 9, 8, 6, 6, 7, 7, 9, 6, 9, 7], [8, 5, 9, 7, 9, 5, 9, 5, 7, 6, 7, 7, 8, 6, 8, 5, 5, 5, 6, 6, 5, 9, 9, 9, 8, 5, 6, 9, 8, 6, 7, 6, 5, 7, 9, 9, 5, 9, 6, 8], [8, 8, 7, 8, 7, 9, 9, 5, 9, 7, 7, 6, 7, 5, 5, 9, 5, 6, 7, 7, 8, 9, 6, 9, 6, 9, 5, 9, 6, 8, 5, 7, 8, 7, 9, 7, 6, 5, 8, 7], [6, 6, 9, 8, 9, 9, 8, 7, 5, 7, 5, 8, 8, 7, 6, 5, 5, 6, 7, 6, 6, 6, 8, 9, 8, 8, 5, 7, 8, 9, 7, 6, 9, 6, 5, 6, 7, 6, 9, 7], [8, 7, 7, 9, 8, 7, 9, 7, 5, 6, 5, 5, 6, 5, 9, 8, 5, 8, 5, 5, 7, 6, 8, 5, 8, 7, 6, 6, 8, 6, 5, 7, 7, 8, 8, 5, 7, 9, 9, 6], [5, 9, 9, 6, 8, 7, 6, 5, 5, 5, 9, 6, 8, 5, 9, 5, 7, 9, 8, 8, 8, 6, 6, 8, 7, 9, 7, 5, 5, 6, 8, 9, 7, 7, 5, 6, 9, 6, 9, 6], [6, 5, 9, 6, 6, 6, 5, 9, 8, 5, 7, 7, 5, 5, 9, 6, 7, 9, 9, 6, 8, 6, 8, 5, 7, 8, 7, 8, 7, 5, 7, 6, 8, 9, 8, 7, 5, 6, 7, 5]]
Demand for each product in each period d: 
[[27, 13, 6, 0, 29, 14, 17, 30, 12, 0, 31, 41, 5, 22, 11, 0, 32, 0, 48, 29, 36, 38, 6, 22, 23, 14, 43, 32, 25, 29, 43, 20, 16, 36, 10, 7, 7, 14, 48, 27], [31, 6, 21, 22, 43, 28, 43, 0, 34, 38, 23, 3, 39, 24, 26, 22, 42, 7, 14, 39, 45, 42, 7, 46, 10, 49, 31, 24, 6, 1, 49, 2, 42, 45, 9, 0, 11, 41, 0, 11], [22, 21, 35, 42, 48, 46, 26, 27, 6, 7, 6, 36, 12, 34, 18, 43, 10, 20, 30, 13, 8, 7, 24, 36, 29, 17, 45, 24, 44, 6, 24, 41, 41, 20, 1, 43, 23, 39, 49, 33], [27, 25, 33, 20, 32, 43, 15, 33, 32, 5, 0, 27, 7, 23, 16, 29, 12, 47, 30, 36, 0, 0, 43, 28, 19, 0, 49, 40, 17, 49, 42, 9, 29, 25, 26, 46, 28, 30, 27, 34], [6, 24, 28, 42, 3, 48, 40, 37, 13, 3, 3, 0, 11, 17, 34, 0, 12, 11, 11, 34, 0, 27, 35, 24, 48, 19, 0, 28, 33, 2, 10, 42, 15, 33, 48, 0, 23, 38, 20, 1], [23, 2, 13, 4, 37, 32, 12, 36, 35, 49, 0, 31, 21, 19, 33, 25, 32, 12, 41, 43, 16, 45, 29, 1, 33, 13, 11, 24, 3, 15, 46, 6, 42, 4, 22, 27, 48, 14, 15, 44], [0, 1, 6, 25, 3, 26, 26, 8, 48, 21, 8, 14, 31, 19, 36, 42, 28, 10, 38, 30, 48, 45, 1, 34, 23, 8, 11, 27, 36, 28, 47, 49, 31, 46, 12, 28, 0, 27, 18, 10], [49, 41, 47, 20, 26, 28, 20, 31, 0, 44, 17, 47, 24, 5, 10, 18, 34, 43, 39, 33, 28, 29, 0, 48, 0, 37, 9, 25, 40, 30, 24, 6, 26, 35, 39, 42, 23, 11, 0, 1], [0, 22, 26, 39, 6, 3, 44, 42, 33, 38, 9, 19, 14, 0, 6, 40, 28, 35, 37, 3, 7, 40, 33, 45, 33, 36, 13, 0, 8, 9, 26, 45, 16, 33, 6, 37, 4, 0, 32, 22], [44, 11, 0, 43, 32, 0, 42, 5, 4, 4, 16, 29, 13, 35, 38, 16, 44, 3, 11, 39, 15, 30, 30, 15, 4, 12, 40, 31, 0, 34, 46, 42, 45, 21, 33, 27, 11, 13, 1, 48], [2, 13, 31, 40, 49, 37, 15, 0, 23, 27, 8, 32, 33, 19, 32, 35, 0, 46, 40, 0, 32, 7, 5, 16, 4, 22, 45, 10, 0, 39, 0, 15, 0, 0, 16, 32, 33, 11, 49, 48], [31, 23, 12, 0, 32, 8, 3, 7, 27, 8, 23, 24, 8, 16, 45, 24, 27, 4, 17, 48, 9, 0, 32, 18, 26, 9, 3, 38, 33, 35, 31, 26, 0, 0, 21, 38, 40, 26, 18, 21], [25, 26, 13, 0, 0, 38, 43, 10, 49, 0, 32, 32, 38, 19, 0, 31, 33, 11, 23, 1, 49, 11, 18, 29, 35, 9, 16, 45, 38, 18, 0, 33, 48, 8, 29, 42, 42, 33, 42, 22], [37, 5, 10, 38, 37, 33, 14, 30, 42, 34, 15, 9, 18, 15, 0, 1, 37, 2, 4, 42, 23, 31, 16, 17, 0, 33, 16, 36, 20, 49, 47, 36, 0, 4, 25, 44, 0, 32, 40, 15], [15, 17, 4, 19, 36, 49, 22, 32, 43, 9, 13, 45, 31, 38, 0, 5, 5, 30, 10, 0, 27, 39, 34, 24, 24, 20, 41, 45, 11, 24, 20, 32, 18, 18, 17, 27, 38, 39, 43, 31], [0, 11, 39, 23, 18, 22, 0, 22, 43, 0, 28, 13, 4, 0, 24, 44, 4, 33, 40, 5, 40, 32, 30, 20, 3, 41, 3, 13, 45, 39, 0, 28, 24, 42, 43, 41, 0, 0, 0, 30], [7, 1, 40, 21, 8, 15, 49, 31, 10, 19, 11, 22, 33, 44, 21, 30, 32, 21, 36, 38, 38, 9, 3, 8, 23, 0, 40, 29, 45, 30, 30, 14, 2, 3, 12, 44, 41, 11, 6, 10], [28, 25, 23, 25, 21, 21, 21, 25, 38, 28, 20, 36, 14, 31, 19, 17, 13, 3, 3, 16, 36, 24, 30, 49, 41, 10, 49, 30, 22, 42, 33, 43, 39, 4, 30, 23, 0, 42, 33, 20], [24, 24, 15, 10, 41, 9, 46, 6, 37, 42, 38, 38, 33, 31, 8, 4, 0, 0, 33, 11, 29, 22, 26, 47, 4, 0, 33, 14, 46, 48, 10, 20, 29, 14, 18, 9, 34, 43, 41, 35], [17, 43, 30, 14, 36, 6, 15, 20, 43, 16, 13, 1, 14, 43, 22, 15, 12, 6, 30, 9, 6, 1, 13, 19, 46, 36, 11, 27, 44, 16, 33, 8, 45, 0, 0, 47, 48, 4, 23, 10], [0, 34, 0, 26, 48, 22, 35, 27, 38, 32, 0, 11, 2, 49, 44, 33, 23, 35, 36, 7, 9, 23, 49, 22, 47, 43, 39, 0, 4, 39, 11, 5, 26, 4, 39, 9, 5, 30, 21, 31], [10, 24, 43, 25, 42, 37, 0, 15, 49, 1, 32, 15, 48, 2, 40, 21, 38, 39, 23, 30, 21, 32, 22, 48, 31, 3, 0, 30, 23, 24, 34, 23, 17, 31, 37, 34, 30, 10, 41, 15], [43, 28, 2, 33, 7, 15, 38, 15, 11, 0, 27, 0, 5, 12, 42, 22, 17, 26, 30, 37, 2, 34, 7, 42, 37, 8, 34, 28, 24, 10, 6, 16, 21, 49, 25, 28, 23, 11, 17, 3], [20, 13, 31, 29, 45, 31, 0, 0, 13, 22, 2, 33, 18, 1, 5, 14, 28, 42, 33, 34, 24, 14, 25, 8, 37, 36, 42, 47, 40, 0, 38, 15, 40, 8, 35, 7, 0, 3, 14, 18], [15, 37, 33, 3, 19, 9, 46, 30, 43, 9, 17, 24, 10, 30, 23, 0, 30, 26, 30, 47, 37, 0, 34, 19, 40, 0, 35, 16, 25, 14, 40, 3, 44, 13, 35, 31, 0, 38, 40, 19], [10, 38, 16, 46, 24, 6, 40, 19, 10, 38, 44, 2, 27, 12, 0, 26, 20, 12, 28, 28, 21, 27, 49, 8, 39, 43, 48, 34, 22, 40, 33, 18, 10, 26, 15, 35, 48, 12, 43, 46], [44, 4, 44, 21, 6, 17, 34, 39, 15, 46, 18, 39, 34, 16, 3, 31, 49, 38, 23, 26, 14, 32, 20, 1, 34, 9, 18, 43, 2, 13, 41, 42, 21, 47, 38, 49, 5, 21, 6, 22], [8, 31, 40, 11, 14, 44, 48, 34, 34, 47, 37, 13, 21, 14, 9, 15, 27, 46, 17, 38, 21, 41, 6, 39, 35, 1, 21, 15, 2, 16, 6, 41, 45, 15, 30, 31, 4, 30, 37, 42], [0, 43, 41, 33, 41, 3, 33, 0, 11, 21, 0, 23, 1, 45, 7, 2, 34, 15, 41, 20, 38, 0, 14, 35, 33, 22, 30, 0, 9, 28, 26, 6, 0, 19, 9, 37, 6, 39, 30, 2], [11, 25, 45, 22, 1, 47, 43, 11, 19, 48, 44, 4, 32, 2, 9, 17, 28, 34, 48, 48, 5, 32, 41, 33, 25, 26, 41, 24, 33, 16, 6, 10, 33, 13, 33, 0, 40, 49, 0, 0], [12, 21, 49, 7, 24, 0, 28, 43, 49, 12, 27, 44, 16, 31, 21, 17, 12, 37, 5, 0, 12, 14, 28, 35, 35, 14, 47, 27, 39, 32, 9, 22, 38, 9, 34, 40, 35, 0, 19, 4], [37, 18, 11, 4, 19, 5, 19, 46, 23, 2, 48, 17, 23, 36, 21, 2, 14, 24, 46, 15, 42, 24, 13, 47, 35, 48, 29, 2, 23, 37, 39, 32, 40, 0, 40, 0, 0, 30, 8, 23], [0, 19, 48, 35, 16, 39, 20, 10, 0, 3, 34, 0, 0, 31, 31, 0, 24, 41, 4, 16, 41, 22, 19, 38, 1, 38, 13, 23, 36, 0, 19, 17, 18, 9, 12, 0, 30, 2, 1, 10], [6, 8, 37, 33, 32, 18, 8, 0, 37, 15, 36, 16, 20, 21, 26, 21, 2, 5, 16, 15, 0, 32, 23, 47, 4, 15, 28, 3, 48, 3, 17, 0, 0, 4, 44, 9, 37, 24, 2, 0], [4, 40, 45, 41, 45, 48, 30, 18, 16, 13, 44, 45, 0, 7, 0, 37, 8, 1, 18, 45, 8, 35, 0, 10, 40, 13, 29, 26, 11, 22, 9, 13, 40, 47, 38, 33, 47, 26, 29, 26], [28, 32, 39, 31, 38, 38, 32, 48, 7, 2, 7, 28, 9, 31, 32, 49, 8, 32, 7, 45, 42, 43, 7, 0, 20, 14, 0, 48, 42, 44, 23, 36, 30, 15, 40, 8, 38, 33, 0, 36], [0, 47, 5, 9, 26, 28, 0, 37, 0, 8, 38, 8, 0, 39, 19, 40, 4, 34, 1, 7, 37, 23, 25, 3, 16, 0, 4, 1, 33, 21, 31, 19, 35, 7, 19, 17, 9, 41, 1, 0], [30, 26, 29, 47, 12, 33, 16, 18, 4, 2, 10, 49, 16, 3, 2, 9, 1, 47, 4, 14, 39, 27, 6, 38, 43, 37, 7, 22, 11, 1, 39, 14, 0, 47, 41, 10, 1, 11, 38, 31], [28, 3, 32, 18, 31, 4, 36, 8, 0, 0, 20, 30, 46, 28, 12, 45, 49, 10, 2, 27, 27, 12, 38, 15, 7, 36, 0, 14, 26, 20, 46, 41, 7, 48, 22, 42, 46, 43, 14, 24], [21, 5, 43, 17, 14, 11, 0, 7, 48, 29, 0, 40, 0, 47, 35, 9, 8, 23, 6, 5, 30, 13, 1, 11, 17, 4, 45, 18, 10, 4, 31, 38, 19, 41, 28, 45, 37, 9, 39, 43], [43, 5, 26, 1, 33, 30, 5, 39, 31, 49, 13, 25, 38, 44, 2, 27, 28, 36, 1, 17, 18, 36, 27, 45, 4, 14, 3, 34, 38, 38, 6, 20, 12, 17, 46, 27, 31, 4, 15, 28], [25, 28, 0, 9, 2, 44, 37, 30, 17, 37, 1, 10, 26, 45, 37, 21, 45, 35, 29, 45, 10, 46, 25, 14, 14, 31, 21, 13, 26, 30, 46, 40, 15, 46, 37, 32, 3, 11, 11, 9], [34, 4, 9, 2, 43, 33, 47, 31, 31, 41, 32, 30, 45, 0, 47, 34, 8, 45, 31, 3, 40, 36, 32, 18, 40, 41, 12, 20, 3, 18, 9, 20, 38, 35, 36, 42, 17, 45, 47, 7], [17, 8, 39, 14, 1, 14, 5, 34, 2, 34, 0, 16, 9, 43, 2, 26, 13, 32, 32, 47, 9, 48, 15, 5, 17, 3, 38, 1, 27, 0, 9, 42, 23, 9, 21, 17, 13, 14, 8, 0], [26, 26, 2, 25, 17, 41, 43, 9, 42, 38, 25, 5, 32, 42, 26, 29, 47, 0, 2, 20, 9, 29, 47, 29, 11, 21, 0, 7, 7, 36, 12, 9, 18, 10, 11, 33, 38, 33, 2, 47], [33, 27, 29, 40, 7, 39, 13, 6, 36, 44, 30, 6, 7, 5, 4, 2, 45, 28, 35, 35, 2, 46, 13, 15, 2, 20, 32, 22, 8, 31, 41, 11, 1, 23, 36, 41, 49, 0, 44, 11], [43, 42, 43, 18, 4, 24, 27, 0, 23, 7, 25, 4, 19, 8, 47, 2, 13, 49, 21, 46, 27, 5, 3, 42, 18, 18, 20, 40, 24, 26, 11, 34, 7, 25, 18, 32, 25, 28, 17, 33], [5, 11, 47, 25, 13, 8, 24, 38, 0, 40, 11, 38, 49, 32, 20, 28, 38, 29, 46, 38, 26, 18, 32, 9, 1, 11, 17, 0, 49, 37, 14, 30, 49, 24, 11, 19, 23, 31, 43, 0], [44, 46, 7, 35, 39, 16, 7, 1, 31, 43, 33, 19, 19, 30, 39, 45, 43, 45, 39, 4, 24, 40, 16, 21, 42, 2, 20, 3, 7, 40, 29, 14, 47, 42, 32, 49, 47, 22, 39, 0], [5, 11, 29, 38, 0, 25, 12, 42, 17, 16, 13, 9, 32, 5, 27, 7, 17, 30, 20, 0, 5, 1, 0, 12, 15, 0, 3, 32, 21, 45, 27, 29, 31, 22, 6, 1, 33, 2, 8, 37], [30, 18, 44, 26, 36, 49, 26, 42, 37, 0, 28, 30, 35, 41, 7, 37, 1, 1, 12, 38, 39, 20, 43, 0, 10, 5, 15, 43, 11, 28, 27, 47, 10, 17, 47, 35, 35, 43, 43, 10], [37, 49, 0, 17, 10, 20, 41, 33, 37, 39, 0, 47, 17, 23, 8, 18, 16, 44, 26, 49, 4, 14, 41, 3, 45, 12, 32, 45, 39, 46, 27, 41, 21, 46, 43, 26, 44, 18, 16, 3], [18, 24, 29, 8, 9, 37, 18, 38, 42, 27, 9, 15, 41, 44, 7, 36, 21, 36, 17, 30, 31, 30, 9, 43, 32, 48, 28, 16, 1, 1, 39, 49, 46, 21, 36, 42, 46, 32, 22, 42], [7, 1, 5, 22, 15, 24, 12, 49, 48, 10, 36, 44, 47, 43, 33, 47, 14, 10, 42, 32, 21, 2, 16, 37, 0, 45, 29, 28, 29, 18, 8, 0, 26, 36, 12, 19, 33, 49, 11, 39], [5, 11, 49, 11, 34, 25, 6, 48, 36, 38, 9, 12, 8, 13, 16, 25, 45, 32, 8, 28, 32, 41, 32, 37, 21, 13, 10, 6, 30, 39, 5, 11, 2, 29, 32, 45, 21, 38, 33, 11]]
Maintenance cost in each period m: 
[79903, 80603, 80698, 78247, 80727, 80919, 78602, 78866, 79599, 80997, 78301, 80611, 81496, 80445, 81749, 79237, 79878, 79976, 78565, 78557, 78860, 78041, 80029, 80946, 78362, 78417, 79416, 80852, 78545, 80293, 79855, 80855, 79027, 81858, 79833, 78113, 79199, 78712, 78123, 80642]
Maximum capacity of the machine cmax: 
2200