Set of periods in the planning horizon T: 
45
Set of products P: 
60
Capacity reduction coefficient alpha: 
0.8
Relative decrease of capacity per set up gamma: 
0.21
Capacity reduction coefficient due to product types beta: 
[0.34, 0.24, 0.35, 0.31, 0.34, 0.23, 0.2, 0.26, 0.39, 0.26, 0.37, 0.28, 0.37, 0.39, 0.35, 0.22, 0.26, 0.38, 0.24, 0.25, 0.37, 0.38, 0.39, 0.24, 0.24, 0.33, 0.3, 0.35, 0.38, 0.36, 0.24, 0.4, 0.25, 0.31, 0.36, 0.39, 0.31, 0.36, 0.39, 0.24, 0.2, 0.27, 0.2, 0.3, 0.21, 0.39, 0.39, 0.33, 0.33, 0.24, 0.33, 0.34, 0.37, 0.22, 0.22, 0.24, 0.31, 0.25, 0.3, 0.38]
Fixed production cost of each product in each period f: 
[[904, 752, 936, 723, 526, 614, 502, 715, 537, 531, 516, 683, 644, 816, 740, 597, 693, 534, 947, 805, 555, 740, 774, 848, 847, 876, 852, 744, 831, 636, 885, 557, 835, 784, 971, 973, 635, 796, 813, 553, 531, 738, 694, 548, 715], [648, 807, 549, 701, 954, 618, 991, 708, 798, 506, 946, 728, 982, 931, 970, 573, 719, 890, 947, 836, 511, 789, 507, 995, 759, 913, 839, 566, 936, 713, 685, 675, 524, 915, 650, 878, 957, 889, 933, 916, 546, 708, 971, 816, 736], [608, 669, 927, 533, 956, 557, 669, 556, 740, 902, 665, 529, 569, 672, 569, 802, 672, 709, 504, 562, 630, 839, 590, 788, 965, 583, 782, 683, 998, 650, 587, 950, 655, 984, 618, 877, 647, 606, 726, 864, 681, 829, 710, 971, 715], [756, 521, 900, 817, 779, 766, 687, 516, 989, 951, 749, 625, 511, 919, 510, 777, 619, 718, 867, 912, 870, 637, 937, 872, 836, 802, 805, 846, 673, 597, 609, 843, 678, 928, 894, 871, 727, 549, 760, 678, 729, 751, 948, 940, 985], [540, 973, 585, 858, 953, 836, 522, 802, 665, 947, 851, 865, 951, 618, 764, 509, 784, 830, 812, 950, 786, 829, 964, 933, 583, 517, 537, 925, 559, 608, 995, 601, 504, 640, 768, 578, 641, 705, 593, 548, 909, 667, 589, 994, 607], [996, 970, 625, 775, 666, 873, 549, 559, 781, 900, 687, 944, 940, 926, 825, 848, 527, 851, 935, 644, 667, 603, 669, 601, 898, 941, 537, 919, 902, 680, 502, 716, 950, 720, 758, 774, 554, 876, 962, 944, 529, 914, 828, 843, 929], [822, 606, 969, 956, 912, 563, 897, 888, 849, 776, 994, 893, 558, 966, 963, 699, 797, 638, 967, 540, 543, 905, 508, 651, 578, 733, 635, 795, 767, 823, 697, 535, 614, 818, 539, 593, 601, 797, 809, 617, 975, 822, 941, 778, 724], [652, 616, 516, 716, 597, 917, 702, 985, 962, 681, 735, 766, 564, 913, 773, 700, 685, 811, 677, 829, 640, 707, 949, 512, 770, 686, 720, 705, 666, 643, 944, 778, 578, 727, 712, 766, 820, 756, 844, 778, 841, 516, 605, 788, 976], [835, 872, 622, 922, 658, 955, 805, 870, 924, 923, 586, 560, 827, 684, 933, 605, 685, 649, 700, 743, 749, 750, 580, 667, 577, 956, 704, 652, 566, 857, 787, 888, 631, 858, 555, 916, 682, 549, 975, 802, 639, 793, 865, 602, 731], [578, 644, 513, 656, 640, 762, 919, 700, 780, 931, 781, 736, 534, 930, 955, 857, 552, 849, 787, 680, 588, 592, 523, 815, 826, 908, 755, 757, 602, 949, 549, 615, 512, 771, 788, 905, 686, 954, 843, 968, 726, 787, 877, 549, 625], [659, 703, 962, 910, 924, 836, 576, 761, 544, 577, 566, 906, 902, 711, 657, 518, 701, 544, 817, 517, 537, 892, 583, 922, 769, 631, 674, 589, 930, 912, 548, 738, 783, 791, 698, 710, 899, 873, 749, 883, 563, 751, 860, 950, 543], [747, 799, 843, 894, 564, 899, 978, 879, 538, 782, 915, 570, 785, 547, 904, 790, 547, 560, 923, 726, 575, 986, 718, 683, 596, 699, 922, 897, 892, 720, 881, 804, 698, 658, 698, 701, 718, 657, 953, 743, 751, 768, 632, 559, 895], [721, 741, 932, 810, 584, 634, 740, 836, 556, 599, 917, 840, 896, 602, 852, 845, 984, 552, 755, 649, 980, 819, 815, 675, 826, 610, 588, 741, 718, 680, 528, 753, 675, 867, 914, 883, 749, 746, 813, 636, 604, 731, 570, 974, 823], [934, 761, 994, 947, 600, 636, 772, 800, 788, 538, 630, 755, 759, 596, 988, 677, 816, 662, 555, 778, 973, 707, 503, 639, 748, 840, 635, 719, 871, 777, 804, 691, 514, 883, 525, 786, 930, 995, 570, 993, 668, 743, 514, 763, 719], [503, 692, 779, 693, 777, 820, 861, 738, 583, 944, 710, 638, 553, 824, 653, 926, 841, 724, 814, 851, 509, 712, 837, 541, 932, 782, 537, 592, 821, 941, 652, 729, 510, 642, 979, 876, 996, 709, 982, 812, 982, 762, 935, 962, 818], [971, 683, 704, 775, 605, 594, 976, 736, 551, 945, 604, 615, 961, 712, 974, 505, 664, 595, 625, 942, 894, 649, 889, 656, 776, 694, 655, 776, 820, 936, 545, 890, 537, 994, 970, 556, 613, 931, 899, 877, 951, 675, 672, 784, 628], [500, 897, 635, 524, 567, 844, 973, 747, 982, 736, 520, 592, 914, 925, 676, 978, 542, 998, 927, 565, 887, 736, 678, 938, 697, 764, 519, 569, 551, 532, 863, 694, 686, 806, 830, 625, 951, 552, 770, 870, 678, 746, 565, 989, 581], [646, 529, 660, 748, 983, 976, 849, 522, 516, 882, 816, 515, 684, 720, 572, 660, 719, 978, 782, 507, 790, 556, 922, 796, 786, 993, 669, 984, 533, 723, 516, 514, 802, 977, 622, 822, 682, 543, 852, 810, 613, 887, 743, 939, 531], [756, 850, 579, 992, 917, 953, 544, 701, 653, 628, 837, 923, 517, 822, 967, 684, 554, 908, 506, 780, 711, 694, 717, 572, 617, 554, 852, 581, 606, 508, 781, 827, 739, 537, 955, 982, 878, 549, 601, 803, 535, 535, 563, 732, 540], [981, 577, 572, 514, 984, 530, 532, 881, 728, 758, 608, 693, 743, 680, 955, 548, 783, 553, 716, 950, 937, 824, 673, 725, 671, 737, 605, 678, 744, 891, 506, 527, 890, 853, 571, 615, 986, 877, 673, 960, 982, 832, 522, 615, 667], [671, 561, 911, 710, 743, 977, 754, 899, 649, 852, 744, 671, 995, 506, 639, 655, 752, 606, 646, 613, 732, 571, 810, 832, 627, 693, 703, 615, 919, 509, 765, 870, 807, 552, 988, 893, 863, 878, 909, 686, 647, 902, 571, 614, 721], [541, 520, 559, 626, 681, 837, 792, 570, 862, 966, 611, 992, 733, 690, 550, 956, 550, 734, 611, 985, 942, 603, 640, 789, 611, 792, 544, 750, 709, 893, 717, 855, 903, 902, 600, 967, 776, 839, 623, 839, 647, 549, 947, 939, 670], [779, 885, 558, 976, 651, 820, 765, 955, 609, 587, 974, 949, 672, 734, 762, 623, 615, 928, 892, 551, 747, 710, 644, 707, 893, 867, 615, 550, 637, 795, 540, 942, 877, 840, 748, 706, 977, 831, 997, 637, 667, 838, 508, 799, 797], [949, 744, 929, 719, 730, 837, 999, 803, 624, 915, 661, 951, 864, 573, 861, 875, 527, 597, 567, 768, 714, 675, 902, 886, 683, 847, 694, 643, 939, 526, 732, 656, 958, 502, 736, 642, 584, 917, 944, 764, 827, 741, 658, 743, 818], [780, 710, 791, 787, 545, 540, 654, 950, 755, 858, 695, 934, 950, 586, 617, 543, 879, 936, 804, 768, 899, 825, 739, 569, 942, 754, 768, 777, 680, 969, 647, 862, 861, 522, 567, 935, 992, 740, 598, 735, 981, 564, 681, 534, 980], [915, 558, 721, 990, 708, 641, 509, 589, 693, 834, 620, 810, 625, 640, 610, 906, 631, 641, 995, 738, 961, 826, 637, 710, 608, 702, 705, 535, 513, 786, 898, 543, 665, 519, 709, 763, 808, 942, 961, 602, 869, 592, 548, 541, 897], [973, 700, 678, 996, 984, 667, 624, 848, 936, 586, 780, 606, 585, 824, 560, 527, 978, 906, 944, 542, 726, 632, 561, 919, 996, 983, 814, 853, 976, 540, 733, 613, 901, 599, 962, 750, 711, 617, 915, 658, 708, 746, 921, 576, 802], [772, 680, 730, 518, 903, 832, 715, 824, 709, 521, 984, 871, 971, 716, 584, 602, 963, 988, 977, 604, 861, 918, 891, 883, 658, 513, 991, 598, 643, 951, 650, 815, 717, 597, 783, 902, 780, 997, 953, 982, 914, 552, 698, 766, 913], [984, 754, 787, 704, 990, 698, 826, 732, 896, 564, 788, 888, 669, 765, 640, 938, 593, 788, 823, 826, 916, 667, 994, 850, 635, 631, 731, 530, 960, 679, 922, 685, 753, 602, 522, 940, 804, 562, 707, 857, 911, 791, 832, 578, 577], [702, 981, 942, 592, 704, 786, 714, 922, 570, 698, 630, 634, 784, 970, 787, 513, 886, 564, 758, 613, 612, 909, 821, 527, 631, 983, 543, 631, 513, 930, 936, 769, 711, 927, 761, 882, 666, 660, 830, 632, 998, 922, 903, 687, 860], [923, 952, 535, 873, 812, 565, 556, 773, 801, 562, 968, 862, 704, 700, 826, 622, 786, 913, 940, 884, 515, 615, 992, 620, 558, 742, 784, 553, 859, 912, 618, 897, 628, 872, 845, 964, 599, 667, 575, 537, 717, 609, 929, 657, 837], [870, 634, 714, 988, 514, 954, 565, 742, 859, 860, 861, 727, 983, 517, 994, 879, 801, 859, 500, 543, 811, 617, 623, 817, 518, 571, 764, 606, 635, 810, 507, 960, 512, 504, 539, 661, 751, 714, 511, 553, 511, 652, 885, 530, 586], [803, 701, 875, 774, 848, 509, 505, 805, 563, 722, 548, 544, 849, 918, 674, 905, 900, 954, 647, 763, 758, 860, 971, 663, 782, 685, 820, 583, 946, 841, 957, 702, 900, 598, 915, 711, 994, 890, 526, 739, 591, 887, 819, 906, 708], [995, 992, 953, 862, 628, 561, 816, 613, 766, 687, 724, 575, 734, 921, 568, 733, 558, 590, 964, 858, 631, 913, 551, 715, 573, 981, 765, 778, 531, 684, 838, 801, 798, 819, 758, 742, 633, 901, 857, 822, 917, 584, 936, 837, 873], [767, 988, 675, 766, 680, 714, 607, 934, 896, 503, 580, 554, 593, 819, 669, 787, 708, 701, 641, 780, 996, 707, 623, 751, 911, 533, 672, 697, 857, 847, 764, 722, 883, 523, 572, 752, 665, 952, 521, 592, 573, 618, 722, 594, 946], [851, 741, 692, 710, 690, 709, 702, 948, 680, 520, 721, 813, 536, 871, 650, 748, 835, 915, 702, 829, 780, 876, 576, 782, 841, 843, 937, 728, 760, 706, 889, 994, 595, 739, 722, 690, 558, 893, 909, 667, 625, 830, 826, 748, 723], [883, 682, 819, 640, 850, 653, 987, 524, 636, 576, 705, 896, 771, 605, 588, 812, 686, 977, 651, 574, 866, 755, 858, 880, 916, 936, 605, 658, 672, 964, 725, 875, 903, 822, 698, 507, 776, 502, 515, 551, 915, 978, 824, 698, 593], [555, 839, 924, 692, 725, 522, 855, 834, 752, 971, 663, 933, 744, 744, 809, 661, 610, 846, 982, 781, 501, 675, 727, 924, 709, 942, 905, 731, 840, 929, 971, 830, 851, 668, 740, 749, 630, 627, 949, 874, 992, 991, 577, 525, 570], [787, 576, 784, 653, 520, 599, 849, 892, 733, 720, 962, 624, 935, 881, 819, 514, 627, 524, 728, 685, 900, 540, 769, 885, 884, 631, 854, 619, 813, 655, 924, 861, 797, 920, 796, 996, 539, 800, 526, 604, 748, 505, 807, 554, 677], [590, 595, 732, 686, 621, 809, 977, 737, 638, 891, 800, 730, 823, 541, 834, 804, 852, 743, 900, 500, 710, 979, 653, 649, 809, 893, 834, 862, 893, 842, 869, 560, 769, 751, 773, 536, 767, 593, 879, 855, 637, 901, 515, 584, 970], [889, 561, 757, 874, 778, 868, 704, 849, 849, 568, 795, 786, 988, 656, 708, 518, 927, 638, 806, 962, 893, 794, 725, 652, 847, 831, 885, 673, 537, 849, 884, 893, 761, 505, 750, 525, 652, 525, 528, 698, 763, 948, 822, 513, 723], [542, 861, 733, 792, 527, 765, 536, 677, 579, 623, 630, 647, 513, 986, 949, 757, 726, 759, 629, 868, 804, 506, 879, 889, 995, 839, 564, 869, 927, 603, 861, 935, 992, 640, 768, 897, 621, 914, 551, 892, 799, 570, 893, 646, 945], [538, 992, 963, 543, 975, 671, 912, 640, 932, 650, 673, 932, 774, 792, 740, 523, 946, 959, 821, 510, 810, 678, 549, 508, 742, 795, 743, 981, 662, 501, 744, 659, 704, 693, 950, 513, 513, 868, 856, 698, 901, 557, 714, 841, 560], [592, 827, 514, 977, 981, 782, 697, 841, 889, 971, 916, 589, 620, 537, 791, 876, 673, 800, 821, 715, 721, 650, 574, 880, 845, 968, 784, 713, 845, 962, 859, 968, 556, 519, 837, 709, 809, 516, 727, 642, 544, 983, 914, 514, 902], [818, 822, 875, 981, 603, 975, 722, 610, 803, 828, 819, 509, 782, 853, 815, 553, 651, 959, 659, 858, 529, 877, 540, 631, 718, 655, 605, 583, 969, 598, 750, 719, 735, 513, 616, 683, 534, 570, 787, 955, 636, 892, 962, 793, 915], [535, 820, 542, 638, 778, 773, 814, 890, 734, 935, 828, 600, 570, 500, 594, 913, 903, 606, 867, 889, 659, 667, 523, 791, 925, 529, 901, 754, 715, 764, 771, 820, 634, 800, 806, 885, 844, 971, 684, 940, 964, 569, 535, 980, 550], [927, 519, 951, 677, 969, 694, 773, 697, 533, 508, 804, 505, 909, 821, 614, 688, 865, 679, 684, 641, 869, 557, 971, 896, 762, 704, 536, 707, 676, 607, 734, 929, 917, 719, 537, 994, 620, 936, 926, 972, 727, 690, 723, 760, 963], [862, 546, 754, 706, 564, 937, 944, 994, 842, 568, 664, 841, 745, 764, 657, 534, 592, 705, 593, 948, 896, 952, 657, 803, 589, 711, 812, 754, 843, 615, 971, 826, 708, 894, 795, 770, 757, 586, 689, 693, 977, 802, 610, 925, 535], [597, 931, 526, 847, 885, 543, 768, 747, 935, 750, 712, 577, 689, 702, 749, 609, 672, 786, 511, 803, 715, 575, 680, 531, 947, 899, 833, 957, 851, 642, 821, 766, 579, 814, 721, 712, 956, 881, 928, 908, 620, 910, 986, 669, 852], [690, 866, 618, 920, 693, 556, 903, 573, 503, 771, 709, 521, 925, 505, 576, 577, 869, 659, 968, 983, 931, 599, 964, 765, 664, 764, 779, 792, 896, 784, 682, 709, 652, 887, 714, 816, 668, 591, 633, 965, 793, 931, 985, 799, 520], [656, 563, 718, 931, 653, 603, 962, 509, 757, 602, 908, 548, 759, 517, 937, 945, 763, 876, 665, 687, 744, 707, 635, 543, 760, 976, 753, 754, 824, 577, 819, 802, 783, 939, 618, 984, 640, 895, 769, 834, 857, 518, 606, 806, 514], [544, 740, 896, 977, 779, 502, 635, 794, 895, 868, 745, 948, 533, 602, 901, 926, 927, 650, 562, 568, 518, 938, 787, 529, 979, 700, 834, 658, 677, 633, 516, 865, 804, 541, 880, 881, 694, 958, 850, 907, 640, 773, 904, 979, 675], [579, 563, 921, 846, 570, 747, 544, 783, 812, 852, 722, 852, 660, 737, 676, 836, 704, 659, 566, 709, 889, 895, 573, 900, 841, 710, 509, 552, 555, 909, 551, 992, 720, 774, 869, 855, 920, 796, 879, 834, 838, 899, 729, 572, 902], [907, 511, 829, 760, 503, 601, 893, 631, 920, 799, 860, 781, 744, 524, 503, 809, 623, 827, 953, 943, 847, 789, 636, 561, 919, 785, 522, 828, 596, 852, 629, 983, 617, 778, 834, 549, 997, 525, 863, 738, 763, 924, 563, 844, 648], [963, 569, 616, 505, 931, 649, 889, 937, 531, 977, 732, 686, 621, 525, 543, 913, 828, 712, 747, 930, 645, 573, 536, 847, 752, 878, 912, 508, 506, 982, 504, 963, 687, 850, 806, 708, 764, 638, 996, 734, 538, 896, 554, 883, 540], [540, 510, 944, 544, 735, 515, 774, 608, 629, 561, 682, 583, 959, 949, 959, 952, 516, 854, 506, 641, 992, 649, 523, 688, 520, 507, 721, 736, 651, 586, 659, 722, 726, 759, 926, 843, 692, 739, 536, 623, 664, 745, 673, 528, 840], [654, 976, 630, 603, 760, 908, 918, 836, 532, 722, 520, 783, 558, 775, 606, 770, 767, 561, 735, 720, 985, 553, 782, 855, 962, 724, 753, 674, 737, 791, 560, 911, 927, 518, 633, 581, 616, 567, 872, 914, 976, 894, 793, 546, 915], [939, 594, 804, 572, 663, 966, 758, 566, 905, 716, 873, 506, 503, 934, 551, 861, 781, 640, 875, 975, 600, 786, 896, 784, 517, 966, 951, 811, 797, 881, 671, 620, 988, 515, 942, 727, 772, 800, 868, 878, 786, 706, 925, 515, 835], [859, 942, 914, 834, 867, 528, 637, 879, 659, 530, 828, 975, 748, 694, 913, 893, 660, 913, 666, 629, 651, 826, 952, 913, 825, 523, 840, 697, 689, 657, 586, 753, 873, 684, 960, 962, 888, 903, 872, 758, 783, 832, 977, 784, 627], [848, 851, 870, 644, 761, 938, 574, 656, 887, 948, 574, 587, 687, 954, 661, 599, 585, 865, 865, 722, 602, 509, 749, 698, 914, 679, 548, 500, 963, 706, 928, 636, 532, 657, 909, 671, 776, 506, 591, 705, 531, 901, 666, 876, 941]]
Variable production cost per unit of each product in each period p: 
[[13, 12, 13, 12, 10, 13, 11, 10, 11, 13, 11, 10, 12, 12, 13, 11, 11, 13, 13, 13, 10, 13, 12, 10, 11, 11, 10, 11, 13, 12, 12, 13, 11, 12, 13, 10, 10, 12, 13, 10, 11, 12, 11, 11, 11], [10, 11, 12, 13, 12, 11, 13, 13, 12, 11, 10, 12, 12, 13, 10, 12, 11, 12, 12, 10, 12, 12, 12, 13, 10, 10, 10, 12, 11, 12, 11, 12, 13, 11, 13, 10, 11, 11, 12, 13, 11, 10, 12, 13, 13], [13, 11, 13, 12, 12, 10, 10, 12, 12, 10, 10, 11, 13, 10, 12, 12, 12, 13, 11, 11, 13, 10, 13, 10, 11, 11, 10, 11, 11, 12, 10, 12, 13, 13, 12, 13, 12, 13, 10, 10, 10, 12, 12, 12, 12], [12, 12, 12, 10, 12, 11, 12, 11, 11, 10, 13, 11, 13, 13, 11, 11, 11, 10, 13, 12, 11, 13, 11, 11, 13, 11, 11, 13, 11, 12, 13, 11, 10, 13, 12, 12, 13, 13, 13, 11, 12, 13, 10, 11, 10], [10, 13, 11, 13, 11, 10, 11, 13, 10, 10, 11, 12, 11, 10, 12, 13, 13, 13, 10, 12, 10, 10, 13, 12, 12, 12, 10, 11, 10, 12, 10, 10, 11, 13, 12, 13, 13, 11, 11, 12, 10, 12, 11, 11, 10], [13, 11, 12, 10, 12, 13, 12, 12, 12, 11, 11, 12, 13, 10, 10, 11, 10, 12, 11, 11, 11, 13, 10, 13, 13, 12, 12, 13, 10, 10, 11, 12, 10, 10, 13, 12, 11, 13, 11, 11, 11, 10, 10, 11, 13], [13, 13, 11, 11, 13, 11, 10, 12, 10, 12, 10, 12, 10, 10, 10, 12, 11, 11, 10, 12, 13, 12, 10, 13, 13, 12, 11, 12, 13, 13, 12, 13, 11, 10, 11, 10, 10, 13, 12, 10, 10, 10, 12, 10, 13], [11, 11, 10, 10, 11, 13, 12, 10, 10, 12, 11, 11, 11, 12, 10, 10, 10, 13, 13, 10, 12, 12, 10, 12, 11, 13, 10, 10, 12, 13, 11, 13, 13, 10, 12, 13, 12, 12, 11, 11, 13, 13, 13, 12, 12], [11, 12, 11, 10, 13, 12, 10, 13, 12, 11, 10, 11, 10, 10, 11, 12, 11, 12, 12, 11, 12, 12, 12, 12, 10, 11, 13, 12, 10, 12, 12, 11, 11, 12, 13, 10, 10, 10, 13, 12, 12, 11, 12, 13, 13], [11, 10, 10, 10, 10, 13, 13, 11, 12, 12, 11, 10, 10, 12, 13, 13, 11, 12, 11, 11, 13, 11, 13, 12, 11, 11, 12, 11, 12, 11, 13, 11, 10, 12, 10, 12, 13, 11, 13, 12, 11, 10, 12, 10, 13], [10, 11, 13, 12, 10, 11, 12, 12, 12, 12, 12, 12, 13, 13, 13, 11, 11, 10, 10, 10, 11, 11, 12, 10, 11, 10, 11, 13, 11, 11, 13, 12, 11, 11, 11, 10, 10, 13, 11, 13, 10, 13, 10, 12, 10], [12, 12, 12, 10, 12, 12, 11, 12, 11, 10, 10, 12, 11, 10, 12, 13, 10, 10, 10, 11, 10, 12, 11, 13, 10, 11, 10, 13, 12, 12, 13, 10, 13, 11, 11, 13, 10, 12, 11, 10, 11, 12, 12, 11, 10], [12, 13, 10, 11, 11, 13, 12, 13, 11, 13, 10, 10, 11, 13, 10, 10, 12, 12, 11, 13, 13, 11, 11, 10, 13, 12, 12, 11, 12, 11, 13, 10, 13, 10, 10, 11, 13, 11, 11, 13, 11, 11, 11, 10, 10], [13, 11, 13, 13, 11, 13, 11, 12, 12, 10, 13, 10, 10, 13, 12, 13, 11, 12, 12, 11, 13, 11, 12, 10, 10, 11, 12, 13, 13, 12, 12, 12, 11, 10, 11, 13, 11, 11, 13, 13, 10, 12, 10, 10, 10], [12, 11, 11, 10, 12, 12, 11, 10, 13, 13, 10, 13, 10, 12, 12, 13, 13, 13, 13, 12, 13, 12, 12, 12, 11, 10, 11, 11, 11, 10, 11, 13, 11, 10, 10, 13, 12, 11, 10, 12, 12, 10, 12, 13, 13], [10, 11, 10, 10, 10, 12, 10, 13, 12, 10, 10, 13, 12, 12, 12, 13, 12, 12, 13, 10, 11, 11, 11, 11, 13, 13, 13, 12, 10, 10, 10, 13, 11, 12, 13, 11, 12, 13, 12, 11, 13, 13, 10, 13, 11], [12, 12, 10, 13, 12, 13, 12, 10, 13, 13, 12, 12, 11, 10, 12, 11, 13, 10, 12, 13, 13, 12, 11, 13, 10, 13, 11, 12, 12, 13, 11, 10, 11, 11, 13, 12, 12, 10, 12, 12, 12, 10, 11, 11, 12], [10, 12, 10, 12, 11, 13, 11, 10, 10, 13, 12, 12, 13, 11, 11, 12, 10, 11, 13, 11, 10, 11, 10, 10, 11, 12, 11, 13, 10, 13, 10, 13, 13, 10, 13, 13, 11, 11, 12, 11, 13, 13, 11, 12, 11], [10, 10, 12, 11, 11, 13, 11, 12, 12, 12, 13, 10, 12, 11, 13, 11, 11, 11, 12, 13, 10, 12, 10, 13, 12, 11, 13, 11, 12, 10, 12, 12, 13, 12, 10, 10, 10, 10, 12, 11, 10, 12, 13, 12, 12], [11, 13, 10, 12, 12, 13, 11, 11, 13, 10, 11, 12, 11, 12, 12, 13, 10, 11, 12, 13, 11, 10, 12, 13, 10, 10, 11, 13, 12, 11, 11, 10, 12, 12, 12, 10, 13, 13, 12, 12, 12, 10, 12, 11, 13], [12, 11, 11, 10, 11, 12, 11, 12, 11, 10, 13, 13, 11, 13, 12, 12, 13, 10, 13, 13, 13, 10, 10, 13, 13, 10, 11, 13, 13, 12, 11, 13, 10, 13, 12, 12, 12, 11, 12, 13, 12, 11, 12, 13, 11], [12, 11, 11, 11, 12, 11, 12, 11, 10, 11, 10, 12, 11, 13, 12, 10, 13, 12, 10, 13, 10, 13, 11, 11, 13, 13, 11, 11, 13, 13, 11, 10, 11, 12, 12, 10, 12, 11, 11, 12, 13, 10, 12, 10, 12], [12, 13, 11, 13, 11, 12, 13, 10, 11, 12, 10, 11, 13, 12, 11, 11, 13, 11, 10, 11, 13, 12, 12, 13, 13, 11, 13, 10, 12, 11, 10, 13, 11, 12, 11, 12, 13, 11, 12, 11, 12, 13, 12, 11, 10], [12, 13, 12, 11, 10, 10, 13, 13, 11, 12, 10, 11, 12, 10, 10, 10, 10, 12, 13, 11, 13, 10, 13, 11, 11, 11, 13, 13, 10, 11, 10, 11, 11, 10, 10, 13, 13, 11, 12, 10, 10, 10, 11, 13, 13], [12, 10, 10, 11, 12, 11, 10, 11, 11, 13, 11, 11, 11, 13, 12, 10, 13, 11, 11, 12, 11, 12, 13, 13, 13, 11, 13, 10, 10, 10, 13, 12, 13, 13, 10, 13, 11, 13, 13, 11, 13, 11, 13, 11, 12], [13, 10, 12, 10, 13, 12, 11, 11, 12, 11, 11, 10, 13, 13, 10, 12, 11, 10, 12, 11, 10, 13, 10, 10, 13, 10, 12, 10, 13, 10, 10, 10, 13, 13, 13, 10, 12, 10, 13, 12, 12, 11, 11, 12, 10], [13, 12, 11, 10, 11, 12, 12, 12, 10, 12, 11, 13, 12, 10, 13, 10, 12, 12, 13, 13, 11, 13, 12, 13, 11, 11, 13, 10, 13, 10, 12, 11, 10, 10, 13, 13, 12, 11, 10, 11, 11, 13, 13, 13, 12], [10, 12, 11, 12, 12, 12, 13, 12, 13, 13, 10, 12, 11, 13, 13, 10, 13, 12, 12, 10, 12, 11, 13, 13, 10, 13, 12, 11, 10, 10, 11, 11, 10, 11, 12, 10, 13, 12, 11, 12, 12, 11, 12, 10, 10], [11, 10, 10, 13, 13, 13, 11, 12, 13, 13, 12, 12, 11, 13, 13, 12, 13, 11, 12, 11, 11, 11, 11, 13, 13, 13, 11, 13, 12, 11, 11, 10, 10, 11, 11, 10, 10, 11, 10, 13, 11, 13, 12, 13, 13], [13, 10, 10, 11, 11, 11, 12, 11, 12, 10, 10, 13, 12, 11, 10, 10, 11, 10, 13, 11, 12, 13, 12, 13, 11, 13, 12, 11, 11, 11, 12, 10, 10, 11, 13, 10, 11, 12, 11, 13, 12, 10, 11, 11, 12], [12, 10, 13, 13, 12, 11, 13, 12, 11, 12, 13, 12, 13, 11, 13, 13, 13, 13, 10, 13, 11, 10, 10, 10, 13, 10, 10, 11, 12, 13, 12, 12, 10, 13, 12, 10, 13, 13, 12, 13, 10, 13, 11, 10, 10], [11, 10, 10, 12, 12, 10, 12, 12, 12, 10, 13, 13, 10, 12, 12, 10, 12, 11, 13, 12, 10, 13, 11, 11, 10, 11, 11, 11, 13, 11, 11, 11, 11, 12, 10, 10, 11, 10, 12, 12, 10, 10, 10, 13, 11], [13, 11, 13, 11, 12, 11, 12, 13, 13, 10, 12, 10, 13, 10, 10, 12, 11, 10, 12, 12, 12, 11, 10, 12, 11, 11, 12, 12, 11, 12, 11, 12, 10, 13, 12, 12, 13, 13, 10, 11, 12, 11, 11, 11, 11], [13, 10, 13, 13, 11, 11, 13, 11, 13, 12, 13, 11, 13, 10, 13, 10, 10, 11, 12, 13, 11, 11, 13, 11, 12, 13, 12, 13, 11, 10, 11, 10, 11, 11, 12, 10, 10, 12, 12, 12, 11, 13, 10, 10, 11], [13, 12, 10, 13, 10, 12, 12, 10, 13, 11, 12, 13, 11, 11, 10, 12, 13, 13, 12, 13, 12, 11, 10, 10, 13, 10, 11, 12, 12, 13, 12, 13, 12, 13, 13, 10, 10, 13, 11, 11, 11, 13, 10, 13, 13], [10, 10, 12, 13, 12, 11, 13, 10, 13, 12, 11, 10, 10, 11, 13, 11, 12, 10, 10, 13, 10, 10, 13, 12, 11, 13, 11, 12, 12, 12, 10, 11, 13, 10, 13, 10, 10, 13, 12, 10, 12, 13, 13, 11, 12], [10, 13, 13, 10, 11, 10, 11, 12, 11, 13, 13, 11, 10, 13, 12, 10, 11, 10, 10, 13, 13, 12, 12, 10, 11, 10, 12, 12, 11, 12, 11, 13, 11, 13, 11, 11, 11, 11, 13, 10, 13, 13, 11, 13, 13], [13, 10, 13, 13, 12, 13, 11, 13, 11, 12, 13, 13, 13, 12, 13, 12, 10, 11, 13, 10, 11, 11, 13, 13, 11, 11, 13, 11, 13, 11, 12, 10, 13, 13, 11, 10, 13, 10, 13, 10, 10, 12, 12, 10, 12], [10, 13, 13, 12, 13, 11, 13, 10, 10, 11, 11, 12, 13, 11, 13, 12, 13, 11, 13, 12, 11, 13, 12, 10, 11, 10, 12, 11, 11, 13, 10, 13, 10, 10, 12, 13, 13, 12, 12, 10, 10, 10, 11, 10, 11], [12, 13, 13, 11, 11, 13, 10, 10, 12, 12, 10, 13, 13, 12, 12, 11, 11, 10, 13, 13, 12, 10, 12, 11, 12, 13, 13, 13, 13, 11, 12, 11, 12, 13, 12, 10, 13, 10, 12, 11, 12, 12, 13, 10, 11], [10, 13, 12, 13, 13, 11, 12, 10, 12, 12, 13, 12, 13, 11, 13, 11, 13, 10, 13, 10, 10, 12, 12, 12, 12, 12, 11, 12, 12, 10, 12, 13, 13, 10, 13, 10, 11, 12, 11, 13, 11, 13, 12, 10, 13], [13, 10, 13, 12, 12, 10, 13, 13, 12, 12, 10, 10, 12, 13, 13, 10, 10, 13, 10, 10, 11, 10, 12, 11, 11, 12, 13, 11, 12, 13, 11, 13, 11, 12, 11, 10, 12, 13, 10, 12, 11, 13, 10, 12, 12], [13, 12, 11, 13, 12, 13, 10, 13, 13, 10, 10, 10, 10, 13, 10, 11, 12, 10, 11, 10, 12, 12, 11, 10, 11, 10, 12, 11, 12, 12, 10, 12, 11, 12, 13, 10, 10, 13, 12, 13, 13, 10, 10, 11, 12], [11, 10, 13, 10, 11, 13, 10, 12, 12, 10, 10, 10, 11, 10, 13, 13, 11, 10, 11, 12, 13, 12, 13, 12, 13, 12, 11, 10, 10, 10, 10, 12, 12, 13, 12, 13, 10, 11, 10, 11, 12, 11, 11, 12, 11], [12, 13, 13, 11, 10, 11, 12, 11, 12, 13, 12, 11, 12, 13, 10, 11, 13, 10, 11, 11, 10, 11, 13, 11, 13, 11, 11, 13, 13, 10, 13, 12, 13, 11, 12, 11, 11, 11, 13, 13, 13, 13, 13, 10, 13], [11, 10, 13, 11, 13, 12, 13, 11, 10, 13, 13, 11, 12, 12, 13, 10, 12, 13, 12, 10, 13, 13, 13, 13, 10, 13, 13, 11, 10, 11, 12, 12, 10, 11, 11, 11, 13, 11, 11, 12, 13, 13, 10, 12, 12], [11, 10, 10, 13, 11, 12, 13, 12, 12, 13, 13, 10, 13, 10, 13, 12, 11, 10, 12, 11, 12, 13, 10, 12, 12, 13, 10, 10, 10, 11, 10, 11, 13, 10, 13, 11, 11, 12, 13, 13, 12, 12, 10, 10, 12], [13, 12, 10, 10, 12, 11, 12, 12, 11, 11, 12, 13, 11, 10, 12, 10, 11, 10, 10, 10, 12, 13, 12, 12, 11, 13, 12, 12, 11, 10, 10, 10, 11, 13, 12, 12, 10, 13, 13, 10, 13, 11, 13, 10, 10], [12, 11, 11, 10, 13, 10, 13, 10, 13, 10, 11, 13, 13, 13, 11, 10, 13, 13, 10, 12, 11, 11, 10, 11, 13, 13, 10, 12, 13, 11, 12, 13, 12, 11, 13, 11, 13, 13, 12, 10, 13, 12, 11, 13, 13], [13, 12, 13, 13, 11, 13, 11, 11, 12, 11, 10, 11, 12, 12, 12, 12, 13, 11, 13, 13, 11, 11, 13, 12, 13, 13, 12, 13, 13, 11, 12, 13, 11, 10, 13, 13, 13, 13, 10, 11, 11, 13, 10, 12, 12], [12, 13, 11, 13, 11, 13, 12, 13, 11, 10, 10, 12, 12, 13, 12, 13, 10, 13, 13, 11, 10, 11, 10, 10, 13, 11, 10, 10, 12, 11, 13, 10, 10, 11, 13, 12, 11, 11, 11, 12, 10, 12, 13, 12, 10], [11, 10, 12, 11, 11, 13, 13, 12, 12, 12, 10, 10, 12, 11, 13, 13, 13, 11, 13, 11, 13, 12, 11, 11, 13, 10, 12, 12, 13, 11, 12, 10, 11, 12, 13, 10, 10, 12, 11, 11, 13, 10, 13, 13, 13], [13, 10, 12, 11, 13, 13, 12, 11, 12, 13, 12, 11, 12, 12, 13, 10, 13, 10, 12, 12, 13, 10, 11, 12, 13, 11, 13, 12, 11, 12, 13, 13, 10, 10, 13, 13, 11, 10, 13, 11, 13, 10, 10, 13, 10], [11, 10, 10, 10, 10, 10, 13, 12, 10, 11, 10, 11, 11, 12, 12, 13, 11, 12, 10, 11, 13, 10, 13, 10, 12, 13, 11, 12, 13, 13, 10, 13, 10, 12, 13, 11, 12, 11, 10, 11, 13, 10, 10, 11, 12], [13, 10, 12, 10, 10, 10, 10, 12, 12, 10, 10, 13, 12, 12, 10, 10, 10, 11, 12, 12, 12, 10, 10, 11, 11, 11, 13, 12, 12, 12, 12, 13, 13, 11, 13, 11, 11, 13, 10, 12, 11, 11, 11, 10, 10], [12, 10, 13, 11, 13, 13, 11, 12, 13, 12, 10, 12, 13, 13, 10, 13, 10, 10, 13, 12, 11, 12, 13, 13, 13, 13, 12, 11, 13, 13, 10, 11, 10, 10, 12, 12, 11, 13, 11, 13, 12, 13, 13, 13, 10], [12, 13, 12, 13, 12, 12, 11, 10, 11, 12, 11, 13, 11, 10, 12, 13, 13, 10, 11, 10, 12, 12, 11, 12, 10, 12, 13, 13, 13, 11, 11, 11, 10, 13, 10, 11, 11, 12, 11, 13, 10, 10, 10, 13, 13], [11, 10, 12, 13, 12, 13, 13, 11, 11, 12, 13, 11, 10, 12, 11, 11, 13, 10, 12, 10, 13, 10, 12, 13, 10, 10, 12, 12, 12, 10, 10, 12, 11, 13, 10, 12, 10, 10, 10, 13, 10, 13, 12, 11, 10], [13, 10, 12, 12, 13, 12, 10, 11, 10, 12, 10, 10, 12, 11, 12, 13, 12, 12, 11, 12, 11, 10, 10, 11, 12, 11, 11, 12, 13, 11, 12, 11, 13, 11, 11, 10, 11, 10, 10, 12, 12, 10, 11, 11, 12], [13, 11, 11, 11, 11, 13, 11, 11, 10, 12, 13, 10, 13, 13, 13, 12, 10, 13, 12, 12, 10, 11, 11, 13, 10, 10, 11, 11, 12, 10, 12, 13, 10, 11, 10, 11, 10, 11, 13, 10, 11, 11, 12, 11, 10]]
Inventory holding cost per unit of each product by the end of each period h: 
[[5, 8, 9, 9, 6, 8, 5, 6, 9, 6, 6, 5, 7, 9, 9, 8, 8, 5, 7, 5, 9, 5, 9, 5, 9, 7, 9, 8, 5, 9, 7, 8, 9, 9, 8, 8, 5, 6, 5, 9, 7, 7, 5, 8, 6], [5, 6, 5, 6, 6, 6, 9, 5, 7, 5, 7, 9, 8, 7, 6, 6, 8, 5, 9, 6, 6, 5, 9, 5, 6, 6, 8, 5, 9, 6, 9, 5, 6, 7, 7, 5, 6, 6, 5, 5, 9, 7, 6, 9, 9], [8, 7, 6, 5, 7, 7, 7, 6, 6, 7, 5, 5, 5, 7, 7, 6, 5, 8, 8, 9, 6, 9, 5, 7, 5, 5, 9, 8, 5, 8, 8, 6, 7, 7, 5, 8, 9, 8, 5, 9, 8, 9, 5, 9, 8], [7, 6, 9, 7, 5, 9, 6, 5, 9, 5, 9, 5, 6, 8, 7, 9, 5, 7, 5, 8, 9, 9, 6, 8, 5, 7, 9, 5, 7, 9, 8, 5, 8, 9, 6, 5, 5, 7, 5, 7, 9, 5, 6, 9, 8], [9, 5, 5, 6, 7, 7, 6, 6, 7, 5, 7, 7, 5, 8, 7, 7, 5, 7, 9, 5, 6, 9, 5, 9, 7, 9, 6, 6, 7, 6, 9, 5, 8, 5, 6, 6, 5, 9, 8, 6, 5, 6, 7, 5, 9], [7, 8, 6, 6, 7, 7, 5, 7, 5, 5, 6, 9, 5, 6, 7, 7, 9, 6, 9, 8, 5, 5, 7, 6, 8, 8, 8, 8, 7, 9, 6, 7, 7, 7, 6, 5, 5, 6, 6, 5, 5, 6, 9, 9, 9], [9, 9, 9, 7, 9, 6, 6, 7, 6, 7, 5, 8, 6, 5, 9, 6, 9, 8, 6, 9, 9, 7, 5, 7, 6, 7, 7, 9, 8, 6, 5, 6, 5, 8, 6, 7, 9, 5, 6, 5, 9, 9, 8, 9, 9], [7, 6, 9, 8, 8, 7, 9, 8, 5, 7, 5, 5, 5, 6, 6, 8, 7, 9, 6, 9, 5, 5, 5, 8, 9, 7, 9, 5, 5, 9, 7, 6, 6, 8, 8, 6, 9, 9, 8, 5, 5, 6, 5, 6, 9], [8, 9, 7, 8, 8, 6, 8, 7, 9, 9, 6, 9, 7, 9, 6, 7, 5, 7, 7, 5, 6, 6, 8, 8, 8, 6, 8, 9, 6, 8, 6, 5, 5, 8, 9, 8, 5, 9, 6, 9, 8, 8, 6, 9, 6], [8, 8, 7, 9, 5, 9, 9, 6, 7, 8, 6, 9, 9, 6, 9, 6, 9, 9, 5, 9, 7, 9, 8, 6, 5, 8, 5, 5, 6, 7, 8, 9, 8, 7, 8, 7, 6, 7, 6, 9, 8, 5, 7, 8, 7], [7, 8, 9, 5, 6, 7, 5, 8, 6, 6, 7, 8, 6, 8, 9, 7, 5, 9, 7, 6, 8, 7, 9, 8, 7, 9, 6, 5, 5, 8, 5, 7, 8, 6, 9, 8, 6, 7, 6, 8, 9, 7, 6, 7, 7], [7, 9, 6, 8, 7, 6, 7, 6, 9, 6, 9, 5, 9, 9, 6, 5, 6, 8, 7, 8, 8, 8, 7, 7, 8, 6, 7, 5, 5, 7, 7, 6, 5, 7, 9, 9, 6, 6, 8, 6, 8, 6, 7, 8, 7], [7, 5, 6, 6, 5, 9, 9, 8, 5, 7, 6, 8, 5, 5, 5, 7, 6, 8, 9, 8, 6, 5, 7, 9, 9, 5, 6, 6, 8, 8, 6, 6, 6, 9, 5, 5, 5, 6, 6, 7, 9, 8, 5, 7, 9], [8, 8, 9, 5, 5, 7, 6, 8, 6, 5, 5, 8, 6, 6, 7, 8, 8, 9, 6, 5, 5, 9, 8, 8, 5, 5, 6, 6, 7, 8, 8, 9, 5, 7, 7, 5, 6, 8, 5, 7, 7, 5, 5, 8, 8], [9, 8, 6, 9, 9, 7, 6, 6, 7, 5, 8, 5, 6, 9, 6, 5, 7, 9, 5, 6, 9, 5, 9, 6, 7, 8, 7, 6, 8, 8, 8, 9, 9, 6, 5, 7, 9, 6, 9, 9, 6, 8, 7, 8, 8], [8, 9, 9, 7, 7, 6, 8, 9, 8, 8, 9, 7, 8, 7, 6, 7, 7, 7, 9, 6, 5, 5, 6, 7, 7, 6, 8, 8, 5, 5, 5, 9, 9, 9, 6, 7, 7, 9, 6, 5, 9, 5, 8, 5, 6], [9, 5, 5, 8, 5, 9, 8, 7, 7, 5, 7, 6, 7, 6, 9, 7, 8, 5, 7, 9, 8, 7, 8, 7, 9, 7, 5, 9, 7, 9, 9, 9, 5, 7, 9, 7, 8, 6, 7, 5, 8, 6, 5, 9, 5], [9, 6, 9, 8, 5, 7, 6, 8, 8, 7, 8, 6, 7, 5, 5, 9, 9, 5, 8, 7, 6, 7, 9, 9, 5, 9, 5, 5, 8, 9, 7, 6, 7, 6, 9, 8, 8, 8, 7, 5, 6, 9, 5, 9, 7], [8, 7, 8, 5, 9, 5, 8, 8, 8, 7, 8, 9, 6, 5, 9, 7, 6, 7, 8, 9, 8, 5, 7, 9, 5, 7, 5, 9, 7, 9, 8, 8, 9, 7, 9, 7, 8, 7, 9, 5, 6, 8, 6, 9, 9], [9, 5, 9, 6, 6, 6, 7, 8, 9, 7, 9, 8, 8, 9, 8, 8, 6, 7, 6, 9, 7, 6, 8, 5, 8, 9, 7, 9, 8, 5, 5, 6, 9, 6, 7, 7, 8, 9, 6, 8, 5, 6, 9, 8, 8], [7, 8, 8, 5, 8, 5, 8, 9, 7, 7, 6, 9, 9, 6, 9, 9, 9, 6, 9, 5, 6, 8, 9, 6, 5, 9, 5, 5, 5, 9, 5, 8, 5, 6, 9, 8, 8, 6, 7, 6, 8, 7, 8, 6, 8], [8, 6, 6, 6, 8, 7, 9, 8, 7, 6, 9, 5, 8, 8, 8, 7, 8, 5, 9, 8, 9, 7, 6, 6, 6, 7, 8, 5, 7, 9, 6, 5, 7, 9, 5, 9, 8, 6, 9, 7, 7, 7, 9, 5, 6], [7, 7, 6, 6, 5, 8, 6, 6, 9, 6, 6, 5, 9, 6, 8, 8, 9, 7, 7, 5, 6, 8, 5, 9, 9, 5, 6, 9, 7, 9, 9, 8, 8, 6, 6, 9, 6, 8, 6, 6, 5, 8, 7, 5, 6], [8, 5, 8, 7, 8, 8, 7, 6, 7, 5, 7, 9, 9, 8, 8, 8, 6, 7, 9, 5, 6, 9, 7, 9, 9, 9, 9, 7, 9, 7, 8, 8, 9, 9, 9, 6, 5, 5, 5, 5, 8, 9, 6, 8, 8], [8, 5, 9, 8, 8, 6, 6, 5, 8, 7, 6, 6, 6, 5, 5, 5, 9, 8, 9, 8, 6, 6, 5, 9, 5, 6, 7, 9, 5, 8, 7, 5, 7, 9, 7, 9, 6, 6, 7, 6, 8, 7, 9, 9, 9], [9, 7, 8, 8, 9, 7, 7, 8, 8, 9, 6, 8, 7, 7, 9, 7, 5, 5, 9, 7, 5, 6, 6, 6, 6, 5, 6, 6, 8, 5, 9, 9, 7, 7, 5, 5, 9, 7, 5, 9, 5, 9, 6, 7, 5], [7, 8, 5, 8, 7, 9, 8, 7, 9, 7, 6, 7, 7, 9, 6, 7, 5, 9, 9, 5, 9, 5, 8, 8, 8, 6, 7, 7, 6, 6, 9, 9, 6, 8, 7, 7, 7, 9, 8, 7, 9, 5, 8, 6, 8], [9, 6, 9, 6, 9, 7, 6, 6, 8, 5, 8, 7, 9, 6, 8, 9, 6, 5, 6, 9, 7, 8, 6, 7, 9, 7, 6, 9, 6, 5, 9, 9, 8, 5, 7, 9, 8, 5, 9, 6, 6, 8, 7, 6, 9], [7, 6, 7, 5, 8, 9, 6, 6, 5, 8, 7, 5, 7, 9, 5, 9, 5, 7, 8, 7, 5, 6, 6, 5, 7, 9, 5, 7, 8, 6, 6, 6, 5, 8, 7, 7, 9, 8, 9, 7, 5, 9, 9, 5, 8], [9, 8, 8, 6, 8, 5, 5, 7, 8, 7, 8, 8, 8, 5, 6, 8, 7, 7, 7, 9, 6, 5, 6, 5, 7, 8, 5, 7, 8, 9, 5, 5, 7, 8, 7, 5, 9, 9, 8, 9, 6, 7, 8, 7, 5], [6, 9, 8, 9, 7, 6, 5, 6, 9, 8, 5, 5, 9, 6, 7, 7, 5, 8, 7, 6, 5, 6, 8, 5, 9, 9, 8, 7, 7, 8, 8, 6, 8, 6, 6, 8, 7, 6, 8, 7, 8, 7, 5, 9, 7], [5, 6, 6, 9, 8, 6, 9, 7, 6, 5, 6, 6, 7, 9, 7, 6, 6, 9, 5, 6, 7, 7, 6, 5, 7, 5, 8, 5, 7, 7, 9, 9, 6, 6, 5, 8, 6, 6, 5, 5, 7, 5, 5, 9, 5], [7, 7, 9, 6, 8, 6, 8, 9, 8, 5, 6, 5, 6, 6, 5, 8, 6, 9, 9, 7, 5, 7, 7, 8, 8, 9, 9, 6, 7, 7, 9, 6, 9, 6, 7, 9, 9, 9, 8, 8, 7, 5, 5, 7, 5], [9, 7, 7, 5, 7, 6, 5, 6, 5, 9, 6, 8, 6, 7, 8, 8, 6, 9, 5, 6, 8, 6, 6, 9, 7, 5, 6, 7, 8, 6, 8, 5, 5, 8, 8, 5, 7, 5, 7, 5, 7, 5, 9, 6, 8], [7, 7, 6, 5, 8, 7, 8, 9, 9, 8, 9, 8, 6, 5, 7, 8, 9, 7, 7, 6, 9, 5, 8, 7, 7, 8, 7, 8, 7, 8, 5, 6, 5, 5, 9, 9, 6, 6, 9, 6, 7, 7, 5, 8, 9], [6, 6, 7, 9, 8, 8, 9, 5, 9, 5, 5, 5, 8, 5, 5, 6, 7, 6, 6, 9, 6, 6, 5, 5, 9, 6, 6, 7, 7, 7, 6, 7, 7, 6, 5, 6, 5, 9, 9, 5, 6, 8, 8, 8, 9], [7, 7, 6, 9, 5, 6, 6, 8, 9, 5, 8, 5, 7, 7, 6, 8, 9, 6, 6, 9, 5, 8, 6, 5, 7, 5, 7, 6, 8, 7, 9, 7, 9, 5, 8, 8, 5, 5, 7, 8, 9, 5, 7, 8, 9], [5, 8, 7, 5, 9, 6, 5, 7, 6, 5, 8, 5, 8, 8, 8, 7, 9, 6, 8, 5, 5, 8, 7, 6, 7, 6, 6, 5, 6, 7, 9, 9, 5, 5, 9, 9, 8, 8, 9, 9, 9, 5, 6, 7, 9], [8, 7, 7, 7, 7, 8, 6, 5, 5, 9, 7, 8, 8, 8, 6, 5, 6, 9, 8, 8, 6, 7, 6, 5, 9, 5, 6, 7, 5, 5, 8, 7, 8, 9, 8, 9, 7, 8, 6, 8, 7, 9, 7, 8, 5], [9, 5, 9, 7, 6, 6, 5, 9, 6, 7, 8, 8, 9, 9, 5, 7, 7, 8, 8, 6, 8, 5, 6, 8, 5, 6, 9, 9, 7, 9, 6, 5, 7, 7, 9, 8, 9, 6, 8, 6, 8, 6, 7, 6, 5], [7, 9, 7, 6, 6, 7, 6, 9, 9, 6, 5, 6, 9, 7, 5, 8, 9, 6, 8, 6, 6, 8, 7, 5, 7, 9, 8, 8, 8, 9, 7, 8, 8, 6, 7, 5, 8, 5, 7, 7, 8, 6, 7, 8, 5], [7, 8, 5, 5, 6, 7, 9, 6, 9, 8, 7, 6, 8, 7, 7, 7, 6, 7, 6, 7, 7, 9, 9, 5, 5, 5, 9, 9, 7, 9, 9, 6, 9, 5, 8, 6, 5, 6, 7, 9, 8, 7, 6, 8, 9], [9, 8, 5, 8, 9, 8, 5, 6, 6, 6, 9, 9, 5, 7, 6, 8, 6, 7, 5, 8, 6, 7, 5, 5, 8, 9, 7, 5, 9, 8, 5, 6, 5, 7, 6, 8, 9, 5, 9, 9, 8, 6, 8, 7, 8], [9, 9, 7, 8, 6, 6, 7, 6, 7, 5, 9, 9, 7, 8, 6, 9, 6, 7, 5, 7, 5, 8, 7, 8, 5, 5, 7, 7, 9, 5, 9, 5, 9, 5, 6, 6, 8, 6, 5, 9, 9, 9, 8, 5, 7], [8, 9, 5, 6, 9, 5, 8, 9, 6, 9, 6, 5, 9, 8, 6, 9, 9, 6, 7, 6, 7, 5, 7, 7, 6, 6, 8, 6, 8, 9, 8, 8, 5, 7, 6, 5, 7, 7, 8, 8, 8, 7, 6, 5, 7], [8, 9, 7, 7, 7, 5, 9, 8, 9, 9, 7, 7, 9, 8, 8, 6, 5, 6, 5, 5, 5, 6, 5, 6, 7, 6, 9, 6, 8, 6, 6, 9, 5, 5, 6, 5, 6, 6, 8, 6, 6, 7, 7, 9, 9], [8, 5, 9, 7, 8, 5, 9, 8, 6, 7, 7, 8, 8, 5, 6, 5, 8, 7, 9, 6, 8, 5, 7, 6, 5, 5, 7, 5, 5, 5, 7, 8, 7, 5, 5, 6, 5, 8, 6, 9, 7, 8, 8, 9, 7], [8, 6, 6, 6, 8, 5, 8, 9, 6, 6, 8, 7, 8, 7, 9, 6, 6, 8, 7, 6, 6, 5, 6, 8, 6, 5, 9, 9, 6, 9, 8, 9, 6, 7, 8, 7, 8, 7, 6, 9, 7, 9, 9, 5, 8], [8, 8, 7, 6, 5, 9, 9, 9, 5, 9, 8, 8, 8, 6, 7, 8, 5, 7, 5, 8, 7, 9, 7, 7, 6, 5, 9, 6, 6, 9, 8, 5, 6, 7, 7, 8, 9, 7, 8, 7, 7, 9, 9, 8, 8], [9, 6, 9, 9, 6, 5, 6, 7, 6, 5, 7, 6, 6, 7, 5, 8, 8, 5, 8, 7, 8, 9, 6, 7, 5, 9, 6, 9, 8, 9, 7, 9, 8, 7, 8, 8, 9, 9, 9, 5, 5, 7, 5, 5, 9], [6, 8, 6, 6, 7, 9, 8, 8, 7, 9, 7, 7, 7, 5, 8, 9, 8, 8, 7, 8, 6, 5, 5, 5, 9, 6, 8, 8, 8, 5, 5, 9, 8, 9, 5, 6, 8, 7, 5, 9, 7, 6, 7, 7, 5], [7, 9, 6, 7, 8, 7, 9, 5, 6, 5, 8, 6, 8, 8, 8, 7, 7, 5, 7, 5, 9, 8, 7, 7, 5, 7, 9, 8, 9, 9, 6, 7, 5, 5, 5, 9, 5, 5, 7, 8, 5, 8, 7, 7, 9], [8, 9, 8, 7, 7, 7, 9, 8, 6, 6, 5, 6, 5, 9, 5, 5, 9, 8, 5, 6, 7, 8, 9, 6, 6, 9, 9, 7, 6, 9, 7, 6, 9, 8, 6, 8, 5, 8, 9, 8, 9, 9, 9, 8, 5], [9, 7, 5, 7, 6, 9, 5, 6, 5, 9, 5, 6, 5, 5, 5, 6, 6, 8, 6, 6, 8, 9, 5, 7, 5, 5, 8, 9, 5, 5, 6, 9, 9, 8, 7, 7, 7, 9, 7, 7, 8, 8, 9, 5, 6], [7, 7, 5, 5, 5, 6, 8, 5, 8, 6, 9, 5, 7, 8, 6, 6, 9, 9, 6, 6, 7, 8, 7, 6, 6, 6, 7, 8, 5, 5, 8, 5, 5, 5, 5, 6, 5, 8, 5, 6, 6, 5, 7, 6, 9], [6, 9, 5, 9, 7, 7, 7, 8, 8, 6, 9, 5, 9, 9, 5, 6, 6, 9, 9, 7, 5, 7, 5, 7, 8, 8, 8, 9, 5, 5, 7, 6, 6, 9, 6, 6, 7, 9, 8, 9, 8, 9, 9, 6, 6], [8, 6, 8, 5, 7, 6, 7, 6, 9, 5, 6, 6, 9, 5, 5, 8, 7, 7, 7, 8, 7, 9, 8, 8, 5, 7, 5, 7, 6, 5, 9, 9, 7, 8, 5, 7, 9, 5, 9, 8, 8, 5, 7, 7, 8], [6, 8, 5, 8, 7, 9, 9, 5, 8, 5, 6, 5, 6, 7, 6, 9, 6, 7, 7, 7, 5, 7, 5, 5, 5, 8, 7, 9, 6, 5, 7, 5, 5, 8, 9, 9, 6, 7, 5, 8, 5, 9, 5, 7, 8], [6, 5, 6, 8, 5, 5, 5, 6, 5, 6, 7, 8, 6, 6, 9, 6, 9, 8, 8, 6, 9, 8, 9, 8, 8, 8, 8, 8, 5, 9, 7, 5, 9, 9, 7, 7, 5, 8, 7, 7, 6, 7, 6, 6, 8], [7, 6, 6, 6, 5, 9, 7, 5, 7, 6, 5, 9, 9, 7, 5, 6, 9, 8, 8, 7, 5, 9, 5, 9, 9, 5, 6, 6, 5, 7, 5, 8, 6, 8, 7, 8, 7, 9, 6, 8, 8, 7, 6, 8, 8]]
Demand for each product in each period d: 
[[5, 46, 0, 20, 12, 15, 3, 0, 8, 46, 46, 0, 36, 27, 45, 27, 24, 26, 43, 4, 2, 39, 0, 15, 19, 3, 12, 24, 34, 43, 11, 31, 25, 14, 18, 15, 20, 23, 12, 23, 6, 19, 20, 31, 3], [23, 18, 7, 36, 8, 31, 9, 24, 1, 27, 41, 4, 37, 18, 29, 18, 5, 10, 24, 19, 27, 42, 48, 0, 37, 3, 44, 19, 23, 33, 16, 33, 0, 13, 34, 0, 42, 9, 17, 0, 17, 4, 31, 42, 41], [37, 24, 45, 19, 4, 41, 49, 12, 22, 29, 44, 0, 0, 21, 14, 1, 41, 2, 46, 0, 8, 27, 9, 44, 39, 21, 37, 6, 24, 26, 12, 47, 0, 18, 19, 25, 9, 1, 23, 31, 22, 22, 3, 0, 32], [15, 42, 0, 47, 20, 24, 23, 5, 12, 0, 26, 42, 11, 42, 23, 17, 41, 19, 48, 41, 3, 48, 0, 22, 0, 15, 9, 6, 17, 6, 29, 0, 27, 21, 41, 41, 1, 5, 4, 18, 25, 9, 23, 19, 2], [31, 3, 1, 1, 8, 46, 3, 36, 31, 33, 37, 44, 46, 47, 3, 15, 21, 8, 5, 0, 31, 5, 14, 0, 39, 40, 6, 16, 19, 8, 25, 2, 44, 17, 49, 44, 35, 43, 23, 12, 11, 38, 20, 35, 21], [18, 32, 48, 23, 0, 30, 15, 47, 44, 7, 14, 7, 34, 34, 8, 47, 31, 47, 28, 15, 11, 14, 46, 44, 39, 0, 38, 48, 10, 40, 19, 44, 41, 24, 44, 44, 33, 49, 35, 37, 23, 18, 24, 0, 35], [16, 49, 26, 47, 32, 21, 13, 1, 4, 30, 36, 28, 37, 36, 34, 42, 48, 39, 27, 39, 18, 21, 19, 26, 25, 31, 2, 6, 42, 18, 42, 40, 16, 0, 9, 7, 48, 9, 0, 11, 9, 1, 40, 3, 42], [30, 29, 28, 22, 43, 25, 1, 34, 28, 32, 24, 9, 11, 7, 19, 39, 37, 41, 49, 47, 31, 41, 44, 41, 42, 35, 34, 3, 17, 21, 25, 34, 14, 29, 44, 34, 9, 31, 45, 39, 6, 41, 36, 11, 42], [0, 12, 18, 3, 21, 12, 26, 45, 6, 35, 7, 42, 46, 26, 13, 43, 30, 6, 8, 4, 4, 44, 6, 49, 35, 23, 28, 6, 1, 45, 20, 48, 43, 43, 17, 0, 0, 29, 1, 4, 20, 5, 14, 5, 38], [0, 25, 39, 39, 36, 0, 1, 11, 13, 28, 18, 17, 35, 23, 37, 22, 17, 28, 5, 2, 49, 12, 20, 34, 2, 34, 31, 2, 47, 25, 1, 34, 0, 34, 26, 17, 18, 32, 38, 38, 41, 12, 35, 42, 21], [7, 49, 7, 20, 33, 9, 6, 44, 12, 7, 48, 10, 27, 15, 42, 26, 37, 24, 43, 3, 38, 44, 42, 6, 36, 38, 20, 44, 0, 48, 39, 30, 33, 10, 48, 43, 37, 24, 7, 16, 41, 5, 23, 26, 8], [34, 32, 22, 26, 9, 11, 30, 0, 23, 0, 28, 5, 2, 14, 14, 36, 35, 41, 19, 23, 9, 14, 36, 34, 10, 7, 38, 18, 43, 14, 38, 44, 41, 49, 34, 21, 2, 6, 17, 35, 48, 10, 47, 5, 27], [0, 4, 1, 28, 18, 1, 0, 46, 18, 40, 9, 40, 3, 35, 10, 9, 33, 25, 9, 12, 30, 25, 1, 0, 13, 35, 2, 45, 10, 26, 23, 30, 15, 26, 4, 3, 39, 0, 29, 7, 5, 1, 40, 6, 36], [30, 13, 36, 49, 5, 12, 19, 20, 14, 39, 0, 0, 8, 1, 27, 12, 44, 40, 26, 42, 45, 26, 8, 32, 49, 32, 26, 47, 26, 46, 3, 15, 10, 7, 0, 19, 40, 4, 45, 0, 19, 48, 18, 19, 11], [29, 33, 26, 16, 39, 23, 6, 0, 31, 21, 43, 0, 44, 37, 32, 22, 2, 44, 42, 2, 13, 37, 41, 30, 27, 49, 9, 13, 44, 2, 13, 36, 0, 2, 15, 14, 23, 26, 5, 0, 23, 0, 0, 0, 10], [43, 4, 36, 37, 8, 7, 31, 44, 2, 26, 36, 47, 5, 34, 0, 0, 29, 12, 37, 28, 7, 0, 19, 0, 26, 41, 7, 9, 5, 1, 42, 7, 12, 22, 28, 38, 39, 16, 33, 18, 12, 2, 11, 26, 12], [22, 13, 31, 36, 20, 0, 11, 5, 27, 21, 0, 16, 22, 28, 42, 38, 0, 6, 6, 0, 4, 10, 40, 19, 46, 2, 33, 8, 35, 45, 29, 44, 42, 47, 1, 3, 37, 22, 11, 23, 20, 12, 20, 30, 2], [13, 24, 18, 13, 13, 1, 0, 32, 0, 32, 13, 46, 35, 32, 47, 42, 44, 0, 6, 0, 37, 29, 0, 47, 45, 38, 11, 43, 32, 3, 36, 49, 20, 38, 17, 29, 45, 18, 23, 26, 12, 17, 32, 25, 39], [20, 33, 49, 7, 37, 2, 15, 44, 28, 10, 38, 14, 4, 47, 0, 7, 9, 21, 19, 47, 20, 1, 49, 36, 14, 7, 36, 39, 23, 20, 15, 13, 49, 41, 35, 7, 41, 27, 20, 20, 46, 2, 49, 2, 35], [32, 2, 13, 15, 43, 2, 31, 18, 3, 15, 37, 14, 30, 18, 15, 3, 0, 27, 45, 41, 25, 34, 5, 30, 20, 13, 34, 0, 38, 47, 2, 8, 31, 36, 19, 48, 24, 3, 48, 33, 47, 36, 11, 13, 27], [19, 34, 0, 16, 4, 18, 32, 21, 2, 11, 47, 46, 22, 39, 15, 1, 43, 48, 6, 41, 36, 34, 4, 34, 32, 3, 46, 41, 21, 18, 18, 33, 45, 43, 0, 44, 24, 0, 0, 39, 5, 45, 9, 29, 2], [4, 9, 19, 29, 23, 7, 15, 40, 35, 27, 46, 19, 48, 37, 48, 14, 7, 40, 9, 37, 26, 32, 29, 2, 28, 33, 0, 47, 33, 12, 12, 21, 36, 0, 2, 28, 0, 1, 6, 36, 5, 29, 43, 25, 24], [30, 44, 6, 23, 21, 39, 31, 33, 49, 49, 18, 9, 4, 20, 27, 0, 41, 33, 12, 46, 25, 7, 2, 11, 49, 3, 20, 21, 12, 24, 12, 36, 29, 4, 11, 40, 43, 0, 16, 13, 25, 17, 48, 38, 0], [20, 11, 34, 12, 42, 27, 3, 41, 20, 23, 49, 3, 0, 19, 45, 6, 39, 31, 46, 2, 17, 48, 6, 6, 2, 9, 37, 20, 2, 17, 8, 0, 2, 48, 3, 0, 16, 21, 32, 21, 42, 9, 19, 13, 10], [48, 30, 35, 47, 33, 3, 49, 14, 0, 12, 28, 29, 8, 0, 32, 41, 14, 6, 15, 38, 43, 23, 10, 8, 44, 36, 36, 17, 2, 26, 45, 0, 25, 27, 31, 24, 21, 17, 9, 4, 47, 18, 0, 36, 23], [46, 28, 0, 47, 8, 36, 33, 2, 27, 34, 24, 15, 49, 20, 21, 0, 43, 25, 15, 33, 8, 0, 13, 40, 40, 11, 44, 28, 32, 8, 0, 1, 3, 4, 36, 26, 9, 40, 17, 0, 0, 22, 21, 3, 41], [49, 0, 35, 0, 16, 1, 27, 10, 5, 23, 15, 44, 0, 49, 9, 24, 33, 25, 5, 48, 43, 41, 2, 14, 17, 29, 3, 47, 13, 18, 3, 38, 11, 0, 19, 42, 0, 5, 26, 46, 43, 39, 38, 5, 28], [1, 22, 3, 49, 5, 26, 28, 15, 37, 42, 24, 39, 0, 45, 28, 8, 46, 37, 5, 32, 35, 26, 2, 41, 0, 43, 0, 18, 22, 49, 40, 42, 42, 36, 9, 17, 38, 8, 28, 26, 38, 3, 33, 11, 19], [49, 1, 28, 0, 19, 17, 49, 19, 42, 17, 2, 31, 37, 11, 0, 43, 39, 37, 3, 4, 10, 12, 14, 11, 33, 43, 18, 28, 48, 24, 24, 9, 8, 0, 19, 0, 39, 19, 7, 13, 6, 34, 22, 3, 13], [8, 46, 36, 39, 47, 47, 43, 49, 24, 25, 38, 28, 13, 29, 39, 38, 24, 2, 21, 8, 12, 17, 36, 10, 12, 15, 36, 27, 48, 20, 48, 11, 26, 6, 4, 9, 10, 15, 36, 29, 9, 41, 11, 0, 2], [2, 15, 30, 32, 49, 36, 2, 18, 11, 7, 6, 15, 10, 31, 0, 12, 0, 29, 49, 49, 47, 17, 0, 7, 37, 21, 13, 22, 11, 5, 19, 47, 20, 26, 14, 30, 49, 7, 46, 44, 2, 35, 42, 18, 36], [20, 0, 33, 36, 1, 21, 9, 29, 0, 24, 25, 35, 9, 45, 34, 21, 47, 42, 12, 49, 12, 23, 43, 25, 9, 38, 36, 49, 23, 18, 43, 20, 0, 40, 19, 24, 33, 34, 0, 8, 15, 35, 41, 36, 29], [47, 4, 0, 18, 7, 6, 0, 39, 15, 6, 46, 39, 38, 23, 44, 2, 37, 43, 37, 38, 42, 5, 48, 43, 39, 43, 30, 39, 26, 17, 11, 0, 9, 41, 44, 1, 24, 47, 7, 19, 33, 39, 26, 41, 36], [27, 37, 39, 18, 28, 22, 33, 7, 16, 3, 32, 33, 24, 15, 49, 24, 28, 12, 39, 20, 27, 18, 32, 17, 9, 20, 37, 26, 49, 3, 41, 27, 18, 1, 37, 12, 49, 49, 2, 20, 39, 46, 14, 31, 9], [14, 24, 45, 25, 18, 4, 11, 11, 8, 8, 14, 24, 10, 11, 35, 35, 26, 0, 22, 19, 44, 8, 0, 1, 25, 25, 34, 32, 18, 19, 0, 40, 32, 49, 0, 46, 0, 12, 49, 3, 34, 6, 0, 19, 0], [45, 18, 35, 40, 26, 15, 35, 17, 16, 0, 5, 28, 5, 4, 45, 27, 5, 45, 1, 5, 40, 18, 41, 12, 49, 41, 48, 41, 39, 0, 5, 35, 45, 31, 30, 46, 49, 22, 45, 9, 42, 14, 0, 45, 11], [17, 12, 46, 3, 2, 18, 43, 14, 36, 25, 29, 8, 15, 17, 1, 28, 6, 46, 37, 44, 1, 0, 22, 23, 0, 13, 26, 31, 18, 10, 35, 9, 37, 40, 12, 29, 9, 41, 0, 49, 45, 28, 40, 11, 27], [44, 23, 0, 15, 2, 9, 42, 30, 48, 19, 19, 7, 22, 45, 13, 29, 29, 49, 7, 44, 18, 40, 23, 0, 31, 15, 28, 13, 26, 12, 5, 47, 3, 7, 35, 8, 1, 23, 38, 14, 5, 34, 32, 14, 49], [21, 2, 19, 1, 14, 30, 23, 19, 31, 19, 1, 26, 18, 45, 3, 24, 22, 30, 37, 29, 20, 38, 17, 1, 45, 4, 45, 10, 4, 11, 43, 7, 43, 0, 39, 33, 5, 8, 21, 0, 0, 36, 13, 0, 49], [24, 0, 35, 45, 26, 15, 46, 24, 25, 21, 29, 40, 45, 1, 14, 5, 23, 34, 21, 47, 7, 16, 34, 46, 26, 0, 14, 12, 49, 41, 38, 9, 22, 8, 0, 35, 1, 41, 1, 7, 16, 6, 40, 46, 4], [49, 0, 40, 12, 6, 0, 10, 0, 43, 17, 9, 1, 34, 6, 41, 33, 16, 45, 34, 33, 32, 34, 25, 41, 4, 21, 8, 31, 48, 41, 0, 45, 17, 47, 11, 12, 22, 5, 26, 38, 4, 43, 31, 38, 30], [38, 18, 28, 23, 16, 23, 7, 7, 13, 40, 25, 4, 14, 41, 0, 46, 12, 23, 5, 24, 41, 39, 23, 20, 43, 45, 18, 0, 0, 3, 37, 28, 44, 17, 47, 15, 18, 25, 0, 21, 49, 36, 19, 25, 13], [23, 8, 29, 8, 17, 0, 1, 10, 26, 41, 47, 0, 42, 46, 37, 0, 49, 14, 42, 16, 40, 0, 40, 3, 38, 18, 18, 3, 16, 7, 45, 48, 48, 20, 47, 20, 13, 33, 15, 40, 37, 36, 39, 39, 39], [9, 16, 31, 0, 31, 37, 29, 27, 10, 41, 34, 10, 34, 3, 12, 5, 47, 24, 17, 3, 9, 48, 29, 28, 29, 1, 16, 41, 21, 15, 15, 45, 11, 49, 26, 42, 15, 30, 11, 43, 14, 39, 22, 0, 13], [41, 29, 29, 18, 0, 11, 0, 3, 19, 46, 29, 17, 46, 0, 9, 21, 33, 20, 16, 34, 2, 33, 41, 28, 47, 47, 25, 18, 10, 17, 5, 0, 23, 17, 22, 14, 42, 28, 5, 14, 20, 18, 5, 28, 22], [0, 43, 10, 38, 28, 16, 32, 10, 32, 27, 29, 42, 43, 21, 0, 26, 31, 32, 37, 16, 17, 0, 47, 10, 8, 46, 2, 16, 5, 25, 18, 22, 46, 20, 20, 38, 38, 4, 35, 42, 24, 47, 36, 27, 0], [29, 19, 40, 29, 10, 29, 0, 33, 43, 11, 9, 23, 3, 47, 48, 3, 2, 2, 21, 48, 41, 47, 16, 38, 3, 35, 15, 34, 6, 13, 0, 48, 0, 0, 16, 43, 38, 28, 43, 42, 3, 23, 34, 9, 45], [2, 47, 7, 33, 47, 14, 39, 4, 0, 37, 16, 0, 2, 27, 33, 34, 6, 24, 30, 12, 9, 13, 34, 17, 24, 43, 35, 25, 35, 4, 12, 21, 0, 27, 11, 15, 22, 35, 18, 49, 0, 38, 22, 48, 3], [17, 24, 48, 45, 43, 4, 18, 1, 1, 14, 14, 13, 13, 31, 26, 38, 45, 25, 39, 0, 17, 44, 0, 0, 10, 22, 31, 5, 15, 19, 6, 35, 44, 23, 23, 36, 40, 22, 32, 18, 46, 1, 34, 0, 8], [49, 3, 1, 47, 27, 35, 0, 47, 37, 46, 46, 48, 43, 0, 48, 41, 6, 47, 11, 31, 47, 40, 39, 2, 0, 39, 8, 45, 37, 12, 16, 27, 44, 14, 36, 0, 15, 16, 49, 38, 0, 27, 47, 27, 47], [16, 44, 0, 6, 18, 6, 38, 47, 0, 4, 32, 11, 0, 7, 0, 0, 5, 21, 21, 36, 47, 26, 17, 43, 27, 26, 34, 17, 11, 13, 21, 39, 22, 31, 10, 18, 49, 2, 48, 34, 15, 32, 16, 45, 13], [9, 25, 44, 11, 0, 47, 16, 24, 49, 1, 5, 32, 9, 30, 12, 8, 24, 11, 21, 4, 28, 42, 7, 48, 19, 9, 14, 36, 5, 0, 46, 7, 21, 34, 0, 31, 18, 15, 21, 0, 18, 2, 20, 21, 0], [25, 49, 14, 43, 32, 44, 21, 34, 24, 23, 4, 28, 17, 19, 1, 31, 0, 35, 37, 9, 33, 27, 27, 17, 39, 37, 3, 21, 28, 8, 44, 13, 14, 5, 31, 13, 47, 4, 24, 43, 38, 30, 0, 31, 11], [27, 0, 38, 11, 21, 40, 26, 10, 4, 39, 34, 14, 15, 45, 38, 29, 34, 41, 0, 17, 23, 6, 12, 30, 9, 6, 8, 18, 30, 34, 22, 14, 22, 25, 6, 12, 4, 9, 15, 28, 7, 33, 22, 37, 46], [41, 34, 43, 13, 30, 13, 49, 3, 2, 7, 27, 31, 46, 3, 36, 31, 9, 37, 23, 3, 40, 10, 8, 28, 2, 44, 6, 9, 38, 10, 20, 0, 42, 35, 24, 0, 28, 33, 32, 42, 32, 46, 31, 31, 1], [46, 1, 24, 39, 27, 13, 21, 5, 12, 28, 4, 3, 0, 32, 22, 31, 41, 15, 15, 1, 0, 2, 47, 42, 14, 37, 28, 18, 28, 31, 5, 25, 0, 37, 2, 36, 44, 14, 32, 16, 14, 32, 26, 33, 47], [14, 49, 34, 44, 41, 32, 46, 44, 1, 16, 44, 43, 27, 45, 21, 40, 16, 20, 4, 9, 45, 25, 19, 43, 34, 44, 8, 16, 13, 35, 30, 4, 17, 25, 15, 18, 11, 28, 29, 25, 13, 18, 31, 6, 2], [31, 34, 11, 22, 20, 0, 30, 28, 40, 29, 44, 31, 17, 30, 41, 29, 35, 36, 0, 7, 0, 21, 12, 21, 3, 43, 12, 46, 19, 20, 12, 30, 40, 22, 0, 41, 26, 44, 32, 43, 9, 20, 21, 47, 35], [2, 34, 44, 42, 36, 31, 39, 37, 8, 14, 28, 6, 20, 6, 38, 46, 7, 48, 41, 28, 49, 39, 40, 4, 26, 10, 20, 7, 26, 31, 20, 17, 11, 36, 15, 47, 5, 33, 15, 39, 46, 5, 49, 7, 28], [18, 22, 0, 16, 1, 37, 26, 45, 36, 21, 2, 36, 14, 7, 37, 4, 22, 42, 25, 35, 33, 32, 29, 34, 29, 13, 27, 36, 48, 24, 2, 18, 44, 18, 4, 42, 20, 35, 36, 18, 2, 44, 30, 16, 17]]
Maintenance cost in each period m: 
[95833, 96083, 95910, 95515, 96606, 98687, 97828, 99054, 97657, 95805, 97967, 97574, 98939, 96038, 98831, 99488, 97965, 96495, 98044, 99407, 99475, 97192, 96832, 97424, 98172, 98617, 98117, 99450, 99021, 96039, 98292, 96810, 98529, 97744, 99062, 96878, 99417, 96902, 95676, 97198, 99163, 98627, 96824, 99338, 95961]
Maximum capacity of the machine cmax: 
2880