Set of periods in the planning horizon T: 
25
Set of products P: 
25
Capacity reduction coefficient alpha: 
0.8
Relative decrease of capacity per set up gamma: 
0.21
Capacity reduction coefficient due to product types beta: 
[0.39, 0.23, 0.26, 0.33, 0.31, 0.28, 0.27, 0.24, 0.27, 0.26, 0.38, 0.33, 0.26, 0.22, 0.35, 0.21, 0.37, 0.38, 0.35, 0.37, 0.39, 0.23, 0.33, 0.32, 0.37]
Fixed production cost of each product in each period f: 
[[503, 577, 702, 975, 861, 619, 959, 719, 941, 663, 947, 960, 980, 812, 631, 528, 605, 610, 729, 586, 686, 533, 931, 982, 640], [881, 768, 753, 923, 674, 888, 809, 847, 689, 845, 714, 649, 558, 838, 863, 925, 542, 655, 833, 634, 884, 980, 577, 841, 911], [883, 850, 899, 939, 915, 923, 724, 758, 514, 770, 776, 502, 945, 757, 722, 973, 728, 690, 593, 825, 961, 670, 590, 646, 962], [529, 933, 928, 617, 861, 963, 718, 843, 873, 795, 696, 623, 789, 719, 908, 842, 752, 965, 962, 574, 674, 648, 697, 972, 802], [767, 974, 786, 642, 867, 975, 860, 569, 598, 979, 692, 532, 747, 610, 521, 830, 805, 830, 795, 554, 881, 526, 837, 884, 848], [837, 578, 539, 684, 581, 584, 740, 680, 605, 845, 904, 718, 837, 973, 722, 623, 592, 590, 642, 704, 731, 676, 578, 705, 701], [941, 741, 682, 712, 637, 911, 708, 723, 549, 797, 946, 520, 637, 756, 763, 631, 665, 928, 957, 826, 588, 513, 935, 708, 648], [858, 812, 834, 519, 724, 693, 634, 991, 623, 849, 858, 891, 793, 592, 742, 629, 849, 722, 784, 945, 938, 955, 869, 767, 789], [794, 984, 621, 860, 638, 594, 650, 888, 556, 919, 662, 955, 860, 568, 537, 541, 966, 642, 824, 520, 776, 725, 803, 677, 710], [645, 774, 892, 962, 980, 542, 916, 777, 908, 971, 600, 600, 862, 833, 601, 638, 989, 956, 599, 746, 888, 804, 705, 981, 677], [945, 525, 905, 617, 677, 597, 982, 769, 612, 554, 788, 603, 542, 515, 504, 782, 650, 779, 863, 778, 983, 925, 969, 514, 909], [939, 969, 536, 797, 584, 813, 982, 664, 938, 518, 696, 899, 909, 810, 543, 969, 960, 622, 949, 843, 617, 969, 507, 899, 564], [917, 611, 744, 911, 799, 905, 620, 686, 827, 697, 687, 566, 556, 562, 502, 595, 976, 980, 760, 577, 614, 698, 910, 594, 732], [905, 800, 557, 850, 980, 944, 951, 867, 874, 608, 724, 638, 878, 533, 533, 642, 623, 704, 931, 699, 782, 817, 770, 587, 534], [831, 833, 936, 878, 572, 665, 970, 507, 536, 708, 744, 700, 546, 631, 760, 601, 875, 997, 788, 596, 913, 563, 631, 613, 556], [543, 697, 754, 547, 777, 623, 764, 734, 944, 967, 618, 851, 920, 722, 544, 580, 970, 795, 503, 569, 916, 942, 566, 620, 800], [618, 946, 663, 726, 694, 793, 791, 899, 519, 697, 818, 957, 767, 747, 635, 554, 780, 916, 594, 773, 944, 581, 799, 987, 621], [688, 840, 763, 664, 832, 925, 711, 691, 794, 761, 596, 731, 915, 984, 977, 651, 948, 871, 644, 635, 906, 571, 968, 900, 980], [651, 928, 725, 792, 905, 757, 597, 834, 604, 538, 538, 802, 724, 951, 837, 899, 669, 977, 663, 653, 593, 670, 512, 526, 610], [521, 863, 945, 982, 783, 706, 632, 745, 688, 934, 522, 817, 728, 673, 702, 505, 804, 610, 975, 876, 798, 921, 883, 650, 710], [619, 743, 928, 942, 987, 863, 507, 544, 905, 934, 608, 701, 803, 654, 642, 525, 838, 702, 517, 960, 813, 631, 727, 753, 574], [619, 958, 953, 974, 680, 648, 996, 566, 852, 869, 648, 816, 553, 952, 777, 971, 532, 726, 581, 770, 955, 920, 738, 651, 772], [679, 881, 851, 882, 668, 801, 923, 771, 981, 944, 807, 873, 817, 966, 644, 652, 742, 512, 662, 837, 674, 831, 632, 735, 668], [683, 881, 936, 585, 591, 684, 878, 627, 505, 819, 681, 800, 894, 591, 650, 961, 882, 907, 932, 784, 640, 510, 571, 995, 630], [890, 967, 915, 518, 801, 988, 594, 635, 648, 556, 844, 517, 760, 876, 675, 629, 923, 722, 603, 633, 912, 588, 939, 612, 536]]
Variable production cost per unit of each product in each period p: 
[[13, 10, 10, 11, 11, 12, 10, 13, 11, 12, 11, 11, 11, 12, 11, 12, 12, 13, 11, 13, 11, 12, 13, 12, 11], [12, 11, 13, 13, 10, 12, 13, 11, 12, 13, 13, 13, 12, 12, 12, 10, 12, 11, 10, 10, 13, 10, 10, 10, 13], [13, 13, 13, 11, 11, 10, 11, 10, 12, 13, 13, 13, 11, 11, 13, 13, 10, 13, 11, 13, 13, 12, 11, 13, 11], [12, 10, 10, 12, 10, 10, 11, 12, 13, 13, 13, 13, 13, 10, 13, 12, 10, 12, 13, 12, 10, 13, 11, 12, 10], [11, 13, 11, 11, 13, 10, 13, 13, 10, 12, 11, 13, 10, 11, 13, 12, 13, 12, 10, 10, 11, 10, 11, 10, 12], [11, 11, 10, 11, 11, 13, 13, 12, 11, 12, 10, 12, 12, 13, 13, 11, 13, 12, 12, 13, 11, 11, 12, 12, 12], [10, 11, 13, 12, 12, 13, 13, 13, 10, 10, 12, 12, 12, 12, 10, 11, 10, 12, 12, 13, 10, 13, 11, 11, 10], [13, 10, 10, 12, 12, 13, 10, 10, 10, 13, 12, 11, 12, 12, 10, 10, 13, 12, 11, 12, 13, 12, 12, 12, 10], [11, 13, 13, 10, 11, 11, 12, 12, 13, 13, 12, 13, 12, 10, 13, 12, 12, 11, 11, 12, 12, 11, 11, 12, 11], [13, 13, 12, 11, 11, 10, 12, 11, 11, 13, 13, 11, 10, 10, 12, 12, 13, 12, 13, 12, 11, 10, 10, 13, 11], [10, 10, 12, 10, 13, 11, 10, 13, 13, 13, 11, 12, 11, 10, 10, 13, 10, 10, 12, 13, 13, 12, 12, 13, 11], [12, 12, 13, 12, 10, 12, 11, 13, 11, 13, 12, 10, 11, 10, 11, 11, 12, 12, 12, 10, 11, 13, 12, 10, 10], [12, 11, 13, 12, 12, 10, 12, 13, 11, 13, 10, 11, 10, 11, 11, 12, 11, 11, 11, 13, 10, 10, 13, 13, 13], [10, 10, 11, 11, 10, 10, 13, 10, 10, 10, 11, 13, 12, 10, 12, 13, 11, 13, 11, 11, 11, 10, 11, 11, 11], [13, 13, 10, 10, 11, 10, 10, 12, 13, 13, 11, 11, 11, 11, 12, 11, 12, 10, 11, 11, 12, 13, 13, 12, 13], [10, 11, 10, 13, 10, 12, 13, 11, 11, 12, 12, 10, 11, 13, 10, 11, 13, 13, 11, 11, 12, 10, 10, 13, 12], [13, 11, 12, 12, 12, 10, 11, 12, 13, 12, 13, 13, 11, 13, 12, 10, 11, 12, 12, 10, 12, 12, 10, 12, 12], [12, 10, 13, 11, 13, 11, 13, 13, 11, 10, 10, 12, 13, 10, 10, 10, 12, 10, 13, 10, 11, 10, 10, 10, 11], [10, 12, 11, 10, 13, 10, 11, 13, 12, 13, 11, 12, 11, 11, 13, 13, 12, 10, 13, 12, 13, 12, 13, 11, 12], [10, 13, 10, 10, 10, 12, 11, 13, 10, 10, 11, 11, 12, 12, 13, 11, 10, 10, 12, 13, 12, 10, 12, 10, 10], [11, 10, 13, 13, 11, 13, 13, 13, 12, 12, 10, 13, 11, 11, 12, 12, 12, 13, 10, 10, 12, 13, 10, 11, 11], [11, 13, 12, 13, 12, 11, 11, 13, 10, 13, 10, 11, 11, 12, 13, 11, 12, 11, 11, 13, 11, 10, 13, 13, 10], [13, 10, 11, 13, 10, 10, 12, 12, 11, 11, 12, 11, 11, 13, 10, 13, 13, 13, 12, 12, 11, 10, 10, 11, 10], [13, 13, 11, 12, 13, 13, 13, 12, 10, 13, 13, 12, 11, 13, 11, 13, 12, 10, 11, 10, 12, 11, 13, 12, 10], [10, 12, 10, 12, 11, 13, 13, 10, 10, 13, 11, 12, 10, 11, 11, 10, 13, 11, 13, 13, 10, 11, 13, 12, 13]]
Inventory holding cost per unit of each product by the end of each period h: 
[[8, 8, 5, 9, 7, 8, 5, 6, 9, 8, 6, 9, 5, 9, 9, 8, 5, 9, 5, 9, 7, 8, 8, 6, 9], [7, 6, 8, 5, 8, 6, 8, 9, 5, 5, 8, 7, 7, 6, 5, 5, 7, 5, 9, 8, 8, 9, 8, 6, 8], [8, 5, 6, 7, 8, 5, 9, 7, 5, 8, 6, 6, 6, 8, 7, 5, 8, 8, 9, 5, 5, 7, 5, 7, 6], [8, 9, 5, 7, 8, 9, 5, 7, 7, 7, 6, 9, 9, 6, 8, 5, 8, 9, 8, 5, 9, 9, 7, 5, 7], [8, 8, 9, 5, 6, 6, 9, 6, 8, 9, 9, 5, 6, 6, 7, 8, 7, 5, 9, 7, 8, 8, 5, 8, 9], [9, 9, 8, 6, 6, 7, 5, 6, 8, 8, 8, 7, 9, 9, 5, 7, 7, 9, 5, 8, 8, 8, 9, 9, 6], [6, 8, 8, 9, 6, 8, 5, 7, 6, 7, 5, 5, 5, 7, 8, 8, 6, 6, 8, 9, 7, 8, 6, 9, 8], [8, 6, 8, 7, 5, 6, 5, 6, 6, 8, 5, 5, 7, 7, 5, 9, 5, 5, 7, 9, 8, 6, 9, 6, 9], [5, 7, 8, 7, 8, 5, 6, 9, 5, 9, 9, 8, 6, 8, 6, 8, 5, 6, 5, 8, 8, 9, 5, 5, 5], [8, 5, 5, 6, 6, 7, 6, 7, 8, 9, 8, 6, 5, 7, 8, 8, 9, 5, 5, 9, 5, 5, 9, 8, 8], [9, 6, 8, 5, 8, 6, 9, 7, 9, 6, 5, 9, 5, 7, 6, 8, 7, 7, 5, 5, 7, 9, 8, 6, 8], [9, 5, 5, 9, 8, 8, 8, 6, 8, 5, 5, 9, 7, 8, 6, 7, 8, 9, 5, 9, 7, 6, 7, 6, 9], [8, 8, 7, 8, 8, 9, 9, 6, 8, 8, 6, 5, 5, 7, 9, 7, 6, 7, 5, 6, 9, 5, 5, 7, 9], [9, 9, 7, 7, 5, 9, 8, 7, 8, 7, 8, 6, 9, 7, 5, 6, 8, 9, 5, 9, 5, 7, 9, 9, 9], [5, 8, 9, 5, 6, 7, 7, 7, 7, 8, 8, 7, 9, 9, 8, 6, 7, 5, 9, 9, 7, 9, 9, 9, 7], [6, 9, 8, 9, 7, 6, 9, 6, 9, 6, 8, 8, 9, 7, 8, 9, 9, 6, 8, 7, 6, 7, 7, 9, 7], [5, 8, 5, 7, 9, 7, 8, 8, 5, 5, 8, 7, 8, 8, 5, 8, 8, 8, 7, 6, 8, 9, 5, 9, 9], [8, 6, 8, 6, 5, 8, 6, 7, 6, 6, 7, 5, 5, 5, 7, 5, 6, 7, 9, 6, 9, 6, 7, 7, 9], [7, 7, 7, 6, 9, 6, 7, 5, 9, 7, 7, 9, 6, 5, 7, 6, 8, 5, 9, 8, 9, 7, 6, 9, 9], [5, 5, 6, 6, 7, 7, 5, 8, 5, 7, 9, 7, 7, 8, 6, 6, 6, 8, 8, 5, 7, 7, 8, 7, 7], [8, 6, 8, 8, 9, 5, 6, 6, 5, 5, 6, 6, 7, 9, 9, 6, 6, 7, 6, 5, 5, 9, 7, 8, 5], [8, 7, 9, 8, 7, 7, 8, 8, 9, 7, 5, 8, 5, 5, 8, 5, 5, 9, 9, 8, 8, 8, 6, 9, 5], [7, 5, 9, 7, 6, 6, 9, 6, 9, 7, 9, 5, 8, 8, 7, 9, 9, 6, 5, 8, 6, 9, 5, 5, 7], [7, 8, 5, 5, 9, 7, 6, 6, 6, 5, 7, 6, 5, 7, 6, 9, 6, 5, 7, 7, 5, 8, 8, 7, 6], [6, 9, 5, 7, 6, 9, 9, 9, 9, 6, 6, 9, 8, 6, 7, 8, 9, 8, 9, 5, 7, 6, 8, 9, 5]]
Demand for each product in each period d: 
[[36, 48, 22, 3, 35, 17, 16, 19, 36, 45, 13, 30, 0, 38, 46, 27, 29, 5, 11, 35, 20, 19, 7, 15, 19], [0, 10, 0, 12, 34, 13, 0, 9, 9, 48, 33, 2, 44, 6, 0, 43, 38, 4, 10, 21, 14, 38, 33, 49, 20], [38, 18, 25, 33, 0, 44, 18, 35, 29, 47, 18, 38, 12, 12, 43, 13, 0, 0, 47, 40, 7, 4, 40, 11, 15], [21, 25, 35, 29, 8, 15, 42, 0, 24, 6, 48, 18, 38, 22, 23, 21, 0, 7, 43, 42, 40, 26, 17, 40, 46], [29, 33, 46, 4, 18, 38, 33, 16, 27, 8, 35, 37, 3, 36, 46, 25, 0, 0, 0, 32, 12, 42, 1, 26, 9], [1, 0, 45, 22, 21, 0, 33, 0, 15, 27, 2, 3, 34, 41, 47, 48, 46, 3, 20, 34, 49, 42, 35, 10, 25], [0, 8, 30, 20, 5, 42, 45, 46, 12, 33, 0, 3, 28, 28, 27, 32, 1, 0, 46, 7, 10, 3, 9, 18, 17], [23, 35, 20, 26, 32, 20, 47, 46, 37, 34, 40, 30, 33, 27, 46, 31, 24, 16, 0, 5, 48, 3, 13, 12, 5], [12, 37, 4, 0, 25, 31, 24, 39, 29, 7, 28, 5, 26, 23, 36, 34, 23, 21, 21, 34, 39, 20, 41, 8, 48], [47, 1, 47, 41, 36, 10, 44, 34, 30, 25, 34, 10, 0, 42, 4, 40, 5, 45, 48, 46, 21, 39, 9, 37, 0], [21, 40, 5, 1, 18, 43, 14, 7, 19, 45, 32, 15, 16, 17, 42, 10, 35, 29, 22, 0, 43, 6, 37, 0, 3], [16, 34, 26, 19, 8, 39, 13, 47, 18, 28, 37, 44, 48, 43, 11, 0, 20, 7, 32, 44, 12, 46, 3, 2, 45], [22, 35, 36, 31, 0, 34, 5, 15, 14, 24, 0, 24, 11, 0, 28, 40, 25, 31, 41, 23, 37, 36, 34, 26, 45], [44, 34, 16, 22, 28, 42, 40, 1, 8, 2, 21, 37, 0, 24, 34, 0, 13, 8, 38, 46, 37, 28, 17, 49, 0], [31, 26, 5, 18, 34, 16, 11, 46, 15, 22, 34, 39, 42, 31, 44, 34, 15, 49, 14, 41, 41, 23, 37, 1, 37], [31, 3, 45, 9, 21, 32, 32, 36, 11, 40, 43, 49, 45, 6, 16, 42, 3, 12, 45, 37, 31, 6, 49, 18, 31], [24, 25, 44, 21, 11, 42, 11, 48, 10, 32, 3, 42, 28, 39, 28, 27, 42, 8, 49, 13, 5, 3, 24, 31, 39], [33, 15, 21, 35, 30, 18, 29, 6, 40, 17, 32, 42, 34, 9, 3, 0, 26, 0, 17, 12, 6, 0, 35, 9, 32], [32, 33, 2, 42, 23, 28, 28, 12, 38, 18, 45, 3, 12, 14, 48, 11, 46, 5, 7, 13, 22, 7, 8, 39, 43], [9, 27, 17, 8, 49, 34, 18, 28, 37, 2, 15, 37, 42, 49, 38, 7, 25, 38, 23, 11, 14, 46, 29, 34, 9], [35, 30, 41, 36, 31, 46, 44, 27, 31, 47, 6, 39, 27, 17, 0, 42, 34, 10, 1, 17, 36, 19, 0, 37, 30], [42, 21, 0, 44, 23, 36, 35, 21, 7, 24, 20, 35, 0, 14, 29, 10, 31, 31, 19, 25, 18, 21, 49, 3, 0], [19, 8, 13, 13, 26, 7, 24, 49, 44, 37, 3, 0, 18, 27, 1, 21, 37, 28, 6, 12, 2, 17, 39, 25, 37], [49, 35, 47, 26, 14, 34, 48, 37, 11, 3, 6, 15, 15, 10, 9, 38, 28, 34, 45, 7, 20, 30, 0, 45, 2], [34, 0, 31, 31, 37, 29, 15, 48, 48, 37, 26, 6, 48, 5, 15, 9, 49, 13, 43, 20, 40, 30, 48, 49, 21]]
Maintenance cost in each period m: 
[25443, 24158, 23871, 26016, 26405, 25125, 24803, 26021, 25892, 26001, 23011, 24578, 24414, 23159, 24328, 24950, 23327, 24599, 23253, 24174, 23116, 26522, 24996, 23908, 23345]
Maximum capacity of the machine cmax: 
1150