Set of periods in the planning horizon T: 
25
Set of products P: 
30
Capacity reduction coefficient alpha: 
0.8
Relative decrease of capacity per set up gamma: 
0.27
Capacity reduction coefficient due to product types beta: 
[0.39, 0.3, 0.31, 0.32, 0.3, 0.27, 0.37, 0.24, 0.37, 0.39, 0.29, 0.32, 0.38, 0.29, 0.34, 0.3, 0.35, 0.24, 0.32, 0.35, 0.25, 0.28, 0.31, 0.33, 0.3, 0.4, 0.22, 0.27, 0.34, 0.38]
Fixed production cost of each product in each period f: 
[[500, 993, 816, 902, 500, 934, 768, 765, 996, 826, 819, 746, 548, 647, 759, 813, 725, 645, 657, 932, 737, 942, 927, 980, 504], [848, 530, 995, 920, 934, 562, 939, 944, 883, 851, 756, 775, 828, 901, 733, 527, 641, 506, 784, 867, 704, 708, 586, 954, 813], [778, 721, 641, 851, 556, 699, 977, 682, 815, 823, 536, 691, 948, 991, 900, 894, 698, 869, 554, 625, 573, 888, 755, 703, 627], [793, 959, 967, 947, 696, 729, 991, 526, 707, 865, 622, 977, 942, 686, 534, 732, 880, 506, 899, 568, 725, 585, 723, 552, 516], [983, 659, 797, 846, 843, 736, 917, 599, 724, 726, 849, 589, 809, 747, 645, 587, 834, 555, 580, 881, 676, 522, 616, 873, 732], [848, 933, 604, 835, 866, 513, 800, 774, 849, 903, 902, 790, 650, 944, 518, 957, 866, 688, 799, 941, 952, 952, 786, 531, 794], [918, 692, 657, 956, 584, 500, 953, 712, 678, 537, 535, 892, 935, 841, 950, 895, 850, 811, 548, 574, 547, 563, 928, 965, 620], [961, 675, 690, 629, 676, 700, 747, 631, 584, 557, 613, 763, 823, 530, 722, 638, 966, 895, 986, 825, 828, 649, 866, 799, 811], [825, 822, 572, 527, 697, 780, 786, 565, 901, 673, 968, 771, 828, 551, 887, 612, 689, 711, 890, 974, 654, 669, 743, 973, 711], [566, 601, 886, 758, 507, 795, 908, 828, 813, 946, 960, 900, 667, 526, 861, 525, 811, 951, 770, 711, 607, 632, 701, 555, 597], [871, 602, 585, 513, 586, 616, 747, 612, 556, 512, 921, 997, 584, 951, 674, 832, 943, 791, 722, 592, 933, 919, 838, 515, 500], [604, 857, 564, 524, 521, 802, 547, 803, 825, 816, 966, 507, 741, 714, 738, 848, 653, 710, 775, 850, 519, 589, 510, 643, 972], [827, 643, 978, 919, 775, 892, 806, 810, 505, 898, 738, 587, 704, 908, 511, 881, 785, 833, 598, 502, 776, 766, 793, 656, 701], [702, 584, 720, 906, 815, 957, 520, 634, 976, 576, 537, 874, 815, 520, 539, 915, 702, 549, 615, 542, 782, 553, 994, 925, 636], [942, 754, 685, 525, 788, 950, 687, 911, 764, 781, 986, 912, 532, 900, 708, 939, 615, 535, 705, 546, 951, 968, 536, 576, 910], [523, 539, 658, 553, 973, 759, 656, 692, 501, 734, 582, 594, 909, 581, 790, 834, 503, 624, 587, 904, 801, 967, 679, 875, 931], [759, 605, 916, 785, 866, 522, 851, 604, 635, 992, 623, 859, 517, 665, 502, 550, 923, 636, 905, 651, 987, 720, 744, 763, 806], [993, 864, 570, 732, 764, 587, 797, 969, 513, 845, 987, 998, 531, 727, 674, 701, 623, 844, 794, 912, 512, 565, 531, 958, 931], [976, 848, 688, 842, 937, 521, 933, 806, 723, 869, 776, 538, 837, 522, 765, 544, 548, 590, 665, 555, 932, 743, 869, 628, 577], [577, 554, 891, 841, 518, 772, 805, 564, 668, 801, 624, 669, 797, 834, 882, 941, 812, 884, 631, 599, 998, 900, 747, 584, 584], [935, 602, 679, 529, 619, 702, 923, 613, 763, 864, 672, 931, 786, 568, 785, 745, 870, 559, 852, 702, 721, 832, 568, 663, 988], [777, 974, 696, 835, 525, 559, 647, 572, 658, 789, 811, 848, 990, 919, 941, 587, 719, 948, 826, 991, 543, 671, 892, 827, 846], [734, 713, 900, 717, 898, 740, 621, 903, 784, 650, 810, 635, 557, 739, 537, 639, 890, 969, 769, 845, 757, 735, 595, 744, 658], [810, 703, 948, 826, 774, 532, 870, 526, 780, 734, 637, 781, 617, 771, 738, 542, 631, 897, 671, 954, 798, 791, 908, 685, 926], [917, 731, 811, 887, 542, 750, 938, 722, 727, 653, 979, 920, 874, 504, 903, 866, 685, 871, 686, 610, 987, 755, 535, 868, 623], [884, 515, 693, 823, 969, 785, 650, 768, 872, 506, 931, 801, 500, 974, 532, 955, 673, 683, 726, 782, 508, 915, 773, 904, 764], [782, 637, 845, 559, 710, 960, 756, 577, 602, 925, 722, 775, 632, 756, 765, 849, 762, 718, 747, 558, 845, 606, 798, 503, 801], [520, 529, 539, 680, 646, 512, 870, 869, 610, 609, 892, 695, 510, 649, 985, 621, 822, 511, 942, 642, 937, 573, 552, 637, 599], [811, 702, 696, 900, 771, 984, 876, 682, 513, 781, 506, 785, 702, 610, 565, 882, 966, 607, 977, 575, 708, 616, 591, 829, 910], [905, 536, 659, 963, 681, 983, 634, 685, 725, 539, 946, 834, 766, 993, 859, 678, 852, 986, 729, 695, 712, 593, 744, 564, 732]]
Variable production cost per unit of each product in each period p: 
[[10, 11, 10, 12, 12, 11, 13, 10, 11, 10, 11, 11, 10, 12, 13, 10, 12, 12, 11, 12, 10, 12, 13, 13, 13], [11, 13, 12, 13, 11, 12, 12, 12, 12, 11, 11, 11, 12, 10, 12, 13, 13, 11, 12, 11, 13, 13, 11, 11, 12], [13, 12, 11, 13, 11, 10, 11, 13, 10, 13, 12, 12, 10, 12, 12, 13, 12, 11, 11, 12, 11, 11, 10, 11, 12], [13, 10, 11, 11, 11, 12, 13, 12, 12, 11, 11, 13, 13, 11, 10, 12, 10, 13, 10, 13, 12, 11, 10, 13, 10], [10, 12, 13, 12, 11, 10, 10, 11, 13, 12, 12, 11, 12, 10, 10, 10, 10, 10, 10, 13, 10, 10, 11, 12, 10], [11, 10, 11, 13, 10, 13, 10, 10, 12, 11, 10, 12, 10, 10, 10, 10, 11, 12, 13, 10, 13, 12, 13, 11, 12], [12, 11, 13, 12, 12, 11, 10, 11, 13, 11, 13, 13, 10, 13, 10, 10, 13, 12, 11, 10, 11, 13, 10, 10, 10], [13, 10, 13, 11, 10, 12, 10, 11, 10, 12, 11, 10, 12, 13, 11, 11, 11, 13, 13, 10, 12, 13, 13, 11, 11], [11, 11, 11, 13, 12, 12, 10, 12, 12, 11, 10, 12, 11, 12, 12, 13, 10, 12, 10, 10, 13, 13, 11, 12, 11], [12, 10, 11, 11, 11, 13, 10, 13, 11, 10, 13, 10, 10, 12, 12, 13, 10, 13, 10, 12, 13, 11, 11, 13, 13], [13, 11, 13, 13, 12, 12, 13, 12, 10, 10, 11, 11, 11, 11, 10, 11, 13, 13, 10, 13, 10, 11, 13, 11, 10], [12, 13, 10, 11, 11, 12, 12, 11, 11, 10, 11, 10, 12, 12, 13, 13, 13, 12, 12, 13, 10, 12, 10, 12, 11], [11, 11, 11, 11, 12, 12, 12, 12, 11, 13, 13, 10, 12, 12, 10, 12, 13, 11, 11, 11, 12, 10, 11, 11, 10], [10, 12, 12, 13, 11, 10, 10, 13, 10, 12, 10, 12, 11, 11, 13, 11, 11, 11, 12, 12, 13, 11, 13, 10, 12], [11, 12, 12, 12, 13, 12, 13, 13, 10, 12, 11, 10, 13, 13, 13, 13, 12, 12, 13, 12, 10, 10, 12, 10, 12], [12, 12, 10, 10, 11, 12, 11, 10, 12, 11, 10, 12, 11, 13, 13, 11, 10, 13, 13, 10, 11, 10, 12, 10, 12], [12, 11, 13, 11, 12, 13, 12, 13, 10, 11, 11, 13, 11, 12, 13, 12, 13, 10, 10, 11, 10, 12, 11, 10, 13], [10, 11, 13, 10, 13, 12, 11, 10, 10, 13, 10, 10, 12, 12, 13, 12, 10, 12, 12, 12, 12, 11, 12, 11, 10], [11, 12, 11, 13, 10, 12, 12, 10, 10, 10, 11, 10, 12, 10, 12, 12, 13, 11, 13, 12, 11, 13, 11, 12, 10], [11, 10, 11, 13, 10, 12, 12, 11, 13, 11, 11, 11, 10, 12, 10, 10, 13, 13, 13, 12, 10, 11, 11, 11, 10], [10, 13, 10, 11, 10, 11, 12, 13, 11, 13, 13, 11, 10, 12, 11, 11, 11, 10, 11, 11, 13, 12, 11, 11, 12], [10, 12, 13, 10, 12, 11, 10, 12, 13, 11, 12, 11, 13, 13, 13, 13, 12, 12, 12, 11, 11, 12, 11, 11, 10], [12, 13, 13, 10, 12, 11, 11, 10, 10, 10, 12, 11, 12, 11, 11, 10, 11, 12, 13, 13, 13, 11, 11, 12, 12], [13, 10, 10, 10, 12, 10, 12, 11, 11, 10, 10, 10, 11, 13, 11, 10, 12, 10, 11, 11, 12, 11, 10, 10, 13], [12, 13, 12, 10, 11, 10, 11, 12, 12, 13, 13, 13, 10, 10, 13, 11, 10, 12, 12, 13, 11, 10, 13, 13, 12], [10, 10, 11, 11, 10, 13, 13, 13, 10, 11, 13, 12, 10, 13, 11, 12, 10, 10, 10, 12, 11, 10, 13, 10, 10], [10, 12, 12, 10, 10, 12, 11, 11, 12, 11, 13, 12, 12, 10, 12, 11, 13, 10, 12, 12, 13, 10, 11, 10, 10], [13, 10, 13, 13, 10, 13, 11, 12, 11, 12, 12, 11, 12, 13, 12, 10, 10, 13, 13, 11, 12, 11, 10, 10, 11], [10, 12, 13, 12, 11, 13, 13, 12, 12, 13, 12, 13, 10, 13, 12, 12, 13, 11, 10, 10, 12, 12, 13, 13, 12], [10, 12, 11, 12, 12, 13, 13, 13, 10, 11, 12, 13, 13, 10, 11, 10, 10, 13, 11, 11, 13, 12, 12, 12, 11]]
Inventory holding cost per unit of each product by the end of each period h: 
[[5, 6, 9, 8, 6, 7, 8, 9, 8, 9, 9, 7, 6, 7, 6, 8, 7, 7, 5, 5, 8, 8, 7, 5, 9], [6, 5, 9, 5, 9, 6, 6, 6, 8, 6, 6, 7, 9, 5, 8, 7, 6, 5, 9, 8, 7, 7, 9, 5, 6], [8, 8, 8, 7, 8, 8, 5, 5, 6, 7, 9, 8, 6, 9, 6, 7, 8, 8, 5, 7, 5, 7, 8, 6, 9], [9, 6, 9, 9, 6, 9, 9, 9, 5, 7, 9, 7, 8, 7, 6, 9, 5, 6, 9, 8, 6, 9, 6, 9, 5], [6, 8, 8, 7, 7, 7, 9, 6, 9, 5, 8, 8, 6, 6, 7, 9, 6, 7, 5, 5, 5, 5, 9, 5, 5], [5, 9, 9, 7, 5, 7, 7, 9, 9, 7, 6, 8, 5, 8, 7, 9, 8, 8, 8, 5, 5, 6, 5, 8, 9], [8, 6, 7, 6, 8, 5, 7, 9, 8, 7, 8, 6, 7, 7, 7, 7, 9, 6, 5, 6, 6, 5, 6, 5, 7], [5, 8, 8, 8, 7, 7, 5, 7, 7, 5, 9, 5, 5, 7, 7, 7, 8, 7, 6, 6, 5, 6, 5, 9, 6], [5, 6, 9, 7, 7, 9, 8, 5, 8, 8, 9, 6, 9, 5, 9, 5, 5, 7, 9, 7, 7, 8, 7, 8, 8], [9, 5, 6, 5, 8, 8, 8, 9, 8, 8, 7, 7, 7, 8, 9, 6, 8, 6, 9, 8, 8, 5, 7, 9, 9], [6, 5, 5, 9, 5, 9, 9, 8, 7, 9, 6, 7, 6, 9, 7, 5, 7, 7, 7, 8, 5, 8, 6, 7, 8], [6, 6, 5, 7, 5, 7, 7, 5, 9, 6, 9, 8, 9, 5, 5, 5, 7, 8, 8, 9, 6, 5, 5, 5, 5], [9, 9, 9, 7, 9, 7, 8, 8, 6, 8, 9, 9, 5, 7, 5, 8, 6, 7, 6, 5, 8, 5, 9, 6, 7], [5, 6, 8, 9, 6, 7, 5, 5, 7, 6, 5, 9, 5, 8, 6, 9, 6, 9, 9, 6, 6, 7, 8, 9, 8], [6, 5, 7, 9, 9, 9, 7, 7, 6, 8, 9, 5, 7, 8, 7, 8, 8, 6, 9, 8, 9, 7, 8, 8, 8], [8, 5, 8, 8, 8, 9, 9, 7, 9, 6, 7, 6, 6, 5, 9, 8, 5, 8, 5, 8, 5, 8, 9, 7, 7], [7, 7, 9, 7, 5, 9, 5, 5, 6, 7, 7, 7, 8, 7, 6, 6, 5, 6, 5, 6, 6, 8, 5, 6, 5], [8, 8, 7, 6, 8, 7, 9, 5, 6, 6, 7, 8, 9, 9, 6, 9, 5, 7, 8, 9, 9, 7, 6, 5, 5], [9, 9, 6, 5, 7, 6, 8, 6, 9, 5, 8, 6, 8, 7, 6, 9, 5, 5, 9, 8, 6, 8, 9, 6, 7], [7, 5, 9, 6, 9, 6, 8, 6, 5, 8, 9, 7, 5, 8, 8, 6, 9, 9, 6, 9, 6, 8, 8, 9, 9], [9, 5, 8, 6, 6, 9, 6, 6, 7, 9, 7, 8, 5, 7, 8, 9, 8, 7, 8, 5, 5, 9, 8, 9, 9], [7, 7, 7, 8, 5, 8, 8, 8, 7, 5, 8, 6, 7, 8, 7, 8, 7, 9, 5, 9, 5, 6, 5, 6, 9], [5, 6, 5, 7, 8, 9, 6, 9, 8, 8, 8, 8, 8, 5, 7, 6, 7, 5, 7, 9, 5, 5, 9, 6, 5], [8, 5, 6, 9, 8, 9, 5, 5, 9, 8, 5, 9, 9, 6, 7, 7, 7, 5, 8, 7, 9, 9, 5, 6, 6], [6, 7, 8, 9, 5, 5, 5, 6, 5, 8, 7, 8, 9, 5, 9, 8, 7, 9, 7, 9, 5, 7, 5, 8, 5], [8, 9, 5, 6, 9, 8, 8, 8, 9, 9, 7, 8, 8, 6, 7, 8, 5, 5, 5, 7, 6, 5, 8, 5, 9], [9, 6, 6, 6, 8, 9, 7, 8, 5, 5, 7, 6, 9, 8, 6, 7, 9, 8, 9, 7, 9, 5, 5, 5, 8], [9, 7, 6, 8, 6, 9, 5, 9, 5, 8, 9, 6, 8, 9, 9, 7, 5, 8, 7, 8, 8, 9, 6, 5, 7], [5, 7, 8, 5, 5, 7, 6, 9, 8, 5, 9, 7, 6, 6, 8, 7, 6, 8, 6, 8, 9, 7, 7, 6, 9], [7, 7, 9, 8, 9, 5, 7, 6, 8, 9, 9, 5, 5, 8, 7, 6, 8, 9, 5, 7, 8, 8, 6, 9, 6]]
Demand for each product in each period d: 
[[16, 14, 33, 10, 28, 1, 24, 37, 49, 41, 31, 7, 39, 10, 16, 31, 1, 46, 45, 11, 42, 23, 26, 36, 7], [36, 33, 1, 23, 17, 29, 3, 49, 29, 49, 36, 4, 43, 29, 47, 39, 46, 47, 22, 12, 7, 6, 31, 0, 1], [46, 18, 33, 6, 6, 16, 44, 11, 35, 18, 25, 12, 1, 36, 25, 33, 20, 24, 33, 29, 22, 43, 10, 41, 17], [24, 3, 10, 5, 27, 27, 39, 34, 34, 35, 20, 0, 40, 8, 22, 13, 36, 28, 23, 28, 33, 29, 13, 47, 0], [0, 12, 16, 0, 8, 35, 18, 5, 6, 39, 47, 4, 7, 22, 19, 20, 6, 4, 20, 46, 31, 21, 4, 3, 45], [21, 30, 37, 7, 7, 20, 27, 5, 10, 7, 14, 23, 39, 27, 42, 34, 0, 21, 22, 1, 42, 29, 44, 45, 23], [13, 22, 12, 0, 38, 34, 12, 20, 4, 39, 32, 3, 18, 36, 36, 3, 0, 27, 36, 13, 11, 13, 18, 11, 46], [42, 0, 40, 43, 17, 33, 48, 37, 38, 1, 6, 12, 22, 23, 0, 3, 44, 32, 37, 7, 13, 33, 25, 46, 48], [15, 2, 0, 32, 10, 8, 0, 6, 29, 12, 19, 19, 24, 27, 12, 32, 7, 21, 19, 45, 36, 41, 30, 28, 0], [17, 46, 28, 0, 11, 14, 10, 10, 43, 43, 5, 28, 31, 47, 44, 3, 23, 24, 45, 2, 41, 1, 32, 9, 1], [44, 10, 38, 5, 23, 49, 14, 1, 21, 17, 17, 26, 41, 8, 36, 30, 29, 39, 35, 17, 3, 14, 34, 17, 0], [16, 21, 6, 41, 38, 25, 9, 30, 24, 39, 15, 28, 25, 43, 1, 9, 2, 9, 11, 16, 44, 8, 37, 0, 32], [44, 0, 34, 45, 25, 19, 13, 13, 44, 14, 6, 46, 38, 39, 36, 0, 0, 37, 42, 13, 40, 6, 2, 4, 16], [19, 0, 6, 18, 48, 17, 17, 12, 0, 44, 3, 3, 15, 22, 35, 30, 37, 47, 12, 1, 26, 28, 11, 30, 32], [45, 46, 39, 11, 44, 16, 31, 10, 16, 11, 22, 46, 35, 33, 30, 17, 0, 40, 41, 36, 38, 13, 48, 0, 39], [44, 1, 14, 17, 1, 27, 36, 48, 0, 44, 15, 15, 40, 34, 28, 3, 15, 18, 1, 49, 35, 20, 5, 49, 5], [0, 21, 31, 7, 3, 5, 30, 38, 46, 25, 21, 40, 8, 35, 32, 38, 49, 26, 15, 29, 1, 20, 13, 4, 40], [39, 0, 44, 42, 42, 26, 33, 25, 35, 20, 23, 35, 28, 14, 40, 47, 45, 31, 0, 44, 45, 46, 39, 46, 40], [49, 41, 44, 17, 18, 8, 20, 47, 39, 0, 49, 21, 15, 7, 26, 18, 24, 0, 15, 12, 47, 8, 16, 4, 6], [31, 34, 6, 0, 40, 43, 45, 35, 28, 18, 35, 9, 39, 22, 1, 38, 40, 17, 46, 3, 45, 36, 46, 22, 19], [7, 8, 8, 35, 14, 24, 41, 24, 31, 5, 48, 14, 41, 39, 42, 15, 29, 40, 23, 8, 0, 33, 22, 17, 13], [31, 3, 45, 31, 35, 29, 11, 11, 10, 9, 30, 30, 12, 38, 42, 10, 21, 10, 39, 18, 19, 8, 39, 44, 20], [38, 13, 15, 47, 46, 25, 37, 0, 26, 39, 20, 39, 33, 34, 0, 19, 4, 5, 40, 5, 0, 2, 38, 34, 41], [4, 11, 20, 16, 35, 8, 46, 6, 33, 0, 12, 24, 44, 19, 18, 32, 38, 26, 16, 48, 0, 34, 0, 29, 16], [36, 10, 25, 44, 8, 12, 20, 18, 9, 13, 10, 19, 41, 2, 32, 35, 23, 38, 1, 44, 34, 14, 38, 0, 0], [15, 41, 26, 33, 13, 21, 9, 31, 42, 36, 0, 47, 14, 29, 40, 24, 40, 42, 46, 37, 6, 11, 12, 26, 15], [15, 27, 39, 0, 27, 7, 21, 1, 38, 44, 20, 0, 15, 18, 2, 3, 41, 14, 48, 10, 18, 46, 36, 9, 2], [43, 1, 44, 11, 0, 44, 15, 37, 38, 41, 19, 43, 19, 41, 48, 8, 15, 44, 34, 16, 41, 10, 32, 40, 12], [29, 17, 0, 47, 0, 16, 17, 4, 14, 23, 11, 3, 13, 49, 37, 0, 24, 1, 19, 48, 1, 26, 20, 29, 37], [40, 46, 35, 4, 43, 11, 32, 25, 0, 26, 46, 41, 2, 48, 23, 15, 7, 20, 8, 25, 45, 23, 47, 43, 7]]
Maintenance cost in each period m: 
[29354, 30638, 30024, 30045, 31180, 27898, 29448, 30283, 28194, 27294, 28862, 29931, 28962, 28184, 30825, 29496, 30056, 28784, 30225, 29818, 28445, 27562, 29373, 30324, 28187]
Maximum capacity of the machine cmax: 
1200