Set of periods in the planning horizon T: 
40
Set of products P: 
55
Capacity reduction coefficient alpha: 
0.8
Relative decrease of capacity per set up gamma: 
0.21
Capacity reduction coefficient due to product types beta: 
[0.38, 0.39, 0.39, 0.29, 0.29, 0.3, 0.27, 0.22, 0.2, 0.26, 0.26, 0.25, 0.38, 0.28, 0.35, 0.32, 0.27, 0.21, 0.31, 0.32, 0.39, 0.24, 0.36, 0.33, 0.24, 0.24, 0.3, 0.36, 0.21, 0.26, 0.39, 0.38, 0.3, 0.4, 0.28, 0.3, 0.22, 0.21, 0.38, 0.24, 0.27, 0.26, 0.26, 0.32, 0.25, 0.31, 0.23, 0.4, 0.24, 0.37, 0.36, 0.2, 0.25, 0.3, 0.24]
Fixed production cost of each product in each period f: 
[[747, 964, 862, 853, 600, 764, 935, 560, 563, 960, 524, 977, 988, 721, 511, 735, 830, 595, 845, 812, 517, 855, 807, 995, 806, 562, 923, 993, 869, 524, 854, 845, 855, 764, 652, 877, 671, 644, 547, 980], [533, 602, 771, 649, 581, 876, 574, 902, 558, 762, 860, 971, 914, 681, 839, 998, 877, 658, 622, 867, 820, 813, 748, 957, 930, 909, 530, 895, 742, 885, 532, 692, 924, 964, 891, 609, 956, 918, 840, 523], [933, 676, 520, 628, 899, 866, 545, 861, 831, 707, 604, 736, 713, 659, 954, 561, 637, 508, 827, 912, 958, 723, 930, 883, 968, 930, 967, 725, 748, 587, 747, 508, 500, 590, 859, 864, 842, 951, 626, 825], [881, 921, 782, 706, 982, 875, 624, 613, 976, 741, 647, 907, 689, 798, 537, 994, 866, 711, 677, 848, 535, 707, 724, 794, 547, 997, 590, 602, 931, 775, 539, 577, 647, 880, 726, 753, 880, 982, 696, 986], [518, 786, 875, 850, 609, 531, 609, 931, 940, 577, 731, 540, 567, 704, 698, 734, 912, 770, 870, 675, 920, 584, 502, 555, 739, 913, 765, 577, 784, 530, 639, 807, 921, 512, 947, 912, 640, 550, 686, 744], [730, 789, 777, 901, 728, 860, 769, 955, 528, 517, 738, 530, 830, 849, 589, 911, 588, 860, 792, 551, 733, 531, 582, 658, 752, 620, 591, 528, 872, 800, 933, 962, 557, 746, 627, 733, 833, 801, 531, 976], [893, 988, 767, 538, 557, 771, 995, 588, 985, 606, 649, 597, 534, 771, 517, 772, 777, 790, 654, 942, 594, 904, 957, 887, 956, 906, 747, 801, 660, 898, 740, 738, 961, 735, 890, 755, 910, 719, 797, 922], [965, 650, 960, 535, 844, 797, 935, 739, 652, 845, 893, 500, 706, 965, 976, 628, 833, 555, 809, 535, 565, 602, 800, 995, 551, 836, 693, 731, 922, 601, 782, 898, 711, 969, 778, 887, 841, 989, 518, 532], [851, 632, 781, 882, 886, 652, 551, 812, 811, 789, 574, 652, 866, 811, 783, 506, 911, 975, 896, 836, 546, 699, 903, 879, 565, 515, 649, 689, 803, 604, 896, 815, 740, 983, 614, 695, 975, 772, 821, 896], [513, 664, 565, 668, 922, 796, 762, 765, 586, 809, 656, 714, 951, 773, 887, 780, 780, 734, 866, 730, 664, 647, 993, 995, 860, 936, 849, 978, 514, 531, 549, 736, 533, 953, 528, 566, 880, 741, 755, 886], [943, 931, 793, 662, 918, 931, 942, 834, 631, 929, 654, 834, 859, 587, 909, 919, 660, 514, 764, 572, 598, 826, 678, 697, 797, 828, 928, 573, 899, 977, 783, 586, 684, 765, 593, 738, 933, 620, 961, 671], [611, 635, 838, 936, 542, 935, 631, 799, 872, 892, 707, 925, 516, 539, 745, 878, 678, 575, 797, 860, 861, 717, 842, 602, 773, 862, 753, 696, 900, 869, 732, 992, 754, 862, 973, 626, 722, 713, 691, 850], [527, 840, 532, 651, 537, 506, 890, 834, 888, 888, 876, 722, 934, 866, 772, 739, 932, 776, 829, 940, 903, 803, 804, 714, 771, 937, 803, 639, 562, 708, 907, 659, 608, 741, 876, 780, 910, 529, 779, 797], [951, 975, 706, 682, 636, 669, 971, 555, 896, 854, 623, 543, 559, 813, 719, 817, 543, 673, 829, 643, 972, 634, 565, 954, 622, 767, 627, 693, 646, 832, 604, 888, 788, 929, 922, 969, 800, 955, 531, 920], [902, 755, 800, 585, 682, 689, 712, 930, 928, 573, 926, 700, 788, 692, 844, 901, 838, 828, 667, 847, 748, 844, 640, 619, 645, 584, 650, 797, 729, 651, 944, 685, 916, 567, 723, 666, 690, 572, 877, 977], [849, 661, 982, 787, 651, 765, 860, 517, 936, 914, 587, 599, 630, 713, 952, 609, 911, 512, 646, 743, 584, 838, 519, 563, 867, 795, 709, 759, 982, 638, 836, 761, 926, 806, 804, 550, 648, 801, 994, 613], [797, 715, 705, 971, 702, 719, 795, 642, 766, 969, 704, 521, 501, 934, 975, 544, 934, 797, 634, 959, 650, 820, 952, 581, 913, 610, 821, 768, 570, 762, 596, 926, 933, 862, 748, 540, 826, 959, 515, 858], [952, 649, 761, 621, 654, 672, 927, 785, 957, 987, 578, 587, 987, 575, 827, 891, 881, 568, 980, 915, 970, 640, 571, 747, 772, 715, 748, 688, 804, 748, 640, 639, 531, 874, 530, 689, 612, 673, 590, 905], [698, 952, 594, 696, 914, 673, 557, 563, 819, 598, 910, 549, 945, 883, 992, 865, 814, 621, 582, 948, 969, 932, 525, 595, 746, 864, 995, 911, 700, 807, 638, 888, 501, 964, 818, 693, 755, 581, 842, 860], [857, 542, 683, 847, 791, 747, 843, 785, 927, 508, 574, 814, 804, 595, 901, 804, 862, 855, 590, 954, 754, 655, 661, 955, 978, 508, 801, 797, 738, 745, 657, 936, 673, 528, 641, 550, 865, 850, 737, 714], [715, 769, 687, 753, 736, 511, 784, 768, 623, 790, 526, 735, 726, 533, 780, 775, 758, 745, 717, 592, 906, 978, 831, 639, 503, 726, 903, 833, 979, 608, 866, 574, 932, 739, 836, 976, 635, 880, 958, 677], [781, 896, 896, 524, 566, 702, 798, 563, 735, 628, 754, 736, 987, 801, 629, 848, 724, 512, 846, 955, 714, 640, 619, 997, 810, 678, 541, 640, 822, 907, 912, 855, 978, 541, 942, 623, 694, 726, 742, 626], [582, 580, 916, 778, 653, 941, 891, 777, 820, 903, 670, 652, 835, 528, 783, 716, 545, 674, 600, 848, 959, 877, 639, 851, 687, 863, 803, 599, 533, 737, 859, 636, 767, 915, 848, 532, 752, 986, 699, 960], [916, 941, 645, 708, 608, 930, 854, 604, 872, 518, 717, 834, 807, 927, 901, 560, 808, 593, 507, 637, 937, 989, 609, 756, 881, 501, 891, 756, 961, 551, 553, 673, 701, 735, 962, 737, 877, 654, 991, 764], [539, 516, 675, 561, 809, 712, 898, 529, 508, 584, 647, 684, 910, 904, 962, 716, 959, 505, 557, 740, 920, 835, 966, 998, 898, 568, 788, 822, 639, 501, 961, 667, 564, 586, 612, 923, 973, 752, 790, 736], [905, 575, 762, 565, 590, 882, 785, 883, 560, 809, 990, 857, 536, 947, 523, 636, 632, 580, 658, 555, 898, 627, 721, 759, 761, 716, 882, 903, 669, 852, 656, 851, 830, 822, 656, 823, 655, 698, 801, 890], [673, 902, 666, 596, 823, 888, 504, 988, 996, 716, 666, 870, 669, 727, 725, 677, 664, 871, 984, 822, 606, 620, 622, 917, 933, 911, 782, 799, 598, 539, 791, 823, 652, 756, 884, 661, 579, 972, 840, 554], [648, 541, 921, 600, 951, 787, 603, 798, 971, 913, 565, 567, 781, 723, 957, 876, 520, 596, 512, 638, 674, 803, 606, 703, 672, 903, 697, 511, 525, 887, 858, 713, 503, 632, 998, 806, 523, 677, 784, 797], [967, 548, 822, 974, 741, 994, 779, 892, 821, 788, 555, 714, 530, 764, 878, 520, 597, 860, 828, 695, 801, 957, 739, 899, 610, 607, 808, 543, 926, 641, 711, 808, 970, 537, 851, 582, 799, 835, 665, 616], [594, 777, 578, 629, 783, 724, 590, 601, 538, 830, 779, 593, 786, 612, 805, 961, 555, 985, 507, 767, 943, 767, 500, 781, 549, 698, 686, 798, 777, 609, 880, 707, 607, 850, 883, 959, 763, 934, 857, 673], [962, 581, 699, 620, 723, 765, 918, 630, 805, 500, 751, 619, 725, 868, 912, 581, 575, 570, 784, 700, 506, 701, 570, 849, 890, 938, 806, 578, 836, 505, 950, 573, 988, 736, 678, 883, 987, 655, 657, 804], [928, 738, 716, 992, 740, 703, 937, 837, 927, 553, 661, 958, 574, 500, 914, 864, 640, 515, 770, 744, 521, 870, 564, 588, 527, 581, 747, 709, 997, 721, 722, 868, 796, 771, 621, 949, 714, 757, 623, 833], [625, 894, 837, 809, 617, 570, 873, 867, 623, 564, 554, 976, 630, 675, 945, 962, 988, 569, 967, 533, 605, 922, 647, 829, 915, 525, 851, 589, 826, 928, 511, 523, 545, 542, 913, 898, 794, 615, 834, 988], [967, 966, 588, 693, 910, 895, 981, 505, 546, 606, 626, 909, 656, 803, 954, 977, 549, 579, 618, 794, 857, 663, 596, 778, 672, 940, 984, 548, 672, 774, 573, 653, 528, 834, 957, 978, 685, 606, 899, 928], [752, 841, 997, 860, 771, 885, 929, 966, 737, 716, 881, 855, 634, 605, 566, 997, 618, 660, 934, 540, 619, 519, 846, 967, 995, 777, 504, 676, 873, 565, 589, 980, 578, 557, 511, 848, 564, 573, 677, 558], [931, 939, 508, 897, 881, 931, 825, 868, 698, 802, 664, 673, 540, 752, 851, 777, 788, 699, 901, 702, 660, 604, 765, 503, 842, 889, 655, 820, 921, 567, 755, 951, 686, 904, 778, 759, 686, 806, 558, 631], [843, 675, 996, 611, 823, 831, 962, 691, 665, 941, 968, 799, 745, 683, 936, 813, 547, 594, 981, 515, 667, 828, 971, 568, 942, 565, 693, 686, 790, 991, 912, 846, 808, 968, 852, 863, 596, 965, 524, 801], [682, 501, 739, 536, 983, 974, 640, 964, 523, 695, 577, 867, 934, 969, 688, 698, 665, 770, 612, 957, 548, 592, 730, 591, 818, 577, 922, 555, 836, 617, 980, 645, 839, 728, 774, 645, 715, 736, 780, 901], [861, 858, 970, 694, 983, 855, 690, 756, 837, 635, 877, 976, 831, 815, 917, 811, 602, 617, 849, 870, 816, 837, 740, 536, 815, 584, 719, 741, 526, 902, 988, 778, 916, 675, 965, 913, 545, 963, 564, 855], [984, 859, 554, 934, 500, 575, 925, 753, 567, 597, 828, 590, 546, 605, 993, 953, 642, 599, 605, 699, 894, 528, 842, 758, 689, 830, 643, 682, 913, 927, 765, 537, 839, 869, 855, 713, 592, 609, 866, 808], [579, 830, 971, 578, 859, 599, 794, 997, 767, 893, 932, 579, 865, 594, 600, 977, 538, 756, 652, 948, 586, 655, 686, 671, 864, 887, 575, 949, 711, 738, 582, 721, 727, 864, 911, 970, 555, 707, 907, 543], [537, 954, 694, 772, 541, 877, 862, 806, 670, 681, 895, 965, 989, 991, 711, 772, 929, 759, 764, 728, 890, 511, 586, 796, 613, 672, 595, 915, 780, 966, 685, 635, 797, 917, 638, 676, 732, 859, 800, 612], [949, 596, 745, 647, 579, 652, 743, 580, 564, 678, 977, 908, 928, 902, 970, 775, 792, 891, 845, 696, 754, 658, 668, 741, 558, 655, 883, 586, 545, 533, 617, 905, 578, 510, 769, 917, 705, 644, 889, 709], [987, 917, 926, 831, 861, 847, 853, 918, 941, 935, 877, 745, 832, 617, 733, 568, 528, 778, 603, 787, 951, 961, 942, 814, 776, 510, 995, 691, 662, 927, 628, 627, 911, 892, 606, 556, 933, 708, 649, 591], [520, 926, 942, 769, 643, 726, 649, 720, 796, 988, 931, 600, 910, 693, 771, 986, 591, 586, 849, 734, 818, 524, 727, 612, 884, 936, 947, 808, 763, 528, 619, 706, 640, 819, 895, 557, 909, 880, 754, 878], [849, 726, 977, 888, 715, 938, 877, 851, 793, 686, 949, 761, 972, 605, 959, 834, 980, 971, 997, 552, 621, 929, 838, 931, 514, 865, 876, 802, 863, 642, 547, 504, 823, 635, 981, 941, 956, 665, 841, 705], [805, 997, 933, 981, 782, 983, 862, 991, 943, 924, 865, 802, 573, 816, 984, 585, 705, 573, 898, 881, 668, 706, 923, 916, 682, 749, 551, 804, 663, 712, 729, 518, 658, 886, 823, 773, 835, 629, 923, 929], [902, 890, 821, 502, 525, 710, 576, 532, 731, 913, 887, 785, 791, 651, 725, 844, 657, 540, 876, 656, 571, 931, 907, 598, 864, 579, 991, 639, 928, 748, 540, 730, 858, 804, 948, 644, 664, 737, 798, 944], [740, 866, 669, 835, 514, 711, 547, 952, 515, 960, 795, 890, 606, 952, 882, 758, 869, 914, 950, 610, 663, 721, 974, 647, 551, 622, 645, 911, 935, 930, 785, 518, 753, 801, 715, 568, 983, 737, 683, 807], [724, 717, 667, 506, 704, 632, 593, 977, 900, 727, 540, 739, 950, 675, 571, 747, 561, 938, 853, 545, 990, 938, 854, 892, 801, 596, 643, 690, 982, 717, 700, 965, 744, 796, 628, 541, 843, 745, 962, 697], [724, 811, 561, 819, 523, 794, 855, 848, 856, 871, 516, 733, 548, 965, 766, 553, 906, 983, 504, 929, 904, 962, 633, 785, 894, 712, 586, 543, 652, 848, 661, 832, 827, 627, 574, 955, 953, 927, 842, 622], [863, 681, 804, 741, 780, 877, 515, 542, 571, 928, 740, 551, 747, 520, 692, 763, 884, 976, 523, 669, 547, 891, 687, 659, 905, 623, 951, 758, 971, 833, 869, 879, 867, 873, 768, 885, 622, 987, 975, 970], [949, 757, 844, 715, 881, 919, 723, 721, 896, 674, 744, 770, 809, 931, 803, 827, 741, 570, 543, 510, 517, 777, 566, 605, 883, 728, 905, 623, 534, 570, 969, 649, 626, 794, 946, 641, 788, 881, 520, 851], [780, 536, 500, 765, 967, 921, 693, 930, 776, 737, 796, 563, 681, 622, 769, 593, 707, 851, 817, 522, 625, 969, 569, 544, 906, 954, 950, 535, 690, 642, 890, 803, 934, 577, 799, 575, 660, 969, 934, 533], [813, 741, 563, 594, 500, 794, 880, 652, 927, 947, 761, 978, 899, 740, 733, 665, 570, 818, 656, 518, 968, 684, 655, 696, 960, 614, 610, 933, 823, 664, 510, 717, 661, 640, 848, 587, 841, 575, 766, 605]]
Variable production cost per unit of each product in each period p: 
[[13, 11, 12, 11, 11, 10, 10, 10, 11, 11, 10, 11, 10, 11, 10, 10, 11, 13, 12, 10, 10, 12, 10, 13, 13, 13, 10, 12, 10, 10, 10, 11, 10, 13, 12, 13, 13, 10, 10, 11], [10, 13, 13, 10, 10, 12, 11, 13, 11, 13, 11, 13, 13, 12, 10, 13, 13, 13, 13, 12, 13, 13, 10, 10, 11, 13, 13, 13, 11, 10, 10, 12, 10, 13, 10, 10, 10, 12, 13, 12], [12, 11, 11, 10, 11, 13, 13, 12, 10, 11, 12, 10, 11, 10, 13, 10, 12, 10, 11, 11, 11, 13, 13, 11, 12, 13, 11, 12, 11, 10, 10, 11, 13, 11, 13, 10, 12, 12, 12, 12], [10, 13, 11, 12, 10, 10, 12, 10, 12, 13, 13, 13, 12, 11, 12, 10, 10, 11, 12, 12, 10, 10, 11, 11, 10, 11, 10, 12, 11, 10, 13, 13, 13, 11, 10, 10, 13, 11, 12, 10], [11, 13, 13, 13, 11, 13, 13, 10, 13, 11, 13, 12, 11, 11, 11, 13, 11, 10, 10, 11, 13, 13, 12, 13, 11, 13, 12, 11, 11, 11, 12, 11, 11, 12, 11, 10, 11, 11, 11, 13], [13, 12, 10, 10, 13, 13, 11, 11, 10, 13, 13, 13, 11, 11, 11, 10, 12, 11, 11, 11, 11, 10, 12, 13, 13, 13, 13, 11, 11, 10, 10, 12, 13, 13, 12, 11, 13, 12, 12, 13], [13, 12, 10, 11, 10, 13, 12, 10, 11, 11, 11, 13, 13, 11, 13, 10, 11, 11, 12, 11, 10, 11, 10, 11, 11, 10, 11, 13, 13, 13, 13, 10, 10, 11, 12, 13, 10, 11, 10, 10], [12, 13, 12, 10, 10, 12, 12, 11, 10, 12, 11, 12, 12, 12, 10, 11, 13, 11, 13, 10, 13, 11, 13, 11, 12, 12, 13, 11, 13, 10, 10, 10, 13, 12, 13, 12, 10, 11, 12, 13], [11, 10, 10, 13, 13, 11, 10, 12, 10, 12, 11, 13, 11, 12, 11, 11, 11, 12, 11, 10, 12, 12, 10, 11, 12, 13, 12, 12, 13, 11, 10, 11, 11, 11, 12, 12, 13, 10, 13, 10], [12, 13, 10, 11, 10, 10, 10, 12, 13, 11, 13, 13, 10, 10, 11, 11, 11, 13, 13, 11, 12, 10, 13, 11, 13, 12, 12, 12, 13, 11, 11, 13, 13, 13, 11, 13, 13, 11, 12, 13], [13, 12, 13, 11, 11, 11, 13, 13, 13, 10, 10, 10, 13, 12, 10, 11, 12, 12, 11, 13, 13, 12, 12, 12, 12, 12, 11, 10, 10, 13, 11, 13, 13, 10, 11, 12, 11, 11, 13, 11], [13, 11, 12, 11, 10, 13, 11, 13, 13, 11, 12, 10, 10, 11, 10, 11, 10, 13, 10, 11, 10, 13, 13, 11, 12, 11, 11, 13, 11, 11, 10, 13, 13, 11, 13, 11, 13, 13, 11, 11], [12, 13, 11, 12, 13, 12, 10, 11, 10, 13, 12, 12, 12, 13, 10, 12, 10, 11, 12, 10, 12, 11, 11, 10, 11, 10, 13, 12, 12, 11, 13, 13, 13, 10, 12, 13, 11, 10, 12, 10], [10, 10, 12, 11, 12, 10, 11, 10, 12, 10, 11, 10, 10, 12, 10, 10, 11, 11, 10, 13, 13, 10, 10, 13, 10, 12, 10, 13, 11, 13, 10, 11, 11, 13, 11, 13, 13, 13, 12, 13], [10, 13, 12, 13, 11, 12, 11, 13, 11, 10, 11, 12, 11, 12, 12, 13, 11, 12, 10, 12, 11, 13, 11, 12, 13, 13, 13, 10, 11, 11, 13, 12, 11, 12, 13, 10, 13, 12, 11, 12], [13, 10, 13, 11, 13, 11, 11, 12, 11, 11, 10, 10, 13, 10, 13, 10, 12, 10, 10, 10, 12, 11, 11, 10, 13, 12, 10, 11, 13, 12, 10, 13, 12, 12, 10, 10, 10, 11, 10, 10], [11, 10, 10, 13, 13, 12, 13, 13, 13, 12, 12, 12, 10, 13, 11, 11, 10, 10, 13, 11, 10, 12, 12, 10, 13, 13, 12, 11, 12, 10, 13, 11, 10, 12, 11, 11, 11, 11, 11, 11], [11, 10, 12, 12, 12, 10, 11, 11, 10, 13, 12, 10, 10, 10, 13, 13, 11, 11, 11, 12, 11, 12, 11, 13, 10, 11, 11, 11, 13, 12, 13, 10, 12, 13, 11, 10, 12, 11, 12, 12], [11, 11, 12, 11, 12, 12, 13, 13, 11, 11, 11, 12, 12, 11, 13, 11, 13, 13, 13, 13, 11, 13, 13, 10, 11, 13, 12, 13, 13, 11, 13, 10, 11, 11, 13, 13, 12, 12, 12, 12], [13, 13, 13, 13, 13, 12, 10, 12, 13, 11, 13, 12, 12, 10, 13, 11, 13, 11, 12, 12, 11, 11, 13, 12, 10, 10, 13, 11, 11, 11, 13, 13, 10, 10, 11, 10, 10, 10, 11, 13], [11, 12, 12, 13, 10, 11, 10, 12, 11, 11, 10, 13, 12, 10, 12, 13, 11, 11, 12, 13, 11, 11, 10, 12, 12, 11, 12, 11, 12, 10, 10, 11, 10, 13, 10, 13, 11, 10, 11, 12], [10, 12, 10, 13, 12, 11, 10, 13, 11, 13, 12, 10, 13, 13, 11, 12, 13, 10, 13, 11, 11, 12, 10, 12, 12, 13, 12, 11, 10, 13, 12, 12, 12, 13, 10, 11, 11, 12, 11, 12], [11, 13, 11, 13, 13, 11, 13, 13, 12, 11, 12, 12, 13, 10, 11, 12, 13, 11, 10, 10, 11, 10, 10, 12, 12, 13, 11, 13, 12, 12, 11, 13, 12, 10, 13, 11, 11, 10, 13, 10], [10, 10, 11, 13, 11, 11, 11, 10, 10, 12, 13, 11, 13, 10, 13, 11, 11, 11, 13, 11, 12, 12, 12, 11, 13, 11, 10, 12, 12, 12, 13, 11, 11, 12, 13, 10, 12, 10, 10, 13], [12, 13, 11, 13, 12, 12, 13, 11, 10, 12, 12, 10, 11, 12, 13, 11, 12, 11, 12, 10, 11, 13, 12, 11, 12, 12, 11, 13, 12, 10, 10, 13, 13, 13, 13, 10, 10, 10, 13, 10], [13, 12, 12, 12, 12, 12, 12, 13, 12, 13, 12, 10, 13, 12, 13, 10, 10, 11, 12, 10, 12, 11, 13, 10, 10, 13, 12, 13, 12, 12, 10, 12, 11, 11, 12, 11, 12, 12, 11, 11], [10, 11, 11, 10, 13, 10, 11, 10, 13, 11, 13, 11, 10, 10, 10, 11, 11, 13, 13, 12, 10, 12, 12, 12, 12, 11, 13, 10, 12, 10, 10, 12, 12, 13, 10, 10, 12, 10, 10, 12], [12, 13, 11, 11, 11, 11, 10, 11, 11, 12, 13, 10, 10, 11, 11, 12, 13, 11, 10, 11, 10, 13, 12, 12, 11, 11, 10, 12, 13, 13, 10, 11, 10, 12, 13, 13, 12, 10, 12, 13], [12, 10, 11, 12, 10, 12, 11, 10, 11, 11, 12, 11, 12, 10, 13, 11, 13, 13, 10, 11, 13, 11, 10, 11, 12, 13, 11, 10, 12, 11, 13, 11, 11, 11, 13, 11, 10, 11, 13, 10], [10, 11, 11, 10, 11, 13, 11, 13, 13, 11, 10, 12, 12, 11, 13, 13, 12, 11, 10, 10, 13, 11, 13, 12, 12, 12, 10, 11, 13, 12, 12, 11, 13, 13, 13, 12, 10, 13, 11, 11], [12, 13, 13, 12, 13, 10, 11, 10, 11, 12, 12, 10, 13, 12, 13, 12, 10, 13, 11, 13, 13, 13, 11, 10, 10, 10, 10, 10, 10, 11, 13, 12, 10, 10, 13, 11, 13, 13, 13, 12], [11, 10, 13, 12, 13, 11, 13, 13, 11, 13, 10, 12, 13, 11, 13, 10, 13, 12, 13, 10, 11, 10, 11, 12, 10, 11, 10, 13, 10, 10, 12, 10, 10, 10, 11, 11, 10, 12, 10, 10], [11, 10, 10, 11, 10, 12, 11, 10, 13, 10, 10, 13, 10, 10, 13, 11, 12, 12, 12, 12, 10, 12, 10, 12, 12, 12, 10, 12, 10, 10, 13, 10, 10, 12, 12, 12, 13, 11, 11, 13], [13, 11, 10, 13, 13, 11, 12, 10, 12, 11, 13, 13, 12, 10, 10, 10, 10, 10, 10, 12, 11, 11, 12, 13, 12, 10, 12, 12, 13, 11, 10, 12, 10, 11, 12, 10, 12, 11, 10, 11], [12, 11, 11, 10, 10, 12, 13, 11, 12, 10, 12, 13, 10, 12, 10, 13, 13, 13, 10, 11, 11, 13, 11, 11, 13, 12, 12, 13, 12, 11, 11, 13, 12, 11, 10, 11, 11, 13, 11, 10], [10, 10, 13, 13, 12, 11, 10, 12, 10, 12, 10, 10, 11, 12, 11, 11, 12, 12, 12, 13, 11, 10, 10, 10, 10, 13, 12, 10, 11, 12, 10, 13, 10, 11, 12, 10, 10, 10, 12, 11], [12, 10, 13, 11, 11, 12, 10, 10, 11, 13, 11, 10, 12, 10, 10, 13, 13, 11, 12, 11, 10, 11, 13, 11, 12, 12, 11, 13, 13, 10, 13, 11, 11, 12, 13, 11, 10, 13, 11, 13], [11, 10, 10, 11, 10, 13, 12, 13, 12, 11, 12, 13, 12, 12, 13, 13, 13, 13, 10, 11, 13, 12, 12, 11, 12, 10, 13, 12, 11, 11, 13, 11, 11, 10, 10, 11, 11, 10, 10, 10], [12, 10, 13, 13, 12, 13, 12, 13, 13, 10, 13, 11, 13, 13, 12, 11, 12, 11, 10, 13, 11, 11, 10, 13, 12, 11, 11, 10, 11, 11, 13, 10, 10, 10, 10, 12, 10, 12, 10, 13], [12, 10, 12, 12, 12, 12, 13, 12, 12, 11, 12, 13, 11, 11, 11, 12, 11, 12, 13, 10, 13, 11, 12, 10, 12, 11, 12, 12, 10, 12, 12, 10, 10, 13, 12, 13, 12, 13, 10, 13], [12, 11, 12, 11, 12, 13, 13, 13, 12, 13, 11, 12, 12, 13, 11, 11, 11, 13, 12, 12, 11, 12, 11, 10, 13, 13, 13, 12, 12, 12, 13, 12, 13, 12, 13, 12, 11, 11, 10, 12], [10, 10, 12, 13, 13, 12, 12, 11, 12, 10, 12, 13, 11, 10, 12, 13, 13, 12, 13, 12, 12, 12, 13, 13, 13, 12, 13, 13, 11, 11, 12, 12, 12, 13, 13, 11, 13, 11, 10, 11], [11, 10, 12, 10, 11, 12, 12, 12, 13, 11, 12, 13, 10, 10, 10, 10, 13, 11, 10, 11, 13, 13, 11, 13, 11, 13, 11, 12, 12, 13, 12, 11, 11, 12, 12, 12, 12, 10, 11, 12], [11, 13, 13, 12, 13, 11, 13, 13, 10, 10, 10, 13, 12, 12, 11, 12, 11, 13, 13, 10, 11, 11, 10, 10, 11, 11, 10, 13, 12, 12, 12, 10, 13, 11, 11, 10, 10, 10, 12, 13], [12, 10, 13, 12, 13, 10, 10, 10, 10, 10, 12, 13, 11, 11, 13, 10, 13, 11, 12, 12, 10, 13, 13, 12, 10, 12, 13, 10, 13, 13, 10, 13, 10, 13, 12, 13, 13, 11, 10, 13], [11, 13, 12, 10, 10, 13, 12, 13, 11, 13, 13, 11, 10, 11, 11, 13, 13, 13, 10, 13, 10, 10, 10, 12, 12, 12, 12, 11, 13, 12, 11, 12, 12, 13, 13, 11, 10, 10, 12, 13], [12, 10, 13, 13, 10, 12, 11, 12, 10, 10, 13, 13, 10, 13, 11, 10, 12, 12, 10, 10, 11, 10, 11, 12, 11, 10, 13, 12, 12, 12, 12, 11, 12, 10, 12, 10, 13, 11, 13, 11], [10, 12, 12, 10, 11, 11, 12, 12, 13, 11, 12, 11, 12, 12, 12, 12, 13, 10, 12, 10, 11, 12, 11, 10, 13, 11, 11, 13, 10, 10, 12, 13, 12, 12, 11, 13, 13, 10, 11, 13], [13, 12, 11, 12, 13, 11, 12, 13, 11, 13, 10, 11, 11, 10, 13, 13, 11, 10, 10, 13, 10, 13, 10, 10, 10, 11, 10, 10, 10, 13, 12, 13, 11, 13, 10, 12, 10, 10, 10, 13], [10, 11, 11, 11, 11, 12, 11, 13, 13, 13, 12, 11, 13, 11, 11, 10, 11, 11, 11, 10, 13, 11, 12, 12, 13, 13, 12, 13, 12, 10, 13, 13, 13, 13, 10, 10, 12, 11, 13, 10], [11, 11, 10, 11, 10, 11, 11, 10, 11, 11, 12, 12, 12, 12, 12, 13, 11, 11, 10, 11, 13, 13, 11, 10, 10, 11, 11, 13, 11, 12, 13, 13, 11, 10, 11, 13, 11, 13, 10, 10], [11, 10, 10, 13, 11, 13, 12, 11, 11, 11, 11, 11, 10, 12, 13, 10, 12, 11, 12, 11, 13, 11, 12, 11, 12, 10, 11, 13, 11, 13, 11, 12, 13, 11, 12, 13, 12, 11, 11, 13], [13, 11, 13, 10, 13, 13, 13, 13, 11, 12, 13, 13, 10, 13, 13, 10, 12, 13, 11, 12, 13, 12, 11, 13, 10, 10, 11, 13, 12, 12, 12, 11, 11, 10, 11, 11, 13, 12, 10, 10], [10, 11, 13, 11, 11, 10, 12, 11, 11, 11, 11, 11, 11, 13, 10, 12, 10, 12, 11, 12, 11, 11, 13, 11, 13, 11, 10, 12, 11, 10, 13, 11, 12, 13, 12, 11, 13, 12, 11, 12], [13, 10, 11, 11, 12, 11, 12, 10, 12, 13, 11, 13, 13, 13, 11, 13, 12, 11, 12, 11, 11, 12, 13, 12, 10, 13, 11, 13, 13, 13, 13, 12, 10, 13, 11, 13, 10, 13, 13, 10]]
Inventory holding cost per unit of each product by the end of each period h: 
[[7, 5, 8, 6, 5, 8, 6, 9, 9, 5, 6, 9, 5, 8, 6, 5, 7, 7, 9, 5, 6, 8, 5, 5, 5, 5, 8, 6, 9, 9, 7, 7, 7, 7, 6, 8, 6, 8, 6, 7], [8, 6, 8, 9, 5, 6, 9, 6, 9, 9, 9, 5, 9, 6, 9, 5, 7, 7, 7, 6, 9, 9, 7, 9, 7, 9, 8, 7, 9, 8, 7, 5, 5, 6, 6, 9, 9, 8, 9, 5], [6, 7, 5, 6, 9, 7, 8, 5, 8, 9, 6, 5, 5, 5, 7, 5, 9, 7, 5, 8, 9, 8, 7, 6, 5, 6, 7, 7, 7, 5, 6, 9, 7, 5, 7, 9, 6, 9, 8, 8], [6, 6, 5, 8, 7, 5, 5, 5, 7, 8, 7, 7, 8, 6, 9, 6, 5, 8, 7, 9, 7, 9, 8, 9, 6, 7, 5, 7, 6, 5, 8, 9, 6, 9, 6, 7, 7, 6, 5, 8], [8, 5, 6, 7, 9, 6, 5, 6, 6, 6, 5, 7, 9, 5, 8, 9, 5, 6, 9, 6, 9, 6, 8, 6, 7, 6, 8, 5, 6, 8, 7, 7, 7, 7, 9, 6, 9, 5, 9, 6], [8, 6, 8, 7, 6, 7, 5, 6, 8, 9, 7, 8, 9, 9, 5, 5, 9, 5, 5, 7, 5, 7, 7, 9, 5, 8, 8, 5, 6, 7, 6, 7, 8, 7, 5, 5, 6, 7, 7, 6], [5, 9, 7, 5, 8, 7, 9, 9, 7, 8, 7, 8, 9, 7, 7, 9, 8, 6, 6, 8, 6, 9, 8, 7, 7, 5, 5, 5, 5, 9, 6, 6, 6, 5, 5, 6, 5, 5, 8, 6], [8, 8, 8, 5, 8, 9, 7, 6, 6, 5, 7, 6, 8, 6, 6, 6, 9, 8, 5, 8, 9, 7, 6, 6, 8, 6, 6, 7, 6, 7, 7, 8, 6, 7, 9, 9, 5, 7, 6, 9], [7, 8, 7, 8, 9, 7, 8, 5, 6, 6, 8, 6, 7, 6, 8, 8, 6, 6, 6, 6, 6, 9, 7, 8, 8, 7, 9, 9, 5, 9, 8, 5, 7, 9, 9, 7, 6, 8, 6, 9], [7, 9, 5, 8, 7, 7, 8, 9, 6, 5, 6, 8, 6, 5, 7, 9, 5, 6, 9, 5, 7, 6, 7, 6, 5, 7, 6, 9, 5, 6, 5, 9, 8, 7, 8, 6, 8, 7, 7, 8], [8, 7, 8, 5, 8, 8, 6, 6, 8, 6, 5, 7, 5, 6, 9, 9, 7, 8, 7, 9, 5, 8, 9, 5, 5, 5, 8, 5, 7, 9, 5, 6, 9, 6, 5, 5, 6, 7, 7, 9], [7, 8, 6, 7, 6, 7, 6, 7, 7, 5, 6, 9, 7, 8, 8, 7, 5, 8, 7, 5, 9, 6, 7, 9, 5, 7, 9, 5, 6, 6, 8, 5, 6, 5, 8, 7, 6, 6, 9, 5], [9, 9, 6, 8, 7, 9, 9, 9, 6, 5, 8, 8, 7, 6, 6, 8, 7, 9, 9, 9, 5, 6, 8, 8, 9, 6, 5, 5, 8, 8, 6, 8, 5, 8, 5, 6, 9, 5, 9, 6], [7, 8, 6, 5, 7, 5, 5, 9, 5, 8, 5, 7, 8, 7, 7, 9, 6, 8, 9, 5, 7, 9, 5, 8, 7, 8, 7, 8, 9, 9, 5, 9, 7, 7, 9, 5, 6, 8, 9, 7], [7, 8, 8, 8, 6, 9, 6, 8, 5, 7, 5, 9, 5, 6, 7, 5, 7, 7, 5, 9, 9, 6, 5, 5, 5, 5, 8, 8, 8, 8, 6, 5, 6, 7, 9, 9, 6, 8, 7, 8], [6, 6, 9, 5, 5, 8, 5, 8, 8, 8, 8, 9, 8, 7, 8, 6, 7, 7, 7, 9, 5, 8, 6, 9, 6, 7, 5, 8, 5, 9, 9, 7, 5, 5, 8, 6, 9, 7, 9, 6], [5, 5, 7, 8, 6, 9, 9, 6, 8, 9, 5, 7, 5, 9, 8, 9, 8, 9, 8, 6, 5, 7, 7, 9, 7, 7, 9, 8, 8, 8, 5, 5, 8, 7, 5, 8, 5, 8, 7, 6], [6, 9, 7, 5, 6, 7, 9, 5, 7, 9, 9, 9, 8, 5, 7, 5, 7, 6, 7, 9, 7, 8, 7, 9, 9, 8, 7, 6, 9, 8, 6, 7, 8, 5, 6, 6, 8, 6, 8, 7], [5, 7, 5, 9, 5, 7, 7, 9, 6, 7, 7, 9, 7, 7, 9, 7, 7, 9, 8, 9, 7, 6, 7, 7, 9, 8, 9, 7, 5, 7, 6, 6, 8, 8, 6, 8, 5, 6, 5, 6], [6, 6, 8, 8, 9, 8, 9, 5, 9, 7, 8, 7, 9, 7, 8, 5, 9, 8, 6, 9, 8, 5, 6, 8, 5, 6, 9, 7, 9, 6, 9, 6, 5, 7, 6, 9, 5, 6, 7, 5], [8, 7, 7, 7, 9, 7, 7, 5, 8, 9, 8, 8, 9, 6, 9, 5, 5, 9, 9, 8, 5, 6, 9, 5, 6, 8, 8, 5, 8, 9, 7, 5, 9, 7, 7, 9, 9, 6, 7, 8], [5, 5, 5, 7, 7, 8, 9, 6, 8, 6, 9, 8, 8, 7, 9, 9, 6, 6, 8, 6, 9, 6, 6, 9, 8, 8, 9, 5, 9, 8, 9, 5, 7, 6, 6, 9, 5, 6, 7, 5], [6, 8, 6, 6, 8, 6, 6, 5, 6, 5, 9, 6, 8, 8, 6, 5, 8, 7, 5, 5, 9, 9, 8, 6, 7, 8, 9, 8, 9, 7, 7, 9, 5, 5, 8, 6, 9, 5, 5, 7], [8, 8, 7, 5, 9, 5, 7, 8, 5, 8, 9, 8, 7, 5, 7, 9, 8, 5, 6, 7, 9, 6, 6, 9, 7, 9, 6, 8, 7, 8, 9, 6, 7, 9, 7, 5, 8, 9, 5, 5], [7, 7, 9, 7, 9, 7, 6, 5, 9, 8, 7, 7, 5, 9, 8, 9, 8, 8, 9, 7, 5, 8, 9, 8, 5, 6, 6, 9, 7, 9, 6, 8, 9, 6, 8, 5, 8, 9, 5, 5], [5, 8, 9, 5, 9, 9, 7, 7, 8, 7, 8, 9, 8, 5, 6, 7, 6, 7, 6, 9, 7, 7, 7, 5, 7, 5, 8, 6, 6, 7, 7, 5, 5, 9, 6, 5, 6, 8, 7, 5], [7, 8, 9, 6, 8, 8, 9, 6, 6, 8, 9, 7, 8, 9, 6, 9, 9, 6, 8, 7, 5, 7, 6, 7, 5, 5, 9, 8, 7, 8, 8, 7, 5, 7, 5, 5, 6, 9, 5, 8], [8, 5, 7, 8, 8, 8, 9, 6, 8, 8, 5, 8, 9, 9, 8, 9, 5, 6, 7, 9, 5, 9, 9, 5, 9, 9, 6, 5, 5, 5, 5, 7, 8, 6, 8, 7, 6, 6, 7, 7], [8, 6, 9, 5, 7, 6, 9, 5, 5, 8, 8, 5, 6, 6, 7, 5, 6, 7, 6, 9, 6, 8, 6, 7, 9, 6, 6, 6, 6, 6, 6, 6, 6, 7, 5, 7, 7, 7, 8, 9], [8, 5, 7, 8, 9, 8, 7, 8, 9, 9, 5, 8, 7, 7, 9, 5, 5, 9, 6, 6, 5, 8, 8, 6, 7, 6, 7, 9, 7, 9, 6, 8, 5, 7, 6, 7, 9, 6, 5, 9], [5, 9, 9, 9, 7, 7, 8, 5, 8, 8, 7, 5, 9, 7, 6, 7, 5, 9, 9, 9, 5, 7, 9, 9, 8, 7, 6, 6, 7, 7, 5, 9, 7, 9, 7, 7, 6, 8, 7, 6], [5, 8, 8, 7, 7, 5, 8, 9, 6, 8, 7, 5, 5, 7, 8, 5, 7, 5, 8, 7, 5, 8, 5, 8, 6, 5, 5, 7, 6, 5, 5, 7, 7, 7, 6, 7, 7, 8, 8, 6], [9, 8, 9, 8, 6, 8, 6, 7, 8, 7, 9, 5, 6, 5, 9, 5, 8, 5, 9, 5, 7, 8, 5, 5, 6, 5, 9, 5, 5, 5, 6, 9, 6, 5, 5, 5, 8, 6, 8, 7], [6, 9, 5, 7, 9, 6, 8, 6, 5, 8, 6, 5, 9, 6, 9, 7, 9, 9, 6, 9, 8, 5, 7, 6, 9, 5, 8, 6, 7, 6, 7, 7, 8, 9, 6, 6, 9, 6, 5, 6], [7, 5, 7, 9, 9, 9, 9, 7, 5, 7, 9, 5, 8, 9, 9, 9, 6, 7, 6, 5, 9, 6, 8, 7, 6, 5, 5, 6, 8, 7, 9, 6, 9, 9, 9, 9, 9, 7, 5, 9], [8, 6, 5, 7, 9, 5, 6, 5, 6, 6, 7, 5, 6, 7, 7, 6, 6, 9, 8, 7, 8, 6, 7, 5, 7, 5, 8, 9, 5, 5, 9, 9, 9, 9, 7, 6, 7, 7, 9, 5], [7, 8, 5, 7, 5, 5, 5, 7, 5, 7, 6, 8, 6, 9, 6, 6, 5, 5, 5, 6, 6, 9, 7, 9, 6, 7, 8, 6, 7, 9, 5, 7, 8, 7, 7, 8, 6, 5, 9, 8], [5, 5, 6, 7, 7, 6, 6, 9, 7, 7, 9, 9, 5, 8, 7, 5, 6, 8, 7, 9, 9, 6, 9, 8, 6, 8, 7, 5, 5, 9, 7, 5, 7, 8, 5, 5, 7, 7, 8, 6], [7, 8, 7, 5, 8, 6, 6, 9, 8, 9, 8, 8, 5, 7, 6, 9, 7, 7, 8, 6, 5, 7, 8, 5, 6, 8, 6, 9, 7, 8, 7, 6, 9, 5, 6, 7, 6, 5, 5, 5], [6, 7, 9, 9, 8, 5, 6, 8, 8, 6, 6, 6, 9, 8, 7, 5, 9, 7, 7, 5, 5, 8, 8, 5, 9, 9, 7, 6, 9, 8, 6, 6, 5, 5, 8, 8, 7, 5, 9, 9], [5, 6, 7, 6, 9, 7, 7, 8, 6, 9, 9, 7, 9, 7, 9, 6, 9, 7, 5, 7, 6, 9, 6, 6, 8, 9, 8, 7, 6, 8, 5, 7, 5, 5, 6, 8, 9, 7, 6, 8], [5, 5, 8, 7, 8, 7, 5, 9, 8, 9, 8, 6, 5, 6, 5, 6, 5, 9, 8, 6, 8, 6, 9, 9, 9, 5, 9, 9, 6, 6, 7, 9, 8, 9, 9, 7, 8, 5, 6, 8], [8, 6, 7, 7, 6, 7, 5, 5, 6, 5, 6, 7, 7, 6, 9, 5, 8, 5, 7, 5, 6, 8, 5, 9, 5, 9, 8, 8, 7, 7, 7, 5, 7, 5, 8, 5, 9, 7, 7, 7], [7, 8, 6, 9, 9, 5, 9, 5, 6, 8, 6, 9, 9, 7, 5, 6, 8, 6, 8, 9, 7, 5, 7, 8, 8, 8, 6, 9, 6, 9, 6, 8, 5, 8, 9, 6, 5, 9, 6, 6], [9, 6, 7, 6, 6, 6, 9, 9, 5, 5, 8, 6, 5, 5, 6, 7, 6, 5, 7, 9, 8, 9, 8, 7, 9, 6, 9, 8, 9, 7, 8, 9, 6, 6, 5, 7, 9, 8, 7, 8], [8, 5, 6, 8, 9, 6, 7, 7, 9, 7, 9, 5, 5, 6, 9, 7, 8, 7, 8, 7, 6, 5, 6, 8, 5, 7, 6, 8, 9, 8, 6, 7, 8, 6, 8, 9, 6, 7, 5, 8], [7, 9, 7, 5, 8, 7, 5, 7, 9, 6, 9, 8, 7, 8, 6, 6, 6, 9, 8, 8, 6, 7, 8, 5, 6, 5, 9, 8, 6, 8, 6, 7, 5, 7, 6, 8, 5, 7, 8, 7], [9, 7, 9, 9, 6, 8, 5, 6, 9, 7, 5, 7, 9, 7, 6, 8, 8, 9, 8, 7, 6, 8, 9, 7, 9, 6, 8, 8, 6, 7, 9, 7, 9, 8, 5, 8, 6, 5, 7, 7], [8, 7, 7, 8, 6, 7, 7, 7, 7, 5, 5, 6, 7, 7, 7, 6, 7, 7, 9, 7, 7, 8, 7, 5, 6, 8, 8, 5, 8, 7, 7, 6, 6, 7, 8, 6, 6, 9, 5, 9], [7, 7, 6, 8, 6, 6, 6, 8, 6, 6, 9, 7, 6, 5, 6, 6, 9, 6, 5, 8, 7, 6, 9, 8, 6, 5, 6, 7, 7, 8, 6, 7, 9, 5, 8, 7, 5, 5, 6, 7], [8, 8, 7, 5, 9, 6, 9, 5, 5, 6, 7, 9, 5, 9, 6, 8, 9, 8, 9, 9, 6, 5, 5, 5, 8, 7, 6, 9, 6, 6, 8, 8, 6, 9, 5, 5, 5, 6, 7, 7], [6, 5, 7, 9, 6, 6, 9, 7, 5, 8, 6, 9, 8, 5, 6, 5, 7, 7, 7, 6, 7, 8, 5, 7, 5, 7, 6, 7, 5, 6, 6, 9, 5, 9, 7, 7, 5, 7, 6, 5], [8, 5, 9, 7, 7, 8, 7, 7, 5, 6, 7, 9, 7, 5, 6, 7, 7, 8, 9, 5, 7, 9, 6, 6, 6, 9, 7, 5, 9, 9, 5, 6, 9, 8, 7, 9, 7, 9, 6, 9], [5, 9, 7, 6, 9, 7, 7, 7, 7, 5, 8, 9, 7, 5, 5, 6, 5, 8, 8, 6, 6, 8, 7, 8, 7, 5, 6, 8, 5, 9, 7, 9, 6, 7, 8, 7, 7, 6, 7, 7], [8, 9, 8, 7, 5, 7, 8, 5, 5, 7, 8, 7, 6, 9, 6, 8, 6, 6, 8, 7, 5, 5, 8, 5, 9, 6, 7, 6, 7, 9, 5, 6, 6, 6, 9, 6, 6, 6, 6, 7]]
Demand for each product in each period d: 
[[20, 44, 25, 10, 40, 44, 12, 5, 5, 16, 3, 48, 49, 5, 33, 45, 45, 36, 26, 20, 17, 31, 20, 22, 3, 10, 20, 24, 36, 18, 40, 33, 12, 15, 0, 26, 26, 16, 0, 35], [0, 28, 32, 17, 7, 31, 8, 33, 26, 6, 36, 42, 40, 44, 4, 10, 36, 11, 0, 27, 0, 48, 6, 11, 32, 24, 2, 6, 24, 0, 11, 4, 40, 25, 45, 0, 15, 28, 23, 17], [34, 4, 14, 10, 20, 48, 12, 44, 14, 14, 22, 35, 0, 41, 47, 22, 27, 33, 13, 36, 23, 37, 32, 4, 21, 4, 36, 26, 14, 27, 15, 4, 44, 9, 5, 0, 12, 28, 47, 33], [17, 22, 18, 0, 0, 2, 0, 19, 30, 8, 10, 0, 49, 12, 14, 0, 26, 33, 47, 2, 17, 17, 45, 34, 44, 15, 24, 38, 17, 1, 24, 1, 0, 22, 28, 2, 22, 40, 3, 4], [29, 0, 14, 0, 12, 19, 29, 22, 10, 2, 39, 9, 2, 6, 1, 5, 1, 21, 45, 37, 6, 14, 7, 11, 42, 6, 37, 47, 16, 43, 9, 32, 3, 32, 38, 6, 32, 0, 47, 27], [15, 0, 2, 11, 14, 49, 23, 47, 41, 39, 14, 21, 27, 3, 36, 47, 38, 40, 31, 26, 19, 32, 15, 0, 3, 12, 27, 3, 20, 21, 39, 39, 23, 31, 8, 33, 0, 4, 38, 0], [19, 22, 16, 40, 29, 46, 9, 0, 28, 23, 41, 38, 0, 27, 23, 29, 0, 17, 47, 37, 16, 43, 38, 22, 23, 46, 13, 3, 1, 21, 20, 37, 43, 12, 2, 46, 4, 24, 14, 33], [14, 37, 47, 27, 0, 8, 29, 0, 32, 0, 29, 40, 20, 15, 0, 0, 2, 8, 36, 41, 6, 43, 19, 41, 22, 40, 0, 31, 18, 25, 36, 16, 28, 5, 11, 16, 36, 3, 0, 3], [4, 37, 45, 32, 46, 0, 22, 22, 43, 43, 11, 48, 2, 6, 0, 47, 3, 6, 14, 29, 28, 34, 23, 6, 9, 4, 4, 45, 9, 42, 31, 45, 19, 4, 0, 7, 8, 11, 0, 49], [44, 13, 15, 0, 9, 3, 29, 0, 23, 0, 49, 37, 10, 30, 48, 28, 5, 45, 15, 42, 0, 42, 0, 3, 27, 29, 12, 0, 7, 49, 0, 30, 15, 1, 41, 12, 17, 10, 3, 48], [16, 45, 47, 4, 14, 8, 42, 0, 29, 13, 8, 41, 42, 21, 0, 5, 28, 34, 2, 39, 6, 27, 6, 14, 34, 38, 49, 4, 2, 25, 32, 49, 10, 29, 33, 8, 12, 40, 27, 0], [48, 24, 35, 43, 49, 25, 26, 42, 43, 0, 18, 46, 44, 40, 0, 33, 5, 40, 47, 14, 1, 0, 34, 2, 35, 21, 48, 0, 38, 25, 43, 1, 3, 4, 46, 29, 48, 26, 37, 36], [10, 32, 0, 20, 21, 22, 37, 5, 16, 37, 19, 0, 43, 46, 37, 47, 26, 11, 13, 1, 4, 43, 29, 0, 30, 5, 32, 44, 28, 0, 9, 7, 40, 20, 39, 16, 0, 11, 15, 39], [32, 33, 47, 9, 20, 0, 2, 7, 10, 34, 12, 0, 33, 43, 28, 0, 35, 21, 31, 43, 20, 5, 17, 20, 18, 9, 49, 25, 31, 5, 18, 46, 37, 39, 44, 41, 3, 18, 23, 15], [19, 41, 22, 18, 29, 49, 4, 40, 22, 49, 31, 48, 4, 26, 41, 8, 28, 29, 13, 38, 9, 24, 2, 14, 33, 43, 6, 12, 38, 27, 43, 40, 40, 35, 11, 6, 0, 48, 2, 18], [14, 26, 47, 32, 4, 29, 2, 47, 5, 6, 1, 29, 5, 24, 5, 49, 4, 46, 39, 18, 23, 24, 23, 15, 39, 0, 42, 18, 26, 6, 19, 22, 0, 18, 24, 35, 41, 28, 5, 22], [1, 0, 9, 0, 14, 42, 13, 39, 36, 40, 38, 22, 17, 46, 35, 1, 43, 44, 26, 20, 22, 16, 19, 7, 33, 1, 44, 40, 17, 23, 27, 0, 31, 30, 37, 21, 2, 32, 48, 20], [34, 0, 23, 40, 0, 22, 26, 17, 22, 29, 33, 13, 28, 0, 11, 16, 0, 31, 31, 48, 11, 1, 44, 31, 12, 7, 30, 38, 0, 1, 3, 5, 6, 46, 28, 35, 38, 47, 2, 44], [11, 38, 36, 22, 24, 11, 24, 41, 27, 8, 41, 0, 39, 39, 19, 39, 40, 39, 48, 35, 3, 35, 32, 38, 0, 19, 33, 0, 47, 0, 18, 42, 0, 27, 35, 39, 0, 24, 5, 47], [48, 27, 12, 46, 4, 26, 29, 14, 6, 47, 32, 20, 16, 47, 49, 18, 4, 25, 38, 36, 37, 41, 14, 33, 46, 40, 15, 3, 33, 0, 16, 33, 25, 24, 36, 25, 17, 22, 20, 47], [0, 12, 12, 5, 37, 22, 28, 2, 0, 34, 41, 18, 0, 30, 9, 24, 3, 10, 7, 35, 42, 13, 25, 18, 15, 40, 22, 2, 23, 6, 15, 6, 21, 40, 46, 1, 31, 36, 40, 6], [41, 9, 36, 22, 13, 7, 43, 46, 3, 12, 42, 9, 11, 18, 39, 6, 29, 0, 34, 19, 42, 27, 2, 17, 44, 7, 4, 49, 2, 42, 47, 39, 17, 29, 18, 42, 44, 14, 0, 17], [19, 40, 22, 28, 48, 27, 0, 2, 21, 39, 45, 27, 31, 17, 34, 15, 27, 5, 13, 9, 48, 11, 17, 20, 9, 3, 49, 0, 26, 30, 28, 18, 10, 3, 38, 32, 0, 21, 49, 17], [10, 3, 44, 29, 9, 49, 3, 2, 44, 13, 43, 41, 4, 39, 1, 0, 30, 49, 41, 45, 24, 17, 4, 37, 38, 15, 26, 13, 17, 28, 22, 7, 33, 45, 33, 44, 2, 23, 30, 11], [22, 19, 34, 47, 17, 1, 47, 31, 22, 0, 49, 6, 21, 5, 1, 39, 45, 0, 22, 40, 0, 2, 37, 15, 1, 21, 16, 19, 23, 40, 46, 11, 29, 9, 18, 8, 47, 43, 2, 9], [13, 43, 37, 22, 17, 5, 43, 44, 6, 0, 39, 33, 23, 48, 31, 20, 37, 9, 36, 14, 33, 34, 34, 13, 17, 36, 22, 9, 11, 30, 1, 33, 7, 4, 22, 17, 43, 23, 8, 18], [15, 10, 19, 26, 17, 1, 5, 4, 26, 27, 21, 49, 31, 39, 30, 47, 38, 38, 24, 43, 25, 16, 26, 40, 0, 5, 0, 21, 16, 15, 25, 1, 4, 28, 9, 35, 15, 28, 17, 6], [25, 21, 21, 44, 24, 24, 45, 0, 41, 12, 1, 17, 3, 12, 34, 37, 27, 31, 48, 29, 20, 24, 23, 21, 34, 29, 44, 20, 44, 21, 32, 27, 16, 9, 10, 19, 36, 37, 17, 0], [48, 1, 33, 42, 25, 0, 47, 41, 5, 13, 24, 11, 24, 0, 32, 44, 36, 16, 9, 33, 37, 38, 1, 13, 24, 0, 25, 38, 47, 26, 0, 20, 48, 40, 37, 30, 30, 28, 17, 47], [0, 42, 43, 12, 4, 46, 43, 18, 43, 40, 44, 12, 11, 28, 39, 8, 21, 41, 10, 20, 13, 7, 12, 28, 3, 14, 38, 5, 44, 13, 33, 3, 25, 17, 39, 44, 36, 14, 44, 38], [39, 15, 19, 48, 25, 41, 11, 10, 16, 42, 17, 20, 10, 9, 45, 33, 12, 4, 49, 4, 4, 31, 1, 47, 0, 6, 31, 4, 24, 26, 41, 0, 39, 23, 47, 35, 25, 40, 27, 47], [19, 9, 22, 9, 25, 29, 32, 13, 1, 27, 8, 12, 37, 16, 28, 17, 0, 46, 2, 9, 18, 20, 10, 36, 3, 13, 1, 3, 35, 18, 43, 13, 17, 39, 0, 5, 47, 35, 34, 48], [32, 41, 3, 33, 29, 13, 7, 14, 46, 34, 43, 38, 38, 42, 2, 49, 2, 37, 4, 13, 20, 44, 11, 42, 33, 4, 38, 42, 2, 42, 4, 11, 44, 38, 48, 2, 22, 42, 36, 4], [8, 9, 19, 7, 18, 1, 9, 26, 0, 3, 48, 44, 39, 36, 4, 33, 16, 26, 18, 39, 0, 35, 35, 39, 6, 39, 0, 34, 12, 0, 47, 33, 11, 41, 6, 17, 0, 14, 33, 35], [18, 47, 28, 9, 23, 4, 5, 6, 24, 31, 27, 9, 11, 16, 2, 32, 45, 42, 48, 36, 42, 15, 6, 3, 29, 5, 39, 2, 32, 17, 10, 17, 5, 26, 13, 45, 12, 25, 48, 44], [30, 15, 33, 18, 41, 41, 46, 30, 45, 46, 23, 38, 32, 42, 37, 48, 27, 7, 16, 16, 44, 23, 27, 45, 31, 18, 19, 14, 29, 11, 27, 14, 39, 42, 36, 1, 33, 4, 20, 7], [24, 3, 0, 2, 5, 42, 21, 8, 44, 14, 9, 30, 7, 28, 19, 0, 24, 29, 43, 0, 0, 18, 24, 38, 2, 21, 31, 30, 32, 19, 26, 24, 10, 36, 20, 44, 9, 13, 3, 13], [45, 9, 43, 1, 12, 0, 26, 17, 0, 46, 44, 48, 26, 24, 0, 22, 4, 42, 8, 13, 22, 8, 36, 27, 46, 48, 49, 28, 0, 9, 27, 43, 37, 1, 45, 15, 43, 42, 44, 18], [38, 39, 49, 45, 16, 43, 30, 31, 26, 34, 20, 2, 34, 24, 23, 46, 40, 47, 21, 18, 48, 8, 9, 42, 9, 15, 19, 10, 23, 41, 17, 37, 31, 40, 33, 25, 48, 17, 27, 44], [3, 0, 19, 35, 0, 5, 11, 38, 43, 35, 22, 49, 24, 41, 47, 0, 8, 23, 19, 32, 29, 27, 2, 43, 42, 44, 40, 28, 7, 11, 48, 30, 11, 42, 28, 11, 26, 28, 19, 45], [12, 39, 14, 37, 3, 34, 30, 29, 24, 43, 3, 32, 29, 30, 22, 10, 11, 10, 0, 6, 16, 14, 35, 49, 1, 41, 24, 44, 5, 37, 11, 42, 0, 24, 34, 5, 46, 7, 6, 29], [26, 2, 0, 15, 9, 18, 7, 27, 26, 19, 1, 41, 28, 28, 8, 19, 29, 4, 2, 15, 35, 38, 37, 34, 37, 11, 15, 34, 28, 20, 9, 19, 44, 40, 8, 12, 28, 30, 18, 45], [11, 12, 6, 33, 25, 30, 47, 0, 48, 7, 38, 34, 25, 30, 18, 35, 44, 5, 15, 42, 8, 0, 2, 40, 23, 39, 2, 25, 24, 0, 14, 40, 42, 36, 49, 45, 19, 24, 28, 21], [3, 1, 45, 42, 29, 24, 47, 43, 36, 41, 20, 22, 45, 47, 38, 24, 0, 4, 4, 23, 28, 29, 27, 38, 33, 22, 38, 25, 27, 14, 29, 3, 12, 0, 31, 31, 32, 44, 49, 0], [41, 48, 48, 32, 44, 7, 0, 41, 0, 31, 27, 26, 11, 12, 43, 14, 23, 21, 39, 48, 9, 43, 15, 35, 2, 15, 41, 44, 35, 12, 24, 0, 39, 14, 34, 17, 42, 43, 19, 42], [20, 37, 11, 1, 16, 16, 41, 32, 28, 39, 28, 8, 34, 18, 22, 36, 36, 10, 44, 29, 34, 6, 6, 3, 18, 46, 39, 48, 12, 27, 14, 0, 40, 7, 4, 1, 49, 18, 35, 2], [33, 20, 40, 19, 41, 17, 25, 7, 44, 39, 8, 27, 48, 40, 48, 2, 41, 29, 0, 32, 29, 28, 17, 9, 21, 22, 45, 36, 41, 46, 34, 25, 35, 39, 22, 36, 25, 0, 13, 27], [1, 28, 8, 43, 7, 42, 23, 23, 17, 22, 1, 5, 25, 17, 16, 11, 40, 1, 43, 36, 16, 44, 35, 15, 42, 4, 0, 0, 36, 10, 20, 3, 1, 44, 22, 29, 0, 10, 39, 0], [34, 18, 17, 41, 18, 43, 32, 17, 43, 1, 17, 43, 33, 15, 25, 29, 47, 42, 45, 11, 43, 0, 0, 9, 42, 8, 33, 17, 34, 48, 32, 18, 44, 10, 39, 13, 0, 19, 0, 23], [37, 33, 14, 48, 0, 24, 35, 46, 10, 11, 39, 13, 0, 21, 45, 5, 7, 30, 40, 1, 46, 18, 36, 49, 11, 30, 5, 49, 37, 18, 29, 45, 1, 35, 44, 9, 43, 16, 12, 34], [27, 0, 12, 34, 46, 1, 47, 21, 41, 44, 0, 45, 44, 8, 31, 13, 38, 49, 4, 22, 21, 29, 31, 19, 45, 6, 17, 48, 35, 5, 2, 31, 28, 17, 5, 5, 14, 46, 47, 35], [46, 13, 41, 14, 32, 8, 14, 16, 15, 24, 29, 4, 0, 3, 37, 47, 36, 42, 4, 11, 42, 32, 49, 26, 14, 27, 40, 3, 24, 35, 23, 8, 0, 0, 10, 39, 36, 22, 24, 37], [42, 0, 37, 14, 35, 27, 39, 44, 38, 42, 2, 9, 25, 7, 18, 28, 43, 33, 47, 16, 0, 42, 10, 21, 25, 37, 22, 25, 9, 5, 18, 29, 49, 7, 28, 45, 43, 15, 46, 12], [0, 30, 23, 40, 36, 16, 5, 21, 19, 27, 15, 14, 29, 15, 1, 15, 35, 16, 18, 0, 16, 45, 25, 3, 23, 19, 1, 42, 46, 12, 28, 31, 19, 40, 6, 1, 16, 1, 15, 48], [24, 25, 0, 12, 47, 19, 17, 9, 0, 30, 22, 16, 14, 8, 32, 35, 6, 8, 2, 39, 45, 40, 18, 32, 31, 47, 29, 25, 25, 31, 36, 5, 35, 6, 36, 0, 18, 4, 31, 25]]
Maintenance cost in each period m: 
[79537, 79482, 81771, 80083, 80115, 79755, 78412, 80194, 79424, 78560, 81732, 81247, 78197, 79192, 81726, 79454, 79574, 78530, 78383, 78732, 78660, 80540, 78772, 79714, 80171, 79360, 79218, 81890, 81631, 78543, 79618, 78125, 78222, 80161, 80935, 81504, 80141, 80003, 81346, 78986]
Maximum capacity of the machine cmax: 
2640