Set of periods in the planning horizon T: 
30
Set of products P: 
40
Capacity reduction coefficient alpha: 
0.8
Relative decrease of capacity per set up gamma: 
0.37
Capacity reduction coefficient due to product types beta: 
[0.23, 0.36, 0.36, 0.27, 0.22, 0.21, 0.29, 0.29, 0.38, 0.31, 0.4, 0.29, 0.3, 0.21, 0.25, 0.33, 0.22, 0.39, 0.34, 0.23, 0.26, 0.33, 0.26, 0.29, 0.35, 0.35, 0.25, 0.23, 0.31, 0.26, 0.39, 0.25, 0.4, 0.33, 0.34, 0.21, 0.4, 0.29, 0.31, 0.37]
Fixed production cost of each product in each period f: 
[[993, 521, 712, 885, 900, 518, 733, 944, 679, 706, 636, 671, 968, 585, 885, 944, 741, 957, 617, 844, 604, 866, 889, 863, 662, 691, 541, 680, 873, 605], [783, 714, 658, 740, 592, 784, 812, 711, 980, 567, 683, 635, 786, 610, 784, 818, 684, 875, 742, 812, 893, 914, 811, 687, 701, 583, 978, 820, 972, 758], [934, 687, 535, 806, 986, 742, 935, 915, 769, 648, 995, 965, 896, 513, 814, 673, 757, 793, 580, 567, 708, 898, 908, 836, 528, 669, 680, 634, 953, 840], [540, 797, 965, 655, 754, 541, 817, 734, 576, 935, 744, 911, 596, 950, 780, 758, 697, 780, 630, 528, 619, 861, 504, 651, 628, 842, 628, 656, 815, 926], [698, 528, 644, 671, 647, 779, 967, 568, 948, 750, 663, 566, 599, 747, 709, 856, 783, 652, 766, 650, 540, 970, 915, 941, 812, 717, 632, 569, 927, 777], [604, 594, 900, 819, 884, 873, 661, 653, 994, 874, 618, 680, 575, 592, 702, 736, 596, 966, 776, 849, 868, 671, 681, 936, 655, 603, 718, 688, 993, 898], [776, 515, 962, 706, 574, 995, 715, 802, 592, 870, 517, 546, 923, 973, 703, 578, 703, 514, 645, 605, 711, 791, 756, 699, 693, 625, 724, 527, 556, 832], [794, 772, 973, 620, 564, 608, 977, 868, 925, 832, 867, 779, 646, 997, 910, 656, 612, 634, 853, 514, 528, 936, 641, 783, 559, 881, 627, 596, 712, 990], [673, 912, 548, 743, 586, 721, 576, 721, 817, 589, 708, 547, 923, 857, 756, 845, 604, 592, 518, 535, 725, 789, 732, 904, 855, 925, 556, 807, 938, 765], [517, 954, 773, 889, 593, 908, 872, 815, 705, 539, 605, 775, 849, 612, 978, 808, 941, 841, 749, 659, 699, 932, 819, 704, 685, 946, 732, 944, 520, 831], [899, 685, 576, 511, 923, 611, 807, 836, 636, 650, 845, 810, 589, 719, 788, 816, 894, 781, 620, 991, 941, 762, 786, 507, 610, 772, 999, 720, 733, 650], [912, 923, 830, 738, 530, 930, 784, 780, 842, 909, 625, 987, 869, 918, 707, 950, 883, 505, 791, 731, 986, 963, 599, 638, 884, 501, 899, 569, 967, 847], [856, 978, 974, 613, 962, 679, 935, 954, 771, 691, 844, 620, 859, 921, 804, 997, 770, 687, 730, 879, 626, 977, 629, 522, 721, 824, 868, 656, 680, 706], [563, 721, 945, 599, 855, 656, 759, 555, 726, 545, 708, 517, 898, 813, 964, 573, 717, 528, 659, 640, 832, 927, 955, 751, 905, 508, 741, 712, 922, 770], [673, 562, 992, 886, 985, 915, 567, 963, 833, 940, 898, 994, 528, 939, 653, 610, 644, 612, 882, 597, 940, 888, 759, 536, 570, 554, 791, 507, 714, 629], [669, 637, 785, 676, 772, 939, 989, 864, 954, 941, 519, 864, 531, 804, 969, 559, 738, 639, 757, 906, 546, 734, 533, 969, 694, 810, 861, 921, 556, 841], [803, 604, 735, 667, 976, 544, 724, 711, 827, 887, 503, 932, 856, 655, 729, 815, 520, 548, 639, 571, 890, 545, 895, 972, 974, 599, 934, 529, 564, 870], [983, 901, 580, 795, 990, 733, 631, 662, 918, 970, 931, 568, 974, 709, 984, 813, 837, 612, 772, 532, 603, 850, 909, 964, 675, 891, 817, 679, 907, 933], [882, 685, 969, 576, 816, 927, 923, 847, 853, 729, 820, 864, 740, 776, 864, 727, 911, 989, 903, 580, 927, 765, 868, 827, 529, 948, 958, 972, 702, 720], [681, 794, 585, 655, 950, 857, 871, 978, 683, 989, 711, 798, 675, 840, 838, 577, 869, 780, 878, 960, 722, 762, 934, 912, 747, 533, 788, 977, 582, 604], [916, 641, 613, 845, 716, 943, 876, 845, 962, 618, 771, 630, 589, 509, 612, 610, 794, 990, 995, 724, 838, 864, 959, 979, 593, 505, 892, 587, 556, 614], [969, 958, 804, 752, 635, 978, 594, 634, 873, 712, 602, 890, 718, 789, 948, 600, 601, 902, 973, 900, 722, 726, 587, 849, 843, 596, 968, 875, 889, 979], [948, 908, 770, 840, 900, 853, 843, 973, 910, 905, 657, 523, 819, 544, 726, 971, 786, 691, 810, 617, 894, 513, 541, 538, 513, 713, 896, 980, 821, 817], [561, 799, 783, 833, 855, 847, 856, 617, 615, 800, 623, 944, 532, 634, 921, 823, 507, 938, 538, 910, 620, 979, 862, 934, 783, 562, 644, 698, 748, 903], [626, 558, 614, 855, 629, 980, 820, 980, 570, 957, 690, 700, 722, 908, 596, 832, 898, 553, 909, 943, 949, 866, 566, 797, 721, 515, 975, 767, 882, 778], [899, 902, 997, 589, 620, 945, 979, 784, 741, 629, 503, 813, 868, 660, 889, 712, 563, 593, 890, 961, 657, 791, 703, 515, 511, 557, 816, 906, 698, 809], [954, 633, 974, 931, 690, 628, 905, 721, 671, 693, 702, 515, 720, 902, 914, 887, 953, 580, 734, 839, 532, 804, 889, 729, 593, 984, 843, 533, 599, 507], [841, 620, 570, 685, 529, 675, 576, 624, 856, 571, 571, 879, 941, 751, 883, 577, 518, 570, 608, 700, 651, 547, 585, 941, 858, 708, 567, 631, 897, 645], [668, 645, 753, 909, 904, 663, 530, 997, 729, 900, 610, 766, 815, 544, 870, 615, 763, 612, 970, 962, 529, 625, 593, 681, 736, 929, 751, 730, 709, 897], [892, 779, 580, 904, 635, 920, 797, 688, 729, 658, 607, 755, 763, 948, 938, 959, 783, 827, 569, 636, 796, 832, 803, 609, 924, 930, 834, 820, 619, 973], [967, 715, 581, 621, 714, 895, 522, 710, 871, 779, 848, 692, 928, 966, 647, 791, 876, 861, 566, 756, 778, 750, 870, 565, 815, 965, 835, 658, 853, 915], [548, 834, 625, 590, 881, 660, 681, 803, 857, 658, 604, 703, 627, 529, 641, 515, 855, 648, 824, 756, 691, 896, 976, 801, 817, 560, 512, 506, 979, 656], [577, 546, 562, 610, 792, 917, 762, 522, 616, 654, 814, 669, 884, 588, 501, 998, 652, 674, 541, 761, 976, 820, 639, 589, 856, 846, 699, 953, 636, 963], [762, 828, 502, 840, 567, 589, 502, 756, 981, 843, 726, 921, 916, 920, 714, 772, 667, 701, 787, 509, 871, 978, 525, 516, 920, 538, 983, 601, 814, 601], [731, 552, 597, 752, 729, 621, 647, 603, 870, 817, 868, 601, 593, 991, 609, 678, 944, 883, 698, 830, 510, 699, 721, 895, 803, 815, 659, 514, 988, 578], [602, 716, 825, 850, 730, 918, 918, 522, 559, 705, 732, 589, 944, 843, 666, 808, 673, 515, 975, 795, 853, 903, 800, 566, 560, 764, 773, 817, 799, 765], [696, 581, 675, 557, 638, 757, 607, 618, 659, 503, 661, 844, 871, 747, 952, 629, 547, 578, 704, 595, 582, 907, 537, 758, 680, 795, 857, 522, 981, 529], [781, 957, 700, 564, 538, 686, 933, 961, 560, 744, 922, 762, 905, 977, 743, 924, 701, 813, 575, 831, 638, 915, 608, 851, 532, 645, 769, 584, 958, 687], [692, 655, 723, 923, 552, 956, 959, 513, 727, 590, 602, 550, 926, 990, 773, 538, 763, 962, 868, 709, 701, 968, 986, 919, 992, 998, 617, 738, 929, 925], [510, 533, 706, 967, 836, 516, 837, 884, 517, 857, 908, 607, 794, 776, 846, 861, 728, 728, 892, 719, 965, 756, 832, 557, 970, 566, 932, 696, 940, 890]]
Variable production cost per unit of each product in each period p: 
[[13, 12, 13, 12, 11, 10, 12, 10, 13, 12, 11, 11, 10, 13, 13, 13, 10, 12, 11, 12, 12, 12, 13, 12, 10, 11, 13, 11, 12, 12], [13, 13, 13, 10, 12, 12, 12, 10, 13, 10, 12, 12, 10, 13, 13, 13, 10, 10, 11, 13, 13, 13, 12, 11, 10, 11, 10, 10, 10, 11], [12, 11, 13, 11, 11, 13, 10, 12, 10, 11, 13, 12, 13, 13, 11, 11, 12, 13, 11, 11, 11, 10, 13, 10, 10, 12, 11, 11, 10, 10], [13, 12, 10, 12, 10, 12, 13, 13, 11, 12, 10, 12, 12, 11, 12, 11, 11, 10, 12, 12, 11, 10, 13, 11, 13, 12, 13, 13, 11, 11], [11, 12, 13, 12, 10, 10, 11, 11, 10, 12, 10, 12, 11, 13, 13, 12, 10, 11, 13, 13, 12, 12, 11, 12, 13, 12, 13, 13, 10, 10], [13, 13, 12, 13, 11, 12, 10, 11, 13, 11, 10, 11, 12, 10, 12, 13, 10, 11, 13, 11, 13, 10, 12, 13, 10, 13, 13, 10, 13, 10], [10, 12, 13, 10, 13, 12, 11, 10, 12, 10, 10, 10, 13, 12, 10, 13, 11, 11, 11, 10, 11, 10, 12, 12, 11, 11, 10, 12, 11, 10], [11, 11, 13, 10, 10, 13, 12, 13, 11, 11, 12, 10, 11, 13, 11, 12, 10, 11, 11, 13, 12, 11, 12, 12, 11, 13, 10, 11, 10, 10], [13, 10, 12, 10, 12, 12, 13, 12, 10, 13, 13, 12, 11, 10, 12, 11, 11, 12, 10, 13, 12, 12, 13, 10, 13, 11, 10, 13, 11, 10], [10, 13, 11, 12, 13, 10, 12, 12, 13, 13, 11, 10, 13, 10, 11, 12, 10, 11, 11, 12, 10, 10, 10, 13, 13, 10, 12, 11, 11, 12], [12, 12, 11, 13, 11, 13, 12, 10, 10, 10, 12, 12, 11, 11, 11, 10, 12, 10, 13, 12, 13, 13, 10, 10, 13, 10, 10, 13, 11, 10], [10, 13, 11, 11, 13, 13, 11, 10, 13, 10, 12, 11, 13, 10, 10, 12, 11, 12, 11, 11, 12, 11, 13, 13, 13, 13, 12, 12, 12, 12], [13, 13, 13, 11, 10, 10, 11, 11, 13, 13, 13, 10, 13, 11, 10, 10, 12, 12, 12, 11, 13, 13, 12, 12, 13, 10, 12, 12, 13, 12], [13, 12, 12, 13, 12, 11, 11, 12, 13, 11, 12, 10, 13, 12, 11, 11, 12, 10, 12, 11, 10, 10, 10, 13, 11, 12, 10, 11, 13, 13], [10, 13, 11, 12, 12, 13, 13, 13, 13, 12, 12, 13, 12, 13, 13, 12, 13, 11, 13, 12, 12, 12, 12, 10, 11, 10, 10, 12, 12, 10], [13, 11, 12, 13, 10, 12, 12, 10, 13, 10, 10, 11, 11, 10, 12, 13, 12, 11, 12, 11, 11, 10, 11, 10, 13, 10, 12, 11, 11, 11], [11, 12, 13, 11, 13, 13, 11, 11, 12, 13, 11, 11, 11, 11, 11, 11, 11, 11, 13, 12, 12, 13, 10, 10, 12, 11, 12, 12, 10, 13], [12, 12, 11, 13, 10, 11, 12, 12, 13, 10, 11, 13, 11, 10, 13, 12, 12, 13, 11, 12, 12, 13, 12, 11, 12, 11, 11, 10, 13, 10], [13, 11, 10, 13, 13, 13, 12, 10, 13, 10, 13, 11, 12, 10, 13, 13, 10, 10, 12, 12, 13, 13, 11, 13, 11, 12, 12, 10, 12, 12], [11, 11, 12, 13, 11, 10, 13, 12, 13, 12, 10, 12, 12, 13, 13, 12, 11, 10, 11, 11, 10, 11, 12, 13, 13, 11, 10, 11, 11, 10], [13, 11, 13, 12, 10, 10, 11, 13, 10, 11, 11, 11, 12, 12, 10, 11, 12, 13, 12, 11, 13, 12, 13, 13, 13, 10, 10, 12, 13, 12], [11, 12, 13, 12, 13, 12, 11, 13, 13, 11, 13, 10, 11, 11, 13, 10, 10, 10, 12, 11, 10, 12, 13, 12, 12, 12, 13, 10, 11, 12], [10, 11, 10, 12, 12, 11, 13, 13, 10, 11, 13, 13, 11, 11, 13, 11, 11, 12, 11, 13, 13, 12, 10, 10, 11, 12, 10, 10, 10, 11], [13, 12, 11, 12, 11, 10, 10, 11, 12, 11, 10, 11, 13, 12, 11, 12, 13, 13, 13, 11, 10, 10, 12, 13, 11, 13, 11, 11, 11, 11], [13, 10, 11, 10, 11, 12, 13, 12, 11, 10, 13, 13, 12, 11, 12, 13, 11, 11, 10, 11, 13, 12, 11, 12, 10, 11, 11, 11, 12, 13], [12, 13, 12, 12, 11, 10, 12, 11, 11, 12, 12, 11, 12, 11, 10, 13, 12, 11, 11, 13, 12, 10, 10, 11, 10, 10, 10, 13, 12, 10], [12, 11, 13, 10, 13, 11, 10, 12, 12, 13, 12, 12, 13, 13, 12, 13, 10, 10, 10, 13, 11, 11, 11, 11, 12, 12, 11, 12, 10, 12], [10, 10, 10, 10, 13, 12, 10, 11, 10, 12, 11, 10, 13, 11, 10, 10, 12, 12, 11, 13, 11, 10, 10, 10, 10, 12, 11, 12, 10, 13], [11, 11, 12, 10, 13, 11, 12, 13, 11, 12, 13, 10, 12, 13, 13, 11, 11, 10, 13, 12, 11, 12, 12, 13, 12, 13, 13, 10, 11, 12], [10, 10, 13, 13, 10, 13, 11, 11, 12, 10, 13, 13, 13, 12, 11, 11, 11, 13, 11, 11, 13, 11, 13, 12, 12, 10, 11, 10, 11, 13], [12, 13, 13, 12, 11, 10, 10, 13, 12, 13, 11, 12, 10, 13, 12, 13, 12, 13, 10, 12, 11, 12, 10, 11, 10, 13, 10, 13, 10, 10], [11, 13, 13, 13, 12, 10, 12, 10, 10, 13, 13, 13, 13, 11, 13, 10, 10, 10, 11, 10, 10, 12, 13, 10, 11, 11, 13, 12, 12, 12], [11, 10, 11, 12, 13, 12, 10, 13, 10, 13, 10, 13, 12, 13, 10, 10, 11, 10, 12, 10, 13, 13, 13, 10, 13, 12, 12, 13, 12, 12], [13, 11, 10, 11, 13, 11, 12, 11, 12, 11, 10, 10, 13, 11, 10, 10, 12, 10, 11, 12, 10, 13, 13, 12, 13, 13, 10, 13, 12, 10], [12, 11, 11, 10, 11, 12, 11, 13, 11, 12, 11, 13, 10, 13, 13, 11, 12, 10, 12, 13, 13, 11, 11, 10, 10, 12, 11, 12, 10, 12], [12, 11, 10, 10, 10, 10, 11, 13, 10, 11, 13, 11, 13, 13, 13, 10, 12, 12, 10, 10, 10, 11, 10, 13, 10, 13, 10, 10, 13, 10], [12, 13, 11, 11, 10, 12, 11, 11, 13, 11, 11, 13, 11, 11, 11, 11, 12, 13, 12, 12, 13, 13, 11, 13, 11, 11, 10, 12, 12, 11], [12, 13, 13, 12, 11, 13, 11, 13, 10, 13, 11, 10, 13, 12, 13, 12, 10, 10, 11, 12, 10, 10, 10, 12, 11, 13, 13, 10, 13, 10], [10, 10, 13, 10, 11, 10, 10, 10, 11, 10, 12, 13, 13, 11, 12, 11, 11, 10, 11, 12, 11, 11, 13, 10, 12, 10, 13, 13, 10, 10], [10, 11, 10, 10, 13, 13, 11, 12, 11, 10, 10, 13, 11, 12, 10, 10, 12, 13, 13, 10, 12, 13, 12, 12, 12, 13, 10, 11, 11, 10]]
Inventory holding cost per unit of each product by the end of each period h: 
[[5, 7, 9, 5, 7, 9, 5, 8, 8, 5, 7, 8, 9, 5, 9, 7, 9, 6, 9, 5, 9, 8, 5, 5, 9, 6, 7, 9, 6, 7], [5, 7, 8, 5, 7, 6, 6, 6, 9, 5, 7, 7, 5, 8, 8, 7, 6, 6, 5, 5, 8, 8, 6, 6, 5, 9, 5, 6, 5, 7], [7, 9, 9, 6, 8, 6, 7, 9, 7, 8, 7, 7, 6, 8, 7, 6, 8, 8, 9, 9, 6, 7, 5, 8, 5, 7, 7, 9, 6, 5], [9, 9, 6, 7, 5, 8, 5, 5, 6, 8, 8, 5, 8, 9, 8, 5, 9, 7, 6, 6, 8, 6, 7, 8, 7, 6, 6, 9, 6, 9], [8, 6, 6, 9, 6, 7, 6, 5, 7, 6, 9, 8, 6, 8, 7, 5, 7, 6, 9, 8, 5, 9, 8, 7, 9, 6, 8, 6, 6, 9], [5, 9, 8, 7, 5, 9, 7, 6, 7, 6, 9, 6, 9, 7, 8, 8, 8, 9, 7, 8, 8, 7, 9, 7, 7, 9, 7, 5, 9, 6], [9, 8, 8, 8, 6, 7, 8, 9, 8, 6, 8, 8, 9, 6, 6, 6, 7, 8, 8, 9, 6, 9, 5, 8, 5, 5, 6, 5, 5, 7], [9, 6, 8, 7, 5, 9, 7, 6, 7, 7, 7, 6, 9, 6, 8, 9, 5, 7, 6, 9, 9, 5, 9, 7, 9, 9, 7, 5, 6, 5], [7, 7, 6, 7, 8, 6, 8, 8, 5, 8, 9, 8, 6, 7, 9, 7, 9, 5, 8, 9, 6, 6, 7, 5, 8, 5, 7, 8, 9, 7], [5, 5, 5, 5, 6, 7, 8, 8, 8, 6, 5, 7, 5, 8, 7, 6, 9, 7, 6, 6, 6, 8, 6, 5, 7, 9, 8, 8, 5, 6], [7, 6, 9, 8, 9, 9, 5, 5, 8, 7, 7, 7, 5, 6, 8, 9, 8, 7, 5, 9, 6, 9, 5, 6, 9, 5, 5, 7, 8, 9], [8, 5, 9, 6, 7, 5, 8, 6, 5, 6, 7, 7, 7, 7, 7, 8, 7, 6, 6, 5, 5, 6, 9, 8, 9, 8, 8, 9, 5, 7], [5, 8, 5, 8, 7, 5, 8, 8, 6, 7, 7, 5, 7, 9, 9, 5, 5, 8, 6, 7, 5, 7, 8, 9, 5, 5, 9, 6, 8, 8], [8, 9, 8, 6, 6, 5, 6, 5, 6, 6, 6, 5, 8, 8, 6, 6, 9, 9, 6, 9, 6, 5, 9, 6, 6, 7, 7, 7, 9, 9], [6, 9, 5, 7, 5, 7, 8, 8, 7, 5, 9, 6, 5, 5, 7, 6, 7, 8, 9, 7, 7, 6, 6, 8, 5, 5, 7, 9, 9, 9], [9, 5, 8, 7, 9, 9, 7, 6, 9, 8, 9, 7, 8, 9, 7, 5, 6, 8, 8, 8, 9, 9, 8, 7, 9, 7, 9, 5, 8, 6], [7, 8, 6, 7, 8, 9, 7, 9, 8, 9, 5, 9, 8, 6, 7, 7, 6, 6, 7, 9, 8, 9, 7, 9, 7, 5, 7, 8, 7, 7], [7, 8, 8, 5, 7, 7, 7, 6, 7, 7, 5, 9, 8, 5, 9, 8, 7, 6, 8, 8, 5, 5, 5, 6, 5, 9, 9, 7, 5, 5], [5, 9, 8, 6, 7, 7, 6, 8, 5, 6, 5, 7, 9, 6, 5, 9, 5, 8, 6, 5, 9, 7, 5, 7, 7, 9, 7, 8, 5, 7], [9, 8, 5, 6, 7, 6, 8, 6, 6, 7, 9, 9, 8, 6, 8, 5, 8, 8, 5, 8, 9, 7, 5, 6, 8, 9, 7, 5, 8, 7], [8, 9, 6, 7, 7, 7, 9, 7, 5, 8, 6, 9, 6, 6, 9, 5, 9, 9, 9, 6, 7, 6, 6, 6, 8, 5, 5, 7, 6, 6], [8, 6, 9, 5, 9, 9, 7, 9, 7, 9, 6, 5, 9, 7, 9, 7, 5, 9, 8, 7, 9, 9, 7, 6, 8, 8, 7, 7, 8, 7], [8, 9, 8, 8, 5, 8, 8, 8, 8, 6, 5, 9, 9, 5, 6, 6, 6, 7, 9, 7, 7, 9, 6, 5, 9, 5, 7, 7, 6, 6], [8, 6, 9, 9, 8, 7, 9, 9, 7, 7, 5, 7, 5, 8, 5, 6, 8, 9, 7, 8, 9, 7, 7, 7, 8, 8, 9, 9, 6, 6], [5, 9, 6, 5, 7, 5, 5, 5, 7, 6, 6, 8, 7, 7, 7, 8, 6, 9, 7, 6, 9, 6, 5, 9, 9, 8, 5, 9, 8, 8], [5, 7, 7, 6, 7, 9, 6, 6, 9, 7, 5, 8, 5, 6, 5, 5, 9, 6, 9, 7, 7, 5, 8, 6, 5, 5, 5, 9, 8, 8], [8, 9, 6, 6, 7, 5, 8, 6, 9, 5, 9, 9, 8, 9, 8, 5, 8, 6, 6, 8, 5, 7, 5, 9, 6, 9, 5, 9, 8, 5], [6, 6, 5, 7, 9, 6, 6, 7, 6, 6, 9, 7, 9, 8, 9, 8, 8, 8, 9, 8, 5, 5, 5, 7, 5, 8, 7, 9, 8, 9], [8, 6, 6, 8, 8, 8, 5, 9, 5, 6, 7, 6, 9, 8, 6, 9, 9, 8, 7, 5, 6, 6, 8, 5, 7, 7, 5, 6, 7, 6], [9, 9, 6, 6, 9, 9, 5, 8, 8, 6, 7, 7, 6, 5, 6, 5, 7, 9, 8, 5, 9, 8, 7, 7, 8, 5, 6, 8, 5, 6], [9, 5, 8, 8, 7, 6, 9, 9, 9, 8, 7, 6, 7, 7, 7, 8, 8, 6, 8, 9, 6, 8, 6, 6, 6, 7, 6, 5, 8, 5], [7, 9, 8, 5, 9, 6, 8, 9, 7, 9, 5, 6, 6, 9, 6, 8, 8, 5, 8, 5, 9, 8, 7, 9, 5, 6, 6, 6, 9, 9], [7, 7, 5, 7, 9, 6, 9, 6, 5, 8, 9, 6, 6, 5, 5, 6, 6, 5, 8, 7, 5, 5, 5, 6, 5, 8, 6, 7, 6, 8], [6, 5, 9, 7, 7, 8, 6, 8, 9, 9, 6, 7, 8, 6, 5, 6, 5, 7, 6, 9, 9, 6, 5, 8, 9, 9, 6, 8, 8, 9], [5, 9, 7, 5, 9, 9, 7, 8, 8, 7, 8, 9, 5, 6, 9, 6, 9, 5, 7, 7, 6, 6, 9, 6, 5, 8, 6, 7, 8, 6], [7, 9, 5, 8, 7, 5, 8, 8, 6, 5, 6, 7, 8, 6, 8, 9, 5, 8, 8, 8, 8, 7, 7, 8, 9, 7, 6, 6, 9, 7], [7, 6, 5, 9, 5, 6, 5, 6, 7, 5, 7, 6, 8, 8, 9, 8, 8, 6, 5, 6, 5, 9, 9, 5, 6, 7, 6, 6, 5, 6], [9, 8, 9, 8, 6, 8, 7, 8, 9, 8, 9, 9, 7, 9, 8, 9, 5, 6, 5, 5, 6, 8, 5, 7, 5, 5, 6, 7, 6, 9], [7, 6, 8, 8, 6, 7, 9, 9, 9, 5, 9, 9, 9, 7, 7, 8, 7, 8, 9, 5, 6, 5, 7, 6, 9, 6, 6, 9, 7, 8], [9, 7, 6, 6, 5, 8, 9, 7, 5, 7, 6, 6, 8, 8, 7, 6, 6, 6, 8, 5, 7, 6, 5, 6, 6, 6, 7, 7, 6, 8]]
Demand for each product in each period d: 
[[34, 28, 8, 43, 29, 25, 20, 33, 46, 24, 13, 7, 35, 48, 44, 0, 22, 40, 7, 10, 29, 11, 27, 12, 44, 41, 44, 0, 40, 0], [31, 11, 29, 12, 47, 39, 28, 43, 14, 29, 9, 30, 30, 27, 45, 33, 26, 31, 47, 33, 37, 19, 24, 49, 17, 30, 0, 30, 44, 46], [20, 25, 30, 0, 16, 27, 15, 7, 7, 22, 10, 44, 20, 10, 44, 33, 47, 14, 44, 9, 26, 32, 26, 47, 0, 49, 4, 45, 7, 3], [0, 3, 26, 22, 3, 8, 46, 21, 1, 32, 13, 47, 31, 45, 42, 44, 45, 25, 36, 38, 13, 48, 17, 34, 5, 35, 13, 5, 39, 31], [1, 34, 41, 16, 3, 26, 14, 45, 1, 31, 39, 47, 38, 3, 0, 5, 3, 7, 21, 13, 3, 45, 14, 4, 12, 46, 6, 35, 8, 46], [36, 8, 0, 45, 0, 40, 30, 8, 47, 45, 47, 9, 6, 1, 5, 0, 26, 26, 45, 32, 10, 26, 7, 21, 29, 9, 30, 19, 35, 19], [4, 23, 10, 38, 3, 21, 22, 8, 14, 12, 13, 30, 42, 42, 48, 45, 6, 31, 40, 27, 38, 32, 48, 28, 17, 31, 0, 28, 14, 19], [3, 7, 24, 19, 30, 6, 47, 22, 46, 31, 40, 13, 41, 47, 47, 19, 45, 1, 1, 21, 31, 0, 9, 28, 36, 26, 6, 27, 45, 10], [9, 5, 23, 4, 36, 31, 42, 8, 40, 26, 0, 15, 43, 3, 34, 4, 1, 18, 3, 41, 0, 42, 14, 16, 29, 31, 11, 44, 36, 22], [40, 46, 28, 42, 15, 3, 25, 34, 13, 30, 5, 33, 42, 35, 14, 30, 6, 2, 9, 0, 29, 49, 11, 7, 21, 39, 17, 44, 1, 30], [20, 4, 0, 49, 10, 2, 13, 42, 46, 42, 26, 20, 16, 30, 49, 37, 2, 48, 24, 14, 8, 48, 33, 37, 27, 35, 5, 25, 5, 48], [8, 43, 5, 0, 7, 7, 41, 30, 36, 0, 7, 15, 8, 26, 21, 30, 1, 31, 42, 10, 42, 34, 9, 10, 17, 19, 38, 34, 23, 49], [19, 1, 14, 6, 4, 5, 20, 37, 6, 42, 11, 13, 15, 42, 17, 30, 42, 8, 15, 35, 44, 49, 16, 6, 0, 48, 2, 17, 29, 22], [2, 32, 10, 23, 29, 22, 42, 11, 36, 17, 36, 28, 12, 25, 1, 49, 17, 40, 10, 21, 34, 7, 43, 29, 0, 5, 45, 24, 8, 26], [39, 41, 34, 34, 30, 29, 43, 13, 25, 11, 13, 48, 42, 24, 17, 26, 32, 25, 22, 0, 35, 46, 45, 23, 27, 49, 48, 35, 11, 24], [21, 15, 41, 22, 35, 0, 34, 16, 25, 26, 36, 45, 14, 24, 19, 19, 15, 37, 26, 7, 4, 1, 25, 3, 3, 31, 6, 49, 42, 37], [8, 1, 11, 45, 10, 47, 14, 12, 33, 35, 31, 16, 22, 2, 4, 8, 9, 13, 6, 19, 12, 33, 25, 47, 46, 37, 18, 18, 1, 12], [13, 41, 31, 43, 18, 30, 19, 30, 3, 17, 13, 29, 35, 24, 44, 46, 19, 16, 4, 34, 46, 1, 49, 3, 6, 37, 45, 17, 49, 7], [26, 15, 1, 42, 19, 40, 45, 44, 1, 47, 2, 1, 13, 43, 0, 43, 26, 3, 32, 8, 34, 32, 12, 12, 39, 38, 7, 13, 19, 42], [26, 10, 40, 20, 45, 44, 49, 28, 32, 37, 32, 40, 41, 0, 18, 14, 8, 39, 0, 5, 13, 13, 25, 17, 2, 24, 14, 48, 29, 43], [0, 3, 13, 1, 22, 40, 1, 6, 44, 3, 43, 21, 40, 0, 24, 38, 48, 39, 6, 48, 7, 48, 8, 38, 12, 38, 43, 3, 30, 49], [47, 9, 17, 11, 1, 6, 0, 21, 45, 27, 23, 11, 28, 18, 43, 34, 30, 4, 3, 40, 24, 31, 47, 7, 4, 14, 36, 1, 0, 29], [25, 34, 36, 12, 23, 42, 0, 0, 46, 20, 3, 0, 34, 39, 6, 22, 43, 14, 2, 44, 7, 43, 38, 10, 46, 13, 7, 9, 14, 45], [45, 0, 41, 3, 1, 0, 41, 26, 12, 5, 40, 15, 23, 33, 32, 33, 20, 13, 18, 33, 30, 9, 17, 12, 44, 1, 2, 14, 9, 31], [42, 30, 38, 6, 5, 10, 21, 47, 5, 5, 40, 11, 26, 38, 26, 29, 11, 2, 24, 19, 0, 36, 16, 33, 43, 44, 39, 3, 10, 27], [46, 37, 36, 29, 35, 46, 33, 0, 49, 26, 29, 11, 2, 6, 6, 25, 30, 42, 15, 22, 2, 38, 34, 49, 39, 40, 6, 44, 33, 7], [46, 0, 40, 10, 8, 38, 3, 23, 17, 25, 7, 17, 29, 0, 0, 11, 8, 31, 30, 47, 48, 40, 46, 19, 34, 29, 31, 13, 12, 45], [4, 41, 49, 1, 27, 9, 17, 11, 29, 29, 4, 33, 26, 0, 12, 48, 44, 47, 21, 7, 36, 39, 23, 4, 5, 43, 8, 33, 29, 0], [44, 40, 29, 11, 23, 36, 15, 47, 0, 8, 36, 27, 23, 0, 21, 0, 21, 18, 39, 31, 0, 4, 22, 15, 48, 21, 47, 27, 0, 15], [16, 16, 45, 28, 1, 14, 12, 42, 0, 16, 0, 39, 0, 24, 49, 0, 10, 0, 24, 26, 20, 22, 0, 6, 22, 29, 47, 39, 44, 22], [28, 0, 36, 41, 3, 13, 3, 5, 18, 32, 22, 0, 41, 32, 45, 44, 8, 33, 25, 46, 21, 20, 24, 48, 28, 49, 35, 32, 49, 45], [25, 0, 0, 41, 0, 12, 18, 19, 38, 30, 1, 10, 6, 33, 16, 8, 20, 35, 11, 38, 45, 30, 8, 32, 24, 5, 4, 40, 15, 0], [1, 45, 0, 15, 11, 33, 25, 26, 37, 48, 34, 8, 17, 34, 28, 45, 48, 39, 33, 34, 0, 13, 11, 3, 21, 20, 36, 6, 28, 5], [41, 0, 41, 17, 47, 19, 39, 16, 49, 24, 27, 46, 40, 48, 6, 38, 33, 19, 29, 49, 7, 34, 16, 1, 26, 33, 40, 16, 19, 15], [26, 38, 4, 46, 35, 41, 13, 48, 0, 19, 48, 20, 0, 27, 49, 8, 2, 8, 44, 0, 38, 43, 35, 24, 9, 0, 3, 12, 17, 33], [11, 13, 0, 26, 22, 48, 20, 5, 11, 39, 35, 15, 25, 40, 12, 34, 36, 2, 3, 0, 38, 15, 36, 6, 0, 5, 23, 35, 29, 26], [28, 0, 9, 8, 44, 27, 0, 1, 22, 31, 38, 28, 8, 42, 34, 47, 23, 7, 43, 45, 19, 27, 24, 29, 11, 19, 7, 19, 5, 40], [31, 6, 40, 25, 37, 4, 7, 35, 38, 16, 47, 45, 49, 38, 49, 45, 12, 37, 0, 19, 10, 33, 0, 0, 22, 48, 40, 9, 40, 40], [2, 32, 24, 1, 28, 49, 0, 41, 40, 0, 17, 38, 43, 4, 28, 0, 39, 39, 29, 12, 36, 3, 0, 32, 30, 31, 23, 33, 38, 42], [3, 12, 42, 43, 28, 35, 27, 17, 20, 7, 38, 14, 24, 34, 4, 1, 35, 25, 37, 0, 0, 29, 38, 11, 26, 10, 29, 39, 11, 24]]
Maintenance cost in each period m: 
[45798, 45010, 46907, 43797, 43862, 46631, 46219, 44551, 43720, 44866, 43523, 46838, 45940, 44145, 46203, 46793, 44361, 44002, 44608, 44831, 43840, 46211, 44108, 45938, 46073, 43108, 44796, 45878, 44575, 46053]
Maximum capacity of the machine cmax: 
1920