Set of periods in the planning horizon T: 
35
Set of products P: 
55
Capacity reduction coefficient alpha: 
0.8
Relative decrease of capacity per set up gamma: 
0.22
Capacity reduction coefficient due to product types beta: 
[0.33, 0.37, 0.37, 0.31, 0.3, 0.31, 0.28, 0.34, 0.3, 0.26, 0.33, 0.24, 0.3, 0.26, 0.3, 0.36, 0.28, 0.31, 0.29, 0.23, 0.27, 0.32, 0.37, 0.39, 0.34, 0.28, 0.21, 0.39, 0.36, 0.21, 0.26, 0.24, 0.21, 0.31, 0.33, 0.3, 0.28, 0.31, 0.31, 0.24, 0.24, 0.35, 0.27, 0.34, 0.24, 0.37, 0.28, 0.36, 0.37, 0.37, 0.31, 0.4, 0.23, 0.26, 0.3]
Fixed production cost of each product in each period f: 
[[793, 903, 689, 787, 911, 524, 821, 616, 647, 688, 881, 656, 595, 568, 960, 934, 886, 522, 893, 836, 963, 796, 973, 960, 571, 825, 633, 857, 909, 603, 567, 938, 533, 664, 733], [929, 513, 650, 620, 761, 908, 694, 685, 694, 824, 520, 870, 782, 903, 705, 722, 536, 730, 933, 729, 869, 970, 563, 977, 578, 817, 542, 616, 583, 780, 927, 674, 550, 569, 565], [967, 997, 689, 942, 602, 535, 855, 668, 817, 726, 828, 902, 921, 921, 735, 553, 502, 579, 861, 924, 673, 509, 526, 530, 651, 864, 963, 834, 817, 863, 828, 906, 549, 625, 789], [903, 916, 749, 510, 693, 618, 848, 892, 662, 529, 911, 823, 811, 858, 961, 961, 724, 977, 967, 534, 958, 650, 707, 822, 683, 604, 648, 508, 536, 651, 969, 689, 649, 692, 990], [540, 743, 940, 906, 725, 896, 519, 845, 821, 549, 760, 773, 686, 900, 501, 785, 895, 536, 804, 537, 543, 878, 874, 753, 607, 663, 825, 975, 846, 886, 685, 501, 935, 621, 794], [989, 996, 672, 702, 843, 818, 658, 827, 634, 595, 636, 524, 802, 876, 801, 946, 512, 769, 669, 803, 690, 845, 996, 701, 889, 976, 510, 670, 813, 948, 894, 738, 896, 911, 811], [877, 725, 977, 535, 769, 731, 773, 859, 535, 964, 781, 860, 718, 790, 551, 652, 565, 667, 719, 529, 829, 952, 508, 890, 953, 753, 620, 620, 901, 580, 613, 778, 934, 785, 991], [992, 764, 840, 874, 647, 566, 504, 687, 982, 945, 709, 793, 666, 603, 695, 967, 886, 703, 811, 834, 833, 818, 616, 887, 936, 901, 871, 708, 977, 881, 647, 847, 510, 941, 795], [651, 830, 563, 754, 759, 631, 547, 784, 916, 524, 588, 836, 597, 575, 584, 554, 647, 643, 889, 512, 733, 760, 773, 837, 615, 947, 667, 748, 610, 602, 640, 916, 991, 768, 719], [732, 892, 555, 565, 831, 803, 599, 617, 651, 708, 766, 562, 560, 938, 657, 545, 617, 959, 996, 518, 616, 787, 875, 928, 771, 525, 962, 659, 884, 558, 848, 780, 947, 714, 982], [562, 601, 511, 684, 975, 779, 904, 769, 840, 578, 696, 582, 737, 779, 984, 946, 760, 989, 607, 584, 632, 917, 696, 522, 942, 886, 717, 932, 709, 981, 640, 763, 712, 561, 678], [746, 684, 633, 953, 642, 960, 567, 550, 721, 510, 922, 837, 518, 819, 636, 988, 944, 795, 866, 721, 795, 843, 761, 701, 920, 656, 644, 614, 604, 759, 681, 996, 789, 685, 845], [517, 532, 569, 725, 845, 588, 653, 615, 622, 981, 962, 835, 640, 861, 913, 521, 726, 930, 857, 801, 874, 764, 931, 752, 649, 543, 664, 593, 764, 785, 783, 710, 655, 590, 987], [622, 656, 614, 843, 782, 861, 661, 732, 688, 985, 753, 858, 950, 947, 931, 873, 570, 990, 985, 970, 734, 695, 509, 560, 700, 739, 620, 851, 503, 979, 896, 932, 867, 550, 983], [718, 682, 930, 931, 611, 645, 531, 874, 533, 789, 526, 819, 616, 709, 747, 743, 774, 677, 954, 619, 808, 928, 517, 636, 737, 894, 601, 848, 930, 893, 849, 994, 583, 760, 500], [633, 652, 878, 937, 864, 512, 619, 789, 592, 833, 635, 528, 975, 940, 694, 921, 508, 861, 942, 941, 869, 962, 893, 981, 643, 765, 973, 589, 687, 606, 526, 873, 819, 639, 699], [776, 624, 812, 884, 782, 886, 669, 583, 741, 533, 537, 727, 839, 805, 575, 858, 643, 550, 517, 744, 614, 766, 524, 860, 975, 778, 654, 589, 658, 753, 990, 513, 671, 888, 914], [607, 783, 543, 797, 777, 683, 536, 823, 711, 525, 809, 931, 915, 858, 522, 764, 620, 944, 831, 929, 576, 500, 609, 648, 864, 581, 913, 662, 949, 530, 512, 507, 552, 697, 726], [856, 664, 796, 547, 624, 569, 895, 522, 514, 679, 961, 736, 523, 652, 684, 832, 850, 975, 747, 981, 964, 735, 799, 722, 566, 837, 886, 657, 770, 909, 810, 678, 801, 537, 638], [983, 650, 762, 853, 520, 584, 795, 699, 911, 846, 992, 619, 985, 536, 617, 771, 919, 907, 562, 612, 592, 555, 697, 729, 778, 705, 552, 516, 732, 820, 814, 608, 949, 992, 976], [870, 857, 906, 596, 734, 899, 596, 809, 888, 567, 918, 614, 705, 559, 673, 832, 726, 649, 671, 727, 526, 788, 651, 633, 696, 966, 836, 728, 883, 879, 505, 504, 686, 681, 669], [550, 920, 641, 503, 519, 900, 609, 967, 960, 663, 594, 548, 604, 501, 555, 825, 948, 793, 761, 955, 983, 723, 882, 839, 693, 570, 780, 535, 926, 662, 708, 599, 756, 734, 918], [503, 672, 918, 969, 503, 580, 634, 555, 966, 827, 874, 738, 699, 899, 592, 834, 582, 923, 646, 664, 784, 950, 561, 980, 738, 555, 805, 645, 693, 707, 668, 763, 672, 561, 884], [685, 632, 665, 658, 884, 980, 522, 758, 763, 709, 824, 868, 860, 611, 624, 771, 607, 730, 811, 669, 731, 816, 633, 603, 611, 869, 571, 842, 627, 858, 775, 720, 680, 792, 553], [626, 636, 929, 659, 617, 796, 728, 576, 899, 951, 571, 646, 693, 625, 787, 655, 728, 523, 846, 961, 980, 719, 615, 618, 799, 699, 803, 601, 897, 852, 669, 906, 858, 838, 550], [540, 674, 921, 773, 846, 841, 539, 856, 855, 733, 884, 630, 862, 595, 682, 575, 586, 690, 993, 804, 787, 642, 989, 583, 991, 728, 528, 888, 591, 968, 627, 779, 697, 833, 607], [877, 822, 706, 952, 557, 855, 977, 877, 721, 755, 543, 704, 847, 823, 540, 638, 522, 952, 557, 943, 513, 871, 911, 777, 688, 958, 667, 659, 790, 680, 834, 981, 581, 536, 796], [518, 990, 558, 576, 768, 654, 924, 941, 591, 667, 657, 945, 509, 701, 965, 771, 744, 807, 826, 709, 527, 760, 698, 751, 701, 665, 865, 878, 566, 728, 982, 655, 775, 868, 618], [689, 659, 971, 867, 818, 830, 976, 690, 506, 583, 715, 710, 965, 741, 849, 879, 568, 656, 877, 567, 955, 902, 567, 747, 700, 742, 574, 946, 877, 706, 692, 756, 757, 750, 980], [793, 715, 748, 960, 704, 674, 548, 585, 954, 514, 533, 955, 734, 722, 567, 980, 705, 660, 838, 898, 742, 996, 884, 629, 742, 762, 656, 667, 794, 600, 786, 905, 653, 951, 849], [899, 634, 667, 546, 511, 894, 706, 733, 826, 686, 905, 578, 785, 571, 996, 538, 545, 903, 737, 592, 838, 779, 801, 897, 726, 598, 794, 797, 959, 700, 935, 589, 520, 783, 828], [747, 586, 657, 775, 664, 939, 920, 807, 743, 973, 651, 749, 985, 913, 888, 603, 548, 763, 843, 600, 758, 916, 795, 964, 825, 971, 634, 642, 745, 576, 703, 783, 693, 893, 675], [649, 997, 842, 580, 959, 856, 926, 610, 594, 961, 590, 739, 637, 544, 988, 803, 890, 875, 901, 890, 542, 867, 811, 804, 672, 983, 938, 659, 912, 908, 941, 502, 505, 697, 527], [573, 664, 664, 626, 716, 842, 722, 712, 921, 951, 900, 507, 625, 857, 589, 566, 609, 973, 742, 635, 871, 870, 651, 701, 729, 936, 852, 890, 886, 532, 993, 643, 904, 677, 839], [986, 616, 977, 703, 714, 580, 826, 601, 817, 617, 866, 759, 692, 610, 888, 918, 972, 566, 982, 658, 840, 538, 737, 961, 611, 579, 812, 743, 524, 766, 948, 852, 558, 559, 776], [759, 597, 570, 647, 873, 877, 727, 971, 543, 520, 786, 833, 686, 810, 887, 737, 987, 920, 961, 624, 933, 681, 882, 726, 790, 875, 922, 646, 856, 966, 555, 927, 680, 512, 903], [704, 706, 657, 981, 824, 706, 595, 508, 599, 600, 783, 750, 931, 810, 535, 613, 666, 954, 978, 533, 741, 819, 977, 508, 533, 713, 984, 951, 581, 515, 572, 574, 673, 853, 797], [998, 983, 675, 699, 859, 678, 972, 792, 652, 825, 805, 674, 831, 930, 672, 675, 815, 708, 781, 965, 735, 771, 778, 530, 571, 581, 843, 871, 561, 572, 756, 525, 626, 763, 523], [856, 590, 868, 703, 885, 837, 989, 630, 626, 609, 596, 693, 779, 549, 627, 513, 880, 927, 781, 554, 990, 985, 776, 644, 969, 821, 920, 697, 589, 819, 986, 888, 562, 691, 741], [774, 853, 698, 617, 896, 725, 998, 620, 521, 549, 532, 593, 907, 812, 643, 851, 889, 859, 524, 781, 974, 752, 632, 868, 915, 876, 965, 714, 789, 902, 898, 648, 808, 905, 668], [596, 817, 738, 945, 594, 807, 996, 981, 757, 969, 894, 688, 882, 920, 938, 790, 990, 607, 666, 932, 931, 756, 510, 579, 845, 652, 734, 665, 707, 804, 946, 752, 672, 992, 538], [980, 622, 763, 626, 880, 801, 732, 768, 989, 745, 867, 695, 902, 788, 517, 532, 619, 715, 625, 955, 808, 936, 733, 756, 804, 744, 513, 586, 597, 900, 674, 654, 643, 749, 507], [871, 922, 758, 938, 991, 562, 600, 598, 506, 622, 997, 818, 515, 830, 802, 719, 997, 636, 880, 998, 761, 703, 951, 952, 517, 668, 795, 989, 747, 673, 850, 714, 545, 967, 528], [962, 864, 936, 743, 804, 810, 797, 971, 831, 999, 959, 975, 675, 760, 701, 905, 615, 676, 872, 555, 700, 674, 675, 686, 700, 515, 692, 764, 872, 691, 833, 681, 750, 659, 709], [968, 694, 906, 710, 745, 544, 594, 576, 732, 818, 651, 702, 859, 664, 682, 966, 586, 810, 929, 667, 767, 943, 882, 699, 552, 835, 973, 646, 673, 686, 569, 978, 959, 890, 590], [947, 963, 928, 535, 703, 757, 881, 918, 984, 994, 533, 783, 538, 826, 790, 699, 603, 840, 815, 724, 591, 999, 909, 501, 605, 716, 635, 680, 607, 893, 690, 560, 746, 594, 846], [584, 537, 735, 663, 807, 730, 545, 607, 898, 541, 914, 867, 945, 759, 501, 685, 944, 591, 548, 912, 724, 568, 831, 580, 954, 989, 591, 966, 778, 964, 950, 888, 998, 528, 649], [531, 826, 696, 577, 790, 601, 941, 980, 591, 761, 670, 968, 952, 806, 991, 769, 873, 727, 719, 748, 616, 638, 646, 597, 518, 771, 944, 550, 591, 899, 657, 800, 503, 690, 530], [643, 960, 924, 853, 683, 520, 686, 989, 973, 904, 655, 698, 764, 826, 503, 944, 831, 934, 872, 569, 627, 581, 728, 701, 506, 528, 669, 508, 586, 865, 879, 503, 778, 847, 609], [730, 965, 972, 654, 895, 835, 901, 636, 676, 941, 755, 523, 528, 908, 990, 798, 992, 839, 909, 604, 911, 510, 606, 672, 877, 916, 590, 624, 830, 903, 583, 879, 893, 967, 844], [798, 823, 971, 548, 856, 937, 874, 872, 587, 638, 742, 672, 543, 658, 699, 783, 551, 882, 543, 549, 506, 940, 622, 851, 947, 554, 751, 517, 641, 870, 574, 951, 991, 675, 705], [770, 523, 624, 865, 670, 777, 682, 960, 613, 999, 973, 718, 995, 972, 758, 875, 924, 925, 890, 999, 579, 761, 973, 680, 832, 801, 691, 916, 711, 730, 773, 678, 564, 587, 877], [626, 558, 984, 679, 860, 529, 736, 865, 509, 782, 829, 682, 861, 880, 729, 829, 791, 701, 950, 632, 669, 730, 845, 618, 791, 571, 711, 781, 909, 510, 939, 949, 887, 702, 761], [839, 659, 558, 799, 976, 718, 867, 780, 512, 845, 635, 767, 705, 909, 833, 778, 673, 851, 899, 925, 882, 513, 559, 549, 764, 644, 560, 857, 997, 580, 706, 595, 740, 512, 742], [514, 999, 760, 987, 968, 731, 902, 537, 542, 917, 884, 921, 507, 852, 967, 947, 503, 897, 586, 610, 853, 699, 918, 818, 966, 561, 699, 530, 642, 886, 957, 513, 743, 792, 939]]
Variable production cost per unit of each product in each period p: 
[[13, 10, 13, 13, 11, 12, 11, 11, 12, 11, 10, 10, 11, 12, 13, 10, 12, 11, 12, 13, 12, 10, 12, 10, 12, 12, 12, 12, 12, 10, 12, 10, 10, 12, 13], [11, 12, 11, 13, 12, 11, 12, 10, 11, 11, 13, 11, 11, 13, 11, 13, 10, 11, 12, 12, 12, 10, 10, 13, 12, 12, 11, 11, 10, 12, 13, 12, 10, 11, 12], [10, 10, 11, 13, 11, 11, 13, 11, 13, 12, 10, 13, 13, 13, 12, 11, 12, 11, 12, 10, 12, 13, 10, 10, 10, 11, 11, 12, 10, 12, 11, 12, 13, 12, 10], [10, 13, 12, 11, 13, 12, 11, 10, 13, 12, 11, 12, 10, 12, 11, 13, 13, 12, 13, 11, 10, 12, 12, 12, 13, 10, 13, 11, 11, 10, 12, 12, 13, 13, 11], [10, 13, 12, 12, 12, 13, 13, 13, 13, 13, 12, 11, 13, 12, 13, 12, 10, 10, 13, 11, 12, 13, 12, 12, 11, 13, 11, 11, 10, 12, 11, 12, 12, 10, 11], [13, 13, 13, 11, 13, 12, 11, 12, 11, 11, 10, 11, 10, 10, 11, 12, 12, 11, 12, 10, 10, 10, 11, 12, 10, 11, 10, 12, 10, 13, 12, 11, 13, 12, 13], [13, 11, 12, 13, 10, 13, 12, 11, 10, 13, 11, 13, 11, 10, 10, 12, 13, 11, 13, 11, 10, 11, 11, 10, 13, 13, 10, 11, 11, 12, 10, 12, 11, 13, 10], [10, 13, 13, 12, 13, 11, 12, 13, 11, 13, 11, 12, 12, 11, 13, 10, 11, 13, 13, 11, 10, 12, 12, 12, 13, 10, 11, 11, 10, 12, 11, 13, 10, 13, 10], [10, 12, 11, 11, 13, 11, 11, 12, 13, 12, 12, 10, 11, 11, 11, 12, 13, 10, 10, 11, 10, 12, 13, 12, 11, 12, 13, 13, 12, 12, 11, 10, 10, 11, 12], [12, 12, 11, 13, 10, 10, 11, 13, 10, 13, 10, 13, 12, 12, 10, 12, 12, 12, 12, 12, 10, 12, 11, 11, 11, 11, 10, 10, 12, 10, 10, 11, 10, 11, 10], [12, 10, 13, 10, 10, 11, 11, 10, 11, 13, 11, 12, 11, 13, 11, 10, 10, 12, 13, 10, 13, 13, 10, 13, 13, 12, 10, 10, 12, 12, 12, 13, 11, 10, 10], [12, 10, 10, 13, 12, 13, 10, 11, 13, 13, 13, 13, 13, 11, 11, 11, 10, 10, 11, 13, 12, 11, 13, 12, 11, 12, 13, 11, 11, 13, 11, 11, 13, 10, 11], [11, 10, 13, 10, 13, 11, 11, 11, 10, 12, 11, 13, 11, 13, 10, 10, 10, 13, 12, 12, 11, 13, 12, 12, 13, 10, 11, 13, 12, 12, 12, 10, 10, 10, 12], [13, 10, 13, 11, 10, 12, 10, 11, 12, 12, 12, 11, 13, 13, 13, 13, 10, 10, 13, 10, 12, 12, 12, 13, 12, 10, 12, 10, 11, 13, 12, 12, 13, 12, 12], [10, 13, 13, 10, 12, 12, 13, 13, 12, 13, 11, 12, 10, 12, 11, 10, 12, 13, 11, 10, 13, 13, 13, 13, 13, 13, 13, 10, 12, 10, 11, 11, 10, 13, 10], [12, 13, 10, 11, 13, 13, 12, 12, 11, 13, 13, 12, 10, 11, 10, 12, 12, 12, 13, 11, 11, 12, 10, 10, 13, 13, 11, 11, 10, 10, 11, 13, 12, 11, 11], [11, 13, 13, 10, 13, 11, 12, 12, 11, 10, 11, 11, 10, 12, 12, 13, 10, 13, 10, 12, 13, 13, 11, 11, 11, 13, 13, 11, 13, 10, 12, 12, 10, 13, 11], [10, 12, 13, 13, 11, 13, 13, 10, 12, 12, 12, 13, 13, 13, 10, 10, 11, 12, 10, 12, 11, 13, 13, 11, 12, 12, 11, 10, 12, 11, 12, 10, 13, 10, 13], [10, 13, 11, 12, 11, 10, 11, 13, 13, 12, 12, 12, 10, 10, 10, 10, 13, 10, 13, 10, 11, 13, 10, 12, 10, 11, 12, 12, 11, 13, 11, 13, 10, 12, 11], [11, 12, 13, 13, 11, 12, 12, 10, 10, 13, 12, 13, 11, 13, 12, 10, 12, 13, 13, 12, 10, 11, 12, 11, 10, 12, 10, 13, 12, 11, 10, 13, 13, 10, 12], [11, 12, 11, 12, 13, 12, 11, 10, 12, 12, 13, 11, 11, 11, 13, 10, 10, 11, 12, 10, 12, 10, 12, 10, 10, 10, 13, 13, 12, 12, 13, 12, 10, 13, 11], [12, 12, 10, 13, 10, 11, 11, 11, 13, 12, 10, 10, 11, 12, 12, 12, 12, 11, 12, 12, 11, 12, 11, 10, 11, 10, 13, 12, 12, 13, 10, 11, 13, 12, 10], [11, 11, 10, 10, 11, 10, 12, 12, 13, 13, 13, 10, 12, 11, 11, 10, 13, 11, 12, 13, 10, 10, 11, 10, 11, 12, 11, 11, 12, 10, 12, 11, 12, 10, 12], [11, 12, 11, 10, 10, 11, 10, 10, 12, 12, 13, 13, 11, 12, 13, 11, 13, 10, 11, 13, 10, 11, 11, 12, 12, 12, 12, 13, 11, 11, 13, 13, 12, 12, 13], [13, 12, 13, 12, 11, 13, 13, 11, 13, 13, 13, 11, 10, 12, 13, 12, 11, 13, 13, 12, 10, 10, 11, 12, 12, 13, 13, 12, 11, 13, 10, 10, 12, 13, 13], [13, 10, 12, 11, 13, 10, 11, 13, 12, 13, 12, 12, 13, 11, 10, 12, 13, 11, 12, 13, 13, 13, 10, 11, 12, 11, 11, 10, 10, 11, 11, 11, 12, 10, 11], [13, 12, 11, 13, 10, 11, 10, 10, 11, 12, 12, 13, 10, 10, 12, 12, 10, 11, 11, 10, 12, 10, 10, 13, 11, 11, 12, 12, 13, 11, 13, 10, 10, 11, 12], [13, 10, 13, 11, 10, 10, 10, 10, 12, 11, 11, 11, 12, 12, 13, 10, 10, 11, 10, 12, 10, 11, 12, 11, 10, 13, 13, 10, 13, 13, 11, 10, 11, 10, 12], [11, 12, 10, 13, 12, 12, 13, 13, 13, 13, 13, 12, 13, 12, 11, 10, 12, 12, 11, 10, 10, 11, 12, 12, 10, 13, 10, 10, 10, 13, 11, 10, 12, 12, 13], [12, 13, 13, 10, 12, 10, 13, 10, 13, 12, 13, 10, 10, 13, 11, 10, 11, 12, 13, 12, 13, 13, 11, 13, 11, 11, 13, 10, 13, 11, 11, 13, 13, 10, 11], [11, 12, 13, 13, 11, 11, 12, 11, 12, 13, 12, 13, 10, 10, 10, 12, 13, 10, 13, 10, 11, 13, 11, 10, 13, 12, 10, 13, 13, 13, 11, 10, 11, 11, 13], [12, 13, 12, 11, 13, 13, 10, 10, 11, 12, 10, 11, 12, 13, 13, 13, 13, 10, 10, 10, 13, 10, 11, 12, 11, 10, 11, 11, 13, 12, 11, 13, 13, 12, 12], [13, 13, 13, 10, 10, 11, 13, 11, 13, 12, 11, 10, 11, 12, 11, 12, 12, 13, 12, 11, 13, 11, 10, 10, 10, 10, 13, 12, 11, 12, 11, 11, 10, 12, 12], [10, 13, 13, 10, 11, 11, 13, 11, 11, 11, 13, 10, 11, 12, 11, 11, 10, 11, 12, 10, 13, 12, 13, 12, 12, 13, 10, 11, 13, 12, 11, 10, 12, 10, 13], [13, 11, 10, 10, 13, 13, 11, 13, 12, 12, 10, 10, 13, 10, 11, 12, 12, 11, 11, 12, 10, 11, 10, 11, 11, 10, 10, 12, 11, 12, 10, 10, 11, 11, 11], [10, 11, 13, 12, 11, 12, 11, 11, 12, 12, 11, 12, 12, 10, 11, 10, 12, 12, 12, 12, 13, 11, 11, 12, 11, 13, 13, 12, 11, 10, 13, 11, 13, 11, 11], [12, 11, 12, 10, 13, 12, 12, 13, 10, 11, 12, 12, 11, 13, 10, 12, 13, 13, 10, 10, 10, 10, 12, 10, 12, 13, 11, 10, 11, 13, 12, 13, 11, 11, 10], [10, 11, 12, 13, 12, 11, 11, 11, 11, 13, 12, 12, 12, 11, 12, 12, 13, 10, 12, 10, 13, 11, 11, 12, 12, 11, 10, 10, 11, 11, 13, 12, 12, 10, 10], [12, 10, 11, 11, 11, 10, 11, 13, 10, 12, 10, 12, 13, 11, 11, 13, 12, 12, 13, 10, 10, 13, 12, 10, 11, 11, 12, 10, 13, 12, 11, 12, 12, 10, 10], [13, 10, 13, 10, 13, 11, 11, 10, 12, 13, 11, 10, 12, 10, 13, 11, 13, 13, 13, 13, 12, 11, 11, 12, 12, 13, 11, 13, 13, 12, 10, 13, 13, 13, 11], [13, 11, 10, 11, 12, 10, 11, 12, 10, 11, 11, 12, 12, 11, 11, 11, 13, 13, 10, 13, 10, 12, 11, 13, 12, 13, 11, 10, 10, 13, 10, 12, 12, 13, 10], [13, 12, 13, 13, 13, 11, 10, 13, 12, 11, 10, 12, 10, 10, 12, 10, 13, 13, 10, 12, 12, 13, 13, 11, 11, 12, 11, 10, 10, 10, 13, 10, 13, 10, 12], [10, 10, 12, 12, 11, 13, 13, 13, 11, 12, 11, 11, 10, 12, 11, 10, 12, 12, 10, 13, 12, 10, 10, 11, 10, 10, 12, 11, 11, 10, 13, 13, 10, 10, 13], [12, 12, 13, 10, 12, 13, 13, 10, 11, 12, 13, 10, 11, 13, 10, 13, 10, 13, 10, 11, 10, 11, 11, 13, 11, 12, 12, 11, 13, 10, 12, 12, 12, 13, 13], [13, 13, 12, 11, 13, 10, 13, 13, 10, 13, 12, 11, 10, 13, 13, 11, 13, 12, 11, 11, 10, 10, 13, 13, 11, 13, 12, 13, 11, 12, 11, 10, 12, 13, 11], [13, 13, 10, 10, 10, 10, 11, 11, 10, 12, 12, 11, 12, 10, 11, 12, 11, 10, 12, 10, 11, 11, 12, 11, 11, 11, 11, 11, 10, 12, 10, 13, 11, 11, 10], [11, 13, 10, 10, 13, 10, 13, 10, 13, 11, 11, 10, 13, 12, 10, 11, 13, 12, 13, 12, 11, 12, 12, 10, 10, 11, 11, 12, 11, 13, 12, 10, 12, 12, 12], [10, 12, 12, 12, 13, 10, 10, 12, 13, 12, 13, 10, 11, 13, 12, 12, 13, 12, 13, 12, 11, 13, 11, 12, 12, 13, 11, 11, 10, 12, 10, 10, 10, 10, 12], [13, 12, 10, 10, 11, 10, 10, 10, 11, 11, 12, 10, 12, 10, 11, 13, 11, 10, 13, 13, 12, 13, 12, 11, 11, 12, 12, 11, 10, 12, 10, 13, 12, 12, 12], [12, 11, 12, 12, 13, 12, 10, 11, 11, 12, 10, 13, 11, 10, 11, 10, 13, 13, 10, 13, 11, 10, 12, 11, 11, 11, 13, 11, 13, 13, 10, 11, 13, 10, 10], [10, 10, 10, 13, 10, 13, 13, 10, 10, 13, 11, 13, 10, 13, 12, 13, 12, 13, 10, 13, 10, 10, 11, 12, 11, 10, 13, 13, 10, 11, 13, 11, 11, 10, 13], [11, 12, 13, 10, 11, 12, 11, 13, 12, 11, 12, 10, 10, 11, 10, 10, 12, 13, 13, 11, 13, 11, 11, 11, 12, 12, 13, 11, 13, 12, 13, 11, 13, 13, 13], [11, 13, 12, 12, 13, 11, 11, 10, 13, 10, 13, 11, 12, 13, 10, 13, 13, 13, 13, 11, 13, 11, 12, 12, 11, 12, 13, 11, 12, 12, 12, 12, 13, 10, 10], [12, 11, 13, 12, 10, 10, 12, 13, 12, 12, 11, 12, 11, 10, 12, 11, 13, 13, 12, 13, 10, 10, 13, 11, 12, 13, 11, 13, 13, 11, 10, 13, 11, 11, 11], [12, 10, 13, 11, 12, 11, 12, 11, 13, 12, 11, 12, 10, 12, 10, 11, 12, 13, 11, 13, 11, 12, 10, 12, 13, 10, 10, 11, 12, 12, 11, 11, 12, 13, 13]]
Inventory holding cost per unit of each product by the end of each period h: 
[[5, 6, 7, 5, 8, 6, 9, 8, 9, 7, 5, 5, 5, 7, 5, 8, 6, 9, 5, 8, 7, 6, 9, 9, 7, 7, 6, 6, 8, 9, 7, 6, 9, 9, 9], [8, 6, 6, 9, 8, 5, 6, 5, 7, 8, 8, 6, 5, 8, 9, 7, 6, 5, 5, 6, 7, 6, 6, 7, 6, 9, 6, 8, 7, 8, 9, 6, 5, 5, 7], [5, 9, 8, 6, 7, 7, 5, 5, 9, 5, 7, 7, 7, 7, 6, 6, 7, 7, 9, 5, 9, 8, 9, 6, 8, 8, 9, 8, 5, 6, 9, 9, 9, 9, 5], [7, 7, 5, 7, 5, 8, 5, 7, 5, 5, 7, 8, 6, 9, 5, 7, 8, 9, 9, 9, 6, 5, 9, 9, 7, 7, 6, 9, 5, 5, 9, 6, 8, 8, 8], [9, 5, 6, 7, 6, 6, 9, 7, 6, 5, 6, 9, 8, 8, 8, 6, 7, 9, 6, 7, 5, 7, 9, 7, 5, 5, 7, 5, 5, 6, 5, 5, 7, 7, 9], [7, 7, 9, 5, 6, 7, 9, 5, 6, 6, 7, 5, 7, 9, 5, 5, 5, 9, 9, 5, 5, 6, 9, 5, 6, 5, 9, 5, 8, 5, 9, 9, 7, 5, 5], [7, 5, 7, 7, 6, 6, 5, 9, 7, 9, 9, 5, 6, 9, 7, 5, 9, 9, 6, 7, 9, 5, 6, 7, 5, 5, 8, 9, 5, 8, 8, 8, 5, 6, 9], [7, 6, 7, 8, 7, 8, 9, 6, 7, 7, 8, 8, 5, 5, 8, 8, 9, 8, 6, 9, 8, 5, 7, 8, 6, 5, 5, 8, 6, 6, 8, 5, 5, 6, 8], [9, 8, 5, 6, 8, 9, 5, 6, 8, 7, 9, 6, 7, 5, 8, 6, 7, 5, 9, 9, 7, 5, 9, 9, 9, 9, 5, 7, 7, 9, 6, 8, 9, 8, 8], [6, 7, 8, 6, 6, 6, 6, 8, 7, 8, 9, 8, 9, 8, 5, 8, 8, 6, 6, 7, 9, 7, 6, 8, 7, 8, 7, 5, 9, 6, 6, 6, 7, 5, 8], [5, 6, 9, 8, 6, 7, 6, 9, 7, 7, 5, 7, 5, 7, 6, 7, 5, 9, 9, 8, 5, 9, 8, 9, 5, 6, 5, 7, 9, 8, 7, 6, 9, 9, 6], [8, 8, 7, 8, 6, 7, 6, 5, 5, 5, 9, 9, 6, 8, 8, 8, 7, 8, 6, 9, 8, 8, 5, 6, 9, 8, 5, 8, 8, 8, 9, 9, 9, 5, 6], [9, 5, 6, 5, 8, 7, 9, 6, 5, 5, 8, 8, 8, 7, 9, 6, 7, 8, 6, 9, 9, 5, 8, 8, 7, 5, 7, 5, 5, 5, 5, 8, 7, 7, 7], [7, 9, 7, 9, 5, 7, 9, 8, 8, 9, 6, 7, 5, 9, 5, 8, 5, 9, 6, 8, 5, 7, 5, 9, 5, 8, 7, 5, 9, 6, 8, 7, 8, 9, 6], [7, 9, 6, 9, 5, 9, 5, 5, 9, 9, 9, 9, 9, 5, 8, 7, 9, 9, 5, 5, 5, 7, 8, 5, 8, 9, 6, 9, 9, 8, 5, 5, 5, 5, 5], [5, 5, 9, 6, 8, 7, 5, 5, 8, 5, 5, 8, 8, 7, 5, 6, 9, 8, 8, 5, 5, 7, 8, 5, 9, 5, 5, 8, 8, 5, 5, 5, 6, 6, 8], [5, 8, 9, 7, 8, 8, 6, 8, 6, 8, 9, 7, 5, 7, 8, 5, 5, 5, 9, 9, 9, 5, 5, 7, 8, 5, 7, 7, 6, 9, 9, 5, 8, 8, 7], [9, 5, 8, 9, 9, 5, 9, 9, 9, 7, 5, 6, 7, 8, 8, 8, 8, 8, 8, 6, 5, 6, 9, 9, 8, 7, 5, 6, 7, 6, 7, 7, 9, 5, 7], [8, 9, 9, 8, 5, 7, 8, 6, 7, 6, 6, 8, 6, 7, 6, 7, 5, 9, 8, 8, 8, 5, 8, 6, 7, 5, 8, 8, 8, 8, 7, 5, 8, 6, 6], [5, 7, 8, 6, 5, 6, 8, 9, 8, 9, 5, 5, 5, 6, 7, 8, 7, 8, 8, 6, 6, 5, 9, 9, 8, 8, 5, 8, 9, 9, 7, 5, 5, 6, 7], [6, 6, 7, 9, 8, 7, 9, 9, 7, 8, 6, 6, 8, 6, 6, 8, 9, 9, 6, 9, 9, 8, 7, 9, 9, 7, 5, 5, 7, 7, 9, 8, 6, 9, 5], [7, 9, 6, 9, 7, 9, 8, 9, 6, 8, 7, 9, 7, 7, 7, 7, 5, 5, 9, 7, 6, 9, 7, 9, 7, 9, 7, 5, 5, 5, 5, 9, 9, 5, 8], [9, 5, 9, 5, 6, 7, 9, 6, 8, 7, 6, 6, 7, 5, 6, 9, 6, 5, 6, 5, 9, 6, 6, 9, 8, 8, 7, 8, 6, 8, 5, 6, 9, 5, 9], [9, 8, 6, 6, 6, 9, 6, 6, 7, 8, 5, 6, 8, 8, 8, 5, 7, 9, 7, 9, 6, 7, 5, 9, 7, 7, 6, 9, 6, 7, 6, 8, 8, 5, 8], [9, 5, 7, 7, 7, 8, 6, 9, 9, 9, 8, 8, 6, 6, 8, 9, 5, 6, 7, 6, 6, 7, 5, 6, 5, 5, 5, 8, 6, 5, 6, 7, 7, 5, 6], [9, 6, 9, 7, 6, 7, 5, 8, 7, 8, 7, 9, 5, 6, 9, 9, 5, 7, 8, 6, 7, 6, 7, 5, 9, 6, 9, 8, 7, 7, 5, 5, 7, 7, 9], [5, 8, 5, 8, 6, 5, 5, 7, 5, 5, 9, 7, 5, 9, 5, 9, 6, 8, 7, 9, 5, 5, 7, 5, 7, 9, 8, 7, 8, 7, 6, 6, 5, 8, 7], [5, 7, 5, 7, 9, 9, 8, 7, 6, 9, 9, 8, 7, 8, 6, 5, 5, 6, 6, 7, 7, 8, 8, 5, 7, 5, 6, 8, 8, 6, 5, 7, 7, 9, 9], [8, 7, 9, 9, 7, 9, 5, 9, 8, 5, 9, 8, 7, 5, 5, 9, 6, 6, 8, 6, 7, 6, 6, 8, 5, 7, 9, 6, 8, 7, 5, 5, 8, 5, 8], [6, 7, 8, 8, 7, 9, 5, 5, 6, 7, 6, 9, 7, 8, 9, 7, 5, 6, 7, 8, 8, 6, 8, 7, 7, 9, 8, 6, 8, 9, 8, 9, 6, 7, 9], [5, 5, 6, 8, 6, 9, 7, 7, 7, 8, 8, 8, 5, 5, 7, 7, 9, 9, 9, 7, 8, 5, 6, 8, 8, 7, 7, 9, 8, 7, 7, 8, 7, 6, 9], [7, 7, 8, 6, 6, 6, 5, 9, 5, 9, 8, 9, 7, 7, 5, 8, 6, 9, 7, 9, 9, 8, 8, 5, 5, 6, 7, 9, 9, 7, 7, 5, 9, 6, 6], [5, 5, 7, 9, 5, 9, 8, 7, 5, 6, 9, 7, 9, 9, 8, 6, 8, 6, 5, 5, 6, 6, 7, 6, 5, 5, 9, 7, 8, 6, 9, 5, 5, 7, 8], [7, 9, 5, 7, 5, 9, 8, 7, 6, 6, 6, 8, 9, 5, 9, 6, 6, 9, 8, 8, 9, 9, 6, 5, 9, 7, 8, 6, 6, 8, 8, 9, 9, 5, 6], [9, 8, 9, 5, 8, 6, 7, 8, 9, 6, 8, 8, 8, 6, 9, 6, 9, 6, 9, 9, 5, 7, 9, 9, 9, 5, 9, 5, 8, 7, 8, 9, 7, 9, 9], [7, 7, 5, 7, 7, 5, 5, 5, 9, 9, 7, 7, 9, 9, 7, 9, 7, 5, 6, 5, 6, 9, 8, 7, 6, 7, 6, 8, 5, 8, 5, 6, 5, 8, 6], [8, 5, 9, 6, 5, 5, 5, 7, 6, 9, 9, 5, 5, 7, 5, 8, 7, 6, 5, 7, 9, 9, 7, 6, 6, 6, 7, 7, 6, 7, 9, 6, 6, 6, 5], [9, 7, 9, 6, 6, 8, 8, 5, 6, 9, 9, 8, 9, 7, 8, 9, 9, 5, 7, 8, 9, 9, 9, 9, 7, 5, 8, 5, 5, 5, 7, 5, 6, 5, 9], [9, 6, 7, 9, 9, 7, 9, 5, 7, 9, 6, 7, 7, 9, 7, 9, 8, 8, 8, 8, 5, 7, 7, 9, 6, 6, 5, 6, 9, 6, 8, 6, 6, 9, 6], [7, 5, 7, 9, 5, 8, 9, 9, 5, 6, 8, 8, 5, 9, 5, 8, 7, 6, 5, 8, 7, 8, 8, 8, 5, 7, 9, 6, 6, 8, 9, 5, 7, 8, 9], [9, 7, 6, 7, 9, 6, 5, 5, 6, 8, 8, 7, 8, 6, 6, 6, 8, 9, 9, 7, 8, 9, 5, 8, 5, 5, 9, 5, 5, 5, 8, 8, 6, 8, 9], [7, 7, 7, 6, 9, 8, 6, 9, 9, 5, 9, 5, 9, 8, 8, 8, 9, 6, 7, 7, 7, 6, 8, 5, 9, 8, 7, 8, 5, 9, 6, 5, 7, 9, 9], [9, 6, 7, 5, 6, 9, 8, 9, 5, 7, 9, 5, 9, 6, 8, 9, 9, 8, 5, 6, 5, 8, 9, 8, 6, 7, 6, 7, 7, 5, 5, 7, 8, 7, 9], [6, 9, 9, 8, 6, 5, 6, 5, 9, 9, 7, 7, 5, 7, 7, 6, 8, 9, 5, 8, 9, 8, 5, 6, 5, 7, 5, 7, 5, 5, 6, 6, 8, 6, 6], [7, 7, 6, 7, 9, 5, 8, 5, 8, 7, 7, 7, 9, 6, 5, 9, 7, 5, 8, 8, 8, 9, 9, 7, 6, 9, 6, 6, 5, 7, 7, 8, 5, 6, 6], [7, 8, 9, 9, 9, 5, 9, 5, 6, 8, 5, 9, 7, 9, 5, 7, 7, 7, 5, 8, 6, 8, 7, 9, 6, 9, 7, 5, 8, 6, 8, 7, 6, 6, 7], [8, 6, 7, 7, 8, 7, 7, 9, 5, 6, 6, 6, 5, 9, 9, 7, 7, 7, 5, 7, 6, 5, 8, 9, 7, 7, 6, 7, 5, 6, 5, 8, 6, 5, 8], [7, 9, 8, 9, 8, 6, 7, 6, 6, 9, 9, 8, 7, 7, 5, 7, 5, 7, 8, 5, 5, 6, 8, 7, 9, 9, 6, 9, 8, 9, 6, 6, 7, 7, 5], [9, 9, 5, 7, 5, 8, 8, 9, 9, 5, 6, 6, 8, 8, 6, 8, 5, 8, 8, 9, 9, 5, 5, 8, 6, 7, 6, 9, 5, 7, 7, 5, 7, 6, 8], [8, 6, 6, 5, 8, 8, 6, 8, 8, 9, 7, 8, 8, 6, 5, 9, 9, 6, 8, 7, 7, 7, 7, 7, 8, 7, 5, 9, 6, 6, 9, 8, 6, 5, 7], [8, 6, 6, 6, 5, 5, 6, 7, 9, 5, 6, 9, 6, 5, 6, 8, 7, 9, 8, 7, 7, 5, 6, 9, 5, 8, 9, 5, 8, 9, 8, 6, 5, 6, 5], [8, 6, 6, 6, 5, 8, 9, 9, 6, 6, 5, 7, 5, 7, 5, 5, 6, 6, 9, 7, 7, 5, 5, 7, 6, 8, 9, 8, 9, 6, 9, 5, 9, 6, 6], [7, 9, 8, 9, 8, 6, 5, 5, 7, 8, 9, 8, 7, 9, 7, 5, 8, 6, 8, 5, 5, 9, 9, 9, 7, 7, 7, 8, 9, 5, 6, 7, 7, 9, 7], [7, 8, 6, 5, 8, 7, 5, 6, 5, 6, 7, 6, 8, 7, 6, 5, 7, 5, 8, 9, 8, 5, 5, 9, 5, 5, 6, 6, 7, 6, 9, 7, 6, 6, 5], [5, 9, 9, 6, 5, 9, 6, 9, 9, 5, 8, 8, 9, 6, 6, 6, 6, 6, 5, 7, 9, 7, 8, 9, 5, 8, 9, 9, 6, 6, 8, 9, 9, 7, 5]]
Demand for each product in each period d: 
[[11, 35, 11, 49, 8, 11, 6, 9, 0, 48, 45, 49, 18, 48, 4, 43, 40, 27, 45, 49, 29, 32, 0, 26, 9, 15, 38, 31, 19, 9, 45, 47, 27, 7, 44], [44, 32, 31, 25, 18, 21, 5, 32, 3, 4, 43, 12, 10, 20, 23, 20, 34, 43, 43, 33, 37, 14, 2, 0, 41, 24, 0, 43, 20, 26, 23, 33, 26, 5, 1], [3, 22, 48, 35, 27, 3, 38, 20, 45, 12, 20, 24, 25, 32, 23, 10, 19, 35, 26, 20, 30, 39, 16, 16, 17, 32, 47, 19, 0, 45, 34, 1, 25, 0, 8], [45, 23, 48, 8, 34, 33, 7, 47, 13, 9, 19, 42, 43, 0, 8, 33, 47, 41, 38, 18, 1, 37, 13, 0, 0, 48, 11, 25, 36, 21, 18, 3, 44, 29, 9], [39, 25, 33, 32, 45, 7, 26, 25, 21, 11, 22, 44, 19, 43, 30, 39, 15, 0, 5, 0, 29, 10, 17, 31, 26, 0, 34, 17, 3, 18, 23, 39, 42, 12, 14], [30, 18, 18, 24, 42, 37, 46, 0, 19, 26, 18, 39, 0, 35, 36, 15, 34, 0, 0, 0, 2, 26, 25, 7, 18, 46, 32, 8, 5, 39, 9, 39, 0, 23, 24], [0, 47, 33, 28, 10, 38, 12, 23, 41, 8, 35, 32, 20, 47, 32, 45, 7, 33, 11, 25, 4, 41, 0, 22, 1, 40, 16, 31, 10, 12, 24, 27, 0, 28, 0], [44, 11, 38, 44, 48, 0, 39, 38, 28, 39, 0, 35, 0, 43, 45, 38, 39, 44, 48, 12, 0, 25, 1, 0, 19, 23, 9, 15, 6, 2, 28, 30, 10, 25, 41], [0, 0, 24, 3, 9, 0, 12, 0, 40, 35, 34, 18, 34, 15, 41, 19, 32, 44, 42, 30, 38, 46, 38, 23, 33, 19, 49, 45, 39, 23, 23, 29, 11, 5, 44], [34, 40, 19, 10, 18, 7, 23, 46, 11, 38, 42, 14, 14, 6, 31, 0, 42, 29, 44, 17, 36, 48, 30, 16, 44, 41, 26, 45, 22, 27, 16, 38, 21, 0, 21], [32, 9, 3, 27, 41, 45, 48, 41, 29, 7, 6, 23, 12, 44, 44, 34, 1, 0, 28, 29, 31, 32, 10, 12, 8, 12, 35, 19, 5, 21, 25, 18, 4, 48, 46], [39, 16, 28, 36, 0, 4, 31, 20, 37, 36, 23, 41, 44, 32, 25, 45, 41, 26, 23, 3, 33, 12, 32, 15, 33, 8, 32, 34, 26, 42, 5, 27, 46, 31, 31], [0, 9, 5, 39, 4, 0, 9, 0, 18, 16, 36, 0, 30, 1, 33, 34, 39, 41, 44, 37, 27, 30, 39, 3, 21, 48, 31, 5, 30, 46, 38, 46, 13, 44, 2], [19, 15, 30, 41, 19, 12, 10, 2, 19, 27, 13, 5, 32, 35, 27, 15, 48, 31, 0, 43, 26, 4, 46, 0, 16, 34, 21, 37, 16, 6, 9, 41, 40, 24, 0], [11, 27, 44, 0, 36, 26, 0, 0, 44, 45, 3, 0, 47, 6, 26, 40, 27, 48, 0, 36, 27, 2, 10, 21, 44, 28, 3, 19, 9, 1, 19, 13, 10, 3, 7], [45, 19, 31, 23, 21, 31, 31, 20, 13, 22, 49, 9, 25, 49, 37, 18, 1, 0, 10, 18, 24, 44, 0, 42, 23, 11, 34, 16, 38, 31, 0, 34, 22, 26, 41], [45, 7, 30, 18, 46, 29, 8, 48, 9, 15, 0, 45, 34, 3, 13, 10, 48, 39, 43, 18, 0, 10, 11, 29, 7, 3, 36, 15, 46, 43, 48, 34, 46, 19, 25], [2, 36, 18, 27, 0, 3, 12, 39, 47, 8, 34, 22, 49, 7, 33, 42, 18, 2, 4, 39, 33, 0, 46, 49, 22, 12, 25, 26, 38, 47, 37, 28, 20, 46, 28], [2, 7, 23, 48, 36, 30, 35, 6, 14, 49, 12, 0, 17, 17, 5, 16, 4, 49, 48, 36, 13, 3, 40, 16, 25, 2, 33, 0, 6, 0, 33, 43, 24, 45, 34], [32, 17, 0, 38, 2, 23, 25, 26, 45, 5, 9, 39, 14, 43, 17, 12, 10, 43, 42, 18, 34, 3, 0, 48, 39, 26, 39, 17, 30, 4, 3, 10, 16, 21, 19], [19, 33, 5, 22, 29, 0, 14, 32, 44, 23, 29, 16, 37, 33, 37, 38, 42, 1, 45, 49, 29, 34, 8, 45, 31, 41, 13, 11, 10, 22, 47, 11, 12, 31, 18], [0, 24, 1, 43, 21, 12, 20, 30, 25, 13, 0, 28, 42, 44, 26, 9, 28, 17, 4, 21, 8, 9, 3, 15, 20, 46, 11, 22, 26, 35, 39, 24, 32, 26, 41], [26, 44, 34, 10, 20, 23, 10, 8, 40, 7, 30, 31, 34, 4, 18, 4, 20, 32, 43, 37, 24, 20, 35, 44, 29, 19, 37, 0, 6, 5, 36, 18, 4, 47, 46], [27, 23, 48, 30, 32, 29, 5, 43, 43, 15, 17, 36, 42, 21, 5, 22, 34, 0, 5, 9, 11, 36, 0, 43, 33, 29, 28, 44, 21, 1, 16, 0, 26, 25, 15], [33, 44, 0, 25, 15, 43, 36, 23, 49, 16, 46, 13, 0, 22, 49, 10, 13, 27, 29, 45, 0, 30, 7, 7, 43, 49, 44, 18, 17, 6, 28, 39, 27, 5, 22], [14, 34, 49, 7, 0, 23, 30, 25, 10, 35, 49, 5, 0, 29, 48, 0, 48, 0, 34, 21, 34, 21, 33, 25, 0, 10, 40, 1, 19, 46, 10, 5, 23, 36, 25], [23, 34, 45, 43, 0, 8, 13, 34, 10, 43, 3, 11, 44, 1, 9, 17, 34, 0, 47, 16, 0, 38, 49, 4, 24, 22, 42, 37, 30, 19, 2, 38, 31, 47, 0], [14, 45, 44, 7, 12, 3, 32, 16, 35, 33, 1, 0, 32, 15, 11, 3, 26, 26, 39, 0, 25, 10, 46, 22, 27, 30, 25, 44, 28, 44, 29, 23, 9, 2, 49], [6, 8, 12, 30, 36, 45, 10, 19, 33, 29, 15, 23, 34, 44, 24, 11, 47, 3, 3, 4, 6, 34, 49, 27, 0, 18, 47, 33, 2, 26, 26, 19, 34, 48, 28], [49, 39, 2, 5, 7, 47, 27, 44, 15, 43, 49, 13, 23, 18, 44, 0, 17, 8, 30, 21, 27, 44, 19, 31, 1, 31, 47, 21, 48, 2, 29, 24, 2, 18, 25], [15, 29, 1, 17, 25, 23, 19, 1, 39, 10, 30, 20, 22, 16, 36, 7, 33, 21, 3, 8, 11, 39, 41, 8, 14, 17, 43, 11, 44, 0, 24, 3, 0, 27, 44], [19, 17, 20, 48, 29, 30, 20, 38, 21, 21, 17, 3, 46, 37, 46, 14, 22, 13, 22, 28, 47, 17, 9, 23, 0, 24, 43, 47, 3, 48, 25, 39, 27, 19, 26], [28, 39, 24, 35, 18, 3, 8, 9, 33, 35, 40, 22, 22, 41, 14, 8, 2, 0, 0, 45, 19, 8, 0, 40, 28, 24, 36, 14, 10, 0, 0, 1, 0, 14, 32], [15, 43, 36, 11, 34, 16, 3, 45, 45, 20, 1, 19, 38, 18, 43, 0, 26, 0, 14, 20, 48, 34, 35, 45, 14, 20, 7, 0, 48, 49, 22, 31, 17, 9, 0], [7, 22, 16, 9, 45, 6, 0, 16, 5, 45, 44, 45, 18, 28, 20, 10, 16, 8, 31, 15, 22, 16, 37, 2, 5, 22, 38, 1, 24, 26, 7, 14, 26, 6, 5], [32, 14, 24, 37, 7, 34, 45, 13, 12, 23, 38, 12, 5, 13, 23, 22, 41, 4, 33, 23, 23, 22, 46, 29, 0, 1, 46, 42, 31, 11, 37, 5, 0, 13, 39], [18, 37, 42, 23, 3, 39, 48, 47, 5, 47, 13, 10, 11, 45, 0, 12, 17, 4, 31, 13, 2, 0, 2, 27, 47, 45, 24, 0, 42, 2, 5, 23, 24, 26, 32], [0, 2, 13, 11, 21, 43, 28, 5, 27, 23, 38, 48, 4, 48, 45, 23, 41, 42, 9, 15, 18, 20, 42, 43, 1, 17, 7, 47, 37, 44, 47, 12, 22, 21, 22], [41, 43, 24, 4, 22, 3, 47, 25, 3, 36, 37, 24, 36, 0, 34, 22, 9, 7, 36, 0, 21, 33, 47, 24, 39, 6, 0, 35, 9, 0, 12, 27, 19, 20, 22], [1, 0, 8, 13, 48, 28, 40, 11, 37, 15, 2, 40, 18, 31, 37, 9, 28, 28, 1, 12, 29, 15, 27, 40, 43, 36, 17, 21, 13, 19, 46, 7, 28, 8, 13], [15, 28, 31, 45, 11, 35, 0, 1, 0, 17, 34, 38, 28, 6, 24, 18, 48, 0, 34, 2, 24, 11, 0, 0, 32, 29, 43, 34, 26, 29, 42, 20, 29, 43, 3], [11, 25, 18, 45, 0, 3, 30, 18, 36, 3, 29, 37, 10, 15, 21, 34, 0, 30, 5, 0, 24, 2, 25, 18, 5, 23, 6, 26, 7, 14, 41, 49, 44, 40, 19], [27, 44, 41, 41, 0, 31, 26, 47, 7, 24, 12, 10, 41, 46, 49, 27, 15, 32, 45, 14, 42, 34, 41, 44, 10, 6, 26, 16, 10, 44, 7, 8, 30, 2, 15], [16, 46, 22, 34, 45, 43, 32, 13, 46, 0, 46, 0, 23, 0, 34, 41, 35, 43, 26, 32, 10, 18, 0, 32, 41, 34, 46, 19, 4, 7, 6, 39, 25, 23, 12], [5, 32, 5, 32, 49, 17, 46, 27, 21, 19, 0, 24, 3, 7, 0, 4, 37, 24, 0, 35, 3, 45, 10, 44, 24, 25, 1, 36, 44, 46, 5, 27, 37, 47, 15], [16, 14, 30, 18, 23, 0, 45, 44, 28, 37, 14, 16, 19, 1, 16, 8, 29, 48, 35, 1, 49, 18, 11, 15, 18, 42, 10, 30, 35, 38, 26, 41, 23, 47, 8], [32, 7, 31, 27, 32, 36, 44, 6, 38, 33, 11, 21, 45, 38, 34, 6, 8, 46, 22, 22, 12, 1, 30, 26, 0, 17, 28, 4, 32, 34, 9, 44, 21, 0, 29], [13, 18, 4, 0, 31, 34, 17, 32, 33, 6, 2, 23, 40, 28, 43, 6, 0, 3, 0, 44, 5, 0, 22, 29, 43, 39, 49, 26, 47, 10, 21, 47, 31, 26, 19], [49, 23, 9, 28, 45, 40, 37, 32, 0, 33, 37, 14, 4, 8, 45, 25, 9, 2, 31, 5, 31, 48, 18, 27, 43, 6, 41, 16, 26, 23, 37, 49, 9, 33, 49], [0, 17, 33, 0, 43, 47, 24, 49, 35, 35, 27, 36, 49, 31, 26, 7, 38, 7, 44, 46, 37, 10, 37, 14, 13, 6, 31, 38, 29, 3, 21, 38, 6, 49, 48], [20, 4, 29, 20, 4, 21, 45, 43, 46, 22, 12, 0, 18, 8, 41, 39, 21, 4, 39, 34, 39, 28, 0, 37, 0, 45, 20, 0, 41, 0, 9, 39, 31, 24, 47], [17, 33, 36, 42, 31, 16, 45, 39, 0, 9, 47, 2, 38, 22, 47, 23, 24, 0, 2, 1, 37, 1, 48, 32, 34, 1, 1, 34, 16, 48, 14, 2, 8, 5, 15], [35, 27, 33, 45, 31, 23, 2, 26, 48, 28, 29, 39, 18, 49, 0, 40, 21, 16, 40, 14, 39, 34, 29, 44, 3, 0, 10, 33, 24, 40, 6, 20, 38, 43, 10], [40, 5, 4, 22, 40, 14, 0, 23, 24, 46, 20, 25, 49, 6, 5, 13, 43, 0, 32, 33, 0, 13, 16, 48, 0, 23, 30, 3, 18, 43, 13, 45, 8, 25, 2], [30, 47, 17, 42, 5, 11, 0, 5, 6, 21, 11, 15, 47, 47, 47, 26, 0, 0, 37, 10, 42, 5, 22, 24, 48, 23, 36, 31, 23, 34, 6, 23, 4, 3, 38]]
Maintenance cost in each period m: 
[68663, 69951, 71642, 69362, 70273, 69551, 70768, 71748, 71501, 70597, 71228, 70210, 69885, 69001, 70266, 69826, 71583, 70449, 72079, 70830, 69875, 71417, 69343, 71425, 70612, 72241, 71466, 70228, 68424, 70192, 68963, 69310, 69843, 71933, 70996]
Maximum capacity of the machine cmax: 
2310