Set of periods in the planning horizon T: 
30
Set of products P: 
40
Capacity reduction coefficient alpha: 
0.8
Relative decrease of capacity per set up gamma: 
0.28
Capacity reduction coefficient due to product types beta: 
[0.27, 0.3, 0.27, 0.39, 0.37, 0.31, 0.21, 0.25, 0.31, 0.3, 0.34, 0.34, 0.21, 0.37, 0.37, 0.28, 0.25, 0.29, 0.35, 0.32, 0.21, 0.24, 0.32, 0.3, 0.34, 0.39, 0.37, 0.2, 0.35, 0.21, 0.3, 0.36, 0.38, 0.27, 0.25, 0.31, 0.25, 0.2, 0.37, 0.29]
Fixed production cost of each product in each period f: 
[[894, 729, 989, 555, 675, 626, 913, 637, 676, 949, 775, 954, 702, 684, 937, 744, 720, 726, 949, 790, 504, 504, 850, 870, 801, 741, 950, 667, 630, 837], [644, 769, 815, 553, 971, 866, 507, 876, 509, 973, 853, 656, 736, 521, 924, 924, 703, 866, 807, 770, 698, 803, 837, 549, 676, 981, 536, 536, 999, 564], [538, 573, 926, 892, 949, 761, 584, 849, 603, 725, 579, 621, 610, 806, 753, 630, 590, 998, 576, 586, 891, 979, 939, 678, 816, 813, 878, 846, 781, 854], [700, 585, 589, 705, 756, 945, 803, 576, 657, 591, 869, 625, 795, 695, 953, 950, 758, 742, 894, 544, 867, 639, 826, 683, 637, 547, 801, 767, 516, 851], [874, 755, 598, 979, 602, 615, 847, 874, 989, 651, 524, 986, 781, 818, 727, 651, 719, 916, 842, 591, 689, 943, 670, 515, 588, 750, 533, 519, 937, 979], [959, 509, 879, 991, 716, 555, 889, 601, 502, 773, 937, 709, 721, 704, 607, 786, 901, 801, 577, 822, 707, 548, 602, 956, 983, 979, 664, 777, 617, 780], [873, 671, 551, 953, 832, 632, 553, 791, 874, 880, 783, 864, 595, 830, 990, 627, 707, 731, 940, 506, 783, 727, 575, 757, 563, 589, 605, 507, 534, 955], [817, 894, 618, 661, 731, 568, 801, 598, 726, 578, 701, 664, 926, 875, 895, 802, 860, 621, 793, 535, 862, 685, 662, 568, 941, 637, 758, 734, 778, 900], [781, 738, 568, 699, 610, 838, 875, 668, 881, 905, 864, 895, 878, 595, 842, 823, 847, 855, 678, 538, 639, 599, 540, 941, 752, 925, 857, 537, 807, 712], [828, 626, 839, 777, 951, 767, 719, 994, 598, 774, 731, 872, 877, 731, 811, 919, 904, 711, 572, 949, 516, 831, 928, 813, 859, 992, 989, 695, 722, 661], [825, 902, 537, 690, 788, 939, 815, 993, 823, 741, 725, 698, 683, 672, 612, 614, 943, 878, 941, 667, 931, 589, 824, 957, 553, 945, 826, 924, 811, 662], [867, 897, 537, 762, 804, 950, 508, 616, 588, 513, 731, 781, 857, 806, 763, 762, 745, 685, 539, 711, 937, 553, 796, 944, 572, 729, 759, 972, 798, 872], [919, 918, 991, 724, 990, 574, 800, 651, 664, 819, 742, 786, 974, 752, 717, 810, 789, 714, 769, 583, 758, 604, 608, 510, 651, 716, 665, 626, 870, 660], [867, 905, 542, 662, 992, 808, 546, 535, 554, 698, 820, 502, 698, 915, 692, 978, 945, 651, 521, 559, 974, 933, 993, 871, 939, 702, 714, 782, 709, 701], [506, 536, 769, 975, 805, 895, 517, 739, 808, 932, 936, 589, 858, 571, 639, 540, 919, 948, 914, 709, 919, 923, 889, 561, 921, 720, 729, 928, 824, 700], [554, 964, 841, 776, 919, 817, 907, 817, 576, 523, 550, 613, 706, 582, 500, 846, 814, 857, 511, 520, 857, 610, 898, 907, 964, 600, 531, 776, 574, 612], [749, 617, 574, 762, 711, 702, 956, 504, 675, 639, 819, 578, 750, 993, 844, 931, 722, 788, 754, 866, 500, 685, 704, 809, 632, 865, 525, 934, 913, 560], [672, 970, 713, 992, 983, 923, 542, 950, 735, 924, 630, 625, 973, 966, 990, 982, 596, 551, 518, 700, 639, 692, 549, 537, 809, 910, 805, 960, 575, 590], [967, 548, 806, 996, 742, 500, 820, 773, 922, 922, 811, 746, 995, 899, 821, 538, 523, 640, 906, 870, 656, 772, 676, 511, 825, 552, 956, 571, 761, 747], [986, 792, 613, 655, 753, 627, 693, 580, 941, 532, 560, 526, 720, 897, 513, 845, 663, 983, 795, 973, 820, 692, 909, 523, 850, 758, 837, 887, 547, 894], [641, 872, 904, 568, 775, 835, 524, 779, 524, 673, 931, 617, 843, 989, 718, 872, 763, 707, 520, 625, 870, 689, 641, 519, 747, 639, 574, 824, 992, 705], [898, 525, 978, 751, 797, 598, 784, 816, 925, 923, 821, 852, 661, 854, 955, 652, 563, 621, 919, 743, 743, 957, 573, 654, 887, 825, 958, 665, 830, 764], [699, 871, 809, 584, 847, 619, 902, 710, 574, 562, 963, 708, 533, 810, 813, 796, 734, 998, 502, 511, 609, 699, 773, 604, 640, 525, 582, 694, 995, 602], [894, 993, 999, 970, 641, 764, 586, 735, 901, 653, 735, 717, 806, 766, 522, 676, 854, 754, 627, 990, 502, 620, 515, 876, 525, 960, 501, 815, 606, 749], [906, 579, 958, 850, 839, 612, 637, 958, 903, 724, 948, 531, 775, 540, 900, 705, 524, 794, 902, 865, 516, 912, 801, 579, 639, 880, 641, 538, 657, 654], [941, 930, 746, 931, 849, 777, 870, 664, 792, 803, 733, 881, 671, 581, 823, 549, 967, 539, 916, 663, 566, 637, 570, 500, 604, 512, 878, 941, 798, 976], [860, 861, 758, 768, 594, 877, 958, 756, 547, 840, 736, 519, 731, 737, 645, 636, 951, 785, 885, 972, 892, 614, 533, 901, 808, 739, 565, 769, 828, 607], [533, 683, 656, 892, 513, 507, 677, 855, 706, 727, 708, 625, 969, 909, 778, 560, 800, 942, 580, 798, 919, 720, 776, 931, 807, 707, 619, 984, 909, 943], [622, 951, 515, 511, 690, 841, 925, 744, 540, 780, 918, 997, 948, 973, 988, 770, 933, 566, 642, 686, 935, 714, 923, 923, 899, 532, 626, 602, 740, 554], [635, 868, 982, 970, 641, 545, 798, 991, 792, 879, 988, 774, 802, 823, 940, 858, 712, 522, 601, 573, 889, 918, 951, 514, 742, 797, 906, 883, 585, 567], [568, 635, 952, 773, 623, 609, 690, 791, 666, 770, 946, 677, 719, 595, 527, 691, 976, 693, 525, 813, 925, 774, 806, 652, 739, 956, 968, 722, 935, 672], [504, 530, 934, 510, 658, 894, 948, 899, 718, 617, 682, 959, 767, 703, 724, 747, 611, 772, 500, 613, 813, 783, 501, 740, 641, 539, 847, 557, 515, 523], [558, 964, 622, 560, 712, 830, 621, 978, 594, 820, 542, 865, 754, 987, 750, 551, 663, 810, 691, 943, 965, 911, 869, 740, 734, 990, 820, 683, 529, 819], [795, 655, 979, 606, 709, 791, 733, 595, 504, 640, 516, 716, 556, 637, 705, 559, 750, 851, 550, 980, 951, 977, 998, 931, 625, 529, 584, 707, 770, 997], [573, 796, 978, 669, 575, 809, 661, 776, 513, 635, 606, 697, 922, 993, 866, 926, 820, 907, 566, 983, 851, 711, 556, 583, 870, 709, 897, 807, 939, 562], [573, 770, 686, 835, 906, 913, 628, 536, 875, 601, 864, 573, 681, 866, 825, 761, 597, 596, 656, 875, 796, 605, 653, 681, 926, 873, 836, 618, 762, 923], [734, 943, 938, 906, 860, 618, 816, 901, 963, 942, 518, 866, 519, 806, 984, 529, 671, 784, 648, 880, 549, 762, 526, 516, 750, 667, 773, 792, 728, 519], [593, 799, 978, 572, 521, 633, 979, 830, 589, 580, 661, 673, 679, 726, 832, 748, 550, 855, 802, 831, 761, 616, 992, 771, 857, 857, 704, 714, 988, 789], [749, 629, 971, 698, 522, 791, 993, 737, 597, 986, 993, 786, 694, 979, 951, 507, 740, 963, 738, 868, 869, 901, 767, 619, 555, 505, 703, 520, 858, 619], [536, 595, 705, 755, 857, 859, 955, 504, 773, 521, 647, 661, 811, 675, 975, 649, 961, 593, 670, 791, 544, 789, 829, 688, 571, 667, 857, 995, 850, 749]]
Variable production cost per unit of each product in each period p: 
[[10, 13, 13, 13, 12, 13, 11, 12, 10, 11, 13, 10, 10, 12, 10, 10, 10, 12, 12, 10, 13, 11, 13, 12, 13, 11, 10, 12, 11, 12], [13, 11, 12, 12, 13, 11, 10, 12, 12, 12, 11, 10, 12, 12, 10, 13, 13, 12, 11, 13, 11, 11, 12, 11, 13, 13, 11, 11, 11, 13], [10, 12, 10, 10, 13, 10, 10, 13, 12, 12, 13, 12, 12, 12, 11, 11, 12, 13, 13, 12, 10, 11, 12, 10, 13, 12, 13, 11, 11, 11], [13, 13, 13, 13, 10, 13, 11, 10, 11, 10, 10, 11, 11, 12, 12, 11, 10, 11, 10, 12, 10, 11, 13, 12, 13, 10, 13, 13, 13, 10], [10, 11, 13, 10, 10, 12, 11, 12, 13, 13, 11, 11, 13, 10, 10, 12, 12, 12, 13, 11, 11, 13, 13, 12, 13, 13, 10, 10, 12, 10], [11, 13, 13, 10, 12, 11, 12, 11, 11, 13, 12, 11, 12, 10, 10, 12, 10, 11, 12, 12, 11, 13, 10, 10, 12, 12, 12, 11, 13, 13], [13, 12, 13, 13, 11, 10, 13, 10, 10, 13, 11, 12, 12, 10, 13, 13, 12, 11, 12, 10, 12, 12, 11, 11, 13, 13, 10, 13, 11, 13], [11, 10, 10, 13, 13, 11, 13, 12, 10, 12, 12, 13, 10, 10, 11, 11, 12, 11, 11, 11, 12, 12, 11, 12, 13, 10, 11, 10, 13, 11], [13, 10, 10, 12, 11, 11, 10, 10, 10, 11, 11, 10, 10, 10, 11, 13, 12, 11, 13, 10, 10, 13, 13, 10, 13, 11, 12, 12, 10, 12], [13, 10, 13, 10, 11, 10, 10, 13, 12, 13, 12, 10, 11, 13, 10, 12, 12, 12, 13, 10, 12, 10, 10, 10, 10, 13, 13, 10, 12, 11], [13, 10, 10, 13, 12, 12, 13, 13, 13, 13, 12, 13, 10, 10, 11, 13, 13, 12, 10, 13, 10, 10, 13, 11, 12, 12, 13, 10, 10, 13], [12, 11, 12, 12, 12, 10, 10, 12, 11, 13, 11, 10, 13, 12, 12, 13, 11, 11, 12, 13, 12, 10, 13, 12, 11, 10, 13, 13, 12, 13], [12, 11, 10, 13, 12, 11, 11, 10, 11, 13, 11, 11, 11, 12, 11, 10, 13, 10, 10, 10, 11, 12, 12, 11, 11, 10, 10, 10, 12, 10], [13, 13, 10, 11, 11, 11, 13, 12, 10, 11, 13, 10, 11, 12, 12, 13, 13, 10, 11, 10, 13, 12, 13, 11, 13, 11, 10, 13, 13, 12], [10, 12, 10, 11, 11, 13, 12, 13, 13, 13, 12, 11, 12, 13, 12, 10, 10, 13, 10, 11, 13, 12, 12, 11, 11, 11, 11, 11, 12, 12], [13, 12, 13, 13, 12, 11, 11, 10, 12, 12, 12, 12, 10, 13, 10, 12, 12, 13, 10, 10, 10, 12, 13, 11, 11, 12, 13, 13, 12, 12], [12, 11, 12, 12, 12, 10, 12, 10, 12, 10, 11, 12, 11, 11, 10, 13, 13, 13, 13, 12, 10, 12, 11, 12, 11, 13, 11, 12, 11, 10], [13, 13, 11, 11, 10, 12, 10, 10, 10, 13, 13, 10, 10, 11, 12, 10, 13, 11, 10, 12, 12, 13, 13, 12, 11, 10, 12, 13, 12, 10], [12, 10, 13, 13, 10, 11, 11, 12, 13, 13, 13, 11, 10, 13, 10, 11, 10, 12, 12, 10, 10, 10, 13, 11, 13, 12, 13, 11, 13, 13], [10, 12, 12, 12, 12, 11, 10, 11, 11, 12, 10, 11, 11, 13, 11, 11, 12, 12, 12, 11, 11, 13, 13, 10, 12, 11, 10, 11, 12, 12], [11, 12, 13, 11, 11, 12, 13, 13, 10, 10, 10, 10, 12, 12, 10, 10, 13, 13, 13, 10, 11, 12, 12, 13, 12, 12, 12, 10, 13, 11], [11, 10, 12, 10, 11, 11, 11, 12, 12, 11, 11, 13, 13, 13, 12, 12, 11, 11, 12, 11, 13, 12, 13, 13, 12, 10, 11, 11, 11, 13], [10, 10, 12, 10, 13, 13, 10, 12, 13, 10, 12, 13, 12, 11, 13, 13, 11, 12, 11, 13, 11, 12, 11, 12, 13, 10, 11, 13, 11, 10], [10, 11, 12, 13, 11, 13, 13, 11, 11, 11, 13, 10, 10, 11, 10, 11, 12, 10, 13, 10, 12, 12, 10, 11, 12, 11, 11, 13, 13, 12], [11, 11, 11, 10, 10, 12, 11, 13, 13, 12, 10, 10, 10, 12, 13, 10, 13, 10, 12, 10, 11, 11, 10, 12, 10, 13, 13, 11, 13, 11], [10, 11, 13, 10, 13, 11, 11, 10, 13, 11, 12, 10, 11, 12, 11, 11, 13, 13, 11, 13, 13, 11, 11, 11, 12, 10, 10, 10, 10, 12], [10, 12, 11, 12, 12, 10, 10, 10, 13, 11, 13, 13, 11, 10, 12, 12, 10, 10, 10, 13, 11, 10, 11, 11, 12, 10, 13, 11, 12, 13], [10, 11, 11, 13, 11, 12, 13, 11, 11, 12, 10, 13, 12, 12, 13, 12, 13, 12, 12, 12, 10, 13, 13, 13, 11, 12, 13, 10, 13, 13], [10, 10, 10, 10, 12, 12, 12, 11, 13, 13, 10, 10, 10, 13, 11, 13, 12, 11, 10, 10, 11, 12, 10, 13, 10, 13, 12, 10, 11, 12], [10, 11, 13, 10, 10, 10, 11, 13, 12, 11, 12, 11, 13, 13, 13, 13, 12, 10, 11, 11, 12, 12, 10, 11, 12, 11, 13, 10, 11, 11], [12, 10, 12, 13, 11, 11, 10, 10, 12, 10, 11, 12, 10, 10, 12, 11, 10, 11, 11, 13, 10, 11, 13, 10, 12, 13, 12, 12, 12, 12], [10, 13, 13, 13, 13, 12, 11, 13, 13, 12, 12, 10, 11, 11, 13, 12, 10, 12, 10, 13, 10, 13, 11, 10, 11, 10, 12, 12, 11, 12], [10, 11, 13, 13, 10, 11, 10, 12, 12, 10, 10, 11, 13, 13, 13, 13, 13, 11, 12, 11, 10, 10, 11, 11, 13, 13, 10, 10, 10, 11], [10, 11, 11, 13, 12, 12, 13, 12, 10, 11, 12, 11, 11, 10, 12, 10, 13, 10, 12, 13, 10, 10, 10, 11, 11, 11, 10, 11, 11, 12], [10, 11, 11, 10, 13, 10, 10, 12, 13, 11, 10, 12, 12, 10, 11, 11, 12, 11, 10, 12, 10, 10, 12, 10, 13, 13, 13, 11, 13, 12], [13, 11, 10, 10, 10, 10, 11, 10, 11, 11, 13, 12, 10, 13, 13, 10, 11, 12, 10, 11, 10, 10, 13, 11, 10, 11, 13, 10, 12, 11], [12, 11, 12, 10, 13, 13, 11, 11, 13, 12, 11, 13, 13, 10, 10, 13, 11, 11, 12, 11, 13, 12, 13, 11, 11, 11, 13, 10, 10, 11], [12, 11, 13, 11, 11, 12, 12, 12, 13, 13, 10, 13, 12, 10, 11, 10, 11, 11, 12, 10, 11, 11, 11, 12, 11, 10, 10, 11, 10, 13], [12, 12, 11, 13, 10, 11, 11, 11, 11, 13, 12, 10, 13, 10, 10, 10, 11, 10, 11, 13, 13, 12, 13, 13, 11, 11, 13, 13, 13, 13], [11, 11, 11, 11, 11, 12, 13, 10, 12, 13, 11, 12, 12, 11, 13, 11, 10, 11, 12, 10, 13, 10, 13, 11, 12, 10, 10, 12, 10, 11]]
Inventory holding cost per unit of each product by the end of each period h: 
[[8, 7, 8, 5, 5, 5, 7, 8, 8, 6, 9, 7, 7, 9, 5, 6, 8, 5, 9, 8, 6, 6, 9, 8, 9, 7, 6, 8, 6, 5], [8, 6, 8, 9, 7, 5, 7, 9, 7, 5, 5, 9, 7, 7, 6, 9, 8, 5, 6, 5, 8, 8, 5, 8, 9, 6, 5, 6, 5, 9], [6, 9, 8, 6, 8, 8, 7, 9, 9, 7, 8, 9, 5, 7, 7, 7, 7, 6, 7, 6, 8, 8, 8, 8, 5, 9, 5, 7, 8, 5], [6, 5, 8, 7, 7, 7, 7, 6, 6, 9, 7, 9, 6, 6, 7, 9, 9, 8, 6, 6, 6, 7, 6, 6, 8, 8, 8, 9, 5, 5], [9, 7, 6, 8, 8, 6, 7, 7, 7, 9, 6, 8, 5, 6, 5, 6, 7, 6, 9, 6, 6, 9, 7, 7, 6, 7, 6, 5, 6, 9], [6, 5, 8, 5, 6, 9, 6, 8, 5, 6, 8, 9, 8, 7, 6, 9, 8, 7, 5, 9, 9, 5, 8, 8, 8, 8, 8, 9, 5, 5], [8, 6, 8, 8, 5, 6, 7, 6, 7, 8, 9, 5, 8, 8, 5, 7, 9, 9, 9, 8, 6, 5, 8, 8, 8, 7, 5, 7, 6, 9], [5, 6, 9, 9, 5, 6, 7, 8, 7, 6, 8, 9, 6, 8, 8, 8, 5, 6, 5, 7, 8, 8, 5, 6, 6, 9, 7, 7, 6, 7], [8, 9, 7, 7, 7, 6, 8, 9, 6, 5, 9, 7, 6, 9, 8, 9, 6, 7, 9, 8, 8, 6, 7, 9, 9, 8, 8, 9, 6, 8], [6, 9, 7, 9, 7, 5, 7, 6, 7, 7, 5, 9, 9, 6, 5, 8, 6, 9, 8, 6, 8, 7, 6, 7, 6, 9, 9, 8, 8, 9], [8, 5, 9, 5, 9, 8, 9, 5, 9, 8, 9, 7, 6, 8, 8, 5, 6, 9, 5, 9, 5, 7, 9, 7, 5, 5, 6, 6, 6, 5], [8, 9, 6, 6, 9, 6, 5, 6, 8, 5, 6, 8, 7, 9, 8, 7, 6, 6, 8, 9, 7, 5, 7, 9, 7, 8, 7, 7, 8, 8], [7, 7, 9, 6, 5, 5, 8, 7, 8, 6, 9, 8, 5, 6, 5, 8, 7, 8, 9, 8, 9, 8, 7, 9, 7, 9, 7, 5, 9, 7], [6, 8, 6, 7, 8, 5, 7, 5, 9, 6, 7, 9, 8, 8, 5, 5, 9, 8, 9, 8, 7, 7, 7, 8, 7, 9, 7, 6, 5, 7], [6, 6, 5, 7, 8, 6, 8, 8, 8, 6, 5, 9, 7, 9, 8, 7, 5, 9, 8, 9, 8, 7, 5, 5, 9, 7, 8, 7, 5, 7], [8, 8, 9, 6, 6, 6, 9, 5, 9, 8, 7, 6, 7, 6, 9, 6, 9, 9, 7, 9, 7, 5, 8, 8, 9, 8, 7, 6, 5, 5], [5, 8, 9, 6, 8, 7, 6, 7, 5, 8, 8, 8, 7, 5, 5, 6, 9, 8, 8, 7, 7, 7, 8, 8, 5, 9, 8, 7, 9, 9], [7, 7, 5, 9, 9, 7, 5, 8, 9, 7, 9, 9, 6, 6, 7, 7, 6, 8, 6, 8, 7, 5, 7, 7, 5, 8, 8, 5, 6, 7], [5, 8, 8, 8, 5, 9, 9, 8, 5, 7, 5, 8, 6, 6, 7, 7, 6, 5, 9, 5, 8, 8, 6, 9, 6, 8, 9, 9, 8, 9], [6, 6, 9, 8, 9, 5, 6, 6, 9, 8, 9, 6, 9, 7, 7, 9, 7, 7, 9, 9, 7, 5, 5, 8, 5, 7, 6, 7, 5, 9], [5, 9, 9, 7, 5, 6, 8, 6, 9, 9, 9, 9, 8, 6, 5, 6, 5, 6, 6, 8, 8, 7, 5, 8, 8, 5, 5, 8, 7, 8], [8, 7, 5, 9, 9, 6, 8, 8, 7, 7, 5, 5, 7, 9, 6, 5, 9, 6, 9, 8, 7, 9, 6, 7, 6, 7, 7, 5, 7, 6], [6, 5, 7, 6, 5, 8, 5, 7, 5, 5, 9, 5, 8, 7, 7, 6, 8, 8, 5, 9, 8, 6, 9, 7, 9, 8, 6, 7, 8, 5], [9, 5, 5, 8, 6, 9, 7, 5, 7, 5, 8, 6, 6, 5, 7, 9, 8, 8, 6, 6, 5, 7, 8, 7, 8, 5, 8, 7, 6, 8], [9, 6, 6, 9, 5, 5, 6, 8, 6, 7, 8, 7, 8, 6, 5, 9, 6, 6, 6, 9, 9, 5, 8, 9, 7, 8, 6, 5, 5, 6], [8, 8, 7, 5, 7, 7, 9, 5, 5, 8, 7, 6, 8, 8, 5, 6, 7, 8, 8, 7, 9, 5, 8, 5, 8, 6, 9, 8, 5, 9], [9, 9, 9, 8, 9, 5, 7, 9, 6, 8, 7, 9, 7, 5, 7, 5, 5, 8, 6, 6, 9, 9, 8, 9, 8, 5, 5, 9, 9, 9], [5, 6, 9, 7, 7, 6, 6, 9, 6, 6, 6, 6, 9, 9, 6, 5, 8, 5, 8, 5, 6, 7, 9, 5, 5, 7, 6, 7, 8, 9], [8, 8, 8, 7, 9, 7, 5, 5, 5, 9, 6, 9, 8, 7, 5, 8, 9, 6, 5, 6, 8, 6, 7, 5, 8, 6, 8, 8, 8, 7], [5, 9, 7, 6, 9, 6, 8, 5, 7, 8, 7, 6, 6, 5, 7, 6, 7, 7, 5, 5, 5, 6, 5, 8, 7, 7, 9, 9, 6, 9], [8, 6, 5, 9, 7, 9, 5, 9, 9, 7, 9, 5, 8, 7, 9, 7, 7, 5, 7, 8, 8, 5, 6, 8, 8, 7, 7, 7, 7, 8], [6, 8, 8, 7, 9, 6, 7, 8, 9, 7, 6, 6, 7, 6, 7, 5, 6, 7, 9, 8, 8, 6, 7, 6, 8, 5, 6, 6, 9, 8], [9, 6, 7, 8, 9, 5, 7, 8, 6, 6, 6, 7, 8, 7, 8, 5, 8, 8, 7, 8, 8, 8, 9, 5, 7, 6, 5, 9, 6, 9], [6, 9, 5, 6, 5, 8, 9, 9, 7, 5, 8, 7, 8, 8, 6, 5, 7, 5, 7, 6, 9, 9, 5, 5, 7, 8, 6, 6, 7, 6], [6, 8, 8, 7, 8, 7, 7, 9, 5, 5, 8, 8, 8, 9, 9, 9, 8, 9, 7, 7, 8, 5, 6, 8, 5, 8, 6, 6, 7, 6], [5, 6, 8, 5, 6, 5, 8, 6, 6, 6, 5, 6, 6, 6, 9, 7, 6, 8, 5, 5, 7, 9, 5, 6, 9, 7, 8, 5, 8, 6], [6, 6, 6, 7, 9, 6, 7, 8, 6, 7, 8, 6, 8, 5, 6, 8, 9, 8, 5, 7, 6, 8, 5, 5, 8, 9, 9, 9, 5, 7], [5, 9, 7, 8, 7, 8, 9, 5, 9, 9, 9, 7, 8, 7, 6, 8, 9, 5, 9, 7, 9, 7, 5, 7, 9, 6, 9, 8, 7, 5], [7, 5, 6, 7, 7, 5, 6, 7, 5, 9, 6, 5, 6, 5, 5, 9, 7, 6, 5, 9, 7, 8, 6, 7, 7, 7, 5, 9, 9, 6], [9, 9, 8, 9, 7, 8, 6, 5, 5, 5, 7, 8, 7, 7, 7, 9, 9, 8, 8, 6, 6, 7, 7, 8, 6, 5, 6, 5, 7, 5]]
Demand for each product in each period d: 
[[18, 12, 48, 1, 6, 43, 1, 43, 34, 18, 46, 0, 4, 47, 6, 43, 26, 30, 22, 27, 0, 24, 14, 47, 38, 17, 30, 47, 29, 39], [6, 23, 12, 32, 3, 24, 47, 16, 25, 0, 45, 44, 1, 21, 25, 30, 34, 44, 38, 0, 36, 46, 7, 38, 29, 48, 24, 16, 25, 23], [6, 30, 23, 0, 36, 37, 44, 22, 8, 16, 22, 43, 6, 37, 19, 22, 11, 41, 8, 23, 4, 15, 1, 3, 24, 21, 44, 26, 19, 0], [36, 37, 12, 3, 0, 2, 0, 49, 32, 18, 5, 0, 42, 28, 41, 10, 0, 34, 41, 16, 41, 1, 25, 37, 18, 40, 48, 39, 35, 26], [34, 22, 17, 6, 0, 0, 43, 32, 22, 28, 17, 19, 28, 14, 44, 6, 33, 18, 25, 44, 41, 17, 35, 7, 6, 44, 25, 15, 19, 17], [6, 31, 9, 49, 7, 18, 23, 32, 16, 40, 48, 0, 21, 43, 0, 22, 11, 23, 11, 6, 0, 0, 15, 43, 10, 9, 6, 47, 15, 0], [46, 33, 19, 9, 24, 4, 29, 0, 31, 5, 39, 7, 16, 8, 30, 31, 11, 7, 29, 10, 18, 22, 4, 9, 25, 24, 16, 8, 49, 17], [44, 15, 35, 11, 41, 10, 44, 41, 23, 45, 47, 30, 48, 32, 25, 19, 43, 31, 4, 13, 9, 48, 39, 35, 7, 14, 24, 9, 2, 5], [13, 39, 42, 12, 2, 45, 5, 26, 19, 43, 33, 32, 28, 45, 19, 31, 48, 44, 0, 44, 12, 31, 42, 15, 21, 24, 1, 2, 16, 46], [28, 9, 21, 41, 26, 0, 42, 27, 33, 6, 46, 10, 47, 0, 21, 11, 12, 47, 3, 20, 25, 26, 15, 31, 6, 13, 23, 49, 28, 30], [34, 40, 35, 2, 30, 45, 36, 12, 23, 12, 1, 38, 22, 43, 24, 38, 4, 29, 28, 2, 0, 24, 13, 27, 16, 46, 14, 26, 19, 47], [3, 36, 32, 14, 48, 12, 0, 45, 41, 12, 37, 46, 8, 45, 30, 47, 31, 40, 12, 3, 27, 47, 42, 5, 4, 6, 1, 0, 13, 45], [25, 43, 49, 34, 0, 43, 27, 46, 16, 44, 1, 47, 5, 23, 11, 21, 13, 48, 21, 20, 34, 48, 46, 0, 7, 21, 48, 24, 48, 38], [2, 17, 27, 2, 41, 45, 18, 33, 20, 28, 3, 18, 37, 0, 5, 14, 0, 14, 16, 12, 2, 28, 35, 47, 32, 1, 7, 43, 18, 0], [48, 11, 0, 20, 2, 15, 7, 0, 41, 0, 0, 13, 15, 2, 1, 29, 17, 10, 46, 5, 34, 39, 0, 13, 42, 12, 30, 13, 7, 22], [27, 26, 28, 12, 31, 13, 31, 27, 20, 0, 21, 1, 9, 15, 7, 8, 1, 15, 24, 13, 31, 40, 16, 9, 47, 48, 0, 16, 0, 0], [19, 32, 5, 24, 45, 46, 8, 1, 20, 0, 16, 33, 9, 49, 48, 32, 9, 10, 37, 38, 21, 7, 41, 15, 32, 7, 32, 18, 5, 22], [14, 45, 40, 38, 26, 39, 32, 6, 32, 16, 16, 31, 39, 20, 45, 10, 18, 35, 16, 27, 30, 35, 27, 48, 39, 44, 33, 9, 31, 14], [27, 29, 25, 39, 11, 22, 8, 29, 0, 31, 25, 13, 49, 11, 49, 29, 35, 11, 48, 9, 44, 0, 17, 42, 40, 49, 26, 15, 5, 30], [31, 7, 25, 16, 14, 44, 26, 3, 0, 24, 40, 40, 20, 3, 47, 27, 12, 12, 26, 27, 0, 17, 47, 21, 41, 46, 18, 27, 37, 39], [2, 35, 8, 23, 25, 29, 17, 47, 34, 0, 4, 43, 28, 19, 35, 9, 35, 39, 16, 32, 28, 4, 36, 3, 47, 46, 0, 8, 1, 31], [29, 37, 0, 25, 31, 23, 25, 48, 22, 36, 15, 43, 46, 0, 8, 23, 3, 4, 39, 27, 35, 20, 2, 9, 23, 42, 48, 25, 42, 29], [27, 20, 18, 18, 45, 41, 34, 41, 45, 45, 49, 28, 45, 48, 12, 17, 14, 31, 31, 41, 15, 0, 5, 40, 10, 40, 35, 15, 5, 37], [43, 38, 28, 43, 20, 17, 7, 30, 13, 12, 30, 5, 46, 8, 33, 4, 23, 22, 41, 4, 4, 7, 24, 31, 48, 47, 37, 30, 25, 47], [26, 44, 29, 49, 39, 35, 29, 39, 17, 15, 37, 31, 22, 16, 34, 37, 41, 30, 10, 42, 47, 45, 25, 39, 19, 16, 16, 13, 1, 20], [8, 49, 34, 42, 24, 25, 21, 6, 17, 0, 26, 8, 37, 36, 43, 34, 6, 39, 33, 36, 30, 45, 49, 23, 0, 6, 22, 49, 10, 0], [41, 40, 28, 40, 32, 24, 12, 14, 4, 47, 1, 36, 6, 20, 22, 1, 40, 20, 34, 12, 21, 46, 10, 7, 17, 44, 5, 11, 34, 2], [34, 37, 49, 26, 31, 23, 0, 22, 23, 13, 16, 24, 3, 9, 17, 37, 14, 7, 16, 18, 12, 16, 35, 29, 14, 31, 23, 23, 15, 15], [34, 42, 28, 7, 30, 27, 7, 25, 39, 13, 24, 17, 11, 41, 26, 41, 34, 3, 21, 0, 34, 49, 15, 27, 39, 22, 9, 17, 14, 0], [29, 47, 9, 2, 2, 31, 12, 12, 1, 33, 47, 13, 22, 3, 34, 34, 32, 3, 11, 46, 27, 40, 9, 48, 0, 4, 35, 1, 4, 46], [37, 17, 41, 15, 31, 8, 3, 20, 47, 16, 28, 6, 30, 45, 34, 27, 10, 28, 8, 4, 42, 34, 13, 5, 11, 3, 24, 35, 47, 44], [0, 47, 16, 39, 37, 14, 1, 24, 29, 49, 31, 6, 0, 13, 16, 10, 3, 36, 15, 41, 4, 2, 44, 0, 42, 11, 6, 31, 6, 0], [0, 43, 20, 20, 47, 3, 2, 2, 44, 13, 42, 31, 0, 40, 31, 5, 4, 21, 26, 15, 31, 46, 16, 46, 23, 8, 12, 0, 21, 48], [46, 47, 34, 30, 2, 27, 36, 15, 43, 43, 42, 12, 17, 40, 11, 36, 20, 5, 5, 36, 7, 10, 49, 24, 44, 0, 13, 26, 38, 49], [40, 6, 28, 10, 29, 46, 29, 45, 47, 9, 0, 13, 28, 43, 24, 11, 1, 16, 13, 28, 24, 10, 23, 0, 34, 33, 0, 41, 41, 24], [5, 11, 12, 31, 15, 21, 36, 40, 39, 28, 23, 18, 18, 43, 5, 7, 40, 11, 35, 47, 47, 14, 30, 4, 39, 12, 28, 48, 22, 15], [15, 24, 44, 32, 40, 44, 30, 20, 41, 9, 32, 33, 24, 42, 45, 12, 42, 47, 11, 43, 44, 29, 14, 27, 2, 27, 0, 13, 48, 29], [42, 36, 4, 16, 19, 7, 0, 0, 8, 0, 13, 0, 19, 46, 31, 3, 5, 0, 21, 39, 3, 42, 35, 29, 2, 19, 15, 34, 14, 45], [39, 6, 30, 2, 20, 1, 29, 18, 11, 13, 44, 15, 29, 47, 25, 9, 10, 27, 25, 43, 2, 0, 43, 30, 16, 15, 14, 12, 40, 17], [13, 11, 49, 24, 30, 8, 20, 18, 0, 23, 20, 4, 24, 1, 22, 17, 2, 5, 12, 8, 24, 12, 17, 15, 29, 6, 24, 42, 46, 0]]
Maintenance cost in each period m: 
[45826, 43644, 45248, 46541, 44709, 45573, 43461, 44542, 44024, 43277, 43044, 45535, 45012, 44706, 44202, 45151, 45190, 43811, 43639, 46135, 46176, 44204, 44212, 43272, 44695, 46901, 44619, 44395, 45058, 45588]
Maximum capacity of the machine cmax: 
1800