Set of periods in the planning horizon T: 
25
Set of products P: 
25
Capacity reduction coefficient alpha: 
0.8
Relative decrease of capacity per set up gamma: 
0.24
Capacity reduction coefficient due to product types beta: 
[0.4, 0.25, 0.2, 0.38, 0.36, 0.3, 0.34, 0.3, 0.23, 0.29, 0.28, 0.33, 0.27, 0.23, 0.25, 0.4, 0.34, 0.37, 0.32, 0.28, 0.34, 0.22, 0.32, 0.29, 0.37]
Fixed production cost of each product in each period f: 
[[757, 544, 625, 899, 906, 925, 525, 636, 826, 766, 994, 663, 950, 687, 638, 532, 533, 572, 746, 844, 634, 691, 548, 748, 560], [629, 557, 917, 896, 808, 765, 939, 910, 525, 735, 837, 522, 945, 624, 505, 860, 995, 568, 616, 582, 852, 762, 971, 649, 748], [987, 999, 548, 579, 896, 582, 625, 732, 881, 861, 681, 996, 848, 820, 573, 986, 762, 872, 509, 666, 856, 922, 674, 570, 999], [809, 711, 784, 873, 596, 927, 534, 639, 838, 712, 922, 672, 697, 770, 751, 600, 674, 642, 580, 652, 797, 535, 896, 905, 891], [633, 594, 730, 685, 866, 519, 755, 606, 621, 666, 562, 755, 633, 846, 606, 880, 882, 535, 795, 512, 968, 628, 815, 613, 896], [695, 585, 819, 682, 899, 766, 978, 908, 550, 753, 581, 860, 539, 604, 570, 921, 999, 666, 595, 632, 664, 725, 789, 740, 510], [670, 598, 809, 699, 517, 859, 834, 578, 716, 770, 698, 866, 508, 674, 601, 818, 923, 541, 865, 950, 714, 649, 674, 517, 731], [746, 965, 866, 845, 578, 935, 586, 569, 539, 590, 807, 655, 955, 775, 970, 930, 966, 643, 799, 616, 509, 549, 714, 954, 567], [608, 786, 694, 594, 977, 846, 800, 845, 879, 538, 634, 813, 786, 748, 520, 550, 586, 923, 504, 699, 905, 629, 885, 592, 775], [861, 759, 816, 833, 812, 984, 848, 501, 794, 994, 801, 516, 698, 951, 853, 979, 674, 930, 846, 914, 630, 630, 712, 750, 975], [750, 995, 867, 736, 624, 990, 875, 915, 943, 599, 922, 996, 817, 822, 884, 948, 961, 574, 889, 891, 880, 596, 607, 976, 739], [762, 970, 579, 709, 908, 823, 640, 646, 560, 607, 746, 667, 773, 626, 613, 718, 598, 997, 919, 507, 917, 785, 872, 581, 839], [748, 665, 594, 795, 772, 598, 709, 727, 695, 824, 942, 701, 778, 660, 836, 657, 950, 737, 686, 599, 663, 644, 880, 701, 679], [865, 764, 785, 866, 676, 936, 965, 662, 926, 804, 538, 610, 712, 783, 621, 735, 830, 611, 753, 529, 966, 585, 604, 695, 523], [953, 945, 801, 891, 860, 542, 988, 594, 868, 752, 868, 878, 812, 558, 879, 828, 780, 600, 890, 629, 912, 835, 704, 510, 772], [757, 758, 645, 965, 616, 844, 825, 733, 608, 746, 801, 711, 581, 844, 934, 952, 681, 788, 739, 694, 671, 640, 600, 536, 772], [544, 708, 716, 870, 803, 600, 609, 543, 915, 694, 930, 886, 792, 727, 834, 530, 870, 679, 813, 817, 742, 749, 721, 973, 876], [814, 845, 884, 547, 710, 611, 636, 582, 877, 866, 967, 621, 719, 835, 601, 818, 771, 626, 590, 560, 647, 522, 861, 567, 607], [844, 811, 602, 629, 793, 674, 916, 755, 942, 795, 790, 933, 775, 926, 554, 870, 664, 827, 704, 914, 846, 825, 621, 528, 757], [659, 758, 714, 632, 853, 524, 726, 610, 872, 504, 568, 530, 816, 835, 899, 767, 759, 842, 554, 692, 826, 833, 949, 946, 953], [676, 902, 708, 604, 798, 941, 959, 827, 947, 597, 724, 743, 842, 503, 678, 889, 780, 994, 523, 502, 714, 702, 786, 577, 546], [567, 542, 741, 593, 856, 962, 618, 704, 986, 981, 532, 718, 750, 567, 587, 667, 894, 848, 927, 736, 859, 748, 894, 970, 780], [785, 507, 827, 512, 673, 778, 773, 636, 571, 530, 588, 966, 552, 519, 894, 671, 676, 861, 696, 885, 736, 687, 900, 601, 914], [897, 808, 718, 804, 982, 664, 656, 934, 846, 742, 798, 912, 909, 688, 518, 968, 911, 839, 597, 993, 582, 803, 858, 645, 894], [639, 868, 584, 687, 868, 796, 798, 847, 959, 543, 537, 729, 952, 892, 730, 812, 880, 777, 524, 532, 658, 977, 670, 958, 857]]
Variable production cost per unit of each product in each period p: 
[[12, 11, 10, 11, 13, 10, 12, 10, 13, 11, 10, 12, 11, 12, 12, 11, 11, 12, 13, 13, 13, 13, 11, 13, 12], [13, 11, 10, 10, 10, 11, 10, 11, 12, 10, 12, 10, 11, 12, 11, 13, 11, 13, 10, 10, 10, 10, 10, 11, 12], [13, 10, 12, 10, 10, 11, 13, 11, 12, 12, 13, 10, 12, 11, 12, 12, 10, 11, 13, 12, 11, 10, 11, 12, 12], [12, 13, 11, 12, 13, 10, 11, 13, 10, 10, 12, 13, 13, 10, 12, 11, 12, 11, 10, 11, 10, 10, 12, 10, 13], [10, 12, 10, 11, 13, 11, 11, 13, 10, 10, 10, 11, 13, 10, 13, 12, 12, 11, 10, 10, 11, 11, 12, 12, 13], [12, 11, 10, 11, 11, 10, 12, 11, 11, 11, 13, 10, 13, 10, 10, 12, 10, 12, 12, 12, 12, 11, 10, 11, 13], [12, 11, 11, 13, 11, 12, 13, 12, 12, 12, 10, 13, 13, 10, 10, 13, 13, 12, 12, 13, 12, 10, 12, 12, 10], [10, 11, 12, 10, 13, 12, 12, 12, 10, 12, 10, 13, 12, 13, 13, 11, 11, 10, 13, 11, 11, 13, 13, 11, 10], [12, 12, 10, 13, 11, 12, 12, 12, 13, 11, 11, 13, 10, 10, 13, 10, 11, 10, 10, 12, 11, 10, 10, 10, 12], [10, 11, 10, 11, 11, 11, 13, 12, 11, 10, 10, 13, 12, 13, 13, 11, 11, 10, 10, 10, 12, 10, 13, 13, 13], [10, 12, 11, 12, 10, 11, 12, 12, 12, 12, 12, 11, 11, 13, 12, 11, 10, 10, 12, 12, 12, 13, 12, 12, 11], [10, 12, 12, 10, 11, 11, 13, 10, 10, 11, 13, 12, 12, 13, 12, 12, 11, 13, 11, 13, 12, 12, 12, 10, 10], [11, 12, 13, 12, 12, 13, 13, 12, 13, 10, 12, 13, 11, 11, 11, 13, 10, 13, 13, 13, 11, 12, 12, 13, 11], [11, 11, 12, 11, 13, 10, 11, 12, 12, 13, 10, 11, 10, 11, 10, 11, 12, 12, 13, 12, 10, 12, 13, 10, 12], [13, 12, 13, 11, 13, 12, 10, 13, 13, 11, 10, 10, 11, 11, 10, 10, 11, 11, 10, 10, 10, 13, 10, 12, 12], [10, 13, 10, 13, 12, 11, 13, 11, 12, 12, 11, 12, 10, 11, 13, 12, 10, 11, 13, 12, 12, 12, 11, 13, 11], [10, 11, 10, 12, 13, 12, 12, 11, 13, 13, 13, 12, 10, 12, 12, 12, 10, 10, 11, 13, 13, 10, 12, 11, 13], [12, 13, 12, 11, 11, 13, 10, 13, 13, 13, 12, 11, 11, 11, 10, 12, 10, 10, 11, 11, 12, 12, 12, 12, 11], [11, 10, 10, 12, 10, 10, 13, 11, 11, 12, 12, 11, 13, 12, 11, 10, 12, 11, 11, 10, 11, 12, 12, 11, 11], [10, 12, 13, 10, 11, 13, 10, 13, 11, 13, 13, 12, 11, 10, 11, 13, 11, 12, 11, 10, 13, 10, 11, 11, 11], [13, 11, 10, 13, 12, 10, 12, 13, 11, 10, 12, 11, 10, 12, 13, 11, 11, 13, 10, 13, 13, 12, 13, 13, 11], [10, 11, 12, 11, 11, 13, 10, 10, 13, 11, 10, 11, 13, 11, 13, 12, 10, 13, 13, 12, 13, 12, 12, 13, 10], [13, 11, 11, 12, 10, 10, 12, 13, 13, 12, 11, 11, 11, 10, 11, 11, 10, 12, 12, 13, 10, 11, 12, 11, 12], [10, 13, 13, 10, 13, 13, 12, 13, 12, 12, 12, 12, 13, 13, 11, 12, 12, 13, 13, 12, 13, 11, 10, 12, 11], [11, 13, 10, 13, 11, 10, 10, 12, 10, 13, 11, 10, 10, 13, 13, 12, 10, 13, 10, 10, 10, 10, 11, 12, 12]]
Inventory holding cost per unit of each product by the end of each period h: 
[[8, 9, 7, 6, 6, 7, 6, 6, 5, 5, 5, 7, 9, 7, 6, 8, 8, 6, 6, 7, 5, 5, 8, 5, 7], [7, 6, 7, 7, 7, 6, 6, 6, 5, 5, 5, 7, 7, 6, 5, 8, 6, 9, 7, 5, 9, 8, 5, 5, 8], [5, 7, 9, 7, 9, 5, 7, 8, 6, 8, 8, 7, 7, 8, 6, 8, 9, 6, 7, 7, 5, 7, 9, 5, 6], [6, 5, 6, 9, 6, 7, 7, 9, 9, 6, 6, 7, 9, 8, 8, 5, 8, 7, 6, 8, 6, 5, 8, 8, 8], [8, 6, 6, 7, 9, 6, 5, 6, 5, 8, 9, 8, 8, 5, 9, 8, 5, 8, 6, 5, 6, 8, 9, 6, 8], [5, 6, 8, 8, 6, 8, 9, 9, 9, 7, 9, 6, 7, 6, 8, 9, 9, 5, 5, 9, 5, 8, 9, 5, 7], [9, 7, 6, 5, 5, 5, 7, 6, 6, 8, 8, 8, 7, 9, 6, 6, 6, 6, 7, 9, 9, 8, 9, 8, 8], [5, 9, 7, 9, 6, 7, 9, 5, 7, 5, 7, 5, 6, 6, 9, 6, 5, 6, 9, 9, 6, 5, 7, 8, 6], [9, 8, 6, 7, 6, 8, 9, 8, 9, 9, 9, 5, 9, 8, 6, 9, 5, 7, 7, 5, 5, 6, 9, 7, 9], [9, 8, 9, 7, 9, 7, 5, 8, 7, 6, 5, 7, 6, 9, 5, 9, 9, 7, 5, 8, 7, 6, 7, 9, 6], [7, 6, 5, 9, 7, 5, 5, 9, 8, 7, 5, 9, 6, 7, 5, 6, 6, 9, 9, 9, 9, 6, 5, 7, 9], [8, 6, 9, 9, 8, 8, 7, 8, 5, 7, 6, 7, 9, 9, 9, 9, 9, 6, 9, 6, 5, 7, 9, 9, 6], [8, 5, 5, 6, 6, 7, 8, 7, 8, 6, 8, 6, 6, 7, 5, 5, 7, 6, 5, 8, 8, 6, 7, 6, 9], [9, 8, 8, 6, 9, 6, 5, 8, 5, 6, 5, 9, 5, 8, 8, 8, 5, 9, 7, 8, 8, 9, 8, 9, 6], [6, 6, 6, 8, 6, 8, 6, 7, 9, 9, 5, 6, 5, 5, 9, 8, 6, 6, 5, 9, 8, 8, 9, 8, 9], [9, 6, 9, 6, 7, 6, 5, 9, 9, 8, 5, 7, 5, 8, 5, 5, 7, 7, 6, 9, 5, 7, 8, 9, 9], [6, 5, 8, 6, 5, 5, 9, 9, 5, 5, 9, 8, 9, 8, 6, 6, 5, 6, 9, 9, 6, 5, 8, 8, 8], [7, 6, 5, 6, 5, 8, 5, 9, 7, 8, 7, 8, 9, 6, 9, 7, 9, 5, 9, 7, 6, 6, 9, 5, 9], [9, 6, 7, 8, 6, 9, 9, 6, 6, 7, 9, 7, 9, 6, 6, 8, 9, 9, 8, 6, 5, 6, 7, 8, 8], [8, 9, 5, 8, 9, 6, 9, 6, 9, 6, 8, 7, 5, 5, 5, 9, 5, 5, 9, 7, 5, 6, 6, 5, 8], [5, 7, 9, 8, 5, 9, 9, 5, 7, 8, 6, 5, 7, 8, 7, 5, 6, 5, 9, 9, 7, 8, 9, 5, 8], [8, 9, 9, 7, 8, 7, 5, 5, 8, 5, 9, 9, 5, 9, 8, 7, 5, 7, 7, 9, 9, 5, 5, 7, 8], [5, 9, 6, 5, 8, 9, 5, 5, 7, 6, 9, 6, 9, 8, 9, 8, 6, 7, 7, 5, 6, 9, 5, 9, 6], [5, 6, 8, 5, 9, 7, 5, 9, 6, 8, 8, 5, 6, 7, 6, 9, 5, 7, 7, 6, 8, 9, 8, 7, 6], [9, 8, 8, 5, 6, 9, 8, 8, 9, 7, 7, 9, 6, 6, 5, 8, 6, 7, 6, 9, 6, 5, 8, 7, 8]]
Demand for each product in each period d: 
[[41, 10, 36, 21, 37, 31, 34, 15, 43, 38, 31, 18, 33, 5, 47, 24, 21, 34, 5, 27, 1, 17, 17, 32, 23], [37, 25, 12, 23, 23, 44, 4, 38, 21, 30, 33, 22, 0, 5, 0, 11, 11, 42, 44, 7, 17, 25, 6, 25, 30], [11, 19, 28, 37, 39, 10, 21, 13, 34, 16, 23, 25, 49, 48, 35, 17, 14, 46, 29, 10, 5, 22, 45, 37, 28], [4, 26, 15, 8, 16, 8, 20, 40, 4, 17, 8, 34, 0, 0, 18, 8, 8, 49, 44, 44, 44, 24, 0, 26, 21], [30, 44, 20, 37, 0, 30, 17, 40, 33, 10, 20, 28, 29, 13, 7, 14, 17, 31, 22, 9, 12, 6, 28, 20, 0], [17, 8, 20, 49, 34, 0, 12, 19, 19, 2, 43, 39, 47, 28, 17, 12, 3, 35, 28, 41, 10, 21, 38, 10, 46], [17, 5, 37, 48, 1, 0, 25, 49, 33, 49, 1, 37, 36, 30, 26, 39, 9, 33, 37, 42, 31, 0, 6, 13, 0], [38, 37, 21, 1, 44, 0, 36, 33, 2, 29, 11, 30, 0, 20, 35, 0, 41, 28, 10, 1, 37, 9, 12, 33, 15], [48, 2, 14, 16, 20, 35, 4, 40, 44, 44, 37, 16, 11, 29, 24, 23, 7, 0, 18, 22, 16, 34, 46, 26, 8], [19, 32, 4, 13, 22, 34, 36, 0, 24, 37, 23, 20, 31, 0, 15, 38, 37, 2, 2, 41, 48, 10, 42, 33, 44], [0, 37, 20, 4, 0, 3, 7, 34, 21, 4, 38, 23, 30, 29, 14, 14, 3, 4, 41, 23, 41, 45, 25, 33, 17], [24, 5, 30, 23, 47, 0, 25, 27, 9, 47, 5, 15, 21, 21, 26, 41, 11, 18, 37, 42, 10, 48, 14, 37, 48], [36, 26, 1, 18, 31, 41, 26, 23, 8, 21, 49, 41, 20, 42, 18, 33, 16, 39, 11, 45, 46, 41, 16, 44, 45], [19, 32, 21, 46, 15, 29, 33, 22, 43, 38, 47, 47, 4, 46, 29, 11, 48, 24, 29, 30, 0, 16, 6, 27, 14], [33, 11, 23, 8, 32, 4, 0, 42, 31, 40, 0, 17, 27, 27, 45, 22, 37, 49, 45, 15, 11, 40, 25, 45, 46], [43, 0, 41, 0, 40, 24, 42, 38, 22, 5, 38, 22, 30, 39, 31, 31, 6, 2, 10, 2, 30, 33, 13, 49, 40], [23, 16, 6, 39, 23, 25, 0, 9, 29, 41, 49, 0, 23, 37, 39, 35, 8, 15, 5, 46, 43, 14, 38, 18, 41], [47, 34, 10, 44, 0, 36, 39, 46, 5, 25, 49, 38, 2, 20, 27, 40, 29, 12, 0, 0, 44, 4, 0, 26, 15], [26, 42, 7, 20, 12, 17, 36, 5, 2, 14, 0, 45, 30, 21, 0, 49, 37, 12, 14, 15, 5, 8, 40, 17, 20], [29, 11, 14, 5, 46, 44, 36, 0, 48, 41, 15, 30, 24, 8, 34, 14, 33, 45, 12, 9, 15, 19, 48, 10, 9], [0, 46, 35, 21, 9, 49, 47, 29, 12, 46, 10, 6, 27, 3, 9, 0, 42, 47, 7, 13, 19, 21, 0, 40, 22], [43, 43, 14, 20, 39, 1, 6, 24, 47, 6, 34, 49, 34, 21, 11, 38, 20, 14, 45, 46, 45, 37, 14, 41, 5], [10, 26, 36, 18, 9, 38, 7, 30, 14, 25, 9, 11, 9, 0, 23, 19, 13, 38, 44, 33, 16, 11, 4, 15, 49], [0, 49, 8, 30, 14, 15, 12, 18, 8, 37, 15, 19, 0, 28, 48, 37, 46, 28, 11, 43, 24, 29, 40, 19, 0], [0, 12, 0, 39, 44, 25, 12, 24, 0, 46, 17, 16, 7, 0, 41, 10, 31, 12, 44, 30, 16, 3, 17, 18, 19]]
Maintenance cost in each period m: 
[25727, 26683, 24842, 25962, 24312, 24562, 25755, 23755, 22942, 23913, 25398, 24487, 25159, 25581, 26319, 24900, 24761, 23677, 26079, 23156, 24021, 23425, 23218, 25760, 26640]
Maximum capacity of the machine cmax: 
1100