Set of periods in the planning horizon T: 
30
Set of products P: 
40
Capacity reduction coefficient alpha: 
0.8
Relative decrease of capacity per set up gamma: 
0.29
Capacity reduction coefficient due to product types beta: 
[0.36, 0.34, 0.25, 0.26, 0.21, 0.33, 0.39, 0.31, 0.26, 0.31, 0.36, 0.25, 0.33, 0.24, 0.36, 0.27, 0.39, 0.22, 0.33, 0.38, 0.35, 0.3, 0.31, 0.33, 0.28, 0.35, 0.23, 0.25, 0.29, 0.26, 0.21, 0.26, 0.38, 0.36, 0.27, 0.33, 0.23, 0.28, 0.28, 0.25]
Fixed production cost of each product in each period f: 
[[797, 648, 631, 635, 961, 539, 867, 845, 527, 727, 682, 677, 842, 995, 757, 908, 649, 907, 742, 538, 902, 503, 856, 643, 765, 703, 521, 777, 875, 512], [698, 826, 736, 765, 519, 594, 930, 989, 729, 797, 801, 540, 856, 679, 955, 889, 587, 845, 733, 656, 559, 736, 721, 776, 829, 822, 843, 622, 952, 700], [813, 908, 682, 539, 988, 510, 694, 913, 564, 760, 644, 858, 648, 855, 629, 631, 898, 868, 796, 660, 994, 671, 890, 881, 573, 705, 687, 623, 767, 819], [890, 764, 560, 864, 678, 945, 967, 672, 788, 905, 583, 513, 649, 703, 950, 863, 533, 877, 537, 917, 636, 660, 720, 901, 505, 534, 653, 799, 728, 503], [655, 538, 658, 828, 991, 694, 769, 835, 784, 817, 987, 558, 685, 625, 585, 708, 954, 676, 641, 702, 942, 770, 875, 536, 999, 887, 821, 596, 929, 947], [537, 592, 968, 540, 545, 594, 950, 944, 908, 783, 841, 982, 898, 680, 604, 802, 685, 841, 545, 533, 651, 758, 671, 872, 696, 997, 814, 624, 565, 552], [793, 903, 501, 801, 800, 653, 746, 854, 724, 799, 997, 707, 798, 901, 577, 715, 947, 703, 998, 884, 891, 933, 900, 759, 942, 784, 673, 852, 783, 987], [630, 512, 514, 857, 772, 523, 745, 781, 895, 922, 625, 801, 821, 967, 919, 934, 702, 672, 932, 800, 613, 904, 872, 621, 502, 593, 577, 545, 707, 713], [959, 952, 965, 845, 699, 940, 535, 858, 520, 791, 733, 601, 559, 982, 679, 618, 514, 778, 923, 743, 564, 780, 719, 518, 657, 979, 609, 508, 618, 754], [677, 698, 872, 757, 987, 735, 851, 684, 654, 700, 517, 592, 532, 502, 818, 948, 586, 724, 931, 960, 865, 601, 604, 925, 900, 690, 974, 855, 725, 689], [596, 530, 594, 593, 595, 813, 969, 958, 731, 968, 870, 506, 680, 927, 978, 687, 530, 592, 924, 733, 543, 617, 841, 681, 997, 867, 734, 757, 875, 631], [673, 581, 989, 706, 961, 722, 583, 708, 609, 522, 715, 556, 997, 595, 928, 538, 719, 504, 778, 977, 976, 691, 812, 636, 515, 653, 875, 687, 797, 895], [928, 514, 709, 609, 824, 638, 553, 808, 699, 590, 864, 762, 568, 502, 682, 993, 760, 525, 677, 765, 777, 865, 997, 513, 959, 912, 509, 607, 792, 816], [923, 644, 782, 615, 882, 814, 902, 958, 958, 608, 868, 844, 901, 685, 850, 708, 517, 850, 674, 774, 879, 836, 733, 855, 647, 683, 727, 506, 710, 551], [694, 636, 715, 907, 526, 623, 731, 771, 681, 515, 557, 588, 637, 908, 756, 543, 640, 877, 924, 742, 726, 700, 747, 607, 818, 640, 510, 757, 707, 949], [693, 865, 537, 887, 849, 813, 876, 810, 908, 690, 920, 592, 504, 957, 988, 785, 590, 557, 728, 731, 937, 965, 602, 539, 568, 685, 849, 681, 946, 782], [548, 520, 897, 986, 937, 947, 622, 783, 918, 898, 783, 924, 894, 816, 963, 582, 603, 978, 770, 961, 657, 886, 756, 653, 888, 955, 652, 882, 679, 910], [809, 778, 773, 704, 738, 999, 913, 782, 509, 818, 692, 547, 538, 987, 869, 997, 855, 549, 523, 978, 826, 871, 672, 529, 820, 829, 872, 750, 603, 758], [967, 606, 776, 885, 541, 906, 542, 673, 993, 606, 763, 995, 680, 616, 962, 812, 851, 997, 935, 578, 933, 724, 526, 676, 841, 739, 911, 642, 636, 641], [847, 847, 752, 525, 758, 676, 503, 964, 902, 803, 590, 510, 711, 603, 700, 764, 582, 815, 601, 533, 928, 635, 808, 538, 774, 615, 678, 607, 734, 567], [995, 559, 649, 594, 922, 674, 863, 716, 995, 605, 971, 509, 572, 997, 530, 850, 880, 639, 608, 950, 884, 970, 655, 915, 577, 834, 959, 514, 746, 683], [740, 827, 942, 660, 769, 894, 635, 701, 810, 604, 905, 602, 593, 549, 534, 997, 943, 994, 732, 588, 784, 734, 646, 850, 735, 661, 838, 587, 784, 781], [759, 935, 659, 741, 604, 821, 688, 777, 909, 975, 903, 988, 505, 712, 823, 590, 727, 794, 849, 525, 707, 820, 666, 690, 605, 698, 743, 537, 619, 668], [620, 593, 535, 526, 871, 764, 778, 822, 676, 890, 500, 618, 600, 545, 535, 654, 946, 835, 625, 518, 518, 873, 925, 604, 596, 888, 820, 914, 952, 636], [840, 564, 999, 712, 652, 835, 969, 756, 544, 802, 991, 823, 783, 706, 779, 773, 984, 958, 668, 984, 595, 628, 642, 857, 773, 854, 834, 558, 912, 834], [569, 639, 743, 798, 598, 756, 646, 803, 502, 584, 571, 503, 845, 778, 748, 589, 793, 751, 642, 972, 942, 666, 633, 674, 750, 930, 881, 736, 638, 854], [674, 855, 716, 725, 982, 561, 679, 937, 803, 748, 571, 618, 842, 562, 514, 751, 949, 788, 503, 566, 757, 922, 794, 727, 746, 559, 685, 761, 735, 922], [930, 560, 914, 756, 597, 796, 529, 685, 835, 817, 616, 511, 545, 655, 605, 859, 786, 835, 946, 984, 693, 692, 588, 869, 673, 552, 604, 569, 827, 542], [937, 655, 813, 712, 689, 599, 703, 974, 965, 547, 664, 578, 596, 900, 568, 718, 611, 576, 914, 712, 895, 960, 984, 640, 619, 696, 976, 732, 917, 913], [678, 836, 921, 612, 779, 653, 994, 502, 699, 910, 678, 821, 646, 530, 980, 528, 736, 661, 537, 544, 543, 849, 763, 633, 519, 684, 699, 865, 736, 912], [763, 580, 957, 665, 944, 628, 873, 678, 625, 541, 578, 922, 512, 609, 778, 592, 801, 501, 526, 756, 722, 643, 547, 577, 572, 962, 532, 983, 711, 797], [793, 807, 848, 618, 510, 827, 570, 816, 611, 574, 989, 789, 892, 688, 596, 764, 577, 946, 642, 991, 921, 676, 826, 961, 884, 993, 538, 885, 821, 585], [998, 894, 584, 556, 642, 761, 592, 704, 853, 502, 628, 602, 867, 884, 632, 597, 911, 723, 786, 654, 834, 645, 777, 557, 947, 953, 581, 600, 865, 715], [834, 758, 545, 588, 617, 852, 853, 634, 921, 968, 603, 954, 864, 877, 730, 815, 775, 998, 767, 711, 705, 569, 715, 553, 935, 782, 886, 665, 990, 953], [830, 771, 995, 722, 504, 690, 576, 620, 631, 984, 576, 932, 755, 905, 770, 969, 785, 573, 586, 515, 889, 898, 710, 726, 856, 858, 863, 729, 831, 909], [776, 654, 559, 593, 939, 789, 763, 795, 748, 881, 533, 599, 541, 970, 884, 808, 535, 546, 713, 904, 753, 942, 798, 627, 898, 578, 983, 919, 519, 686], [637, 857, 590, 535, 536, 717, 901, 832, 569, 802, 728, 704, 840, 825, 654, 996, 698, 844, 715, 873, 905, 802, 891, 509, 716, 565, 604, 802, 779, 563], [670, 674, 837, 974, 701, 676, 869, 795, 516, 647, 867, 684, 516, 819, 829, 606, 978, 562, 621, 855, 821, 988, 945, 816, 620, 764, 844, 809, 793, 500], [966, 691, 927, 641, 686, 672, 506, 966, 734, 501, 772, 894, 900, 706, 846, 652, 878, 960, 701, 612, 827, 991, 876, 884, 851, 963, 841, 649, 650, 885], [764, 849, 587, 980, 645, 937, 590, 616, 856, 901, 589, 883, 689, 637, 825, 925, 505, 562, 749, 686, 566, 651, 625, 679, 629, 694, 642, 922, 943, 527]]
Variable production cost per unit of each product in each period p: 
[[11, 11, 13, 12, 10, 11, 10, 11, 10, 13, 12, 13, 12, 12, 10, 10, 12, 10, 11, 10, 13, 10, 11, 13, 10, 11, 13, 11, 12, 10], [12, 11, 11, 12, 11, 11, 11, 10, 10, 10, 11, 12, 11, 12, 13, 10, 11, 11, 12, 13, 11, 10, 11, 13, 10, 10, 11, 10, 12, 11], [10, 11, 11, 12, 12, 12, 12, 13, 11, 10, 13, 12, 10, 12, 12, 12, 13, 10, 13, 11, 10, 12, 11, 13, 12, 10, 10, 11, 13, 11], [13, 10, 12, 13, 12, 10, 10, 13, 11, 11, 13, 13, 13, 10, 12, 12, 13, 13, 10, 12, 13, 13, 12, 12, 11, 12, 12, 10, 11, 12], [10, 11, 11, 13, 10, 10, 12, 12, 10, 10, 11, 12, 13, 10, 10, 13, 13, 11, 13, 13, 11, 12, 10, 12, 13, 10, 11, 13, 13, 10], [12, 12, 12, 12, 10, 10, 10, 10, 13, 12, 11, 10, 12, 10, 11, 10, 11, 12, 12, 13, 13, 10, 12, 11, 11, 10, 11, 10, 10, 11], [11, 12, 10, 13, 10, 10, 12, 11, 10, 10, 12, 13, 13, 13, 11, 12, 10, 12, 12, 10, 11, 11, 12, 10, 12, 12, 13, 10, 13, 13], [11, 11, 12, 12, 12, 13, 11, 10, 11, 10, 10, 12, 13, 11, 12, 13, 12, 10, 12, 13, 11, 13, 13, 10, 12, 13, 10, 10, 11, 13], [11, 11, 12, 12, 12, 12, 11, 10, 11, 12, 11, 13, 13, 10, 11, 11, 11, 11, 10, 12, 13, 13, 12, 13, 13, 12, 12, 10, 12, 10], [11, 10, 13, 13, 12, 10, 11, 13, 13, 11, 13, 12, 10, 12, 12, 13, 10, 13, 13, 11, 12, 13, 11, 13, 13, 11, 13, 12, 12, 10], [12, 10, 12, 13, 12, 13, 11, 11, 11, 12, 10, 13, 11, 11, 11, 12, 13, 13, 10, 10, 10, 12, 12, 10, 11, 10, 10, 11, 10, 12], [13, 10, 13, 10, 10, 11, 11, 10, 12, 11, 10, 12, 11, 10, 13, 12, 12, 10, 11, 11, 12, 13, 12, 10, 10, 13, 11, 13, 11, 11], [10, 12, 12, 11, 10, 10, 13, 10, 12, 11, 13, 10, 10, 13, 13, 13, 12, 13, 13, 12, 10, 11, 13, 13, 10, 11, 10, 12, 11, 13], [13, 11, 10, 12, 13, 11, 13, 13, 10, 12, 12, 10, 11, 12, 10, 12, 12, 13, 11, 11, 11, 13, 10, 13, 10, 11, 13, 12, 12, 10], [10, 13, 13, 13, 12, 11, 11, 12, 13, 12, 13, 12, 10, 13, 13, 10, 12, 10, 10, 10, 11, 10, 12, 12, 12, 13, 13, 12, 10, 12], [12, 11, 13, 12, 13, 12, 11, 12, 13, 13, 13, 13, 10, 13, 13, 10, 12, 12, 13, 11, 10, 10, 11, 10, 13, 12, 11, 11, 10, 12], [10, 10, 10, 13, 10, 12, 12, 10, 13, 12, 12, 10, 10, 10, 10, 11, 11, 13, 12, 10, 10, 13, 10, 10, 11, 10, 10, 11, 13, 12], [12, 11, 13, 11, 10, 11, 13, 10, 12, 11, 11, 11, 12, 11, 11, 10, 12, 11, 13, 13, 12, 12, 12, 13, 11, 13, 12, 13, 10, 13], [11, 10, 13, 10, 10, 11, 10, 12, 13, 13, 12, 12, 11, 13, 13, 13, 12, 10, 12, 12, 12, 10, 13, 12, 10, 12, 10, 11, 10, 10], [13, 12, 12, 13, 12, 11, 11, 12, 11, 13, 12, 10, 13, 12, 12, 10, 11, 11, 12, 13, 10, 10, 13, 12, 11, 13, 13, 11, 12, 12], [12, 12, 10, 10, 12, 10, 12, 11, 11, 12, 12, 12, 11, 13, 10, 11, 10, 10, 11, 12, 11, 10, 12, 10, 11, 10, 13, 12, 13, 11], [11, 10, 12, 12, 12, 11, 13, 11, 12, 10, 12, 10, 10, 13, 12, 10, 13, 12, 10, 10, 13, 13, 13, 11, 11, 13, 13, 12, 12, 10], [12, 11, 10, 12, 11, 10, 13, 10, 13, 11, 11, 10, 13, 10, 12, 10, 10, 10, 11, 11, 13, 12, 12, 11, 13, 10, 10, 13, 11, 10], [10, 12, 12, 11, 13, 13, 10, 11, 12, 12, 10, 12, 12, 12, 13, 12, 12, 11, 12, 10, 12, 12, 13, 10, 12, 10, 11, 11, 13, 11], [10, 12, 13, 11, 12, 12, 11, 12, 12, 11, 13, 12, 12, 12, 12, 11, 13, 12, 11, 13, 12, 12, 13, 13, 11, 10, 10, 13, 11, 11], [10, 12, 12, 12, 12, 13, 13, 12, 13, 10, 10, 12, 13, 11, 13, 12, 12, 10, 13, 12, 10, 10, 11, 10, 11, 10, 10, 12, 13, 12], [13, 11, 11, 11, 10, 13, 12, 12, 11, 13, 13, 13, 13, 10, 13, 12, 10, 12, 10, 10, 10, 13, 13, 12, 10, 11, 13, 13, 10, 10], [10, 13, 12, 10, 10, 10, 10, 12, 10, 10, 12, 11, 13, 12, 10, 10, 13, 11, 10, 10, 13, 12, 11, 12, 10, 13, 10, 13, 10, 11], [11, 12, 13, 11, 12, 11, 13, 13, 11, 12, 12, 12, 11, 12, 10, 11, 11, 10, 13, 13, 12, 10, 11, 11, 10, 11, 13, 12, 10, 11], [10, 13, 10, 13, 13, 10, 10, 12, 13, 12, 11, 11, 12, 11, 10, 12, 11, 10, 10, 11, 13, 12, 10, 12, 10, 12, 10, 10, 12, 11], [10, 11, 11, 12, 12, 10, 13, 12, 13, 12, 12, 10, 13, 10, 13, 12, 13, 12, 13, 13, 12, 10, 13, 12, 10, 13, 11, 10, 11, 10], [13, 13, 11, 10, 10, 11, 11, 12, 11, 10, 12, 10, 13, 12, 12, 10, 12, 11, 10, 11, 13, 11, 10, 11, 11, 12, 11, 11, 13, 11], [11, 13, 10, 12, 11, 10, 11, 13, 13, 11, 13, 13, 11, 12, 13, 12, 10, 12, 13, 12, 12, 12, 12, 12, 12, 13, 11, 12, 12, 10], [12, 10, 10, 10, 12, 10, 10, 10, 10, 10, 10, 11, 12, 11, 11, 11, 10, 11, 12, 13, 10, 10, 12, 12, 12, 11, 12, 11, 11, 12], [12, 12, 13, 10, 10, 11, 10, 13, 11, 11, 11, 12, 12, 11, 10, 12, 12, 11, 13, 10, 11, 11, 13, 12, 11, 10, 11, 12, 13, 12], [12, 10, 11, 12, 12, 10, 10, 10, 11, 11, 13, 11, 10, 12, 12, 10, 10, 12, 12, 13, 11, 13, 12, 12, 12, 11, 10, 10, 11, 13], [10, 12, 12, 10, 11, 12, 13, 10, 10, 10, 13, 12, 13, 12, 12, 12, 11, 12, 10, 12, 12, 10, 12, 10, 10, 13, 11, 13, 11, 12], [12, 13, 12, 10, 12, 10, 11, 13, 11, 12, 12, 11, 12, 11, 11, 13, 12, 11, 10, 10, 10, 10, 11, 12, 11, 12, 12, 11, 10, 12], [13, 12, 10, 11, 10, 10, 11, 13, 10, 13, 11, 13, 13, 13, 10, 12, 12, 13, 13, 13, 11, 10, 10, 13, 13, 12, 12, 12, 10, 11], [13, 10, 12, 10, 12, 10, 11, 10, 11, 11, 11, 11, 10, 13, 11, 10, 11, 10, 11, 12, 11, 10, 13, 10, 12, 12, 13, 13, 11, 12]]
Inventory holding cost per unit of each product by the end of each period h: 
[[6, 9, 6, 5, 7, 5, 5, 5, 7, 8, 9, 8, 6, 5, 9, 6, 6, 5, 6, 6, 9, 5, 6, 6, 7, 7, 6, 6, 6, 8], [7, 6, 8, 8, 6, 8, 9, 6, 9, 5, 7, 5, 9, 6, 5, 5, 9, 8, 8, 7, 6, 6, 9, 7, 7, 6, 9, 6, 8, 7], [7, 6, 6, 5, 8, 5, 5, 8, 8, 7, 8, 7, 9, 5, 9, 5, 9, 5, 8, 6, 8, 7, 5, 8, 9, 5, 5, 6, 9, 8], [7, 5, 6, 8, 8, 8, 9, 5, 5, 9, 9, 6, 5, 6, 6, 7, 9, 9, 6, 9, 8, 6, 8, 8, 7, 7, 9, 5, 8, 7], [9, 6, 9, 7, 6, 8, 9, 7, 8, 7, 5, 9, 5, 7, 6, 7, 5, 7, 7, 9, 9, 8, 5, 8, 8, 6, 5, 8, 6, 5], [7, 5, 9, 5, 5, 6, 6, 8, 9, 5, 9, 7, 6, 9, 9, 6, 8, 5, 8, 9, 9, 9, 5, 7, 9, 9, 8, 8, 5, 6], [9, 9, 9, 9, 6, 5, 8, 8, 7, 5, 7, 5, 6, 8, 9, 6, 7, 8, 6, 7, 5, 6, 7, 7, 8, 9, 8, 6, 8, 5], [9, 7, 5, 6, 9, 9, 9, 5, 9, 9, 9, 6, 6, 9, 8, 9, 9, 8, 7, 5, 5, 7, 5, 7, 8, 5, 5, 7, 7, 7], [5, 9, 7, 6, 7, 7, 9, 8, 9, 7, 8, 5, 7, 9, 8, 8, 9, 6, 5, 5, 6, 6, 6, 6, 7, 8, 9, 9, 6, 6], [6, 8, 8, 8, 8, 9, 9, 8, 9, 9, 6, 7, 6, 8, 7, 8, 7, 8, 6, 6, 5, 8, 7, 7, 7, 9, 6, 5, 8, 8], [8, 7, 9, 8, 7, 6, 9, 8, 9, 9, 8, 8, 9, 5, 6, 7, 6, 9, 5, 9, 8, 5, 8, 5, 7, 5, 7, 7, 5, 7], [5, 6, 8, 5, 5, 5, 6, 6, 6, 8, 8, 9, 6, 6, 6, 9, 7, 7, 8, 5, 8, 8, 9, 8, 9, 6, 9, 7, 5, 6], [6, 9, 8, 5, 5, 8, 8, 7, 9, 9, 8, 8, 9, 5, 6, 6, 7, 8, 6, 9, 6, 6, 7, 8, 9, 5, 8, 5, 7, 7], [7, 8, 9, 7, 5, 5, 6, 8, 5, 6, 8, 5, 7, 8, 6, 5, 9, 6, 9, 5, 9, 8, 6, 6, 8, 7, 6, 5, 6, 8], [6, 8, 6, 9, 8, 7, 7, 5, 6, 6, 5, 9, 7, 5, 7, 9, 8, 6, 9, 9, 5, 6, 5, 7, 7, 8, 9, 5, 7, 7], [9, 6, 7, 8, 8, 9, 8, 6, 7, 9, 6, 7, 7, 8, 7, 9, 6, 5, 9, 7, 6, 8, 7, 7, 6, 6, 6, 9, 9, 7], [5, 8, 7, 5, 6, 7, 6, 9, 5, 9, 6, 6, 7, 5, 7, 8, 5, 9, 6, 8, 7, 6, 7, 5, 5, 9, 7, 9, 5, 6], [7, 8, 6, 7, 7, 5, 5, 9, 5, 7, 8, 6, 9, 7, 5, 5, 5, 6, 9, 8, 8, 8, 8, 5, 6, 8, 9, 7, 5, 5], [6, 9, 6, 8, 7, 6, 7, 6, 8, 7, 8, 5, 6, 8, 9, 9, 6, 5, 5, 9, 7, 9, 8, 5, 6, 6, 5, 8, 8, 8], [6, 9, 5, 8, 9, 8, 6, 7, 7, 9, 6, 5, 6, 7, 7, 9, 9, 6, 8, 5, 9, 9, 8, 6, 8, 8, 9, 7, 6, 5], [5, 5, 7, 8, 8, 7, 6, 5, 9, 7, 8, 5, 5, 8, 6, 6, 7, 5, 8, 6, 5, 7, 9, 7, 5, 6, 8, 8, 5, 6], [6, 7, 8, 8, 7, 8, 6, 5, 5, 8, 8, 6, 6, 6, 6, 5, 8, 9, 9, 9, 7, 6, 7, 8, 8, 9, 6, 6, 8, 8], [9, 6, 6, 7, 9, 5, 8, 9, 8, 7, 9, 7, 5, 6, 6, 6, 7, 9, 7, 7, 8, 7, 6, 8, 5, 7, 6, 7, 7, 6], [6, 6, 5, 9, 9, 8, 9, 8, 6, 8, 8, 6, 8, 5, 6, 5, 7, 5, 5, 5, 9, 9, 8, 8, 6, 8, 7, 5, 6, 7], [8, 9, 6, 9, 5, 7, 7, 5, 9, 9, 9, 5, 6, 7, 8, 9, 9, 8, 7, 9, 6, 5, 8, 5, 8, 7, 8, 9, 8, 9], [6, 6, 7, 6, 6, 5, 9, 8, 5, 5, 7, 5, 9, 5, 7, 8, 5, 8, 8, 5, 5, 9, 9, 6, 8, 9, 9, 7, 5, 7], [6, 9, 7, 6, 9, 8, 7, 5, 6, 6, 5, 5, 8, 7, 9, 9, 6, 6, 8, 5, 7, 6, 8, 7, 5, 5, 9, 9, 9, 5], [7, 8, 6, 6, 7, 5, 5, 9, 7, 8, 6, 9, 8, 5, 5, 5, 8, 5, 9, 6, 5, 7, 7, 5, 9, 7, 9, 6, 8, 9], [8, 6, 8, 7, 9, 7, 5, 9, 5, 6, 8, 9, 8, 8, 8, 9, 7, 6, 5, 8, 5, 5, 6, 9, 9, 9, 9, 5, 5, 7], [7, 7, 5, 7, 5, 6, 7, 6, 5, 9, 6, 6, 7, 9, 7, 7, 7, 9, 5, 9, 7, 8, 8, 5, 5, 9, 8, 8, 9, 8], [5, 7, 6, 9, 9, 5, 6, 9, 6, 8, 7, 6, 7, 7, 7, 6, 7, 5, 5, 7, 5, 6, 6, 6, 7, 6, 6, 6, 7, 8], [5, 6, 5, 6, 6, 6, 6, 7, 9, 7, 8, 8, 8, 5, 9, 7, 7, 6, 5, 5, 7, 8, 7, 9, 9, 9, 8, 9, 8, 8], [5, 9, 5, 5, 9, 8, 5, 5, 6, 5, 7, 9, 8, 7, 9, 5, 7, 8, 9, 7, 7, 9, 8, 9, 6, 5, 5, 7, 8, 6], [5, 8, 7, 9, 9, 9, 8, 7, 5, 9, 5, 9, 5, 7, 6, 6, 6, 8, 9, 5, 6, 6, 5, 9, 5, 9, 8, 7, 5, 6], [8, 5, 9, 9, 7, 6, 8, 7, 9, 9, 5, 8, 6, 5, 6, 5, 7, 7, 6, 7, 7, 7, 6, 6, 8, 6, 9, 8, 8, 7], [8, 7, 7, 9, 5, 9, 8, 5, 5, 8, 7, 6, 5, 7, 5, 5, 5, 5, 8, 6, 6, 9, 6, 6, 8, 6, 6, 5, 9, 6], [7, 8, 7, 9, 7, 8, 8, 9, 7, 6, 7, 8, 7, 6, 5, 5, 6, 8, 6, 6, 9, 6, 8, 5, 6, 7, 5, 8, 8, 7], [5, 5, 5, 7, 7, 5, 5, 9, 7, 7, 6, 7, 7, 5, 9, 9, 9, 6, 5, 9, 8, 7, 8, 8, 7, 9, 7, 8, 9, 5], [6, 7, 7, 5, 6, 7, 7, 7, 5, 8, 7, 6, 8, 6, 7, 5, 8, 7, 5, 9, 5, 8, 7, 6, 7, 5, 8, 9, 7, 5], [6, 9, 5, 5, 9, 5, 5, 5, 6, 7, 7, 7, 6, 6, 7, 8, 7, 8, 5, 7, 5, 6, 5, 6, 5, 6, 6, 8, 9, 9]]
Demand for each product in each period d: 
[[47, 22, 45, 20, 49, 23, 12, 16, 24, 45, 48, 23, 49, 0, 9, 48, 32, 24, 1, 30, 8, 24, 1, 28, 38, 18, 7, 0, 9, 8], [22, 8, 40, 48, 28, 32, 46, 14, 2, 14, 28, 3, 31, 1, 25, 30, 19, 0, 37, 35, 35, 5, 15, 0, 1, 21, 11, 30, 24, 26], [31, 36, 30, 40, 36, 6, 19, 11, 36, 25, 22, 0, 42, 23, 49, 25, 42, 13, 18, 0, 38, 46, 18, 34, 15, 45, 34, 40, 30, 8], [44, 0, 11, 0, 0, 45, 21, 24, 33, 47, 15, 3, 0, 12, 11, 11, 38, 16, 38, 28, 11, 25, 28, 38, 0, 17, 38, 0, 10, 39], [0, 43, 46, 33, 49, 43, 42, 41, 4, 13, 22, 9, 9, 14, 9, 5, 15, 41, 33, 6, 29, 9, 48, 34, 28, 29, 48, 31, 0, 33], [14, 44, 29, 5, 41, 39, 23, 27, 33, 4, 8, 38, 40, 8, 24, 16, 22, 16, 32, 35, 18, 13, 48, 29, 26, 4, 31, 10, 15, 10], [19, 18, 27, 6, 40, 18, 41, 40, 27, 36, 36, 30, 40, 49, 44, 42, 0, 30, 46, 22, 6, 2, 29, 47, 1, 27, 16, 12, 0, 8], [12, 34, 19, 30, 2, 14, 16, 24, 6, 38, 15, 29, 38, 17, 0, 0, 0, 42, 20, 24, 39, 42, 29, 27, 36, 44, 36, 5, 0, 41], [36, 34, 16, 0, 47, 12, 2, 0, 0, 10, 21, 0, 22, 30, 46, 31, 13, 36, 44, 14, 29, 16, 23, 0, 29, 20, 24, 0, 16, 10], [12, 5, 39, 23, 9, 29, 45, 19, 19, 44, 15, 39, 37, 2, 46, 34, 36, 23, 38, 33, 12, 42, 5, 8, 13, 9, 0, 11, 22, 34], [7, 46, 49, 1, 25, 1, 45, 44, 46, 24, 37, 5, 19, 7, 29, 43, 10, 35, 8, 24, 2, 5, 45, 27, 49, 41, 13, 9, 29, 2], [16, 9, 13, 11, 29, 36, 37, 34, 27, 26, 5, 24, 8, 28, 20, 44, 39, 35, 5, 25, 38, 21, 14, 0, 0, 28, 5, 17, 0, 38], [29, 27, 46, 30, 48, 37, 10, 41, 2, 31, 4, 32, 34, 30, 19, 46, 0, 49, 24, 30, 10, 25, 38, 43, 32, 47, 33, 29, 0, 42], [26, 48, 8, 0, 42, 25, 25, 43, 36, 28, 46, 22, 46, 35, 26, 15, 42, 28, 30, 49, 16, 25, 3, 1, 19, 0, 33, 17, 43, 0], [22, 46, 38, 19, 33, 0, 43, 45, 46, 42, 31, 44, 31, 42, 11, 27, 11, 37, 49, 43, 35, 4, 7, 20, 28, 36, 16, 2, 15, 45], [38, 22, 46, 48, 49, 38, 34, 0, 5, 40, 24, 10, 43, 30, 20, 27, 48, 25, 34, 19, 9, 14, 12, 34, 3, 21, 22, 0, 2, 2], [1, 3, 18, 14, 26, 35, 7, 11, 31, 18, 46, 30, 23, 48, 14, 43, 24, 34, 21, 14, 4, 23, 8, 4, 15, 26, 22, 43, 21, 22], [9, 35, 39, 0, 9, 12, 16, 0, 42, 26, 2, 32, 8, 30, 45, 3, 48, 42, 23, 10, 13, 24, 28, 10, 11, 42, 43, 29, 35, 17], [36, 16, 34, 1, 28, 16, 28, 29, 14, 1, 7, 30, 41, 16, 23, 2, 47, 4, 35, 45, 47, 17, 49, 43, 24, 34, 21, 24, 2, 35], [16, 6, 12, 19, 30, 12, 2, 13, 12, 23, 25, 8, 11, 46, 43, 5, 0, 7, 0, 46, 17, 25, 47, 40, 32, 38, 33, 17, 46, 48], [40, 17, 28, 13, 38, 31, 36, 25, 9, 17, 37, 14, 9, 6, 10, 19, 46, 19, 34, 23, 30, 10, 42, 42, 18, 3, 14, 0, 17, 0], [43, 6, 31, 44, 26, 45, 0, 2, 7, 5, 2, 48, 20, 12, 15, 19, 46, 13, 8, 0, 18, 33, 46, 9, 5, 34, 23, 23, 43, 25], [8, 38, 36, 46, 15, 23, 30, 37, 7, 27, 45, 32, 35, 18, 42, 32, 19, 0, 0, 1, 1, 49, 48, 23, 43, 14, 30, 26, 24, 3], [40, 45, 41, 39, 10, 7, 8, 42, 5, 14, 45, 23, 15, 19, 47, 1, 21, 31, 45, 48, 16, 35, 7, 38, 24, 21, 43, 16, 16, 40], [10, 17, 45, 39, 12, 42, 44, 0, 24, 6, 4, 45, 10, 5, 9, 13, 36, 46, 39, 47, 21, 45, 24, 27, 3, 49, 41, 21, 41, 48], [41, 44, 30, 6, 47, 0, 0, 49, 46, 15, 28, 49, 45, 32, 5, 29, 23, 36, 0, 6, 45, 0, 41, 2, 1, 0, 19, 33, 9, 13], [16, 13, 8, 42, 28, 42, 35, 16, 1, 0, 12, 31, 26, 0, 26, 47, 1, 3, 48, 24, 43, 40, 25, 16, 29, 45, 11, 28, 43, 4], [0, 7, 0, 12, 33, 9, 19, 1, 9, 0, 48, 48, 1, 22, 7, 28, 28, 8, 20, 33, 3, 44, 13, 0, 12, 24, 8, 48, 18, 32], [31, 27, 37, 12, 5, 0, 33, 32, 19, 4, 22, 26, 14, 19, 10, 2, 9, 9, 37, 22, 1, 41, 15, 19, 36, 29, 22, 28, 47, 34], [9, 25, 38, 37, 44, 21, 28, 14, 8, 0, 40, 10, 48, 24, 43, 6, 23, 5, 23, 36, 36, 22, 0, 6, 6, 12, 12, 46, 28, 47], [47, 48, 30, 22, 35, 38, 30, 14, 45, 28, 0, 17, 46, 47, 0, 4, 10, 44, 7, 16, 43, 23, 2, 2, 41, 39, 39, 17, 21, 1], [2, 0, 34, 36, 21, 34, 37, 11, 2, 10, 3, 13, 45, 45, 41, 10, 26, 29, 8, 28, 31, 45, 33, 16, 45, 11, 44, 24, 26, 26], [12, 38, 30, 17, 24, 31, 29, 32, 30, 26, 0, 9, 12, 39, 14, 12, 35, 21, 1, 18, 14, 33, 34, 40, 8, 45, 11, 29, 44, 43], [43, 5, 38, 16, 4, 4, 7, 35, 34, 2, 47, 24, 12, 15, 4, 33, 10, 8, 0, 0, 21, 18, 7, 34, 17, 4, 33, 0, 46, 38], [23, 31, 16, 20, 29, 18, 46, 41, 10, 29, 45, 15, 33, 5, 33, 27, 22, 33, 20, 47, 34, 0, 0, 0, 29, 42, 33, 4, 16, 2], [33, 40, 2, 0, 25, 11, 40, 27, 9, 6, 46, 38, 42, 39, 25, 17, 0, 46, 30, 15, 17, 25, 27, 34, 47, 16, 49, 32, 34, 1], [25, 34, 24, 49, 16, 21, 30, 31, 29, 6, 9, 0, 30, 37, 3, 27, 21, 38, 46, 21, 37, 38, 20, 31, 30, 20, 32, 14, 26, 29], [8, 33, 36, 21, 19, 11, 45, 26, 21, 8, 7, 0, 33, 4, 42, 2, 21, 0, 30, 25, 9, 45, 0, 29, 18, 44, 30, 44, 27, 0], [41, 7, 15, 46, 27, 0, 28, 26, 38, 8, 9, 27, 47, 4, 49, 30, 2, 47, 46, 0, 23, 9, 9, 18, 27, 3, 20, 2, 18, 26], [38, 11, 19, 45, 17, 38, 24, 35, 4, 7, 3, 0, 10, 0, 40, 45, 45, 30, 32, 22, 1, 48, 41, 0, 2, 32, 26, 12, 25, 33]]
Maintenance cost in each period m: 
[44465, 45096, 44820, 44249, 45268, 44572, 45922, 43604, 43815, 46258, 45355, 44049, 46588, 45239, 45283, 45069, 45725, 46206, 43009, 46663, 45830, 44410, 44249, 44518, 46220, 45846, 45737, 45672, 45978, 46872]
Maximum capacity of the machine cmax: 
1800