Set of periods in the planning horizon T: 
25
Set of products P: 
35
Capacity reduction coefficient alpha: 
0.8
Relative decrease of capacity per set up gamma: 
0.37
Capacity reduction coefficient due to product types beta: 
[0.37, 0.29, 0.3, 0.23, 0.29, 0.33, 0.29, 0.23, 0.36, 0.22, 0.28, 0.38, 0.21, 0.35, 0.27, 0.31, 0.27, 0.39, 0.25, 0.27, 0.37, 0.25, 0.28, 0.38, 0.26, 0.28, 0.28, 0.22, 0.32, 0.24, 0.37, 0.34, 0.38, 0.32, 0.23]
Fixed production cost of each product in each period f: 
[[910, 686, 595, 672, 671, 913, 663, 863, 983, 959, 935, 530, 847, 948, 583, 878, 979, 780, 604, 961, 937, 967, 748, 952, 511], [517, 564, 948, 988, 720, 878, 701, 928, 811, 503, 881, 770, 735, 886, 860, 762, 504, 694, 555, 535, 755, 771, 766, 614, 694], [895, 547, 535, 647, 693, 980, 748, 570, 933, 651, 527, 687, 962, 808, 943, 859, 774, 759, 841, 711, 842, 760, 930, 991, 759], [526, 545, 970, 957, 571, 758, 994, 536, 681, 651, 713, 972, 921, 964, 861, 953, 889, 897, 624, 548, 768, 630, 578, 570, 976], [825, 819, 792, 848, 581, 705, 651, 913, 772, 713, 919, 622, 959, 859, 916, 801, 870, 817, 712, 868, 953, 774, 971, 724, 942], [983, 629, 809, 555, 850, 657, 709, 679, 833, 944, 769, 707, 827, 671, 687, 940, 860, 971, 875, 983, 768, 758, 872, 533, 792], [783, 814, 948, 967, 942, 656, 811, 559, 635, 880, 695, 548, 916, 843, 615, 708, 984, 690, 718, 569, 785, 898, 979, 611, 546], [817, 958, 706, 592, 837, 777, 572, 959, 981, 951, 962, 795, 728, 675, 534, 765, 644, 525, 850, 526, 881, 678, 949, 696, 588], [773, 784, 602, 539, 903, 643, 879, 633, 524, 586, 858, 802, 808, 580, 809, 902, 525, 622, 588, 649, 526, 910, 697, 951, 608], [697, 558, 844, 959, 597, 964, 879, 613, 707, 798, 983, 528, 919, 559, 643, 850, 847, 733, 817, 947, 904, 560, 740, 746, 596], [806, 696, 946, 912, 720, 605, 836, 658, 784, 672, 665, 864, 653, 591, 986, 743, 937, 799, 993, 900, 843, 929, 852, 908, 667], [662, 849, 742, 711, 731, 799, 586, 847, 769, 897, 675, 888, 831, 591, 845, 813, 615, 674, 599, 577, 724, 726, 759, 503, 970], [864, 811, 869, 726, 805, 706, 977, 590, 924, 836, 735, 697, 786, 551, 856, 808, 503, 611, 746, 644, 643, 651, 572, 734, 550], [599, 552, 695, 927, 763, 898, 721, 988, 644, 631, 835, 786, 718, 615, 860, 992, 516, 715, 549, 657, 710, 581, 708, 681, 532], [832, 626, 589, 576, 757, 618, 906, 951, 567, 941, 605, 640, 685, 754, 837, 867, 866, 891, 975, 835, 689, 724, 811, 507, 659], [883, 574, 715, 702, 561, 602, 677, 696, 537, 542, 630, 676, 842, 995, 680, 519, 818, 988, 508, 818, 603, 870, 901, 682, 605], [640, 593, 509, 936, 710, 656, 521, 966, 868, 550, 902, 825, 996, 787, 689, 580, 680, 933, 651, 901, 588, 539, 613, 556, 882], [771, 955, 948, 824, 879, 605, 844, 750, 785, 504, 618, 722, 853, 997, 700, 874, 954, 730, 737, 592, 843, 705, 870, 931, 861], [601, 620, 564, 967, 638, 779, 602, 697, 654, 725, 951, 951, 995, 721, 940, 957, 714, 552, 752, 753, 851, 847, 731, 845, 992], [976, 557, 905, 886, 688, 636, 912, 659, 807, 652, 928, 752, 532, 865, 874, 688, 539, 762, 956, 638, 752, 852, 840, 698, 713], [823, 950, 531, 839, 810, 627, 658, 925, 689, 774, 879, 787, 768, 767, 941, 824, 704, 716, 512, 942, 592, 536, 784, 567, 972], [810, 596, 957, 618, 867, 935, 971, 730, 983, 934, 714, 594, 691, 663, 512, 936, 666, 812, 645, 968, 598, 674, 596, 956, 729], [706, 897, 537, 552, 526, 875, 685, 524, 869, 957, 838, 713, 553, 962, 674, 867, 743, 543, 647, 624, 924, 996, 757, 520, 719], [912, 883, 527, 923, 907, 598, 894, 791, 642, 549, 521, 619, 656, 537, 501, 594, 706, 554, 730, 633, 721, 678, 763, 526, 633], [676, 846, 701, 608, 506, 565, 761, 896, 586, 925, 686, 967, 834, 534, 985, 520, 729, 811, 769, 942, 621, 511, 776, 591, 554], [614, 691, 717, 944, 871, 837, 848, 738, 675, 584, 975, 959, 717, 657, 862, 544, 972, 583, 609, 901, 558, 709, 841, 980, 887], [661, 524, 675, 542, 956, 802, 778, 844, 800, 716, 598, 824, 876, 876, 971, 563, 928, 544, 556, 708, 678, 900, 983, 941, 948], [814, 693, 952, 635, 693, 802, 624, 621, 545, 785, 902, 720, 820, 871, 637, 652, 708, 721, 822, 749, 885, 521, 803, 740, 520], [723, 729, 870, 944, 547, 626, 647, 932, 891, 686, 529, 730, 729, 560, 635, 998, 992, 600, 969, 618, 836, 593, 694, 622, 770], [956, 741, 811, 735, 935, 711, 853, 620, 748, 935, 806, 528, 984, 813, 652, 861, 654, 536, 745, 613, 520, 937, 648, 682, 669], [687, 963, 603, 621, 723, 896, 761, 651, 655, 880, 848, 725, 781, 518, 578, 823, 616, 643, 711, 829, 614, 999, 704, 884, 665], [940, 969, 635, 846, 540, 659, 952, 591, 944, 944, 660, 561, 535, 734, 579, 995, 528, 726, 758, 769, 536, 783, 930, 792, 690], [919, 965, 571, 727, 666, 803, 859, 883, 942, 950, 502, 654, 979, 502, 957, 927, 873, 979, 640, 703, 806, 540, 627, 892, 790], [520, 822, 754, 675, 524, 533, 571, 507, 753, 885, 833, 532, 581, 935, 974, 733, 791, 779, 829, 739, 704, 745, 627, 799, 982], [510, 921, 710, 927, 729, 751, 603, 990, 585, 501, 940, 534, 604, 677, 912, 681, 585, 629, 603, 591, 527, 514, 736, 885, 900]]
Variable production cost per unit of each product in each period p: 
[[13, 12, 10, 11, 12, 13, 11, 13, 13, 13, 13, 10, 13, 11, 11, 13, 13, 11, 12, 10, 10, 12, 13, 11, 13], [11, 11, 13, 12, 10, 11, 10, 11, 11, 10, 10, 13, 11, 12, 13, 13, 13, 12, 10, 12, 12, 13, 11, 11, 10], [11, 12, 11, 11, 13, 12, 11, 13, 10, 10, 12, 10, 10, 10, 13, 12, 13, 12, 12, 11, 13, 11, 12, 12, 12], [12, 11, 11, 10, 10, 12, 12, 10, 12, 11, 11, 11, 11, 10, 12, 12, 11, 10, 13, 10, 11, 12, 12, 13, 12], [13, 12, 11, 10, 13, 10, 12, 10, 12, 10, 10, 10, 10, 11, 12, 11, 13, 13, 10, 12, 10, 11, 10, 13, 13], [10, 12, 13, 13, 13, 12, 12, 11, 10, 12, 12, 10, 13, 12, 10, 13, 10, 10, 13, 12, 12, 12, 13, 13, 13], [12, 11, 12, 13, 12, 12, 11, 12, 12, 12, 12, 13, 12, 13, 13, 10, 11, 13, 13, 10, 10, 13, 11, 12, 10], [11, 13, 12, 13, 13, 11, 11, 10, 11, 11, 10, 12, 11, 12, 13, 12, 10, 11, 13, 13, 12, 10, 11, 12, 10], [13, 12, 12, 10, 12, 11, 12, 11, 11, 12, 11, 12, 12, 10, 11, 13, 12, 11, 13, 11, 11, 12, 12, 13, 11], [10, 11, 10, 12, 13, 12, 13, 13, 10, 13, 13, 10, 13, 11, 10, 12, 12, 10, 12, 12, 12, 13, 11, 10, 10], [13, 12, 11, 11, 10, 13, 12, 10, 13, 11, 13, 11, 12, 11, 11, 13, 13, 11, 10, 13, 11, 12, 13, 13, 11], [13, 10, 10, 10, 11, 13, 13, 10, 11, 10, 13, 12, 13, 12, 11, 13, 11, 12, 12, 10, 12, 12, 13, 13, 10], [12, 11, 13, 10, 10, 11, 12, 12, 10, 11, 11, 11, 12, 10, 11, 11, 11, 11, 13, 12, 12, 11, 10, 10, 12], [12, 11, 12, 11, 10, 10, 11, 11, 11, 12, 12, 10, 11, 11, 10, 13, 10, 13, 11, 12, 12, 11, 12, 10, 11], [10, 13, 12, 10, 13, 10, 11, 10, 13, 13, 12, 13, 10, 12, 10, 11, 11, 12, 10, 13, 10, 12, 10, 10, 11], [13, 12, 12, 11, 10, 10, 11, 12, 13, 12, 12, 11, 12, 11, 10, 12, 11, 13, 12, 12, 13, 10, 13, 11, 10], [13, 10, 11, 12, 10, 12, 12, 10, 12, 11, 13, 12, 11, 11, 13, 13, 11, 10, 12, 10, 13, 11, 12, 11, 11], [12, 12, 13, 13, 10, 11, 10, 12, 11, 10, 12, 11, 10, 12, 10, 12, 10, 13, 11, 11, 10, 12, 13, 11, 13], [11, 10, 12, 13, 11, 13, 13, 11, 13, 11, 11, 13, 13, 13, 13, 12, 13, 11, 12, 11, 11, 13, 10, 13, 13], [10, 11, 11, 11, 10, 11, 10, 10, 10, 10, 13, 10, 13, 12, 11, 10, 13, 10, 10, 13, 12, 11, 13, 13, 11], [10, 10, 12, 12, 12, 11, 10, 11, 12, 13, 10, 13, 13, 10, 12, 11, 10, 11, 10, 11, 10, 13, 11, 10, 11], [13, 12, 11, 10, 11, 11, 13, 11, 12, 12, 10, 10, 10, 11, 10, 10, 11, 12, 10, 13, 10, 10, 11, 13, 10], [10, 12, 11, 10, 11, 11, 11, 13, 12, 13, 13, 13, 11, 11, 13, 12, 10, 12, 10, 13, 13, 11, 10, 12, 11], [11, 11, 10, 11, 11, 11, 10, 12, 13, 13, 12, 13, 12, 11, 12, 10, 11, 10, 11, 12, 12, 11, 11, 10, 10], [11, 10, 12, 10, 12, 13, 10, 12, 11, 10, 11, 13, 11, 12, 12, 13, 11, 11, 12, 12, 13, 12, 10, 10, 13], [10, 12, 10, 10, 10, 11, 12, 11, 10, 12, 10, 12, 12, 10, 11, 11, 11, 10, 10, 11, 13, 13, 13, 10, 11], [10, 10, 10, 13, 13, 11, 13, 11, 10, 11, 11, 11, 11, 13, 11, 13, 10, 10, 13, 13, 10, 13, 13, 13, 11], [12, 12, 12, 10, 13, 11, 11, 10, 10, 13, 10, 13, 12, 12, 12, 12, 12, 12, 11, 11, 12, 13, 11, 11, 11], [12, 13, 12, 11, 12, 10, 13, 12, 10, 13, 10, 12, 11, 10, 12, 11, 13, 12, 11, 13, 10, 12, 12, 11, 13], [10, 12, 12, 11, 10, 12, 12, 11, 12, 10, 12, 10, 10, 11, 11, 10, 10, 13, 13, 11, 10, 13, 13, 10, 12], [12, 12, 11, 12, 10, 12, 12, 12, 11, 11, 10, 11, 11, 10, 12, 12, 10, 10, 12, 13, 10, 10, 11, 12, 11], [12, 13, 13, 12, 10, 12, 10, 13, 13, 13, 13, 10, 12, 11, 11, 10, 12, 12, 13, 12, 11, 10, 13, 13, 12], [12, 12, 13, 10, 13, 11, 13, 11, 10, 10, 13, 11, 12, 10, 11, 10, 13, 11, 11, 10, 13, 10, 12, 10, 12], [12, 12, 11, 10, 10, 13, 12, 11, 13, 11, 12, 13, 10, 11, 13, 11, 12, 12, 11, 10, 11, 13, 12, 11, 10], [13, 12, 11, 13, 12, 13, 11, 13, 11, 13, 11, 12, 10, 10, 11, 12, 10, 10, 13, 10, 10, 11, 10, 10, 10]]
Inventory holding cost per unit of each product by the end of each period h: 
[[6, 8, 8, 7, 6, 7, 8, 9, 6, 8, 6, 9, 9, 7, 8, 7, 5, 9, 6, 9, 9, 9, 7, 9, 5], [6, 6, 5, 5, 9, 9, 6, 9, 6, 5, 8, 8, 5, 8, 5, 8, 9, 5, 7, 8, 5, 8, 9, 8, 9], [5, 5, 6, 9, 6, 6, 7, 7, 5, 9, 9, 9, 8, 9, 9, 9, 6, 8, 9, 5, 7, 7, 7, 5, 6], [7, 9, 8, 6, 8, 7, 7, 9, 7, 6, 6, 6, 9, 6, 8, 5, 8, 6, 8, 6, 8, 8, 9, 8, 7], [6, 8, 6, 8, 6, 5, 7, 5, 5, 8, 8, 9, 8, 5, 9, 9, 7, 9, 7, 5, 7, 6, 7, 5, 6], [7, 7, 6, 6, 9, 8, 5, 7, 7, 9, 6, 6, 5, 7, 6, 9, 6, 6, 8, 8, 5, 7, 9, 7, 6], [5, 6, 5, 7, 5, 9, 5, 7, 7, 9, 6, 9, 6, 9, 9, 6, 7, 5, 5, 5, 8, 6, 9, 6, 5], [8, 6, 7, 9, 6, 5, 9, 5, 7, 9, 8, 8, 9, 9, 5, 7, 8, 7, 5, 9, 6, 6, 5, 5, 9], [8, 5, 8, 8, 7, 7, 6, 9, 7, 7, 5, 5, 5, 9, 7, 8, 9, 7, 7, 7, 9, 7, 9, 9, 5], [6, 7, 8, 7, 9, 5, 6, 9, 5, 6, 7, 7, 7, 9, 8, 6, 9, 8, 5, 9, 7, 8, 9, 8, 6], [5, 7, 5, 6, 6, 7, 6, 7, 7, 7, 8, 6, 8, 7, 8, 5, 8, 6, 9, 7, 8, 7, 8, 8, 6], [7, 5, 6, 8, 8, 9, 7, 8, 8, 9, 6, 7, 5, 8, 8, 8, 6, 5, 8, 9, 6, 8, 7, 5, 9], [5, 6, 8, 9, 8, 6, 6, 6, 9, 6, 5, 8, 5, 8, 5, 8, 7, 7, 5, 5, 5, 8, 7, 7, 9], [6, 8, 6, 7, 7, 8, 5, 9, 8, 5, 9, 5, 5, 7, 9, 8, 8, 5, 8, 8, 7, 7, 7, 7, 9], [8, 6, 8, 7, 9, 9, 5, 9, 5, 7, 6, 5, 5, 7, 8, 5, 7, 5, 9, 6, 6, 8, 8, 7, 8], [6, 7, 9, 9, 9, 9, 6, 9, 5, 5, 8, 7, 9, 9, 6, 9, 5, 5, 9, 6, 8, 6, 9, 5, 6], [8, 9, 9, 7, 7, 7, 9, 7, 8, 6, 6, 9, 7, 6, 8, 8, 9, 6, 9, 9, 9, 7, 5, 8, 5], [5, 8, 8, 5, 9, 9, 7, 8, 7, 7, 7, 8, 5, 8, 5, 8, 9, 8, 5, 7, 5, 5, 5, 5, 5], [9, 5, 6, 9, 9, 5, 8, 9, 8, 7, 6, 8, 9, 5, 5, 5, 9, 8, 5, 6, 6, 7, 9, 5, 7], [5, 8, 9, 7, 6, 5, 8, 8, 7, 6, 8, 7, 9, 7, 5, 5, 8, 9, 8, 7, 9, 7, 8, 9, 8], [9, 7, 7, 8, 7, 7, 6, 7, 6, 5, 9, 5, 8, 6, 5, 5, 7, 5, 7, 8, 7, 5, 9, 7, 5], [9, 9, 7, 5, 7, 7, 7, 9, 6, 9, 6, 5, 8, 6, 8, 5, 7, 7, 8, 8, 9, 7, 9, 5, 8], [6, 8, 8, 7, 7, 7, 8, 6, 5, 8, 9, 7, 9, 8, 8, 8, 8, 5, 8, 7, 8, 8, 6, 7, 5], [6, 5, 6, 6, 6, 5, 8, 8, 7, 6, 5, 5, 5, 8, 8, 7, 7, 9, 5, 5, 5, 9, 8, 9, 9], [6, 9, 8, 5, 8, 5, 5, 6, 6, 6, 6, 5, 8, 6, 9, 9, 5, 7, 5, 9, 9, 7, 9, 7, 9], [9, 9, 8, 7, 8, 5, 8, 6, 7, 9, 6, 8, 5, 9, 5, 9, 6, 8, 7, 7, 5, 9, 7, 9, 8], [9, 6, 5, 8, 6, 6, 8, 7, 5, 9, 6, 9, 5, 8, 9, 6, 9, 8, 9, 6, 6, 7, 7, 8, 6], [5, 8, 5, 8, 7, 8, 7, 9, 7, 8, 9, 7, 5, 8, 6, 5, 8, 8, 5, 6, 5, 6, 9, 6, 9], [7, 8, 9, 5, 5, 9, 5, 7, 5, 8, 9, 5, 7, 8, 9, 7, 7, 8, 9, 6, 6, 8, 7, 8, 8], [6, 8, 7, 6, 7, 7, 9, 7, 6, 9, 7, 9, 9, 6, 7, 9, 5, 7, 9, 7, 9, 8, 8, 7, 6], [6, 8, 7, 8, 7, 6, 5, 7, 7, 5, 5, 7, 8, 7, 8, 8, 7, 8, 6, 9, 9, 6, 9, 5, 9], [5, 5, 7, 9, 8, 7, 6, 7, 6, 5, 9, 9, 9, 8, 5, 7, 9, 8, 8, 8, 9, 7, 9, 7, 8], [8, 9, 8, 9, 8, 9, 9, 7, 9, 8, 7, 9, 8, 8, 8, 7, 5, 7, 6, 7, 8, 9, 7, 9, 5], [7, 7, 7, 9, 9, 5, 7, 9, 7, 8, 8, 7, 5, 6, 8, 5, 9, 9, 5, 8, 5, 7, 9, 6, 5], [5, 8, 8, 7, 7, 6, 6, 7, 6, 9, 9, 5, 8, 8, 5, 7, 6, 8, 6, 8, 6, 6, 7, 9, 8]]
Demand for each product in each period d: 
[[18, 45, 1, 36, 0, 13, 18, 45, 11, 0, 22, 32, 48, 22, 48, 0, 18, 22, 30, 21, 47, 39, 22, 27, 46], [35, 26, 38, 11, 25, 7, 22, 18, 22, 21, 4, 17, 0, 37, 12, 42, 31, 7, 19, 28, 48, 31, 30, 41, 37], [35, 0, 49, 11, 23, 34, 8, 23, 22, 49, 16, 44, 34, 38, 19, 7, 40, 17, 0, 16, 47, 30, 38, 49, 14], [18, 39, 32, 38, 42, 21, 7, 5, 11, 38, 0, 2, 37, 5, 13, 29, 46, 10, 11, 27, 15, 43, 45, 6, 12], [4, 14, 12, 31, 48, 12, 8, 33, 38, 22, 47, 0, 48, 4, 29, 13, 47, 42, 46, 39, 44, 8, 48, 25, 0], [0, 5, 22, 0, 7, 37, 0, 6, 6, 7, 6, 11, 26, 1, 0, 49, 35, 0, 35, 18, 38, 0, 47, 38, 40], [33, 17, 44, 39, 38, 0, 12, 24, 33, 16, 4, 44, 0, 18, 9, 49, 2, 35, 34, 15, 0, 25, 30, 46, 33], [21, 0, 11, 32, 32, 46, 23, 24, 35, 0, 17, 4, 48, 28, 11, 48, 9, 15, 14, 20, 25, 37, 24, 41, 8], [36, 16, 28, 9, 22, 48, 10, 44, 32, 24, 16, 31, 31, 0, 6, 1, 0, 41, 21, 43, 17, 43, 49, 38, 9], [16, 29, 0, 8, 46, 29, 46, 21, 0, 11, 6, 33, 0, 28, 22, 46, 28, 20, 0, 44, 28, 29, 48, 1, 9], [19, 0, 3, 16, 21, 35, 12, 45, 12, 23, 43, 26, 2, 49, 45, 7, 18, 41, 14, 20, 22, 48, 15, 35, 47], [10, 33, 28, 39, 39, 5, 33, 28, 49, 37, 12, 19, 28, 26, 23, 34, 3, 4, 0, 33, 18, 1, 38, 8, 26], [42, 4, 16, 37, 46, 42, 15, 43, 45, 23, 0, 0, 10, 11, 49, 16, 33, 7, 14, 49, 37, 27, 34, 24, 16], [37, 30, 20, 39, 49, 39, 38, 39, 0, 44, 39, 17, 4, 10, 9, 0, 0, 12, 27, 25, 10, 0, 43, 11, 35], [4, 17, 38, 28, 40, 23, 8, 41, 37, 46, 35, 4, 16, 4, 25, 44, 48, 42, 0, 47, 0, 48, 38, 46, 38], [10, 25, 16, 15, 8, 31, 49, 7, 20, 19, 41, 39, 9, 21, 15, 21, 24, 19, 17, 18, 8, 8, 37, 49, 34], [23, 9, 5, 20, 15, 24, 2, 21, 48, 6, 41, 24, 4, 41, 18, 7, 19, 25, 49, 19, 15, 20, 27, 46, 35], [45, 0, 38, 0, 23, 19, 30, 5, 26, 0, 38, 1, 18, 3, 0, 21, 28, 22, 29, 18, 43, 18, 47, 21, 35], [12, 30, 27, 13, 37, 17, 8, 0, 35, 40, 33, 27, 16, 11, 10, 22, 0, 28, 0, 36, 45, 48, 29, 38, 27], [38, 5, 25, 0, 27, 44, 38, 11, 16, 19, 5, 24, 41, 33, 16, 20, 14, 48, 17, 30, 0, 16, 0, 33, 21], [35, 21, 7, 21, 16, 28, 45, 41, 14, 34, 4, 16, 18, 0, 23, 34, 5, 15, 48, 42, 47, 8, 48, 10, 10], [30, 0, 37, 48, 43, 30, 30, 39, 0, 24, 15, 14, 12, 28, 22, 45, 20, 4, 0, 23, 1, 11, 43, 0, 4], [0, 26, 10, 18, 39, 48, 2, 39, 42, 39, 33, 0, 11, 35, 31, 14, 11, 11, 17, 35, 28, 21, 47, 14, 35], [22, 7, 47, 1, 1, 0, 16, 48, 49, 47, 14, 0, 33, 28, 7, 38, 33, 0, 0, 15, 19, 25, 0, 44, 0], [45, 3, 49, 45, 37, 0, 41, 21, 0, 29, 26, 24, 34, 14, 39, 35, 25, 11, 6, 28, 2, 41, 41, 39, 40], [0, 21, 33, 31, 19, 21, 46, 46, 25, 37, 47, 25, 24, 29, 46, 14, 8, 38, 17, 26, 15, 6, 4, 9, 45], [33, 19, 7, 12, 13, 25, 40, 8, 34, 2, 21, 20, 30, 33, 44, 48, 18, 27, 30, 17, 13, 33, 11, 4, 31], [26, 9, 39, 29, 45, 10, 9, 42, 13, 8, 17, 48, 17, 24, 42, 15, 46, 26, 23, 28, 37, 47, 38, 16, 29], [47, 16, 11, 35, 12, 30, 11, 11, 0, 0, 9, 0, 12, 37, 24, 20, 13, 20, 21, 15, 0, 26, 16, 5, 18], [15, 3, 30, 13, 21, 29, 2, 17, 44, 33, 0, 11, 27, 47, 41, 23, 2, 45, 29, 7, 34, 40, 0, 35, 11], [23, 7, 34, 11, 45, 47, 47, 8, 15, 9, 32, 41, 43, 0, 27, 8, 13, 31, 38, 42, 5, 20, 13, 45, 31], [27, 10, 13, 9, 0, 2, 3, 28, 23, 22, 34, 37, 39, 24, 43, 26, 15, 17, 20, 29, 2, 3, 20, 45, 42], [42, 25, 21, 15, 1, 3, 12, 12, 46, 16, 17, 37, 5, 44, 21, 12, 0, 19, 39, 1, 27, 0, 35, 3, 41], [10, 0, 22, 33, 39, 25, 46, 33, 16, 28, 4, 45, 25, 0, 24, 0, 17, 45, 7, 15, 22, 36, 1, 36, 0], [27, 37, 31, 25, 2, 29, 37, 41, 38, 38, 15, 15, 21, 30, 32, 2, 22, 0, 14, 35, 44, 41, 48, 32, 0]]
Maintenance cost in each period m: 
[32698, 34185, 35266, 33692, 33317, 33352, 35499, 32205, 35212, 32561, 34589, 35058, 31958, 31742, 32095, 34998, 33793, 33905, 33174, 32711, 33234, 35459, 33620, 33643, 32367]
Maximum capacity of the machine cmax: 
1645