Set of periods in the planning horizon T: 
25
Set of products P: 
35
Capacity reduction coefficient alpha: 
0.8
Relative decrease of capacity per set up gamma: 
0.37
Capacity reduction coefficient due to product types beta: 
[0.21, 0.4, 0.29, 0.31, 0.35, 0.26, 0.32, 0.3, 0.37, 0.32, 0.27, 0.21, 0.34, 0.33, 0.3, 0.27, 0.38, 0.39, 0.36, 0.37, 0.22, 0.29, 0.35, 0.2, 0.3, 0.4, 0.29, 0.3, 0.34, 0.31, 0.25, 0.3, 0.25, 0.37, 0.36]
Fixed production cost of each product in each period f: 
[[731, 794, 543, 603, 771, 974, 997, 885, 746, 802, 876, 858, 657, 781, 521, 831, 532, 808, 867, 640, 828, 948, 756, 647, 759], [891, 584, 695, 633, 820, 514, 677, 658, 905, 797, 510, 823, 734, 619, 538, 529, 971, 775, 637, 769, 842, 833, 757, 970, 635], [916, 867, 830, 937, 975, 903, 658, 870, 781, 590, 891, 868, 872, 837, 837, 633, 814, 896, 654, 763, 760, 832, 687, 850, 559], [813, 677, 842, 560, 930, 626, 632, 557, 633, 794, 593, 569, 831, 969, 812, 907, 975, 595, 935, 548, 966, 876, 987, 965, 724], [747, 859, 629, 622, 544, 585, 940, 623, 603, 556, 982, 640, 940, 506, 904, 902, 712, 649, 923, 686, 502, 666, 629, 731, 947], [857, 772, 816, 843, 613, 575, 547, 739, 734, 956, 837, 948, 920, 843, 637, 795, 969, 979, 814, 985, 644, 924, 731, 755, 658], [823, 669, 876, 579, 545, 710, 737, 516, 924, 652, 676, 749, 733, 838, 807, 575, 904, 956, 712, 949, 510, 740, 953, 730, 971], [860, 842, 524, 585, 756, 599, 505, 948, 568, 875, 666, 860, 919, 515, 764, 579, 887, 660, 733, 667, 978, 825, 825, 818, 790], [881, 804, 705, 988, 521, 876, 724, 788, 973, 637, 721, 882, 843, 658, 573, 924, 525, 899, 551, 678, 513, 604, 887, 846, 621], [842, 711, 612, 567, 748, 605, 540, 765, 960, 643, 921, 591, 700, 596, 958, 756, 550, 927, 892, 973, 655, 718, 879, 944, 949], [909, 708, 531, 692, 680, 550, 899, 875, 627, 530, 631, 890, 548, 609, 633, 664, 869, 983, 830, 766, 511, 730, 548, 901, 562], [727, 993, 836, 913, 933, 916, 655, 760, 706, 551, 852, 671, 761, 984, 650, 705, 870, 602, 704, 813, 963, 597, 512, 814, 650], [811, 992, 764, 582, 754, 991, 515, 761, 622, 605, 636, 578, 677, 901, 781, 922, 928, 991, 651, 845, 631, 502, 850, 857, 761], [596, 502, 841, 914, 909, 637, 814, 735, 781, 839, 685, 788, 823, 747, 935, 544, 945, 911, 654, 840, 634, 650, 828, 524, 784], [921, 515, 545, 653, 743, 704, 703, 967, 643, 790, 591, 659, 657, 624, 518, 909, 630, 716, 687, 694, 768, 754, 685, 809, 777], [546, 692, 671, 918, 548, 740, 800, 765, 775, 731, 649, 724, 541, 894, 967, 502, 953, 932, 724, 584, 639, 654, 866, 820, 847], [777, 881, 814, 699, 744, 792, 512, 995, 774, 707, 730, 899, 865, 634, 742, 566, 860, 563, 571, 979, 507, 890, 797, 576, 892], [720, 872, 879, 919, 636, 500, 505, 863, 983, 772, 751, 881, 565, 882, 527, 795, 917, 633, 631, 732, 669, 782, 873, 570, 917], [941, 898, 551, 747, 876, 667, 747, 613, 963, 836, 846, 874, 999, 684, 655, 757, 850, 804, 793, 531, 531, 889, 652, 968, 979], [997, 959, 559, 891, 919, 551, 873, 538, 919, 654, 866, 746, 556, 923, 718, 826, 619, 566, 811, 624, 699, 818, 501, 975, 631], [797, 993, 540, 850, 937, 986, 538, 714, 778, 853, 903, 873, 806, 728, 813, 945, 557, 925, 726, 911, 998, 529, 580, 726, 731], [798, 580, 966, 540, 705, 638, 586, 852, 690, 934, 846, 670, 603, 691, 579, 600, 563, 540, 677, 567, 546, 938, 743, 556, 572], [616, 923, 955, 816, 547, 779, 671, 998, 602, 594, 580, 667, 989, 672, 736, 676, 786, 864, 550, 572, 757, 990, 869, 812, 504], [665, 817, 714, 806, 961, 683, 789, 546, 900, 736, 882, 912, 711, 698, 503, 502, 555, 957, 938, 590, 604, 842, 977, 677, 891], [837, 827, 729, 871, 504, 812, 762, 779, 945, 750, 951, 618, 629, 673, 810, 880, 999, 646, 930, 771, 592, 770, 763, 930, 809], [798, 870, 698, 559, 730, 750, 884, 550, 952, 790, 882, 636, 521, 998, 626, 944, 644, 982, 646, 974, 876, 749, 957, 771, 564], [902, 920, 510, 781, 558, 811, 814, 862, 782, 725, 530, 867, 941, 899, 682, 830, 944, 986, 518, 800, 845, 739, 500, 638, 511], [678, 972, 622, 582, 755, 864, 802, 942, 778, 500, 687, 629, 732, 844, 725, 537, 533, 713, 512, 874, 611, 760, 950, 911, 830], [924, 784, 519, 758, 624, 670, 553, 714, 528, 649, 805, 949, 877, 811, 901, 925, 820, 887, 908, 893, 829, 917, 729, 664, 546], [889, 606, 942, 625, 983, 595, 743, 938, 776, 873, 759, 795, 692, 617, 958, 550, 928, 967, 705, 780, 921, 543, 655, 853, 925], [608, 675, 844, 623, 889, 820, 937, 608, 912, 637, 589, 829, 754, 550, 565, 652, 580, 602, 809, 617, 519, 772, 929, 862, 761], [589, 669, 895, 779, 960, 807, 902, 646, 944, 785, 957, 938, 999, 852, 752, 868, 822, 670, 656, 767, 725, 768, 608, 866, 855], [576, 843, 581, 858, 579, 921, 836, 646, 507, 706, 830, 628, 782, 645, 704, 939, 529, 988, 698, 646, 946, 831, 563, 707, 737], [978, 867, 566, 941, 534, 873, 695, 968, 934, 589, 705, 960, 714, 895, 614, 620, 541, 852, 626, 869, 762, 577, 632, 818, 513], [972, 559, 794, 566, 821, 878, 964, 862, 967, 591, 514, 765, 964, 987, 810, 842, 887, 846, 975, 540, 982, 841, 763, 760, 880]]
Variable production cost per unit of each product in each period p: 
[[11, 13, 11, 13, 10, 13, 11, 13, 13, 11, 10, 13, 12, 11, 13, 10, 10, 13, 11, 13, 13, 10, 11, 13, 11], [10, 11, 10, 13, 11, 12, 12, 11, 11, 13, 13, 13, 13, 12, 10, 13, 13, 13, 10, 12, 12, 13, 12, 13, 10], [10, 10, 11, 10, 11, 10, 13, 11, 11, 11, 13, 10, 10, 13, 11, 12, 10, 11, 12, 10, 12, 10, 10, 10, 10], [13, 11, 10, 10, 10, 11, 13, 13, 12, 13, 13, 10, 10, 11, 12, 11, 10, 10, 10, 13, 11, 11, 12, 12, 11], [11, 11, 11, 13, 10, 12, 11, 12, 10, 12, 10, 10, 10, 11, 11, 13, 13, 13, 11, 13, 10, 10, 10, 10, 13], [11, 13, 11, 10, 10, 13, 13, 10, 11, 10, 13, 13, 13, 13, 13, 12, 12, 12, 11, 10, 13, 13, 12, 12, 10], [13, 11, 12, 13, 11, 13, 11, 10, 10, 13, 13, 11, 12, 13, 11, 12, 11, 12, 12, 10, 12, 13, 12, 10, 11], [10, 12, 10, 13, 10, 12, 10, 13, 11, 11, 12, 10, 13, 11, 12, 11, 13, 11, 12, 11, 10, 10, 13, 11, 13], [11, 12, 13, 12, 10, 13, 10, 11, 12, 12, 11, 10, 13, 12, 11, 10, 12, 10, 12, 11, 12, 11, 11, 10, 10], [10, 10, 10, 12, 13, 11, 10, 12, 12, 13, 13, 12, 10, 10, 10, 10, 10, 10, 13, 10, 13, 10, 12, 10, 10], [10, 13, 11, 11, 10, 13, 10, 10, 11, 12, 10, 12, 12, 12, 11, 11, 12, 10, 13, 12, 12, 10, 11, 11, 13], [11, 11, 13, 13, 10, 13, 13, 13, 13, 12, 10, 11, 12, 12, 12, 10, 13, 11, 13, 10, 11, 12, 11, 13, 10], [13, 10, 10, 12, 13, 10, 10, 10, 13, 13, 10, 12, 13, 11, 13, 12, 12, 11, 13, 13, 12, 12, 11, 11, 11], [10, 10, 10, 11, 12, 13, 11, 13, 11, 11, 12, 12, 13, 10, 12, 10, 11, 12, 10, 12, 13, 13, 12, 11, 10], [13, 13, 10, 12, 10, 13, 10, 11, 10, 10, 12, 12, 13, 11, 13, 12, 10, 12, 13, 13, 13, 12, 11, 10, 11], [10, 12, 12, 13, 10, 10, 12, 11, 13, 13, 12, 13, 11, 13, 10, 11, 13, 13, 10, 10, 13, 12, 11, 10, 11], [10, 12, 13, 13, 11, 12, 10, 12, 13, 12, 12, 12, 11, 10, 12, 10, 10, 12, 12, 10, 10, 11, 12, 12, 10], [11, 13, 11, 12, 10, 10, 13, 10, 10, 12, 11, 11, 11, 12, 11, 10, 12, 13, 11, 13, 12, 12, 13, 13, 10], [13, 13, 13, 10, 13, 12, 13, 11, 11, 11, 13, 13, 13, 11, 10, 13, 10, 12, 11, 11, 10, 12, 12, 10, 10], [13, 13, 10, 10, 10, 12, 11, 10, 11, 10, 10, 10, 13, 13, 10, 12, 13, 12, 11, 10, 11, 13, 13, 13, 11], [12, 13, 13, 10, 13, 13, 11, 13, 13, 13, 11, 10, 13, 10, 10, 13, 11, 10, 13, 11, 12, 11, 13, 13, 12], [10, 10, 12, 13, 13, 13, 11, 10, 12, 12, 10, 10, 12, 11, 10, 11, 11, 11, 10, 11, 13, 12, 12, 11, 11], [10, 13, 10, 10, 10, 12, 13, 13, 12, 12, 10, 11, 13, 11, 11, 12, 13, 13, 10, 11, 12, 10, 13, 12, 12], [10, 10, 13, 13, 10, 11, 12, 12, 12, 13, 10, 10, 11, 11, 13, 13, 12, 12, 10, 13, 10, 10, 11, 13, 13], [10, 11, 12, 12, 10, 12, 12, 11, 13, 11, 11, 11, 13, 11, 11, 11, 11, 10, 12, 12, 11, 10, 13, 13, 11], [12, 12, 12, 12, 12, 12, 13, 13, 13, 13, 13, 13, 12, 13, 12, 11, 10, 13, 10, 13, 13, 11, 13, 11, 12], [11, 13, 11, 10, 10, 11, 11, 11, 10, 10, 13, 13, 10, 10, 11, 13, 10, 10, 12, 11, 11, 13, 11, 12, 12], [11, 13, 12, 11, 12, 13, 10, 11, 11, 11, 13, 10, 11, 13, 13, 11, 11, 10, 11, 11, 12, 11, 13, 10, 11], [13, 13, 12, 13, 10, 10, 13, 13, 13, 10, 11, 11, 10, 10, 11, 10, 13, 13, 12, 12, 12, 12, 12, 10, 10], [10, 13, 10, 13, 12, 13, 10, 11, 10, 12, 13, 12, 12, 10, 11, 11, 12, 13, 10, 13, 10, 13, 13, 11, 13], [10, 11, 12, 12, 12, 12, 10, 10, 12, 12, 12, 10, 12, 10, 13, 13, 13, 10, 13, 13, 12, 11, 10, 10, 13], [12, 11, 12, 11, 11, 13, 13, 12, 10, 13, 13, 10, 11, 11, 12, 10, 10, 13, 11, 10, 11, 10, 11, 12, 11], [13, 13, 12, 13, 10, 11, 11, 12, 11, 13, 13, 10, 12, 11, 11, 10, 11, 12, 13, 12, 13, 10, 13, 10, 11], [12, 10, 10, 13, 11, 10, 13, 11, 10, 13, 10, 10, 11, 13, 11, 10, 13, 12, 10, 12, 11, 11, 11, 12, 11], [11, 10, 12, 13, 12, 13, 13, 13, 12, 10, 13, 12, 13, 11, 12, 12, 13, 13, 13, 10, 12, 13, 11, 12, 13]]
Inventory holding cost per unit of each product by the end of each period h: 
[[5, 8, 8, 8, 6, 7, 8, 9, 6, 9, 6, 5, 6, 9, 9, 7, 9, 6, 5, 7, 5, 6, 6, 6, 5], [7, 5, 5, 6, 8, 7, 5, 7, 7, 9, 6, 5, 7, 9, 5, 7, 5, 8, 5, 7, 6, 7, 6, 5, 8], [7, 7, 7, 5, 8, 8, 5, 9, 8, 6, 8, 5, 9, 5, 6, 7, 9, 6, 9, 8, 9, 5, 5, 7, 7], [6, 5, 5, 9, 6, 5, 5, 6, 9, 6, 5, 7, 9, 9, 9, 9, 6, 7, 7, 6, 8, 7, 9, 7, 9], [8, 5, 7, 5, 9, 6, 6, 9, 9, 5, 5, 7, 5, 7, 8, 9, 6, 8, 9, 5, 9, 9, 7, 7, 5], [7, 5, 9, 6, 5, 6, 7, 9, 7, 7, 7, 6, 7, 6, 9, 6, 8, 7, 6, 5, 7, 8, 6, 8, 9], [7, 7, 6, 8, 6, 5, 8, 6, 7, 5, 6, 6, 9, 5, 9, 8, 6, 7, 7, 6, 7, 5, 8, 9, 7], [7, 8, 9, 5, 8, 9, 7, 6, 8, 5, 7, 5, 5, 9, 5, 9, 5, 6, 9, 5, 8, 7, 8, 8, 7], [5, 5, 8, 6, 5, 9, 9, 5, 6, 6, 6, 7, 8, 5, 8, 9, 8, 9, 8, 8, 7, 6, 8, 6, 7], [7, 5, 8, 7, 8, 6, 5, 9, 8, 6, 6, 6, 9, 9, 8, 7, 7, 8, 8, 8, 6, 7, 5, 6, 5], [6, 9, 5, 7, 7, 7, 7, 9, 8, 9, 9, 5, 6, 7, 7, 9, 9, 5, 6, 8, 6, 8, 9, 8, 9], [6, 5, 5, 8, 8, 8, 8, 9, 8, 6, 9, 6, 6, 8, 9, 9, 7, 6, 8, 8, 6, 7, 6, 8, 9], [9, 9, 8, 5, 9, 6, 6, 6, 7, 9, 5, 7, 6, 9, 8, 7, 6, 7, 8, 7, 9, 9, 8, 5, 9], [7, 8, 8, 5, 8, 7, 7, 7, 6, 9, 9, 6, 8, 6, 7, 7, 6, 9, 5, 5, 7, 6, 6, 7, 6], [6, 7, 7, 9, 6, 7, 9, 5, 9, 5, 5, 7, 6, 7, 8, 8, 5, 5, 9, 8, 6, 7, 9, 9, 9], [8, 7, 8, 8, 9, 9, 8, 9, 7, 8, 5, 8, 6, 9, 5, 7, 9, 6, 7, 9, 7, 5, 9, 5, 5], [5, 8, 5, 5, 5, 5, 7, 9, 8, 5, 6, 8, 7, 5, 7, 8, 6, 9, 7, 9, 9, 9, 5, 5, 7], [9, 8, 8, 8, 8, 7, 6, 5, 7, 6, 9, 7, 7, 9, 8, 9, 5, 8, 6, 6, 7, 9, 8, 6, 7], [5, 6, 6, 5, 7, 9, 5, 6, 7, 8, 6, 6, 6, 5, 5, 8, 8, 9, 9, 7, 7, 8, 8, 8, 7], [6, 6, 7, 5, 5, 6, 7, 6, 5, 6, 6, 5, 9, 5, 6, 5, 6, 7, 9, 7, 9, 7, 5, 6, 8], [6, 8, 7, 9, 9, 8, 7, 9, 6, 6, 5, 5, 9, 9, 9, 7, 6, 9, 6, 6, 5, 5, 7, 6, 9], [7, 6, 9, 8, 9, 8, 5, 6, 5, 8, 9, 8, 6, 7, 9, 8, 9, 9, 9, 8, 5, 9, 6, 8, 5], [5, 6, 5, 9, 5, 7, 8, 7, 5, 5, 6, 9, 7, 8, 6, 5, 7, 5, 8, 6, 7, 9, 7, 8, 8], [6, 5, 7, 5, 6, 9, 8, 6, 6, 7, 7, 8, 5, 6, 5, 5, 9, 8, 6, 9, 9, 9, 5, 6, 8], [8, 9, 6, 7, 9, 8, 9, 7, 6, 5, 5, 7, 8, 6, 6, 9, 9, 5, 5, 8, 7, 6, 6, 5, 7], [8, 5, 5, 6, 5, 8, 6, 6, 5, 9, 8, 7, 8, 8, 9, 9, 5, 9, 5, 5, 5, 8, 5, 7, 8], [6, 6, 6, 5, 5, 5, 5, 9, 9, 8, 9, 6, 7, 8, 6, 6, 6, 9, 6, 7, 6, 5, 8, 5, 6], [6, 8, 5, 5, 9, 8, 9, 7, 6, 9, 9, 9, 9, 5, 8, 7, 6, 7, 8, 8, 5, 6, 9, 8, 7], [5, 5, 5, 6, 8, 8, 9, 5, 8, 6, 5, 9, 9, 7, 5, 8, 9, 7, 6, 7, 9, 8, 6, 5, 5], [7, 5, 8, 7, 5, 6, 8, 9, 7, 7, 9, 9, 6, 8, 5, 6, 7, 6, 8, 8, 5, 9, 6, 8, 8], [6, 8, 6, 5, 6, 7, 9, 6, 5, 6, 9, 5, 9, 7, 9, 8, 7, 6, 7, 6, 8, 9, 8, 9, 8], [6, 6, 7, 9, 5, 6, 6, 6, 9, 5, 6, 5, 9, 8, 9, 7, 5, 5, 9, 9, 6, 9, 5, 6, 6], [7, 7, 9, 7, 8, 7, 6, 7, 8, 9, 7, 7, 8, 6, 7, 6, 9, 8, 8, 6, 7, 6, 5, 6, 7], [9, 6, 5, 6, 5, 7, 5, 7, 5, 7, 6, 7, 7, 7, 5, 5, 7, 9, 8, 9, 7, 7, 6, 8, 9], [6, 5, 5, 5, 6, 5, 6, 6, 9, 5, 7, 7, 9, 6, 7, 9, 9, 5, 9, 6, 8, 6, 9, 5, 6]]
Demand for each product in each period d: 
[[23, 42, 1, 21, 10, 24, 8, 23, 30, 0, 45, 4, 35, 27, 7, 10, 18, 27, 0, 41, 48, 31, 26, 2, 47], [11, 44, 13, 44, 0, 26, 34, 37, 8, 49, 18, 15, 9, 1, 36, 2, 17, 17, 22, 23, 19, 6, 24, 36, 25], [9, 0, 40, 27, 46, 5, 26, 32, 39, 1, 45, 19, 26, 0, 40, 31, 29, 14, 21, 17, 28, 12, 26, 2, 24], [31, 0, 17, 4, 14, 36, 45, 0, 0, 5, 1, 39, 48, 2, 14, 16, 5, 36, 14, 0, 35, 45, 31, 31, 45], [9, 11, 16, 21, 22, 13, 16, 42, 19, 42, 26, 11, 49, 1, 46, 5, 22, 13, 19, 0, 31, 21, 25, 28, 0], [43, 33, 11, 1, 41, 22, 28, 49, 32, 33, 0, 21, 34, 34, 14, 47, 2, 0, 25, 17, 0, 29, 35, 44, 29], [0, 47, 1, 5, 13, 10, 19, 14, 29, 33, 20, 46, 19, 48, 44, 5, 39, 4, 37, 0, 36, 0, 29, 0, 47], [4, 18, 10, 42, 16, 45, 18, 8, 17, 2, 27, 0, 41, 3, 40, 16, 24, 1, 3, 30, 31, 39, 30, 1, 19], [25, 41, 3, 29, 23, 39, 31, 1, 48, 12, 5, 5, 22, 2, 12, 35, 38, 40, 1, 49, 13, 37, 31, 15, 34], [10, 44, 18, 3, 46, 38, 0, 27, 33, 31, 36, 23, 33, 28, 44, 47, 21, 37, 23, 38, 48, 14, 37, 8, 19], [43, 6, 17, 22, 14, 41, 20, 30, 14, 21, 0, 19, 20, 22, 22, 0, 0, 34, 30, 13, 49, 37, 13, 13, 48], [26, 35, 34, 43, 44, 38, 7, 8, 36, 19, 18, 25, 21, 40, 41, 45, 0, 1, 0, 17, 41, 45, 12, 25, 16], [0, 41, 3, 5, 19, 33, 8, 40, 23, 5, 17, 41, 1, 2, 35, 29, 26, 6, 29, 48, 42, 43, 23, 39, 4], [24, 37, 43, 22, 0, 37, 19, 9, 23, 40, 0, 4, 20, 44, 15, 44, 2, 33, 33, 22, 45, 2, 7, 45, 38], [42, 37, 49, 33, 5, 32, 5, 28, 25, 17, 0, 7, 5, 10, 41, 45, 17, 17, 34, 46, 4, 24, 34, 27, 24], [5, 4, 17, 12, 39, 41, 32, 23, 10, 39, 38, 25, 1, 43, 25, 32, 44, 5, 13, 21, 36, 34, 14, 30, 49], [14, 22, 9, 29, 2, 14, 20, 23, 25, 31, 17, 43, 38, 2, 34, 6, 26, 18, 37, 35, 11, 18, 21, 10, 0], [0, 12, 44, 31, 37, 4, 46, 22, 21, 47, 47, 40, 20, 30, 26, 3, 9, 38, 1, 14, 20, 17, 3, 29, 34], [7, 23, 7, 7, 18, 25, 12, 37, 8, 40, 4, 36, 27, 49, 3, 2, 38, 1, 18, 1, 0, 0, 13, 0, 0], [0, 28, 15, 12, 48, 1, 5, 38, 19, 17, 0, 13, 33, 11, 16, 17, 3, 13, 6, 32, 46, 45, 0, 38, 4], [20, 49, 1, 48, 15, 7, 19, 44, 32, 38, 3, 2, 7, 44, 13, 14, 37, 24, 0, 7, 14, 47, 26, 19, 23], [3, 11, 1, 18, 27, 14, 17, 25, 49, 8, 29, 21, 24, 35, 19, 17, 20, 0, 0, 0, 5, 9, 43, 42, 18], [10, 0, 25, 2, 2, 28, 21, 21, 17, 11, 19, 24, 9, 3, 0, 14, 48, 2, 40, 35, 40, 11, 42, 14, 1], [13, 9, 29, 45, 26, 39, 47, 49, 0, 5, 27, 35, 4, 48, 33, 45, 35, 6, 28, 2, 26, 20, 0, 30, 5], [20, 12, 26, 29, 46, 12, 12, 26, 14, 32, 5, 32, 44, 47, 42, 22, 3, 6, 40, 20, 0, 37, 20, 46, 25], [19, 46, 47, 34, 3, 0, 6, 3, 19, 34, 15, 23, 25, 33, 30, 1, 12, 30, 26, 41, 14, 38, 41, 29, 41], [7, 26, 31, 3, 18, 38, 40, 45, 34, 11, 39, 10, 20, 41, 44, 12, 32, 49, 5, 5, 18, 3, 8, 8, 30], [34, 11, 33, 17, 37, 14, 0, 42, 29, 13, 17, 13, 44, 8, 3, 28, 4, 14, 3, 34, 37, 35, 29, 22, 27], [7, 42, 20, 37, 48, 5, 44, 28, 26, 18, 11, 8, 3, 31, 19, 7, 26, 10, 6, 27, 2, 3, 24, 36, 42], [49, 34, 13, 2, 5, 48, 32, 13, 24, 16, 12, 26, 0, 12, 17, 31, 37, 0, 8, 34, 47, 3, 0, 9, 2], [12, 6, 45, 0, 5, 14, 36, 36, 3, 34, 27, 42, 16, 25, 22, 23, 14, 20, 38, 30, 17, 28, 15, 2, 1], [1, 12, 45, 27, 11, 13, 3, 29, 38, 6, 26, 38, 4, 48, 11, 40, 31, 7, 10, 24, 19, 15, 47, 7, 39], [25, 46, 39, 6, 35, 34, 36, 13, 42, 44, 6, 20, 43, 10, 28, 7, 3, 15, 27, 17, 4, 44, 32, 43, 26], [32, 44, 1, 25, 0, 41, 27, 37, 7, 15, 4, 21, 17, 32, 39, 11, 0, 10, 25, 21, 13, 5, 36, 30, 21], [40, 39, 4, 27, 8, 27, 16, 18, 33, 9, 6, 46, 43, 0, 42, 24, 14, 17, 36, 46, 40, 6, 26, 26, 20]]
Maintenance cost in each period m: 
[34828, 31723, 31749, 31920, 33470, 33411, 33719, 33666, 33732, 35360, 32026, 35605, 34295, 31957, 32173, 34775, 31876, 34303, 32593, 33119, 33627, 34478, 32305, 31999, 32302]
Maximum capacity of the machine cmax: 
1400