Set of periods in the planning horizon T: 
25
Set of products P: 
35
Capacity reduction coefficient alpha: 
0.8
Relative decrease of capacity per set up gamma: 
0.33
Capacity reduction coefficient due to product types beta: 
[0.31, 0.31, 0.26, 0.36, 0.26, 0.23, 0.3, 0.25, 0.36, 0.29, 0.29, 0.37, 0.26, 0.27, 0.3, 0.21, 0.2, 0.31, 0.39, 0.32, 0.26, 0.39, 0.22, 0.25, 0.39, 0.28, 0.31, 0.34, 0.35, 0.25, 0.35, 0.24, 0.4, 0.38, 0.35]
Fixed production cost of each product in each period f: 
[[977, 562, 938, 905, 758, 708, 638, 658, 645, 956, 840, 967, 738, 857, 983, 602, 802, 802, 517, 741, 539, 596, 896, 700, 991], [910, 870, 700, 775, 652, 955, 595, 887, 712, 622, 702, 886, 732, 789, 673, 695, 729, 649, 620, 923, 681, 717, 748, 643, 875], [866, 533, 741, 704, 651, 898, 920, 563, 834, 604, 769, 619, 614, 789, 772, 650, 529, 617, 648, 728, 826, 610, 693, 542, 724], [714, 819, 629, 654, 737, 625, 523, 983, 691, 731, 867, 900, 882, 660, 693, 789, 659, 688, 985, 663, 960, 595, 715, 861, 852], [574, 998, 738, 994, 705, 977, 601, 679, 810, 987, 828, 584, 998, 986, 945, 890, 673, 550, 890, 843, 597, 535, 714, 897, 814], [784, 801, 923, 909, 684, 785, 602, 823, 606, 734, 613, 979, 529, 724, 838, 780, 993, 999, 731, 778, 806, 609, 977, 945, 668], [713, 684, 917, 917, 568, 545, 676, 968, 686, 557, 601, 988, 652, 875, 809, 515, 880, 912, 847, 575, 889, 919, 507, 816, 973], [586, 726, 761, 651, 844, 992, 669, 872, 564, 718, 773, 527, 662, 525, 538, 776, 517, 722, 536, 531, 661, 591, 681, 562, 594], [623, 792, 672, 967, 992, 560, 787, 582, 537, 515, 835, 940, 758, 511, 753, 712, 528, 984, 850, 652, 817, 710, 872, 562, 831], [990, 597, 991, 643, 850, 727, 723, 938, 999, 599, 968, 997, 760, 517, 522, 860, 882, 939, 649, 572, 843, 717, 971, 841, 868], [919, 866, 531, 560, 913, 598, 764, 624, 989, 926, 973, 756, 775, 613, 505, 621, 847, 525, 528, 714, 912, 903, 924, 635, 604], [635, 992, 809, 581, 984, 603, 888, 877, 822, 504, 619, 749, 717, 527, 630, 797, 604, 500, 577, 995, 589, 579, 914, 709, 602], [627, 563, 835, 631, 653, 558, 852, 857, 689, 526, 521, 659, 594, 931, 551, 791, 959, 795, 730, 847, 907, 967, 678, 819, 717], [972, 772, 785, 861, 825, 732, 615, 951, 871, 501, 856, 544, 652, 714, 887, 647, 566, 899, 890, 725, 748, 710, 906, 888, 664], [834, 613, 511, 543, 581, 506, 689, 664, 933, 933, 516, 573, 962, 629, 648, 939, 787, 624, 990, 800, 964, 803, 724, 770, 579], [528, 584, 908, 521, 922, 621, 707, 695, 645, 770, 718, 994, 510, 862, 687, 626, 544, 908, 883, 969, 888, 974, 702, 930, 575], [941, 577, 607, 591, 930, 686, 989, 848, 615, 560, 693, 629, 863, 866, 752, 760, 777, 664, 905, 947, 919, 578, 656, 519, 556], [831, 967, 604, 671, 893, 887, 647, 905, 776, 645, 689, 624, 710, 736, 626, 952, 768, 808, 710, 669, 963, 615, 709, 704, 502], [871, 840, 901, 563, 783, 763, 636, 630, 901, 937, 505, 647, 556, 671, 866, 918, 733, 858, 777, 543, 540, 798, 605, 959, 933], [601, 692, 663, 527, 653, 643, 614, 620, 941, 834, 970, 919, 712, 589, 546, 539, 912, 908, 559, 990, 557, 539, 777, 580, 877], [907, 645, 859, 530, 786, 724, 841, 869, 581, 767, 575, 816, 719, 906, 805, 913, 709, 757, 502, 846, 946, 915, 932, 879, 536], [855, 642, 630, 605, 906, 537, 985, 795, 547, 978, 665, 604, 834, 945, 667, 620, 982, 653, 784, 942, 950, 721, 541, 750, 578], [677, 881, 917, 948, 514, 938, 524, 611, 890, 786, 640, 770, 609, 520, 935, 822, 954, 893, 712, 613, 876, 861, 796, 710, 994], [702, 798, 934, 501, 519, 864, 975, 649, 668, 982, 982, 535, 810, 581, 823, 518, 883, 790, 995, 852, 582, 855, 887, 553, 716], [535, 547, 582, 545, 625, 673, 653, 901, 834, 999, 863, 807, 882, 904, 508, 867, 693, 959, 930, 864, 602, 526, 875, 743, 986], [532, 523, 599, 997, 930, 668, 765, 738, 803, 571, 685, 654, 771, 800, 837, 847, 609, 521, 617, 540, 553, 818, 660, 606, 718], [648, 758, 780, 720, 764, 847, 654, 844, 504, 863, 647, 862, 753, 777, 775, 941, 817, 822, 779, 927, 757, 703, 929, 577, 676], [878, 875, 913, 767, 668, 604, 760, 891, 887, 748, 683, 633, 537, 577, 918, 659, 532, 590, 974, 905, 730, 897, 682, 870, 529], [540, 605, 760, 773, 522, 907, 953, 768, 822, 712, 774, 998, 696, 948, 995, 985, 884, 524, 819, 526, 625, 884, 757, 697, 660], [557, 728, 529, 778, 650, 596, 588, 531, 613, 672, 545, 873, 671, 593, 703, 941, 711, 551, 592, 895, 997, 790, 687, 779, 743], [720, 915, 996, 565, 837, 650, 515, 782, 697, 539, 689, 955, 816, 809, 924, 865, 642, 541, 628, 528, 750, 829, 774, 634, 973], [513, 873, 901, 883, 554, 753, 962, 641, 884, 765, 915, 593, 639, 923, 866, 992, 500, 694, 815, 995, 773, 821, 644, 805, 973], [848, 791, 584, 923, 537, 552, 514, 660, 957, 709, 763, 818, 795, 774, 522, 830, 959, 620, 521, 847, 883, 569, 632, 858, 612], [531, 505, 595, 860, 751, 932, 532, 986, 901, 503, 799, 668, 853, 638, 593, 985, 587, 840, 799, 874, 554, 529, 866, 768, 576], [605, 907, 960, 910, 617, 861, 708, 788, 537, 566, 825, 801, 764, 511, 900, 600, 901, 976, 832, 980, 608, 518, 777, 884, 809]]
Variable production cost per unit of each product in each period p: 
[[10, 10, 12, 12, 10, 13, 10, 11, 12, 13, 11, 11, 13, 13, 12, 12, 12, 11, 12, 11, 13, 10, 11, 13, 12], [12, 13, 10, 13, 13, 12, 13, 11, 11, 13, 11, 11, 13, 11, 13, 13, 11, 12, 11, 12, 10, 11, 10, 13, 13], [10, 12, 11, 10, 10, 11, 10, 12, 12, 13, 12, 12, 11, 10, 12, 11, 12, 10, 11, 10, 10, 10, 10, 10, 13], [13, 11, 10, 10, 10, 11, 12, 10, 13, 10, 10, 13, 12, 13, 10, 13, 12, 11, 12, 13, 12, 11, 13, 10, 13], [10, 10, 13, 13, 10, 10, 11, 13, 13, 12, 12, 10, 11, 13, 12, 12, 10, 10, 12, 10, 12, 11, 12, 11, 11], [11, 12, 10, 11, 11, 11, 11, 10, 10, 12, 13, 12, 12, 11, 11, 12, 13, 13, 13, 13, 12, 11, 10, 11, 13], [13, 10, 11, 12, 13, 12, 11, 13, 10, 10, 13, 13, 13, 11, 10, 11, 12, 13, 13, 11, 10, 11, 12, 11, 13], [10, 12, 11, 13, 12, 13, 12, 13, 13, 12, 11, 11, 11, 11, 13, 10, 11, 10, 12, 12, 13, 12, 13, 11, 12], [10, 10, 13, 10, 10, 12, 13, 12, 13, 11, 10, 10, 12, 11, 11, 11, 12, 13, 11, 10, 12, 13, 12, 10, 10], [11, 11, 10, 12, 10, 12, 10, 13, 12, 11, 13, 12, 10, 12, 11, 11, 11, 11, 11, 10, 10, 12, 13, 12, 13], [11, 13, 12, 12, 11, 11, 12, 13, 13, 13, 12, 13, 10, 12, 10, 11, 11, 13, 13, 13, 12, 11, 13, 10, 10], [12, 13, 13, 10, 13, 13, 12, 13, 13, 10, 13, 13, 10, 10, 11, 13, 12, 13, 13, 11, 13, 13, 12, 11, 10], [12, 10, 10, 10, 12, 11, 12, 13, 12, 12, 11, 10, 11, 11, 10, 11, 11, 10, 11, 10, 12, 11, 10, 12, 12], [12, 11, 10, 11, 12, 10, 13, 12, 12, 12, 12, 10, 13, 12, 11, 10, 12, 13, 13, 13, 13, 11, 10, 13, 11], [13, 12, 10, 12, 11, 12, 10, 13, 13, 12, 13, 11, 13, 10, 12, 12, 13, 10, 10, 10, 12, 10, 10, 11, 12], [11, 12, 11, 10, 13, 10, 10, 12, 10, 11, 11, 11, 12, 10, 12, 13, 12, 13, 11, 10, 11, 11, 10, 11, 10], [10, 11, 12, 10, 12, 11, 13, 12, 13, 13, 13, 11, 10, 10, 10, 12, 11, 13, 10, 12, 11, 10, 13, 13, 11], [10, 10, 10, 11, 12, 10, 10, 11, 11, 10, 10, 12, 11, 11, 10, 10, 11, 10, 10, 12, 11, 11, 12, 10, 11], [10, 12, 13, 11, 13, 12, 13, 13, 11, 13, 13, 10, 11, 13, 10, 11, 12, 13, 12, 13, 12, 11, 10, 11, 10], [13, 12, 12, 12, 11, 11, 12, 11, 12, 10, 13, 10, 12, 13, 12, 12, 13, 13, 11, 10, 13, 10, 12, 13, 10], [12, 13, 13, 10, 13, 10, 13, 13, 10, 13, 13, 12, 13, 10, 11, 13, 13, 10, 12, 10, 13, 11, 10, 13, 10], [12, 10, 13, 13, 11, 10, 13, 12, 10, 12, 10, 12, 10, 10, 13, 11, 13, 11, 13, 12, 10, 11, 11, 13, 11], [11, 13, 13, 10, 13, 10, 13, 12, 13, 12, 12, 10, 12, 10, 12, 11, 11, 13, 13, 10, 11, 13, 13, 11, 12], [12, 12, 11, 12, 12, 10, 13, 13, 12, 12, 11, 12, 12, 11, 11, 11, 12, 11, 10, 13, 12, 10, 10, 13, 10], [12, 10, 10, 11, 10, 13, 10, 12, 11, 13, 10, 13, 10, 10, 13, 11, 12, 12, 10, 11, 11, 12, 12, 12, 13], [11, 10, 10, 10, 10, 13, 13, 12, 11, 11, 11, 10, 13, 11, 11, 12, 10, 10, 12, 10, 13, 12, 10, 12, 13], [11, 13, 12, 11, 13, 12, 13, 10, 12, 11, 11, 10, 11, 10, 11, 13, 10, 12, 13, 11, 10, 12, 11, 11, 12], [13, 13, 12, 12, 11, 10, 13, 11, 11, 10, 11, 11, 10, 13, 10, 12, 12, 11, 11, 12, 11, 12, 10, 10, 12], [12, 11, 13, 12, 12, 13, 10, 11, 13, 13, 11, 12, 10, 12, 13, 12, 10, 13, 12, 12, 13, 13, 11, 10, 13], [10, 10, 12, 13, 12, 13, 11, 10, 12, 10, 10, 13, 11, 13, 13, 13, 10, 12, 12, 10, 11, 10, 12, 10, 11], [10, 11, 10, 10, 10, 10, 13, 12, 10, 13, 12, 11, 10, 11, 11, 11, 13, 11, 13, 13, 13, 13, 12, 10, 10], [12, 13, 13, 11, 11, 11, 11, 13, 10, 13, 11, 10, 10, 13, 11, 10, 12, 10, 12, 10, 10, 10, 11, 13, 13], [10, 10, 13, 11, 10, 13, 13, 13, 10, 10, 13, 11, 11, 12, 13, 13, 10, 13, 12, 13, 11, 10, 13, 11, 12], [10, 10, 12, 12, 11, 13, 11, 11, 10, 11, 13, 12, 13, 13, 11, 12, 12, 11, 11, 12, 12, 12, 10, 13, 12], [12, 13, 13, 11, 12, 13, 12, 13, 11, 12, 13, 11, 12, 11, 12, 13, 13, 10, 12, 13, 10, 12, 12, 11, 13]]
Inventory holding cost per unit of each product by the end of each period h: 
[[7, 9, 7, 6, 9, 7, 7, 9, 7, 8, 7, 8, 8, 8, 6, 7, 7, 7, 8, 7, 9, 7, 6, 7, 6], [7, 6, 8, 7, 7, 9, 7, 5, 5, 9, 9, 8, 6, 6, 8, 7, 8, 9, 7, 5, 6, 6, 8, 8, 5], [7, 5, 7, 8, 8, 9, 5, 8, 7, 6, 5, 6, 5, 8, 7, 5, 5, 8, 5, 8, 6, 5, 6, 7, 5], [6, 8, 8, 5, 5, 9, 7, 9, 6, 9, 6, 9, 6, 9, 9, 8, 7, 7, 7, 8, 7, 9, 8, 8, 6], [5, 8, 8, 8, 8, 9, 5, 7, 5, 8, 5, 7, 7, 5, 9, 8, 5, 7, 6, 7, 7, 7, 7, 8, 8], [7, 6, 6, 8, 6, 9, 7, 6, 7, 6, 6, 7, 7, 5, 7, 9, 8, 8, 9, 5, 9, 7, 5, 6, 9], [7, 6, 7, 6, 5, 9, 9, 7, 9, 8, 7, 7, 5, 5, 8, 8, 6, 8, 8, 5, 5, 9, 9, 5, 6], [8, 6, 7, 5, 9, 7, 6, 9, 8, 5, 6, 6, 9, 7, 6, 9, 6, 6, 6, 7, 9, 8, 5, 8, 5], [5, 5, 7, 8, 5, 5, 7, 5, 8, 6, 8, 5, 8, 8, 7, 5, 6, 5, 7, 5, 6, 7, 8, 5, 6], [7, 8, 7, 6, 6, 5, 7, 9, 7, 7, 9, 8, 8, 7, 7, 8, 9, 5, 5, 8, 9, 6, 8, 7, 9], [9, 6, 9, 8, 8, 9, 5, 9, 7, 5, 5, 8, 6, 9, 7, 9, 8, 6, 5, 9, 7, 5, 8, 6, 8], [6, 5, 9, 7, 9, 5, 8, 6, 5, 5, 9, 6, 6, 9, 6, 5, 9, 6, 5, 8, 9, 8, 8, 5, 5], [9, 5, 9, 6, 8, 5, 8, 9, 7, 6, 6, 5, 5, 6, 5, 7, 5, 6, 5, 8, 7, 7, 9, 7, 9], [5, 7, 9, 9, 8, 9, 5, 7, 9, 5, 7, 9, 7, 7, 6, 9, 9, 9, 5, 9, 7, 7, 5, 6, 5], [5, 6, 7, 6, 7, 8, 6, 8, 6, 6, 6, 8, 6, 5, 6, 5, 7, 6, 7, 6, 9, 9, 6, 7, 8], [6, 7, 8, 6, 5, 9, 8, 7, 8, 6, 6, 9, 7, 9, 8, 7, 8, 6, 6, 7, 6, 7, 9, 9, 8], [9, 8, 6, 5, 6, 6, 7, 7, 5, 5, 7, 6, 6, 7, 8, 5, 9, 6, 9, 7, 7, 7, 8, 6, 5], [9, 6, 5, 9, 8, 5, 8, 5, 9, 7, 6, 5, 6, 8, 8, 8, 7, 8, 8, 8, 9, 9, 5, 6, 9], [5, 9, 6, 5, 8, 9, 9, 7, 5, 6, 7, 7, 5, 6, 6, 9, 5, 6, 7, 5, 6, 7, 9, 8, 8], [6, 6, 8, 5, 6, 5, 8, 5, 9, 5, 8, 7, 9, 7, 7, 6, 6, 9, 9, 9, 5, 8, 6, 6, 7], [7, 9, 5, 6, 8, 7, 8, 6, 7, 6, 9, 6, 6, 8, 5, 8, 9, 5, 9, 7, 6, 9, 7, 9, 8], [9, 8, 9, 9, 8, 8, 9, 8, 6, 9, 7, 9, 9, 7, 5, 7, 7, 9, 5, 6, 6, 8, 7, 6, 5], [6, 6, 5, 5, 7, 7, 6, 6, 7, 8, 8, 8, 8, 6, 9, 8, 5, 5, 5, 8, 5, 7, 8, 5, 7], [5, 6, 9, 7, 7, 8, 7, 6, 8, 8, 5, 7, 6, 5, 9, 6, 7, 6, 6, 8, 6, 9, 6, 7, 9], [5, 6, 7, 8, 9, 6, 7, 5, 9, 6, 5, 8, 7, 8, 6, 8, 7, 8, 6, 8, 8, 6, 7, 5, 9], [8, 9, 7, 9, 7, 7, 6, 7, 9, 7, 8, 5, 8, 7, 5, 8, 6, 6, 5, 8, 5, 7, 9, 7, 8], [5, 7, 6, 9, 6, 9, 6, 5, 5, 6, 9, 5, 8, 7, 9, 8, 6, 9, 8, 5, 6, 8, 5, 7, 5], [6, 6, 8, 8, 7, 9, 5, 9, 9, 5, 9, 7, 7, 9, 7, 9, 5, 6, 9, 9, 9, 6, 7, 5, 7], [5, 9, 9, 8, 8, 9, 9, 8, 6, 8, 6, 8, 9, 7, 7, 7, 6, 7, 5, 5, 8, 9, 8, 6, 8], [9, 8, 5, 5, 5, 9, 8, 9, 6, 9, 9, 7, 5, 9, 9, 7, 6, 9, 6, 5, 5, 6, 7, 5, 7], [5, 6, 8, 9, 7, 9, 9, 7, 9, 5, 9, 8, 7, 9, 8, 8, 5, 5, 7, 9, 8, 6, 6, 7, 9], [7, 9, 8, 9, 6, 5, 6, 9, 8, 6, 7, 5, 9, 6, 5, 6, 5, 9, 5, 8, 7, 7, 9, 7, 7], [7, 5, 7, 6, 8, 8, 6, 7, 6, 9, 6, 6, 5, 7, 7, 9, 6, 5, 8, 5, 6, 8, 8, 8, 6], [9, 8, 6, 5, 7, 6, 5, 5, 8, 6, 9, 5, 6, 6, 5, 7, 8, 8, 5, 7, 7, 8, 6, 9, 9], [8, 8, 8, 9, 7, 6, 8, 6, 6, 6, 7, 7, 5, 5, 9, 8, 5, 5, 5, 5, 8, 8, 5, 7, 9]]
Demand for each product in each period d: 
[[2, 37, 24, 8, 42, 29, 44, 32, 48, 24, 11, 42, 13, 24, 9, 13, 24, 29, 41, 11, 0, 23, 35, 43, 25], [6, 0, 35, 24, 44, 4, 8, 45, 18, 15, 6, 19, 13, 10, 17, 23, 43, 14, 45, 6, 17, 13, 22, 34, 43], [49, 23, 48, 32, 48, 2, 3, 39, 5, 49, 20, 14, 12, 34, 1, 29, 30, 26, 13, 1, 35, 45, 14, 7, 39], [9, 37, 13, 41, 28, 21, 28, 24, 27, 49, 41, 12, 42, 39, 12, 27, 25, 10, 0, 39, 22, 12, 14, 33, 12], [46, 38, 1, 19, 6, 0, 13, 41, 21, 37, 32, 8, 42, 36, 12, 10, 42, 33, 26, 6, 33, 25, 32, 15, 44], [36, 4, 31, 36, 34, 25, 18, 0, 37, 33, 26, 5, 5, 11, 20, 46, 2, 8, 33, 48, 20, 5, 5, 27, 25], [42, 23, 0, 45, 38, 46, 18, 23, 34, 11, 14, 0, 25, 29, 8, 40, 10, 34, 0, 14, 38, 48, 29, 36, 27], [35, 33, 24, 41, 47, 33, 30, 37, 34, 4, 46, 9, 37, 4, 0, 17, 38, 39, 1, 18, 8, 10, 42, 31, 9], [6, 16, 24, 23, 31, 21, 4, 21, 32, 44, 46, 37, 48, 0, 20, 22, 8, 32, 31, 1, 39, 33, 19, 32, 0], [9, 46, 4, 44, 20, 24, 42, 30, 47, 34, 26, 49, 4, 43, 48, 30, 44, 36, 4, 18, 21, 9, 22, 14, 10], [16, 23, 29, 36, 40, 40, 12, 4, 45, 0, 48, 40, 17, 44, 14, 16, 4, 0, 17, 0, 23, 41, 2, 42, 19], [48, 25, 27, 45, 23, 0, 33, 38, 35, 34, 9, 11, 34, 9, 19, 34, 20, 46, 15, 34, 48, 48, 43, 0, 29], [42, 26, 31, 21, 9, 4, 4, 39, 0, 25, 44, 2, 48, 11, 13, 18, 2, 29, 18, 42, 1, 23, 32, 37, 47], [22, 1, 47, 33, 12, 15, 28, 45, 26, 1, 17, 21, 45, 17, 6, 49, 31, 0, 35, 43, 48, 15, 33, 11, 35], [10, 26, 47, 49, 16, 33, 0, 38, 44, 16, 24, 39, 0, 6, 40, 4, 27, 0, 13, 3, 43, 29, 47, 25, 5], [40, 33, 10, 13, 4, 12, 46, 45, 3, 20, 35, 18, 43, 17, 44, 43, 48, 41, 47, 30, 10, 40, 47, 35, 6], [3, 3, 17, 7, 44, 42, 19, 30, 34, 28, 49, 24, 1, 9, 37, 13, 0, 32, 10, 14, 0, 13, 45, 37, 0], [27, 6, 33, 5, 25, 3, 1, 35, 49, 41, 0, 38, 46, 0, 15, 13, 46, 18, 21, 49, 10, 2, 45, 30, 36], [20, 39, 27, 47, 6, 20, 14, 3, 9, 39, 44, 33, 12, 8, 42, 28, 25, 33, 30, 2, 1, 25, 25, 31, 7], [41, 6, 13, 16, 3, 14, 2, 46, 32, 41, 4, 22, 27, 18, 0, 46, 5, 30, 48, 13, 14, 42, 21, 27, 36], [43, 34, 3, 47, 49, 20, 19, 17, 43, 0, 20, 16, 0, 9, 7, 14, 33, 18, 0, 14, 30, 34, 32, 23, 27], [15, 0, 5, 35, 22, 21, 38, 15, 48, 43, 25, 43, 23, 30, 34, 18, 44, 18, 32, 37, 0, 41, 14, 2, 29], [24, 43, 44, 25, 40, 40, 42, 11, 10, 44, 5, 1, 43, 26, 7, 38, 23, 23, 39, 34, 0, 45, 27, 31, 1], [7, 41, 38, 0, 46, 48, 40, 2, 11, 20, 32, 23, 38, 18, 16, 13, 38, 28, 8, 37, 30, 7, 9, 1, 39], [22, 11, 0, 27, 29, 8, 27, 8, 48, 22, 21, 27, 3, 17, 6, 3, 1, 31, 10, 41, 9, 27, 41, 17, 0], [0, 38, 20, 0, 19, 9, 47, 28, 24, 8, 13, 37, 3, 40, 0, 26, 30, 3, 37, 38, 45, 15, 13, 16, 21], [1, 41, 36, 13, 8, 0, 0, 8, 15, 6, 48, 28, 23, 36, 48, 19, 9, 45, 39, 6, 15, 19, 0, 48, 48], [5, 32, 15, 35, 25, 23, 40, 0, 20, 14, 10, 35, 39, 21, 11, 10, 10, 40, 0, 46, 42, 4, 10, 28, 29], [5, 25, 4, 12, 44, 15, 47, 31, 44, 49, 14, 29, 2, 11, 6, 8, 38, 9, 28, 17, 40, 14, 25, 13, 25], [31, 45, 42, 45, 41, 35, 7, 40, 22, 46, 24, 7, 19, 45, 5, 18, 0, 27, 25, 10, 40, 15, 23, 42, 31], [2, 25, 44, 13, 7, 25, 0, 0, 36, 10, 39, 43, 10, 3, 5, 29, 23, 16, 23, 10, 17, 24, 49, 22, 3], [30, 42, 12, 3, 31, 16, 5, 2, 11, 33, 5, 38, 0, 1, 20, 8, 20, 5, 0, 44, 2, 24, 25, 37, 45], [0, 46, 38, 2, 1, 37, 49, 24, 3, 0, 21, 30, 25, 37, 1, 10, 47, 33, 4, 47, 28, 18, 19, 39, 36], [26, 5, 34, 30, 39, 48, 33, 20, 3, 47, 0, 15, 17, 41, 4, 36, 16, 21, 26, 24, 38, 26, 45, 22, 18], [6, 24, 22, 36, 33, 9, 9, 35, 46, 49, 0, 14, 31, 9, 39, 28, 30, 13, 37, 21, 33, 25, 31, 46, 37]]
Maintenance cost in each period m: 
[32840, 33672, 34736, 35429, 35083, 35541, 33055, 33382, 34552, 35344, 33868, 34011, 33882, 31758, 31926, 32135, 35375, 34787, 31829, 32492, 34519, 32909, 32333, 31859, 32431]
Maximum capacity of the machine cmax: 
1505