Set of periods in the planning horizon T: 
25
Set of products P: 
25
Capacity reduction coefficient alpha: 
0.8
Relative decrease of capacity per set up gamma: 
0.32
Capacity reduction coefficient due to product types beta: 
[0.0, 0.0, 0.0, 0.0, 0.0, 0.0, 0.0, 0.0, 0.0, 0.0, 0.0, 0.0, 0.0, 0.0, 0.0, 0.0, 0.0, 0.0, 0.0, 0.0, 0.0, 0.0, 0.0, 0.0, 0.0]
Fixed production cost of each product in each period f: 
[[776, 589, 606, 971, 973, 831, 958, 729, 914, 970, 640, 547, 890, 626, 594, 869, 848, 698, 863, 872, 968, 868, 803, 879, 801], [693, 735, 689, 524, 837, 961, 746, 665, 903, 758, 704, 525, 871, 848, 964, 762, 579, 586, 577, 616, 974, 535, 517, 857, 926], [524, 692, 818, 992, 902, 602, 717, 710, 645, 845, 798, 646, 697, 583, 657, 502, 688, 571, 770, 699, 598, 613, 529, 794, 727], [577, 679, 800, 781, 504, 820, 707, 540, 945, 619, 807, 675, 932, 778, 616, 519, 595, 853, 977, 991, 511, 842, 893, 861, 945], [713, 749, 884, 500, 873, 846, 756, 573, 954, 689, 902, 814, 852, 583, 874, 669, 503, 721, 570, 722, 671, 872, 903, 799, 810], [896, 707, 640, 760, 700, 904, 640, 924, 565, 931, 640, 555, 967, 898, 997, 953, 665, 527, 662, 851, 650, 881, 921, 849, 960], [955, 805, 773, 947, 692, 539, 729, 904, 856, 790, 738, 873, 650, 671, 781, 989, 964, 553, 927, 702, 801, 568, 706, 684, 807], [765, 778, 809, 744, 803, 788, 593, 969, 665, 674, 980, 906, 904, 565, 641, 572, 990, 851, 519, 926, 710, 993, 946, 518, 626], [981, 965, 865, 535, 505, 601, 962, 656, 674, 674, 750, 991, 685, 760, 548, 929, 623, 767, 612, 705, 685, 858, 584, 503, 866], [664, 862, 560, 525, 855, 972, 755, 850, 807, 629, 628, 552, 949, 955, 878, 805, 689, 692, 757, 510, 793, 822, 613, 564, 504], [829, 985, 609, 543, 936, 839, 909, 907, 510, 566, 616, 531, 686, 913, 789, 596, 863, 803, 673, 996, 797, 934, 861, 726, 951], [799, 555, 516, 921, 907, 510, 568, 937, 590, 811, 502, 880, 956, 683, 599, 517, 656, 756, 990, 996, 678, 945, 710, 618, 704], [593, 918, 621, 909, 603, 600, 800, 787, 996, 790, 713, 858, 834, 871, 695, 840, 798, 628, 935, 928, 967, 766, 831, 982, 592], [547, 890, 508, 918, 601, 787, 789, 779, 827, 514, 632, 551, 790, 719, 855, 745, 813, 728, 653, 619, 893, 735, 502, 640, 600], [775, 728, 641, 580, 837, 694, 800, 554, 793, 842, 870, 988, 938, 752, 510, 835, 771, 981, 995, 516, 721, 599, 909, 882, 601], [972, 568, 871, 968, 614, 778, 650, 829, 993, 797, 528, 554, 968, 553, 882, 540, 693, 966, 937, 864, 564, 568, 516, 875, 534], [786, 640, 887, 609, 744, 855, 520, 652, 724, 624, 657, 863, 982, 920, 878, 793, 912, 689, 837, 886, 689, 778, 546, 888, 895], [622, 800, 756, 850, 903, 656, 928, 564, 739, 811, 538, 673, 992, 782, 832, 588, 598, 774, 909, 802, 979, 810, 693, 847, 971], [824, 976, 750, 954, 781, 687, 748, 786, 738, 610, 880, 837, 776, 532, 906, 786, 602, 594, 754, 800, 572, 740, 776, 911, 908], [973, 958, 528, 954, 839, 886, 635, 736, 721, 501, 697, 892, 611, 586, 654, 755, 979, 781, 978, 978, 733, 976, 717, 525, 656], [503, 742, 534, 652, 568, 868, 917, 585, 661, 725, 663, 883, 584, 755, 655, 993, 623, 509, 785, 579, 923, 884, 882, 686, 685], [850, 725, 843, 847, 684, 628, 746, 767, 935, 879, 749, 579, 976, 736, 938, 537, 863, 817, 515, 552, 865, 611, 885, 501, 635], [586, 628, 551, 987, 942, 585, 968, 871, 669, 930, 663, 871, 632, 711, 540, 547, 919, 939, 542, 964, 762, 605, 787, 698, 994], [892, 545, 852, 721, 700, 843, 782, 553, 828, 994, 968, 959, 708, 935, 617, 922, 945, 635, 525, 624, 511, 710, 936, 729, 582], [746, 574, 605, 658, 905, 934, 642, 653, 934, 856, 999, 966, 775, 535, 757, 599, 509, 607, 693, 893, 798, 596, 622, 804, 514]]
Variable production cost per unit of each product in each period p: 
[[13, 11, 12, 10, 12, 13, 10, 10, 11, 12, 10, 10, 13, 11, 12, 10, 12, 10, 11, 12, 10, 11, 11, 11, 12], [11, 11, 10, 13, 13, 10, 13, 10, 13, 10, 12, 11, 10, 13, 10, 11, 11, 12, 13, 12, 11, 10, 10, 13, 12], [13, 11, 13, 12, 13, 13, 12, 13, 11, 11, 13, 12, 10, 10, 11, 11, 13, 10, 11, 10, 12, 12, 11, 13, 11], [11, 10, 13, 11, 12, 11, 10, 10, 11, 10, 13, 13, 10, 10, 12, 11, 10, 13, 13, 10, 13, 11, 12, 12, 10], [12, 12, 12, 10, 13, 12, 11, 10, 13, 10, 11, 10, 13, 12, 13, 11, 10, 13, 13, 10, 12, 12, 12, 10, 10], [11, 11, 13, 10, 11, 13, 10, 10, 10, 12, 10, 11, 12, 11, 12, 10, 13, 13, 13, 10, 11, 12, 10, 13, 11], [10, 11, 13, 10, 10, 12, 13, 11, 13, 10, 12, 12, 13, 11, 11, 12, 12, 10, 11, 11, 13, 13, 13, 12, 10], [13, 13, 10, 11, 12, 10, 13, 13, 12, 12, 12, 11, 13, 13, 11, 13, 13, 12, 10, 13, 11, 11, 13, 11, 11], [12, 12, 10, 12, 11, 13, 11, 13, 10, 12, 10, 12, 11, 12, 11, 11, 12, 10, 11, 13, 13, 13, 13, 13, 10], [13, 13, 10, 10, 11, 12, 12, 13, 11, 10, 11, 10, 10, 13, 12, 11, 12, 10, 11, 11, 13, 13, 13, 12, 10], [10, 13, 12, 12, 10, 12, 13, 12, 11, 13, 10, 10, 11, 13, 12, 12, 12, 11, 12, 10, 11, 10, 13, 12, 12], [13, 10, 13, 12, 13, 12, 12, 10, 11, 10, 13, 10, 13, 12, 11, 10, 12, 11, 11, 11, 12, 11, 11, 13, 11], [13, 13, 12, 13, 11, 11, 10, 12, 11, 12, 11, 13, 13, 11, 10, 10, 12, 11, 11, 13, 10, 12, 13, 10, 10], [10, 11, 11, 11, 12, 12, 12, 11, 10, 11, 12, 13, 13, 11, 11, 12, 10, 10, 13, 10, 12, 11, 11, 10, 11], [13, 11, 12, 12, 11, 13, 12, 11, 12, 12, 11, 12, 12, 13, 13, 12, 12, 10, 12, 13, 12, 12, 13, 12, 10], [12, 13, 12, 11, 13, 11, 10, 13, 13, 10, 12, 13, 13, 13, 13, 13, 12, 10, 12, 10, 12, 11, 10, 11, 11], [11, 13, 12, 10, 13, 10, 10, 10, 10, 10, 12, 13, 11, 12, 12, 13, 11, 12, 13, 13, 11, 13, 10, 10, 11], [13, 11, 10, 11, 12, 10, 11, 11, 11, 10, 10, 13, 13, 13, 12, 13, 12, 13, 11, 10, 13, 12, 11, 10, 13], [11, 10, 10, 10, 11, 11, 12, 10, 12, 10, 13, 13, 12, 12, 10, 10, 10, 13, 10, 10, 10, 13, 11, 12, 11], [10, 13, 12, 12, 13, 11, 13, 13, 12, 10, 11, 13, 11, 12, 11, 10, 10, 12, 10, 13, 13, 12, 10, 11, 13], [12, 13, 12, 12, 13, 13, 11, 10, 11, 11, 13, 10, 10, 11, 12, 11, 11, 12, 10, 12, 13, 12, 10, 11, 12], [12, 11, 12, 12, 10, 10, 11, 10, 10, 10, 10, 13, 10, 13, 12, 11, 12, 12, 12, 10, 11, 11, 10, 10, 10], [11, 13, 10, 13, 11, 11, 13, 11, 10, 12, 13, 12, 13, 13, 13, 12, 13, 13, 10, 10, 10, 12, 10, 10, 11], [11, 11, 10, 13, 11, 10, 10, 12, 12, 11, 13, 12, 13, 11, 12, 10, 10, 12, 11, 12, 12, 12, 10, 11, 12], [10, 12, 12, 12, 12, 11, 10, 13, 11, 11, 12, 11, 11, 13, 12, 11, 13, 11, 10, 10, 10, 13, 12, 12, 13]]
Inventory holding cost per unit of each product by the end of each period h: 
[[6, 8, 7, 5, 7, 6, 5, 8, 9, 5, 8, 9, 9, 9, 5, 7, 9, 8, 6, 7, 7, 6, 9, 8, 8], [7, 7, 5, 9, 5, 6, 9, 8, 9, 8, 6, 7, 9, 7, 5, 6, 5, 7, 5, 5, 9, 8, 8, 9, 7], [9, 6, 7, 8, 5, 5, 7, 5, 8, 7, 7, 8, 5, 8, 6, 7, 8, 8, 7, 8, 9, 7, 9, 7, 7], [5, 7, 5, 7, 7, 7, 6, 9, 8, 8, 8, 8, 8, 6, 5, 7, 7, 6, 9, 8, 9, 5, 9, 9, 9], [6, 9, 7, 5, 8, 7, 5, 5, 6, 9, 8, 9, 6, 7, 6, 5, 9, 9, 5, 8, 6, 8, 7, 5, 6], [8, 5, 8, 8, 7, 8, 5, 8, 8, 7, 9, 7, 7, 8, 7, 9, 9, 5, 9, 5, 9, 8, 5, 6, 9], [7, 6, 7, 7, 6, 6, 5, 7, 8, 8, 5, 7, 9, 6, 7, 6, 8, 6, 8, 9, 8, 7, 7, 6, 5], [6, 6, 8, 9, 5, 8, 7, 6, 5, 5, 7, 5, 9, 8, 5, 5, 6, 6, 6, 7, 8, 7, 8, 7, 8], [6, 5, 7, 8, 6, 8, 8, 8, 6, 8, 9, 6, 8, 9, 5, 8, 7, 8, 6, 6, 9, 5, 9, 8, 6], [7, 6, 9, 6, 8, 9, 7, 8, 7, 7, 6, 8, 5, 5, 9, 8, 5, 6, 9, 9, 6, 9, 7, 5, 5], [6, 5, 7, 9, 8, 5, 5, 5, 5, 9, 8, 5, 8, 8, 6, 7, 7, 8, 9, 9, 8, 8, 5, 9, 5], [9, 7, 9, 9, 7, 6, 9, 6, 7, 5, 9, 8, 9, 5, 5, 9, 6, 9, 6, 5, 8, 6, 9, 5, 8], [5, 8, 7, 9, 8, 7, 8, 6, 9, 7, 5, 9, 5, 6, 9, 6, 9, 8, 5, 7, 8, 6, 8, 6, 7], [6, 8, 5, 6, 8, 6, 9, 7, 5, 9, 8, 8, 7, 7, 5, 5, 8, 6, 9, 8, 5, 6, 9, 7, 9], [9, 5, 9, 5, 8, 6, 7, 9, 7, 5, 5, 7, 6, 6, 9, 8, 6, 7, 6, 6, 5, 7, 7, 7, 7], [7, 6, 5, 9, 9, 8, 5, 9, 6, 9, 6, 9, 8, 5, 7, 7, 6, 6, 6, 8, 9, 6, 7, 5, 7], [7, 6, 6, 8, 7, 6, 5, 7, 5, 8, 6, 8, 7, 7, 7, 7, 6, 7, 9, 7, 8, 9, 9, 9, 5], [7, 9, 8, 8, 9, 9, 5, 9, 9, 6, 7, 7, 8, 5, 8, 8, 7, 7, 7, 5, 9, 8, 7, 6, 9], [7, 5, 7, 8, 5, 5, 9, 5, 8, 8, 5, 5, 6, 9, 9, 9, 9, 8, 8, 9, 8, 5, 5, 6, 6], [6, 8, 5, 6, 8, 8, 6, 9, 5, 8, 9, 6, 8, 5, 9, 5, 7, 8, 7, 7, 6, 5, 6, 6, 6], [8, 7, 5, 8, 5, 7, 6, 7, 6, 6, 8, 7, 8, 9, 5, 7, 6, 8, 5, 5, 5, 6, 7, 5, 6], [9, 9, 7, 9, 9, 7, 6, 8, 9, 5, 5, 8, 9, 6, 7, 8, 6, 6, 6, 5, 9, 8, 9, 7, 9], [8, 6, 8, 5, 6, 5, 6, 6, 9, 6, 7, 7, 8, 6, 5, 9, 9, 8, 7, 9, 8, 7, 8, 5, 8], [9, 6, 6, 7, 6, 9, 5, 6, 9, 9, 6, 8, 7, 8, 5, 5, 7, 5, 9, 7, 6, 7, 9, 6, 5], [9, 7, 5, 9, 9, 9, 9, 7, 5, 8, 9, 9, 9, 5, 9, 5, 9, 6, 8, 9, 6, 7, 7, 7, 5]]
Demand for each product in each period d: 
[[0, 16, 25, 49, 30, 42, 32, 22, 23, 20, 31, 13, 0, 8, 16, 1, 0, 27, 31, 28, 33, 17, 5, 15, 24], [10, 0, 48, 17, 21, 19, 32, 40, 18, 34, 25, 22, 19, 27, 4, 10, 47, 4, 6, 3, 32, 44, 44, 29, 29], [3, 25, 0, 40, 11, 29, 27, 39, 17, 10, 34, 10, 23, 16, 30, 8, 46, 0, 47, 37, 24, 45, 36, 13, 0], [45, 1, 1, 32, 10, 33, 9, 39, 21, 8, 39, 44, 8, 25, 47, 23, 9, 14, 0, 7, 31, 28, 31, 42, 33], [1, 12, 21, 45, 2, 32, 44, 6, 6, 33, 0, 48, 17, 23, 41, 25, 5, 16, 23, 13, 30, 30, 45, 24, 28], [36, 25, 31, 33, 35, 42, 36, 37, 44, 24, 15, 46, 18, 26, 32, 18, 33, 4, 33, 21, 14, 34, 20, 20, 36], [5, 1, 21, 27, 40, 13, 49, 34, 22, 13, 19, 12, 4, 43, 4, 7, 10, 0, 18, 42, 9, 10, 30, 12, 47], [3, 22, 37, 5, 6, 42, 0, 35, 25, 5, 8, 2, 9, 21, 10, 3, 37, 39, 28, 47, 13, 15, 36, 18, 17], [48, 25, 28, 45, 5, 31, 18, 46, 22, 37, 11, 40, 25, 49, 7, 29, 36, 20, 32, 12, 33, 38, 32, 19, 1], [36, 11, 4, 8, 41, 29, 41, 25, 38, 20, 15, 20, 13, 1, 13, 11, 43, 31, 44, 34, 1, 3, 2, 46, 0], [35, 14, 40, 8, 22, 0, 24, 43, 10, 4, 31, 9, 31, 20, 30, 32, 41, 0, 41, 27, 36, 3, 11, 29, 4], [37, 21, 0, 35, 27, 25, 45, 26, 35, 24, 12, 14, 29, 13, 16, 35, 24, 34, 2, 2, 9, 5, 30, 49, 33], [28, 21, 9, 5, 0, 13, 36, 33, 40, 49, 48, 30, 36, 0, 7, 39, 49, 8, 45, 2, 29, 17, 47, 13, 34], [49, 35, 41, 4, 5, 8, 18, 33, 48, 47, 18, 9, 45, 5, 6, 46, 0, 1, 7, 48, 10, 0, 32, 21, 0], [38, 47, 37, 16, 22, 2, 17, 33, 43, 6, 10, 44, 17, 3, 33, 2, 43, 19, 46, 3, 23, 12, 48, 0, 30], [12, 14, 42, 16, 47, 8, 32, 1, 29, 31, 45, 20, 20, 47, 32, 0, 33, 10, 24, 47, 25, 27, 22, 42, 28], [1, 0, 42, 15, 0, 10, 34, 49, 39, 11, 24, 44, 8, 8, 41, 26, 44, 33, 16, 12, 45, 19, 41, 41, 0], [28, 18, 16, 46, 5, 19, 18, 38, 26, 26, 38, 28, 0, 18, 29, 15, 0, 22, 30, 10, 26, 22, 0, 33, 44], [14, 33, 29, 42, 5, 18, 13, 46, 43, 0, 0, 19, 31, 7, 17, 42, 46, 0, 16, 26, 38, 25, 39, 0, 15], [32, 10, 21, 13, 6, 48, 33, 49, 9, 14, 49, 14, 34, 49, 11, 10, 9, 40, 7, 18, 37, 13, 24, 39, 43], [37, 23, 1, 47, 20, 49, 2, 41, 41, 0, 41, 24, 11, 14, 10, 17, 9, 40, 18, 17, 19, 17, 1, 45, 18], [17, 0, 1, 18, 8, 33, 24, 14, 40, 47, 6, 45, 20, 17, 44, 18, 13, 31, 25, 46, 37, 13, 9, 23, 0], [43, 0, 16, 3, 4, 10, 15, 0, 18, 10, 7, 24, 14, 19, 10, 0, 18, 25, 28, 0, 41, 33, 30, 37, 3], [0, 42, 10, 17, 3, 0, 36, 46, 2, 36, 46, 21, 45, 13, 20, 12, 15, 42, 33, 36, 45, 45, 44, 4, 17], [16, 0, 11, 0, 15, 26, 19, 3, 25, 43, 11, 2, 49, 19, 47, 40, 29, 3, 24, 46, 28, 27, 0, 8, 26]]
Maintenance cost in each period m: 
[24896, 26415, 26149, 25178, 24123, 25647, 24358, 23006, 24097, 23617, 25631, 25809, 26857, 24506, 24269, 26214, 24543, 25367, 23305, 26425, 25285, 24670, 25600, 25366, 24977]
Maximum capacity of the machine cmax: 
1225