Set of periods in the planning horizon T: 
25
Set of products P: 
25
Capacity reduction coefficient alpha: 
0.8
Relative decrease of capacity per set up gamma: 
0.35
Capacity reduction coefficient due to product types beta: 
[0.27, 0.39, 0.29, 0.3, 0.21, 0.23, 0.22, 0.32, 0.35, 0.24, 0.28, 0.29, 0.29, 0.21, 0.33, 0.29, 0.25, 0.33, 0.24, 0.38, 0.32, 0.36, 0.29, 0.27, 0.24]
Fixed production cost of each product in each period f: 
[[733, 688, 803, 990, 984, 823, 705, 512, 797, 936, 687, 844, 686, 719, 742, 713, 674, 682, 947, 591, 674, 982, 852, 605, 870], [935, 650, 956, 783, 745, 628, 744, 717, 742, 659, 776, 754, 863, 807, 600, 851, 616, 720, 761, 868, 610, 636, 905, 718, 732], [733, 765, 770, 710, 644, 576, 934, 888, 767, 760, 562, 720, 928, 568, 861, 634, 827, 800, 501, 633, 900, 896, 879, 539, 546], [582, 608, 503, 517, 964, 841, 763, 544, 602, 875, 913, 672, 825, 504, 975, 983, 746, 932, 872, 644, 619, 650, 556, 933, 585], [769, 670, 684, 945, 867, 741, 567, 873, 908, 842, 687, 573, 758, 854, 858, 909, 623, 521, 920, 851, 976, 606, 710, 744, 862], [882, 590, 911, 824, 979, 905, 677, 729, 788, 628, 888, 577, 630, 504, 934, 795, 966, 679, 666, 682, 712, 964, 991, 999, 530], [858, 970, 577, 879, 562, 975, 642, 703, 913, 932, 778, 762, 645, 588, 900, 617, 850, 940, 877, 630, 685, 659, 911, 601, 690], [791, 929, 769, 672, 829, 934, 996, 579, 601, 603, 795, 758, 576, 994, 880, 700, 788, 699, 692, 704, 784, 627, 787, 774, 614], [878, 503, 887, 894, 654, 537, 622, 738, 650, 961, 663, 895, 894, 906, 610, 604, 704, 583, 918, 747, 719, 934, 967, 896, 560], [576, 793, 520, 551, 520, 741, 804, 992, 752, 946, 785, 991, 966, 519, 508, 688, 843, 765, 974, 609, 845, 559, 605, 502, 683], [699, 695, 883, 710, 960, 579, 867, 503, 863, 582, 668, 551, 908, 781, 642, 531, 863, 505, 583, 690, 554, 795, 881, 514, 546], [703, 924, 979, 660, 735, 525, 813, 790, 684, 941, 880, 677, 625, 523, 594, 735, 571, 905, 528, 827, 852, 919, 720, 514, 698], [671, 624, 948, 753, 945, 786, 962, 801, 528, 910, 587, 541, 940, 982, 900, 725, 645, 653, 955, 603, 543, 616, 664, 984, 572], [652, 708, 838, 588, 705, 887, 555, 501, 664, 819, 854, 670, 827, 781, 538, 945, 990, 580, 813, 546, 814, 516, 715, 765, 596], [903, 627, 907, 802, 903, 574, 925, 821, 601, 792, 694, 654, 825, 723, 520, 935, 580, 870, 913, 932, 546, 820, 671, 698, 827], [576, 707, 586, 627, 981, 936, 543, 688, 861, 872, 827, 801, 872, 858, 636, 503, 928, 888, 907, 501, 760, 998, 935, 602, 983], [584, 993, 614, 569, 905, 823, 663, 801, 647, 513, 994, 967, 700, 581, 574, 615, 764, 697, 568, 874, 503, 569, 938, 781, 512], [569, 975, 855, 745, 580, 952, 701, 862, 973, 524, 504, 832, 940, 687, 814, 700, 901, 666, 531, 881, 875, 640, 667, 905, 651], [520, 961, 632, 822, 835, 729, 502, 976, 608, 748, 732, 795, 926, 579, 809, 534, 533, 653, 900, 762, 533, 611, 676, 986, 885], [666, 780, 811, 743, 706, 990, 584, 618, 937, 870, 668, 752, 624, 960, 728, 829, 756, 662, 747, 549, 729, 948, 598, 923, 511], [819, 553, 970, 969, 872, 949, 731, 775, 884, 659, 786, 546, 584, 516, 513, 644, 898, 877, 970, 626, 814, 583, 976, 797, 934], [926, 804, 809, 652, 704, 952, 817, 950, 618, 841, 888, 750, 916, 835, 883, 965, 802, 584, 856, 855, 945, 915, 666, 920, 917], [515, 800, 591, 943, 722, 685, 969, 851, 870, 673, 910, 549, 927, 827, 602, 556, 818, 716, 695, 700, 857, 910, 899, 985, 635], [869, 687, 690, 568, 874, 513, 694, 579, 598, 641, 501, 850, 957, 657, 798, 729, 799, 513, 751, 799, 944, 532, 663, 887, 614], [763, 740, 960, 780, 669, 516, 793, 674, 740, 787, 826, 998, 682, 870, 730, 595, 568, 524, 559, 615, 794, 947, 764, 795, 958]]
Variable production cost per unit of each product in each period p: 
[[12, 12, 13, 11, 10, 10, 10, 10, 12, 13, 10, 10, 13, 11, 11, 11, 11, 10, 12, 10, 11, 11, 13, 11, 10], [11, 10, 11, 11, 11, 12, 11, 10, 10, 12, 13, 10, 13, 12, 10, 13, 13, 10, 11, 10, 10, 11, 12, 11, 10], [12, 12, 11, 13, 11, 11, 10, 11, 13, 12, 13, 12, 11, 10, 10, 11, 12, 11, 10, 10, 11, 13, 11, 10, 13], [12, 10, 11, 11, 11, 12, 10, 12, 13, 13, 13, 11, 13, 11, 11, 11, 12, 10, 13, 10, 13, 10, 11, 10, 12], [11, 11, 11, 13, 11, 12, 13, 13, 12, 13, 13, 12, 10, 11, 11, 11, 10, 11, 12, 11, 10, 13, 10, 10, 11], [10, 13, 11, 11, 10, 12, 12, 10, 10, 13, 12, 13, 12, 13, 12, 13, 12, 11, 10, 13, 10, 10, 10, 10, 12], [10, 10, 13, 10, 13, 12, 13, 12, 10, 13, 10, 13, 12, 11, 11, 10, 12, 11, 12, 10, 12, 10, 10, 12, 12], [10, 12, 11, 11, 10, 13, 12, 10, 13, 11, 11, 10, 12, 11, 11, 13, 10, 11, 12, 13, 10, 10, 10, 13, 13], [10, 10, 10, 12, 13, 12, 12, 10, 13, 12, 10, 12, 10, 13, 11, 13, 10, 11, 12, 12, 12, 10, 12, 11, 12], [13, 12, 12, 11, 11, 13, 12, 11, 11, 13, 13, 11, 12, 12, 11, 12, 11, 12, 13, 10, 10, 13, 10, 12, 12], [12, 10, 11, 11, 10, 10, 11, 10, 12, 11, 10, 11, 13, 13, 13, 10, 12, 13, 13, 13, 13, 10, 10, 12, 10], [12, 10, 12, 12, 11, 12, 12, 13, 12, 12, 13, 11, 11, 10, 10, 11, 13, 10, 10, 11, 11, 13, 13, 13, 10], [10, 10, 11, 12, 11, 13, 10, 12, 10, 10, 11, 12, 10, 12, 12, 12, 11, 12, 10, 12, 13, 11, 11, 13, 10], [11, 13, 11, 10, 13, 10, 11, 11, 10, 12, 12, 13, 10, 11, 10, 10, 12, 12, 11, 10, 13, 11, 10, 12, 10], [12, 13, 11, 13, 11, 10, 11, 10, 11, 11, 10, 11, 10, 11, 12, 10, 12, 12, 11, 13, 13, 10, 10, 10, 10], [10, 12, 10, 13, 11, 10, 10, 13, 12, 13, 10, 11, 10, 12, 11, 10, 12, 10, 10, 11, 11, 12, 10, 11, 10], [11, 13, 13, 12, 10, 10, 11, 10, 10, 13, 10, 10, 12, 10, 10, 11, 10, 12, 13, 10, 13, 13, 10, 11, 10], [12, 13, 13, 11, 12, 10, 10, 13, 12, 10, 10, 13, 12, 12, 10, 13, 10, 10, 13, 11, 10, 13, 12, 11, 13], [11, 11, 11, 13, 11, 12, 13, 12, 12, 10, 13, 11, 12, 10, 13, 12, 11, 10, 10, 11, 12, 12, 11, 12, 11], [11, 12, 13, 13, 10, 12, 10, 12, 12, 12, 12, 13, 10, 12, 13, 10, 12, 10, 10, 12, 11, 13, 12, 10, 12], [12, 13, 13, 10, 11, 10, 11, 12, 10, 12, 12, 12, 13, 13, 11, 11, 13, 13, 12, 11, 10, 13, 11, 12, 12], [13, 13, 13, 11, 10, 11, 12, 11, 10, 10, 10, 13, 11, 10, 10, 11, 13, 10, 10, 10, 12, 13, 12, 11, 11], [13, 13, 11, 11, 13, 10, 11, 10, 10, 11, 10, 13, 12, 11, 11, 13, 12, 13, 10, 10, 12, 10, 10, 11, 10], [12, 12, 12, 12, 10, 12, 13, 13, 13, 12, 12, 12, 13, 13, 10, 12, 12, 12, 12, 12, 12, 11, 11, 12, 12], [13, 11, 10, 13, 11, 10, 11, 11, 11, 13, 13, 13, 10, 10, 12, 12, 11, 13, 13, 10, 12, 11, 10, 12, 12]]
Inventory holding cost per unit of each product by the end of each period h: 
[[8, 8, 9, 7, 7, 9, 6, 8, 6, 9, 6, 7, 5, 5, 9, 6, 5, 7, 8, 7, 8, 7, 9, 8, 7], [5, 9, 6, 7, 6, 5, 9, 5, 8, 5, 7, 9, 6, 5, 7, 9, 6, 7, 7, 8, 5, 7, 6, 9, 9], [7, 7, 9, 5, 9, 6, 5, 9, 8, 5, 9, 6, 8, 7, 7, 9, 7, 8, 8, 8, 5, 7, 9, 7, 9], [9, 5, 8, 5, 7, 9, 7, 5, 7, 6, 5, 6, 6, 9, 9, 5, 6, 7, 9, 7, 6, 6, 8, 8, 8], [7, 5, 6, 7, 9, 9, 5, 5, 7, 9, 7, 6, 6, 9, 7, 5, 7, 7, 6, 6, 6, 7, 7, 6, 7], [8, 9, 5, 9, 9, 9, 8, 8, 7, 5, 8, 8, 6, 9, 7, 5, 6, 8, 9, 7, 8, 6, 8, 6, 9], [7, 9, 8, 8, 7, 6, 5, 6, 6, 7, 8, 7, 9, 7, 9, 8, 7, 8, 8, 6, 5, 7, 6, 7, 6], [5, 8, 8, 5, 5, 6, 7, 7, 7, 6, 5, 5, 5, 5, 9, 6, 8, 8, 6, 9, 8, 5, 7, 7, 7], [7, 8, 9, 9, 8, 9, 7, 5, 6, 8, 5, 6, 6, 6, 6, 5, 9, 5, 8, 7, 7, 5, 5, 8, 8], [8, 6, 7, 5, 8, 9, 6, 5, 9, 7, 7, 8, 8, 5, 5, 7, 9, 5, 5, 8, 6, 7, 8, 6, 7], [9, 6, 7, 7, 6, 6, 6, 7, 5, 5, 8, 6, 9, 6, 9, 5, 6, 8, 9, 8, 7, 7, 7, 6, 5], [7, 7, 8, 9, 6, 5, 5, 9, 5, 8, 7, 9, 6, 7, 5, 9, 8, 8, 6, 7, 9, 8, 8, 6, 7], [9, 8, 8, 9, 7, 8, 6, 9, 5, 5, 9, 5, 7, 6, 7, 5, 6, 6, 5, 5, 9, 8, 8, 9, 5], [6, 5, 5, 7, 5, 9, 9, 9, 5, 5, 8, 9, 5, 8, 6, 9, 6, 7, 8, 6, 7, 7, 9, 9, 8], [9, 6, 8, 9, 9, 5, 9, 7, 8, 9, 9, 6, 9, 6, 5, 9, 8, 8, 8, 6, 9, 9, 8, 8, 6], [6, 6, 9, 8, 7, 6, 5, 6, 6, 7, 8, 8, 9, 6, 5, 7, 5, 5, 9, 9, 9, 6, 5, 8, 5], [9, 7, 6, 6, 5, 6, 9, 5, 9, 6, 7, 9, 9, 8, 6, 5, 8, 6, 5, 9, 9, 7, 7, 5, 6], [5, 5, 5, 9, 9, 5, 9, 8, 7, 7, 9, 8, 9, 8, 8, 8, 5, 9, 8, 6, 9, 6, 9, 8, 9], [9, 7, 7, 5, 9, 7, 5, 5, 6, 6, 6, 7, 9, 5, 5, 6, 6, 6, 5, 6, 7, 6, 8, 9, 9], [9, 7, 5, 7, 9, 7, 7, 5, 5, 5, 5, 9, 9, 6, 9, 8, 5, 9, 9, 7, 6, 9, 7, 8, 6], [8, 8, 6, 5, 8, 7, 7, 5, 9, 8, 9, 6, 9, 8, 8, 9, 6, 6, 6, 9, 5, 7, 6, 9, 8], [7, 8, 5, 9, 6, 8, 8, 6, 6, 7, 7, 8, 8, 7, 9, 5, 9, 6, 6, 7, 7, 7, 7, 7, 7], [9, 6, 6, 9, 5, 7, 9, 9, 5, 6, 8, 5, 5, 9, 9, 7, 7, 7, 9, 6, 6, 8, 6, 6, 8], [7, 9, 9, 8, 5, 6, 9, 8, 9, 6, 6, 5, 6, 5, 5, 9, 6, 7, 7, 9, 7, 6, 8, 5, 9], [6, 6, 9, 8, 7, 6, 6, 8, 9, 8, 9, 7, 6, 6, 9, 9, 5, 7, 5, 6, 7, 7, 5, 5, 8]]
Demand for each product in each period d: 
[[46, 1, 10, 25, 7, 14, 39, 9, 45, 2, 37, 27, 11, 33, 7, 13, 39, 19, 2, 36, 0, 3, 43, 24, 10], [2, 9, 8, 24, 2, 6, 4, 36, 13, 7, 42, 35, 30, 27, 37, 43, 43, 47, 16, 20, 9, 5, 3, 6, 15], [18, 18, 13, 14, 13, 19, 36, 1, 1, 26, 21, 41, 28, 9, 7, 14, 11, 15, 4, 0, 44, 16, 30, 30, 0], [26, 33, 34, 23, 39, 26, 14, 0, 39, 5, 16, 29, 0, 20, 25, 9, 0, 29, 30, 0, 28, 32, 43, 6, 22], [3, 33, 25, 42, 38, 43, 18, 18, 10, 20, 43, 44, 26, 29, 32, 24, 26, 37, 46, 23, 23, 39, 32, 20, 11], [21, 31, 5, 9, 34, 17, 1, 33, 0, 6, 20, 45, 39, 49, 23, 42, 42, 16, 29, 39, 42, 25, 43, 35, 22], [36, 48, 42, 16, 43, 37, 32, 6, 14, 7, 31, 4, 41, 2, 2, 33, 32, 4, 10, 47, 1, 36, 42, 8, 36], [48, 29, 6, 37, 38, 48, 5, 0, 25, 27, 18, 48, 43, 38, 33, 30, 8, 20, 12, 25, 30, 8, 13, 39, 46], [22, 25, 48, 0, 43, 28, 31, 2, 2, 17, 30, 47, 43, 46, 34, 14, 32, 25, 34, 40, 33, 0, 48, 37, 7], [6, 16, 35, 38, 30, 48, 2, 46, 40, 17, 44, 25, 43, 6, 24, 28, 36, 23, 9, 49, 45, 20, 49, 9, 46], [8, 32, 35, 18, 0, 13, 0, 18, 29, 27, 44, 35, 0, 34, 2, 14, 28, 36, 20, 25, 44, 5, 49, 23, 34], [29, 13, 41, 39, 25, 8, 28, 48, 43, 0, 1, 18, 15, 30, 0, 19, 24, 40, 0, 9, 41, 21, 42, 9, 22], [37, 5, 32, 34, 17, 0, 20, 21, 44, 0, 30, 19, 17, 1, 14, 28, 0, 35, 48, 49, 44, 24, 32, 2, 21], [10, 29, 1, 0, 13, 33, 6, 12, 30, 40, 17, 8, 15, 11, 0, 33, 0, 4, 2, 39, 37, 0, 16, 46, 31], [0, 46, 0, 42, 19, 35, 11, 0, 47, 34, 19, 45, 30, 0, 4, 35, 14, 30, 43, 33, 0, 1, 5, 36, 0], [22, 35, 41, 17, 29, 37, 4, 30, 30, 2, 49, 26, 3, 0, 22, 1, 1, 2, 37, 21, 8, 49, 12, 20, 14], [22, 24, 4, 20, 38, 48, 11, 33, 0, 22, 31, 6, 4, 25, 17, 28, 25, 28, 20, 49, 14, 38, 45, 35, 20], [18, 3, 1, 25, 10, 48, 7, 26, 1, 28, 39, 19, 11, 6, 46, 27, 19, 19, 0, 47, 20, 34, 28, 14, 31], [8, 42, 9, 42, 34, 9, 37, 40, 45, 0, 22, 0, 24, 25, 6, 26, 46, 8, 12, 12, 6, 20, 49, 47, 13], [22, 22, 37, 24, 21, 30, 39, 28, 10, 42, 2, 16, 26, 42, 24, 0, 36, 0, 42, 12, 30, 19, 22, 0, 14], [27, 0, 48, 25, 35, 11, 49, 0, 49, 41, 48, 44, 33, 28, 44, 2, 30, 31, 27, 28, 15, 4, 3, 3, 3], [3, 2, 20, 21, 28, 33, 40, 14, 15, 36, 3, 2, 23, 3, 45, 49, 40, 47, 3, 7, 38, 34, 0, 27, 41], [8, 37, 42, 13, 1, 42, 0, 33, 14, 39, 40, 49, 29, 5, 34, 6, 45, 20, 10, 30, 31, 36, 0, 0, 21], [33, 15, 16, 19, 15, 23, 6, 46, 30, 9, 36, 6, 22, 18, 3, 14, 27, 1, 46, 32, 7, 19, 22, 25, 47], [39, 31, 8, 0, 23, 35, 0, 3, 39, 41, 6, 48, 35, 21, 0, 1, 1, 6, 2, 32, 13, 8, 0, 17, 17]]
Maintenance cost in each period m: 
[25134, 23796, 26587, 24164, 25406, 25041, 24136, 26480, 25152, 23227, 23872, 25952, 25918, 24240, 25752, 23138, 25114, 26538, 24140, 23600, 24525, 24074, 23007, 25869, 23327]
Maximum capacity of the machine cmax: 
1050