Set of periods in the planning horizon T: 
35
Set of products P: 
55
Capacity reduction coefficient alpha: 
0.8
Relative decrease of capacity per set up gamma: 
0.22
Capacity reduction coefficient due to product types beta: 
[0.33, 0.25, 0.28, 0.21, 0.24, 0.33, 0.39, 0.34, 0.37, 0.33, 0.25, 0.34, 0.37, 0.37, 0.3, 0.3, 0.21, 0.31, 0.26, 0.35, 0.33, 0.39, 0.27, 0.35, 0.23, 0.38, 0.32, 0.37, 0.35, 0.29, 0.25, 0.27, 0.36, 0.31, 0.37, 0.26, 0.26, 0.27, 0.37, 0.3, 0.28, 0.4, 0.38, 0.34, 0.28, 0.29, 0.36, 0.28, 0.29, 0.38, 0.39, 0.32, 0.25, 0.4, 0.21]
Fixed production cost of each product in each period f: 
[[692, 921, 800, 966, 973, 576, 792, 901, 625, 681, 734, 713, 557, 520, 995, 740, 735, 584, 751, 729, 837, 653, 625, 564, 839, 936, 977, 949, 510, 722, 999, 782, 714, 762, 854], [637, 584, 644, 701, 983, 762, 794, 909, 541, 743, 518, 540, 644, 582, 594, 597, 780, 743, 619, 865, 811, 789, 974, 661, 928, 617, 601, 762, 527, 916, 953, 627, 848, 928, 888], [721, 550, 583, 701, 855, 698, 738, 870, 546, 708, 772, 652, 605, 980, 612, 687, 688, 562, 812, 909, 535, 702, 558, 688, 722, 793, 668, 615, 542, 810, 970, 566, 819, 876, 944], [551, 603, 725, 721, 626, 667, 708, 823, 646, 738, 640, 941, 695, 746, 758, 965, 679, 588, 936, 862, 501, 516, 640, 989, 725, 716, 527, 950, 599, 783, 799, 734, 869, 682, 822], [711, 556, 546, 574, 708, 610, 788, 745, 504, 924, 577, 957, 552, 960, 917, 807, 745, 763, 771, 904, 592, 586, 542, 746, 911, 913, 570, 958, 968, 658, 552, 929, 533, 592, 769], [576, 717, 970, 722, 702, 590, 673, 903, 804, 984, 768, 781, 503, 550, 872, 915, 870, 727, 521, 701, 955, 933, 736, 562, 869, 869, 602, 521, 959, 677, 666, 734, 838, 974, 864], [608, 828, 947, 555, 881, 816, 967, 571, 500, 974, 540, 534, 845, 553, 664, 687, 551, 614, 768, 723, 910, 937, 784, 514, 978, 551, 751, 510, 570, 706, 863, 577, 570, 823, 892], [981, 965, 552, 832, 990, 951, 618, 952, 937, 737, 537, 993, 959, 530, 600, 661, 845, 872, 580, 982, 784, 892, 903, 855, 914, 941, 783, 949, 943, 658, 524, 813, 963, 819, 773], [644, 586, 928, 619, 792, 625, 997, 969, 992, 845, 914, 626, 842, 675, 589, 763, 995, 514, 603, 538, 612, 885, 917, 728, 529, 806, 609, 989, 839, 541, 666, 688, 525, 507, 890], [510, 627, 690, 784, 699, 828, 994, 727, 646, 547, 787, 679, 947, 702, 817, 944, 773, 509, 917, 907, 773, 641, 700, 920, 757, 585, 859, 548, 784, 637, 863, 875, 654, 824, 985], [877, 566, 841, 693, 523, 956, 817, 697, 762, 960, 545, 569, 820, 732, 988, 696, 663, 797, 752, 596, 917, 877, 971, 627, 764, 697, 753, 572, 867, 977, 586, 710, 884, 957, 776], [656, 580, 646, 946, 639, 538, 502, 918, 612, 649, 964, 586, 939, 717, 807, 869, 835, 777, 634, 585, 915, 713, 737, 877, 802, 798, 960, 624, 525, 590, 887, 524, 683, 582, 656], [993, 962, 878, 712, 662, 822, 514, 988, 994, 985, 678, 858, 829, 846, 997, 783, 760, 775, 844, 747, 515, 564, 872, 838, 821, 909, 836, 818, 663, 524, 870, 605, 765, 694, 574], [505, 628, 619, 933, 927, 822, 660, 590, 722, 916, 643, 612, 910, 751, 668, 803, 594, 885, 897, 772, 625, 697, 936, 506, 602, 529, 927, 724, 999, 877, 512, 560, 545, 984, 549], [926, 712, 809, 968, 838, 851, 635, 789, 933, 522, 790, 648, 530, 572, 852, 578, 858, 985, 599, 873, 688, 834, 819, 920, 576, 922, 832, 944, 694, 686, 911, 604, 833, 897, 988], [746, 564, 931, 603, 800, 821, 532, 786, 982, 563, 518, 537, 539, 611, 733, 877, 941, 649, 890, 949, 960, 740, 680, 870, 924, 776, 539, 526, 760, 543, 512, 732, 857, 695, 790], [822, 528, 503, 961, 569, 647, 788, 708, 676, 724, 610, 957, 955, 994, 889, 550, 613, 796, 915, 819, 807, 884, 920, 771, 841, 993, 947, 963, 639, 946, 804, 725, 938, 976, 933], [536, 713, 648, 516, 536, 840, 852, 765, 751, 897, 793, 900, 901, 907, 985, 916, 507, 892, 596, 754, 874, 501, 870, 597, 785, 594, 842, 908, 580, 779, 804, 670, 678, 790, 656], [762, 533, 599, 732, 924, 589, 619, 588, 776, 962, 627, 898, 869, 963, 750, 786, 826, 503, 771, 953, 621, 755, 882, 728, 532, 863, 878, 853, 888, 673, 586, 911, 633, 631, 825], [573, 615, 551, 519, 657, 512, 543, 680, 508, 706, 598, 681, 771, 560, 761, 616, 703, 504, 677, 708, 518, 835, 752, 980, 578, 712, 852, 806, 816, 588, 991, 791, 664, 916, 715], [600, 859, 853, 708, 913, 598, 931, 777, 671, 981, 781, 938, 585, 694, 972, 884, 955, 905, 650, 958, 560, 920, 689, 815, 904, 590, 879, 507, 544, 830, 658, 870, 719, 823, 584], [594, 826, 687, 575, 635, 871, 831, 771, 778, 750, 969, 787, 806, 919, 519, 733, 520, 920, 754, 839, 813, 560, 702, 530, 729, 763, 794, 659, 563, 861, 871, 522, 808, 698, 551], [705, 862, 763, 920, 765, 516, 998, 729, 507, 645, 945, 902, 818, 776, 659, 798, 981, 568, 943, 786, 686, 506, 579, 690, 674, 895, 867, 871, 576, 897, 736, 913, 879, 970, 970], [648, 538, 718, 586, 691, 715, 725, 771, 856, 606, 907, 613, 570, 598, 505, 842, 878, 843, 959, 645, 978, 841, 579, 608, 626, 733, 513, 671, 971, 840, 888, 787, 514, 536, 811], [551, 817, 935, 888, 645, 571, 879, 866, 561, 863, 845, 580, 668, 907, 610, 747, 688, 832, 558, 874, 745, 938, 850, 769, 548, 971, 807, 503, 787, 516, 964, 961, 969, 812, 641], [808, 617, 762, 977, 519, 719, 787, 925, 555, 636, 947, 564, 774, 613, 652, 636, 756, 892, 957, 887, 701, 693, 795, 587, 896, 997, 505, 571, 764, 627, 870, 786, 929, 729, 874], [617, 662, 508, 941, 709, 824, 565, 650, 729, 860, 767, 500, 651, 552, 950, 697, 650, 695, 723, 755, 505, 553, 736, 904, 518, 975, 832, 685, 773, 914, 875, 503, 742, 515, 996], [648, 742, 529, 588, 669, 637, 500, 754, 878, 789, 772, 843, 800, 993, 512, 918, 567, 597, 724, 763, 787, 535, 516, 656, 877, 939, 638, 770, 887, 811, 520, 713, 719, 525, 935], [953, 506, 790, 730, 603, 947, 710, 654, 905, 570, 947, 512, 795, 853, 934, 591, 627, 860, 644, 802, 911, 913, 734, 937, 526, 540, 980, 866, 908, 906, 888, 669, 912, 989, 528], [973, 524, 996, 916, 968, 557, 516, 905, 833, 520, 879, 858, 522, 632, 820, 647, 623, 683, 798, 869, 502, 890, 519, 839, 617, 604, 969, 754, 533, 983, 791, 532, 794, 880, 802], [944, 616, 851, 934, 740, 714, 848, 913, 554, 627, 667, 955, 784, 921, 683, 822, 739, 726, 644, 760, 993, 959, 838, 968, 642, 746, 518, 693, 977, 578, 856, 770, 527, 838, 852], [753, 766, 694, 690, 986, 616, 632, 707, 605, 568, 850, 866, 886, 557, 854, 871, 753, 597, 545, 611, 904, 712, 953, 560, 701, 910, 979, 696, 659, 883, 740, 623, 897, 512, 871], [976, 885, 682, 825, 640, 698, 749, 856, 915, 861, 748, 950, 888, 547, 698, 747, 589, 541, 503, 828, 888, 688, 765, 579, 687, 913, 697, 885, 894, 858, 634, 664, 643, 717, 674], [759, 704, 560, 684, 781, 989, 717, 845, 830, 523, 867, 592, 827, 558, 501, 943, 594, 778, 564, 911, 920, 584, 802, 893, 775, 591, 854, 722, 971, 943, 557, 997, 691, 549, 664], [517, 694, 919, 893, 717, 671, 589, 854, 794, 657, 601, 530, 601, 881, 844, 707, 526, 784, 703, 691, 985, 572, 995, 765, 653, 743, 808, 686, 618, 507, 583, 633, 915, 883, 694], [746, 837, 701, 713, 942, 707, 910, 602, 555, 503, 951, 983, 693, 755, 557, 892, 897, 870, 966, 530, 661, 744, 648, 624, 544, 739, 648, 642, 616, 782, 851, 529, 679, 875, 755], [637, 622, 509, 781, 959, 805, 597, 684, 826, 999, 572, 558, 896, 813, 769, 820, 552, 647, 574, 801, 588, 796, 737, 685, 746, 754, 684, 811, 854, 939, 995, 678, 764, 668, 791], [672, 871, 534, 587, 841, 621, 944, 561, 597, 930, 992, 799, 508, 848, 780, 618, 960, 596, 659, 704, 678, 800, 538, 702, 826, 705, 669, 590, 528, 721, 938, 860, 502, 661, 873], [970, 861, 678, 535, 839, 542, 953, 805, 781, 939, 500, 930, 824, 916, 585, 771, 902, 983, 872, 564, 772, 668, 655, 725, 629, 884, 740, 642, 752, 667, 610, 913, 612, 847, 875], [966, 991, 569, 665, 787, 940, 747, 674, 510, 601, 692, 821, 928, 832, 580, 776, 762, 722, 888, 867, 739, 710, 804, 842, 631, 866, 971, 876, 787, 577, 987, 909, 636, 508, 794], [851, 596, 806, 879, 802, 623, 827, 739, 937, 797, 575, 681, 799, 630, 576, 909, 653, 714, 576, 665, 845, 580, 731, 713, 538, 975, 971, 808, 983, 839, 834, 523, 826, 874, 508], [588, 934, 656, 945, 991, 880, 657, 568, 879, 755, 841, 552, 586, 538, 578, 879, 543, 919, 630, 700, 821, 902, 632, 988, 620, 562, 915, 556, 851, 515, 955, 890, 881, 859, 544], [798, 658, 970, 877, 666, 762, 626, 511, 856, 554, 722, 618, 972, 896, 654, 526, 696, 806, 727, 559, 681, 968, 584, 588, 807, 523, 917, 871, 518, 586, 744, 980, 614, 711, 761], [655, 698, 834, 915, 552, 568, 629, 905, 575, 852, 806, 908, 667, 793, 695, 608, 973, 784, 579, 687, 848, 809, 761, 630, 571, 855, 714, 791, 626, 790, 504, 913, 835, 728, 721], [518, 933, 720, 556, 525, 883, 868, 714, 577, 842, 613, 694, 515, 555, 884, 980, 658, 792, 602, 568, 940, 943, 523, 654, 668, 626, 675, 819, 707, 760, 500, 854, 974, 987, 589], [569, 834, 684, 790, 971, 898, 726, 895, 695, 626, 602, 933, 633, 854, 594, 888, 570, 940, 682, 742, 963, 754, 512, 816, 575, 619, 756, 824, 646, 628, 959, 991, 924, 663, 666], [787, 827, 751, 590, 579, 784, 678, 976, 937, 775, 555, 799, 714, 751, 941, 599, 888, 648, 934, 785, 794, 572, 817, 649, 994, 707, 582, 530, 588, 549, 561, 810, 799, 701, 650], [628, 875, 941, 595, 908, 632, 911, 746, 597, 972, 964, 835, 818, 809, 613, 628, 908, 886, 844, 568, 925, 582, 650, 816, 551, 630, 817, 701, 987, 782, 723, 711, 697, 895, 513], [927, 754, 529, 975, 747, 799, 646, 505, 851, 925, 589, 554, 989, 773, 871, 558, 738, 866, 636, 974, 823, 912, 887, 982, 743, 732, 609, 995, 513, 906, 821, 547, 524, 787, 592], [561, 604, 585, 823, 964, 771, 681, 883, 866, 877, 869, 770, 673, 946, 648, 830, 757, 505, 517, 853, 827, 648, 891, 845, 774, 878, 636, 668, 768, 840, 817, 801, 771, 683, 962], [659, 949, 638, 502, 836, 915, 989, 514, 918, 704, 814, 505, 949, 520, 814, 525, 752, 831, 697, 592, 933, 773, 701, 754, 505, 708, 681, 606, 949, 746, 570, 952, 645, 956, 638], [529, 901, 889, 755, 689, 824, 782, 524, 597, 738, 901, 962, 935, 668, 551, 989, 588, 978, 542, 963, 581, 859, 818, 726, 906, 856, 905, 558, 963, 528, 555, 959, 931, 964, 796], [882, 949, 953, 791, 809, 851, 501, 942, 627, 558, 630, 643, 517, 902, 721, 655, 554, 563, 563, 546, 648, 781, 972, 906, 687, 855, 813, 612, 737, 624, 560, 794, 621, 762, 712], [758, 996, 875, 916, 626, 671, 969, 665, 562, 668, 632, 999, 556, 655, 567, 678, 933, 787, 963, 948, 698, 920, 574, 843, 686, 808, 989, 888, 666, 956, 908, 853, 684, 645, 919], [594, 518, 805, 573, 858, 674, 796, 821, 889, 548, 588, 531, 889, 974, 583, 856, 825, 569, 542, 834, 995, 945, 664, 761, 993, 547, 688, 867, 704, 886, 939, 726, 899, 686, 963]]
Variable production cost per unit of each product in each period p: 
[[10, 13, 13, 11, 13, 12, 13, 13, 10, 11, 11, 11, 13, 12, 13, 13, 11, 10, 10, 13, 12, 11, 10, 11, 11, 12, 12, 11, 10, 11, 10, 13, 12, 13, 13], [12, 12, 13, 10, 11, 13, 12, 13, 10, 10, 11, 11, 11, 11, 12, 13, 10, 12, 13, 13, 12, 13, 10, 12, 13, 12, 13, 10, 11, 10, 13, 10, 11, 11, 13], [12, 13, 11, 12, 12, 10, 12, 12, 12, 11, 10, 12, 11, 11, 10, 11, 12, 10, 11, 11, 12, 10, 10, 11, 13, 12, 11, 13, 11, 11, 10, 11, 13, 10, 11], [11, 12, 11, 11, 13, 12, 12, 12, 10, 11, 13, 13, 10, 11, 11, 11, 13, 13, 13, 10, 12, 11, 11, 10, 13, 13, 11, 12, 11, 13, 12, 10, 13, 10, 11], [13, 12, 11, 11, 10, 12, 12, 12, 11, 11, 12, 11, 11, 13, 12, 11, 13, 13, 13, 13, 12, 13, 12, 10, 12, 13, 11, 12, 11, 12, 12, 11, 11, 11, 10], [10, 11, 11, 13, 13, 12, 11, 12, 12, 11, 10, 12, 10, 10, 12, 12, 11, 13, 13, 13, 10, 13, 13, 13, 13, 13, 12, 13, 11, 12, 10, 11, 10, 13, 12], [11, 10, 11, 10, 10, 11, 12, 10, 11, 10, 12, 12, 12, 13, 11, 11, 11, 13, 13, 13, 12, 12, 10, 12, 13, 10, 13, 11, 10, 12, 10, 12, 11, 12, 11], [10, 10, 12, 11, 11, 13, 12, 10, 11, 10, 13, 11, 11, 12, 11, 13, 12, 13, 10, 10, 10, 10, 13, 12, 11, 12, 10, 10, 13, 10, 10, 10, 10, 11, 10], [11, 11, 12, 12, 10, 13, 11, 10, 13, 10, 10, 13, 12, 11, 12, 13, 11, 12, 12, 11, 13, 11, 13, 11, 13, 10, 13, 12, 12, 10, 12, 10, 13, 10, 11], [13, 10, 11, 13, 10, 11, 12, 12, 11, 11, 13, 12, 12, 12, 10, 11, 12, 11, 11, 11, 12, 10, 12, 12, 11, 10, 11, 12, 13, 12, 13, 11, 12, 11, 11], [13, 10, 13, 12, 11, 13, 12, 13, 13, 10, 11, 11, 12, 12, 13, 12, 11, 12, 12, 10, 10, 13, 12, 11, 12, 13, 11, 12, 12, 13, 10, 12, 12, 11, 13], [10, 13, 12, 12, 12, 11, 11, 13, 12, 10, 10, 12, 10, 13, 12, 11, 12, 10, 13, 12, 13, 10, 10, 12, 13, 12, 13, 12, 13, 11, 13, 13, 13, 10, 10], [12, 10, 11, 13, 12, 13, 11, 12, 12, 10, 12, 10, 13, 13, 10, 13, 12, 13, 11, 12, 11, 11, 10, 13, 11, 12, 10, 10, 13, 13, 12, 12, 10, 13, 12], [12, 10, 13, 13, 11, 11, 10, 13, 10, 13, 10, 11, 10, 11, 12, 12, 13, 12, 12, 12, 11, 13, 11, 12, 10, 13, 13, 10, 10, 12, 11, 12, 13, 10, 13], [12, 12, 11, 10, 13, 12, 13, 12, 10, 11, 13, 11, 12, 11, 10, 12, 12, 12, 13, 12, 13, 11, 13, 13, 12, 13, 12, 12, 13, 11, 11, 12, 11, 10, 11], [11, 13, 12, 10, 13, 13, 10, 11, 13, 10, 13, 11, 13, 10, 12, 13, 13, 12, 11, 12, 12, 10, 12, 13, 11, 12, 10, 10, 10, 10, 10, 13, 10, 11, 10], [13, 12, 10, 13, 13, 10, 10, 12, 12, 11, 13, 12, 10, 13, 11, 10, 11, 11, 11, 10, 12, 10, 11, 11, 12, 12, 13, 12, 13, 13, 11, 12, 11, 13, 12], [11, 11, 12, 11, 11, 11, 12, 12, 13, 11, 13, 10, 13, 10, 13, 13, 11, 12, 12, 10, 12, 10, 13, 11, 11, 12, 13, 11, 11, 13, 10, 12, 12, 12, 10], [12, 10, 11, 13, 13, 12, 12, 10, 11, 11, 11, 13, 13, 11, 13, 12, 13, 13, 10, 10, 10, 11, 10, 13, 12, 10, 13, 13, 12, 11, 13, 13, 13, 10, 10], [13, 10, 10, 11, 10, 10, 11, 10, 11, 12, 11, 12, 10, 11, 12, 10, 13, 13, 12, 10, 13, 10, 11, 10, 12, 12, 13, 12, 13, 12, 10, 10, 10, 12, 12], [12, 12, 10, 13, 10, 13, 11, 10, 10, 12, 13, 12, 10, 11, 11, 11, 11, 11, 11, 11, 12, 10, 13, 12, 12, 10, 12, 11, 10, 11, 12, 10, 10, 12, 10], [10, 11, 10, 12, 13, 11, 13, 11, 10, 12, 11, 13, 12, 10, 12, 12, 10, 10, 12, 11, 13, 11, 13, 12, 10, 12, 12, 10, 13, 13, 10, 12, 10, 12, 11], [12, 11, 11, 10, 12, 12, 13, 10, 11, 11, 11, 12, 11, 11, 11, 11, 11, 11, 10, 10, 10, 13, 11, 12, 11, 11, 12, 11, 12, 13, 11, 13, 10, 13, 10], [13, 12, 11, 11, 11, 10, 11, 11, 10, 13, 13, 11, 11, 10, 11, 12, 12, 10, 12, 10, 12, 13, 12, 11, 13, 11, 13, 12, 10, 10, 13, 11, 12, 12, 12], [10, 10, 11, 11, 11, 10, 12, 10, 11, 11, 11, 13, 11, 12, 11, 13, 13, 11, 11, 10, 13, 12, 12, 11, 13, 13, 13, 12, 12, 13, 10, 11, 10, 13, 12], [13, 12, 13, 11, 13, 10, 13, 12, 11, 10, 12, 11, 10, 10, 12, 11, 12, 11, 10, 10, 12, 11, 10, 11, 13, 12, 10, 10, 10, 13, 10, 13, 13, 11, 12], [13, 10, 12, 11, 11, 11, 13, 13, 11, 13, 10, 10, 13, 13, 12, 10, 12, 13, 11, 10, 10, 13, 10, 10, 11, 10, 12, 11, 11, 13, 11, 10, 11, 10, 10], [13, 13, 13, 11, 11, 13, 12, 11, 10, 11, 10, 11, 13, 13, 10, 10, 12, 10, 11, 12, 11, 12, 11, 11, 12, 13, 11, 12, 12, 11, 12, 11, 10, 10, 10], [12, 10, 10, 10, 10, 12, 11, 13, 12, 13, 12, 13, 12, 10, 10, 13, 12, 11, 12, 13, 10, 13, 11, 10, 10, 10, 10, 10, 13, 10, 11, 12, 11, 13, 10], [12, 13, 11, 11, 10, 11, 13, 12, 12, 13, 13, 12, 13, 13, 13, 13, 13, 13, 11, 13, 13, 11, 12, 11, 11, 12, 10, 12, 10, 13, 12, 13, 11, 10, 11], [13, 11, 13, 11, 10, 10, 11, 13, 12, 12, 10, 10, 10, 11, 12, 12, 10, 12, 10, 13, 10, 13, 11, 11, 12, 10, 11, 13, 12, 11, 12, 10, 12, 12, 10], [12, 10, 12, 13, 10, 11, 11, 13, 10, 11, 10, 13, 10, 12, 13, 10, 12, 13, 12, 13, 10, 10, 11, 10, 10, 12, 11, 11, 11, 11, 13, 12, 10, 11, 12], [12, 11, 13, 13, 11, 13, 10, 11, 12, 11, 11, 12, 10, 11, 10, 12, 11, 10, 10, 10, 12, 10, 11, 12, 11, 11, 10, 11, 12, 10, 11, 10, 13, 10, 12], [10, 12, 10, 10, 12, 12, 10, 10, 13, 12, 13, 10, 13, 12, 11, 11, 11, 10, 10, 11, 13, 11, 13, 10, 13, 12, 10, 13, 12, 10, 11, 10, 12, 12, 11], [11, 13, 11, 13, 13, 10, 10, 10, 10, 10, 12, 12, 12, 12, 10, 12, 11, 13, 13, 11, 13, 10, 13, 12, 13, 10, 12, 13, 10, 11, 12, 13, 12, 13, 10], [10, 11, 12, 13, 12, 12, 13, 11, 12, 13, 10, 12, 13, 13, 10, 11, 12, 12, 13, 11, 10, 13, 11, 11, 10, 13, 12, 11, 10, 10, 13, 12, 13, 12, 12], [11, 13, 10, 11, 10, 13, 11, 13, 11, 11, 13, 11, 11, 11, 12, 10, 13, 12, 13, 12, 12, 10, 11, 10, 11, 10, 13, 10, 13, 13, 11, 11, 12, 12, 12], [12, 12, 11, 12, 10, 13, 11, 10, 10, 13, 12, 11, 10, 10, 12, 11, 13, 11, 10, 12, 10, 13, 11, 12, 13, 12, 13, 13, 11, 11, 12, 12, 11, 11, 12], [13, 13, 12, 11, 13, 13, 13, 10, 13, 11, 13, 13, 10, 12, 10, 12, 13, 10, 11, 10, 12, 10, 11, 12, 13, 12, 12, 13, 10, 11, 10, 13, 13, 13, 11], [11, 10, 12, 12, 10, 12, 12, 11, 12, 12, 12, 10, 11, 13, 10, 11, 11, 13, 11, 10, 13, 12, 11, 10, 13, 10, 10, 13, 12, 10, 12, 13, 10, 12, 13], [10, 12, 12, 13, 12, 13, 13, 11, 10, 13, 13, 13, 10, 11, 12, 11, 10, 11, 11, 12, 12, 13, 11, 10, 10, 10, 10, 12, 11, 10, 13, 11, 12, 13, 10], [11, 13, 13, 12, 10, 11, 12, 11, 10, 10, 13, 12, 10, 10, 10, 13, 10, 10, 10, 11, 12, 10, 10, 11, 10, 12, 10, 13, 13, 11, 12, 12, 13, 10, 10], [10, 13, 13, 13, 11, 10, 10, 13, 12, 10, 12, 11, 12, 13, 11, 12, 13, 12, 11, 12, 11, 11, 11, 11, 11, 13, 12, 10, 11, 13, 13, 12, 13, 10, 11], [13, 13, 13, 12, 10, 11, 10, 11, 12, 12, 12, 10, 12, 13, 13, 13, 11, 11, 11, 11, 11, 13, 13, 12, 10, 13, 13, 11, 10, 12, 12, 11, 13, 10, 11], [12, 11, 10, 10, 12, 12, 10, 13, 10, 12, 12, 10, 13, 10, 12, 13, 10, 11, 11, 11, 10, 13, 13, 12, 10, 12, 11, 10, 10, 12, 11, 10, 13, 12, 11], [12, 12, 13, 13, 11, 11, 11, 12, 10, 11, 13, 11, 13, 13, 13, 12, 10, 10, 11, 13, 10, 11, 11, 11, 11, 12, 12, 12, 10, 13, 11, 11, 12, 13, 11], [12, 11, 13, 10, 10, 13, 12, 13, 13, 11, 10, 11, 12, 11, 11, 12, 10, 11, 10, 13, 11, 11, 12, 13, 13, 13, 12, 10, 12, 12, 11, 11, 12, 13, 12], [13, 13, 11, 12, 11, 10, 13, 10, 11, 12, 13, 10, 10, 12, 12, 11, 13, 11, 10, 10, 10, 13, 13, 11, 10, 12, 13, 11, 13, 12, 12, 10, 10, 12, 11], [10, 13, 10, 12, 11, 10, 11, 10, 13, 10, 13, 11, 10, 10, 13, 12, 11, 13, 13, 12, 10, 13, 11, 10, 12, 13, 10, 10, 11, 10, 10, 11, 10, 12, 13], [10, 13, 12, 10, 12, 10, 13, 12, 10, 12, 12, 11, 13, 12, 13, 12, 11, 12, 12, 12, 13, 13, 11, 12, 11, 10, 12, 13, 10, 12, 10, 12, 13, 11, 11], [13, 11, 13, 12, 11, 13, 10, 11, 13, 12, 12, 13, 13, 12, 12, 11, 10, 12, 10, 10, 12, 13, 10, 13, 13, 11, 13, 10, 13, 10, 11, 10, 10, 13, 11], [12, 13, 12, 13, 10, 11, 10, 11, 10, 10, 10, 12, 12, 12, 10, 13, 13, 10, 11, 13, 11, 11, 10, 11, 10, 10, 10, 10, 12, 12, 13, 13, 13, 11, 10], [12, 13, 11, 13, 13, 10, 13, 13, 10, 12, 10, 13, 11, 10, 12, 10, 11, 12, 12, 12, 11, 10, 10, 11, 11, 10, 12, 12, 10, 13, 10, 11, 13, 10, 12], [12, 10, 13, 12, 10, 13, 13, 11, 10, 11, 10, 13, 11, 10, 11, 13, 12, 13, 10, 10, 11, 12, 12, 12, 12, 10, 10, 13, 11, 12, 13, 13, 10, 12, 10], [13, 13, 10, 13, 12, 11, 13, 12, 11, 12, 12, 11, 13, 13, 10, 13, 13, 11, 11, 12, 10, 11, 10, 12, 10, 10, 12, 13, 12, 12, 10, 12, 11, 12, 13]]
Inventory holding cost per unit of each product by the end of each period h: 
[[7, 5, 7, 9, 5, 6, 7, 9, 8, 8, 6, 9, 7, 8, 7, 6, 7, 7, 5, 5, 9, 6, 9, 5, 8, 8, 7, 6, 9, 9, 8, 5, 7, 7, 7], [7, 5, 6, 5, 8, 8, 7, 8, 6, 9, 6, 7, 8, 7, 7, 7, 5, 6, 9, 6, 5, 7, 9, 9, 6, 6, 9, 8, 7, 5, 5, 6, 6, 5, 5], [7, 5, 7, 7, 8, 5, 5, 5, 6, 6, 9, 6, 9, 8, 5, 7, 8, 9, 9, 8, 7, 5, 8, 6, 9, 5, 8, 5, 7, 9, 7, 6, 7, 8, 9], [7, 8, 5, 9, 5, 6, 6, 5, 5, 5, 6, 6, 9, 6, 6, 8, 9, 9, 7, 7, 7, 5, 9, 7, 6, 8, 6, 9, 6, 6, 8, 8, 7, 8, 8], [5, 9, 5, 7, 5, 5, 8, 5, 5, 8, 8, 6, 6, 6, 7, 8, 8, 9, 6, 7, 5, 9, 7, 9, 7, 8, 6, 5, 8, 5, 6, 7, 8, 8, 7], [6, 8, 6, 6, 7, 7, 7, 8, 9, 8, 7, 9, 5, 5, 7, 8, 5, 8, 9, 7, 5, 7, 9, 6, 9, 8, 6, 9, 7, 6, 6, 8, 7, 5, 6], [9, 6, 6, 7, 6, 6, 9, 6, 6, 7, 6, 9, 5, 8, 9, 6, 5, 7, 8, 7, 6, 5, 5, 6, 8, 5, 9, 5, 8, 7, 8, 6, 7, 5, 6], [9, 7, 5, 7, 6, 7, 7, 6, 5, 5, 8, 5, 5, 5, 6, 6, 5, 6, 5, 9, 6, 5, 5, 6, 7, 9, 7, 5, 8, 5, 9, 5, 9, 6, 6], [5, 9, 9, 7, 7, 6, 6, 8, 6, 7, 5, 5, 6, 7, 8, 5, 8, 7, 5, 6, 9, 9, 8, 5, 6, 5, 9, 8, 9, 7, 9, 7, 6, 9, 9], [7, 7, 9, 7, 8, 5, 7, 5, 8, 6, 9, 7, 9, 7, 8, 7, 9, 8, 8, 9, 8, 7, 8, 6, 7, 8, 7, 5, 9, 8, 5, 8, 8, 8, 7], [5, 8, 7, 6, 9, 6, 6, 9, 9, 9, 7, 7, 8, 8, 8, 9, 5, 5, 8, 6, 9, 9, 9, 6, 7, 8, 9, 5, 9, 5, 6, 9, 7, 5, 8], [5, 5, 7, 7, 7, 8, 7, 5, 9, 7, 6, 7, 6, 6, 9, 8, 8, 6, 6, 6, 5, 8, 9, 8, 7, 8, 9, 6, 7, 8, 8, 5, 9, 6, 7], [5, 7, 7, 7, 7, 7, 9, 8, 9, 9, 7, 6, 5, 7, 7, 6, 5, 6, 6, 9, 7, 6, 5, 7, 8, 7, 8, 7, 9, 8, 6, 8, 8, 8, 7], [8, 6, 9, 9, 5, 5, 8, 5, 7, 7, 6, 8, 6, 9, 8, 8, 9, 9, 7, 7, 8, 5, 6, 6, 7, 8, 6, 9, 5, 7, 5, 5, 8, 6, 9], [5, 9, 9, 8, 9, 7, 9, 8, 9, 5, 8, 9, 5, 6, 5, 7, 9, 7, 5, 7, 9, 7, 7, 9, 5, 9, 7, 6, 6, 6, 9, 6, 6, 7, 8], [6, 6, 9, 6, 9, 7, 5, 8, 6, 8, 9, 7, 6, 8, 5, 5, 6, 5, 9, 5, 7, 6, 7, 8, 6, 7, 5, 5, 6, 7, 5, 9, 9, 6, 9], [5, 7, 8, 9, 5, 5, 7, 5, 6, 7, 7, 5, 7, 7, 7, 9, 9, 9, 7, 6, 5, 5, 5, 9, 9, 7, 8, 5, 7, 9, 6, 7, 6, 7, 9], [9, 5, 9, 8, 8, 5, 7, 7, 8, 8, 9, 7, 9, 9, 6, 9, 5, 5, 5, 8, 7, 7, 9, 7, 6, 9, 8, 9, 6, 5, 9, 7, 5, 9, 9], [9, 7, 7, 9, 8, 7, 9, 9, 8, 6, 9, 9, 5, 6, 7, 9, 5, 6, 6, 7, 9, 5, 8, 9, 5, 5, 9, 8, 7, 8, 7, 6, 5, 9, 9], [5, 6, 8, 6, 6, 5, 5, 9, 9, 5, 5, 6, 6, 6, 8, 7, 8, 8, 9, 5, 9, 7, 7, 9, 6, 6, 5, 9, 8, 5, 7, 6, 6, 8, 5], [9, 7, 6, 7, 9, 5, 7, 8, 9, 6, 8, 6, 6, 7, 9, 6, 6, 8, 6, 9, 5, 8, 6, 7, 7, 5, 5, 7, 6, 6, 7, 6, 5, 5, 7], [8, 5, 9, 6, 5, 7, 6, 6, 5, 8, 6, 9, 8, 6, 6, 5, 8, 5, 6, 6, 9, 6, 9, 7, 8, 7, 5, 5, 9, 7, 5, 9, 7, 5, 8], [7, 6, 5, 8, 8, 6, 8, 9, 6, 6, 8, 5, 8, 5, 5, 8, 6, 5, 5, 6, 5, 7, 9, 5, 5, 9, 6, 7, 6, 8, 9, 7, 7, 9, 6], [5, 5, 9, 5, 5, 6, 5, 9, 7, 7, 7, 9, 6, 9, 7, 9, 6, 9, 6, 6, 5, 6, 9, 7, 7, 9, 5, 7, 9, 6, 9, 8, 7, 6, 8], [9, 5, 9, 7, 9, 7, 5, 6, 5, 6, 7, 6, 9, 6, 9, 8, 9, 6, 8, 7, 8, 5, 8, 7, 7, 8, 5, 9, 9, 6, 6, 8, 9, 6, 8], [6, 7, 5, 8, 8, 7, 9, 5, 9, 7, 8, 9, 8, 5, 8, 8, 5, 8, 7, 9, 5, 5, 6, 7, 8, 7, 6, 6, 9, 5, 5, 6, 9, 8, 8], [8, 9, 7, 5, 9, 9, 9, 8, 6, 8, 5, 7, 8, 9, 6, 8, 5, 6, 6, 9, 6, 7, 8, 7, 5, 8, 7, 9, 7, 8, 6, 8, 7, 8, 8], [6, 7, 7, 8, 6, 7, 5, 8, 6, 8, 6, 8, 6, 9, 7, 7, 7, 6, 9, 9, 9, 5, 9, 8, 7, 7, 5, 7, 5, 5, 7, 9, 7, 5, 7], [8, 8, 7, 5, 5, 5, 8, 8, 6, 5, 6, 9, 8, 5, 6, 5, 8, 7, 5, 7, 7, 7, 8, 7, 7, 7, 6, 8, 6, 8, 9, 7, 7, 6, 5], [6, 9, 6, 6, 8, 7, 5, 6, 9, 8, 7, 8, 5, 6, 9, 9, 6, 6, 8, 5, 5, 9, 6, 8, 9, 8, 9, 7, 6, 6, 8, 8, 9, 9, 9], [5, 8, 7, 8, 5, 8, 6, 5, 8, 7, 6, 9, 9, 7, 7, 8, 6, 6, 5, 8, 9, 9, 8, 9, 6, 7, 8, 7, 6, 8, 7, 6, 5, 6, 7], [8, 8, 5, 8, 7, 6, 9, 6, 7, 6, 7, 6, 6, 9, 9, 5, 6, 7, 9, 7, 9, 7, 8, 6, 8, 8, 8, 8, 5, 6, 7, 8, 8, 5, 6], [6, 7, 8, 7, 6, 6, 5, 7, 5, 6, 6, 6, 9, 7, 9, 5, 9, 9, 6, 5, 7, 9, 8, 8, 7, 8, 8, 8, 8, 5, 5, 9, 7, 7, 6], [8, 6, 5, 9, 6, 9, 6, 8, 6, 9, 5, 6, 5, 6, 6, 9, 8, 9, 6, 9, 8, 6, 7, 8, 6, 5, 8, 6, 9, 8, 6, 9, 8, 7, 5], [8, 8, 8, 6, 7, 5, 5, 6, 8, 5, 8, 6, 5, 6, 9, 7, 6, 7, 9, 5, 8, 9, 9, 7, 8, 8, 5, 9, 9, 8, 8, 7, 9, 5, 9], [7, 5, 8, 8, 5, 9, 9, 6, 5, 8, 8, 5, 5, 6, 7, 5, 5, 6, 8, 9, 7, 5, 7, 6, 8, 7, 5, 5, 6, 5, 8, 9, 6, 8, 8], [6, 9, 8, 7, 9, 5, 8, 7, 6, 9, 8, 9, 8, 8, 5, 9, 5, 9, 8, 6, 7, 6, 9, 8, 7, 7, 7, 6, 8, 8, 8, 9, 8, 6, 5], [5, 7, 5, 8, 8, 6, 9, 7, 5, 6, 9, 9, 6, 6, 6, 9, 6, 9, 9, 7, 8, 8, 5, 5, 8, 5, 8, 5, 8, 5, 9, 9, 5, 9, 7], [7, 9, 8, 7, 6, 6, 6, 9, 6, 8, 5, 7, 9, 5, 7, 6, 6, 8, 7, 8, 5, 6, 8, 6, 7, 6, 8, 7, 5, 7, 5, 8, 7, 9, 6], [7, 6, 6, 6, 8, 5, 5, 6, 7, 7, 5, 9, 8, 8, 5, 5, 7, 7, 5, 9, 8, 5, 5, 9, 7, 6, 5, 5, 7, 5, 5, 9, 8, 6, 7], [6, 9, 5, 7, 7, 7, 8, 8, 8, 6, 5, 5, 5, 9, 8, 8, 5, 6, 8, 5, 5, 6, 8, 7, 8, 9, 9, 7, 8, 6, 7, 9, 8, 6, 5], [8, 7, 7, 7, 5, 7, 9, 5, 6, 5, 8, 9, 5, 8, 9, 6, 9, 5, 7, 5, 6, 5, 7, 7, 5, 8, 9, 6, 9, 5, 6, 6, 9, 8, 5], [9, 6, 5, 8, 7, 5, 5, 8, 8, 9, 5, 5, 8, 8, 9, 5, 9, 8, 8, 5, 8, 8, 9, 9, 5, 5, 8, 9, 9, 7, 7, 7, 9, 7, 9], [8, 6, 6, 9, 8, 8, 8, 7, 7, 7, 8, 7, 5, 5, 7, 7, 9, 6, 7, 9, 6, 6, 5, 6, 8, 8, 9, 8, 6, 8, 7, 9, 9, 5, 8], [8, 5, 6, 5, 7, 7, 7, 7, 5, 8, 7, 9, 5, 8, 5, 5, 9, 6, 6, 9, 9, 7, 9, 7, 5, 9, 7, 9, 8, 6, 9, 5, 6, 6, 6], [8, 9, 7, 9, 6, 8, 7, 9, 6, 7, 6, 8, 6, 6, 8, 9, 5, 5, 5, 9, 8, 7, 8, 5, 7, 8, 9, 8, 6, 7, 9, 8, 9, 6, 9], [5, 9, 5, 8, 8, 6, 5, 8, 8, 8, 7, 5, 6, 8, 6, 7, 6, 5, 6, 8, 8, 9, 9, 5, 5, 5, 7, 7, 8, 7, 9, 8, 7, 6, 8], [9, 7, 8, 8, 5, 5, 6, 6, 5, 8, 5, 5, 7, 9, 7, 5, 9, 6, 5, 6, 6, 8, 5, 8, 7, 6, 7, 8, 5, 7, 5, 5, 9, 9, 7], [8, 9, 5, 8, 9, 5, 8, 9, 7, 7, 9, 7, 6, 9, 7, 7, 5, 6, 7, 5, 9, 8, 7, 6, 8, 5, 9, 5, 6, 5, 7, 8, 5, 6, 7], [5, 7, 9, 7, 7, 8, 5, 8, 7, 9, 9, 9, 7, 8, 5, 8, 9, 7, 6, 8, 9, 8, 7, 8, 5, 9, 6, 6, 9, 8, 8, 7, 8, 7, 8], [5, 6, 9, 5, 9, 5, 5, 8, 8, 9, 7, 5, 6, 8, 5, 6, 6, 6, 8, 5, 8, 6, 7, 9, 6, 5, 7, 7, 8, 6, 7, 8, 5, 5, 8], [7, 8, 7, 7, 5, 6, 8, 9, 5, 8, 6, 8, 5, 8, 7, 5, 9, 8, 7, 5, 8, 6, 6, 8, 8, 7, 5, 9, 5, 6, 8, 9, 5, 5, 5], [8, 7, 7, 9, 7, 8, 5, 6, 8, 5, 6, 6, 5, 5, 8, 8, 9, 5, 5, 6, 8, 6, 8, 6, 6, 5, 6, 6, 9, 8, 5, 9, 5, 8, 5], [8, 8, 5, 6, 5, 5, 8, 9, 8, 9, 6, 7, 7, 5, 8, 9, 7, 8, 8, 5, 6, 8, 7, 5, 9, 8, 8, 7, 6, 7, 6, 6, 5, 6, 5], [6, 6, 7, 5, 7, 9, 7, 9, 7, 7, 5, 8, 9, 5, 9, 6, 6, 9, 5, 6, 7, 8, 6, 7, 8, 8, 8, 7, 9, 9, 9, 5, 5, 6, 8]]
Demand for each product in each period d: 
[[42, 0, 42, 16, 31, 49, 32, 39, 47, 31, 19, 15, 9, 3, 17, 14, 37, 16, 27, 0, 35, 24, 34, 43, 46, 22, 0, 11, 27, 22, 14, 3, 19, 0, 17], [48, 18, 18, 39, 41, 0, 19, 5, 9, 31, 21, 10, 30, 27, 0, 20, 42, 6, 29, 8, 4, 6, 14, 0, 28, 29, 21, 15, 17, 37, 38, 28, 28, 32, 24], [10, 1, 8, 33, 1, 41, 16, 17, 20, 34, 21, 16, 23, 28, 20, 35, 12, 8, 15, 12, 34, 21, 30, 8, 0, 4, 24, 31, 11, 0, 48, 44, 31, 28, 36], [12, 35, 1, 1, 25, 6, 35, 4, 29, 45, 12, 44, 12, 26, 18, 0, 43, 14, 7, 0, 24, 21, 43, 32, 0, 26, 22, 25, 32, 48, 34, 46, 8, 2, 46], [49, 33, 27, 12, 42, 1, 17, 24, 21, 45, 48, 41, 45, 43, 11, 46, 46, 46, 12, 43, 32, 29, 7, 39, 24, 13, 26, 22, 9, 23, 22, 49, 9, 8, 42], [25, 5, 23, 19, 29, 11, 30, 12, 43, 41, 43, 41, 28, 37, 45, 1, 7, 41, 30, 36, 21, 46, 0, 39, 38, 30, 22, 0, 21, 12, 0, 49, 45, 11, 0], [29, 41, 18, 25, 36, 35, 7, 17, 42, 0, 11, 39, 11, 30, 20, 32, 41, 28, 40, 39, 36, 28, 0, 12, 9, 30, 25, 21, 35, 29, 39, 3, 43, 21, 9], [42, 39, 43, 21, 43, 44, 15, 0, 14, 0, 43, 14, 3, 11, 20, 41, 49, 42, 21, 35, 14, 19, 30, 46, 23, 43, 0, 0, 37, 29, 26, 23, 0, 35, 10], [1, 26, 1, 2, 29, 45, 0, 25, 43, 23, 43, 10, 2, 0, 12, 28, 44, 8, 39, 44, 11, 25, 6, 14, 16, 27, 38, 36, 32, 25, 45, 25, 14, 36, 17], [15, 15, 11, 24, 48, 20, 28, 39, 37, 12, 35, 43, 19, 11, 44, 0, 11, 7, 0, 12, 10, 14, 8, 0, 10, 14, 40, 11, 24, 43, 22, 6, 22, 39, 44], [12, 19, 0, 43, 0, 0, 17, 7, 12, 6, 26, 13, 7, 41, 0, 11, 3, 29, 38, 2, 38, 40, 4, 45, 0, 28, 8, 3, 7, 45, 43, 12, 3, 40, 9], [17, 36, 9, 0, 16, 44, 38, 46, 39, 36, 12, 17, 37, 36, 19, 21, 5, 7, 40, 36, 48, 41, 1, 30, 14, 37, 5, 5, 24, 14, 0, 26, 0, 48, 13], [13, 25, 23, 32, 40, 43, 0, 30, 0, 15, 31, 38, 2, 27, 4, 14, 29, 0, 19, 0, 44, 36, 26, 41, 32, 37, 35, 9, 22, 25, 0, 26, 25, 26, 24], [15, 11, 25, 29, 37, 49, 5, 0, 10, 1, 42, 12, 11, 30, 19, 11, 39, 9, 13, 17, 22, 8, 39, 1, 1, 26, 39, 36, 21, 15, 19, 26, 17, 11, 37], [49, 17, 20, 0, 0, 10, 34, 35, 9, 23, 38, 20, 29, 0, 47, 43, 41, 5, 31, 31, 47, 11, 9, 8, 36, 18, 31, 32, 41, 7, 31, 0, 46, 3, 45], [32, 39, 40, 23, 3, 42, 13, 25, 25, 38, 34, 47, 40, 17, 49, 41, 40, 19, 14, 19, 28, 27, 8, 25, 36, 47, 46, 7, 40, 12, 20, 46, 46, 47, 6], [22, 39, 18, 2, 44, 26, 5, 4, 7, 16, 2, 31, 46, 43, 38, 36, 36, 41, 0, 6, 39, 39, 33, 32, 42, 18, 36, 26, 46, 6, 0, 27, 15, 0, 0], [21, 1, 2, 34, 17, 39, 30, 11, 44, 2, 26, 3, 3, 43, 41, 1, 10, 2, 49, 47, 8, 33, 47, 46, 5, 35, 13, 49, 29, 3, 39, 42, 27, 37, 47], [39, 28, 47, 14, 31, 14, 2, 19, 47, 43, 5, 36, 18, 47, 27, 7, 14, 24, 14, 35, 31, 21, 36, 8, 40, 26, 25, 17, 27, 6, 36, 36, 38, 37, 35], [42, 34, 5, 37, 15, 48, 23, 5, 40, 0, 0, 23, 21, 0, 46, 26, 36, 42, 26, 42, 28, 28, 11, 7, 0, 16, 0, 10, 3, 3, 34, 15, 21, 42, 24], [0, 18, 28, 0, 2, 38, 30, 28, 31, 45, 0, 41, 7, 26, 20, 34, 8, 39, 0, 42, 32, 15, 36, 17, 7, 45, 22, 35, 1, 35, 0, 15, 9, 6, 45], [0, 8, 33, 18, 19, 24, 11, 15, 4, 44, 47, 36, 30, 35, 42, 17, 21, 26, 27, 4, 21, 0, 27, 48, 30, 44, 37, 0, 37, 15, 11, 0, 6, 15, 3], [11, 45, 49, 47, 32, 14, 17, 49, 43, 4, 44, 2, 24, 49, 29, 40, 41, 14, 41, 43, 28, 4, 36, 31, 39, 34, 0, 15, 21, 42, 12, 31, 48, 7, 15], [9, 37, 39, 46, 3, 0, 6, 34, 29, 35, 12, 3, 39, 16, 35, 29, 42, 20, 11, 39, 4, 20, 43, 14, 0, 17, 40, 10, 44, 7, 18, 15, 7, 34, 22], [0, 49, 31, 42, 44, 4, 18, 0, 6, 31, 16, 48, 0, 35, 47, 0, 49, 44, 10, 28, 17, 6, 46, 0, 45, 23, 3, 33, 37, 0, 35, 0, 46, 31, 2], [8, 0, 48, 0, 43, 38, 34, 22, 0, 9, 3, 28, 9, 25, 33, 0, 0, 9, 36, 17, 28, 14, 41, 16, 0, 17, 0, 37, 21, 10, 25, 49, 49, 0, 20], [38, 7, 4, 18, 11, 16, 45, 4, 7, 44, 40, 45, 33, 0, 48, 46, 38, 9, 36, 14, 20, 36, 2, 19, 2, 44, 37, 40, 8, 8, 18, 41, 34, 28, 31], [7, 28, 33, 0, 38, 0, 44, 28, 5, 23, 38, 39, 26, 2, 30, 0, 7, 43, 34, 39, 25, 15, 2, 0, 49, 24, 49, 49, 36, 29, 34, 6, 6, 29, 23], [18, 1, 20, 2, 20, 38, 8, 25, 7, 22, 27, 2, 0, 1, 35, 17, 39, 26, 4, 9, 0, 26, 4, 21, 32, 0, 10, 28, 10, 4, 45, 16, 20, 22, 41], [6, 3, 0, 10, 36, 37, 37, 10, 36, 34, 44, 48, 48, 18, 9, 0, 32, 0, 6, 14, 19, 20, 42, 35, 38, 15, 0, 31, 17, 7, 43, 8, 22, 23, 31], [7, 13, 6, 32, 43, 0, 49, 12, 34, 48, 25, 24, 45, 32, 26, 26, 21, 25, 6, 31, 12, 24, 41, 30, 27, 26, 6, 17, 16, 47, 40, 1, 1, 32, 9], [28, 1, 34, 21, 37, 11, 38, 3, 24, 32, 22, 47, 12, 44, 36, 10, 14, 23, 3, 19, 11, 0, 16, 19, 4, 14, 7, 17, 22, 23, 49, 0, 6, 0, 24], [4, 39, 15, 28, 44, 32, 11, 29, 20, 4, 16, 14, 17, 32, 3, 46, 47, 7, 5, 27, 29, 14, 9, 7, 48, 5, 15, 7, 18, 22, 4, 17, 7, 19, 39], [8, 0, 41, 0, 44, 46, 12, 39, 11, 22, 17, 48, 2, 37, 49, 49, 43, 21, 19, 14, 13, 35, 1, 1, 14, 19, 0, 41, 20, 38, 43, 7, 42, 26, 10], [23, 24, 47, 5, 14, 41, 14, 29, 43, 0, 16, 34, 43, 39, 46, 17, 29, 39, 16, 27, 6, 18, 4, 45, 6, 29, 47, 32, 44, 22, 22, 33, 42, 11, 11], [31, 43, 42, 46, 22, 45, 36, 23, 14, 43, 39, 35, 47, 22, 24, 4, 21, 45, 16, 12, 43, 6, 0, 0, 8, 35, 31, 48, 6, 36, 27, 26, 45, 31, 2], [0, 18, 4, 40, 42, 47, 20, 46, 15, 45, 20, 48, 49, 37, 42, 26, 22, 40, 29, 4, 32, 12, 12, 13, 5, 2, 31, 30, 11, 47, 7, 47, 0, 18, 41], [17, 39, 28, 35, 13, 24, 5, 42, 2, 31, 0, 41, 34, 0, 47, 31, 45, 35, 38, 36, 0, 43, 21, 26, 33, 30, 43, 0, 0, 49, 20, 44, 16, 8, 27], [37, 0, 15, 16, 16, 38, 0, 28, 12, 14, 42, 42, 10, 8, 15, 37, 36, 38, 8, 32, 10, 5, 14, 19, 24, 0, 49, 24, 24, 48, 39, 10, 25, 23, 37], [0, 39, 30, 29, 24, 11, 29, 46, 0, 12, 3, 11, 16, 30, 10, 9, 22, 6, 0, 38, 19, 6, 4, 13, 0, 37, 28, 40, 41, 37, 46, 41, 1, 26, 9], [11, 36, 38, 33, 33, 26, 0, 0, 25, 31, 34, 28, 7, 18, 6, 28, 41, 8, 38, 23, 7, 27, 16, 0, 0, 0, 43, 33, 28, 22, 27, 13, 45, 11, 27], [47, 49, 6, 14, 31, 30, 49, 22, 0, 10, 0, 41, 29, 3, 45, 28, 14, 10, 38, 9, 28, 39, 12, 43, 14, 0, 32, 39, 13, 25, 25, 46, 0, 17, 10], [40, 35, 0, 33, 28, 27, 39, 6, 4, 45, 14, 24, 1, 0, 33, 1, 5, 15, 33, 42, 31, 25, 39, 12, 3, 48, 19, 1, 22, 13, 15, 2, 31, 17, 14], [23, 18, 22, 9, 20, 1, 0, 24, 45, 30, 48, 27, 36, 43, 2, 21, 36, 6, 16, 39, 27, 23, 41, 44, 40, 45, 45, 26, 46, 24, 26, 40, 6, 0, 11], [26, 10, 3, 32, 19, 36, 9, 43, 18, 25, 32, 0, 46, 45, 32, 16, 0, 0, 1, 14, 13, 28, 8, 24, 24, 15, 49, 20, 28, 39, 22, 42, 38, 46, 22], [32, 24, 16, 29, 29, 13, 5, 44, 18, 8, 27, 15, 30, 13, 32, 25, 15, 18, 24, 14, 8, 0, 23, 0, 31, 15, 0, 35, 41, 1, 29, 24, 46, 31, 24], [4, 0, 36, 27, 27, 2, 47, 25, 22, 31, 0, 7, 9, 23, 16, 0, 48, 0, 18, 30, 3, 5, 34, 41, 31, 8, 44, 17, 24, 34, 11, 31, 40, 2, 44], [0, 13, 34, 48, 6, 10, 31, 28, 6, 14, 49, 1, 3, 29, 34, 24, 29, 33, 8, 45, 0, 7, 19, 0, 43, 4, 32, 27, 41, 20, 14, 10, 15, 23, 42], [28, 18, 6, 41, 2, 8, 48, 35, 33, 48, 31, 45, 2, 13, 14, 2, 23, 5, 32, 41, 0, 34, 4, 0, 40, 44, 43, 21, 27, 2, 25, 41, 8, 8, 40], [37, 31, 33, 40, 18, 1, 19, 30, 47, 3, 37, 36, 15, 49, 9, 21, 9, 11, 6, 35, 36, 36, 8, 33, 19, 0, 24, 36, 2, 5, 12, 30, 32, 1, 49], [20, 24, 37, 44, 43, 24, 21, 43, 41, 16, 0, 5, 41, 33, 22, 1, 24, 27, 33, 29, 11, 49, 0, 49, 26, 6, 45, 33, 35, 40, 47, 30, 11, 49, 29], [40, 7, 4, 8, 41, 0, 41, 8, 10, 6, 0, 8, 37, 32, 19, 24, 22, 0, 40, 36, 34, 40, 49, 35, 11, 49, 0, 37, 11, 0, 0, 30, 41, 35, 11], [25, 49, 30, 29, 43, 2, 30, 14, 35, 15, 48, 6, 9, 4, 38, 26, 45, 19, 33, 10, 0, 24, 19, 45, 42, 12, 48, 27, 30, 33, 12, 15, 18, 43, 13], [41, 10, 43, 12, 26, 40, 20, 17, 41, 15, 42, 0, 9, 35, 35, 37, 4, 16, 29, 15, 15, 0, 30, 44, 0, 49, 9, 17, 17, 46, 3, 42, 24, 21, 7], [0, 5, 39, 8, 44, 42, 42, 35, 0, 45, 25, 10, 23, 43, 26, 36, 3, 5, 26, 40, 17, 2, 19, 40, 4, 10, 27, 48, 49, 45, 46, 37, 40, 8, 36]]
Maintenance cost in each period m: 
[72373, 71603, 70971, 72367, 70686, 71635, 69914, 69375, 69237, 70784, 68877, 68742, 72365, 72371, 70030, 70987, 69013, 72226, 70723, 68379, 71827, 69076, 71141, 69980, 69005, 71835, 70151, 71829, 68575, 69153, 70175, 70905, 69914, 69234, 70710]
Maximum capacity of the machine cmax: 
2475