Set of periods in the planning horizon T: 
25
Set of products P: 
30
Capacity reduction coefficient alpha: 
0.8
Relative decrease of capacity per set up gamma: 
0.21
Capacity reduction coefficient due to product types beta: 
[0.34, 0.27, 0.21, 0.26, 0.28, 0.27, 0.26, 0.24, 0.28, 0.28, 0.36, 0.37, 0.23, 0.32, 0.22, 0.33, 0.21, 0.3, 0.25, 0.31, 0.38, 0.26, 0.37, 0.38, 0.27, 0.38, 0.3, 0.29, 0.31, 0.37]
Fixed production cost of each product in each period f: 
[[988, 943, 526, 893, 808, 634, 998, 576, 675, 514, 687, 863, 746, 629, 600, 578, 626, 947, 915, 700, 631, 672, 649, 855, 970], [990, 743, 989, 604, 878, 640, 547, 786, 797, 879, 868, 993, 607, 504, 987, 918, 570, 956, 958, 518, 812, 740, 978, 765, 719], [673, 698, 535, 936, 982, 890, 717, 835, 504, 545, 938, 646, 769, 666, 508, 869, 951, 765, 975, 766, 975, 664, 565, 749, 719], [685, 893, 727, 678, 664, 869, 873, 754, 903, 692, 989, 572, 796, 856, 761, 650, 813, 827, 537, 596, 521, 638, 696, 929, 892], [988, 724, 843, 808, 963, 773, 894, 578, 852, 946, 753, 558, 513, 971, 688, 860, 970, 707, 615, 987, 779, 567, 831, 815, 918], [556, 645, 661, 559, 943, 567, 885, 869, 863, 868, 912, 860, 803, 914, 794, 727, 987, 563, 623, 698, 770, 749, 815, 938, 514], [684, 588, 796, 530, 701, 890, 997, 960, 849, 985, 810, 546, 967, 738, 899, 880, 909, 786, 962, 608, 535, 768, 800, 902, 733], [875, 537, 544, 555, 773, 727, 773, 656, 610, 876, 924, 695, 835, 533, 626, 958, 583, 907, 854, 594, 688, 770, 962, 880, 898], [900, 622, 959, 695, 855, 654, 610, 727, 518, 652, 785, 787, 819, 622, 981, 660, 503, 542, 563, 934, 758, 521, 576, 835, 817], [965, 765, 689, 663, 907, 931, 865, 789, 812, 876, 934, 555, 917, 774, 838, 870, 712, 630, 997, 575, 745, 661, 743, 915, 665], [732, 795, 644, 899, 792, 650, 550, 914, 531, 753, 817, 575, 924, 924, 637, 620, 681, 571, 635, 580, 814, 730, 856, 965, 886], [986, 705, 994, 688, 896, 650, 759, 699, 550, 977, 861, 553, 929, 852, 507, 791, 795, 500, 517, 982, 624, 792, 726, 624, 719], [534, 754, 501, 852, 846, 828, 611, 591, 524, 610, 694, 576, 722, 843, 599, 656, 809, 804, 767, 897, 723, 641, 544, 980, 881], [587, 839, 845, 747, 949, 567, 875, 939, 626, 766, 672, 610, 818, 722, 942, 630, 858, 930, 727, 716, 707, 807, 914, 530, 801], [975, 995, 685, 657, 595, 514, 669, 507, 861, 724, 673, 964, 703, 836, 958, 727, 544, 701, 749, 967, 873, 994, 889, 833, 625], [815, 555, 855, 950, 502, 867, 640, 677, 813, 865, 740, 953, 819, 907, 538, 908, 842, 821, 848, 866, 561, 544, 539, 864, 740], [559, 997, 662, 536, 565, 745, 739, 880, 689, 566, 581, 571, 640, 625, 759, 850, 590, 988, 712, 676, 930, 925, 665, 982, 996], [735, 655, 683, 623, 875, 665, 631, 560, 959, 719, 803, 897, 805, 597, 561, 622, 832, 803, 935, 603, 625, 689, 572, 875, 588], [695, 744, 581, 551, 982, 856, 758, 931, 812, 983, 888, 755, 586, 920, 832, 723, 850, 536, 847, 549, 523, 946, 512, 983, 790], [575, 986, 889, 967, 983, 608, 934, 645, 787, 757, 942, 773, 538, 521, 869, 907, 919, 699, 552, 616, 575, 737, 546, 909, 647], [734, 883, 855, 654, 844, 506, 723, 614, 775, 743, 562, 536, 524, 795, 793, 703, 727, 759, 807, 569, 608, 982, 840, 714, 624], [963, 605, 613, 903, 518, 527, 723, 571, 653, 940, 799, 632, 850, 982, 737, 506, 798, 556, 963, 848, 893, 588, 639, 680, 687], [758, 503, 888, 616, 612, 995, 573, 634, 945, 828, 647, 865, 710, 958, 945, 700, 949, 692, 518, 974, 573, 636, 989, 689, 996], [839, 942, 938, 779, 715, 519, 786, 816, 803, 945, 974, 824, 903, 871, 700, 802, 533, 780, 545, 540, 642, 736, 993, 590, 552], [625, 652, 867, 989, 835, 699, 648, 662, 567, 746, 944, 596, 562, 690, 813, 658, 818, 636, 820, 934, 638, 508, 928, 608, 847], [608, 593, 658, 547, 568, 833, 695, 598, 506, 994, 515, 547, 653, 996, 683, 904, 592, 639, 833, 608, 582, 992, 587, 942, 546], [632, 920, 630, 984, 627, 767, 971, 637, 761, 870, 503, 648, 998, 701, 750, 991, 716, 809, 760, 956, 953, 982, 518, 626, 751], [710, 706, 772, 717, 811, 756, 634, 830, 519, 921, 558, 554, 541, 746, 642, 577, 616, 854, 866, 590, 529, 759, 957, 765, 828], [720, 974, 806, 653, 909, 568, 831, 594, 938, 943, 824, 844, 845, 594, 892, 795, 864, 850, 564, 732, 549, 740, 724, 835, 785], [908, 856, 883, 605, 633, 706, 833, 862, 942, 958, 882, 935, 724, 534, 895, 679, 866, 743, 793, 910, 980, 839, 819, 865, 881]]
Variable production cost per unit of each product in each period p: 
[[12, 11, 11, 11, 13, 13, 10, 10, 11, 10, 12, 11, 13, 13, 11, 12, 12, 13, 13, 10, 10, 11, 10, 12, 10], [13, 10, 12, 12, 12, 12, 12, 11, 12, 13, 12, 10, 10, 11, 11, 11, 10, 12, 13, 10, 10, 13, 13, 11, 12], [10, 10, 13, 11, 10, 11, 10, 10, 12, 11, 12, 11, 12, 12, 12, 13, 10, 12, 11, 13, 11, 12, 11, 11, 10], [12, 13, 11, 13, 11, 10, 11, 13, 13, 11, 12, 12, 10, 10, 10, 13, 12, 11, 13, 11, 12, 12, 12, 10, 10], [11, 11, 13, 11, 12, 12, 12, 11, 12, 11, 11, 11, 10, 12, 11, 13, 11, 12, 12, 13, 10, 11, 13, 10, 13], [12, 13, 10, 11, 12, 13, 10, 13, 11, 11, 12, 12, 10, 10, 11, 12, 11, 12, 13, 10, 10, 12, 12, 13, 11], [12, 10, 13, 13, 10, 10, 12, 13, 13, 12, 11, 11, 10, 10, 13, 11, 10, 13, 10, 10, 12, 13, 13, 13, 12], [13, 11, 12, 11, 13, 11, 13, 10, 10, 13, 11, 12, 10, 10, 13, 12, 11, 10, 12, 10, 10, 12, 12, 10, 12], [12, 12, 13, 10, 12, 10, 11, 12, 13, 12, 10, 10, 10, 10, 10, 12, 11, 10, 10, 12, 10, 13, 13, 12, 11], [13, 13, 13, 12, 11, 13, 10, 12, 12, 11, 13, 12, 10, 10, 10, 11, 11, 10, 12, 12, 12, 13, 11, 11, 13], [10, 11, 11, 11, 13, 13, 10, 13, 12, 11, 10, 13, 13, 12, 11, 10, 13, 11, 12, 12, 11, 10, 13, 13, 10], [10, 12, 10, 12, 11, 10, 13, 11, 12, 11, 11, 13, 10, 10, 10, 11, 13, 12, 10, 10, 12, 13, 10, 10, 11], [11, 11, 11, 11, 10, 13, 11, 12, 11, 11, 13, 12, 11, 10, 10, 13, 11, 13, 13, 11, 11, 12, 12, 11, 12], [11, 13, 13, 11, 11, 12, 11, 10, 13, 13, 12, 13, 11, 11, 12, 13, 13, 11, 12, 12, 12, 10, 13, 13, 11], [11, 13, 10, 12, 12, 12, 12, 11, 12, 12, 11, 11, 13, 10, 12, 13, 11, 11, 13, 12, 11, 11, 13, 10, 11], [10, 12, 13, 12, 12, 12, 11, 12, 12, 13, 10, 10, 10, 10, 11, 11, 12, 13, 12, 12, 13, 11, 11, 12, 13], [13, 12, 12, 10, 13, 13, 13, 12, 13, 13, 12, 12, 10, 11, 11, 11, 11, 12, 10, 13, 12, 11, 11, 13, 13], [11, 10, 10, 13, 13, 13, 12, 11, 12, 12, 13, 13, 12, 13, 11, 12, 12, 11, 11, 13, 13, 11, 13, 11, 12], [12, 12, 12, 11, 10, 10, 11, 12, 13, 10, 12, 10, 10, 13, 11, 10, 10, 11, 13, 13, 13, 10, 12, 13, 11], [11, 12, 13, 11, 11, 12, 10, 11, 13, 11, 12, 13, 10, 11, 12, 13, 12, 10, 12, 12, 12, 11, 11, 10, 11], [11, 13, 10, 13, 13, 10, 12, 11, 10, 10, 10, 12, 10, 13, 10, 12, 10, 10, 10, 13, 13, 10, 10, 11, 10], [12, 11, 12, 12, 10, 12, 10, 10, 10, 10, 12, 13, 12, 12, 11, 12, 11, 11, 11, 11, 12, 13, 12, 10, 11], [13, 13, 13, 13, 12, 10, 11, 12, 10, 13, 11, 12, 12, 12, 10, 12, 13, 11, 11, 11, 11, 10, 11, 13, 13], [11, 13, 12, 10, 12, 10, 12, 10, 12, 12, 10, 12, 13, 12, 13, 12, 10, 12, 12, 11, 13, 13, 10, 10, 11], [10, 12, 10, 13, 10, 13, 11, 10, 12, 13, 11, 11, 13, 13, 11, 11, 11, 10, 12, 13, 11, 12, 11, 10, 11], [10, 13, 13, 13, 11, 13, 10, 11, 10, 10, 11, 13, 12, 10, 13, 12, 10, 13, 10, 11, 12, 12, 13, 12, 10], [11, 11, 13, 11, 10, 10, 12, 13, 12, 10, 12, 13, 10, 13, 13, 13, 12, 11, 13, 10, 10, 13, 11, 10, 12], [11, 11, 13, 10, 13, 10, 13, 10, 11, 12, 11, 11, 12, 10, 10, 10, 11, 12, 13, 10, 13, 11, 11, 11, 12], [12, 11, 12, 10, 12, 10, 13, 13, 13, 11, 11, 10, 12, 13, 12, 13, 10, 10, 13, 13, 13, 13, 12, 10, 10], [13, 13, 12, 11, 11, 11, 11, 12, 12, 13, 10, 12, 10, 12, 11, 13, 10, 10, 11, 12, 13, 13, 11, 12, 12]]
Inventory holding cost per unit of each product by the end of each period h: 
[[9, 5, 7, 6, 5, 7, 5, 8, 9, 6, 6, 9, 5, 6, 9, 8, 9, 8, 5, 5, 9, 8, 8, 5, 5], [7, 5, 9, 5, 7, 6, 9, 5, 8, 8, 6, 7, 5, 8, 5, 8, 5, 9, 9, 7, 6, 6, 6, 7, 9], [6, 8, 5, 6, 9, 5, 9, 7, 8, 6, 5, 9, 9, 7, 7, 6, 7, 5, 9, 9, 8, 6, 6, 6, 8], [8, 5, 7, 8, 5, 6, 9, 5, 5, 9, 7, 8, 8, 8, 7, 7, 9, 6, 5, 7, 9, 7, 7, 9, 7], [6, 9, 8, 8, 5, 8, 6, 6, 7, 7, 6, 9, 9, 9, 5, 8, 8, 7, 6, 6, 7, 9, 7, 8, 5], [5, 6, 5, 7, 8, 6, 9, 8, 6, 8, 6, 9, 8, 6, 8, 6, 7, 5, 6, 7, 8, 7, 8, 5, 5], [5, 7, 7, 6, 9, 8, 5, 6, 5, 8, 8, 9, 6, 5, 6, 7, 7, 9, 6, 7, 8, 7, 7, 8, 9], [8, 6, 8, 8, 6, 8, 5, 8, 6, 5, 6, 6, 8, 9, 5, 8, 9, 8, 8, 6, 8, 5, 8, 7, 8], [7, 7, 6, 9, 9, 6, 6, 5, 5, 6, 5, 7, 6, 9, 5, 9, 5, 9, 8, 6, 9, 8, 8, 5, 8], [5, 7, 7, 8, 6, 7, 5, 6, 5, 7, 9, 5, 7, 8, 7, 7, 7, 5, 7, 5, 5, 6, 9, 8, 6], [9, 9, 7, 8, 7, 5, 8, 9, 5, 7, 8, 6, 6, 8, 7, 5, 9, 7, 8, 9, 7, 8, 6, 9, 6], [6, 7, 6, 7, 5, 6, 8, 5, 6, 5, 6, 5, 7, 5, 8, 8, 9, 7, 5, 9, 5, 8, 8, 8, 5], [8, 7, 7, 8, 6, 6, 5, 8, 7, 8, 9, 9, 5, 8, 9, 7, 5, 8, 7, 7, 7, 7, 9, 7, 9], [5, 8, 5, 8, 9, 9, 6, 9, 7, 7, 5, 5, 6, 7, 7, 7, 5, 6, 9, 6, 5, 5, 7, 6, 6], [5, 9, 5, 5, 7, 7, 8, 8, 9, 8, 7, 8, 9, 8, 9, 6, 6, 6, 8, 6, 9, 6, 8, 8, 9], [5, 6, 8, 7, 9, 8, 5, 9, 9, 9, 8, 6, 7, 8, 9, 9, 8, 9, 9, 6, 7, 5, 5, 7, 8], [8, 6, 6, 9, 8, 5, 8, 5, 8, 8, 7, 7, 6, 7, 6, 6, 5, 7, 7, 5, 9, 8, 5, 8, 8], [7, 7, 5, 5, 5, 9, 8, 9, 9, 8, 7, 9, 9, 6, 7, 9, 6, 7, 5, 5, 8, 9, 5, 6, 9], [8, 9, 9, 7, 8, 8, 6, 6, 9, 6, 8, 6, 7, 9, 5, 8, 7, 5, 7, 8, 9, 6, 8, 9, 7], [9, 9, 7, 8, 9, 9, 9, 7, 5, 5, 7, 8, 9, 7, 5, 8, 7, 6, 6, 9, 5, 5, 7, 7, 6], [6, 8, 9, 8, 9, 7, 9, 8, 8, 9, 6, 7, 6, 7, 7, 6, 8, 6, 6, 7, 7, 6, 5, 7, 7], [9, 6, 7, 9, 9, 7, 8, 8, 9, 5, 7, 5, 6, 5, 9, 5, 9, 6, 6, 7, 8, 7, 6, 9, 5], [9, 8, 9, 8, 8, 5, 7, 9, 9, 8, 7, 5, 7, 7, 7, 5, 5, 8, 9, 9, 6, 9, 5, 5, 7], [6, 9, 5, 7, 9, 6, 6, 5, 6, 9, 5, 5, 6, 9, 8, 5, 7, 8, 6, 8, 6, 7, 8, 7, 9], [8, 6, 5, 5, 9, 8, 5, 5, 7, 6, 8, 7, 8, 6, 5, 9, 8, 6, 8, 8, 9, 9, 8, 5, 8], [7, 6, 9, 6, 8, 7, 8, 7, 6, 7, 5, 7, 5, 5, 9, 6, 6, 5, 7, 6, 5, 6, 9, 7, 9], [7, 8, 8, 5, 6, 7, 9, 5, 9, 7, 5, 6, 6, 9, 8, 9, 6, 7, 8, 7, 9, 6, 8, 6, 7], [8, 9, 9, 8, 5, 8, 5, 9, 9, 6, 6, 7, 5, 5, 6, 8, 7, 9, 5, 6, 9, 8, 9, 6, 7], [9, 9, 9, 8, 7, 6, 9, 8, 9, 5, 7, 8, 9, 8, 7, 7, 6, 6, 6, 7, 8, 6, 8, 8, 7], [9, 6, 5, 7, 8, 6, 8, 6, 5, 7, 6, 5, 5, 9, 6, 9, 5, 9, 6, 7, 9, 9, 7, 5, 9]]
Demand for each product in each period d: 
[[36, 30, 28, 41, 8, 7, 15, 26, 0, 17, 22, 4, 27, 28, 37, 33, 6, 43, 2, 36, 14, 34, 49, 10, 9], [23, 4, 21, 29, 24, 31, 41, 38, 1, 38, 19, 0, 15, 23, 14, 23, 42, 33, 9, 49, 0, 14, 16, 26, 30], [33, 48, 18, 39, 25, 49, 36, 20, 0, 32, 10, 35, 19, 44, 2, 26, 10, 0, 24, 32, 9, 38, 0, 28, 23], [27, 30, 12, 10, 41, 45, 45, 7, 18, 20, 6, 28, 0, 18, 47, 37, 46, 30, 13, 43, 2, 19, 21, 39, 15], [18, 36, 18, 37, 3, 37, 37, 41, 38, 20, 19, 25, 13, 40, 28, 10, 44, 47, 4, 38, 6, 4, 22, 16, 9], [41, 7, 23, 29, 23, 24, 34, 3, 37, 48, 10, 45, 29, 31, 44, 6, 24, 48, 14, 0, 29, 0, 42, 8, 17], [48, 29, 5, 7, 12, 49, 34, 46, 36, 35, 0, 49, 17, 9, 23, 47, 8, 45, 39, 34, 21, 10, 19, 26, 49], [30, 8, 5, 1, 0, 29, 26, 6, 29, 37, 46, 33, 41, 5, 14, 23, 18, 18, 33, 20, 23, 36, 48, 35, 20], [42, 31, 24, 44, 42, 0, 9, 13, 20, 35, 43, 2, 15, 24, 17, 47, 29, 8, 20, 5, 42, 8, 41, 39, 37], [0, 48, 28, 0, 47, 38, 42, 11, 30, 49, 11, 4, 35, 37, 44, 2, 24, 11, 16, 13, 41, 27, 10, 21, 10], [42, 48, 7, 16, 17, 20, 13, 6, 44, 13, 8, 21, 11, 31, 8, 44, 19, 10, 40, 3, 11, 14, 16, 36, 35], [12, 10, 48, 30, 9, 44, 0, 23, 3, 47, 20, 4, 49, 39, 27, 46, 0, 39, 36, 17, 45, 8, 20, 6, 49], [42, 3, 0, 39, 5, 14, 40, 39, 40, 27, 27, 5, 5, 22, 12, 19, 23, 28, 7, 44, 36, 38, 47, 26, 42], [0, 0, 23, 42, 30, 30, 32, 32, 0, 0, 44, 10, 16, 18, 14, 41, 6, 4, 16, 9, 48, 11, 31, 1, 23], [17, 1, 4, 10, 6, 42, 38, 31, 0, 8, 42, 46, 0, 26, 9, 13, 33, 13, 6, 11, 15, 48, 18, 36, 16], [34, 26, 27, 22, 46, 44, 42, 49, 21, 19, 4, 13, 11, 42, 44, 0, 31, 11, 9, 9, 35, 41, 37, 41, 33], [38, 6, 28, 30, 16, 18, 26, 1, 39, 1, 10, 29, 32, 0, 6, 3, 37, 7, 7, 0, 23, 19, 33, 45, 9], [20, 14, 18, 0, 15, 33, 7, 23, 29, 14, 29, 14, 18, 35, 26, 5, 7, 0, 45, 23, 44, 13, 31, 3, 15], [46, 38, 32, 3, 38, 23, 33, 4, 5, 49, 26, 2, 36, 33, 45, 45, 32, 6, 27, 21, 24, 4, 14, 25, 49], [8, 28, 40, 40, 18, 49, 4, 22, 21, 28, 38, 25, 6, 13, 15, 25, 38, 37, 3, 37, 7, 31, 34, 37, 43], [35, 16, 43, 25, 5, 40, 0, 14, 27, 3, 43, 47, 42, 16, 1, 5, 2, 13, 29, 18, 11, 25, 10, 24, 8], [1, 33, 39, 0, 30, 46, 4, 24, 21, 20, 4, 31, 23, 17, 9, 38, 0, 14, 46, 41, 33, 7, 41, 16, 25], [3, 37, 14, 22, 10, 29, 29, 47, 16, 36, 47, 29, 19, 40, 5, 47, 5, 47, 37, 37, 0, 38, 2, 0, 36], [27, 19, 2, 39, 0, 43, 36, 34, 31, 4, 33, 7, 46, 7, 15, 0, 26, 5, 16, 9, 6, 3, 6, 35, 34], [9, 23, 2, 8, 0, 0, 38, 48, 9, 8, 31, 12, 6, 0, 29, 20, 0, 43, 4, 2, 25, 22, 43, 31, 10], [44, 36, 45, 15, 44, 16, 37, 31, 1, 0, 22, 0, 5, 38, 5, 0, 7, 23, 42, 30, 12, 19, 12, 37, 8], [49, 2, 28, 35, 10, 40, 39, 3, 0, 49, 37, 34, 20, 15, 14, 49, 0, 14, 38, 39, 10, 13, 20, 38, 43], [6, 21, 8, 34, 0, 42, 35, 32, 35, 18, 49, 0, 25, 12, 48, 43, 49, 4, 45, 15, 10, 14, 42, 20, 44], [37, 24, 32, 0, 15, 38, 7, 0, 34, 17, 27, 49, 44, 12, 3, 13, 30, 0, 17, 28, 13, 8, 39, 47, 25], [46, 36, 44, 24, 11, 28, 14, 37, 7, 37, 12, 36, 3, 8, 13, 11, 22, 46, 27, 41, 2, 47, 21, 42, 2]]
Maintenance cost in each period m: 
[31115, 30987, 29683, 28971, 30960, 27488, 28023, 27596, 30547, 28382, 29221, 30333, 30739, 30280, 30578, 27317, 30898, 28774, 29916, 27607, 28662, 29182, 29950, 30308, 30343]
Maximum capacity of the machine cmax: 
1350