Set of periods in the planning horizon T: 
25
Set of products P: 
30
Capacity reduction coefficient alpha: 
0.8
Relative decrease of capacity per set up gamma: 
0.24
Capacity reduction coefficient due to product types beta: 
[0.23, 0.37, 0.22, 0.23, 0.37, 0.29, 0.34, 0.37, 0.36, 0.22, 0.22, 0.26, 0.22, 0.24, 0.39, 0.27, 0.33, 0.33, 0.38, 0.38, 0.39, 0.39, 0.39, 0.32, 0.24, 0.29, 0.26, 0.29, 0.24, 0.39]
Fixed production cost of each product in each period f: 
[[650, 799, 580, 994, 537, 875, 606, 511, 636, 967, 521, 809, 672, 867, 832, 837, 987, 715, 903, 912, 692, 730, 862, 598, 801], [601, 738, 704, 979, 930, 707, 842, 620, 770, 894, 826, 958, 759, 722, 958, 541, 906, 575, 724, 855, 694, 658, 512, 606, 672], [760, 744, 592, 945, 740, 878, 809, 573, 978, 685, 947, 600, 815, 817, 785, 675, 763, 935, 593, 706, 854, 862, 704, 621, 984], [749, 884, 975, 802, 801, 863, 628, 565, 717, 555, 675, 759, 644, 514, 596, 552, 949, 553, 744, 840, 991, 615, 969, 774, 723], [581, 529, 638, 624, 888, 882, 879, 731, 848, 759, 781, 678, 593, 749, 594, 682, 979, 788, 637, 647, 965, 994, 502, 508, 594], [920, 795, 941, 869, 579, 785, 993, 820, 615, 692, 763, 824, 670, 872, 720, 752, 696, 554, 846, 870, 749, 950, 856, 687, 842], [675, 559, 832, 915, 573, 636, 920, 859, 540, 600, 904, 802, 877, 651, 631, 595, 834, 563, 895, 550, 894, 657, 777, 809, 886], [507, 609, 770, 974, 625, 556, 955, 939, 887, 998, 538, 713, 830, 883, 840, 675, 603, 800, 572, 615, 963, 827, 801, 782, 773], [987, 547, 625, 919, 591, 536, 605, 987, 767, 676, 956, 852, 640, 912, 977, 827, 979, 607, 910, 518, 711, 792, 534, 825, 935], [968, 887, 812, 937, 549, 869, 872, 845, 601, 724, 536, 615, 835, 607, 523, 903, 983, 824, 929, 533, 572, 804, 745, 896, 865], [691, 524, 822, 767, 874, 974, 532, 662, 715, 579, 502, 612, 693, 891, 744, 813, 804, 727, 964, 943, 734, 608, 776, 727, 850], [814, 758, 774, 642, 518, 948, 991, 694, 580, 977, 889, 597, 605, 790, 861, 624, 537, 716, 795, 847, 566, 707, 571, 767, 820], [543, 558, 593, 628, 993, 630, 853, 969, 753, 588, 558, 937, 894, 619, 762, 512, 718, 696, 973, 656, 697, 654, 782, 714, 541], [739, 860, 940, 803, 598, 950, 990, 707, 533, 915, 518, 622, 538, 919, 713, 634, 703, 602, 662, 814, 781, 991, 614, 947, 926], [704, 943, 910, 874, 541, 981, 991, 805, 531, 544, 791, 951, 902, 818, 764, 731, 750, 912, 554, 715, 737, 688, 720, 910, 738], [928, 714, 559, 967, 510, 987, 741, 988, 815, 648, 721, 558, 800, 656, 512, 520, 942, 992, 529, 692, 563, 973, 792, 821, 862], [591, 996, 856, 962, 860, 676, 875, 901, 674, 942, 958, 753, 728, 896, 534, 922, 988, 874, 883, 609, 560, 649, 841, 985, 636], [740, 623, 820, 715, 546, 927, 711, 571, 782, 972, 932, 986, 515, 650, 914, 863, 739, 661, 544, 739, 837, 586, 788, 833, 651], [895, 955, 610, 996, 953, 629, 985, 553, 995, 965, 914, 858, 750, 954, 556, 722, 956, 687, 768, 965, 722, 717, 797, 536, 946], [930, 845, 817, 507, 883, 846, 976, 726, 823, 583, 815, 925, 763, 918, 513, 713, 942, 593, 657, 644, 896, 524, 818, 808, 843], [936, 647, 552, 876, 674, 724, 562, 813, 609, 854, 885, 844, 666, 814, 731, 581, 923, 950, 519, 940, 690, 873, 932, 680, 733], [861, 501, 995, 977, 632, 518, 806, 784, 570, 949, 998, 508, 628, 621, 781, 705, 862, 965, 574, 624, 614, 597, 918, 814, 610], [856, 898, 748, 578, 976, 925, 930, 924, 751, 696, 600, 764, 990, 789, 635, 595, 542, 626, 844, 904, 987, 788, 604, 707, 516], [727, 625, 577, 872, 830, 650, 873, 758, 805, 842, 572, 578, 560, 884, 545, 948, 623, 609, 778, 515, 785, 783, 962, 945, 539], [825, 671, 550, 726, 921, 801, 531, 677, 797, 797, 518, 835, 593, 755, 869, 935, 793, 910, 593, 645, 757, 749, 893, 774, 771], [743, 756, 640, 992, 887, 585, 810, 793, 558, 836, 852, 753, 897, 715, 674, 905, 653, 992, 540, 914, 684, 659, 573, 630, 925], [792, 870, 788, 884, 670, 530, 880, 894, 781, 929, 831, 576, 515, 665, 812, 896, 970, 619, 876, 721, 824, 539, 796, 950, 979], [993, 957, 739, 882, 727, 960, 671, 995, 866, 933, 626, 900, 700, 825, 608, 854, 618, 707, 985, 761, 997, 749, 958, 668, 719], [592, 946, 815, 792, 941, 882, 788, 865, 999, 836, 990, 860, 535, 543, 604, 528, 645, 885, 521, 772, 634, 731, 621, 725, 666], [869, 920, 629, 898, 695, 944, 945, 706, 836, 506, 972, 830, 531, 917, 515, 914, 852, 600, 789, 618, 524, 581, 720, 719, 878]]
Variable production cost per unit of each product in each period p: 
[[13, 10, 11, 11, 11, 11, 11, 11, 11, 11, 10, 13, 12, 12, 13, 13, 13, 10, 10, 10, 13, 10, 10, 11, 12], [10, 13, 11, 13, 10, 12, 13, 12, 11, 10, 10, 13, 11, 10, 10, 10, 12, 13, 13, 11, 13, 10, 10, 13, 11], [12, 13, 11, 10, 10, 12, 11, 12, 10, 12, 10, 12, 13, 12, 12, 12, 13, 10, 12, 12, 12, 13, 13, 12, 13], [12, 12, 11, 10, 10, 10, 13, 10, 12, 13, 12, 13, 13, 13, 12, 13, 11, 12, 12, 12, 10, 13, 12, 11, 12], [12, 13, 10, 12, 11, 11, 12, 10, 12, 12, 13, 13, 13, 10, 13, 10, 12, 13, 10, 10, 10, 12, 12, 12, 11], [13, 11, 13, 13, 13, 11, 12, 12, 13, 11, 12, 12, 11, 13, 10, 13, 12, 13, 11, 11, 12, 13, 10, 12, 10], [12, 12, 10, 10, 13, 12, 13, 10, 10, 12, 11, 11, 11, 11, 13, 12, 10, 12, 10, 11, 12, 12, 10, 11, 12], [10, 11, 11, 13, 13, 10, 13, 11, 12, 10, 10, 10, 12, 12, 11, 13, 13, 11, 10, 12, 12, 10, 10, 10, 11], [11, 13, 12, 11, 10, 11, 13, 10, 12, 13, 10, 12, 12, 12, 13, 12, 12, 11, 13, 10, 12, 10, 11, 13, 10], [11, 13, 10, 11, 10, 12, 12, 12, 11, 11, 12, 12, 12, 11, 11, 12, 10, 12, 11, 10, 13, 10, 10, 11, 13], [12, 10, 12, 10, 10, 10, 11, 11, 12, 11, 12, 11, 10, 10, 13, 12, 10, 12, 10, 11, 10, 13, 10, 13, 11], [13, 10, 13, 11, 13, 11, 10, 11, 10, 12, 13, 11, 12, 11, 13, 10, 12, 13, 13, 12, 10, 13, 10, 10, 13], [13, 11, 12, 12, 11, 11, 11, 10, 13, 10, 11, 10, 13, 13, 13, 12, 10, 11, 10, 13, 10, 13, 13, 12, 13], [11, 10, 11, 13, 12, 10, 10, 12, 10, 13, 13, 10, 11, 12, 10, 10, 10, 11, 11, 11, 11, 12, 13, 11, 10], [10, 10, 11, 13, 10, 13, 11, 13, 13, 12, 10, 10, 11, 11, 11, 13, 11, 13, 12, 13, 13, 11, 11, 12, 13], [12, 10, 11, 12, 13, 11, 10, 13, 10, 13, 10, 11, 12, 11, 13, 12, 11, 10, 11, 11, 10, 12, 13, 11, 13], [13, 12, 10, 12, 11, 10, 13, 12, 10, 12, 13, 12, 12, 10, 12, 10, 11, 11, 10, 13, 10, 11, 10, 12, 12], [12, 10, 10, 11, 13, 13, 13, 11, 11, 13, 12, 11, 11, 13, 12, 12, 13, 10, 10, 12, 11, 13, 13, 12, 11], [13, 11, 11, 12, 10, 12, 10, 11, 13, 13, 10, 10, 11, 12, 13, 12, 10, 13, 13, 12, 10, 13, 13, 13, 12], [13, 12, 11, 13, 13, 10, 13, 11, 11, 13, 12, 10, 11, 12, 12, 12, 10, 10, 13, 10, 11, 11, 13, 11, 13], [11, 12, 11, 11, 13, 10, 12, 10, 12, 10, 12, 11, 12, 13, 12, 10, 11, 12, 12, 10, 10, 10, 10, 13, 12], [10, 11, 13, 13, 13, 13, 13, 11, 10, 11, 13, 11, 10, 12, 11, 13, 11, 10, 12, 12, 11, 11, 10, 10, 11], [11, 10, 12, 11, 10, 12, 11, 13, 10, 13, 10, 11, 12, 13, 13, 10, 10, 13, 11, 12, 11, 11, 13, 13, 10], [10, 10, 11, 12, 12, 10, 10, 11, 10, 11, 13, 12, 11, 12, 11, 12, 13, 13, 12, 11, 13, 11, 13, 11, 12], [11, 10, 13, 11, 12, 11, 13, 12, 12, 10, 12, 13, 11, 13, 10, 11, 11, 12, 11, 13, 11, 12, 12, 13, 13], [13, 12, 13, 11, 13, 11, 11, 11, 13, 13, 13, 11, 10, 11, 11, 13, 11, 11, 11, 12, 13, 10, 12, 12, 11], [12, 10, 10, 10, 11, 10, 13, 10, 10, 13, 11, 10, 11, 10, 13, 12, 10, 10, 10, 12, 10, 13, 13, 13, 10], [11, 12, 12, 13, 10, 10, 11, 10, 13, 10, 10, 10, 11, 12, 13, 10, 11, 12, 10, 13, 11, 11, 10, 13, 13], [12, 11, 10, 12, 10, 10, 11, 11, 12, 11, 11, 12, 10, 10, 12, 10, 13, 12, 11, 10, 10, 11, 13, 10, 12], [13, 13, 12, 10, 10, 10, 11, 12, 11, 10, 11, 12, 13, 10, 11, 13, 12, 13, 13, 12, 10, 11, 10, 13, 10]]
Inventory holding cost per unit of each product by the end of each period h: 
[[6, 8, 6, 7, 5, 9, 5, 5, 7, 5, 5, 5, 8, 8, 5, 9, 6, 8, 9, 9, 5, 5, 6, 6, 7], [9, 6, 9, 8, 7, 7, 8, 9, 8, 5, 9, 5, 8, 9, 8, 9, 7, 9, 6, 9, 5, 9, 8, 9, 8], [8, 8, 7, 8, 7, 6, 6, 7, 7, 9, 6, 6, 7, 8, 5, 6, 8, 5, 9, 7, 7, 8, 7, 9, 8], [6, 9, 9, 7, 8, 7, 9, 5, 8, 6, 6, 6, 6, 5, 8, 5, 8, 5, 8, 6, 5, 7, 7, 5, 9], [7, 9, 6, 7, 9, 9, 7, 6, 7, 7, 6, 6, 9, 7, 8, 5, 6, 8, 8, 5, 9, 7, 7, 9, 5], [7, 7, 6, 9, 6, 9, 7, 5, 5, 5, 9, 9, 9, 7, 6, 5, 8, 5, 7, 6, 7, 9, 7, 8, 5], [8, 7, 9, 6, 7, 6, 7, 5, 5, 6, 6, 9, 9, 6, 5, 5, 8, 5, 5, 7, 7, 7, 6, 7, 8], [8, 6, 7, 8, 5, 8, 5, 8, 5, 8, 9, 7, 8, 8, 6, 5, 6, 5, 7, 9, 9, 7, 7, 5, 5], [5, 7, 6, 7, 9, 8, 7, 7, 5, 6, 8, 6, 9, 9, 6, 7, 9, 6, 9, 7, 8, 8, 5, 5, 9], [8, 8, 8, 7, 8, 5, 8, 7, 8, 5, 5, 5, 9, 9, 7, 9, 8, 9, 9, 9, 5, 9, 8, 5, 6], [9, 7, 7, 5, 5, 7, 9, 8, 5, 9, 8, 8, 5, 7, 7, 9, 8, 8, 6, 5, 6, 5, 7, 5, 8], [8, 5, 6, 5, 7, 7, 6, 9, 7, 7, 9, 9, 8, 7, 8, 7, 6, 9, 9, 9, 6, 7, 5, 9, 9], [5, 6, 7, 6, 5, 8, 6, 8, 9, 7, 5, 9, 9, 6, 8, 9, 8, 9, 6, 7, 8, 6, 5, 8, 8], [7, 7, 7, 5, 7, 9, 7, 6, 9, 6, 8, 5, 8, 8, 7, 6, 8, 5, 7, 6, 5, 6, 8, 6, 8], [8, 8, 6, 6, 6, 6, 7, 5, 7, 9, 5, 5, 8, 7, 7, 6, 9, 6, 5, 5, 9, 5, 6, 5, 8], [7, 6, 9, 8, 6, 6, 5, 5, 6, 6, 5, 6, 8, 5, 8, 6, 6, 5, 8, 8, 7, 6, 5, 6, 7], [6, 5, 7, 8, 9, 9, 8, 5, 8, 6, 8, 8, 8, 9, 6, 5, 7, 5, 6, 7, 6, 6, 5, 7, 5], [5, 5, 8, 9, 6, 8, 6, 7, 8, 9, 6, 7, 9, 7, 6, 6, 8, 5, 6, 8, 6, 9, 8, 7, 8], [7, 7, 5, 8, 8, 6, 5, 6, 5, 5, 5, 7, 6, 6, 8, 9, 9, 5, 7, 8, 8, 9, 8, 7, 5], [6, 9, 5, 9, 5, 7, 6, 8, 7, 9, 8, 9, 5, 8, 8, 6, 6, 7, 9, 6, 5, 8, 7, 7, 9], [8, 7, 6, 5, 8, 9, 8, 5, 9, 9, 6, 9, 7, 9, 5, 5, 6, 7, 8, 5, 7, 7, 5, 6, 7], [9, 5, 7, 5, 8, 6, 8, 9, 9, 9, 7, 8, 8, 8, 5, 6, 6, 7, 5, 7, 8, 5, 5, 8, 6], [7, 7, 7, 7, 5, 8, 5, 5, 9, 9, 7, 7, 9, 6, 9, 5, 8, 5, 6, 8, 6, 5, 5, 8, 8], [6, 7, 7, 5, 9, 8, 7, 7, 5, 8, 7, 6, 6, 9, 8, 8, 8, 8, 7, 9, 7, 7, 5, 8, 9], [9, 8, 7, 6, 6, 9, 9, 7, 7, 7, 5, 5, 8, 8, 8, 5, 5, 7, 7, 5, 8, 9, 5, 5, 8], [8, 9, 8, 5, 9, 6, 8, 9, 5, 9, 5, 9, 8, 5, 8, 9, 9, 7, 5, 6, 8, 9, 7, 9, 5], [7, 5, 7, 8, 6, 6, 8, 7, 7, 9, 5, 9, 6, 8, 5, 6, 9, 6, 5, 6, 8, 8, 5, 6, 9], [9, 6, 8, 7, 6, 5, 9, 6, 5, 5, 9, 9, 6, 8, 7, 7, 8, 5, 5, 8, 7, 9, 8, 5, 8], [6, 6, 7, 5, 8, 7, 6, 9, 9, 6, 6, 6, 8, 9, 8, 9, 5, 7, 7, 7, 8, 7, 9, 6, 5], [6, 7, 5, 6, 5, 7, 9, 9, 9, 9, 7, 9, 7, 6, 7, 5, 7, 5, 7, 5, 5, 8, 7, 8, 6]]
Demand for each product in each period d: 
[[47, 47, 22, 47, 47, 0, 40, 23, 19, 45, 27, 28, 12, 26, 33, 17, 21, 8, 6, 27, 49, 41, 0, 6, 31], [0, 20, 4, 29, 25, 41, 21, 44, 22, 2, 15, 0, 27, 46, 11, 24, 13, 45, 19, 32, 26, 19, 3, 3, 36], [15, 21, 1, 5, 40, 14, 24, 43, 23, 39, 17, 34, 8, 10, 27, 40, 31, 40, 44, 16, 41, 19, 17, 40, 2], [41, 23, 28, 42, 0, 6, 0, 27, 7, 3, 0, 1, 17, 45, 19, 5, 4, 39, 11, 25, 0, 3, 17, 18, 32], [19, 33, 31, 5, 46, 0, 0, 19, 14, 25, 26, 6, 41, 20, 46, 41, 46, 1, 0, 25, 38, 28, 3, 18, 38], [9, 20, 47, 0, 0, 11, 20, 5, 3, 6, 47, 7, 16, 4, 9, 16, 0, 43, 17, 41, 35, 5, 14, 44, 49], [9, 33, 32, 14, 17, 0, 13, 11, 27, 45, 9, 21, 42, 45, 20, 23, 33, 8, 39, 14, 29, 48, 22, 9, 26], [35, 25, 27, 25, 47, 27, 25, 30, 34, 17, 42, 4, 21, 18, 3, 26, 19, 0, 38, 43, 9, 19, 4, 27, 23], [0, 8, 14, 6, 40, 22, 25, 1, 23, 31, 14, 6, 44, 10, 46, 42, 48, 43, 21, 13, 11, 46, 33, 8, 46], [44, 0, 3, 15, 46, 15, 26, 44, 12, 28, 0, 2, 49, 20, 0, 0, 31, 43, 4, 31, 49, 38, 19, 8, 0], [6, 48, 31, 16, 31, 30, 38, 42, 35, 44, 4, 18, 0, 33, 9, 15, 24, 38, 36, 34, 15, 27, 6, 22, 16], [44, 47, 33, 24, 17, 34, 33, 38, 49, 37, 24, 14, 49, 25, 11, 16, 10, 48, 22, 33, 35, 33, 29, 42, 21], [0, 0, 34, 29, 19, 15, 3, 49, 0, 34, 29, 6, 13, 42, 4, 34, 0, 41, 15, 1, 27, 34, 30, 17, 11], [4, 38, 21, 13, 49, 11, 35, 5, 33, 36, 5, 31, 3, 16, 32, 22, 34, 6, 23, 11, 4, 29, 48, 0, 40], [18, 22, 26, 14, 15, 25, 30, 27, 19, 38, 40, 20, 32, 32, 6, 14, 14, 0, 21, 29, 24, 0, 3, 14, 41], [28, 27, 28, 48, 27, 4, 13, 37, 16, 8, 0, 27, 12, 13, 20, 0, 13, 16, 39, 16, 24, 8, 32, 20, 49], [19, 2, 24, 14, 10, 6, 49, 0, 17, 42, 22, 8, 5, 48, 44, 30, 45, 16, 4, 34, 32, 28, 0, 31, 6], [19, 26, 40, 5, 25, 9, 21, 13, 38, 46, 38, 25, 24, 9, 45, 7, 33, 25, 28, 42, 19, 22, 11, 17, 24], [5, 32, 2, 42, 16, 16, 16, 25, 13, 14, 21, 13, 14, 16, 29, 17, 38, 28, 28, 49, 24, 25, 25, 30, 18], [39, 9, 40, 47, 3, 0, 16, 48, 2, 3, 5, 42, 42, 15, 40, 9, 0, 28, 17, 3, 27, 13, 32, 15, 26], [9, 4, 11, 8, 44, 18, 43, 16, 48, 48, 32, 25, 33, 23, 17, 20, 18, 7, 11, 46, 0, 31, 46, 28, 18], [25, 40, 4, 36, 10, 26, 11, 17, 35, 27, 34, 1, 37, 32, 24, 31, 18, 10, 42, 38, 0, 27, 41, 8, 42], [29, 5, 6, 31, 17, 36, 1, 34, 33, 12, 30, 45, 30, 33, 8, 11, 9, 41, 0, 6, 31, 7, 0, 4, 34], [31, 49, 0, 10, 27, 0, 44, 16, 19, 10, 4, 41, 8, 35, 6, 20, 31, 16, 19, 47, 13, 16, 43, 46, 21], [32, 18, 3, 17, 13, 13, 5, 42, 44, 28, 21, 35, 40, 23, 17, 35, 9, 33, 28, 28, 15, 0, 26, 30, 14], [17, 28, 1, 43, 6, 43, 29, 40, 36, 35, 0, 1, 0, 35, 44, 36, 38, 3, 22, 27, 32, 40, 15, 45, 0], [38, 35, 47, 22, 7, 48, 41, 17, 26, 9, 9, 3, 43, 29, 19, 27, 6, 27, 7, 47, 15, 9, 32, 45, 20], [18, 9, 41, 45, 31, 8, 14, 39, 22, 5, 44, 38, 31, 19, 10, 2, 1, 0, 10, 11, 11, 34, 32, 34, 26], [9, 45, 48, 2, 27, 25, 23, 11, 31, 0, 15, 18, 49, 1, 15, 16, 32, 26, 37, 43, 20, 12, 2, 45, 15], [24, 28, 5, 42, 35, 11, 0, 14, 44, 40, 32, 6, 1, 15, 14, 28, 15, 12, 17, 0, 42, 26, 20, 36, 17]]
Maintenance cost in each period m: 
[30514, 27382, 30174, 30196, 27864, 28328, 30378, 30575, 30516, 29341, 28764, 28260, 28226, 30649, 27877, 29253, 29639, 29587, 31199, 28152, 30067, 28861, 30758, 29148, 28194]
Maximum capacity of the machine cmax: 
1380