Set of periods in the planning horizon T: 
25
Set of products P: 
35
Capacity reduction coefficient alpha: 
0.8
Relative decrease of capacity per set up gamma: 
0.38
Capacity reduction coefficient due to product types beta: 
[0.28, 0.3, 0.3, 0.31, 0.38, 0.32, 0.37, 0.35, 0.32, 0.36, 0.39, 0.23, 0.21, 0.37, 0.34, 0.37, 0.29, 0.22, 0.38, 0.39, 0.25, 0.2, 0.38, 0.38, 0.29, 0.38, 0.28, 0.31, 0.31, 0.22, 0.21, 0.35, 0.32, 0.32, 0.39]
Fixed production cost of each product in each period f: 
[[759, 721, 674, 959, 812, 666, 551, 707, 564, 720, 575, 732, 615, 893, 683, 870, 533, 690, 628, 581, 868, 611, 944, 919, 609], [750, 919, 851, 671, 603, 657, 878, 676, 521, 930, 501, 691, 850, 781, 564, 504, 524, 805, 772, 741, 981, 562, 979, 837, 755], [701, 619, 571, 514, 922, 756, 511, 991, 812, 708, 943, 802, 723, 517, 530, 727, 597, 907, 932, 597, 697, 744, 637, 675, 741], [791, 706, 554, 713, 957, 658, 691, 682, 627, 830, 804, 875, 680, 649, 724, 757, 977, 964, 515, 534, 597, 927, 884, 772, 794], [760, 610, 750, 682, 605, 746, 725, 953, 621, 988, 676, 744, 772, 972, 692, 796, 660, 646, 807, 788, 568, 600, 618, 769, 729], [807, 945, 724, 829, 692, 615, 664, 742, 832, 563, 909, 559, 602, 708, 908, 534, 551, 888, 770, 794, 704, 934, 901, 701, 526], [598, 713, 715, 806, 746, 909, 907, 712, 658, 720, 710, 703, 792, 608, 770, 869, 863, 913, 883, 952, 515, 577, 769, 864, 887], [549, 825, 951, 519, 935, 934, 734, 709, 952, 998, 509, 956, 813, 984, 590, 644, 756, 574, 518, 812, 754, 594, 592, 877, 976], [607, 731, 968, 594, 571, 721, 524, 668, 686, 735, 972, 743, 746, 766, 556, 615, 890, 805, 599, 598, 974, 978, 886, 913, 917], [938, 819, 581, 900, 642, 540, 936, 780, 838, 777, 817, 702, 505, 581, 715, 831, 948, 800, 602, 528, 655, 826, 656, 879, 586], [604, 829, 622, 708, 646, 959, 641, 860, 519, 786, 511, 972, 838, 547, 764, 894, 675, 821, 591, 777, 508, 956, 766, 960, 989], [777, 577, 811, 926, 640, 956, 644, 598, 743, 762, 879, 701, 914, 832, 810, 560, 659, 923, 880, 670, 786, 941, 582, 618, 679], [890, 570, 839, 776, 835, 896, 533, 564, 908, 544, 809, 516, 963, 597, 545, 813, 778, 967, 813, 898, 979, 553, 797, 570, 855], [686, 694, 949, 526, 956, 701, 589, 836, 595, 731, 560, 510, 675, 564, 958, 551, 545, 930, 830, 527, 598, 642, 603, 601, 896], [796, 509, 715, 603, 556, 937, 708, 917, 556, 736, 796, 883, 995, 891, 829, 678, 723, 575, 913, 989, 716, 501, 605, 899, 913], [550, 995, 860, 911, 569, 743, 872, 857, 524, 921, 514, 700, 546, 662, 827, 666, 710, 828, 679, 679, 904, 774, 845, 873, 775], [524, 586, 596, 935, 546, 769, 880, 843, 571, 617, 977, 588, 641, 974, 899, 676, 500, 964, 743, 798, 654, 597, 788, 814, 501], [621, 950, 765, 548, 855, 697, 520, 697, 969, 647, 872, 703, 820, 653, 745, 910, 881, 606, 836, 573, 503, 635, 887, 652, 618], [948, 679, 578, 525, 929, 880, 906, 789, 967, 518, 688, 700, 553, 607, 614, 652, 739, 575, 727, 607, 689, 914, 878, 933, 650], [775, 551, 683, 584, 846, 878, 597, 868, 778, 715, 554, 884, 901, 848, 951, 745, 712, 582, 842, 513, 613, 823, 620, 847, 877], [870, 958, 998, 533, 764, 658, 611, 790, 599, 555, 535, 743, 706, 503, 842, 607, 866, 684, 812, 912, 677, 719, 731, 761, 637], [540, 535, 810, 947, 501, 537, 656, 849, 607, 797, 522, 707, 714, 892, 599, 585, 805, 714, 805, 874, 605, 547, 526, 722, 970], [517, 970, 934, 701, 826, 859, 591, 544, 929, 776, 883, 996, 813, 549, 875, 559, 983, 689, 802, 614, 968, 772, 670, 758, 884], [986, 976, 537, 773, 906, 603, 852, 696, 905, 825, 983, 685, 549, 699, 956, 934, 765, 921, 541, 976, 531, 668, 655, 949, 703], [575, 885, 523, 581, 793, 692, 712, 834, 683, 720, 791, 921, 507, 807, 937, 980, 700, 996, 646, 911, 597, 829, 535, 868, 854], [699, 647, 745, 864, 552, 732, 733, 972, 896, 723, 765, 727, 539, 891, 650, 946, 852, 642, 921, 831, 625, 692, 598, 842, 535], [812, 998, 596, 763, 675, 899, 663, 686, 602, 914, 988, 769, 847, 790, 899, 567, 924, 902, 812, 769, 659, 868, 822, 724, 630], [734, 779, 747, 789, 966, 597, 959, 676, 983, 585, 728, 504, 716, 563, 923, 560, 779, 856, 890, 614, 977, 581, 946, 936, 689], [505, 826, 863, 673, 659, 665, 631, 962, 772, 687, 545, 611, 978, 873, 736, 744, 621, 955, 843, 864, 701, 537, 567, 636, 502], [710, 696, 618, 703, 736, 615, 862, 638, 808, 628, 534, 658, 781, 951, 803, 629, 984, 716, 512, 629, 586, 652, 693, 944, 836], [858, 674, 776, 502, 899, 989, 855, 707, 674, 736, 619, 727, 826, 618, 825, 595, 909, 576, 618, 562, 921, 831, 818, 900, 957], [925, 563, 889, 878, 658, 525, 538, 644, 564, 610, 548, 771, 669, 918, 807, 906, 720, 562, 619, 898, 678, 612, 608, 812, 982], [904, 877, 887, 656, 801, 765, 936, 672, 840, 691, 782, 868, 734, 625, 982, 595, 795, 943, 899, 513, 946, 783, 676, 845, 992], [781, 703, 614, 970, 693, 692, 751, 697, 892, 530, 732, 540, 790, 725, 731, 949, 937, 744, 539, 789, 506, 943, 741, 683, 834], [725, 833, 520, 650, 659, 520, 512, 779, 567, 544, 955, 545, 842, 508, 562, 527, 885, 588, 866, 712, 915, 869, 681, 905, 836]]
Variable production cost per unit of each product in each period p: 
[[10, 10, 10, 12, 12, 12, 10, 10, 11, 13, 11, 13, 12, 12, 12, 10, 10, 10, 10, 10, 10, 10, 13, 12, 12], [12, 13, 10, 10, 12, 11, 13, 10, 11, 13, 12, 11, 12, 10, 12, 11, 10, 12, 10, 13, 12, 11, 11, 12, 11], [12, 13, 11, 13, 12, 13, 11, 12, 12, 12, 11, 10, 13, 12, 13, 11, 12, 13, 13, 11, 13, 12, 10, 11, 13], [13, 10, 11, 11, 13, 12, 13, 11, 11, 13, 12, 12, 12, 13, 13, 11, 11, 12, 10, 12, 10, 13, 12, 11, 13], [12, 13, 13, 13, 12, 12, 11, 12, 12, 12, 10, 11, 13, 12, 10, 10, 13, 11, 12, 13, 11, 11, 13, 12, 10], [13, 11, 12, 13, 13, 13, 10, 13, 11, 11, 10, 12, 11, 10, 10, 13, 13, 11, 13, 11, 13, 11, 11, 12, 10], [12, 10, 13, 11, 13, 12, 10, 12, 11, 11, 12, 10, 12, 13, 11, 13, 10, 13, 13, 12, 13, 12, 12, 13, 13], [13, 13, 11, 12, 12, 10, 13, 13, 12, 10, 11, 12, 10, 10, 10, 13, 11, 11, 13, 13, 11, 10, 11, 12, 10], [13, 13, 12, 12, 13, 11, 12, 10, 11, 11, 10, 12, 10, 10, 12, 10, 12, 10, 10, 10, 12, 11, 11, 11, 10], [13, 10, 13, 10, 12, 13, 10, 12, 11, 11, 13, 10, 13, 13, 11, 13, 10, 13, 11, 11, 12, 11, 10, 11, 12], [10, 12, 11, 13, 13, 10, 10, 11, 11, 12, 12, 10, 11, 12, 13, 10, 12, 10, 13, 11, 10, 11, 13, 10, 13], [11, 13, 13, 13, 12, 11, 10, 13, 12, 10, 10, 11, 13, 11, 11, 13, 11, 12, 10, 13, 10, 10, 13, 12, 10], [13, 11, 13, 13, 12, 12, 13, 12, 10, 10, 10, 10, 13, 11, 11, 12, 11, 12, 12, 10, 12, 12, 12, 11, 12], [10, 12, 13, 13, 11, 11, 10, 12, 12, 13, 12, 10, 10, 11, 12, 11, 10, 12, 11, 11, 11, 12, 12, 13, 11], [10, 10, 13, 12, 10, 11, 11, 11, 12, 10, 10, 11, 10, 11, 12, 10, 11, 11, 13, 12, 12, 10, 13, 13, 10], [10, 12, 12, 13, 10, 13, 12, 12, 12, 12, 12, 12, 10, 11, 13, 13, 11, 10, 10, 12, 10, 12, 11, 13, 12], [11, 10, 13, 12, 12, 13, 10, 12, 12, 12, 13, 13, 13, 10, 12, 10, 13, 13, 11, 10, 10, 11, 12, 13, 11], [10, 11, 11, 10, 13, 11, 12, 13, 13, 12, 11, 12, 12, 12, 11, 11, 11, 12, 13, 11, 10, 12, 12, 12, 11], [10, 10, 13, 13, 11, 13, 11, 10, 11, 12, 13, 10, 12, 11, 12, 10, 10, 12, 11, 11, 10, 12, 10, 10, 10], [13, 11, 12, 11, 10, 12, 11, 13, 12, 11, 12, 13, 11, 11, 12, 13, 10, 13, 13, 10, 11, 11, 11, 10, 11], [10, 13, 11, 13, 12, 11, 13, 10, 12, 11, 10, 11, 13, 12, 11, 12, 11, 13, 12, 13, 13, 10, 12, 12, 12], [10, 13, 11, 12, 12, 13, 12, 10, 12, 13, 12, 12, 11, 12, 13, 10, 10, 11, 12, 12, 10, 12, 10, 13, 10], [13, 12, 12, 13, 10, 10, 10, 11, 11, 10, 11, 13, 12, 10, 13, 12, 10, 10, 13, 10, 11, 10, 10, 12, 12], [13, 11, 10, 11, 11, 11, 13, 12, 10, 11, 13, 13, 10, 12, 13, 11, 12, 13, 11, 12, 12, 10, 13, 12, 13], [11, 10, 10, 13, 13, 11, 10, 13, 13, 12, 10, 11, 13, 12, 13, 12, 12, 13, 12, 12, 11, 13, 13, 10, 11], [10, 12, 13, 11, 10, 11, 12, 10, 11, 12, 13, 10, 13, 10, 11, 13, 10, 13, 12, 12, 13, 12, 13, 11, 13], [12, 10, 12, 13, 13, 12, 12, 13, 13, 13, 10, 10, 13, 12, 12, 13, 10, 13, 10, 11, 13, 12, 11, 12, 12], [10, 13, 13, 11, 10, 11, 11, 12, 12, 11, 10, 11, 12, 11, 13, 12, 10, 12, 12, 13, 11, 10, 10, 12, 11], [11, 10, 13, 10, 13, 11, 10, 13, 12, 12, 13, 13, 12, 12, 12, 10, 12, 13, 11, 12, 11, 10, 11, 11, 11], [13, 13, 11, 12, 13, 11, 13, 12, 11, 11, 10, 12, 13, 11, 10, 10, 13, 13, 10, 11, 12, 11, 11, 13, 10], [10, 10, 10, 10, 13, 12, 11, 12, 12, 12, 11, 12, 11, 12, 11, 10, 10, 10, 10, 10, 13, 10, 11, 12, 10], [13, 13, 11, 13, 10, 11, 10, 13, 11, 11, 10, 12, 10, 11, 11, 13, 13, 12, 12, 10, 13, 12, 11, 13, 12], [11, 11, 10, 13, 10, 10, 11, 12, 10, 11, 11, 10, 13, 11, 12, 13, 13, 13, 12, 12, 11, 13, 13, 13, 10], [13, 12, 11, 12, 13, 12, 11, 12, 12, 12, 13, 13, 12, 10, 11, 12, 10, 12, 13, 12, 11, 12, 10, 12, 13], [10, 10, 13, 12, 11, 10, 10, 11, 13, 11, 13, 12, 12, 13, 12, 10, 13, 11, 11, 11, 13, 13, 12, 12, 12]]
Inventory holding cost per unit of each product by the end of each period h: 
[[7, 6, 9, 7, 6, 9, 9, 7, 6, 9, 9, 5, 5, 6, 5, 6, 6, 6, 6, 7, 7, 6, 9, 7, 7], [6, 5, 8, 8, 5, 7, 9, 8, 5, 9, 5, 8, 5, 7, 8, 5, 7, 9, 9, 8, 8, 6, 7, 9, 9], [9, 8, 8, 9, 9, 7, 7, 7, 6, 5, 8, 8, 6, 6, 7, 5, 6, 8, 6, 7, 7, 5, 5, 6, 5], [6, 8, 5, 7, 5, 7, 5, 7, 6, 8, 9, 6, 5, 7, 8, 8, 7, 7, 5, 9, 9, 8, 9, 8, 5], [5, 9, 6, 6, 7, 8, 5, 9, 8, 5, 8, 6, 5, 9, 7, 5, 6, 9, 9, 8, 9, 8, 8, 5, 5], [8, 7, 8, 7, 9, 6, 8, 8, 5, 8, 5, 8, 5, 8, 7, 7, 5, 9, 6, 5, 8, 9, 5, 6, 9], [8, 7, 9, 5, 7, 9, 7, 6, 7, 8, 6, 6, 6, 9, 7, 8, 6, 7, 9, 7, 8, 8, 5, 5, 6], [9, 7, 7, 7, 9, 5, 8, 9, 6, 8, 9, 5, 5, 5, 9, 9, 9, 7, 9, 5, 6, 6, 8, 9, 5], [5, 7, 5, 6, 5, 7, 8, 8, 7, 7, 8, 5, 6, 6, 8, 9, 6, 5, 5, 5, 7, 7, 9, 6, 5], [9, 5, 8, 9, 6, 7, 5, 8, 9, 6, 9, 7, 7, 5, 6, 5, 9, 9, 5, 6, 7, 5, 5, 5, 5], [7, 6, 6, 7, 8, 5, 5, 8, 7, 7, 6, 6, 9, 6, 5, 5, 9, 6, 6, 5, 6, 7, 8, 6, 5], [6, 5, 6, 8, 7, 6, 9, 6, 6, 5, 7, 9, 5, 9, 6, 9, 7, 9, 6, 7, 6, 9, 5, 8, 7], [6, 8, 5, 5, 8, 6, 9, 8, 7, 6, 9, 9, 7, 6, 9, 8, 9, 7, 9, 8, 5, 9, 7, 7, 9], [9, 6, 8, 7, 8, 7, 7, 5, 5, 7, 5, 9, 7, 9, 8, 8, 7, 5, 8, 7, 6, 8, 9, 6, 9], [7, 9, 8, 9, 7, 6, 5, 7, 7, 5, 7, 9, 6, 6, 6, 9, 8, 8, 8, 7, 7, 5, 6, 8, 5], [9, 6, 9, 9, 8, 6, 5, 7, 6, 8, 7, 8, 8, 8, 7, 9, 5, 6, 6, 9, 9, 9, 8, 5, 7], [9, 8, 5, 9, 7, 6, 9, 8, 5, 6, 7, 9, 6, 6, 6, 6, 8, 9, 7, 5, 6, 7, 8, 7, 6], [8, 9, 6, 9, 7, 8, 5, 8, 6, 6, 7, 7, 8, 7, 9, 9, 7, 7, 7, 6, 6, 9, 7, 5, 6], [6, 5, 8, 7, 9, 5, 7, 6, 7, 9, 9, 8, 5, 5, 8, 7, 7, 5, 5, 9, 5, 8, 5, 9, 9], [6, 9, 9, 6, 7, 6, 8, 5, 5, 8, 6, 8, 6, 6, 5, 5, 9, 6, 9, 9, 5, 6, 6, 5, 5], [8, 8, 5, 8, 6, 5, 5, 6, 8, 5, 6, 9, 9, 7, 9, 5, 8, 6, 6, 9, 7, 6, 5, 5, 8], [5, 6, 7, 9, 7, 8, 7, 7, 5, 9, 8, 7, 6, 7, 9, 7, 5, 6, 8, 7, 8, 5, 9, 5, 5], [8, 8, 7, 5, 9, 9, 6, 5, 5, 5, 7, 6, 5, 9, 6, 7, 5, 8, 8, 7, 5, 5, 6, 8, 6], [5, 7, 8, 8, 6, 8, 7, 6, 8, 7, 6, 9, 8, 7, 7, 5, 6, 5, 7, 7, 7, 6, 7, 8, 5], [6, 9, 6, 9, 5, 9, 8, 8, 5, 5, 9, 6, 5, 8, 8, 9, 6, 8, 5, 8, 8, 8, 6, 5, 8], [5, 9, 9, 9, 8, 7, 7, 8, 7, 6, 6, 7, 6, 7, 6, 9, 9, 5, 7, 5, 9, 8, 8, 7, 7], [5, 9, 8, 9, 8, 5, 6, 5, 7, 7, 6, 8, 7, 6, 8, 9, 9, 5, 9, 8, 7, 7, 9, 9, 8], [5, 7, 7, 5, 8, 8, 8, 6, 5, 9, 9, 9, 6, 8, 5, 5, 6, 7, 9, 8, 7, 5, 8, 8, 8], [5, 9, 5, 7, 7, 5, 8, 6, 5, 5, 9, 6, 6, 6, 6, 6, 5, 9, 7, 5, 8, 5, 5, 8, 7], [9, 6, 9, 6, 5, 6, 9, 8, 7, 8, 5, 7, 9, 7, 9, 8, 5, 9, 8, 8, 5, 9, 5, 8, 5], [6, 7, 9, 5, 5, 5, 8, 8, 6, 6, 5, 8, 5, 7, 5, 8, 5, 8, 7, 5, 9, 8, 6, 6, 7], [5, 6, 5, 6, 7, 8, 5, 9, 8, 5, 8, 6, 7, 5, 7, 6, 6, 5, 7, 8, 7, 5, 5, 5, 6], [6, 5, 8, 5, 8, 6, 9, 7, 5, 9, 7, 6, 5, 8, 5, 8, 5, 8, 5, 8, 8, 6, 5, 7, 7], [6, 7, 6, 9, 7, 7, 8, 8, 8, 5, 5, 7, 8, 7, 7, 7, 8, 9, 7, 7, 7, 7, 5, 5, 5], [8, 6, 8, 5, 7, 6, 5, 9, 9, 9, 7, 8, 8, 6, 6, 8, 7, 7, 9, 5, 6, 5, 8, 6, 6]]
Demand for each product in each period d: 
[[24, 9, 41, 35, 30, 3, 27, 0, 30, 24, 12, 1, 18, 40, 36, 32, 13, 34, 36, 35, 31, 20, 48, 0, 14], [8, 30, 48, 12, 34, 3, 22, 47, 28, 44, 16, 47, 28, 14, 4, 0, 43, 25, 37, 43, 15, 22, 31, 34, 22], [24, 2, 33, 4, 27, 33, 11, 48, 34, 18, 20, 28, 30, 13, 2, 0, 18, 44, 4, 2, 47, 10, 42, 48, 3], [39, 10, 43, 26, 30, 29, 3, 7, 13, 33, 28, 0, 25, 23, 22, 3, 41, 0, 38, 9, 40, 19, 26, 15, 12], [40, 25, 45, 31, 21, 20, 48, 46, 0, 48, 30, 13, 26, 49, 21, 3, 23, 37, 4, 40, 0, 27, 9, 19, 46], [0, 17, 8, 46, 30, 18, 49, 26, 22, 0, 0, 39, 2, 0, 48, 40, 45, 8, 7, 0, 9, 32, 44, 23, 27], [42, 11, 23, 1, 23, 16, 16, 22, 48, 6, 44, 0, 21, 37, 14, 29, 40, 39, 48, 16, 0, 13, 4, 15, 16], [17, 49, 47, 17, 5, 48, 28, 26, 9, 0, 36, 28, 21, 46, 37, 44, 9, 13, 30, 14, 46, 40, 31, 42, 41], [39, 7, 12, 26, 12, 30, 22, 39, 33, 16, 0, 13, 16, 46, 13, 42, 15, 44, 18, 41, 19, 17, 7, 45, 6], [24, 3, 4, 13, 26, 0, 27, 49, 41, 0, 16, 40, 35, 40, 35, 39, 23, 35, 46, 23, 23, 24, 30, 49, 1], [1, 9, 1, 7, 25, 30, 20, 21, 0, 5, 21, 48, 4, 25, 45, 4, 12, 6, 40, 41, 29, 17, 27, 0, 17], [19, 14, 3, 24, 2, 12, 12, 44, 24, 26, 25, 33, 37, 4, 16, 0, 23, 49, 15, 25, 30, 2, 31, 40, 3], [37, 44, 47, 44, 11, 45, 39, 22, 31, 48, 37, 37, 2, 16, 31, 32, 0, 21, 14, 23, 11, 39, 36, 45, 19], [29, 47, 17, 43, 13, 35, 46, 3, 41, 3, 42, 30, 35, 29, 47, 1, 36, 23, 2, 22, 45, 46, 23, 21, 14], [17, 25, 41, 4, 3, 3, 11, 31, 18, 34, 31, 41, 41, 17, 3, 36, 20, 4, 36, 4, 21, 48, 46, 16, 32], [37, 39, 15, 24, 6, 14, 14, 26, 43, 9, 8, 5, 22, 36, 36, 29, 31, 43, 17, 36, 10, 0, 48, 8, 19], [13, 6, 0, 30, 37, 49, 36, 30, 31, 28, 3, 10, 22, 7, 23, 4, 19, 37, 46, 25, 23, 23, 47, 42, 21], [49, 39, 0, 45, 26, 8, 0, 6, 26, 21, 45, 20, 17, 0, 0, 26, 40, 2, 43, 9, 27, 16, 11, 0, 15], [20, 22, 37, 19, 0, 48, 45, 7, 15, 29, 31, 22, 0, 27, 12, 41, 19, 43, 23, 11, 10, 0, 26, 16, 13], [0, 1, 31, 29, 36, 16, 45, 0, 4, 36, 23, 32, 11, 36, 0, 13, 15, 34, 29, 8, 35, 34, 32, 0, 8], [13, 45, 19, 0, 48, 30, 39, 23, 49, 36, 29, 17, 7, 28, 39, 27, 30, 45, 27, 5, 39, 24, 45, 32, 15], [49, 18, 46, 11, 2, 47, 46, 29, 48, 10, 26, 0, 40, 42, 3, 5, 48, 12, 3, 6, 33, 31, 28, 37, 7], [35, 12, 48, 40, 0, 25, 26, 21, 44, 29, 47, 35, 5, 16, 48, 0, 12, 15, 40, 45, 3, 15, 11, 39, 28], [0, 46, 45, 11, 4, 2, 23, 35, 6, 40, 0, 45, 20, 27, 13, 15, 45, 27, 46, 43, 31, 13, 7, 35, 39], [9, 23, 32, 23, 27, 32, 37, 44, 4, 43, 11, 10, 17, 0, 20, 14, 13, 9, 9, 0, 17, 37, 23, 37, 21], [29, 4, 39, 17, 7, 35, 49, 44, 11, 16, 11, 40, 40, 31, 0, 38, 2, 0, 43, 20, 9, 20, 12, 32, 18], [6, 44, 27, 40, 10, 4, 26, 41, 12, 10, 0, 2, 23, 0, 12, 0, 46, 5, 36, 19, 49, 14, 35, 10, 18], [43, 39, 20, 39, 45, 3, 31, 38, 19, 48, 39, 47, 45, 45, 33, 30, 38, 19, 41, 4, 18, 45, 27, 40, 8], [16, 35, 36, 41, 17, 41, 42, 21, 9, 47, 10, 26, 24, 16, 9, 43, 22, 24, 21, 29, 26, 49, 42, 32, 45], [42, 4, 26, 2, 44, 48, 19, 45, 18, 24, 24, 8, 29, 22, 12, 40, 1, 2, 42, 19, 24, 7, 34, 33, 32], [25, 37, 4, 29, 47, 26, 44, 36, 37, 24, 48, 45, 2, 17, 15, 49, 38, 47, 9, 15, 23, 45, 19, 4, 8], [3, 25, 6, 48, 29, 0, 6, 20, 14, 42, 12, 46, 17, 33, 8, 45, 33, 13, 8, 0, 48, 41, 45, 5, 43], [47, 13, 5, 3, 36, 10, 2, 30, 13, 2, 5, 5, 28, 4, 28, 16, 31, 0, 8, 32, 33, 49, 32, 21, 39], [35, 47, 7, 4, 23, 7, 28, 47, 19, 20, 18, 9, 3, 2, 9, 0, 33, 40, 36, 43, 8, 47, 0, 26, 44], [46, 0, 13, 20, 43, 26, 45, 5, 25, 35, 9, 0, 44, 26, 16, 6, 37, 17, 24, 1, 44, 28, 29, 18, 41]]
Maintenance cost in each period m: 
[35101, 31734, 35033, 35179, 33096, 35429, 31678, 35537, 35196, 35128, 33374, 32525, 32545, 32841, 34809, 33578, 35086, 32673, 34728, 34766, 31816, 33569, 35480, 34873, 32795]
Maximum capacity of the machine cmax: 
1715