
---------------- itération  0 ----------------
RMP_obj =  7316.421642015238
pi =  [0, 0, -1.3954175905395418, 0, -0.39541759053954195, -4.2439024390243905, 0, 0, 0, -6.838709677419355, 0, 0, -2.275862068965518, 0, 0, 0, -7.975, 0, 0, -2.217391304347826, 0, -3.046511627906977, 0, 0, 0, 0, -3.0, -1.9702970297029703, 0, 0, 0, 0, 0, -1.2631578947368425, -0.1267942583732063, 0, 0, 0, 0, 0, 0, -1.8999999999999997, 0, 0, 0, -2.026315789473684, 0, 0, 0, -0.9090909090909091, 0]
Z_SP = -1565.831312222799
nouvelle colonne :  [0, 3, 4, 8, 11, 15, 17, 19, 25, 26, 32, 40, 44, 46] avec un coût de : 231.0
Capacité associées :  [47.0, 39.47999999999999, 33.16319999999999, 47.0, 47.0, 39.48, 33.163199999999996, 27.857087999999994, 47.0, 39.48, 33.163199999999996, 47.0, 39.48, 33.163199999999996, 0.0623319521045147, 47.0, 39.48, 47.0, 39.48, 47.0, 39.48, 0.018393557348090894, 0.01545058817239635, 0.012978494064812933, 0.010901935014442863, 47.0, 47.0, 39.48, 33.163199999999996, 27.857087999999997, 23.39995391999999, 19.655961292799983, 47.0, 39.48, 33.16319999999999, 27.857087999999973, 23.39995391999996, 19.655961292799955, 16.511007485951954, 13.869246288199632, 47.000000000000014, 39.48000000000001, 33.16320000000001, 27.857088000000008, 47.000000001190465, 39.48000000099999, 47.00000000000001, 39.47999999999998, 33.1632, 27.857088]

---------------- itération  1 ----------------
RMP_obj =  7006.85766752617
pi =  [-2575.6629229755513, 0, -1.395417590539542, 0, -0.395417590539542, -4.2439024390243905, 0, 0, -1.166666666666666, -8.00537634408602, 0, -3.8372093023255816, -2.275862068965518, 0, 0, -1.1769856160100058, -9.128205128205128, 0, 0, -2.217391304347826, 0, -12.857142857142858, -9.796536796536797, 0, 0, -0.1578947368421053, -3.1578947368421053, -2.1281917665450756, 0, 0, -6.948717948717949, 0, 0, -1.5845864661654137, -0.2631578947368425, 0, 0, 0, -0.9462131045522373, -6.702310665527847, 0, -1.8, 0, 0, 0, -2.026315789473684, 0, 0, 0, -0.9090909090909091, 0]
Z_SP = -870.023847807031
nouvelle colonne :  [0, 3, 4, 8, 10, 14, 15, 17, 20, 21, 25, 26, 29, 32, 38, 44, 46] avec un coût de : 326.0
Capacité associées :  [47.00000000000001, 39.47999999999999, 33.16319999999999, 47.0, 47.0, 39.48, 33.163199999999996, 27.857087999999997, 47.000000001190465, 39.48000000099999, 47.00000000000001, 39.480000000000004, 33.1632, 27.857087999999997, 47.0, 47.0, 39.48, 47.0, 39.48000000099999, 33.16320000083999, 47.0, 47.00000000429488, 39.4800000036077, 33.16320000303047, 27.85708800254559, 47.0, 47.0, 39.48, 33.163199999999996, 47.00000000000003, 39.48000000000002, 33.16320000000002, 47.00000000000003, 39.48000000000002, 33.16320000000001, 27.857088, 23.39995392, 19.6559612928, 47.0, 39.48, 33.163199999999996, 27.857087999999997, 23.399953919999998, 19.655961292799997, 47.000000001190465, 39.48000000099999, 47.00000000000001, 39.48, 33.163199999999996, 27.857087999999997]

---------------- itération  2 ----------------
RMP_obj =  6468.196520677033
pi =  [-2884.5306179577788, 0, -3.5999999999999996, 0, -2.0, -5.848484848484849, 0, -1.6045824094604582, -1.3939393939393927, -8.166666666666666, 0, -3.8372093023255816, -6.700845665961944, -4.4249835969964275, -4.424983596996427, -1.1282051282051277, -9.103205128205131, 0, 0, -2.217391304347826, 0, -4.2, -1.1534883720930236, 0, 0, -0.1578947368421053, -3.1578947368421053, -2.1281917665450756, 0, 0, 0, 0, 0, -1.5845864661654137, -0.2631578947368425, 0, 0, 0, -1.9285714285714286, -1.5751272973004857, 0, -1.86849745405399, -1.6970688826254186, -0.18918918918918876, 0, -2.026315789473684, 0, 0, 0, -0.9090909090909091, 0]
Z_SP = -206.29704780004568
nouvelle colonne :  [0, 3, 4, 8, 10, 11, 13, 15, 17, 19, 21, 25, 26, 32, 37, 40, 44, 46] avec un coût de : 331.0
Capacité associées :  [46.999999999999986, 39.47999999999999, 33.16319999999999, 47.0, 47.0, 39.48, 33.163199999999996, 27.857087999999997, 47.000000001190465, 39.48000000099999, 47.00000000000001, 47.0, 39.48, 47.0, 39.48, 47.0, 39.48, 47.0, 39.48, 47.0, 39.48, 47.0, 39.48, 33.163199999999996, 27.857087999999997, 47.0, 47.0, 39.48, 33.163199999999996, 27.857087999999997, 23.39995391999999, 19.655961292799983, 47.0, 39.48, 33.16319999999999, 27.857087999999973, 23.39995391999996, 47.000000000000014, 39.48000000000001, 33.16320000000001, 47.0, 39.48, 33.163199999999996, 27.857087999999997, 47.000000001190465, 39.48000000099999, 47.00000000000001, 39.47999999999998, 33.1632, 27.857088]

---------------- itération  3 ----------------
RMP_obj =  6419.562767422492
pi =  [-2204.184701106454, 0, -3.5999999999999996, 0, -2.0, -5.848484848484849, 0, -1.604582409460458, -1.3939393939393927, -8.166666666666666, 0, 0, -2.8636363636363633, 0, 0, -1.1282051282051277, -9.103205128205131, 0, 0, -2.217391304347826, 0, -3.046511627906977, 0, 0, 0, -0.1578947368421053, -3.1578947368421053, -2.128191766545076, 0, 0, -0.8094212717167428, 0, 0, -1.5845864661654137, -0.2631578947368425, 0, 0, 0, 0, -2.2261324045751394, 0, -1.855477351908497, -1.6840487804799258, -0.18918918918918876, 0, -2.026315789473684, 0, 0, 0, -0.9090909090909091, 0]
Z_SP = -72.92970351483882
nouvelle colonne :  [0, 3, 4, 8, 11, 14, 15, 17, 19, 25, 26, 32, 38, 40, 44, 46] avec un coût de : 282.0
Capacité associées :  [46.999999999999986, 39.47999999999999, 33.16319999999999, 47.0, 47.0, 39.48, 33.163199999999996, 27.857087999999997, 47.0000000026077, 39.480000002190465, 33.16320000183999, 47.00000000000001, 39.480000000000004, 33.1632, 47.00000000000001, 47.0, 39.48, 47.0, 39.48, 47.0, 39.48, 33.163199999999996, 27.857087999999997, 23.399953919999998, 19.655961292799997, 47.0, 47.0, 39.48, 33.163199999999996, 27.857087999999997, 23.39995391999999, 19.655961292799983, 47.0, 39.48, 33.16319999999999, 27.857087999999973, 23.39995391999996, 19.655961292799955, 47.0, 39.48, 47.0, 39.48, 33.163199999999996, 27.857087999999997, 47.000000001190465, 39.48000000099999, 47.00000000000001, 39.47999999999998, 33.1632, 27.857088]

---------------- itération  4 ----------------
RMP_obj =  6417.690265660495
pi =  [-2339.7398593764096, 0, -3.5999999999999996, 0, -2.0, -5.848484848484849, 0, -1.604582409460458, -1.3939393939393927, -8.166666666666666, 0, -0.2496426948743391, -3.1132790585107024, 0, 0, -1.1282051282051277, -9.103205128205131, 0, 0, -2.217391304347826, 0, -3.046511627906977, 0, 0, 0, -0.1578947368421053, -3.1578947368421053, -2.128191766545076, 0, 0, -4.596007886031378, 0, 0, -1.5845864661654137, -0.2631578947368425, 0, 0, 0, -1.9285714285714286, 0, 0, -1.8999999999999997, -1.728571428571428, -0.18918918918918876, 0, -2.026315789473684, 0, 0, 0, -0.9090909090909091, 0]
Z_SP = -111.71590632038487
nouvelle colonne :  [0, 3, 4, 8, 11, 14, 15, 17, 19, 25, 26, 29, 32, 37, 40, 44, 46] avec un coût de : 311.0
Capacité associées :  [46.999999999999986, 39.47999999999999, 33.16319999999999, 47.0, 47.000000001190465, 39.48000000099999, 33.16320000083999, 27.85708800070559, 47.0000000026077, 39.480000002190465, 33.16320000183999, 47.00000000000001, 39.480000000000004, 33.1632, 47.00000000000001, 47.0, 39.48, 47.0, 39.48, 47.0, 39.48, 33.163199999999996, 27.857087999999997, 23.399953919999998, 19.655961292799997, 47.0, 47.0, 39.48, 33.163199999999996, 47.00000000000003, 39.48000000000002, 33.16320000000002, 47.00000000000003, 39.48000000000002, 33.16320000000001, 27.857088, 23.39995392, 47.0000000026077, 39.480000002190465, 33.16320000183999, 47.00000000000001, 39.480000000000004, 33.1632, 27.857088, 47.000000001190465, 39.48000000099999, 47.00000000000001, 39.48, 33.16319999999998, 27.857087999999983]

---------------- itération  5 ----------------
RMP_obj =  6407.140432718653
pi =  [-2322.6964974430975, 0, -3.5999999999999996, 0, -2.0, -5.848484848484849, 0, -1.6045824094604582, -1.3939393939393927, -8.166666666666666, 0, -3.8372093023255816, -2.506330309004376, 0, 0, -1.1282051282051277, -9.103205128205131, 0, 0, -2.217391304347826, 0, -3.2701536668955056, -0.2236420389885287, 0, 0, -0.1578947368421053, -3.1578947368421053, -2.128191766545076, 0, 0, -1.5149210313825925, 0, 0, -1.5845864661654137, -0.2631578947368425, 0, 0, 0, 0, 0, 0, -1.8999999999999997, -1.728571428571428, -0.18918918918918876, 0, -2.026315789473684, 0, 0, 0, -0.9090909090909091, 0]
Z_SP = -63.63649866122887
nouvelle colonne :  [0, 3, 4, 8, 10, 14, 15, 17, 19, 21, 25, 26, 32, 40, 44, 46] avec un coût de : 257.0
Capacité associées :  [46.999999999999986, 39.47999999999999, 33.16319999999999, 47.0, 47.0, 39.48, 33.163199999999996, 27.857087999999997, 47.000000001190465, 39.48000000099999, 47.00000000000001, 39.480000000000004, 33.1632, 27.857087999999997, 47.0, 47.0, 39.48, 47.0, 39.48, 47.0, 39.48, 47.0, 39.48, 33.163199999999996, 27.857087999999997, 47.0, 47.0, 39.48, 33.163199999999996, 27.857087999999997, 23.399953919999998, 19.655961292799997, 47.00000001154114, 39.48000000969456, 33.16320000814343, 27.85708800684048, 23.399953925746004, 19.655961297626643, 16.51100749000638, 13.86924629160536, 47.000000000000014, 39.48000000000001, 33.16320000000001, 27.857088000000008, 47.000000001190465, 39.48000000099999, 47.00000000000001, 39.47999999999998, 33.1632, 27.857088]

---------------- itération  6 ----------------
RMP_obj =  6404.694328948815
pi =  [-2639.6013963002924, 0, -3.5999999999999996, 0, -2.0, -5.848484848484849, 0, -1.6045824094604582, -1.3939393939393927, -8.166666666666666, 0, -3.8372093023255816, -6.700845665961944, 0, 0, -1.1282051282051277, -9.103205128205131, 0, 0, -2.217391304347826, 0, -4.029536200499902, -0.9830245725929255, 0, 0, -0.1578947368421053, -3.1578947368421053, -2.128191766545076, 0, 0, -2.063814754444003, 0, 0, -1.5845864661654137, -0.2631578947368425, 0, 0, 0, 0, -1.3972638618321818, 0, -1.8720547227633562, -1.3473694425810305, -0.18918918918918876, 0, -2.026315789473684, 0, 0, 0, -0.9090909090909091, 0]
Z_SP = -33.4989510511773
nouvelle colonne :  [0, 3, 4, 8, 10, 11, 14, 15, 17, 19, 21, 25, 26, 29, 32, 38, 40, 44, 46] avec un coût de : 356.0
Capacité associées :  [46.999999999999986, 39.47999999999999, 33.16319999999999, 47.0, 47.0, 39.48, 33.163199999999996, 27.857087999999997, 47.000000001190465, 39.48000000099999, 47.00000000000001, 47.0000000026077, 39.480000002190465, 33.16320000183999, 47.00000000000001, 47.0, 39.48, 47.0, 39.48, 47.0, 39.48, 47.0, 39.48, 33.163199999999996, 27.857087999999997, 47.0, 47.0, 39.48, 33.163199999999996, 47.00000000000003, 39.48000000000002, 33.16320000000002, 47.00000000000003, 39.48000000000002, 33.16320000000001, 27.857088, 23.399953919999994, 19.655961292799986, 47.000000000000014, 39.48000000000001, 47.00000000000003, 39.480000000000025, 33.16320000000002, 27.857088000000015, 47.000000001190465, 39.48000000099999, 47.00000000000001, 39.48, 33.16319999999998, 27.857087999999983]

---------------- itération  7 ----------------
RMP_obj =  6401.6812096930535
pi =  [-2583.2404886604754, 0, -3.5999999999999996, 0, -2.0, -5.848484848484849, 0, -1.6045824094604582, -1.3939393939393927, -8.166666666666666, 0, -3.6097317699788727, -6.473368133615236, 0, 0, -1.1282051282051277, -9.103205128205131, 0, 0, -2.217391304347826, 0, -6.192363984100024, 0, 0, 0, -0.1578947368421053, -3.1578947368421053, -2.128191766545076, 0, 0, -1.1888446597492397, 0, 0, -1.5845864661654137, -0.2631578947368425, 0, 0, 0, -0.4768936634873705, -0.9040089773117236, 0, -1.8819198204537653, 0, -0.18918918918918876, 0, -2.026315789473684, 0, 0, 0, -0.9090909090909091, 0]
Z_SP = -33.542547473646664
nouvelle colonne :  [0, 3, 4, 8, 10, 11, 14, 15, 17, 20, 25, 26, 32, 40, 44, 46] avec un coût de : 318.0
Capacité associées :  [46.999999999999986, 39.47999999999999, 33.16319999999999, 47.0, 47.0, 39.48, 33.163199999999996, 27.857087999999997, 47.0, 39.48, 47.0, 47.0, 39.48, 33.163199999999996, 47.0, 47.0, 0.04398142540492955, 46.99999999999999, 39.47999999999999, 0.026067966763186234, 47.0, 39.47999999999999, 33.16319999999999, 27.85708799999999, 23.39995391999999, 47.0, 47.0, 39.48, 33.163199999999996, 27.857087999999997, 23.399953919999998, 19.655961292799997, 47.0, 39.48, 33.163199999999996, 27.857087999999997, 23.39995391999999, 19.655961292799994, 16.511007485951993, 13.869246288199673, 47.0, 39.48, 33.163199999999996, 27.857087999999997, 47.0, 39.48, 47.0, 39.47999999999998, 33.1632, 27.857088]

---------------- itération  8 ----------------
RMP_obj =  6401.316201432974
pi =  [-2462.914490024025, 0, -3.5999999999999996, 0, -2.0, -5.848484848484849, 0, -1.6045824094604582, -1.3939393939393927, -8.166666666666666, 0, -2.409731770014264, -4.850510567128517, 0, 0, -1.1282051282051277, -9.103205128205131, 0, 0, -2.217391304347826, 0, -4.55477640810102, -1.2000000000000002, 0, 0, -0.1578947368421053, -3.1578947368421053, -2.128191766545076, 0, 0, -1.1888446598293538, 0, 0, -1.5845864661654137, -0.2631578947368425, 0, 0, 0, -0.586974152933617, -1.3042809410117056, 0, -1.8739143811797656, 0, -0.18918918918918876, 0, -2.026315789473684, 0, 0, 0, -0.9090909090909091, 0]
Z_SP = -23.12299561092277
nouvelle colonne :  [0, 3, 4, 8, 11, 14, 15, 17, 19, 21, 25, 26, 32, 38, 44, 46] avec un coût de : 249.0
Capacité associées :  [46.999999999999986, 39.47999999999999, 33.16319999999999, 47.0, 47.0, 39.48, 33.163199999999996, 27.857087999999997, 47.0, 39.48, 33.163199999999996, 47.0000000026077, 39.480000002190465, 33.16320000183999, 47.00000000000001, 47.0, 39.48, 47.0, 39.48, 47.0, 39.48, 47.0, 39.48, 33.163199999999996, 27.857087999999997, 47.0, 47.0, 39.48, 33.163199999999996, 27.857087999999997, 23.399953919999998, 19.655961292799997, 47.0, 39.48, 33.163199999999996, 27.857087999999994, 23.399953919999994, 19.655961292799986, 47.0, 39.48, 33.163199999999996, 27.857087999999997, 23.399953919999998, 19.655961292799997, 47.000000001190465, 39.48000000099999, 47.00000000000001, 39.47999999999998, 33.1632, 27.857088]

---------------- itération  9 ----------------
RMP_obj =  6400.752060991103
pi =  [-2443.2676721967678, 0, -3.5999999999999996, 0, -2.0, -5.848484848484849, 0, -1.6045824094604582, -1.3939393939393927, -8.166666666666666, 0, -3.609731770298033, -3.817077348570926, 0, 0, -1.1282051282051277, -9.103205128205131, 0, 0, -2.217391304347826, 0, -4.388209626841074, 0, 0, 0, -0.1578947368421053, -3.1578947368421053, -2.128191766545076, 0, 0, -1.188844659880398, 0, 0, -1.5845864661654137, -0.2631578947368425, 0, 0, 0, -0.6570732404063055, -1.559173515866797, 0, -1.8688165296826638, -0.5669296607953935, -0.18918918918918876, 0, -2.026315789473684, 0, 0, 0, -0.9090909090909091, 0]
Z_SP = -19.484766147473238
nouvelle colonne :  [0, 3, 4, 8, 10, 14, 15, 17, 19, 25, 26, 32, 37, 40, 44, 46] avec un coût de : 289.99999999999994
Capacité associées :  [46.999999999999986, 39.47999999999999, 33.16319999999999, 47.0, 47.0, 39.48, 33.163199999999996, 27.857087999999997, 47.0, 39.48, 47.00000000000001, 39.47999999999998, 33.16319999999998, 27.857087999999983, 47.00000000000001, 47.0, 0.04398142540492955, 46.99999999999997, 39.47999999999999, 46.99999999999998, 39.47999999999998, 33.1632, 27.857088, 23.39995392, 19.6559612928, 47.0, 47.0, 39.48, 33.163199999999996, 27.857087999999997, 23.399953919999998, 19.655961292799997, 47.0, 39.48, 33.163199999999996, 27.857087999999997, 8.220357752001064, 47.00000000000001, 39.48, 33.163199999999996, 47.000000000000014, 39.480000000000004, 33.1632, 27.857088, 47.0, 39.48, 47.0, 39.47999999999998, 33.1632, 27.857088]

---------------- itération  10 ----------------
RMP_obj =  6398.714010454333
pi =  [-2609.755739303241, 0, -3.5999999999999996, 0, -2.0, -5.848484848484849, 0, -1.6045824094604582, -1.3939393939393927, -8.166666666666666, 0, -2.538038070987196, -4.200136676692527, 0, 0, -1.1282051282051277, -9.103205128205131, 0, 0, -2.217391304347826, 0, -6.507101767699563, -1.2000000000000002, 0, 0, -0.1578947368421053, -3.1578947368421053, -2.128191766545076, 0, 0, -1.281586486342739, 0, 0, -1.5845864661654137, -0.2631578947368425, 0, 0, 0, -0.768315361084692, -1.7275857804965113, 0, -1.86544828439007, -1.6940197129614984, -0.18918918918918876, 0, -2.026315789473684, 0, 0, 0, -0.9090909090909091, 0]
Z_SP = -33.29918266443292
nouvelle colonne :  [0, 3, 4, 8, 11, 14, 15, 17, 20, 21, 25, 26, 32, 37, 40, 44, 46] avec un coût de : 320.0
Capacité associées :  [46.999999999999986, 39.47999999999999, 33.16319999999999, 47.0, 47.0, 39.48, 33.163199999999996, 27.857087999999997, 47.0, 39.48, 33.163199999999996, 47.0, 39.48, 33.163199999999996, 47.0, 47.0, 0.04398142540492955, 46.99999999999999, 39.48, 0.026067966763186234, 47.0, 47.0, 39.48, 33.163199999999996, 27.857087999999997, 47.0, 47.0, 39.48, 33.163199999999996, 27.857087999999997, 23.39995391999999, 19.655961292799983, 47.0, 39.48, 33.163199999999996, 27.857087999999997, 23.399953919999998, 47.00000000000001, 39.47999999999999, 33.16319999999999, 46.99999999999999, 39.48, 33.163199999999996, 27.857087999999997, 47.0, 39.48, 47.0, 39.47999999999998, 33.1632, 27.857088]

---------------- itération  11 ----------------
RMP_obj =  6398.02309017949
pi =  [-2469.086577363977, 0, -3.5999999999999996, 0, -2.0, -5.848484848484849, 0, -1.6045824094604582, -1.3939393939393927, -8.166666666666666, 0, -3.3390591103389635, -4.554812297954948, 0, 0, -1.1282051282051277, -9.103205128205131, 0, 0, -2.217391304347826, 0, -4.268695585835066, -0.6182209086346315, 0, 0, -0.1578947368421053, -3.1578947368421053, -2.128191766545076, 0, 0, -1.7212482914869256, 0, 0, -1.5845864661654137, -0.2631578947368425, 0, 0, 0, -0.6909694448636041, -1.0429372812882558, 0, -1.8791412543742345, 0, -0.18918918918918876, 0, -2.026315789473684, 0, 0, 0, -0.9090909090909091, 0]
Z_SP = -13.051006890555527
nouvelle colonne :  [0, 3, 4, 8, 10, 11, 14, 15, 17, 19, 21, 25, 26, 29, 32, 37, 40, 44, 46] avec un coût de : 354.0
Capacité associées :  [46.999999999999986, 39.47999999999999, 33.16319999999999, 47.0, 47.0, 39.48, 33.163199999999996, 27.857087999999997, 47.000000001190465, 39.48000000099999, 47.00000000000001, 47.0000000026077, 39.480000002190465, 33.16320000183999, 47.00000000000001, 47.0, 39.48, 47.0, 39.48, 47.0, 39.48, 47.0, 39.48, 33.163199999999996, 27.857087999999997, 47.0, 47.0, 39.48, 33.163199999999996, 47.00000000000003, 39.48000000000002, 33.16320000000002, 47.00000000000003, 39.48000000000002, 33.16320000000001, 27.857088, 23.39995392, 47.0, 39.48, 33.163199999999996, 47.0, 39.48, 33.163199999999996, 27.857087999999997, 47.000000001190465, 39.48000000099999, 47.00000000000001, 39.48, 33.16319999999998, 27.857087999999983]

---------------- itération  12 ----------------
RMP_obj =  6397.693753351323
pi =  [-2436.6490710398566, 0, -3.5999999999999996, 0, -2.0, -5.848484848484849, 0, -1.6045824094604582, -1.3939393939393927, -8.166666666666666, 0, -2.7666838654650787, -3.729087109079182, 0, 0, -1.1282051282051277, -9.103205128205131, 0, 0, -2.217391304347826, 0, -4.723586108939815, -0.24738624298407785, 0, 0, -0.1578947368421053, -3.1578947368421053, -2.128191766545076, 0, 0, -1.6318999015250004, 0, 0, -1.5845864661654137, -0.2631578947368425, 0, 0, 0, -0.28511840701975993, -1.3026979730961799, 0, -1.8739460405380761, -0.8347404926977096, -0.18918918918918876, 0, -2.026315789473684, 0, 0, 0, -0.9090909090909091, 0]
Z_SP = -1.9145298972221099
nouvelle colonne :  [0, 3, 4, 8, 10, 14, 15, 17, 20, 25, 26, 29, 32, 37, 38, 40, 44, 46] avec un coût de : 359.0
Capacité associées :  [46.999999999999986, 39.47999999999999, 33.16319999999999, 47.0, 47.0, 39.48, 33.163199999999996, 27.85708799999998, 47.0, 39.48, 47.00000000000001, 39.47999999999999, 33.16319999999999, 27.85708799999999, 47.00000000000001, 47.0, 0.12519690247805926, 47.00000000000004, 39.480000000000025, 0.07420470488633413, 46.99999999999999, 39.47999999999999, 33.16319999999999, 27.85708799999999, 23.39995391999999, 47.0, 47.0, 39.48, 33.163199999999996, 47.00000000000003, 39.48000000000002, 33.16320000000002, 47.00000000000003, 39.48000000000002, 33.16320000000001, 27.857088, 23.39995392, 19.655961292799965, 47.0, 39.48, 46.999999999999986, 39.47999999999999, 33.16319999999999, 27.85708799999999, 47.0, 39.48, 47.0, 39.48, 33.16319999999997, 27.857087999999973]

---------------- itération  13 ----------------
RMP_obj =  6397.54475961779
pi =  [-2420.939240747287, 0, -3.5999999999999996, 0, -2.0, -5.848484848484849, 0, -1.6045824094604582, -1.3939393939393927, -8.166666666666666, 0, -2.909179243279307, -3.856382979859836, 0, 0, -1.1282051282051277, -9.103205128205131, 0, 0, -2.217391304347826, 0, -4.4537948602800475, -0.10489086515121815, 0, 0, -0.1578947368421053, -3.1578947368421053, -2.128191766545076, 0, 0, -1.6848915830097893, 0, 0, -1.5845864661654137, -0.2631578947368425, 0, 0, 0, -0.26733362495562346, -1.2380293867715417, 0, -1.8752394122645688, -0.5762862202192807, -0.18918918918918876, 0, -2.026315789473684, 0, 0, 0, -0.9090909090909091, 0]
Z_SP = -3.7611939778689703
nouvelle colonne :  [0, 3, 4, 8, 10, 11, 14, 15, 17, 19, 25, 26, 29, 32, 37, 38, 44, 46] avec un coût de : 315.0
Capacité associées :  [46.999999999999986, 39.47999999999999, 33.16319999999999, 47.0, 47.0, 39.48, 33.163199999999996, 27.85708799999998, 47.0, 39.48, 47.0, 47.0, 39.48, 33.163199999999996, 47.0, 47.0, 0.12519690247805926, 47.00000000000002, 39.48000000000002, 47.0, 39.47999999999999, 33.1632, 27.857088, 23.39995392, 19.6559612928, 47.0, 47.0, 39.48, 33.163199999999996, 47.00000000000003, 39.48000000000002, 33.16320000000002, 47.00000000000003, 39.48000000000002, 33.16320000000001, 27.857088, 23.399953919999994, 19.655961292799986, 47.0, 39.48, 33.163199999999996, 27.857087999999997, 23.399953919999998, 19.655961292799997, 47.0, 39.48, 47.0, 39.48, 33.16319999999998, 27.857087999999983]

---------------- itération  14 ----------------
RMP_obj =  6397.345213762437
pi =  [-2427.923841053021, 0, -3.5999999999999996, 0, -2.0, -5.848484848484849, 0, -1.6045824094604582, -1.3939393939393927, -8.166666666666666, 0, -2.8010757619499604, -3.7598105365895407, 0, 0, -1.1282051282051277, -9.103205128205131, 0, 0, -2.217391304347826, 0, -4.658470784928884, -0.21299434649469573, 0, 0, -0.1578947368421053, -3.1578947368421053, -2.128191766545076, 0, 0, -1.6446896807595097, 0, 0, -1.5845864661654137, -0.2631578947368425, 0, 0, 0, -0.32084230147137194, -1.2394514312552167, 0, -1.8752109713748955, -0.646262807073674, -0.18918918918918876, 0, -2.026315789473684, 0, 0, 0, -0.9090909090909091, 0]
Z_SP = -1.6945245050764584
nouvelle colonne :  [0, 3, 4, 8, 10, 14, 15, 17, 20, 25, 26, 29, 32, 38, 44, 46] avec un coût de : 321.99999999999994
Capacité associées :  [47.0, 39.48, 33.163199999999996, 47.0, 47.000000001190465, 39.48000000099999, 33.16320000083999, 27.85708800070559, 47.000000001190465, 39.48000000099999, 47.00000000000001, 39.480000000000004, 33.1632, 27.857087999999997, 47.0, 47.0, 39.48, 47.0, 39.48, 23.39995391999998, 46.99999999999999, 39.47999999999999, 33.16319999999999, 27.85708799999999, 23.39995391999999, 47.0, 47.0, 39.48, 33.163199999999996, 47.00000000000003, 39.48000000000002, 33.16320000000002, 47.00000000000003, 39.48000000000002, 33.16320000000001, 27.857088, 23.39995392, 19.6559612928, 47.0, 39.48, 33.163199999999996, 27.857087999999997, 23.399953919999998, 19.655961292799997, 47.0, 39.48, 47.0, 39.48, 33.163199999999996, 27.857087999999997]

---------------- itération  15 ----------------
RMP_obj =  6397.212452188398
pi =  [-2432.110439893479, 0, -3.5999999999999996, 0, -2.0, -5.848484848484849, 0, -1.6045824094604582, -1.3939393939393927, -8.166666666666666, 0, -2.8185707701354517, -3.8563829817710698, 0, 0, -1.1282051282051277, -9.103205128205131, 0, 0, -2.217391304347826, 0, -4.54440333153864, -0.19549933829165395, 0, 0, -0.1578947368421053, -3.1578947368421053, -2.128191766545076, 0, 0, -1.619398342716875, 0, 0, -1.5845864661654137, -0.2631578947368425, 0, 0, 0, -0.2786424257075789, -1.2791501732100297, 0, -1.874416996535799, -0.7929997501159669, -0.18918918918918876, 0, -2.026315789473684, 0, 0, 0, -0.9090909090909091, 0]
Z_SP = 4.171670298092067e-08
RMP optimal
RMP optimal
15
16
Temps d'exécution : 1.1443653106689453 secondes


Version identifier: 22.1.1.0 | 2022-11-28 | 9160aff4d
CPXPARAM_Read_DataCheck                          1
Tried aggregator 2 times.
MIP Presolve eliminated 257 rows and 51 columns.
MIP Presolve modified 93 coefficients.
Aggregator did 2 substitutions.
Reduced MIP has 1216 rows, 1372 columns, and 4795 nonzeros.
Reduced MIP has 166 binaries, 1206 generals, 0 SOSs, and 0 indicators.
Presolve time = 0.00 sec. (4.46 ticks)
Found incumbent of value 30606.000000 after 0.01 sec. (6.60 ticks)
Probing time = 0.00 sec. (0.50 ticks)
Tried aggregator 1 time.
Detecting symmetries...
MIP Presolve modified 19 coefficients.
Reduced MIP has 1216 rows, 1372 columns, and 4795 nonzeros.
Reduced MIP has 166 binaries, 1206 generals, 0 SOSs, and 0 indicators.
Presolve time = 0.00 sec. (2.94 ticks)
Probing time = 0.00 sec. (0.50 ticks)
Clique table members: 68.
MIP emphasis: balance optimality and feasibility.
MIP search method: dynamic search.
Parallel mode: deterministic, using up to 16 threads.
Root relaxation solution time = 0.00 sec. (3.27 ticks)

        Nodes                                         Cuts/
   Node  Left     Objective  IInf  Best Integer    Best Bound    ItCnt     Gap

*     0+    0                        30606.0000       90.0000            99.71%
*     0+    0                        27771.0000       90.0000            99.68%
*     0+    0                        10757.0000       90.0000            99.16%
*     0+    0                        10338.0000       90.0000            99.13%
      0     0     6149.0541   101    10338.0000     6149.0541      177   40.52%
*     0+    0                         6783.0000     6149.0541             9.35%
      0     0     6387.9012   111     6783.0000     Cuts: 100      256    5.82%
      0     0     6423.6707   101     6783.0000      Cuts: 47      286    5.30%
*     0+    0                         6663.0000     6423.6707             3.59%
      0     0     6429.3341   104     6663.0000      Cuts: 13      298    3.51%
      0     0     6434.4677   101     6663.0000      Cuts: 10      311    3.43%
      0     0     6435.4943   116     6663.0000       Cuts: 4      318    3.41%
Detecting symmetries...
      0     0     6438.6185   107     6663.0000   ZeroHalf: 3      324    3.37%
      0     0     6438.7269   107     6663.0000      Fract: 1      325    3.37%
      0     0     6438.8567    98     6663.0000    MIRcuts: 1      326    3.36%
      0     0     6439.1698    95     6663.0000       Cuts: 2      327    3.36%
*     0+    0                         6598.0000     6439.1698             2.41%
*     0+    0                         6553.0000     6464.5583             1.35%
*     0+    0                         6528.0000     6464.5583             0.97%
*     0+    0                         6526.0000     6464.5583             0.94%
      0     0  -1.00000e+75     0     6526.0000     6464.5583      327    0.94%
Detecting symmetries...
      0     2     6439.1698    95     6526.0000     6479.2410      327    0.72%
Elapsed time = 0.24 sec. (97.72 ticks, tree = 0.02 MB, solutions = 10)
*    73+   10                         6522.0000     6479.2410             0.66%
*   140+   12                         6515.0000     6479.2410             0.55%
*   150+   14                         6507.0000     6479.2410             0.43%
*   161+   14                         6505.0000     6479.2410             0.40%
*   166+   12                         6505.0000     6479.2410             0.40%

Implied bound cuts applied:  36
Flow cuts applied:  1
Mixed integer rounding cuts applied:  23
Zero-half cuts applied:  13
Lift and project cuts applied:  17
Gomory fractional cuts applied:  23

Root node processing (before b&c):
  Real time             =    0.23 sec. (97.26 ticks)
Parallel b&c, 16 threads:
  Real time             =    0.22 sec. (85.23 ticks)
  Sync time (average)   =    0.10 sec.
  Wait time (average)   =    0.00 sec.
                          ------------
Total (root+branch&cut) =    0.45 sec. (182.49 ticks)
0.4549109935760498
MIP_objective =  6505.0
Temps moyen de résolution du RMP :  0.0010711848735809326
Temps moyen de résolution du SP :  0.045344457030296326
