Set of periods in the planning horizon T: 
10
Set of products P: 
10
Capacity reduction coefficient alpha: 
0.74
Relative decrease of capacity per set up gamma: 
0.34
Capacity reduction coefficient due to product types beta: 
[0.26, 0.34, 0.29, 0.22, 0.27, 0.26, 0.38, 0.29, 0.22, 0.39]
Fixed production cost of each product in each period f: 
[[991, 923, 592, 836, 509, 916, 806, 586, 548, 681], [728, 787, 796, 844, 849, 659, 779, 582, 662, 732], [518, 635, 904, 554, 671, 735, 596, 727, 718, 552], [679, 715, 645, 976, 778, 539, 940, 859, 907, 909], [998, 766, 588, 743, 819, 780, 825, 791, 635, 941], [823, 864, 643, 839, 847, 706, 817, 807, 827, 609], [769, 867, 618, 566, 871, 870, 603, 764, 989, 900], [542, 889, 949, 648, 750, 900, 531, 801, 570, 755], [793, 553, 956, 705, 725, 829, 810, 809, 650, 894], [593, 697, 730, 774, 709, 667, 608, 743, 835, 954]]
Variable production cost per unit of each product in each period p: 
[[11, 12, 11, 12, 12, 12, 10, 11, 13, 13], [12, 11, 13, 13, 10, 10, 11, 10, 11, 13], [12, 11, 11, 12, 13, 13, 10, 10, 10, 12], [13, 11, 10, 10, 10, 13, 13, 11, 11, 11], [11, 10, 13, 12, 13, 11, 11, 13, 12, 12], [11, 11, 12, 11, 12, 13, 12, 10, 10, 11], [11, 10, 13, 11, 11, 11, 12, 13, 12, 11], [11, 11, 13, 13, 11, 12, 12, 10, 10, 12], [12, 11, 13, 12, 10, 10, 11, 13, 13, 11], [11, 10, 11, 11, 10, 13, 11, 11, 10, 11]]
Inventory holding cost per unit of each product by the end of each period h: 
[[8, 5, 5, 6, 5, 9, 5, 7, 8, 9], [7, 7, 8, 7, 7, 8, 6, 8, 8, 5], [5, 6, 6, 5, 8, 9, 6, 6, 8, 7], [7, 8, 8, 7, 5, 8, 5, 8, 6, 8], [8, 8, 9, 9, 5, 7, 8, 7, 5, 8], [7, 8, 9, 9, 9, 8, 5, 8, 7, 9], [6, 6, 5, 6, 7, 5, 9, 6, 9, 9], [7, 7, 8, 9, 8, 9, 7, 7, 7, 9], [6, 8, 8, 6, 8, 5, 6, 5, 6, 9], [7, 8, 8, 8, 8, 6, 9, 5, 5, 7]]
Demand for each product in each period d: 
[[8, 17, 39, 36, 29, 3, 49, 45, 19, 48], [5, 19, 0, 33, 35, 32, 48, 0, 0, 22], [26, 36, 47, 31, 42, 15, 38, 27, 44, 36], [41, 25, 3, 35, 25, 46, 5, 44, 24, 0], [27, 10, 25, 1, 17, 42, 0, 20, 47, 25], [19, 21, 2, 30, 11, 26, 39, 42, 30, 3], [48, 13, 38, 18, 35, 31, 38, 45, 21, 36], [40, 13, 38, 33, 0, 26, 16, 3, 15, 14], [27, 8, 11, 33, 20, 19, 24, 36, 4, 46], [48, 40, 9, 5, 12, 38, 0, 37, 32, 21]]
Maintenance cost in each period m: 
[1713, 5148, 1616, 4604, 4932, 4295, 2677, 4885, 2821, 4460]
Maximum capacity of the machine cmax: 
450