Set of periods in the planning horizon T: 
10
Set of products P: 
25
Capacity reduction coefficient alpha: 
0.81
Relative decrease of capacity per set up gamma: 
0.37
Capacity reduction coefficient due to product types beta: 
[0.2, 0.29, 0.21, 0.21, 0.25, 0.24, 0.26, 0.28, 0.27, 0.39, 0.35, 0.29, 0.33, 0.37, 0.37, 0.28, 0.37, 0.35, 0.23, 0.26, 0.37, 0.3, 0.38, 0.37, 0.26]
Fixed production cost of each product in each period f: 
[[803, 598, 676, 554, 936, 752, 566, 519, 638, 598], [584, 824, 887, 528, 742, 708, 907, 885, 774, 684], [952, 587, 845, 735, 743, 708, 517, 562, 564, 870], [816, 939, 715, 509, 987, 584, 624, 860, 788, 972], [976, 994, 979, 508, 874, 859, 851, 708, 618, 790], [733, 646, 816, 815, 857, 655, 694, 505, 722, 616], [666, 638, 729, 831, 530, 571, 794, 503, 563, 902], [505, 795, 539, 746, 844, 718, 703, 648, 887, 669], [933, 667, 811, 574, 872, 626, 903, 850, 873, 611], [778, 579, 817, 789, 935, 831, 991, 990, 522, 723], [645, 560, 964, 913, 731, 602, 594, 835, 938, 600], [607, 685, 552, 671, 857, 955, 772, 896, 931, 697], [997, 686, 583, 616, 550, 951, 859, 784, 835, 626], [770, 922, 586, 539, 734, 566, 948, 870, 612, 794], [832, 872, 525, 986, 542, 645, 505, 690, 745, 646], [569, 935, 635, 783, 923, 947, 620, 604, 984, 697], [622, 857, 758, 504, 673, 903, 699, 921, 524, 773], [871, 632, 687, 526, 954, 719, 763, 741, 726, 993], [828, 817, 796, 687, 795, 778, 886, 672, 538, 714], [772, 980, 652, 948, 634, 530, 500, 798, 672, 854], [505, 872, 578, 556, 626, 625, 605, 596, 630, 713], [788, 690, 909, 548, 542, 923, 983, 695, 880, 726], [619, 597, 575, 560, 524, 735, 833, 717, 618, 989], [805, 851, 610, 690, 550, 606, 513, 520, 580, 676], [530, 659, 839, 725, 763, 927, 591, 933, 739, 572]]
Variable production cost per unit of each product in each period p: 
[[11, 13, 11, 11, 11, 12, 11, 13, 12, 12], [12, 12, 10, 12, 12, 13, 11, 10, 11, 12], [13, 10, 13, 13, 11, 11, 13, 12, 12, 11], [13, 11, 10, 13, 10, 12, 11, 13, 11, 10], [12, 10, 13, 13, 12, 11, 10, 13, 12, 13], [10, 12, 11, 13, 13, 13, 11, 13, 11, 10], [11, 11, 13, 12, 13, 11, 13, 13, 10, 11], [12, 11, 10, 10, 11, 10, 10, 13, 13, 12], [11, 13, 13, 11, 11, 10, 10, 12, 11, 13], [12, 10, 12, 13, 12, 10, 13, 12, 10, 11], [12, 10, 13, 10, 11, 11, 10, 13, 11, 11], [10, 10, 13, 11, 12, 12, 12, 12, 11, 13], [11, 13, 13, 11, 13, 12, 12, 12, 12, 13], [10, 13, 10, 11, 10, 13, 10, 10, 10, 12], [12, 10, 11, 10, 13, 10, 12, 11, 11, 12], [13, 11, 11, 12, 11, 10, 11, 10, 11, 12], [11, 10, 12, 13, 11, 11, 10, 12, 13, 12], [12, 11, 10, 12, 13, 10, 12, 13, 13, 10], [12, 10, 11, 11, 13, 11, 11, 10, 12, 10], [12, 13, 10, 12, 13, 12, 11, 13, 13, 13], [13, 10, 11, 10, 12, 13, 13, 11, 13, 12], [12, 13, 10, 13, 10, 10, 11, 12, 11, 10], [10, 11, 10, 11, 12, 10, 12, 12, 11, 12], [11, 12, 13, 10, 11, 12, 12, 13, 11, 11], [13, 12, 11, 10, 13, 12, 13, 13, 10, 12]]
Inventory holding cost per unit of each product by the end of each period h: 
[[5, 9, 8, 9, 7, 6, 9, 6, 8, 8], [9, 7, 8, 7, 9, 8, 8, 6, 5, 5], [5, 8, 5, 8, 6, 7, 9, 9, 5, 9], [8, 6, 7, 7, 6, 9, 6, 6, 9, 8], [9, 9, 6, 7, 8, 5, 5, 7, 5, 5], [9, 6, 5, 7, 9, 5, 7, 5, 5, 8], [8, 9, 5, 5, 5, 5, 5, 9, 7, 5], [5, 7, 5, 6, 9, 7, 8, 6, 8, 9], [9, 6, 8, 7, 7, 7, 7, 6, 6, 7], [9, 6, 6, 5, 7, 7, 9, 8, 8, 9], [9, 6, 7, 9, 7, 9, 5, 9, 7, 5], [5, 5, 8, 6, 8, 7, 7, 5, 6, 8], [8, 7, 8, 7, 5, 5, 8, 7, 8, 8], [9, 5, 9, 9, 9, 6, 6, 5, 7, 6], [8, 9, 7, 7, 9, 5, 9, 8, 6, 5], [9, 9, 7, 5, 9, 7, 8, 9, 9, 5], [9, 7, 7, 8, 9, 7, 7, 5, 9, 9], [9, 8, 8, 5, 7, 6, 6, 5, 6, 7], [9, 8, 9, 8, 8, 7, 7, 7, 7, 7], [6, 5, 5, 5, 9, 7, 5, 9, 8, 5], [8, 9, 9, 8, 6, 6, 8, 7, 6, 5], [6, 9, 7, 7, 5, 9, 5, 8, 7, 9], [7, 7, 5, 5, 5, 5, 9, 6, 7, 5], [8, 6, 9, 5, 7, 9, 7, 8, 8, 5], [6, 6, 7, 7, 7, 9, 8, 6, 5, 7]]
Demand for each product in each period d: 
[[5, 20, 28, 18, 2, 48, 45, 9, 37, 31], [0, 18, 38, 0, 40, 26, 43, 13, 12, 29], [27, 15, 17, 35, 4, 32, 23, 11, 35, 8], [13, 28, 0, 19, 23, 12, 16, 31, 0, 18], [47, 38, 40, 43, 2, 3, 45, 8, 46, 25], [17, 48, 30, 3, 40, 18, 14, 4, 19, 0], [16, 43, 1, 26, 31, 12, 40, 8, 43, 44], [43, 17, 29, 6, 0, 8, 42, 21, 49, 12], [32, 10, 1, 23, 45, 27, 0, 9, 10, 1], [38, 15, 25, 10, 6, 0, 14, 2, 22, 1], [15, 7, 47, 9, 6, 3, 20, 7, 25, 0], [42, 42, 33, 1, 32, 17, 19, 5, 1, 16], [40, 15, 34, 36, 20, 44, 16, 29, 45, 10], [10, 40, 3, 2, 31, 35, 1, 26, 10, 28], [1, 0, 5, 2, 3, 36, 11, 25, 29, 9], [37, 1, 48, 25, 47, 46, 12, 16, 0, 42], [45, 0, 29, 46, 39, 28, 32, 37, 25, 24], [25, 30, 13, 6, 26, 1, 22, 3, 40, 31], [28, 14, 24, 47, 26, 6, 49, 21, 15, 48], [0, 12, 39, 29, 44, 7, 41, 15, 36, 0], [17, 6, 18, 41, 37, 10, 47, 0, 8, 22], [20, 29, 2, 22, 5, 44, 38, 35, 43, 41], [19, 33, 27, 17, 3, 48, 39, 4, 36, 49], [27, 0, 0, 11, 2, 42, 47, 37, 42, 39], [29, 44, 46, 35, 0, 7, 12, 10, 45, 26]]
Maintenance cost in each period m: 
[3404, 2897, 5452, 4172, 4426, 2577, 4331, 3879, 3716, 3628]
Maximum capacity of the machine cmax: 
1000