Set of periods in the planning horizon T: 
25
Set of products P: 
25
Capacity reduction coefficient alpha: 
0.76
Relative decrease of capacity per set up gamma: 
0.29
Capacity reduction coefficient due to product types beta: 
[0.36, 0.3, 0.31, 0.22, 0.27, 0.27, 0.27, 0.25, 0.3, 0.37, 0.35, 0.25, 0.25, 0.32, 0.29, 0.29, 0.28, 0.24, 0.29, 0.26, 0.35, 0.21, 0.26, 0.23, 0.26]
Fixed production cost of each product in each period f: 
[[665, 646, 913, 623, 984, 726, 996, 532, 993, 544, 675, 538, 590, 955, 897, 516, 686, 815, 624, 656, 811, 592, 648, 713, 814], [734, 948, 512, 880, 964, 514, 881, 508, 708, 663, 524, 583, 990, 939, 820, 709, 622, 807, 776, 670, 532, 784, 682, 714, 602], [833, 999, 809, 782, 661, 529, 677, 843, 549, 920, 834, 652, 770, 983, 533, 985, 900, 647, 836, 582, 514, 559, 506, 698, 593], [797, 948, 750, 629, 897, 510, 978, 633, 738, 537, 892, 962, 561, 582, 577, 689, 664, 908, 842, 848, 881, 708, 940, 530, 996], [994, 985, 706, 707, 792, 699, 564, 750, 941, 578, 561, 628, 663, 927, 598, 509, 734, 691, 867, 669, 918, 552, 537, 803, 984], [571, 561, 801, 507, 931, 805, 721, 712, 753, 734, 507, 896, 988, 603, 969, 667, 542, 858, 529, 908, 682, 742, 966, 842, 857], [874, 541, 681, 676, 617, 634, 899, 895, 831, 890, 814, 586, 773, 736, 833, 581, 655, 672, 594, 829, 797, 633, 635, 710, 506], [582, 849, 933, 851, 841, 911, 922, 961, 979, 970, 851, 936, 557, 724, 659, 656, 594, 764, 565, 735, 542, 679, 562, 986, 587], [986, 874, 837, 912, 781, 525, 801, 737, 530, 773, 870, 875, 986, 628, 588, 581, 901, 589, 861, 953, 828, 733, 997, 939, 771], [695, 817, 697, 703, 912, 507, 764, 966, 584, 988, 672, 692, 737, 717, 863, 823, 537, 720, 505, 786, 885, 797, 843, 506, 629], [947, 633, 929, 626, 818, 887, 585, 843, 834, 795, 907, 513, 909, 849, 613, 746, 604, 735, 531, 885, 986, 820, 869, 629, 807], [567, 846, 622, 906, 728, 591, 759, 691, 988, 602, 827, 780, 559, 925, 878, 937, 529, 702, 791, 869, 806, 817, 894, 587, 909], [691, 740, 579, 728, 773, 898, 639, 716, 587, 984, 940, 665, 652, 917, 524, 710, 813, 717, 653, 666, 500, 974, 538, 705, 802], [921, 558, 708, 522, 799, 793, 993, 946, 637, 825, 590, 973, 647, 827, 534, 805, 684, 983, 975, 621, 862, 921, 820, 752, 850], [877, 953, 710, 953, 534, 981, 504, 944, 627, 783, 624, 800, 685, 591, 569, 899, 718, 544, 987, 771, 736, 679, 598, 665, 920], [995, 892, 638, 991, 893, 878, 579, 547, 889, 895, 929, 996, 576, 647, 607, 575, 992, 858, 754, 784, 579, 602, 773, 676, 786], [705, 967, 772, 680, 847, 926, 905, 512, 885, 708, 909, 994, 533, 840, 707, 687, 723, 561, 548, 970, 612, 863, 824, 737, 858], [569, 548, 556, 500, 879, 539, 771, 560, 835, 818, 585, 781, 560, 846, 707, 663, 521, 622, 883, 935, 956, 934, 866, 687, 953], [784, 882, 932, 958, 593, 587, 524, 781, 917, 891, 991, 661, 933, 969, 634, 795, 588, 889, 620, 903, 630, 971, 622, 743, 789], [873, 609, 513, 679, 668, 794, 751, 616, 886, 718, 821, 935, 989, 751, 575, 928, 510, 948, 959, 719, 842, 860, 942, 656, 862], [976, 886, 932, 647, 599, 779, 814, 916, 715, 632, 892, 526, 512, 940, 785, 501, 791, 781, 654, 805, 896, 955, 635, 699, 725], [504, 709, 911, 856, 988, 873, 791, 657, 595, 851, 938, 947, 888, 619, 909, 784, 766, 757, 703, 888, 836, 775, 883, 621, 763], [752, 927, 940, 969, 875, 532, 982, 588, 984, 537, 932, 964, 704, 734, 884, 972, 794, 695, 940, 752, 999, 653, 698, 713, 718], [522, 686, 680, 705, 679, 665, 990, 605, 729, 590, 907, 940, 904, 778, 596, 701, 952, 568, 695, 997, 996, 895, 745, 550, 599], [867, 608, 570, 713, 676, 655, 904, 777, 805, 696, 523, 831, 869, 944, 705, 774, 931, 858, 604, 695, 639, 867, 875, 971, 832]]
Variable production cost per unit of each product in each period p: 
[[10, 13, 10, 10, 12, 12, 12, 10, 10, 12, 13, 13, 12, 11, 10, 10, 10, 10, 10, 10, 13, 13, 11, 10, 12], [10, 10, 11, 10, 10, 12, 12, 12, 11, 13, 12, 13, 10, 12, 11, 10, 13, 13, 11, 11, 13, 10, 11, 10, 10], [12, 10, 12, 12, 12, 10, 13, 10, 12, 12, 10, 12, 13, 10, 13, 10, 13, 13, 13, 10, 12, 12, 10, 11, 11], [13, 12, 11, 10, 13, 10, 10, 13, 13, 13, 12, 13, 11, 12, 12, 11, 10, 11, 13, 13, 10, 12, 12, 12, 13], [12, 12, 12, 10, 12, 10, 10, 12, 12, 13, 11, 13, 13, 10, 10, 13, 11, 12, 10, 10, 11, 13, 12, 11, 11], [13, 10, 12, 11, 11, 11, 10, 12, 11, 13, 13, 10, 12, 12, 13, 13, 12, 13, 13, 10, 13, 13, 12, 12, 10], [11, 13, 11, 10, 10, 11, 10, 12, 12, 11, 12, 13, 10, 13, 11, 10, 13, 12, 13, 13, 13, 10, 10, 10, 11], [12, 10, 13, 11, 13, 12, 13, 11, 10, 12, 11, 11, 10, 12, 12, 12, 11, 10, 13, 12, 10, 11, 13, 13, 11], [10, 13, 10, 10, 10, 12, 10, 12, 12, 12, 11, 13, 12, 11, 12, 13, 12, 10, 13, 13, 13, 10, 11, 10, 12], [11, 12, 13, 10, 10, 13, 11, 13, 11, 13, 11, 13, 10, 10, 10, 12, 10, 10, 10, 10, 13, 12, 10, 13, 12], [11, 12, 10, 12, 12, 11, 11, 10, 13, 13, 12, 12, 11, 11, 12, 13, 10, 13, 10, 12, 13, 12, 11, 13, 11], [13, 11, 11, 13, 12, 13, 10, 12, 10, 10, 12, 12, 11, 13, 10, 10, 12, 10, 10, 10, 12, 13, 13, 10, 13], [13, 13, 11, 10, 11, 10, 13, 13, 10, 12, 12, 11, 12, 13, 13, 10, 13, 10, 13, 11, 10, 11, 12, 11, 11], [11, 13, 11, 12, 13, 12, 12, 11, 13, 12, 12, 12, 13, 12, 10, 10, 10, 11, 12, 12, 11, 10, 13, 11, 12], [12, 10, 10, 13, 12, 12, 13, 13, 11, 11, 11, 10, 13, 10, 10, 13, 13, 11, 12, 13, 12, 11, 10, 11, 11], [10, 11, 12, 10, 13, 11, 10, 12, 11, 13, 10, 11, 12, 10, 13, 12, 10, 10, 13, 13, 13, 11, 12, 12, 11], [12, 11, 12, 10, 13, 12, 12, 13, 13, 10, 10, 11, 12, 13, 11, 12, 11, 10, 13, 13, 11, 12, 11, 12, 11], [10, 13, 12, 13, 13, 13, 11, 11, 13, 12, 11, 11, 12, 11, 12, 13, 10, 10, 10, 10, 12, 13, 12, 13, 10], [10, 12, 10, 10, 10, 12, 13, 12, 11, 12, 12, 10, 10, 12, 12, 12, 10, 11, 11, 10, 12, 12, 11, 13, 13], [11, 11, 12, 10, 11, 10, 11, 10, 11, 13, 10, 10, 10, 13, 10, 13, 10, 10, 13, 12, 12, 13, 13, 10, 10], [11, 10, 11, 13, 13, 10, 10, 12, 10, 13, 13, 11, 12, 11, 11, 13, 10, 11, 11, 11, 11, 12, 11, 12, 11], [13, 13, 13, 11, 13, 13, 10, 12, 12, 11, 12, 10, 11, 13, 11, 12, 10, 10, 12, 13, 11, 10, 10, 11, 11], [13, 13, 12, 10, 12, 12, 10, 13, 12, 13, 11, 10, 10, 12, 13, 13, 13, 11, 11, 12, 13, 10, 12, 13, 10], [11, 11, 12, 11, 11, 10, 12, 13, 12, 11, 10, 12, 11, 10, 12, 10, 10, 11, 13, 11, 13, 10, 11, 13, 11], [10, 11, 11, 13, 10, 12, 11, 12, 12, 12, 13, 12, 11, 13, 10, 13, 13, 13, 11, 11, 11, 11, 12, 12, 13]]
Inventory holding cost per unit of each product by the end of each period h: 
[[6, 5, 7, 9, 5, 9, 9, 5, 8, 6, 5, 7, 5, 9, 9, 8, 7, 5, 5, 7, 5, 6, 8, 9, 5], [7, 7, 9, 5, 9, 6, 8, 5, 9, 8, 7, 5, 9, 9, 8, 7, 8, 9, 7, 7, 9, 7, 8, 5, 9], [6, 6, 8, 5, 6, 9, 8, 9, 9, 7, 9, 7, 5, 5, 7, 9, 7, 5, 7, 8, 5, 8, 9, 5, 8], [6, 9, 8, 7, 5, 9, 9, 9, 5, 6, 9, 7, 8, 9, 6, 9, 6, 8, 5, 6, 8, 5, 8, 7, 8], [8, 5, 7, 9, 5, 5, 6, 8, 5, 5, 7, 9, 9, 5, 9, 8, 7, 9, 6, 8, 9, 5, 8, 9, 6], [7, 9, 5, 5, 7, 7, 7, 9, 5, 6, 6, 8, 7, 6, 9, 7, 7, 8, 6, 8, 8, 6, 8, 8, 8], [7, 7, 7, 8, 6, 5, 5, 7, 9, 7, 6, 5, 8, 7, 6, 5, 9, 9, 5, 5, 9, 8, 8, 9, 9], [6, 8, 5, 6, 8, 5, 6, 5, 8, 7, 9, 8, 9, 6, 8, 9, 6, 8, 7, 7, 9, 5, 9, 8, 9], [5, 8, 7, 8, 7, 7, 5, 8, 5, 5, 8, 7, 5, 9, 5, 7, 9, 8, 6, 9, 8, 6, 6, 9, 8], [8, 6, 9, 8, 9, 9, 8, 7, 6, 7, 8, 8, 8, 8, 5, 8, 6, 5, 6, 7, 6, 6, 8, 8, 6], [5, 9, 8, 8, 5, 9, 7, 6, 9, 5, 6, 8, 8, 6, 5, 8, 7, 7, 7, 5, 9, 6, 9, 5, 6], [6, 9, 6, 6, 6, 7, 5, 8, 5, 7, 7, 7, 7, 5, 7, 7, 5, 8, 8, 7, 7, 9, 6, 7, 7], [8, 5, 6, 6, 9, 6, 9, 5, 6, 7, 7, 8, 5, 5, 6, 6, 9, 7, 5, 9, 6, 5, 6, 7, 9], [5, 7, 5, 8, 8, 7, 9, 8, 6, 7, 8, 5, 5, 8, 6, 7, 9, 7, 8, 6, 9, 6, 6, 6, 5], [7, 7, 6, 5, 5, 6, 6, 5, 9, 5, 5, 5, 6, 6, 8, 6, 5, 5, 5, 9, 9, 7, 9, 8, 7], [8, 9, 8, 7, 8, 5, 7, 5, 6, 7, 8, 9, 9, 6, 6, 9, 5, 5, 7, 7, 9, 7, 5, 5, 6], [8, 9, 8, 6, 5, 5, 9, 6, 6, 8, 8, 6, 8, 8, 6, 7, 6, 9, 9, 9, 8, 6, 8, 8, 7], [8, 6, 9, 7, 7, 9, 5, 9, 7, 9, 8, 7, 5, 8, 7, 7, 6, 8, 5, 5, 5, 5, 7, 9, 8], [9, 5, 5, 8, 9, 8, 9, 7, 5, 5, 9, 6, 7, 5, 8, 6, 5, 8, 8, 7, 9, 5, 8, 8, 5], [8, 8, 7, 5, 8, 7, 7, 5, 7, 5, 7, 9, 8, 8, 6, 9, 7, 5, 8, 5, 7, 5, 5, 5, 6], [7, 5, 5, 7, 7, 9, 7, 9, 9, 8, 8, 5, 8, 9, 7, 5, 8, 6, 5, 7, 6, 9, 8, 7, 8], [8, 6, 5, 9, 8, 9, 8, 8, 8, 5, 6, 6, 8, 5, 8, 9, 6, 5, 7, 6, 5, 8, 9, 9, 9], [5, 9, 8, 9, 9, 5, 7, 8, 6, 5, 6, 6, 7, 7, 8, 7, 6, 5, 5, 8, 6, 5, 9, 6, 6], [7, 5, 7, 7, 6, 9, 7, 8, 7, 5, 7, 5, 8, 6, 7, 7, 5, 8, 5, 8, 8, 7, 9, 8, 8], [6, 9, 9, 8, 6, 6, 6, 9, 7, 9, 9, 8, 6, 9, 7, 7, 9, 7, 9, 6, 7, 5, 9, 5, 8]]
Demand for each product in each period d: 
[[14, 18, 16, 18, 48, 37, 28, 2, 0, 16, 34, 18, 5, 0, 41, 48, 33, 12, 2, 43, 14, 47, 21, 8, 47], [25, 23, 28, 2, 11, 4, 27, 42, 10, 2, 4, 37, 44, 4, 30, 24, 1, 17, 5, 22, 45, 31, 9, 0, 42], [8, 15, 0, 44, 46, 11, 0, 43, 22, 27, 9, 22, 19, 18, 37, 44, 36, 18, 43, 9, 19, 22, 22, 25, 3], [9, 4, 26, 30, 41, 15, 9, 2, 13, 0, 7, 10, 25, 44, 28, 49, 27, 22, 13, 0, 14, 30, 8, 47, 18], [26, 32, 34, 16, 42, 33, 0, 49, 30, 40, 42, 0, 1, 36, 44, 38, 30, 43, 16, 13, 40, 44, 4, 18, 35], [44, 38, 3, 44, 5, 38, 29, 23, 10, 15, 31, 1, 20, 34, 31, 27, 42, 4, 31, 42, 23, 1, 29, 30, 34], [2, 45, 41, 9, 0, 21, 20, 20, 17, 8, 31, 35, 4, 40, 30, 15, 5, 3, 13, 7, 18, 31, 5, 7, 1], [21, 0, 20, 41, 13, 37, 7, 33, 6, 17, 43, 5, 33, 20, 41, 25, 12, 26, 43, 0, 0, 34, 29, 0, 7], [36, 15, 17, 7, 30, 29, 24, 49, 26, 7, 3, 20, 33, 45, 48, 9, 41, 20, 35, 35, 47, 34, 27, 15, 46], [27, 30, 17, 41, 24, 30, 11, 37, 22, 48, 2, 19, 8, 7, 29, 0, 35, 14, 22, 18, 49, 46, 48, 3, 4], [20, 28, 32, 7, 14, 6, 31, 20, 37, 22, 38, 33, 15, 10, 25, 42, 39, 20, 44, 0, 43, 33, 0, 34, 5], [49, 49, 38, 49, 38, 46, 6, 34, 21, 6, 41, 6, 28, 11, 49, 16, 3, 38, 9, 39, 37, 5, 26, 17, 0], [17, 31, 32, 26, 42, 27, 38, 37, 4, 0, 39, 10, 29, 28, 12, 11, 13, 5, 32, 32, 43, 25, 27, 2, 32], [45, 3, 22, 26, 38, 21, 31, 26, 24, 27, 20, 19, 22, 9, 23, 0, 31, 33, 47, 14, 39, 41, 0, 8, 9], [7, 38, 0, 49, 32, 30, 24, 10, 43, 2, 20, 26, 21, 43, 6, 35, 43, 32, 30, 21, 46, 7, 8, 32, 33], [33, 3, 43, 32, 39, 46, 23, 13, 0, 36, 46, 31, 8, 16, 22, 42, 39, 2, 19, 9, 17, 16, 35, 40, 35], [46, 0, 0, 48, 46, 47, 17, 20, 0, 19, 19, 18, 1, 2, 26, 0, 29, 27, 49, 45, 48, 9, 43, 25, 24], [25, 41, 2, 43, 21, 7, 34, 47, 48, 34, 41, 5, 46, 25, 8, 0, 15, 26, 43, 9, 3, 37, 44, 32, 31], [34, 49, 29, 31, 37, 49, 26, 37, 5, 5, 17, 21, 0, 43, 13, 13, 36, 37, 20, 41, 31, 8, 4, 11, 26], [3, 11, 36, 13, 29, 39, 35, 42, 39, 30, 41, 22, 19, 35, 22, 18, 44, 31, 11, 39, 13, 23, 0, 13, 0], [7, 0, 45, 22, 36, 9, 25, 0, 0, 10, 31, 47, 21, 12, 25, 3, 12, 45, 14, 25, 39, 1, 32, 19, 5], [20, 43, 28, 13, 11, 25, 38, 9, 16, 17, 19, 22, 16, 27, 3, 7, 15, 28, 46, 28, 20, 31, 13, 22, 5], [24, 17, 3, 48, 0, 22, 32, 3, 0, 15, 7, 30, 14, 41, 22, 17, 22, 42, 39, 0, 38, 44, 26, 0, 22], [41, 0, 9, 27, 6, 9, 38, 9, 22, 0, 13, 19, 12, 35, 34, 29, 33, 38, 36, 46, 31, 25, 28, 6, 44], [9, 49, 43, 21, 2, 27, 0, 19, 12, 19, 12, 30, 18, 16, 0, 42, 6, 34, 29, 47, 48, 48, 36, 8, 30]]
Maintenance cost in each period m: 
[3101, 5632, 6354, 3822, 3908, 5068, 6763, 5751, 4048, 5806, 2955, 5289, 4691, 3500, 6361, 3170, 4453, 4275, 3912, 4133, 5671, 4142, 3313, 6105, 4121]
Maximum capacity of the machine cmax: 
1075