Set of periods in the planning horizon T: 
15
Set of products P: 
25
Capacity reduction coefficient alpha: 
0.73
Relative decrease of capacity per set up gamma: 
0.31
Capacity reduction coefficient due to product types beta: 
[0.39, 0.35, 0.37, 0.36, 0.39, 0.4, 0.38, 0.25, 0.38, 0.29, 0.22, 0.27, 0.23, 0.28, 0.21, 0.32, 0.35, 0.29, 0.23, 0.35, 0.28, 0.36, 0.32, 0.38, 0.31]
Fixed production cost of each product in each period f: 
[[907, 934, 692, 550, 830, 858, 995, 744, 551, 776, 769, 891, 963, 528, 787], [871, 611, 854, 560, 766, 676, 626, 630, 761, 502, 892, 673, 768, 976, 527], [650, 807, 956, 617, 888, 795, 875, 873, 835, 820, 743, 998, 679, 591, 597], [705, 552, 719, 628, 823, 526, 848, 513, 654, 811, 538, 885, 823, 816, 845], [547, 889, 736, 966, 986, 800, 549, 597, 618, 711, 731, 815, 768, 849, 767], [504, 515, 739, 936, 740, 646, 729, 831, 895, 603, 513, 600, 780, 949, 880], [723, 844, 677, 958, 713, 807, 737, 771, 921, 985, 568, 883, 582, 789, 715], [804, 928, 942, 962, 654, 565, 703, 724, 655, 645, 793, 605, 981, 531, 936], [715, 578, 825, 832, 788, 777, 737, 866, 838, 686, 993, 948, 950, 573, 511], [585, 645, 805, 530, 566, 920, 684, 857, 636, 690, 712, 618, 656, 829, 670], [940, 514, 725, 526, 952, 872, 812, 954, 725, 950, 783, 917, 903, 688, 702], [886, 604, 619, 949, 692, 653, 913, 539, 547, 877, 787, 604, 876, 879, 696], [598, 751, 653, 668, 926, 994, 903, 826, 590, 960, 951, 778, 677, 844, 745], [676, 513, 527, 729, 973, 818, 571, 902, 839, 751, 787, 964, 848, 955, 502], [717, 689, 895, 866, 659, 559, 907, 940, 834, 763, 834, 714, 578, 692, 709], [603, 580, 756, 762, 775, 552, 787, 578, 631, 968, 902, 761, 627, 642, 580], [646, 510, 787, 927, 753, 939, 922, 573, 724, 687, 996, 513, 575, 633, 988], [621, 617, 536, 977, 988, 670, 599, 504, 870, 550, 628, 590, 961, 917, 515], [737, 892, 752, 711, 549, 570, 630, 508, 773, 538, 777, 996, 680, 884, 988], [950, 556, 537, 541, 690, 661, 767, 873, 783, 785, 747, 667, 570, 526, 758], [515, 559, 838, 907, 596, 965, 923, 747, 718, 512, 979, 892, 586, 503, 700], [838, 723, 552, 681, 991, 911, 638, 707, 862, 814, 964, 871, 600, 826, 609], [588, 842, 615, 610, 984, 564, 661, 754, 717, 773, 598, 913, 806, 550, 703], [639, 723, 703, 609, 524, 902, 939, 560, 568, 877, 631, 589, 734, 577, 872], [995, 912, 902, 917, 605, 521, 909, 667, 951, 861, 593, 786, 517, 736, 915]]
Variable production cost per unit of each product in each period p: 
[[11, 11, 11, 13, 12, 13, 11, 11, 11, 11, 12, 12, 10, 13, 12], [12, 10, 12, 10, 12, 11, 10, 12, 11, 12, 10, 13, 13, 13, 11], [11, 12, 11, 13, 12, 10, 11, 13, 13, 11, 13, 12, 12, 10, 11], [13, 13, 11, 12, 13, 13, 10, 13, 12, 13, 13, 12, 11, 13, 11], [13, 12, 12, 12, 13, 12, 10, 10, 12, 10, 12, 13, 11, 10, 12], [13, 10, 13, 11, 10, 13, 10, 13, 10, 11, 12, 12, 13, 12, 10], [10, 10, 13, 12, 13, 11, 12, 11, 10, 11, 11, 10, 12, 10, 12], [13, 13, 11, 10, 11, 11, 10, 11, 13, 10, 11, 13, 11, 10, 10], [12, 10, 11, 10, 10, 12, 11, 12, 11, 11, 11, 13, 10, 10, 13], [12, 13, 12, 12, 11, 10, 12, 10, 13, 10, 12, 10, 13, 13, 13], [10, 13, 13, 13, 12, 12, 10, 10, 13, 11, 12, 12, 13, 13, 12], [10, 12, 11, 13, 13, 12, 13, 12, 11, 12, 11, 11, 13, 13, 12], [13, 13, 13, 13, 13, 12, 13, 13, 13, 13, 12, 12, 13, 13, 10], [10, 11, 10, 10, 13, 12, 12, 12, 12, 12, 13, 12, 11, 11, 10], [13, 12, 10, 10, 11, 10, 12, 13, 12, 12, 11, 11, 10, 10, 10], [12, 12, 10, 12, 11, 13, 13, 12, 13, 12, 10, 13, 13, 12, 13], [12, 13, 13, 12, 13, 13, 13, 12, 11, 12, 12, 11, 12, 12, 11], [13, 13, 13, 10, 11, 10, 13, 11, 12, 11, 12, 13, 10, 11, 13], [10, 10, 12, 12, 11, 10, 11, 10, 13, 10, 13, 10, 11, 12, 13], [10, 11, 11, 11, 12, 11, 10, 10, 11, 12, 10, 10, 11, 11, 12], [10, 13, 10, 11, 13, 10, 12, 13, 13, 13, 10, 11, 11, 12, 12], [12, 10, 12, 11, 13, 11, 10, 12, 11, 10, 10, 11, 11, 12, 12], [10, 11, 13, 13, 11, 13, 11, 12, 13, 11, 11, 11, 13, 10, 13], [11, 10, 10, 10, 10, 10, 13, 10, 10, 12, 12, 10, 13, 10, 13], [12, 13, 11, 12, 11, 12, 10, 10, 13, 10, 10, 13, 12, 10, 13]]
Inventory holding cost per unit of each product by the end of each period h: 
[[7, 6, 9, 5, 6, 7, 6, 6, 6, 6, 5, 5, 7, 5, 6], [5, 9, 8, 9, 9, 6, 5, 7, 8, 8, 8, 9, 7, 9, 8], [7, 8, 7, 5, 9, 5, 7, 6, 5, 7, 7, 8, 6, 7, 8], [8, 8, 6, 5, 7, 5, 5, 8, 9, 5, 5, 9, 8, 9, 9], [5, 7, 8, 6, 6, 9, 8, 7, 9, 9, 7, 9, 8, 6, 6], [5, 9, 9, 7, 7, 6, 9, 6, 8, 8, 6, 7, 9, 6, 9], [6, 7, 8, 7, 9, 9, 5, 7, 6, 7, 5, 9, 7, 7, 7], [9, 5, 7, 8, 7, 7, 9, 7, 5, 6, 9, 7, 9, 9, 8], [9, 9, 7, 5, 6, 8, 9, 5, 7, 9, 6, 8, 5, 9, 5], [5, 9, 8, 7, 5, 9, 7, 8, 5, 8, 5, 6, 8, 7, 9], [6, 7, 8, 5, 5, 5, 9, 8, 5, 6, 7, 8, 6, 9, 5], [6, 6, 5, 7, 6, 9, 5, 8, 5, 9, 7, 8, 7, 7, 5], [6, 6, 9, 8, 5, 9, 5, 8, 5, 9, 9, 8, 8, 9, 9], [6, 5, 6, 5, 7, 9, 7, 8, 6, 6, 8, 7, 6, 6, 8], [8, 5, 5, 5, 6, 5, 8, 7, 6, 8, 9, 9, 7, 5, 9], [7, 6, 8, 5, 8, 9, 6, 8, 8, 6, 7, 7, 6, 5, 7], [7, 7, 5, 6, 5, 6, 7, 6, 9, 9, 5, 9, 6, 5, 6], [6, 8, 9, 5, 5, 7, 9, 6, 5, 6, 9, 5, 7, 9, 9], [5, 6, 7, 7, 5, 9, 6, 9, 6, 8, 9, 9, 8, 7, 6], [7, 8, 8, 9, 7, 9, 5, 5, 6, 5, 6, 7, 5, 6, 7], [7, 5, 6, 5, 5, 5, 9, 6, 7, 5, 5, 5, 9, 9, 8], [9, 5, 7, 8, 5, 8, 7, 9, 8, 6, 6, 8, 8, 9, 9], [7, 7, 8, 5, 5, 6, 5, 5, 5, 9, 9, 5, 9, 8, 7], [6, 8, 5, 9, 7, 7, 8, 8, 7, 9, 7, 6, 5, 9, 6], [5, 9, 8, 7, 7, 9, 9, 7, 9, 7, 6, 6, 6, 7, 8]]
Demand for each product in each period d: 
[[35, 22, 23, 14, 8, 45, 17, 19, 6, 25, 22, 14, 8, 0, 15], [29, 29, 35, 31, 11, 24, 21, 36, 45, 0, 6, 43, 20, 33, 37], [35, 47, 3, 40, 17, 46, 10, 0, 18, 38, 18, 43, 0, 18, 36], [36, 47, 41, 0, 5, 18, 49, 42, 4, 22, 20, 5, 35, 18, 42], [43, 29, 16, 29, 21, 42, 48, 1, 35, 12, 6, 3, 32, 2, 31], [24, 4, 6, 25, 46, 13, 22, 11, 16, 41, 37, 28, 23, 44, 33], [0, 44, 34, 23, 0, 37, 41, 5, 33, 9, 33, 8, 41, 19, 48], [40, 38, 28, 47, 34, 32, 31, 3, 47, 47, 40, 3, 10, 37, 0], [7, 5, 1, 43, 11, 11, 13, 44, 37, 13, 47, 31, 48, 34, 32], [8, 7, 40, 44, 43, 24, 19, 20, 23, 26, 20, 48, 8, 18, 16], [13, 44, 48, 47, 19, 24, 13, 26, 18, 21, 2, 7, 47, 11, 2], [7, 20, 5, 27, 41, 32, 7, 28, 47, 8, 23, 19, 41, 45, 43], [14, 22, 13, 6, 13, 41, 1, 0, 25, 40, 29, 46, 0, 28, 19], [41, 43, 36, 0, 14, 7, 19, 34, 30, 13, 22, 1, 11, 48, 2], [39, 0, 8, 24, 16, 23, 41, 8, 13, 26, 11, 30, 12, 28, 13], [0, 49, 11, 44, 28, 0, 11, 13, 11, 43, 21, 7, 15, 32, 41], [37, 38, 6, 17, 26, 27, 20, 21, 14, 48, 32, 25, 21, 1, 44], [21, 12, 21, 7, 49, 19, 17, 6, 11, 0, 29, 24, 30, 3, 46], [18, 0, 24, 16, 36, 6, 26, 32, 48, 9, 9, 16, 45, 33, 21], [23, 0, 17, 40, 32, 4, 5, 49, 5, 17, 29, 38, 33, 43, 0], [36, 45, 35, 30, 39, 2, 25, 11, 34, 17, 38, 33, 2, 11, 17], [16, 26, 42, 35, 45, 38, 28, 36, 8, 47, 14, 14, 2, 34, 40], [46, 11, 30, 48, 14, 5, 47, 5, 44, 41, 42, 35, 25, 10, 45], [10, 4, 36, 15, 21, 43, 0, 18, 43, 15, 37, 7, 37, 7, 45], [7, 20, 35, 43, 11, 0, 34, 0, 42, 27, 47, 22, 12, 42, 23]]
Maintenance cost in each period m: 
[3629, 4745, 2497, 4135, 2371, 3456, 2757, 4442, 5797, 5985, 4916, 2998, 3264, 5774, 3648]
Maximum capacity of the machine cmax: 
1000