Set of periods in the planning horizon T: 
10
Set of products P: 
25
Capacity reduction coefficient alpha: 
0.81
Relative decrease of capacity per set up gamma: 
0.22
Capacity reduction coefficient due to product types beta: 
[0.35, 0.28, 0.33, 0.35, 0.32, 0.33, 0.21, 0.39, 0.21, 0.2, 0.33, 0.29, 0.28, 0.38, 0.2, 0.3, 0.25, 0.4, 0.31, 0.22, 0.21, 0.37, 0.36, 0.3, 0.26]
Fixed production cost of each product in each period f: 
[[935, 957, 911, 641, 906, 960, 928, 600, 971, 764], [995, 585, 800, 811, 969, 710, 755, 740, 690, 783], [591, 735, 560, 876, 889, 814, 982, 753, 820, 782], [947, 576, 959, 516, 702, 650, 842, 881, 905, 574], [911, 720, 679, 833, 847, 546, 814, 718, 950, 669], [964, 685, 788, 761, 729, 500, 561, 642, 689, 853], [819, 954, 696, 554, 721, 847, 508, 944, 985, 983], [935, 982, 773, 843, 866, 915, 618, 535, 961, 642], [928, 936, 615, 590, 903, 510, 958, 558, 576, 634], [528, 752, 511, 558, 643, 541, 734, 850, 641, 912], [550, 950, 819, 952, 908, 637, 800, 784, 552, 509], [855, 853, 623, 732, 759, 520, 885, 733, 695, 826], [735, 974, 776, 707, 989, 662, 678, 520, 850, 833], [857, 828, 674, 782, 558, 719, 809, 831, 691, 802], [914, 830, 898, 729, 710, 539, 606, 505, 686, 768], [674, 982, 566, 876, 931, 831, 805, 521, 920, 854], [842, 850, 723, 671, 581, 634, 815, 829, 635, 723], [784, 933, 724, 650, 954, 557, 647, 964, 854, 650], [663, 867, 718, 713, 992, 552, 919, 907, 801, 764], [960, 832, 943, 584, 783, 558, 601, 544, 986, 955], [512, 731, 804, 985, 972, 755, 744, 549, 511, 701], [932, 734, 769, 508, 937, 551, 584, 969, 565, 641], [678, 650, 683, 579, 990, 620, 702, 983, 782, 991], [625, 826, 718, 946, 698, 833, 733, 770, 998, 564], [933, 990, 518, 744, 961, 581, 994, 715, 562, 888]]
Variable production cost per unit of each product in each period p: 
[[12, 11, 11, 12, 11, 13, 13, 11, 12, 12], [12, 13, 10, 11, 10, 11, 10, 11, 12, 10], [11, 12, 13, 11, 11, 12, 13, 13, 11, 12], [12, 10, 10, 11, 12, 12, 10, 10, 10, 13], [10, 11, 11, 10, 13, 12, 12, 13, 11, 10], [10, 13, 10, 12, 10, 11, 10, 13, 13, 13], [13, 12, 11, 11, 12, 12, 12, 13, 12, 13], [10, 13, 11, 12, 13, 12, 13, 12, 10, 11], [13, 11, 12, 13, 11, 10, 12, 11, 12, 10], [10, 12, 11, 13, 12, 11, 12, 13, 13, 11], [12, 10, 13, 13, 13, 11, 11, 10, 10, 10], [13, 11, 12, 10, 12, 11, 10, 13, 13, 10], [13, 13, 11, 10, 13, 12, 12, 11, 11, 12], [11, 13, 10, 13, 11, 11, 10, 10, 11, 12], [10, 10, 11, 10, 10, 13, 10, 11, 13, 11], [12, 13, 11, 12, 10, 10, 10, 10, 13, 12], [13, 12, 10, 13, 12, 13, 11, 13, 12, 13], [10, 11, 12, 12, 11, 11, 12, 12, 13, 12], [11, 11, 12, 12, 13, 12, 11, 10, 11, 12], [10, 10, 10, 11, 12, 13, 10, 11, 13, 11], [10, 11, 12, 13, 13, 11, 12, 11, 10, 11], [13, 13, 10, 13, 11, 12, 12, 10, 13, 12], [12, 10, 10, 11, 10, 11, 10, 13, 10, 12], [12, 11, 10, 10, 10, 12, 10, 10, 12, 13], [10, 12, 10, 13, 11, 11, 11, 13, 10, 12]]
Inventory holding cost per unit of each product by the end of each period h: 
[[5, 8, 9, 6, 5, 7, 7, 6, 7, 5], [6, 7, 9, 8, 5, 6, 8, 5, 9, 9], [7, 8, 6, 9, 5, 5, 7, 6, 9, 9], [5, 6, 8, 8, 5, 7, 6, 8, 9, 9], [9, 8, 9, 6, 7, 7, 7, 7, 9, 5], [7, 9, 7, 9, 9, 7, 5, 7, 9, 8], [8, 8, 9, 6, 7, 9, 5, 9, 7, 6], [7, 8, 5, 7, 6, 9, 9, 9, 6, 8], [5, 9, 5, 5, 8, 9, 5, 5, 5, 9], [7, 9, 8, 9, 5, 8, 7, 7, 6, 6], [9, 6, 9, 5, 8, 9, 7, 8, 8, 7], [8, 8, 7, 8, 6, 9, 7, 6, 6, 8], [5, 5, 7, 8, 7, 7, 8, 7, 6, 8], [9, 8, 9, 5, 6, 8, 5, 7, 9, 7], [8, 5, 8, 5, 5, 9, 9, 8, 7, 7], [6, 5, 8, 7, 8, 8, 6, 6, 9, 7], [5, 6, 9, 7, 9, 7, 7, 6, 8, 6], [8, 8, 8, 5, 8, 8, 5, 8, 9, 9], [8, 9, 5, 7, 8, 5, 7, 9, 9, 6], [6, 9, 6, 8, 9, 9, 8, 9, 8, 7], [9, 6, 7, 6, 5, 5, 7, 6, 9, 5], [5, 6, 8, 5, 8, 9, 7, 9, 7, 8], [7, 8, 9, 9, 7, 5, 9, 8, 5, 7], [7, 6, 5, 8, 8, 6, 7, 8, 5, 5], [7, 7, 9, 8, 5, 9, 9, 9, 5, 9]]
Demand for each product in each period d: 
[[8, 2, 43, 10, 3, 5, 0, 37, 12, 9], [39, 20, 39, 32, 19, 21, 27, 23, 26, 16], [20, 43, 41, 38, 23, 43, 35, 32, 45, 18], [38, 47, 8, 5, 34, 42, 8, 48, 30, 24], [2, 0, 30, 33, 16, 12, 0, 38, 15, 22], [37, 40, 16, 48, 40, 47, 15, 27, 23, 25], [2, 25, 39, 45, 14, 9, 29, 49, 26, 39], [13, 46, 1, 15, 33, 9, 5, 30, 6, 30], [33, 37, 0, 23, 33, 42, 26, 20, 12, 4], [15, 33, 41, 19, 1, 10, 1, 25, 44, 33], [47, 23, 16, 32, 10, 44, 9, 37, 41, 32], [44, 38, 22, 44, 12, 32, 6, 24, 24, 41], [33, 28, 7, 10, 12, 24, 41, 4, 45, 33], [0, 17, 0, 30, 27, 30, 17, 2, 25, 19], [0, 1, 11, 32, 9, 48, 5, 47, 49, 42], [3, 9, 3, 6, 0, 8, 43, 25, 15, 33], [23, 42, 48, 13, 7, 21, 21, 44, 1, 16], [16, 37, 0, 30, 27, 0, 0, 4, 42, 28], [2, 1, 18, 7, 5, 23, 18, 44, 32, 15], [26, 4, 40, 12, 3, 47, 21, 11, 8, 15], [15, 38, 23, 2, 18, 0, 27, 0, 35, 7], [19, 32, 10, 39, 30, 23, 43, 29, 0, 37], [3, 13, 30, 19, 5, 13, 19, 12, 6, 3], [30, 14, 25, 22, 31, 20, 6, 18, 12, 16], [38, 3, 3, 38, 42, 9, 11, 21, 21, 9]]
Maintenance cost in each period m: 
[3161, 5557, 5208, 4227, 4987, 4728, 1967, 3437, 3445, 5003]
Maximum capacity of the machine cmax: 
1075