Set of periods in the planning horizon T: 
25
Set of products P: 
25
Capacity reduction coefficient alpha: 
0.71
Relative decrease of capacity per set up gamma: 
0.22
Capacity reduction coefficient due to product types beta: 
[0.36, 0.4, 0.32, 0.26, 0.35, 0.27, 0.25, 0.34, 0.29, 0.23, 0.21, 0.22, 0.26, 0.39, 0.3, 0.28, 0.34, 0.39, 0.28, 0.23, 0.38, 0.22, 0.29, 0.21, 0.2]
Fixed production cost of each product in each period f: 
[[663, 999, 596, 909, 533, 665, 596, 679, 577, 901, 767, 709, 956, 886, 898, 825, 950, 665, 536, 891, 896, 758, 936, 501, 514], [699, 927, 933, 550, 631, 515, 616, 835, 584, 957, 533, 977, 746, 669, 544, 867, 752, 569, 956, 551, 675, 877, 943, 676, 773], [539, 500, 664, 527, 734, 863, 637, 819, 653, 670, 965, 608, 582, 517, 712, 857, 555, 893, 714, 507, 534, 888, 502, 778, 632], [984, 856, 799, 763, 983, 630, 931, 969, 803, 962, 742, 863, 797, 544, 942, 629, 964, 585, 691, 666, 900, 616, 994, 728, 868], [965, 608, 823, 625, 805, 702, 803, 565, 587, 509, 774, 617, 632, 692, 845, 844, 523, 865, 707, 814, 680, 541, 726, 623, 694], [839, 926, 849, 655, 601, 921, 851, 661, 724, 726, 672, 651, 637, 905, 610, 810, 736, 819, 688, 604, 782, 742, 753, 738, 610], [867, 595, 687, 587, 690, 718, 904, 943, 836, 937, 839, 876, 809, 683, 800, 907, 648, 909, 641, 947, 650, 933, 808, 753, 804], [840, 800, 814, 630, 841, 900, 889, 615, 628, 990, 940, 647, 586, 693, 610, 917, 940, 765, 800, 778, 539, 698, 591, 838, 648], [633, 632, 930, 990, 882, 962, 766, 636, 633, 774, 565, 905, 645, 629, 752, 754, 509, 915, 825, 719, 575, 819, 798, 548, 715], [768, 881, 571, 576, 619, 750, 695, 808, 683, 742, 918, 665, 563, 913, 522, 686, 754, 745, 598, 764, 635, 510, 777, 804, 747], [781, 748, 564, 655, 832, 503, 923, 649, 507, 811, 514, 516, 732, 601, 739, 874, 508, 823, 670, 720, 956, 501, 832, 708, 890], [755, 898, 822, 520, 640, 581, 835, 980, 830, 960, 843, 591, 977, 616, 945, 809, 908, 768, 756, 751, 662, 924, 520, 549, 671], [935, 695, 844, 810, 801, 610, 980, 562, 964, 689, 650, 619, 564, 972, 729, 664, 526, 906, 522, 988, 987, 989, 925, 500, 999], [817, 660, 896, 794, 925, 783, 541, 969, 858, 838, 562, 717, 761, 688, 822, 570, 754, 933, 565, 537, 731, 702, 951, 786, 526], [902, 792, 680, 960, 517, 829, 789, 509, 524, 988, 955, 813, 973, 693, 839, 506, 591, 539, 512, 628, 952, 620, 932, 925, 840], [512, 591, 627, 940, 626, 772, 982, 602, 994, 612, 665, 847, 840, 525, 818, 796, 601, 941, 925, 852, 612, 781, 885, 878, 691], [938, 716, 841, 731, 841, 541, 908, 963, 771, 516, 630, 990, 959, 669, 902, 703, 756, 524, 866, 823, 991, 742, 915, 621, 783], [543, 932, 617, 815, 593, 695, 975, 631, 668, 970, 972, 843, 932, 513, 540, 931, 935, 833, 922, 845, 916, 728, 606, 948, 637], [791, 512, 991, 738, 668, 775, 776, 804, 979, 929, 751, 690, 596, 992, 877, 757, 610, 928, 789, 846, 813, 894, 691, 841, 504], [788, 758, 986, 729, 630, 924, 780, 681, 648, 916, 665, 801, 774, 659, 854, 920, 543, 610, 521, 654, 878, 728, 636, 625, 527], [603, 571, 664, 521, 834, 554, 756, 589, 896, 702, 958, 827, 757, 718, 694, 655, 828, 747, 794, 694, 921, 892, 594, 694, 693], [734, 892, 662, 773, 993, 649, 886, 836, 989, 515, 947, 612, 531, 699, 927, 840, 548, 635, 674, 565, 808, 701, 607, 503, 915], [533, 830, 904, 575, 594, 858, 541, 968, 830, 766, 807, 532, 537, 556, 829, 760, 771, 652, 686, 721, 559, 679, 582, 727, 636], [764, 622, 834, 923, 957, 950, 826, 525, 574, 581, 502, 869, 604, 999, 818, 768, 991, 533, 918, 662, 796, 652, 945, 527, 782], [633, 924, 564, 884, 562, 771, 700, 744, 917, 812, 684, 631, 986, 945, 708, 540, 718, 699, 715, 507, 774, 634, 806, 542, 994]]
Variable production cost per unit of each product in each period p: 
[[10, 10, 13, 13, 10, 10, 11, 11, 13, 13, 11, 11, 11, 10, 11, 12, 10, 12, 11, 10, 12, 10, 12, 10, 13], [13, 11, 11, 11, 11, 11, 11, 11, 12, 11, 11, 11, 10, 10, 13, 11, 13, 12, 10, 13, 11, 11, 12, 13, 10], [10, 11, 10, 11, 10, 12, 10, 11, 11, 13, 11, 11, 12, 11, 10, 12, 10, 10, 10, 10, 11, 11, 10, 13, 13], [13, 10, 11, 11, 12, 12, 12, 10, 12, 13, 13, 10, 13, 10, 10, 13, 11, 12, 10, 10, 13, 12, 11, 13, 10], [13, 13, 11, 13, 13, 13, 11, 12, 10, 12, 11, 11, 11, 11, 13, 12, 10, 13, 12, 12, 10, 11, 12, 13, 12], [10, 13, 10, 12, 10, 10, 11, 12, 13, 11, 11, 13, 10, 10, 13, 10, 10, 12, 10, 11, 13, 12, 11, 10, 10], [13, 12, 11, 10, 10, 10, 10, 13, 12, 10, 13, 11, 13, 13, 11, 10, 13, 10, 10, 11, 11, 11, 13, 13, 11], [10, 12, 10, 11, 11, 10, 13, 13, 13, 10, 10, 10, 13, 11, 12, 11, 11, 11, 11, 12, 12, 13, 11, 11, 13], [10, 11, 12, 13, 10, 10, 12, 12, 12, 11, 13, 13, 10, 12, 13, 13, 12, 13, 10, 11, 10, 11, 10, 12, 10], [10, 12, 11, 11, 10, 12, 11, 10, 10, 12, 13, 10, 10, 10, 12, 11, 13, 11, 13, 12, 10, 13, 13, 11, 13], [12, 12, 10, 12, 10, 10, 12, 12, 12, 11, 13, 12, 13, 10, 12, 11, 12, 12, 13, 11, 11, 12, 11, 13, 10], [13, 11, 10, 11, 13, 11, 12, 13, 10, 11, 13, 11, 10, 11, 13, 12, 11, 13, 10, 13, 11, 10, 11, 13, 11], [10, 10, 12, 11, 13, 10, 11, 13, 13, 12, 13, 13, 13, 11, 10, 10, 13, 13, 11, 10, 11, 13, 10, 11, 13], [11, 11, 11, 11, 12, 11, 13, 10, 13, 11, 10, 13, 11, 11, 11, 11, 13, 12, 12, 12, 12, 10, 12, 12, 12], [11, 10, 13, 10, 11, 13, 12, 12, 13, 11, 10, 11, 13, 13, 10, 10, 12, 12, 11, 11, 11, 11, 12, 11, 12], [11, 13, 11, 12, 10, 11, 13, 13, 11, 10, 13, 11, 13, 13, 12, 12, 11, 12, 10, 10, 11, 13, 13, 13, 11], [12, 13, 12, 11, 11, 12, 10, 12, 12, 11, 11, 10, 10, 10, 12, 12, 12, 11, 13, 10, 13, 13, 12, 10, 11], [11, 13, 11, 10, 12, 10, 13, 13, 12, 13, 12, 12, 12, 10, 11, 10, 10, 10, 11, 13, 12, 10, 13, 10, 13], [13, 13, 13, 12, 11, 13, 12, 12, 10, 12, 11, 10, 12, 12, 13, 10, 10, 10, 13, 10, 13, 10, 13, 12, 10], [12, 10, 11, 10, 11, 11, 12, 13, 10, 12, 10, 13, 12, 11, 10, 13, 10, 11, 11, 10, 10, 12, 11, 13, 11], [13, 12, 11, 12, 10, 12, 10, 12, 11, 10, 10, 11, 12, 10, 10, 13, 11, 13, 11, 10, 12, 10, 11, 13, 12], [13, 10, 11, 12, 10, 12, 10, 11, 13, 11, 13, 12, 12, 11, 11, 13, 11, 10, 10, 11, 12, 10, 12, 11, 11], [13, 13, 11, 11, 11, 10, 13, 12, 11, 12, 12, 11, 12, 12, 13, 13, 11, 11, 12, 13, 13, 11, 12, 12, 12], [13, 12, 11, 11, 13, 13, 11, 13, 13, 13, 10, 13, 10, 10, 13, 12, 13, 11, 13, 11, 12, 12, 11, 11, 13], [12, 13, 11, 12, 10, 11, 11, 11, 10, 12, 10, 12, 13, 10, 13, 11, 13, 11, 11, 12, 13, 11, 10, 12, 10]]
Inventory holding cost per unit of each product by the end of each period h: 
[[9, 9, 6, 8, 7, 6, 6, 6, 7, 6, 5, 6, 7, 7, 9, 5, 5, 5, 8, 8, 7, 8, 6, 7, 7], [5, 8, 5, 9, 8, 7, 6, 6, 6, 6, 5, 8, 5, 5, 5, 5, 9, 6, 7, 9, 6, 8, 9, 6, 8], [6, 6, 8, 5, 5, 7, 7, 8, 5, 8, 6, 7, 7, 8, 9, 8, 5, 9, 6, 9, 6, 5, 5, 5, 8], [5, 8, 6, 8, 9, 6, 9, 6, 6, 7, 9, 7, 7, 5, 5, 7, 8, 7, 8, 9, 9, 5, 5, 8, 8], [5, 9, 5, 6, 6, 5, 5, 8, 7, 6, 7, 7, 7, 6, 7, 7, 8, 5, 9, 8, 6, 8, 7, 5, 8], [5, 5, 5, 7, 9, 9, 6, 9, 9, 8, 9, 9, 6, 9, 8, 6, 5, 6, 7, 9, 5, 5, 6, 8, 8], [7, 9, 5, 6, 6, 5, 9, 7, 7, 8, 6, 9, 6, 7, 6, 8, 5, 7, 9, 7, 9, 5, 9, 8, 6], [7, 7, 6, 6, 8, 8, 9, 8, 7, 6, 8, 8, 7, 8, 6, 5, 6, 8, 5, 9, 8, 8, 5, 5, 8], [5, 9, 6, 8, 5, 8, 9, 7, 8, 5, 9, 8, 9, 7, 5, 8, 6, 8, 5, 6, 8, 9, 8, 7, 9], [5, 9, 7, 8, 9, 5, 8, 9, 7, 9, 6, 9, 9, 7, 8, 5, 9, 8, 6, 9, 7, 6, 8, 5, 9], [7, 7, 8, 6, 5, 5, 7, 7, 5, 6, 7, 5, 7, 8, 9, 7, 8, 5, 7, 9, 9, 8, 9, 8, 5], [8, 9, 7, 9, 7, 9, 6, 7, 8, 5, 5, 6, 6, 5, 7, 8, 5, 9, 9, 7, 7, 7, 7, 8, 6], [7, 9, 5, 5, 7, 5, 6, 5, 8, 8, 7, 5, 5, 5, 6, 5, 9, 6, 6, 8, 5, 7, 7, 6, 5], [6, 5, 5, 9, 7, 5, 8, 9, 8, 7, 6, 9, 8, 5, 7, 5, 9, 9, 5, 6, 5, 7, 5, 6, 5], [7, 6, 8, 7, 7, 5, 9, 7, 8, 9, 6, 5, 7, 5, 8, 7, 6, 7, 7, 5, 7, 9, 9, 8, 5], [8, 9, 6, 6, 7, 7, 9, 6, 6, 6, 5, 5, 7, 8, 6, 8, 7, 6, 8, 5, 9, 5, 7, 6, 8], [5, 9, 8, 7, 7, 7, 9, 9, 5, 8, 5, 8, 8, 6, 9, 6, 9, 6, 8, 7, 6, 5, 8, 8, 7], [7, 5, 6, 6, 8, 8, 7, 9, 7, 5, 9, 6, 6, 9, 8, 9, 8, 6, 8, 7, 8, 8, 9, 7, 5], [5, 5, 5, 5, 8, 6, 7, 9, 5, 6, 7, 5, 7, 5, 6, 5, 5, 9, 6, 9, 9, 5, 9, 8, 7], [8, 5, 7, 8, 7, 5, 7, 9, 6, 6, 9, 5, 9, 7, 7, 8, 8, 9, 8, 8, 9, 9, 8, 5, 7], [6, 5, 8, 7, 8, 5, 5, 8, 5, 9, 5, 7, 5, 6, 7, 6, 5, 5, 8, 9, 8, 7, 6, 8, 7], [6, 7, 6, 6, 5, 7, 7, 9, 5, 7, 5, 9, 9, 6, 7, 7, 6, 6, 8, 5, 7, 6, 9, 8, 7], [6, 5, 5, 7, 6, 6, 8, 9, 7, 5, 9, 5, 9, 8, 6, 9, 8, 8, 7, 5, 6, 7, 9, 7, 8], [8, 6, 8, 5, 5, 7, 5, 7, 5, 9, 9, 9, 6, 8, 6, 7, 9, 9, 9, 5, 7, 9, 9, 9, 6], [8, 5, 9, 5, 7, 5, 6, 5, 9, 9, 5, 6, 8, 9, 6, 8, 7, 7, 9, 7, 7, 8, 6, 7, 6]]
Demand for each product in each period d: 
[[23, 34, 5, 38, 31, 19, 10, 45, 37, 34, 5, 34, 9, 31, 37, 22, 0, 11, 8, 0, 7, 11, 20, 30, 49], [0, 33, 1, 49, 32, 30, 1, 40, 32, 39, 30, 19, 5, 28, 6, 31, 1, 21, 33, 46, 21, 6, 24, 18, 4], [8, 12, 38, 49, 19, 46, 31, 30, 49, 7, 0, 11, 11, 15, 49, 4, 29, 16, 27, 24, 48, 35, 30, 43, 0], [37, 5, 28, 13, 33, 46, 26, 46, 33, 12, 41, 15, 24, 30, 45, 23, 39, 5, 9, 49, 44, 38, 3, 14, 2], [10, 30, 30, 4, 42, 24, 4, 48, 10, 0, 11, 6, 15, 33, 14, 47, 19, 45, 24, 23, 47, 37, 32, 47, 29], [22, 35, 49, 42, 43, 0, 14, 14, 21, 6, 44, 41, 35, 37, 28, 17, 42, 38, 4, 32, 22, 34, 41, 16, 43], [48, 27, 13, 10, 46, 33, 38, 1, 14, 13, 21, 2, 48, 10, 5, 45, 35, 18, 45, 4, 0, 34, 43, 21, 7], [49, 10, 0, 39, 21, 11, 21, 17, 47, 31, 11, 40, 48, 16, 30, 25, 45, 34, 34, 49, 24, 38, 15, 22, 15], [7, 3, 36, 1, 44, 40, 38, 17, 10, 24, 6, 14, 0, 33, 15, 19, 4, 22, 41, 11, 46, 43, 10, 39, 38], [46, 11, 18, 21, 37, 30, 46, 10, 0, 3, 1, 8, 36, 17, 21, 0, 40, 13, 25, 39, 45, 39, 28, 47, 37], [27, 23, 19, 36, 33, 37, 19, 1, 46, 0, 44, 17, 8, 3, 40, 18, 26, 17, 9, 20, 4, 30, 0, 35, 0], [31, 14, 40, 41, 29, 25, 30, 19, 10, 6, 14, 39, 24, 19, 36, 35, 0, 0, 9, 6, 27, 27, 0, 31, 44], [26, 15, 45, 0, 17, 25, 0, 9, 47, 27, 31, 16, 41, 5, 0, 17, 25, 34, 14, 19, 37, 36, 24, 36, 31], [46, 24, 32, 21, 22, 5, 24, 32, 20, 0, 7, 23, 13, 41, 30, 35, 14, 30, 25, 7, 41, 31, 26, 15, 30], [12, 11, 37, 48, 44, 42, 6, 46, 47, 17, 32, 9, 0, 17, 2, 28, 0, 7, 39, 0, 0, 22, 28, 23, 0], [6, 33, 13, 41, 22, 47, 12, 0, 7, 46, 19, 36, 3, 34, 49, 13, 43, 28, 4, 37, 12, 0, 33, 9, 7], [1, 12, 0, 0, 8, 24, 31, 19, 14, 0, 47, 41, 4, 19, 10, 17, 2, 37, 1, 22, 32, 45, 18, 47, 0], [15, 20, 33, 14, 12, 7, 16, 14, 24, 15, 23, 0, 15, 0, 22, 36, 20, 0, 29, 35, 38, 10, 31, 44, 20], [0, 18, 40, 15, 17, 19, 0, 8, 27, 30, 29, 3, 44, 17, 13, 23, 21, 0, 26, 27, 1, 37, 0, 19, 3], [39, 13, 42, 42, 6, 29, 32, 23, 10, 32, 22, 0, 25, 42, 38, 25, 32, 40, 11, 27, 6, 12, 8, 1, 12], [9, 1, 13, 18, 1, 36, 4, 0, 23, 5, 6, 4, 23, 5, 24, 13, 20, 48, 11, 45, 14, 0, 0, 20, 17], [24, 26, 44, 36, 0, 0, 22, 39, 48, 44, 0, 5, 17, 49, 19, 24, 14, 1, 5, 46, 7, 17, 35, 36, 6], [5, 36, 48, 16, 0, 34, 4, 23, 15, 29, 34, 42, 3, 0, 37, 11, 48, 37, 4, 14, 39, 0, 39, 23, 3], [38, 16, 31, 5, 0, 9, 16, 1, 34, 11, 25, 33, 17, 49, 25, 27, 13, 15, 39, 17, 33, 10, 25, 38, 10], [47, 28, 4, 47, 18, 23, 0, 13, 39, 11, 24, 10, 16, 46, 22, 0, 46, 16, 38, 0, 12, 35, 11, 0, 27]]
Maintenance cost in each period m: 
[4130, 6853, 4396, 3187, 5445, 6640, 3894, 4553, 6264, 4064, 4161, 5198, 2943, 5029, 5801, 5927, 4440, 4394, 6031, 4392, 5222, 4969, 4551, 4540, 4548]
Maximum capacity of the machine cmax: 
1025