Set of periods in the planning horizon T: 
20
Set of products P: 
25
Capacity reduction coefficient alpha: 
0.79
Relative decrease of capacity per set up gamma: 
0.32
Capacity reduction coefficient due to product types beta: 
[0.32, 0.29, 0.39, 0.26, 0.32, 0.25, 0.33, 0.25, 0.37, 0.31, 0.28, 0.35, 0.31, 0.27, 0.22, 0.26, 0.23, 0.2, 0.21, 0.37, 0.23, 0.39, 0.22, 0.33, 0.38]
Fixed production cost of each product in each period f: 
[[917, 589, 809, 689, 881, 968, 947, 722, 550, 887, 725, 997, 586, 946, 663, 827, 829, 898, 572, 680], [547, 584, 997, 607, 779, 930, 662, 700, 596, 642, 624, 533, 631, 725, 811, 722, 622, 691, 573, 905], [557, 898, 833, 511, 719, 929, 859, 930, 556, 893, 539, 969, 799, 578, 779, 648, 995, 922, 888, 659], [991, 588, 871, 598, 610, 554, 555, 909, 746, 757, 743, 738, 970, 535, 971, 807, 921, 925, 935, 961], [577, 616, 850, 668, 855, 706, 782, 997, 573, 797, 952, 511, 997, 690, 597, 892, 946, 910, 782, 784], [872, 616, 682, 931, 893, 986, 949, 655, 528, 814, 775, 924, 532, 715, 895, 717, 838, 599, 570, 521], [629, 886, 851, 946, 967, 727, 837, 812, 635, 980, 711, 529, 883, 912, 527, 681, 848, 885, 975, 845], [963, 618, 846, 528, 928, 870, 826, 766, 540, 522, 976, 664, 610, 575, 564, 780, 925, 946, 857, 806], [784, 660, 551, 759, 530, 709, 728, 869, 592, 825, 867, 614, 734, 709, 530, 915, 695, 788, 524, 575], [613, 563, 541, 605, 846, 855, 956, 508, 823, 593, 500, 965, 587, 885, 751, 643, 571, 851, 862, 728], [660, 845, 997, 862, 905, 520, 698, 700, 705, 629, 692, 767, 809, 822, 760, 639, 875, 798, 799, 858], [972, 686, 767, 860, 846, 576, 863, 965, 873, 981, 808, 992, 689, 666, 914, 735, 635, 551, 947, 504], [778, 754, 765, 964, 986, 788, 968, 933, 951, 662, 780, 625, 616, 865, 732, 542, 970, 960, 641, 637], [504, 908, 970, 806, 738, 701, 766, 573, 845, 588, 640, 553, 827, 801, 510, 923, 586, 952, 695, 701], [522, 714, 770, 734, 726, 855, 652, 788, 867, 671, 570, 520, 796, 597, 619, 702, 891, 845, 952, 933], [792, 929, 885, 693, 695, 566, 631, 747, 529, 557, 965, 800, 531, 794, 540, 520, 685, 819, 543, 754], [836, 841, 835, 536, 995, 896, 895, 800, 537, 850, 553, 870, 983, 949, 795, 995, 769, 713, 899, 966], [589, 659, 803, 817, 948, 906, 614, 658, 754, 829, 660, 854, 810, 872, 710, 738, 677, 957, 507, 650], [660, 919, 637, 983, 819, 536, 974, 934, 793, 608, 626, 956, 855, 604, 950, 626, 680, 657, 763, 687], [633, 754, 731, 626, 683, 978, 525, 919, 921, 757, 681, 816, 592, 537, 923, 941, 809, 541, 711, 680], [728, 742, 845, 919, 648, 925, 678, 877, 606, 656, 752, 749, 777, 700, 888, 631, 575, 805, 907, 810], [672, 809, 540, 614, 861, 765, 568, 801, 731, 733, 991, 780, 698, 515, 661, 903, 578, 655, 929, 821], [980, 894, 901, 908, 548, 980, 948, 568, 616, 593, 713, 597, 544, 756, 822, 663, 993, 599, 721, 855], [847, 883, 773, 663, 751, 811, 915, 802, 784, 807, 824, 606, 797, 554, 953, 634, 773, 973, 867, 914], [597, 994, 759, 894, 623, 724, 590, 541, 551, 855, 925, 701, 829, 728, 642, 670, 598, 950, 578, 735]]
Variable production cost per unit of each product in each period p: 
[[12, 13, 10, 10, 13, 12, 12, 13, 10, 13, 11, 13, 12, 11, 10, 11, 13, 11, 13, 10], [12, 13, 12, 10, 13, 12, 13, 11, 13, 11, 11, 12, 11, 13, 10, 10, 11, 13, 11, 11], [11, 11, 13, 13, 12, 11, 10, 11, 10, 11, 13, 10, 10, 10, 10, 10, 13, 12, 11, 12], [13, 10, 10, 12, 10, 11, 12, 13, 11, 10, 11, 13, 11, 12, 12, 13, 13, 10, 13, 11], [13, 11, 10, 11, 12, 13, 13, 10, 13, 13, 11, 11, 13, 11, 11, 12, 11, 12, 10, 12], [12, 10, 11, 11, 11, 10, 12, 12, 11, 11, 12, 11, 11, 13, 10, 13, 10, 13, 10, 12], [13, 12, 11, 12, 10, 12, 12, 13, 13, 10, 11, 11, 10, 12, 10, 11, 11, 13, 13, 11], [11, 10, 11, 13, 11, 11, 11, 10, 10, 10, 11, 12, 12, 13, 11, 11, 12, 10, 11, 10], [10, 10, 10, 10, 10, 11, 11, 10, 10, 12, 13, 10, 13, 10, 10, 10, 11, 12, 11, 12], [13, 12, 13, 13, 13, 10, 12, 13, 12, 11, 13, 11, 10, 10, 11, 11, 11, 13, 10, 13], [10, 10, 10, 13, 10, 11, 13, 13, 10, 12, 13, 11, 10, 12, 10, 12, 10, 13, 13, 11], [10, 10, 12, 12, 13, 13, 13, 11, 12, 12, 10, 11, 11, 12, 11, 10, 11, 10, 10, 12], [11, 10, 13, 12, 10, 12, 13, 11, 10, 10, 10, 13, 11, 10, 12, 10, 10, 11, 13, 10], [11, 10, 13, 11, 12, 13, 10, 10, 11, 10, 11, 12, 11, 13, 10, 13, 10, 10, 13, 12], [13, 11, 11, 13, 13, 12, 13, 12, 13, 13, 10, 13, 12, 11, 13, 13, 11, 12, 11, 11], [11, 11, 13, 13, 11, 13, 12, 11, 11, 11, 13, 10, 11, 12, 13, 12, 10, 13, 12, 12], [13, 12, 12, 13, 13, 13, 11, 11, 13, 12, 13, 11, 11, 12, 13, 13, 10, 13, 12, 12], [10, 12, 12, 10, 11, 13, 12, 12, 12, 11, 12, 12, 13, 10, 11, 10, 10, 13, 11, 11], [13, 12, 13, 13, 12, 11, 10, 13, 12, 13, 12, 13, 13, 13, 11, 11, 13, 10, 10, 10], [11, 11, 12, 10, 13, 12, 11, 11, 12, 11, 12, 12, 11, 12, 10, 12, 11, 12, 10, 13], [12, 10, 13, 11, 13, 11, 10, 10, 13, 11, 10, 10, 12, 11, 11, 10, 12, 11, 10, 10], [13, 12, 11, 10, 13, 12, 11, 11, 12, 11, 11, 13, 11, 12, 11, 12, 12, 13, 12, 12], [10, 13, 10, 13, 10, 13, 13, 10, 12, 10, 12, 11, 11, 10, 10, 13, 13, 13, 11, 11], [10, 11, 13, 10, 10, 11, 11, 10, 13, 11, 12, 10, 12, 10, 10, 13, 11, 12, 10, 11], [11, 12, 10, 12, 11, 10, 10, 12, 12, 12, 12, 10, 11, 13, 13, 12, 11, 11, 13, 11]]
Inventory holding cost per unit of each product by the end of each period h: 
[[8, 9, 8, 6, 5, 7, 5, 7, 6, 6, 8, 7, 8, 7, 7, 6, 5, 8, 5, 6], [9, 5, 8, 9, 8, 6, 5, 5, 5, 6, 6, 9, 7, 9, 8, 9, 8, 5, 6, 6], [9, 5, 5, 5, 7, 6, 7, 5, 7, 9, 5, 5, 8, 7, 6, 8, 8, 9, 6, 7], [7, 9, 9, 5, 9, 8, 6, 7, 9, 5, 9, 8, 5, 6, 9, 7, 9, 6, 7, 7], [6, 5, 6, 9, 6, 6, 9, 9, 8, 6, 5, 5, 8, 9, 7, 7, 9, 6, 5, 7], [6, 6, 9, 6, 5, 5, 8, 6, 6, 7, 9, 8, 8, 6, 7, 6, 6, 7, 9, 8], [5, 9, 5, 7, 8, 5, 6, 9, 8, 9, 8, 5, 6, 7, 5, 5, 8, 9, 9, 6], [9, 5, 9, 7, 5, 7, 5, 5, 7, 6, 6, 6, 5, 9, 9, 7, 8, 6, 8, 7], [6, 7, 5, 6, 8, 6, 6, 8, 6, 9, 5, 5, 7, 6, 6, 5, 6, 9, 5, 6], [8, 6, 8, 6, 8, 7, 7, 8, 6, 8, 5, 7, 7, 6, 8, 9, 6, 9, 7, 7], [6, 7, 6, 8, 7, 5, 5, 7, 6, 7, 6, 5, 7, 7, 8, 9, 8, 7, 5, 7], [9, 9, 9, 5, 9, 6, 5, 6, 8, 8, 5, 5, 6, 7, 8, 9, 5, 7, 6, 8], [9, 5, 7, 9, 5, 9, 5, 6, 5, 5, 5, 9, 6, 7, 7, 7, 5, 5, 5, 9], [7, 8, 9, 9, 9, 5, 6, 6, 6, 8, 8, 9, 8, 5, 6, 8, 5, 5, 5, 8], [8, 5, 6, 7, 8, 9, 8, 9, 8, 5, 7, 9, 6, 5, 9, 8, 9, 9, 9, 9], [5, 6, 9, 9, 8, 9, 7, 9, 7, 8, 8, 7, 9, 5, 6, 6, 6, 6, 7, 9], [8, 7, 9, 9, 8, 8, 8, 9, 6, 7, 7, 9, 9, 8, 6, 7, 9, 5, 9, 8], [9, 7, 7, 6, 7, 6, 8, 6, 6, 6, 9, 5, 9, 7, 9, 7, 9, 5, 8, 5], [8, 8, 8, 9, 5, 8, 8, 9, 6, 8, 9, 5, 6, 7, 8, 5, 6, 5, 5, 5], [7, 6, 7, 7, 5, 9, 7, 6, 7, 7, 5, 8, 9, 6, 5, 8, 5, 9, 5, 9], [6, 6, 7, 6, 7, 7, 9, 9, 7, 8, 9, 7, 9, 5, 7, 8, 6, 6, 9, 7], [6, 6, 8, 5, 9, 9, 6, 9, 6, 5, 9, 6, 6, 8, 5, 6, 9, 9, 7, 7], [8, 9, 6, 8, 8, 8, 7, 9, 8, 6, 7, 5, 8, 7, 5, 5, 5, 9, 9, 8], [6, 7, 8, 5, 5, 5, 8, 8, 5, 7, 9, 9, 7, 7, 9, 9, 9, 8, 6, 9], [6, 6, 7, 5, 9, 8, 8, 7, 7, 9, 6, 9, 5, 9, 9, 8, 5, 8, 8, 6]]
Demand for each product in each period d: 
[[37, 18, 4, 40, 18, 38, 1, 33, 26, 28, 39, 0, 23, 46, 24, 36, 49, 39, 8, 20], [29, 30, 7, 26, 9, 15, 17, 5, 12, 34, 15, 25, 5, 10, 34, 8, 47, 27, 9, 29], [19, 0, 12, 11, 39, 47, 30, 15, 5, 26, 22, 18, 21, 0, 37, 37, 49, 41, 46, 17], [41, 21, 49, 49, 20, 8, 7, 15, 16, 9, 7, 41, 49, 29, 34, 2, 20, 38, 8, 32], [42, 2, 0, 44, 10, 7, 0, 16, 30, 13, 13, 27, 1, 10, 40, 29, 0, 8, 45, 13], [13, 23, 43, 38, 21, 28, 14, 39, 19, 8, 8, 3, 36, 7, 4, 45, 39, 36, 10, 41], [5, 32, 0, 18, 9, 2, 36, 16, 23, 8, 24, 21, 49, 32, 22, 29, 44, 27, 31, 18], [24, 49, 21, 8, 16, 47, 18, 15, 8, 13, 8, 40, 27, 29, 31, 0, 49, 28, 12, 4], [14, 13, 33, 5, 21, 4, 4, 19, 8, 38, 7, 1, 31, 0, 44, 23, 14, 38, 40, 16], [9, 3, 14, 49, 11, 19, 36, 44, 37, 31, 25, 41, 39, 14, 35, 44, 26, 27, 20, 5], [38, 20, 6, 27, 48, 0, 17, 28, 37, 40, 43, 40, 9, 5, 44, 2, 43, 35, 9, 41], [41, 42, 11, 6, 14, 42, 7, 37, 23, 17, 36, 18, 31, 19, 26, 12, 29, 42, 41, 10], [14, 10, 36, 30, 1, 6, 49, 23, 2, 36, 35, 25, 34, 7, 21, 37, 6, 18, 44, 47], [18, 1, 18, 2, 45, 35, 37, 45, 23, 49, 25, 7, 15, 0, 47, 30, 13, 13, 12, 8], [35, 49, 11, 12, 13, 2, 44, 16, 20, 0, 24, 21, 44, 48, 21, 14, 23, 0, 11, 27], [38, 12, 46, 28, 32, 10, 15, 14, 14, 44, 21, 0, 9, 4, 37, 6, 39, 31, 32, 22], [17, 40, 40, 11, 15, 25, 38, 14, 25, 19, 36, 1, 34, 6, 0, 13, 8, 7, 25, 13], [0, 41, 30, 47, 42, 18, 38, 40, 0, 24, 1, 18, 32, 3, 41, 33, 35, 5, 4, 14], [12, 13, 35, 34, 15, 35, 23, 16, 8, 40, 21, 27, 21, 11, 26, 8, 9, 45, 11, 0], [35, 25, 0, 0, 0, 44, 47, 0, 15, 12, 12, 25, 13, 20, 20, 14, 38, 33, 33, 17], [19, 28, 14, 29, 11, 28, 14, 46, 12, 35, 5, 0, 0, 36, 16, 7, 0, 21, 29, 27], [30, 6, 11, 10, 6, 0, 2, 18, 44, 35, 35, 11, 6, 27, 46, 7, 21, 33, 49, 19], [48, 31, 23, 11, 47, 35, 37, 7, 29, 41, 0, 0, 4, 4, 19, 41, 12, 7, 19, 28], [49, 28, 32, 0, 18, 26, 12, 22, 1, 6, 32, 31, 28, 37, 8, 0, 27, 41, 33, 9], [28, 33, 25, 8, 16, 6, 6, 4, 2, 23, 4, 32, 13, 43, 13, 7, 29, 6, 16, 24]]
Maintenance cost in each period m: 
[2837, 5252, 2663, 4357, 3336, 5336, 5457, 2857, 3366, 2511, 3591, 4066, 3135, 2748, 3838, 5104, 3902, 6201, 3990, 2910]
Maximum capacity of the machine cmax: 
1175