p = 30
t = 25

Essai pour compilation

  9.878101 seconds (20.34 M allocations: 1.135 GiB, 4.90% gc time, 94.98% compilation time: 2% of which was recompilation)

------------------------------INSTANCE 1----------------------------

ALGORITHME GÉNÉTIQUE
len_pop = 30
Nbr_iteration = 1500
---------RUN 1----------
 57.568358 seconds (575.97 M allocations: 13.382 GiB, 2.66% gc time, 0.02% compilation time)
best_sol = 581301.9872
Nombre de maintenance = 6
Feasibility of solution : true
Maintenance : [1, 0, 0, 0, 0, 0, 1, 0, 0, 0, 1, 0, 0, 0, 1, 0, 0, 1, 0, 0, 0, 1, 0, 0, 0]
Surplus : [0.0, 0.0, 0.0, 0.0, 0.0, 0.0, 0.0, 0.0, 0.0, 0.0, 0.0, 0.0, 0.0, 0.0, 0.0, 0.0, 0.0, 0.0, 0.0, 0.0, 0.0, 0.0, 0.0, 0.0, 0.0]
Any[12, 11, 10, 13, 12, 11, 9, 12, 12, 8, 12, 12, 13, 11, 11, 11, 12, 11, 9, 11, 12, 10, 11, 12, 11, 11, 11, 12, 11, 12]

------------------------------INSTANCE 2----------------------------

ALGORITHME GÉNÉTIQUE
len_pop = 30
Nbr_iteration = 1500
---------RUN 1----------
 60.407907 seconds (596.09 M allocations: 13.757 GiB, 3.22% gc time)
best_sol = 577763.3839999998
Nombre de maintenance = 6
Feasibility of solution : true
Maintenance : [1, 0, 0, 0, 1, 0, 0, 0, 1, 0, 0, 0, 0, 0, 1, 0, 0, 0, 1, 0, 0, 0, 0, 1, 0]
Surplus : [0.0, 0.0, 0.0, 0.0, 0.0, 0.0, 0.0, 0.0, 0.0, 0.0, 0.0, 0.0, 0.0, 0.0, 0.0, 0.0, 0.0, 0.0, 0.0, 0.0, 0.0, 0.0, 0.0, 0.0, 0.0]
Any[12, 11, 11, 10, 15, 12, 11, 9, 13, 13, 14, 8, 11, 11, 12, 13, 13, 10, 13, 12, 13, 14, 12, 14, 13, 9, 11, 12, 15, 15]

------------------------------INSTANCE 3----------------------------

ALGORITHME GÉNÉTIQUE
len_pop = 30
Nbr_iteration = 1500
---------RUN 1----------
 62.768017 seconds (593.01 M allocations: 13.685 GiB, 3.32% gc time)
best_sol = 582147.568
Nombre de maintenance = 6
Feasibility of solution : true
Maintenance : [1, 0, 0, 0, 1, 0, 0, 1, 0, 0, 1, 0, 0, 0, 0, 1, 0, 0, 0, 1, 0, 0, 0, 0, 0]
Surplus : [0.0, 0.0, 0.0, 0.0, 0.0, 0.0, 0.0, 0.0, 0.0, 0.0, 0.0, 0.0, 0.0, 0.0, 0.0, 0.0, 0.0, 0.0, 0.0, 0.0, 0.0, 0.0, 0.0, 0.0, 0.0]
Any[13, 10, 12, 12, 10, 11, 12, 9, 14, 9, 10, 11, 11, 14, 12, 13, 10, 11, 13, 12, 12, 13, 9, 9, 15, 13, 14, 12, 9, 11]

------------------------------INSTANCE 4----------------------------

ALGORITHME GÉNÉTIQUE
len_pop = 30
Nbr_iteration = 1500
---------RUN 1----------
 62.951489 seconds (595.34 M allocations: 13.951 GiB, 3.48% gc time)
best_sol = 608807.2896
Nombre de maintenance = 6
Feasibility of solution : true
Maintenance : [1, 0, 0, 0, 0, 0, 1, 0, 0, 0, 1, 0, 1, 0, 0, 0, 1, 0, 0, 1, 0, 0, 0, 0, 0]
Surplus : [0.0, 0.0, 0.0, 0.0, 0.0, 0.0, 0.0, 0.0, 0.0, 0.0, 0.0, 0.0, 0.0, 0.0, 0.0, 0.0, 0.0, 0.0, 0.0, 0.0, 0.0, 0.0, 0.0, 0.0, 0.0]
Any[10, 11, 11, 12, 15, 11, 11, 12, 12, 12, 10, 12, 11, 11, 12, 10, 11, 10, 10, 9, 13, 10, 13, 12, 12, 13, 13, 12, 13, 12]

------------------------------INSTANCE 5----------------------------

ALGORITHME GÉNÉTIQUE
len_pop = 30
Nbr_iteration = 1500
---------RUN 1----------
 57.579363 seconds (571.25 M allocations: 13.176 GiB, 3.67% gc time)
best_sol = 578354.912
Nombre de maintenance = 6
Feasibility of solution : true
Maintenance : [1, 0, 0, 0, 1, 0, 0, 0, 1, 0, 0, 0, 1, 0, 0, 1, 0, 0, 0, 1, 0, 0, 0, 0, 0]
Surplus : [0.0, 0.0, 0.0, 0.0, 0.0, 0.0, 0.0, 0.0, 0.0, 0.0, 0.0, 0.0, 0.0, 0.0, 0.0, 0.0, 0.0, 0.0, 0.0, 0.0, 0.0, 0.0, 0.0, 0.0, 0.0]
Any[11, 12, 10, 9, 13, 11, 11, 10, 11, 12, 8, 11, 10, 12, 15, 10, 11, 9, 8, 13, 12, 14, 8, 12, 12, 13, 10, 14, 12, 12]

------------------------------INSTANCE 6----------------------------

ALGORITHME GÉNÉTIQUE
len_pop = 30
Nbr_iteration = 1500
---------RUN 1----------
 63.813555 seconds (580.94 M allocations: 13.546 GiB, 3.49% gc time)
best_sol = 564579.8
Nombre de maintenance = 5
Feasibility of solution : true
Maintenance : [1, 0, 0, 0, 0, 1, 0, 0, 0, 0, 1, 0, 0, 0, 0, 1, 0, 0, 0, 1, 0, 0, 0, 0, 0]
Surplus : [0.0, 0.0, 0.0, 0.0, 0.0, 0.0, 0.0, 0.0, 0.0, 0.0, 0.0, 0.0, 0.0, 0.0, 0.0, 0.0, 0.0, 0.0, 0.0, 0.0, 0.0, 0.0, 0.0, 0.0, 0.0]
Any[11, 7, 9, 11, 10, 13, 8, 8, 8, 9, 10, 9, 9, 8, 13, 11, 10, 10, 10, 10, 11, 11, 11, 10, 9, 11, 8, 10, 10, 9]

------------------------------INSTANCE 7----------------------------

ALGORITHME GÉNÉTIQUE
len_pop = 30
Nbr_iteration = 1500
---------RUN 1----------
 61.943261 seconds (581.55 M allocations: 13.391 GiB, 3.74% gc time)
best_sol = 586964.0
Nombre de maintenance = 6
Feasibility of solution : true
Maintenance : [1, 0, 0, 1, 0, 0, 1, 0, 0, 0, 1, 0, 0, 0, 0, 1, 0, 0, 0, 1, 0, 0, 0, 0, 0]
Surplus : [0.0, 0.0, 0.0, 0.0, 0.0, 0.0, 0.0, 0.0, 0.0, 0.0, 0.0, 0.0, 0.0, 0.0, 0.0, 0.0, 0.0, 0.0, 0.0, 0.0, 0.0, 0.0, 0.0, 0.0, 0.0]
Any[13, 12, 14, 14, 16, 14, 15, 8, 13, 8, 13, 11, 12, 12, 13, 13, 11, 10, 13, 12, 12, 12, 13, 12, 12, 13, 11, 10, 11, 12]

------------------------------INSTANCE 8----------------------------

ALGORITHME GÉNÉTIQUE
len_pop = 30
Nbr_iteration = 1500
---------RUN 1----------
 65.011180 seconds (584.25 M allocations: 13.450 GiB, 3.61% gc time)
best_sol = 570875.2736
Nombre de maintenance = 5
Feasibility of solution : true
Maintenance : [1, 0, 0, 0, 1, 0, 0, 1, 0, 0, 0, 0, 1, 0, 0, 0, 0, 0, 1, 0, 0, 0, 0, 0, 0]
Surplus : [0.0, 0.0, 0.0, 0.0, 0.0, 0.0, 0.0, 0.0, 0.0, 0.0, 0.0, 0.0, 0.0, 0.0, 0.0, 0.0, 0.0, 0.0, 0.0, 0.0, 0.0, 0.0, 0.0, 0.0, 0.0]
Any[10, 12, 10, 9, 12, 12, 10, 10, 10, 12, 11, 15, 10, 9, 11, 14, 11, 12, 13, 10, 8, 10, 11, 11, 9, 10, 10, 12, 13, 12]

------------------------------INSTANCE 9----------------------------

ALGORITHME GÉNÉTIQUE
len_pop = 30
Nbr_iteration = 1500
---------RUN 1----------
 65.138237 seconds (591.47 M allocations: 13.823 GiB, 3.77% gc time)
best_sol = 580903.6799999999
Nombre de maintenance = 5
Feasibility of solution : true
Maintenance : [1, 0, 0, 0, 1, 0, 0, 0, 0, 0, 1, 0, 0, 0, 1, 0, 0, 0, 0, 1, 0, 0, 0, 0, 0]
Surplus : [0.0, 0.0, 0.0, 0.0, 0.0, 0.0, 0.0, 0.0, 0.0, 0.0, 0.0, 0.0, 0.0, 0.0, 0.0, 0.0, 0.0, 0.0, 0.0, 0.0, 0.0, 0.0, 0.0, 0.0, 0.0]
Any[11, 10, 11, 11, 11, 11, 9, 12, 11, 10, 11, 8, 12, 10, 10, 12, 11, 9, 10, 12, 11, 10, 12, 12, 10, 12, 10, 9, 11, 11]

------------------------------INSTANCE 10----------------------------

ALGORITHME GÉNÉTIQUE
len_pop = 30
Nbr_iteration = 1500
---------RUN 1----------
 63.048331 seconds (598.17 M allocations: 13.904 GiB, 4.00% gc time)
best_sol = 599119.24
Nombre de maintenance = 6
Feasibility of solution : true
Maintenance : [1, 0, 0, 1, 0, 0, 1, 0, 0, 0, 1, 0, 0, 0, 1, 0, 0, 0, 0, 1, 0, 0, 0, 0, 0]
Surplus : [0.0, 0.0, 0.0, 0.0, 0.0, 0.0, 0.0, 0.0, 0.0, 0.0, 0.0, 0.0, 0.0, 0.0, 0.0, 0.0, 0.0, 0.0, 0.0, 0.0, 0.0, 0.0, 0.0, 0.0, 0.0]
Any[11, 15, 10, 11, 12, 12, 8, 12, 14, 10, 14, 12, 10, 10, 13, 12, 16, 9, 12, 11, 15, 10, 15, 11, 11, 11, 13, 14, 10, 14]
