Set of periods in the planning horizon T: 
20
Set of products P: 
80
Capacity reduction coefficient alpha: 
0.75
Relative decrease of capacity per set up gamma: 
0.22
Capacity reduction coefficient due to product types beta: 
[0.36, 0.35, 0.26, 0.23, 0.37, 0.36, 0.22, 0.39, 0.29, 0.38, 0.38, 0.39, 0.27, 0.26, 0.36, 0.32, 0.29, 0.22, 0.37, 0.23, 0.28, 0.34, 0.24, 0.37, 0.3, 0.25, 0.37, 0.31, 0.33, 0.24, 0.29, 0.28, 0.34, 0.38, 0.26, 0.34, 0.26, 0.39, 0.4, 0.33, 0.31, 0.28, 0.22, 0.26, 0.38, 0.38, 0.23, 0.3, 0.37, 0.32, 0.33, 0.34, 0.26, 0.34, 0.25, 0.39, 0.24, 0.27, 0.3, 0.28, 0.26, 0.34, 0.27, 0.37, 0.25, 0.23, 0.36, 0.36, 0.3, 0.38, 0.26, 0.38, 0.26, 0.35, 0.22, 0.4, 0.36, 0.36, 0.27, 0.27]
Fixed production cost of each product in each period f: 
[[786, 848, 259, 926, 879, 750, 443, 361, 578, 437, 929, 862, 917, 984, 775, 574, 808, 570, 829, 835], [238, 588, 906, 795, 777, 819, 626, 312, 693, 808, 407, 722, 652, 439, 882, 236, 326, 405, 846, 211], [970, 301, 999, 588, 900, 884, 295, 980, 219, 428, 688, 387, 548, 485, 641, 794, 212, 461, 994, 845], [714, 281, 752, 742, 871, 820, 856, 991, 808, 515, 417, 501, 290, 588, 740, 899, 301, 249, 425, 389], [763, 567, 587, 805, 523, 218, 549, 377, 915, 905, 538, 478, 701, 697, 258, 268, 549, 360, 815, 703], [257, 773, 624, 355, 977, 813, 460, 937, 671, 815, 637, 234, 318, 421, 304, 949, 574, 581, 282, 223], [860, 281, 791, 520, 697, 769, 552, 580, 266, 657, 518, 784, 779, 985, 562, 671, 907, 295, 635, 797], [722, 210, 819, 453, 360, 476, 796, 375, 843, 690, 715, 398, 252, 380, 513, 497, 378, 283, 507, 362], [844, 717, 536, 513, 494, 301, 838, 843, 901, 326, 699, 599, 612, 651, 399, 939, 243, 907, 466, 851], [901, 991, 690, 449, 972, 900, 250, 740, 627, 439, 615, 496, 579, 696, 580, 796, 897, 912, 752, 593], [860, 374, 205, 688, 421, 509, 643, 877, 560, 730, 564, 603, 962, 716, 964, 447, 573, 968, 735, 405], [893, 542, 327, 205, 570, 430, 232, 479, 317, 656, 599, 565, 734, 655, 564, 718, 565, 935, 904, 349], [477, 288, 416, 741, 706, 439, 308, 369, 806, 206, 244, 217, 942, 516, 568, 311, 648, 880, 377, 476], [349, 354, 791, 791, 796, 792, 227, 266, 926, 346, 556, 710, 500, 210, 230, 507, 443, 317, 446, 362], [246, 293, 658, 965, 960, 228, 207, 937, 360, 964, 515, 721, 854, 630, 455, 367, 723, 531, 747, 380], [484, 783, 500, 546, 844, 611, 602, 895, 799, 805, 904, 371, 569, 685, 774, 658, 320, 373, 533, 985], [394, 904, 870, 332, 969, 701, 684, 861, 948, 527, 662, 536, 320, 785, 738, 946, 660, 297, 945, 247], [350, 529, 528, 943, 618, 318, 715, 802, 264, 557, 978, 767, 509, 995, 732, 617, 944, 320, 655, 985], [943, 889, 288, 566, 804, 936, 608, 721, 943, 885, 474, 725, 455, 509, 651, 798, 490, 346, 432, 651], [594, 930, 816, 614, 367, 870, 896, 521, 556, 339, 365, 996, 218, 512, 605, 478, 636, 810, 876, 554], [306, 349, 424, 927, 948, 832, 732, 301, 802, 301, 202, 372, 208, 467, 548, 749, 283, 783, 851, 261], [809, 700, 718, 916, 523, 789, 206, 380, 355, 657, 397, 573, 721, 682, 415, 921, 253, 267, 868, 988], [337, 685, 339, 282, 683, 901, 490, 685, 515, 522, 422, 319, 202, 298, 870, 441, 566, 418, 702, 460], [834, 889, 838, 518, 262, 477, 810, 914, 670, 540, 990, 289, 334, 690, 392, 263, 745, 760, 338, 581], [287, 389, 677, 811, 338, 487, 396, 314, 942, 431, 950, 807, 215, 843, 760, 981, 298, 950, 841, 391], [719, 599, 480, 734, 777, 797, 380, 306, 919, 461, 933, 574, 572, 850, 841, 846, 797, 590, 838, 417], [886, 455, 371, 358, 276, 596, 659, 344, 383, 509, 678, 324, 319, 769, 797, 805, 922, 578, 354, 217], [586, 207, 483, 823, 708, 204, 517, 874, 688, 207, 287, 833, 748, 551, 516, 503, 520, 548, 469, 261], [325, 947, 549, 703, 526, 590, 815, 237, 667, 797, 464, 410, 636, 370, 848, 726, 601, 593, 673, 319], [831, 591, 935, 244, 510, 678, 502, 310, 805, 827, 497, 761, 360, 755, 511, 834, 770, 997, 510, 924], [459, 441, 258, 331, 378, 216, 640, 350, 705, 395, 948, 631, 334, 917, 203, 630, 562, 660, 234, 386], [472, 424, 815, 313, 259, 422, 984, 246, 800, 842, 457, 790, 688, 342, 902, 386, 545, 624, 786, 824], [805, 429, 384, 914, 948, 593, 245, 482, 891, 234, 432, 939, 740, 337, 669, 295, 718, 485, 452, 377], [310, 853, 570, 454, 359, 960, 610, 521, 303, 909, 214, 379, 639, 645, 954, 473, 950, 315, 244, 524], [385, 750, 205, 675, 289, 770, 296, 666, 263, 243, 233, 757, 795, 636, 562, 359, 766, 632, 629, 906], [395, 605, 327, 546, 730, 809, 552, 597, 299, 523, 748, 353, 634, 244, 632, 615, 908, 757, 202, 818], [899, 724, 929, 846, 506, 540, 207, 494, 763, 686, 945, 399, 503, 656, 986, 985, 771, 717, 201, 570], [708, 543, 479, 331, 916, 273, 702, 519, 443, 206, 822, 970, 474, 679, 447, 420, 481, 855, 433, 260], [983, 303, 641, 591, 234, 305, 348, 572, 890, 771, 771, 844, 952, 961, 220, 789, 977, 293, 590, 379], [930, 229, 252, 388, 489, 566, 316, 557, 589, 738, 948, 272, 894, 748, 728, 437, 889, 431, 511, 791], [391, 906, 312, 677, 982, 244, 562, 433, 316, 488, 515, 356, 251, 381, 732, 261, 546, 384, 815, 706], [626, 970, 990, 351, 236, 715, 919, 953, 412, 698, 913, 367, 752, 210, 991, 476, 759, 847, 510, 727], [878, 271, 753, 338, 959, 767, 788, 445, 527, 735, 724, 696, 378, 894, 443, 589, 511, 848, 924, 934], [702, 302, 496, 615, 216, 752, 452, 393, 772, 667, 450, 324, 414, 921, 790, 596, 678, 480, 304, 746], [240, 898, 703, 677, 506, 710, 513, 309, 381, 321, 410, 329, 498, 264, 323, 590, 662, 526, 372, 373], [763, 409, 328, 891, 793, 514, 256, 905, 666, 704, 520, 235, 313, 981, 227, 392, 440, 581, 463, 563], [885, 579, 953, 307, 544, 450, 632, 371, 989, 603, 382, 753, 576, 582, 999, 470, 731, 607, 795, 446], [831, 920, 888, 825, 201, 520, 636, 277, 588, 710, 267, 965, 406, 982, 376, 626, 405, 688, 613, 230], [776, 691, 615, 980, 663, 551, 647, 603, 529, 257, 871, 586, 735, 534, 993, 613, 885, 933, 942, 816], [890, 589, 674, 351, 487, 673, 244, 665, 964, 816, 732, 443, 221, 610, 949, 286, 632, 572, 843, 356], [701, 743, 989, 301, 531, 966, 849, 636, 238, 797, 540, 824, 568, 904, 615, 264, 554, 286, 415, 228], [390, 308, 689, 584, 274, 994, 365, 222, 436, 876, 574, 790, 713, 247, 318, 842, 785, 634, 899, 859], [400, 727, 962, 939, 757, 842, 826, 450, 431, 912, 965, 641, 948, 417, 704, 312, 424, 544, 613, 426], [326, 316, 674, 577, 237, 286, 242, 947, 565, 846, 627, 712, 466, 902, 748, 206, 355, 509, 352, 777], [869, 462, 759, 403, 649, 728, 392, 332, 561, 651, 579, 329, 331, 797, 449, 778, 306, 619, 530, 231], [646, 920, 702, 582, 240, 276, 566, 580, 445, 580, 783, 397, 379, 637, 869, 594, 787, 705, 753, 903], [955, 477, 208, 475, 403, 510, 573, 283, 666, 570, 604, 811, 792, 347, 602, 453, 543, 655, 921, 971], [589, 581, 307, 339, 933, 613, 730, 610, 458, 476, 891, 831, 584, 351, 772, 383, 512, 478, 486, 875], [823, 784, 253, 956, 225, 364, 946, 472, 545, 808, 217, 546, 596, 489, 716, 637, 691, 468, 236, 610], [274, 855, 340, 973, 783, 645, 982, 490, 904, 393, 609, 242, 696, 794, 821, 399, 430, 873, 903, 435], [922, 461, 581, 588, 244, 796, 515, 649, 784, 467, 207, 668, 633, 880, 655, 381, 669, 679, 337, 398], [441, 359, 967, 928, 379, 829, 936, 625, 408, 810, 253, 268, 501, 259, 894, 256, 308, 909, 458, 945], [868, 235, 776, 233, 846, 326, 863, 559, 462, 498, 248, 302, 736, 313, 951, 966, 712, 755, 498, 201], [651, 795, 265, 321, 538, 532, 940, 785, 858, 608, 633, 566, 524, 337, 213, 411, 677, 991, 897, 680], [437, 476, 493, 978, 980, 295, 572, 424, 674, 483, 248, 429, 269, 680, 546, 749, 903, 763, 407, 449], [312, 287, 754, 690, 772, 939, 388, 779, 209, 502, 791, 669, 641, 723, 346, 862, 407, 876, 940, 791], [668, 215, 315, 283, 354, 983, 322, 366, 613, 761, 402, 647, 447, 973, 934, 661, 826, 532, 862, 415], [915, 488, 324, 626, 966, 897, 598, 606, 242, 816, 657, 655, 865, 883, 508, 849, 565, 918, 704, 708], [410, 701, 906, 250, 903, 232, 872, 428, 624, 799, 517, 245, 527, 779, 671, 685, 829, 784, 319, 782], [259, 223, 927, 428, 597, 662, 237, 446, 949, 568, 946, 636, 537, 798, 307, 479, 940, 788, 577, 710], [760, 884, 330, 768, 287, 531, 691, 363, 846, 812, 693, 815, 578, 863, 256, 682, 904, 415, 814, 827], [697, 721, 876, 391, 346, 402, 466, 937, 883, 693, 623, 402, 340, 717, 322, 482, 208, 488, 278, 714], [381, 729, 930, 384, 611, 244, 513, 674, 959, 215, 638, 388, 756, 317, 727, 842, 833, 752, 214, 312], [369, 876, 657, 752, 355, 231, 273, 449, 344, 533, 610, 272, 493, 315, 339, 677, 496, 310, 809, 679], [574, 326, 359, 314, 853, 607, 380, 953, 638, 352, 724, 272, 928, 830, 346, 249, 290, 611, 438, 201], [599, 697, 966, 464, 316, 428, 615, 839, 650, 412, 404, 499, 802, 489, 496, 490, 744, 725, 840, 708], [876, 395, 648, 303, 221, 804, 513, 941, 419, 808, 644, 329, 953, 911, 948, 988, 510, 939, 651, 786], [828, 998, 200, 371, 665, 248, 454, 253, 612, 538, 891, 665, 764, 497, 639, 326, 556, 854, 486, 203], [474, 528, 596, 470, 313, 533, 621, 206, 283, 407, 669, 363, 285, 345, 403, 840, 660, 605, 678, 263], [769, 247, 826, 400, 533, 592, 977, 925, 352, 499, 388, 868, 351, 986, 370, 693, 457, 724, 832, 483]]
Variable production cost per unit of each product in each period p: 
[[29, 26, 21, 23, 21, 28, 25, 25, 26, 24, 22, 29, 23, 28, 23, 27, 25, 23, 22, 20], [23, 22, 22, 27, 27, 29, 27, 29, 24, 21, 29, 20, 23, 21, 21, 24, 20, 25, 23, 24], [24, 28, 21, 23, 25, 27, 22, 26, 24, 22, 29, 29, 28, 27, 21, 28, 27, 23, 22, 24], [26, 23, 27, 29, 25, 28, 24, 20, 21, 26, 21, 26, 20, 20, 25, 21, 24, 29, 21, 20], [26, 25, 23, 29, 23, 29, 23, 24, 26, 26, 24, 28, 22, 22, 28, 25, 25, 25, 20, 21], [23, 28, 25, 25, 25, 23, 25, 21, 22, 25, 26, 28, 29, 25, 23, 28, 28, 26, 22, 21], [26, 25, 22, 23, 29, 25, 28, 22, 28, 23, 21, 23, 21, 24, 21, 29, 21, 21, 28, 20], [27, 22, 26, 24, 27, 28, 21, 25, 24, 21, 29, 20, 26, 28, 21, 27, 23, 23, 24, 21], [24, 23, 25, 23, 23, 23, 26, 28, 20, 28, 20, 20, 21, 22, 23, 24, 25, 28, 23, 26], [26, 27, 26, 23, 22, 26, 25, 22, 24, 26, 23, 27, 21, 23, 24, 22, 22, 28, 29, 24], [28, 29, 25, 22, 27, 24, 23, 24, 26, 23, 22, 24, 23, 22, 28, 24, 22, 29, 23, 28], [21, 29, 27, 20, 29, 23, 26, 22, 26, 20, 21, 28, 25, 29, 27, 27, 25, 21, 25, 29], [28, 29, 25, 21, 28, 27, 25, 20, 27, 23, 21, 21, 24, 23, 20, 23, 22, 25, 28, 20], [29, 24, 21, 29, 22, 22, 28, 27, 21, 28, 25, 23, 21, 21, 25, 21, 25, 26, 25, 20], [21, 22, 26, 21, 29, 24, 23, 26, 25, 24, 25, 24, 29, 20, 21, 23, 26, 26, 27, 27], [23, 21, 25, 28, 26, 28, 23, 21, 28, 26, 21, 20, 21, 26, 25, 24, 26, 23, 23, 28], [23, 29, 21, 28, 24, 25, 22, 23, 20, 29, 28, 25, 29, 24, 25, 25, 21, 27, 29, 26], [24, 26, 27, 23, 27, 27, 22, 29, 21, 27, 23, 23, 24, 21, 26, 21, 22, 23, 22, 29], [28, 22, 28, 24, 26, 24, 29, 24, 25, 23, 29, 24, 24, 27, 27, 23, 22, 20, 21, 25], [25, 29, 21, 27, 22, 20, 25, 24, 25, 26, 22, 22, 22, 24, 27, 20, 20, 21, 26, 23], [27, 23, 24, 22, 21, 23, 25, 28, 28, 20, 23, 29, 20, 29, 26, 24, 28, 22, 29, 24], [27, 21, 26, 23, 20, 27, 21, 24, 21, 27, 24, 22, 28, 22, 24, 29, 24, 26, 28, 21], [21, 22, 23, 27, 26, 27, 28, 25, 26, 29, 22, 22, 25, 22, 21, 22, 22, 21, 28, 29], [29, 23, 28, 29, 22, 23, 25, 28, 29, 24, 23, 22, 27, 23, 28, 23, 27, 24, 25, 24], [22, 25, 28, 23, 27, 26, 25, 25, 28, 26, 29, 21, 24, 22, 24, 26, 25, 20, 22, 26], [28, 22, 25, 25, 23, 20, 25, 27, 20, 23, 28, 23, 27, 20, 25, 22, 21, 24, 20, 22], [21, 25, 20, 26, 21, 20, 26, 25, 25, 28, 25, 28, 23, 23, 22, 26, 27, 24, 22, 26], [28, 27, 25, 22, 21, 23, 24, 25, 24, 27, 23, 21, 27, 24, 29, 21, 24, 28, 23, 26], [22, 29, 23, 22, 20, 21, 25, 28, 24, 28, 25, 21, 24, 21, 27, 25, 20, 20, 28, 23], [20, 29, 22, 23, 25, 22, 29, 26, 28, 27, 24, 24, 27, 20, 29, 24, 23, 24, 29, 22], [29, 25, 28, 23, 23, 21, 27, 23, 26, 27, 22, 22, 21, 28, 26, 20, 27, 28, 28, 26], [28, 23, 26, 29, 20, 22, 23, 21, 25, 22, 24, 26, 20, 22, 22, 28, 23, 28, 26, 29], [29, 26, 24, 23, 28, 24, 28, 23, 26, 27, 21, 28, 25, 20, 22, 28, 24, 27, 27, 22], [29, 21, 21, 24, 25, 22, 26, 29, 28, 20, 22, 20, 20, 26, 28, 28, 23, 25, 21, 27], [27, 22, 27, 26, 29, 26, 29, 25, 22, 28, 23, 27, 25, 26, 25, 24, 24, 29, 21, 27], [24, 27, 22, 23, 29, 27, 21, 24, 21, 28, 22, 27, 25, 20, 20, 28, 21, 24, 26, 21], [25, 29, 21, 27, 28, 25, 21, 28, 21, 21, 26, 21, 27, 29, 28, 20, 24, 24, 20, 20], [26, 23, 21, 27, 20, 23, 26, 20, 20, 24, 26, 26, 22, 29, 23, 24, 27, 23, 29, 27], [28, 21, 22, 23, 20, 23, 29, 27, 24, 25, 24, 22, 27, 27, 23, 29, 29, 22, 27, 28], [22, 26, 24, 23, 20, 25, 27, 21, 24, 24, 29, 29, 24, 24, 23, 25, 23, 28, 22, 26], [29, 25, 21, 20, 29, 24, 28, 28, 21, 24, 21, 27, 27, 27, 22, 28, 22, 23, 25, 21], [28, 20, 27, 27, 29, 26, 22, 24, 24, 21, 20, 27, 28, 21, 21, 25, 26, 24, 20, 20], [28, 22, 27, 22, 25, 26, 24, 24, 27, 27, 21, 26, 25, 20, 23, 22, 22, 24, 22, 21], [25, 26, 20, 25, 24, 24, 24, 22, 25, 20, 26, 24, 28, 21, 20, 24, 29, 25, 21, 26], [25, 20, 22, 20, 20, 21, 25, 24, 27, 25, 27, 23, 26, 29, 24, 21, 25, 21, 23, 25], [23, 28, 21, 20, 25, 28, 21, 29, 29, 22, 22, 21, 29, 21, 27, 22, 25, 28, 20, 20], [24, 21, 24, 21, 21, 26, 24, 29, 27, 28, 28, 28, 28, 20, 27, 26, 26, 29, 25, 29], [20, 20, 20, 28, 28, 23, 22, 28, 22, 20, 29, 26, 20, 29, 23, 23, 26, 24, 22, 28], [26, 23, 20, 25, 26, 24, 25, 24, 28, 20, 28, 23, 28, 21, 27, 29, 23, 24, 29, 21], [20, 25, 23, 24, 22, 23, 23, 28, 22, 20, 27, 26, 26, 23, 25, 20, 26, 23, 24, 29], [24, 26, 25, 27, 24, 23, 26, 26, 26, 22, 22, 23, 21, 24, 24, 24, 22, 21, 22, 27], [28, 21, 27, 28, 25, 21, 21, 25, 21, 23, 22, 21, 27, 29, 28, 24, 27, 20, 29, 29], [27, 23, 23, 26, 26, 22, 23, 23, 24, 28, 23, 22, 27, 29, 28, 29, 26, 22, 22, 22], [27, 21, 21, 27, 29, 20, 27, 22, 22, 29, 20, 23, 20, 24, 23, 22, 23, 27, 23, 23], [23, 21, 23, 24, 25, 20, 24, 22, 24, 28, 27, 26, 22, 26, 24, 26, 24, 20, 24, 25], [27, 21, 25, 22, 28, 24, 22, 24, 28, 25, 25, 29, 27, 22, 26, 23, 29, 23, 22, 29], [20, 20, 28, 28, 24, 28, 21, 25, 23, 20, 24, 21, 26, 20, 24, 25, 25, 23, 28, 28], [27, 27, 29, 27, 29, 29, 24, 27, 21, 25, 28, 26, 26, 26, 22, 25, 20, 28, 20, 20], [29, 27, 24, 28, 26, 24, 27, 20, 24, 25, 25, 26, 27, 24, 22, 23, 29, 26, 25, 22], [27, 25, 26, 25, 25, 21, 25, 23, 20, 26, 24, 25, 23, 22, 22, 26, 24, 28, 25, 25], [28, 20, 20, 20, 24, 28, 25, 27, 22, 29, 20, 22, 20, 24, 20, 23, 26, 25, 22, 21], [29, 29, 21, 28, 24, 29, 25, 29, 28, 23, 21, 24, 28, 29, 27, 27, 20, 20, 21, 21], [24, 22, 26, 25, 23, 20, 26, 23, 23, 22, 23, 26, 25, 27, 23, 20, 29, 26, 29, 23], [20, 23, 24, 24, 21, 24, 28, 20, 21, 21, 24, 28, 23, 20, 27, 22, 23, 23, 27, 22], [25, 26, 29, 24, 28, 27, 22, 21, 24, 24, 23, 25, 27, 26, 25, 26, 25, 28, 27, 29], [26, 23, 20, 22, 28, 21, 26, 23, 25, 29, 21, 26, 27, 23, 22, 22, 22, 28, 23, 27], [29, 24, 25, 25, 26, 24, 29, 24, 21, 27, 22, 26, 28, 21, 27, 22, 24, 25, 20, 22], [24, 20, 26, 24, 24, 29, 26, 26, 25, 24, 20, 21, 20, 29, 21, 24, 29, 23, 26, 27], [22, 22, 24, 22, 28, 23, 27, 21, 21, 27, 29, 26, 24, 28, 21, 23, 29, 24, 29, 29], [25, 23, 23, 23, 27, 24, 22, 26, 27, 29, 28, 25, 21, 21, 21, 25, 21, 21, 26, 23], [24, 29, 23, 20, 27, 28, 24, 24, 28, 25, 29, 20, 28, 20, 28, 28, 24, 29, 23, 22], [27, 21, 23, 20, 27, 23, 20, 29, 26, 28, 22, 27, 27, 29, 28, 23, 20, 26, 26, 27], [27, 29, 27, 26, 28, 28, 25, 23, 20, 22, 29, 22, 28, 27, 26, 22, 23, 24, 21, 20], [26, 23, 21, 27, 22, 27, 21, 23, 21, 26, 27, 22, 28, 22, 20, 20, 29, 27, 22, 28], [27, 27, 27, 29, 22, 20, 23, 27, 25, 27, 20, 21, 21, 24, 22, 27, 20, 29, 23, 28], [24, 26, 20, 28, 25, 21, 29, 21, 22, 22, 21, 25, 20, 22, 21, 27, 29, 21, 27, 23], [22, 21, 21, 25, 20, 24, 28, 25, 26, 27, 25, 21, 26, 28, 29, 20, 24, 24, 29, 29], [29, 27, 23, 29, 21, 25, 23, 22, 20, 20, 23, 28, 29, 24, 27, 21, 24, 22, 25, 20], [20, 24, 21, 27, 24, 29, 23, 21, 29, 22, 22, 22, 21, 25, 21, 28, 26, 23, 29, 20], [27, 26, 29, 27, 27, 25, 27, 21, 24, 23, 24, 24, 24, 29, 21, 20, 24, 22, 27, 21]]
Inventory holding cost per unit of each product by the end of each period h: 
[[19, 18, 15, 13, 16, 16, 17, 14, 10, 10, 11, 14, 10, 19, 17, 12, 10, 14, 18, 19], [14, 18, 15, 15, 15, 10, 19, 16, 10, 17, 18, 15, 16, 18, 19, 11, 10, 13, 11, 18], [16, 15, 16, 14, 12, 18, 13, 17, 18, 16, 14, 11, 12, 12, 13, 15, 18, 12, 18, 19], [10, 12, 11, 17, 12, 16, 17, 12, 14, 14, 14, 14, 16, 18, 16, 19, 14, 15, 18, 19], [15, 18, 19, 19, 12, 15, 12, 14, 14, 19, 14, 13, 18, 17, 12, 13, 18, 18, 11, 18], [13, 17, 10, 19, 19, 10, 14, 12, 13, 10, 14, 12, 11, 12, 12, 19, 17, 15, 11, 18], [18, 16, 16, 18, 13, 19, 14, 14, 13, 12, 12, 11, 19, 15, 19, 18, 17, 15, 10, 17], [13, 14, 14, 17, 11, 10, 18, 19, 18, 12, 17, 13, 11, 10, 10, 19, 14, 12, 16, 12], [11, 15, 15, 17, 13, 12, 19, 12, 16, 17, 17, 11, 18, 13, 16, 11, 16, 16, 17, 15], [17, 19, 10, 18, 17, 17, 18, 10, 10, 11, 14, 11, 11, 13, 17, 16, 17, 17, 18, 18], [11, 12, 14, 16, 11, 14, 15, 11, 19, 17, 11, 12, 13, 15, 18, 17, 18, 19, 12, 19], [13, 15, 15, 17, 12, 11, 19, 10, 12, 12, 19, 11, 18, 10, 11, 12, 10, 10, 19, 11], [18, 14, 18, 17, 11, 18, 13, 17, 16, 16, 12, 12, 11, 16, 10, 10, 11, 12, 15, 17], [13, 13, 17, 14, 14, 18, 13, 19, 12, 10, 15, 19, 19, 11, 19, 15, 12, 18, 18, 15], [15, 11, 19, 12, 11, 18, 15, 17, 18, 14, 16, 17, 17, 18, 17, 11, 10, 12, 19, 10], [17, 12, 10, 17, 10, 19, 11, 18, 19, 17, 14, 19, 18, 17, 18, 17, 15, 10, 15, 14], [16, 11, 10, 15, 10, 19, 15, 19, 14, 18, 14, 17, 18, 11, 15, 11, 14, 10, 14, 15], [19, 18, 15, 16, 17, 15, 14, 13, 13, 14, 18, 17, 14, 13, 16, 12, 19, 11, 17, 17], [15, 15, 13, 16, 11, 13, 12, 12, 14, 18, 19, 12, 16, 12, 17, 13, 19, 16, 12, 19], [19, 11, 14, 13, 17, 11, 12, 10, 12, 19, 18, 19, 18, 16, 18, 13, 17, 12, 12, 10], [17, 10, 16, 10, 19, 18, 10, 19, 16, 16, 10, 13, 18, 19, 16, 19, 10, 10, 11, 14], [14, 11, 17, 16, 18, 16, 10, 13, 10, 19, 12, 17, 16, 15, 17, 11, 10, 17, 15, 13], [12, 13, 11, 10, 19, 15, 17, 19, 10, 19, 11, 12, 12, 12, 18, 10, 18, 14, 15, 18], [10, 14, 10, 16, 10, 12, 11, 13, 17, 14, 15, 18, 14, 16, 17, 18, 17, 18, 12, 17], [17, 12, 16, 12, 19, 14, 11, 16, 18, 17, 19, 16, 18, 13, 17, 19, 18, 14, 11, 18], [14, 11, 17, 16, 15, 17, 12, 13, 19, 11, 18, 10, 11, 16, 17, 16, 10, 11, 12, 17], [17, 17, 19, 18, 10, 16, 16, 14, 18, 17, 13, 17, 19, 12, 16, 13, 19, 18, 16, 13], [12, 16, 19, 17, 12, 13, 18, 12, 10, 11, 12, 18, 14, 18, 13, 15, 13, 10, 13, 16], [16, 18, 13, 18, 19, 12, 16, 15, 10, 17, 16, 16, 17, 19, 12, 10, 19, 14, 13, 16], [10, 19, 19, 12, 13, 15, 18, 18, 16, 15, 14, 10, 18, 13, 19, 17, 13, 11, 11, 18], [11, 10, 10, 16, 11, 18, 18, 18, 14, 17, 14, 17, 16, 19, 16, 17, 16, 14, 17, 18], [11, 15, 15, 18, 11, 17, 17, 11, 11, 13, 19, 16, 10, 13, 12, 13, 11, 12, 17, 18], [10, 13, 12, 17, 12, 12, 16, 10, 13, 10, 14, 16, 16, 13, 17, 16, 19, 16, 13, 19], [18, 16, 16, 11, 12, 13, 17, 16, 13, 14, 19, 13, 19, 10, 16, 14, 17, 13, 13, 19], [19, 12, 13, 18, 11, 18, 15, 15, 15, 13, 19, 12, 11, 10, 15, 11, 11, 17, 17, 14], [19, 12, 10, 15, 13, 17, 10, 14, 16, 19, 12, 13, 15, 13, 12, 19, 11, 19, 18, 15], [16, 12, 13, 19, 10, 18, 16, 10, 15, 18, 10, 13, 15, 12, 13, 14, 16, 13, 15, 19], [17, 14, 18, 13, 14, 16, 15, 14, 18, 11, 14, 14, 17, 17, 10, 14, 10, 12, 12, 15], [14, 17, 11, 10, 14, 13, 13, 10, 19, 16, 17, 14, 16, 14, 11, 12, 19, 14, 13, 14], [12, 13, 19, 10, 15, 13, 18, 16, 19, 18, 19, 12, 13, 17, 16, 11, 13, 13, 16, 13], [18, 19, 16, 13, 12, 17, 15, 10, 19, 13, 18, 12, 18, 10, 14, 14, 15, 18, 10, 10], [10, 14, 10, 16, 18, 16, 15, 17, 10, 14, 17, 14, 18, 14, 14, 18, 19, 13, 19, 19], [18, 13, 12, 14, 16, 12, 16, 15, 15, 17, 15, 13, 19, 15, 14, 18, 12, 13, 18, 18], [16, 10, 16, 17, 18, 18, 14, 12, 11, 13, 10, 14, 18, 18, 12, 14, 18, 16, 14, 11], [10, 11, 12, 18, 11, 17, 13, 10, 10, 10, 17, 11, 13, 18, 11, 12, 17, 10, 11, 16], [14, 19, 18, 12, 10, 12, 13, 13, 14, 12, 10, 15, 12, 19, 15, 10, 17, 15, 12, 14], [15, 15, 14, 14, 19, 12, 11, 11, 17, 18, 17, 12, 14, 10, 11, 14, 14, 18, 12, 13], [14, 15, 16, 10, 17, 10, 11, 14, 17, 13, 13, 17, 10, 18, 10, 18, 17, 16, 17, 19], [14, 12, 16, 19, 13, 12, 14, 10, 18, 19, 12, 10, 14, 11, 10, 17, 12, 19, 19, 14], [18, 13, 12, 13, 18, 11, 10, 19, 12, 17, 14, 12, 17, 11, 16, 15, 12, 12, 12, 12], [14, 16, 17, 16, 11, 13, 12, 15, 12, 10, 13, 19, 19, 15, 13, 11, 17, 14, 12, 16], [14, 19, 15, 10, 14, 19, 14, 16, 16, 15, 15, 15, 16, 19, 13, 16, 16, 14, 16, 15], [17, 10, 11, 18, 15, 19, 13, 17, 12, 10, 19, 12, 10, 17, 11, 17, 14, 15, 13, 18], [13, 19, 11, 14, 11, 14, 13, 10, 11, 17, 13, 17, 14, 15, 18, 15, 11, 17, 19, 11], [14, 12, 17, 11, 10, 14, 19, 19, 17, 10, 11, 12, 18, 12, 19, 19, 11, 17, 13, 11], [10, 17, 15, 14, 14, 19, 12, 17, 10, 18, 19, 10, 17, 19, 18, 15, 13, 19, 15, 14], [18, 18, 13, 15, 12, 10, 12, 13, 17, 19, 13, 10, 18, 15, 10, 18, 11, 19, 14, 16], [18, 14, 15, 16, 15, 10, 12, 18, 12, 11, 11, 13, 10, 12, 19, 13, 11, 14, 10, 12], [18, 19, 12, 17, 14, 15, 11, 12, 18, 14, 12, 14, 13, 14, 14, 11, 16, 15, 15, 19], [16, 14, 17, 15, 10, 16, 13, 11, 10, 17, 12, 13, 12, 19, 19, 12, 13, 12, 15, 18], [10, 15, 15, 18, 14, 19, 14, 10, 10, 10, 15, 15, 10, 17, 12, 13, 18, 11, 11, 12], [11, 17, 10, 14, 16, 12, 12, 10, 15, 19, 10, 12, 15, 17, 18, 18, 13, 17, 18, 11], [13, 13, 16, 12, 12, 18, 19, 13, 16, 18, 14, 10, 11, 15, 13, 15, 11, 10, 17, 11], [13, 13, 15, 19, 14, 19, 11, 18, 18, 19, 12, 14, 15, 18, 12, 16, 12, 10, 12, 10], [13, 13, 10, 11, 18, 14, 12, 17, 16, 14, 14, 16, 10, 19, 11, 18, 17, 17, 15, 17], [15, 13, 13, 16, 18, 12, 14, 17, 14, 15, 11, 15, 17, 14, 15, 19, 10, 19, 11, 19], [19, 13, 17, 10, 14, 12, 17, 12, 13, 14, 16, 17, 14, 16, 12, 17, 10, 12, 17, 17], [11, 17, 15, 17, 18, 16, 19, 13, 17, 16, 17, 16, 17, 10, 18, 19, 11, 14, 13, 18], [10, 12, 16, 19, 12, 12, 18, 13, 15, 16, 15, 18, 17, 14, 14, 17, 15, 18, 19, 13], [17, 15, 12, 14, 15, 13, 16, 19, 17, 19, 10, 14, 16, 12, 16, 14, 11, 11, 14, 12], [13, 18, 19, 12, 19, 16, 16, 19, 11, 11, 18, 19, 15, 12, 17, 17, 13, 18, 12, 11], [19, 16, 12, 13, 18, 18, 17, 15, 19, 15, 11, 13, 10, 18, 12, 12, 18, 11, 13, 11], [12, 14, 10, 14, 16, 16, 13, 11, 14, 16, 12, 13, 10, 18, 10, 18, 14, 11, 10, 15], [14, 16, 17, 11, 12, 10, 16, 15, 11, 12, 10, 18, 19, 18, 11, 17, 16, 18, 14, 17], [13, 18, 13, 10, 17, 11, 19, 11, 10, 13, 19, 15, 16, 14, 17, 13, 18, 15, 13, 13], [12, 15, 18, 10, 16, 15, 18, 15, 16, 16, 13, 12, 18, 12, 14, 15, 19, 19, 18, 10], [10, 10, 18, 12, 18, 15, 14, 17, 14, 10, 18, 19, 14, 18, 12, 17, 10, 11, 13, 10], [11, 11, 17, 11, 19, 17, 11, 14, 16, 16, 14, 10, 16, 12, 11, 12, 16, 13, 13, 16], [10, 12, 11, 15, 18, 11, 18, 11, 16, 19, 18, 16, 19, 10, 16, 13, 13, 14, 17, 18], [13, 17, 15, 16, 10, 14, 18, 10, 10, 11, 14, 19, 19, 16, 18, 14, 12, 11, 13, 19]]
Demand for each product in each period d: 
[[105, 150, 454, 333, 395, 118, 144, 80, 362, 406, 481, 244, 271, 428, 219, 275, 295, 56, 464, 168], [169, 185, 451, 454, 417, 390, 302, 227, 422, 129, 347, 480, 392, 282, 499, 496, 217, 360, 62, 406], [390, 474, 367, 392, 127, 51, 141, 221, 92, 156, 225, 104, 409, 302, 318, 488, 187, 87, 361, 460], [104, 211, 430, 472, 346, 183, 380, 471, 255, 83, 237, 451, 108, 306, 75, 66, 332, 428, 62, 368], [204, 445, 96, 471, 107, 274, 113, 73, 363, 433, 420, 470, 133, 180, 373, 239, 139, 106, 369, 430], [155, 150, 337, 167, 363, 275, 152, 311, 289, 144, 246, 106, 202, 413, 296, 307, 104, 190, 286, 231], [252, 153, 409, 182, 339, 224, 321, 244, 384, 165, 306, 146, 189, 108, 249, 285, 403, 86, 118, 287], [311, 363, 484, 199, 362, 208, 353, 323, 302, 495, 160, 348, 92, 457, 180, 468, 264, 58, 97, 336], [434, 433, 346, 62, 495, 86, 105, 386, 395, 215, 357, 494, 363, 249, 167, 174, 329, 464, 440, 323], [497, 420, 444, 333, 311, 131, 355, 64, 90, 386, 89, 242, 488, 359, 337, 240, 161, 247, 95, 169], [196, 84, 331, 460, 208, 436, 430, 259, 284, 412, 349, 66, 241, 164, 435, 207, 268, 112, 491, 413], [485, 352, 210, 479, 425, 497, 495, 108, 348, 194, 295, 436, 491, 314, 183, 142, 63, 389, 259, 425], [255, 350, 466, 359, 367, 443, 212, 396, 225, 324, 343, 133, 68, 491, 224, 85, 175, 197, 398, 476], [480, 440, 296, 218, 347, 117, 150, 305, 320, 293, 97, 212, 70, 272, 367, 397, 203, 317, 288, 271], [319, 150, 361, 144, 203, 434, 447, 92, 107, 310, 229, 401, 468, 357, 175, 428, 339, 286, 142, 114], [344, 160, 348, 126, 61, 86, 413, 133, 183, 60, 247, 361, 344, 72, 197, 483, 122, 183, 279, 338], [78, 485, 367, 344, 184, 159, 411, 151, 206, 352, 393, 397, 281, 383, 200, 99, 213, 78, 426, 235], [483, 249, 343, 424, 70, 135, 305, 59, 209, 152, 386, 99, 381, 158, 232, 391, 338, 272, 143, 320], [134, 336, 203, 50, 391, 277, 193, 172, 410, 200, 287, 180, 75, 167, 356, 406, 206, 490, 396, 123], [178, 488, 457, 232, 132, 438, 488, 374, 222, 327, 133, 268, 390, 81, 156, 470, 183, 94, 220, 148], [344, 288, 239, 215, 55, 386, 58, 103, 189, 218, 353, 224, 459, 189, 482, 349, 71, 112, 391, 417], [398, 151, 158, 259, 90, 422, 389, 390, 315, 302, 401, 205, 417, 173, 145, 100, 105, 51, 447, 324], [420, 206, 338, 350, 155, 431, 469, 429, 232, 222, 95, 359, 331, 156, 53, 315, 250, 85, 449, 175], [434, 199, 197, 134, 485, 59, 205, 383, 282, 354, 468, 378, 290, 303, 489, 390, 393, 419, 61, 380], [216, 414, 100, 251, 227, 251, 77, 420, 491, 393, 245, 119, 182, 89, 283, 148, 446, 247, 409, 71], [315, 493, 450, 476, 79, 193, 480, 449, 405, 319, 237, 332, 262, 161, 419, 293, 462, 141, 165, 71], [363, 59, 267, 449, 347, 197, 153, 462, 410, 167, 265, 360, 330, 232, 433, 407, 128, 219, 278, 123], [357, 212, 83, 380, 80, 447, 201, 67, 363, 76, 392, 338, 365, 333, 312, 329, 256, 82, 264, 350], [329, 203, 492, 119, 476, 348, 115, 336, 156, 424, 113, 444, 78, 406, 219, 131, 409, 386, 480, 286], [141, 470, 487, 181, 376, 210, 365, 211, 200, 199, 258, 69, 434, 494, 247, 458, 50, 496, 423, 283], [416, 261, 455, 76, 171, 364, 457, 217, 458, 151, 398, 152, 197, 77, 484, 444, 70, 489, 236, 285], [229, 101, 227, 365, 59, 273, 369, 186, 440, 406, 440, 197, 55, 237, 55, 295, 55, 136, 430, 82], [424, 84, 124, 185, 109, 251, 422, 397, 414, 472, 267, 161, 184, 442, 138, 104, 196, 134, 215, 54], [66, 91, 420, 284, 489, 340, 89, 471, 206, 102, 80, 311, 481, 250, 474, 236, 161, 84, 391, 177], [160, 318, 499, 261, 233, 461, 222, 163, 99, 290, 57, 185, 164, 207, 352, 340, 283, 161, 140, 477], [487, 211, 465, 259, 246, 347, 419, 361, 227, 366, 430, 59, 465, 427, 299, 281, 412, 118, 217, 434], [223, 219, 103, 258, 406, 398, 301, 94, 164, 487, 408, 296, 314, 437, 114, 438, 401, 156, 413, 96], [408, 256, 334, 200, 228, 182, 406, 422, 157, 192, 82, 70, 491, 346, 286, 343, 255, 413, 354, 345], [193, 383, 341, 117, 362, 116, 133, 181, 379, 102, 310, 67, 355, 453, 280, 481, 319, 203, 239, 433], [418, 222, 209, 165, 318, 81, 57, 81, 294, 318, 123, 115, 131, 140, 434, 381, 368, 343, 183, 366], [479, 120, 413, 286, 497, 262, 374, 276, 493, 241, 90, 374, 386, 62, 306, 113, 348, 320, 134, 155], [275, 98, 130, 66, 488, 222, 411, 50, 442, 133, 411, 298, 125, 486, 225, 84, 302, 203, 140, 196], [156, 305, 204, 408, 106, 81, 303, 149, 270, 216, 204, 476, 50, 348, 127, 350, 254, 436, 55, 209], [109, 484, 173, 304, 458, 442, 313, 197, 314, 445, 166, 101, 326, 283, 249, 287, 252, 77, 145, 202], [172, 264, 365, 245, 498, 100, 81, 247, 279, 469, 120, 362, 247, 406, 329, 368, 182, 410, 328, 321], [107, 217, 273, 97, 399, 318, 465, 235, 171, 388, 183, 166, 112, 305, 233, 271, 436, 143, 404, 252], [285, 202, 73, 83, 90, 389, 189, 288, 425, 461, 322, 76, 194, 237, 184, 184, 159, 317, 381, 368], [56, 365, 120, 129, 345, 422, 189, 134, 465, 332, 93, 75, 110, 483, 139, 428, 399, 270, 324, 342], [63, 425, 380, 321, 70, 428, 426, 78, 484, 138, 251, 216, 189, 110, 138, 66, 480, 122, 381, 84], [270, 217, 205, 460, 285, 138, 489, 70, 433, 269, 57, 202, 305, 183, 162, 61, 150, 248, 495, 492], [172, 292, 377, 101, 471, 258, 82, 371, 260, 178, 54, 316, 56, 190, 308, 484, 264, 439, 148, 391], [273, 328, 191, 220, 56, 472, 401, 93, 401, 424, 97, 425, 341, 313, 439, 232, 490, 128, 236, 116], [330, 249, 493, 308, 176, 100, 103, 101, 114, 240, 133, 246, 211, 441, 371, 138, 259, 493, 81, 54], [59, 126, 305, 482, 321, 117, 481, 360, 356, 146, 274, 411, 400, 483, 447, 274, 259, 220, 194, 162], [188, 73, 245, 406, 389, 147, 55, 86, 417, 330, 494, 244, 452, 145, 239, 262, 373, 426, 454, 377], [116, 146, 54, 171, 185, 245, 316, 392, 280, 297, 313, 105, 252, 213, 456, 268, 265, 418, 394, 228], [361, 457, 436, 469, 439, 224, 301, 387, 241, 62, 211, 314, 77, 472, 390, 330, 302, 109, 207, 283], [252, 87, 228, 280, 141, 133, 285, 417, 441, 342, 492, 360, 158, 100, 473, 379, 150, 319, 361, 244], [71, 99, 345, 453, 129, 161, 195, 111, 267, 343, 367, 211, 144, 318, 55, 234, 52, 407, 265, 325], [287, 123, 96, 78, 411, 234, 181, 356, 355, 319, 126, 338, 469, 364, 73, 141, 212, 318, 246, 378], [487, 155, 231, 82, 63, 211, 248, 396, 195, 315, 315, 313, 71, 418, 369, 494, 128, 476, 426, 459], [384, 191, 59, 435, 124, 415, 384, 68, 204, 466, 205, 333, 358, 295, 155, 68, 251, 410, 495, 169], [68, 152, 466, 469, 82, 118, 471, 202, 285, 327, 274, 340, 354, 223, 402, 250, 180, 467, 300, 383], [378, 177, 211, 451, 314, 494, 111, 113, 57, 448, 224, 453, 410, 366, 211, 195, 381, 240, 263, 263], [362, 65, 119, 256, 476, 220, 167, 332, 56, 137, 216, 386, 371, 255, 400, 106, 392, 427, 334, 262], [158, 194, 207, 133, 61, 312, 443, 150, 59, 422, 262, 235, 467, 410, 405, 366, 427, 169, 86, 90], [96, 187, 396, 368, 186, 328, 89, 268, 244, 64, 238, 336, 311, 250, 192, 57, 449, 102, 483, 392], [100, 351, 467, 153, 367, 100, 492, 72, 265, 188, 234, 483, 490, 364, 334, 405, 101, 161, 346, 389], [319, 291, 123, 362, 345, 135, 108, 390, 461, 308, 81, 373, 329, 123, 291, 232, 233, 374, 84, 236], [480, 276, 52, 440, 405, 253, 439, 368, 463, 235, 403, 54, 347, 72, 325, 114, 196, 231, 419, 300], [228, 143, 203, 89, 431, 151, 120, 146, 207, 247, 493, 396, 230, 382, 400, 115, 209, 58, 52, 95], [373, 199, 107, 414, 63, 258, 160, 496, 499, 347, 342, 91, 318, 298, 454, 367, 479, 221, 180, 369], [62, 497, 152, 148, 103, 392, 156, 440, 139, 475, 384, 474, 101, 346, 387, 279, 433, 93, 353, 204], [53, 116, 388, 355, 152, 175, 194, 87, 149, 439, 389, 179, 94, 108, 204, 134, 370, 389, 121, 305], [474, 228, 448, 292, 357, 55, 56, 295, 97, 430, 324, 239, 495, 471, 232, 459, 382, 389, 106, 310], [199, 239, 178, 258, 301, 392, 418, 308, 76, 136, 161, 348, 112, 376, 411, 449, 145, 214, 480, 263], [319, 482, 108, 385, 332, 359, 363, 310, 172, 281, 485, 185, 290, 134, 220, 221, 390, 206, 483, 203], [456, 407, 89, 186, 416, 223, 450, 349, 454, 441, 127, 330, 415, 102, 73, 422, 486, 213, 245, 292], [117, 307, 68, 323, 282, 236, 54, 68, 342, 93, 318, 316, 83, 145, 329, 371, 303, 302, 107, 413], [251, 202, 226, 323, 344, 128, 208, 388, 458, 328, 181, 246, 51, 434, 420, 315, 185, 288, 370, 219]]
Maintenance cost in each period m: 
[3610, 8556, 6220, 3918, 5717, 4995, 2628, 9561, 4665, 5096, 8542, 8114, 7937, 3239, 8605, 3167, 3084, 5292, 7928, 8885]
Maximum capacity of the machine cmax: 
34880