Set of periods in the planning horizon T: 
10
Set of products P: 
50
Capacity reduction coefficient alpha: 
0.68
Relative decrease of capacity per set up gamma: 
0.21
Capacity reduction coefficient due to product types beta: 
[0.38, 0.21, 0.38, 0.3, 0.24, 0.4, 0.2, 0.36, 0.24, 0.39, 0.29, 0.37, 0.31, 0.29, 0.23, 0.32, 0.23, 0.26, 0.37, 0.33, 0.32, 0.25, 0.37, 0.25, 0.27, 0.37, 0.32, 0.29, 0.36, 0.39, 0.27, 0.26, 0.39, 0.34, 0.31, 0.3, 0.34, 0.28, 0.33, 0.4, 0.26, 0.25, 0.21, 0.34, 0.29, 0.26, 0.21, 0.26, 0.23, 0.26]
Fixed production cost of each product in each period f: 
[[668, 772, 439, 532, 757, 425, 750, 573, 482, 578], [708, 681, 569, 662, 450, 754, 698, 769, 634, 696], [426, 683, 735, 504, 675, 581, 446, 518, 575, 479], [707, 773, 407, 787, 502, 546, 618, 771, 631, 416], [585, 422, 645, 792, 421, 753, 756, 686, 519, 724], [660, 400, 489, 726, 402, 624, 669, 631, 612, 741], [513, 610, 721, 701, 769, 405, 795, 572, 693, 523], [402, 645, 625, 645, 431, 512, 772, 574, 743, 491], [472, 481, 461, 666, 554, 476, 651, 535, 764, 728], [414, 447, 489, 467, 412, 609, 738, 781, 444, 669], [453, 555, 548, 770, 570, 490, 612, 693, 525, 669], [642, 784, 718, 663, 576, 445, 723, 607, 607, 440], [532, 419, 697, 627, 622, 659, 404, 643, 686, 426], [797, 625, 438, 560, 603, 786, 764, 699, 456, 684], [741, 626, 693, 671, 624, 799, 477, 505, 447, 720], [684, 653, 763, 737, 500, 590, 437, 573, 546, 784], [648, 567, 652, 445, 659, 486, 523, 722, 751, 411], [497, 525, 663, 546, 561, 634, 655, 562, 664, 644], [598, 452, 429, 611, 622, 690, 406, 497, 505, 418], [474, 718, 751, 636, 761, 460, 452, 771, 490, 665], [548, 643, 686, 561, 681, 436, 402, 785, 419, 527], [500, 754, 577, 555, 632, 527, 501, 753, 524, 428], [796, 590, 639, 473, 722, 711, 517, 776, 643, 768], [743, 497, 753, 660, 731, 588, 713, 443, 699, 653], [592, 607, 441, 453, 552, 764, 577, 647, 481, 590], [613, 629, 495, 546, 430, 754, 733, 563, 710, 505], [623, 674, 489, 448, 654, 659, 419, 439, 505, 732], [654, 550, 446, 724, 664, 527, 723, 581, 610, 632], [768, 671, 780, 633, 521, 778, 724, 577, 687, 783], [585, 601, 621, 657, 603, 497, 426, 728, 613, 412], [401, 547, 505, 717, 744, 750, 604, 597, 623, 774], [656, 625, 778, 669, 434, 490, 778, 565, 797, 452], [730, 765, 549, 630, 618, 460, 522, 693, 655, 589], [569, 556, 559, 449, 532, 794, 648, 477, 693, 484], [596, 669, 783, 676, 603, 505, 440, 731, 621, 694], [769, 625, 631, 544, 465, 476, 552, 729, 671, 433], [582, 770, 518, 647, 611, 465, 745, 542, 555, 482], [767, 450, 619, 431, 440, 601, 592, 582, 516, 760], [478, 593, 781, 418, 411, 734, 591, 639, 515, 748], [635, 625, 704, 759, 788, 565, 406, 602, 487, 550], [715, 630, 582, 551, 713, 674, 454, 512, 495, 773], [680, 448, 486, 541, 415, 590, 758, 541, 645, 537], [667, 434, 716, 617, 520, 779, 565, 656, 784, 430], [612, 441, 759, 774, 561, 598, 777, 531, 595, 512], [778, 446, 674, 521, 669, 424, 700, 795, 409, 464], [781, 683, 748, 717, 465, 469, 493, 712, 592, 523], [501, 647, 529, 437, 766, 669, 423, 434, 593, 425], [545, 684, 404, 514, 713, 514, 607, 528, 479, 716], [488, 523, 438, 510, 729, 627, 770, 674, 765, 656], [675, 465, 591, 677, 763, 676, 725, 545, 723, 731]]
Variable production cost per unit of each product in each period p: 
[[26, 27, 25, 20, 20, 22, 26, 27, 25, 27], [20, 20, 24, 24, 20, 23, 24, 22, 22, 21], [23, 20, 27, 29, 23, 23, 24, 20, 22, 27], [21, 26, 26, 26, 20, 26, 27, 25, 21, 26], [24, 25, 28, 21, 28, 27, 21, 23, 29, 27], [27, 29, 26, 28, 25, 21, 24, 23, 23, 21], [22, 28, 22, 21, 22, 23, 28, 22, 21, 28], [23, 22, 22, 28, 29, 28, 26, 23, 23, 24], [21, 21, 24, 23, 27, 28, 23, 20, 20, 23], [27, 22, 26, 24, 27, 23, 26, 22, 27, 27], [23, 21, 26, 20, 27, 26, 25, 24, 28, 28], [26, 23, 24, 24, 28, 22, 27, 29, 27, 20], [24, 29, 24, 21, 29, 28, 29, 22, 28, 23], [22, 29, 22, 20, 27, 21, 24, 25, 22, 22], [25, 20, 23, 26, 23, 20, 28, 25, 23, 28], [20, 25, 27, 28, 21, 23, 24, 26, 29, 25], [29, 20, 21, 26, 22, 26, 26, 20, 28, 24], [22, 27, 29, 25, 21, 24, 20, 25, 23, 21], [28, 26, 26, 22, 24, 28, 28, 21, 24, 21], [28, 24, 26, 26, 21, 28, 28, 28, 24, 28], [27, 21, 21, 21, 25, 25, 23, 23, 22, 28], [21, 28, 25, 22, 20, 22, 24, 24, 26, 28], [29, 25, 20, 23, 21, 22, 27, 27, 26, 24], [29, 28, 22, 22, 25, 25, 26, 26, 27, 26], [22, 22, 20, 29, 23, 20, 20, 23, 20, 28], [25, 27, 25, 24, 28, 29, 26, 20, 28, 27], [27, 21, 28, 27, 27, 26, 28, 23, 24, 28], [23, 28, 20, 20, 26, 21, 20, 26, 24, 27], [28, 28, 28, 20, 21, 27, 20, 29, 29, 23], [29, 23, 27, 20, 24, 22, 21, 24, 24, 25], [24, 21, 29, 28, 28, 20, 21, 20, 21, 27], [21, 27, 29, 26, 24, 26, 20, 20, 25, 28], [27, 27, 24, 20, 20, 21, 28, 29, 22, 22], [29, 20, 23, 24, 25, 26, 22, 27, 29, 20], [23, 26, 22, 25, 29, 26, 21, 25, 22, 20], [23, 28, 25, 26, 21, 20, 26, 29, 24, 29], [26, 21, 21, 20, 28, 25, 27, 23, 20, 22], [28, 22, 23, 22, 21, 25, 21, 24, 27, 28], [20, 21, 21, 24, 26, 20, 28, 21, 27, 20], [20, 26, 21, 28, 20, 25, 27, 21, 29, 23], [25, 29, 26, 21, 20, 20, 21, 22, 25, 23], [26, 29, 20, 20, 21, 23, 23, 27, 23, 24], [26, 27, 29, 22, 26, 21, 29, 25, 22, 20], [25, 29, 24, 23, 27, 26, 21, 21, 28, 22], [23, 27, 20, 26, 26, 29, 25, 28, 29, 23], [27, 28, 20, 25, 24, 28, 24, 24, 29, 29], [29, 27, 22, 27, 25, 21, 23, 23, 25, 27], [23, 26, 27, 27, 20, 28, 25, 28, 26, 25], [21, 27, 26, 22, 26, 25, 20, 23, 22, 27], [25, 25, 21, 27, 20, 23, 28, 29, 27, 28]]
Inventory holding cost per unit of each product by the end of each period h: 
[[14, 17, 17, 13, 16, 12, 14, 17, 12, 17], [18, 12, 17, 16, 15, 14, 16, 17, 13, 16], [11, 17, 16, 17, 13, 11, 19, 14, 18, 16], [10, 11, 11, 17, 18, 13, 16, 18, 16, 13], [18, 12, 16, 10, 11, 16, 17, 17, 16, 17], [14, 15, 15, 17, 11, 13, 11, 15, 10, 18], [16, 17, 16, 14, 18, 13, 10, 15, 10, 13], [17, 15, 16, 19, 14, 14, 10, 16, 19, 19], [19, 10, 14, 16, 13, 12, 15, 14, 11, 13], [12, 10, 16, 13, 14, 16, 14, 15, 17, 12], [14, 15, 17, 17, 12, 15, 16, 13, 15, 17], [18, 14, 12, 16, 16, 13, 18, 15, 10, 10], [11, 10, 13, 18, 13, 11, 12, 13, 15, 10], [19, 16, 10, 16, 14, 19, 17, 18, 13, 17], [13, 11, 19, 14, 11, 19, 12, 13, 14, 10], [14, 13, 19, 18, 14, 17, 14, 15, 14, 16], [19, 15, 19, 18, 11, 15, 19, 17, 11, 17], [13, 16, 10, 11, 16, 13, 13, 10, 19, 15], [18, 15, 19, 13, 10, 19, 18, 11, 13, 13], [17, 12, 18, 15, 14, 10, 12, 18, 10, 17], [11, 18, 16, 12, 17, 15, 19, 15, 17, 19], [14, 18, 15, 14, 19, 13, 15, 16, 19, 10], [10, 12, 12, 12, 19, 11, 15, 18, 10, 11], [19, 10, 10, 12, 18, 18, 10, 16, 18, 16], [16, 17, 19, 15, 12, 12, 11, 13, 12, 15], [16, 11, 19, 10, 18, 18, 10, 18, 12, 17], [19, 13, 19, 17, 12, 18, 19, 11, 17, 15], [16, 19, 17, 19, 18, 14, 12, 13, 19, 17], [18, 15, 15, 10, 10, 14, 16, 10, 17, 17], [18, 15, 11, 13, 11, 11, 11, 18, 12, 11], [15, 15, 15, 13, 19, 10, 19, 11, 17, 15], [13, 15, 12, 15, 15, 19, 12, 12, 10, 12], [19, 17, 16, 14, 18, 10, 14, 15, 14, 11], [11, 10, 19, 18, 14, 19, 18, 13, 10, 10], [15, 18, 16, 11, 14, 18, 10, 12, 18, 18], [14, 13, 15, 10, 12, 17, 12, 18, 12, 17], [12, 18, 18, 16, 10, 11, 18, 13, 15, 11], [16, 19, 11, 13, 15, 19, 17, 15, 13, 15], [10, 10, 13, 13, 17, 19, 14, 10, 14, 19], [19, 13, 16, 17, 17, 13, 13, 17, 15, 19], [13, 11, 18, 13, 13, 19, 14, 10, 16, 15], [18, 15, 12, 15, 14, 15, 12, 16, 12, 14], [19, 19, 12, 13, 14, 19, 12, 13, 18, 12], [15, 10, 14, 15, 15, 18, 15, 10, 18, 10], [19, 17, 18, 15, 18, 18, 15, 15, 17, 12], [10, 15, 17, 15, 18, 15, 17, 14, 18, 10], [11, 16, 12, 15, 11, 18, 15, 14, 19, 19], [17, 19, 16, 13, 16, 10, 11, 18, 19, 19], [13, 17, 13, 10, 18, 13, 10, 16, 13, 10], [12, 16, 11, 11, 17, 13, 14, 10, 10, 18]]
Demand for each product in each period d: 
[[49, 16, 43, 22, 43, 11, 34, 0, 48, 36], [1, 3, 5, 1, 44, 44, 1, 41, 1, 9], [38, 25, 30, 34, 49, 17, 4, 36, 24, 21], [46, 46, 48, 26, 11, 33, 26, 34, 28, 17], [12, 42, 26, 42, 41, 30, 15, 9, 46, 25], [0, 24, 6, 43, 6, 33, 6, 34, 6, 9], [5, 18, 6, 10, 15, 43, 5, 43, 49, 21], [19, 25, 39, 0, 28, 42, 48, 24, 22, 37], [39, 40, 25, 12, 30, 38, 39, 41, 13, 7], [24, 30, 49, 1, 23, 45, 10, 48, 37, 22], [3, 48, 36, 0, 30, 13, 3, 20, 22, 22], [46, 17, 18, 43, 44, 37, 27, 31, 44, 4], [0, 5, 9, 43, 32, 49, 14, 40, 48, 34], [22, 29, 39, 9, 46, 44, 16, 30, 6, 29], [36, 34, 14, 8, 11, 10, 13, 48, 18, 23], [44, 41, 16, 3, 13, 7, 16, 1, 7, 43], [14, 35, 21, 2, 1, 16, 6, 27, 2, 33], [3, 5, 22, 48, 25, 5, 14, 19, 27, 44], [7, 33, 34, 38, 4, 24, 36, 4, 31, 7], [24, 20, 4, 25, 12, 43, 8, 31, 2, 33], [12, 29, 9, 30, 9, 39, 13, 30, 1, 21], [1, 25, 31, 19, 44, 19, 26, 24, 13, 28], [49, 43, 11, 29, 35, 9, 33, 49, 23, 44], [15, 9, 35, 30, 36, 12, 32, 43, 43, 43], [24, 39, 9, 40, 49, 10, 0, 10, 2, 46], [30, 47, 3, 16, 3, 1, 13, 17, 45, 26], [7, 30, 39, 17, 42, 1, 46, 23, 4, 35], [40, 40, 27, 10, 4, 21, 1, 34, 42, 17], [39, 7, 28, 30, 30, 41, 41, 24, 1, 26], [24, 6, 34, 15, 5, 33, 0, 10, 46, 45], [8, 12, 11, 41, 16, 10, 17, 41, 47, 10], [49, 14, 43, 19, 10, 8, 2, 5, 46, 15], [0, 17, 40, 38, 31, 17, 4, 20, 35, 44], [17, 16, 25, 48, 44, 28, 14, 10, 24, 20], [5, 38, 8, 28, 39, 30, 15, 22, 19, 44], [38, 45, 38, 26, 39, 49, 45, 29, 41, 36], [35, 2, 10, 32, 49, 34, 10, 16, 41, 5], [16, 47, 9, 4, 35, 45, 0, 37, 33, 25], [9, 49, 19, 45, 11, 39, 45, 27, 34, 49], [9, 45, 39, 1, 20, 40, 7, 44, 42, 39], [2, 10, 25, 4, 17, 40, 32, 33, 25, 49], [36, 19, 19, 41, 18, 45, 3, 12, 28, 26], [4, 25, 1, 29, 27, 5, 41, 39, 28, 26], [39, 31, 39, 26, 42, 28, 20, 47, 1, 8], [6, 30, 31, 21, 4, 9, 46, 29, 10, 10], [17, 38, 3, 21, 41, 21, 23, 43, 6, 28], [44, 26, 1, 31, 29, 30, 36, 3, 23, 38], [8, 38, 7, 13, 17, 32, 36, 22, 33, 3], [33, 41, 45, 16, 8, 2, 29, 33, 14, 4], [38, 47, 23, 18, 26, 42, 37, 23, 30, 39]]
Maintenance cost in each period m: 
[895, 720, 757, 987, 826, 872, 849, 718, 783, 591]
Maximum capacity of the machine cmax: 
2300