Set of periods in the planning horizon T: 
30
Set of products P: 
2
Capacity reduction coefficient alpha: 
0.8
Relative decrease of capacity per set up gamma: 
0.25
Capacity reduction coefficient due to product types beta: 
[0.34, 0.33]
Fixed production cost of each product in each period f: 
[[6964, 7423, 13122, 5093, 10919, 13270, 8011, 12793, 14321, 11779, 9349, 14021, 14192, 4705, 7735, 4301, 13765, 11515, 5109, 12657, 9606, 11796, 11124, 6593, 7430, 13418, 12872, 11677, 9708, 3257], [5187, 5020, 7961, 5536, 6473, 11567, 9704, 13147, 14879, 7049, 12012, 6902, 14477, 12780, 7419, 6384, 8094, 13233, 10661, 7707, 10254, 8048, 14826, 12275, 12977, 4100, 8943, 4825, 6053, 8584]]
Variable production cost per unit of each product in each period p: 
[[24, 28, 21, 26, 28, 22, 25, 21, 22, 20, 20, 23, 23, 23, 26, 28, 22, 22, 24, 27, 27, 25, 26, 29, 23, 28, 25, 22, 22, 29], [23, 23, 24, 27, 20, 24, 25, 27, 29, 23, 24, 23, 23, 21, 29, 22, 25, 20, 22, 26, 27, 20, 25, 20, 24, 24, 29, 21, 27, 20]]
Inventory holding cost per unit of each product by the end of each period h: 
[[16, 13, 17, 19, 16, 16, 12, 13, 11, 17, 19, 11, 12, 10, 10, 13, 19, 17, 10, 13, 19, 16, 10, 16, 11, 16, 16, 10, 18, 17], [12, 12, 12, 17, 14, 12, 12, 17, 19, 19, 13, 19, 10, 18, 13, 13, 17, 19, 10, 16, 17, 18, 17, 13, 18, 10, 14, 17, 11, 17]]
Demand for each product in each period d: 
[[13, 6, 9, 46, 44, 44, 16, 25, 12, 6, 17, 5, 38, 34, 9, 48, 5, 16, 47, 24, 7, 7, 46, 5, 5, 28, 13, 5, 22, 5], [5, 29, 47, 45, 17, 15, 43, 36, 28, 20, 5, 9, 29, 40, 31, 35, 23, 12, 41, 27, 29, 45, 20, 7, 37, 42, 23, 34, 20, 16]]
Maintenance cost in each period m: 
[129678, 142192, 58816, 96453, 94735, 125454, 42433, 81729, 37352, 62655, 138572, 98509, 72344, 45000, 63059, 118173, 79987, 67368, 48924, 133989, 115715, 143531, 145817, 130881, 50235, 126888, 141774, 135739, 35533, 128614]
Maximum capacity of the machine cmax: 
96