Set of periods in the planning horizon T: 
60
Set of products P: 
60
Capacity reduction coefficient alpha: 
0.84
Relative decrease of capacity per set up gamma: 
0.26
Capacity reduction coefficient due to product types beta: 
[0.36, 0.29, 0.22, 0.37, 0.35, 0.35, 0.32, 0.22, 0.37, 0.33, 0.39, 0.27, 0.39, 0.23, 0.25, 0.33, 0.3, 0.31, 0.2, 0.35, 0.39, 0.32, 0.22, 0.25, 0.36, 0.21, 0.27, 0.39, 0.24, 0.37, 0.29, 0.24, 0.3, 0.29, 0.35, 0.28, 0.36, 0.2, 0.26, 0.36, 0.33, 0.26, 0.37, 0.21, 0.23, 0.21, 0.32, 0.26, 0.38, 0.25, 0.35, 0.26, 0.24, 0.4, 0.23, 0.24, 0.36, 0.32, 0.29, 0.33]
Fixed production cost of each product in each period f: 
[[91, 275, 206, 135, 114, 231, 163, 106, 252, 135, 152, 85, 293, 234, 190, 118, 141, 273, 97, 276, 114, 214, 219, 65, 72, 143, 226, 89, 87, 286, 162, 290, 148, 161, 295, 103, 216, 162, 148, 204, 180, 199, 138, 186, 170, 292, 152, 163, 186, 269, 75, 90, 84, 120, 132, 215, 185, 268, 87, 295], [127, 74, 221, 107, 239, 292, 258, 122, 200, 131, 185, 238, 217, 156, 104, 273, 161, 175, 108, 273, 229, 155, 136, 142, 201, 106, 107, 172, 278, 217, 195, 248, 62, 202, 247, 290, 205, 216, 166, 290, 68, 260, 182, 281, 141, 203, 269, 89, 139, 279, 81, 123, 63, 223, 195, 69, 212, 176, 266, 289], [105, 226, 160, 149, 184, 157, 145, 109, 143, 125, 252, 227, 192, 273, 77, 265, 68, 190, 132, 70, 253, 136, 222, 65, 208, 282, 284, 269, 237, 253, 155, 131, 218, 169, 133, 201, 119, 97, 271, 169, 256, 299, 141, 69, 226, 281, 122, 232, 161, 271, 289, 209, 86, 169, 267, 128, 179, 266, 221, 264], [236, 214, 250, 288, 113, 132, 284, 67, 102, 132, 268, 229, 116, 178, 295, 241, 285, 108, 259, 184, 174, 205, 230, 290, 77, 214, 267, 226, 227, 296, 160, 126, 131, 255, 82, 222, 107, 103, 91, 178, 165, 168, 173, 85, 211, 297, 294, 217, 275, 187, 188, 275, 267, 223, 233, 254, 248, 121, 166, 217], [60, 243, 101, 243, 238, 62, 260, 242, 282, 253, 69, 236, 140, 272, 190, 200, 252, 222, 130, 232, 186, 165, 199, 195, 135, 247, 232, 247, 162, 65, 98, 214, 252, 187, 143, 255, 271, 156, 114, 91, 203, 84, 220, 153, 258, 210, 256, 133, 62, 80, 94, 109, 209, 248, 143, 154, 154, 275, 87, 83], [246, 243, 112, 102, 89, 67, 284, 156, 63, 74, 67, 236, 220, 190, 182, 250, 122, 231, 147, 216, 255, 191, 219, 202, 294, 94, 298, 225, 109, 95, 128, 178, 217, 82, 186, 190, 267, 245, 111, 156, 283, 98, 79, 289, 280, 181, 224, 237, 112, 256, 217, 168, 96, 160, 282, 271, 145, 205, 109, 284], [147, 149, 200, 224, 256, 158, 210, 69, 229, 179, 70, 235, 123, 168, 89, 296, 130, 160, 82, 237, 164, 270, 295, 162, 134, 156, 132, 253, 256, 167, 142, 149, 140, 255, 275, 166, 220, 171, 196, 290, 291, 261, 241, 241, 113, 133, 73, 129, 141, 299, 74, 100, 116, 89, 97, 181, 67, 123, 128, 255], [172, 152, 296, 128, 243, 96, 195, 202, 120, 197, 228, 98, 266, 141, 273, 258, 211, 72, 174, 283, 129, 178, 283, 154, 77, 100, 60, 196, 233, 246, 231, 214, 279, 291, 213, 231, 280, 99, 145, 286, 256, 180, 115, 243, 278, 235, 261, 169, 107, 100, 107, 223, 213, 159, 147, 218, 122, 98, 266, 250], [145, 231, 267, 234, 191, 226, 68, 125, 161, 256, 78, 287, 191, 152, 290, 214, 108, 161, 168, 108, 122, 61, 232, 80, 66, 268, 113, 253, 292, 203, 197, 104, 278, 130, 276, 148, 194, 169, 190, 229, 271, 136, 228, 191, 174, 199, 146, 176, 220, 98, 160, 179, 153, 281, 89, 284, 62, 238, 111, 151], [286, 257, 264, 284, 62, 130, 298, 140, 124, 112, 225, 108, 136, 167, 238, 144, 121, 190, 287, 230, 63, 169, 140, 292, 147, 164, 278, 225, 103, 271, 291, 71, 162, 67, 284, 66, 142, 294, 65, 197, 297, 215, 71, 140, 280, 120, 220, 92, 279, 246, 278, 288, 122, 94, 196, 157, 282, 147, 275, 258], [160, 228, 89, 278, 251, 249, 167, 274, 251, 257, 91, 175, 80, 213, 62, 270, 250, 218, 255, 172, 121, 136, 109, 160, 64, 160, 128, 224, 275, 241, 249, 140, 100, 167, 127, 115, 192, 234, 149, 130, 211, 293, 156, 67, 231, 241, 167, 219, 258, 255, 225, 258, 255, 159, 298, 77, 107, 297, 90, 140], [164, 182, 217, 72, 220, 240, 292, 126, 155, 83, 93, 243, 260, 155, 298, 137, 110, 86, 160, 294, 101, 219, 183, 201, 139, 146, 267, 229, 160, 78, 127, 234, 267, 157, 105, 109, 99, 167, 82, 201, 249, 81, 202, 262, 112, 212, 184, 84, 187, 252, 179, 236, 198, 113, 91, 295, 239, 224, 233, 137], [161, 191, 117, 119, 226, 249, 70, 117, 82, 118, 112, 90, 229, 135, 237, 121, 135, 101, 100, 283, 298, 178, 177, 270, 158, 247, 93, 142, 91, 292, 73, 280, 199, 216, 116, 96, 135, 277, 240, 208, 126, 85, 232, 152, 297, 115, 124, 74, 297, 164, 98, 193, 64, 63, 61, 268, 291, 128, 130, 234], [197, 174, 104, 183, 269, 167, 273, 256, 296, 154, 234, 84, 172, 294, 135, 182, 214, 225, 203, 140, 92, 182, 83, 89, 85, 143, 125, 130, 88, 93, 285, 287, 282, 199, 84, 178, 100, 180, 71, 279, 83, 222, 92, 195, 157, 139, 207, 107, 261, 228, 106, 99, 106, 78, 215, 94, 224, 186, 194, 86], [283, 94, 73, 280, 209, 276, 178, 132, 130, 75, 96, 280, 78, 85, 94, 226, 142, 100, 199, 82, 112, 276, 293, 86, 270, 198, 245, 118, 112, 286, 296, 250, 236, 185, 281, 122, 285, 269, 162, 252, 199, 253, 193, 109, 89, 163, 207, 202, 194, 252, 280, 230, 177, 243, 150, 222, 247, 292, 223, 123], [216, 161, 252, 174, 106, 237, 269, 202, 71, 249, 211, 181, 184, 283, 198, 265, 152, 279, 264, 204, 282, 293, 159, 292, 250, 296, 221, 296, 187, 158, 165, 290, 87, 160, 276, 106, 73, 216, 146, 197, 208, 75, 175, 290, 117, 76, 125, 182, 105, 132, 224, 94, 81, 67, 79, 98, 205, 165, 131, 299], [115, 166, 73, 127, 272, 123, 276, 278, 110, 80, 102, 86, 130, 201, 182, 279, 279, 156, 253, 174, 241, 291, 119, 298, 158, 157, 184, 274, 248, 230, 82, 269, 176, 278, 286, 295, 282, 272, 218, 72, 146, 155, 117, 249, 69, 172, 179, 245, 214, 216, 104, 161, 299, 253, 239, 150, 278, 63, 158, 172], [120, 135, 196, 155, 61, 87, 194, 261, 203, 240, 167, 246, 171, 124, 194, 288, 279, 92, 222, 194, 264, 73, 119, 251, 72, 79, 119, 247, 225, 230, 230, 86, 227, 136, 174, 60, 160, 72, 67, 284, 146, 281, 117, 127, 296, 283, 185, 104, 87, 255, 71, 225, 193, 168, 206, 295, 105, 160, 288, 176], [246, 79, 206, 247, 72, 145, 261, 117, 157, 78, 259, 79, 68, 120, 101, 299, 116, 67, 129, 278, 294, 238, 278, 223, 130, 223, 85, 284, 188, 246, 262, 89, 156, 245, 206, 98, 289, 120, 169, 74, 114, 101, 231, 189, 77, 240, 144, 102, 159, 135, 215, 110, 246, 104, 234, 276, 274, 68, 159, 219], [154, 60, 155, 119, 134, 288, 279, 174, 166, 189, 239, 234, 224, 136, 295, 87, 183, 150, 195, 248, 123, 138, 109, 240, 161, 134, 67, 189, 62, 181, 60, 96, 151, 129, 220, 237, 223, 133, 107, 138, 94, 259, 237, 74, 75, 298, 102, 172, 210, 269, 71, 187, 172, 232, 90, 197, 262, 119, 278, 263], [123, 88, 213, 109, 266, 239, 94, 220, 204, 164, 243, 244, 260, 203, 254, 248, 231, 243, 121, 155, 132, 71, 229, 192, 194, 161, 235, 152, 102, 136, 205, 99, 181, 157, 290, 65, 103, 180, 152, 125, 102, 146, 90, 203, 78, 187, 232, 267, 252, 244, 110, 91, 274, 209, 256, 144, 104, 234, 174, 226], [198, 81, 233, 80, 294, 140, 216, 296, 100, 276, 264, 286, 252, 122, 152, 296, 251, 289, 248, 72, 262, 273, 98, 284, 81, 122, 219, 90, 237, 262, 85, 131, 69, 194, 219, 237, 265, 214, 286, 70, 125, 262, 95, 296, 143, 100, 197, 154, 264, 132, 184, 218, 216, 179, 108, 235, 243, 174, 142, 157], [189, 233, 161, 294, 103, 150, 126, 78, 102, 282, 105, 200, 159, 196, 290, 179, 130, 76, 108, 253, 77, 184, 286, 187, 151, 170, 294, 206, 70, 165, 201, 293, 137, 290, 223, 243, 184, 143, 260, 129, 163, 154, 186, 134, 111, 178, 296, 194, 109, 135, 154, 210, 141, 220, 178, 278, 132, 153, 101, 278], [197, 225, 182, 266, 108, 223, 108, 65, 131, 230, 177, 213, 130, 287, 221, 209, 157, 252, 80, 152, 66, 235, 200, 222, 230, 273, 257, 122, 159, 291, 109, 74, 179, 117, 272, 100, 124, 245, 133, 164, 146, 289, 224, 269, 174, 124, 267, 111, 83, 112, 235, 282, 220, 138, 63, 256, 61, 287, 200, 214], [222, 294, 206, 213, 273, 134, 291, 239, 71, 157, 110, 256, 147, 183, 184, 145, 157, 232, 286, 187, 242, 94, 134, 166, 285, 60, 91, 142, 96, 170, 273, 198, 298, 76, 171, 253, 127, 120, 128, 231, 78, 229, 293, 128, 168, 112, 151, 230, 86, 165, 206, 76, 217, 134, 104, 136, 72, 71, 293, 239], [277, 176, 284, 141, 65, 117, 285, 255, 234, 140, 163, 137, 221, 66, 167, 76, 276, 63, 91, 132, 126, 117, 132, 247, 232, 120, 135, 105, 184, 73, 173, 77, 262, 204, 293, 173, 178, 81, 136, 115, 171, 242, 153, 99, 237, 290, 132, 215, 156, 288, 174, 256, 136, 213, 130, 138, 153, 298, 114, 214], [207, 279, 74, 296, 110, 129, 138, 184, 278, 197, 119, 114, 260, 134, 168, 217, 226, 67, 110, 239, 226, 127, 212, 252, 116, 190, 100, 277, 74, 295, 112, 291, 90, 279, 273, 224, 132, 283, 234, 199, 207, 143, 220, 240, 179, 124, 113, 160, 216, 96, 248, 63, 298, 148, 299, 69, 205, 70, 140, 263], [257, 254, 115, 140, 162, 150, 298, 202, 152, 298, 124, 295, 167, 281, 154, 203, 210, 154, 269, 256, 120, 182, 191, 173, 229, 181, 64, 224, 269, 137, 223, 236, 261, 263, 233, 268, 88, 296, 175, 90, 69, 272, 117, 280, 206, 220, 148, 120, 282, 267, 66, 205, 190, 254, 217, 180, 288, 250, 62, 162], [281, 284, 147, 263, 192, 100, 241, 84, 91, 258, 62, 255, 296, 137, 254, 103, 255, 203, 61, 296, 297, 164, 216, 273, 141, 123, 193, 205, 120, 182, 201, 289, 118, 281, 126, 287, 265, 221, 293, 230, 239, 159, 109, 288, 81, 69, 214, 296, 260, 61, 257, 299, 105, 180, 201, 256, 228, 250, 89, 220], [171, 112, 272, 106, 267, 179, 134, 66, 126, 131, 63, 270, 230, 100, 194, 269, 235, 223, 175, 123, 251, 195, 238, 256, 257, 263, 285, 267, 260, 260, 296, 134, 268, 280, 299, 158, 154, 209, 126, 95, 266, 109, 210, 144, 75, 75, 260, 74, 278, 154, 284, 79, 144, 167, 233, 144, 202, 257, 105, 285], [284, 235, 118, 126, 260, 75, 148, 91, 169, 102, 101, 293, 113, 104, 232, 136, 226, 214, 230, 231, 109, 211, 104, 131, 226, 236, 254, 122, 118, 165, 193, 85, 65, 73, 268, 265, 87, 129, 296, 211, 264, 93, 184, 124, 98, 252, 260, 257, 67, 207, 277, 198, 255, 230, 105, 240, 184, 75, 119, 250], [90, 73, 224, 192, 167, 199, 292, 158, 90, 138, 116, 62, 101, 105, 235, 138, 175, 74, 166, 193, 62, 91, 299, 253, 214, 293, 291, 67, 103, 219, 140, 284, 87, 141, 291, 190, 206, 272, 152, 87, 87, 270, 285, 136, 116, 288, 261, 178, 127, 190, 217, 108, 105, 276, 99, 256, 236, 243, 265, 167], [69, 148, 174, 179, 149, 184, 266, 155, 110, 277, 177, 176, 104, 276, 236, 186, 190, 285, 258, 253, 131, 281, 119, 235, 236, 67, 144, 258, 121, 236, 122, 188, 161, 230, 154, 218, 69, 71, 179, 176, 192, 150, 145, 195, 277, 294, 261, 265, 290, 247, 295, 270, 232, 218, 243, 255, 66, 173, 197, 177], [271, 205, 258, 81, 128, 183, 263, 183, 152, 149, 158, 87, 70, 128, 271, 274, 289, 298, 76, 204, 157, 201, 101, 183, 282, 186, 160, 262, 133, 218, 126, 129, 214, 252, 128, 276, 282, 250, 248, 244, 82, 180, 79, 106, 154, 269, 185, 257, 290, 251, 138, 72, 261, 90, 256, 79, 61, 184, 296, 100], [128, 205, 122, 219, 290, 188, 223, 269, 121, 161, 248, 281, 238, 203, 214, 136, 161, 193, 116, 121, 147, 260, 227, 239, 112, 148, 130, 199, 91, 67, 250, 262, 179, 283, 230, 142, 62, 172, 122, 145, 122, 163, 133, 78, 122, 168, 225, 212, 223, 264, 288, 170, 266, 151, 74, 274, 293, 267, 119, 280], [257, 246, 64, 262, 216, 175, 70, 250, 256, 264, 119, 81, 64, 221, 163, 61, 298, 155, 80, 173, 216, 120, 176, 162, 146, 159, 207, 80, 98, 94, 267, 110, 124, 137, 228, 80, 85, 208, 144, 81, 75, 225, 116, 195, 65, 149, 239, 219, 71, 137, 217, 248, 294, 261, 62, 182, 202, 104, 219, 214], [147, 118, 112, 188, 112, 246, 219, 65, 299, 158, 102, 177, 205, 284, 237, 158, 282, 86, 175, 138, 290, 249, 213, 138, 94, 266, 241, 283, 159, 79, 149, 245, 134, 185, 61, 82, 124, 192, 201, 174, 157, 255, 124, 106, 144, 297, 242, 266, 189, 248, 284, 179, 293, 251, 91, 276, 236, 183, 121, 163], [143, 229, 261, 212, 169, 65, 109, 88, 80, 140, 193, 153, 116, 165, 84, 108, 231, 121, 299, 77, 117, 173, 250, 161, 240, 183, 205, 205, 278, 187, 153, 281, 101, 99, 168, 132, 60, 283, 258, 136, 73, 87, 80, 252, 183, 81, 63, 111, 111, 178, 198, 95, 122, 86, 106, 188, 108, 201, 234, 202], [112, 297, 290, 114, 276, 92, 221, 162, 192, 239, 263, 273, 261, 245, 278, 273, 263, 171, 252, 68, 79, 231, 106, 244, 163, 282, 158, 88, 175, 202, 71, 134, 133, 67, 136, 115, 253, 287, 228, 231, 244, 229, 163, 116, 273, 158, 258, 277, 150, 203, 229, 200, 264, 154, 244, 279, 176, 75, 228, 238], [95, 218, 125, 248, 200, 215, 162, 221, 73, 97, 121, 65, 229, 180, 287, 228, 187, 104, 298, 123, 119, 179, 74, 233, 235, 267, 67, 127, 262, 283, 217, 237, 256, 189, 87, 103, 122, 213, 134, 209, 141, 100, 266, 116, 279, 292, 236, 251, 212, 285, 71, 132, 160, 188, 69, 253, 78, 197, 299, 269], [218, 214, 169, 116, 62, 180, 236, 284, 79, 121, 140, 149, 159, 136, 131, 284, 86, 179, 84, 242, 175, 140, 287, 218, 242, 88, 192, 136, 74, 114, 199, 69, 279, 69, 250, 225, 265, 107, 157, 235, 215, 111, 272, 134, 155, 218, 88, 269, 283, 71, 153, 105, 214, 74, 294, 196, 88, 63, 205, 144], [191, 136, 283, 163, 97, 134, 298, 188, 218, 216, 221, 204, 90, 222, 197, 178, 285, 251, 258, 137, 275, 257, 103, 107, 251, 128, 215, 111, 239, 77, 145, 70, 184, 118, 93, 107, 169, 170, 194, 69, 196, 286, 69, 179, 267, 237, 70, 92, 72, 294, 93, 78, 199, 86, 236, 90, 227, 228, 131, 267], [128, 190, 190, 289, 275, 271, 229, 139, 251, 278, 210, 179, 245, 267, 77, 245, 103, 68, 161, 237, 90, 82, 142, 105, 215, 130, 214, 142, 131, 118, 113, 75, 183, 204, 98, 285, 126, 250, 274, 65, 132, 161, 66, 177, 214, 143, 186, 143, 204, 121, 241, 166, 247, 60, 112, 82, 209, 155, 72, 198], [268, 151, 152, 235, 286, 163, 118, 78, 258, 279, 71, 182, 109, 69, 164, 149, 251, 130, 99, 104, 192, 166, 176, 225, 236, 69, 277, 291, 123, 283, 93, 251, 88, 100, 85, 154, 219, 182, 227, 64, 289, 119, 236, 176, 88, 216, 104, 171, 255, 136, 104, 71, 183, 199, 129, 189, 163, 146, 271, 130], [264, 226, 84, 150, 85, 264, 109, 254, 208, 233, 294, 64, 73, 180, 220, 113, 145, 203, 137, 171, 255, 95, 238, 279, 274, 68, 194, 247, 65, 128, 280, 142, 179, 123, 260, 269, 179, 205, 90, 264, 66, 169, 190, 135, 297, 209, 112, 91, 175, 297, 245, 98, 178, 176, 280, 117, 261, 228, 200, 66], [277, 73, 181, 216, 278, 60, 195, 253, 159, 153, 108, 110, 164, 122, 166, 137, 166, 91, 237, 88, 113, 158, 141, 89, 249, 184, 146, 279, 291, 178, 131, 105, 65, 118, 241, 214, 146, 73, 263, 165, 125, 276, 120, 79, 161, 156, 146, 66, 99, 140, 293, 170, 275, 104, 162, 90, 173, 261, 102, 107], [186, 61, 93, 228, 197, 176, 110, 130, 183, 221, 285, 133, 87, 251, 155, 136, 229, 177, 229, 152, 279, 203, 218, 252, 192, 159, 288, 113, 157, 123, 171, 182, 203, 156, 282, 199, 296, 175, 180, 94, 147, 91, 144, 99, 72, 285, 207, 281, 128, 152, 82, 86, 142, 95, 227, 144, 94, 67, 114, 94], [143, 196, 196, 121, 129, 74, 146, 262, 222, 292, 220, 63, 68, 256, 97, 272, 66, 182, 77, 268, 143, 123, 202, 159, 185, 295, 254, 189, 242, 91, 232, 99, 73, 261, 64, 119, 149, 186, 165, 87, 72, 257, 274, 87, 177, 280, 230, 201, 79, 155, 145, 151, 267, 98, 236, 263, 116, 274, 215, 108], [123, 103, 115, 81, 117, 209, 284, 223, 235, 296, 137, 213, 258, 161, 205, 275, 283, 292, 290, 67, 201, 102, 280, 145, 82, 193, 262, 99, 151, 129, 90, 92, 91, 232, 290, 298, 289, 105, 270, 284, 260, 161, 166, 267, 139, 178, 289, 187, 85, 148, 142, 69, 221, 196, 222, 105, 254, 88, 168, 124], [124, 61, 282, 208, 173, 182, 143, 249, 266, 132, 67, 104, 82, 123, 188, 267, 264, 267, 205, 240, 286, 194, 95, 257, 137, 277, 201, 173, 282, 289, 201, 235, 209, 87, 154, 262, 159, 132, 240, 232, 119, 218, 280, 159, 157, 230, 168, 292, 266, 256, 273, 170, 122, 208, 274, 271, 198, 99, 229, 218], [265, 117, 231, 253, 109, 134, 133, 269, 63, 102, 78, 183, 234, 97, 161, 116, 141, 123, 208, 165, 84, 216, 296, 92, 181, 101, 101, 195, 152, 163, 198, 107, 155, 104, 202, 112, 259, 78, 90, 102, 222, 265, 72, 161, 100, 176, 130, 283, 124, 277, 189, 178, 229, 192, 63, 128, 220, 139, 172, 246], [251, 251, 106, 299, 289, 167, 272, 240, 279, 169, 286, 232, 262, 252, 184, 139, 92, 254, 290, 166, 133, 187, 289, 244, 80, 166, 206, 186, 297, 73, 187, 197, 286, 78, 92, 98, 88, 168, 280, 138, 163, 241, 70, 121, 68, 221, 253, 232, 240, 105, 292, 223, 213, 159, 227, 100, 253, 279, 186, 214], [107, 123, 98, 170, 173, 138, 167, 98, 143, 222, 106, 66, 282, 94, 168, 100, 135, 128, 77, 205, 269, 290, 237, 110, 202, 113, 274, 85, 67, 127, 151, 123, 62, 254, 298, 130, 211, 89, 125, 151, 165, 139, 64, 219, 282, 95, 260, 130, 263, 77, 127, 142, 80, 99, 184, 267, 240, 237, 131, 276], [99, 186, 91, 226, 284, 265, 97, 252, 217, 98, 136, 180, 190, 180, 94, 90, 79, 147, 116, 244, 280, 104, 108, 146, 231, 139, 138, 202, 62, 121, 222, 249, 163, 112, 146, 249, 273, 290, 60, 154, 181, 112, 232, 266, 242, 251, 160, 219, 95, 256, 163, 95, 185, 173, 106, 211, 297, 120, 126, 153], [134, 255, 219, 60, 116, 146, 274, 275, 242, 61, 291, 165, 197, 144, 101, 228, 263, 90, 243, 90, 75, 140, 191, 70, 241, 139, 261, 128, 167, 78, 265, 134, 231, 279, 73, 242, 110, 137, 262, 190, 109, 234, 188, 183, 80, 267, 229, 102, 201, 160, 272, 188, 107, 290, 266, 189, 236, 99, 293, 180], [201, 130, 134, 128, 291, 113, 138, 244, 215, 228, 214, 124, 261, 119, 222, 106, 193, 286, 220, 260, 268, 90, 197, 141, 233, 81, 115, 258, 227, 238, 75, 147, 188, 275, 92, 255, 154, 281, 184, 101, 225, 64, 262, 264, 268, 288, 104, 293, 76, 271, 150, 243, 84, 169, 270, 81, 178, 159, 235, 117], [220, 177, 81, 158, 215, 142, 154, 177, 272, 240, 259, 246, 196, 250, 138, 188, 168, 139, 294, 88, 195, 254, 287, 291, 265, 122, 206, 82, 248, 194, 168, 226, 144, 80, 141, 181, 140, 209, 206, 274, 158, 181, 71, 263, 285, 74, 269, 192, 298, 282, 221, 61, 180, 185, 215, 113, 255, 95, 127, 183], [273, 193, 118, 72, 145, 291, 223, 208, 130, 284, 89, 125, 122, 112, 206, 284, 169, 255, 150, 281, 104, 239, 219, 213, 293, 98, 153, 246, 243, 173, 241, 178, 127, 141, 144, 65, 163, 126, 96, 81, 142, 216, 288, 274, 215, 95, 83, 263, 152, 130, 205, 154, 274, 119, 112, 206, 128, 273, 248, 152], [217, 284, 142, 148, 149, 267, 97, 102, 131, 122, 225, 259, 110, 225, 264, 298, 94, 185, 195, 117, 90, 256, 186, 194, 296, 229, 238, 190, 234, 90, 288, 177, 198, 223, 270, 257, 116, 297, 261, 121, 190, 99, 78, 157, 290, 101, 227, 231, 148, 99, 164, 187, 128, 286, 288, 125, 262, 64, 167, 124], [74, 213, 112, 100, 149, 203, 186, 165, 155, 152, 157, 131, 107, 77, 150, 164, 274, 165, 296, 109, 184, 217, 104, 248, 213, 163, 214, 202, 102, 152, 187, 183, 194, 202, 168, 248, 70, 120, 80, 204, 121, 74, 80, 123, 149, 108, 64, 111, 124, 173, 239, 228, 91, 151, 101, 249, 63, 204, 157, 201]]
Variable production cost per unit of each product in each period p: 
[[27, 23, 24, 26, 26, 21, 21, 24, 22, 25, 26, 29, 21, 23, 23, 27, 27, 20, 28, 29, 24, 29, 25, 22, 21, 20, 28, 20, 25, 27, 21, 21, 25, 29, 26, 22, 27, 20, 29, 22, 29, 27, 21, 26, 24, 22, 27, 22, 29, 25, 21, 20, 25, 28, 20, 27, 20, 27, 21, 25], [28, 24, 28, 29, 21, 20, 22, 28, 29, 23, 22, 25, 26, 27, 21, 28, 21, 27, 22, 25, 23, 22, 20, 23, 27, 22, 22, 21, 21, 25, 24, 21, 28, 27, 25, 23, 21, 21, 20, 28, 28, 21, 24, 25, 21, 23, 27, 25, 22, 28, 25, 27, 29, 26, 25, 25, 28, 23, 24, 25], [27, 25, 25, 25, 23, 27, 27, 26, 24, 24, 23, 23, 21, 25, 25, 24, 21, 29, 23, 26, 22, 20, 24, 29, 24, 27, 22, 21, 26, 25, 23, 23, 24, 27, 28, 23, 27, 27, 28, 25, 25, 23, 29, 25, 20, 21, 24, 22, 26, 29, 26, 29, 28, 22, 27, 26, 22, 26, 24, 21], [21, 27, 27, 28, 21, 21, 24, 27, 23, 24, 24, 21, 29, 28, 21, 28, 20, 22, 24, 25, 26, 29, 23, 22, 28, 26, 28, 27, 20, 22, 28, 24, 27, 23, 27, 26, 23, 21, 24, 26, 20, 28, 23, 21, 26, 26, 27, 25, 20, 29, 21, 26, 29, 27, 20, 20, 25, 23, 20, 21], [21, 22, 24, 24, 29, 26, 28, 25, 29, 22, 22, 22, 28, 24, 29, 23, 29, 29, 25, 21, 21, 23, 20, 22, 24, 29, 23, 24, 20, 23, 28, 26, 29, 26, 21, 20, 25, 27, 25, 23, 28, 28, 25, 21, 27, 25, 26, 27, 20, 29, 24, 20, 20, 21, 28, 27, 21, 27, 28, 23], [27, 22, 23, 28, 28, 24, 26, 26, 25, 29, 20, 29, 23, 22, 20, 20, 24, 22, 23, 22, 21, 27, 28, 27, 26, 26, 24, 22, 20, 20, 23, 28, 28, 21, 21, 24, 26, 29, 29, 22, 25, 23, 28, 26, 24, 21, 23, 28, 25, 26, 20, 28, 22, 24, 24, 22, 24, 26, 20, 22], [27, 23, 27, 22, 28, 29, 21, 22, 29, 26, 29, 27, 22, 25, 22, 23, 25, 26, 20, 24, 29, 26, 26, 27, 29, 26, 25, 25, 29, 27, 22, 27, 29, 24, 20, 22, 21, 29, 29, 26, 27, 29, 28, 23, 25, 29, 20, 29, 25, 29, 28, 23, 22, 29, 21, 24, 24, 25, 26, 28], [22, 22, 26, 21, 23, 25, 22, 26, 26, 25, 20, 27, 24, 22, 21, 27, 29, 27, 27, 23, 21, 23, 23, 25, 28, 23, 26, 29, 28, 24, 26, 25, 21, 28, 29, 27, 20, 23, 29, 20, 22, 29, 20, 26, 28, 24, 26, 22, 28, 22, 28, 20, 27, 24, 27, 20, 24, 29, 27, 27], [20, 24, 29, 29, 28, 27, 25, 27, 28, 28, 20, 29, 28, 26, 23, 24, 26, 21, 25, 22, 23, 25, 20, 28, 24, 24, 28, 21, 27, 27, 25, 23, 29, 28, 20, 25, 24, 28, 22, 28, 23, 27, 25, 22, 25, 25, 21, 27, 25, 22, 23, 20, 21, 26, 28, 27, 28, 28, 21, 29], [26, 22, 20, 25, 22, 28, 27, 27, 24, 29, 26, 22, 27, 21, 27, 29, 24, 28, 24, 23, 23, 25, 20, 29, 25, 28, 25, 22, 20, 24, 29, 25, 21, 21, 26, 29, 25, 21, 23, 22, 25, 23, 29, 24, 22, 28, 24, 29, 21, 25, 25, 24, 29, 26, 23, 23, 21, 29, 25, 29], [22, 24, 23, 24, 21, 29, 24, 20, 25, 22, 23, 29, 20, 27, 23, 26, 23, 23, 24, 21, 20, 28, 26, 28, 21, 29, 20, 24, 26, 26, 24, 21, 22, 24, 23, 27, 24, 20, 28, 27, 25, 22, 26, 28, 24, 28, 22, 23, 29, 29, 22, 20, 22, 21, 27, 27, 25, 24, 20, 23], [25, 27, 25, 21, 26, 25, 29, 25, 24, 26, 29, 26, 22, 27, 24, 25, 28, 23, 29, 25, 25, 20, 23, 29, 21, 20, 28, 23, 22, 22, 28, 27, 28, 25, 21, 20, 27, 25, 29, 28, 26, 23, 27, 27, 24, 20, 26, 29, 25, 20, 25, 25, 22, 23, 26, 22, 29, 22, 28, 20], [22, 22, 24, 24, 28, 28, 20, 20, 22, 25, 23, 24, 29, 25, 25, 24, 25, 26, 23, 23, 23, 29, 26, 21, 20, 27, 27, 29, 21, 27, 20, 29, 28, 25, 24, 23, 29, 27, 22, 23, 28, 20, 27, 25, 26, 22, 25, 25, 27, 27, 24, 29, 24, 26, 22, 26, 27, 21, 27, 26], [25, 29, 25, 24, 20, 25, 21, 23, 24, 22, 25, 25, 25, 23, 29, 24, 25, 28, 27, 27, 21, 23, 27, 21, 23, 23, 21, 26, 22, 29, 23, 24, 22, 25, 22, 20, 27, 27, 24, 23, 25, 20, 21, 22, 23, 27, 27, 20, 28, 27, 28, 23, 27, 27, 25, 27, 26, 22, 24, 23], [21, 20, 26, 26, 28, 22, 23, 26, 26, 22, 20, 21, 27, 22, 27, 27, 22, 29, 24, 28, 25, 23, 25, 24, 29, 27, 20, 28, 21, 25, 27, 27, 20, 27, 22, 24, 25, 25, 26, 28, 27, 24, 20, 21, 27, 26, 29, 28, 28, 29, 24, 21, 22, 29, 25, 27, 21, 26, 24, 24], [29, 26, 28, 28, 26, 25, 25, 21, 26, 25, 25, 29, 23, 20, 22, 21, 28, 27, 20, 25, 23, 24, 21, 27, 27, 23, 25, 27, 28, 22, 23, 23, 23, 26, 22, 22, 27, 27, 28, 21, 25, 27, 26, 25, 28, 29, 20, 26, 27, 21, 26, 23, 26, 24, 21, 28, 25, 22, 23, 29], [25, 21, 26, 25, 22, 28, 21, 23, 22, 20, 23, 26, 21, 27, 23, 23, 23, 20, 29, 27, 22, 22, 26, 26, 27, 26, 28, 24, 22, 28, 28, 25, 28, 26, 26, 25, 28, 26, 20, 21, 21, 26, 21, 21, 27, 26, 28, 25, 27, 27, 21, 26, 26, 26, 25, 29, 25, 20, 28, 29], [28, 22, 26, 27, 23, 23, 24, 28, 22, 24, 29, 23, 27, 25, 25, 24, 28, 26, 21, 26, 24, 29, 20, 26, 28, 24, 20, 22, 28, 20, 20, 24, 25, 29, 25, 23, 24, 21, 27, 21, 26, 21, 24, 21, 23, 28, 25, 29, 21, 24, 24, 23, 25, 27, 20, 29, 27, 20, 20, 29], [28, 20, 28, 27, 23, 24, 28, 20, 24, 20, 27, 23, 25, 26, 22, 22, 29, 22, 25, 26, 23, 24, 28, 20, 25, 21, 24, 22, 22, 29, 25, 29, 28, 27, 20, 21, 24, 23, 27, 28, 29, 23, 25, 21, 22, 22, 29, 29, 24, 26, 27, 20, 25, 28, 28, 28, 25, 22, 21, 23], [29, 24, 21, 24, 23, 29, 26, 24, 21, 21, 21, 25, 22, 20, 22, 23, 27, 23, 21, 25, 20, 22, 27, 23, 20, 20, 28, 22, 26, 29, 21, 22, 24, 21, 25, 21, 21, 28, 20, 23, 29, 23, 27, 26, 25, 20, 26, 25, 20, 20, 26, 20, 29, 21, 29, 21, 25, 29, 22, 29], [20, 22, 22, 28, 22, 23, 26, 27, 24, 21, 21, 25, 20, 23, 25, 29, 25, 25, 22, 27, 29, 25, 22, 26, 25, 22, 25, 26, 26, 28, 26, 24, 22, 25, 28, 22, 28, 26, 23, 21, 29, 24, 20, 21, 20, 21, 24, 27, 23, 24, 24, 26, 28, 21, 20, 24, 28, 27, 20, 24], [28, 29, 25, 28, 24, 23, 29, 24, 24, 24, 28, 24, 22, 24, 26, 22, 20, 26, 29, 27, 28, 25, 27, 29, 28, 23, 25, 20, 24, 23, 25, 26, 20, 25, 20, 23, 28, 23, 23, 25, 28, 21, 21, 23, 29, 23, 25, 21, 20, 22, 23, 21, 22, 22, 26, 22, 25, 29, 24, 29], [28, 27, 21, 22, 25, 27, 26, 25, 26, 28, 25, 23, 21, 20, 23, 22, 26, 28, 27, 23, 20, 23, 23, 24, 29, 25, 25, 27, 28, 27, 23, 22, 22, 27, 24, 25, 20, 23, 28, 21, 27, 26, 20, 27, 26, 20, 23, 28, 28, 28, 28, 22, 25, 22, 21, 24, 21, 25, 21, 28], [26, 28, 26, 24, 21, 23, 27, 20, 21, 28, 23, 25, 26, 28, 22, 22, 20, 28, 26, 29, 29, 26, 27, 27, 28, 29, 24, 24, 28, 26, 24, 26, 29, 29, 24, 22, 23, 20, 21, 25, 27, 27, 25, 23, 27, 29, 21, 26, 24, 27, 20, 27, 29, 29, 20, 25, 23, 26, 23, 20], [20, 27, 24, 25, 21, 24, 29, 26, 28, 29, 29, 20, 24, 26, 20, 22, 25, 24, 22, 25, 27, 26, 29, 26, 25, 24, 21, 21, 24, 23, 24, 29, 20, 26, 26, 26, 28, 24, 29, 27, 23, 21, 24, 29, 20, 24, 28, 28, 27, 23, 24, 28, 29, 25, 23, 25, 27, 28, 27, 25], [28, 29, 20, 22, 26, 24, 26, 27, 28, 25, 22, 26, 24, 24, 22, 25, 29, 23, 21, 27, 23, 27, 22, 28, 29, 27, 26, 26, 26, 27, 28, 23, 26, 23, 20, 25, 22, 27, 20, 26, 20, 22, 23, 27, 24, 25, 29, 28, 20, 20, 29, 25, 21, 20, 27, 20, 28, 27, 27, 22], [23, 25, 20, 26, 27, 24, 21, 27, 28, 26, 24, 20, 27, 25, 22, 26, 21, 29, 29, 26, 26, 24, 26, 28, 24, 20, 22, 21, 29, 26, 22, 25, 23, 23, 25, 20, 20, 25, 22, 22, 25, 22, 20, 24, 27, 20, 26, 20, 26, 23, 28, 25, 23, 26, 21, 24, 24, 27, 22, 27], [27, 23, 26, 20, 22, 20, 25, 20, 25, 25, 26, 21, 23, 27, 29, 22, 20, 27, 29, 21, 24, 24, 24, 20, 23, 28, 21, 29, 24, 29, 28, 20, 27, 21, 24, 24, 22, 21, 24, 23, 26, 22, 23, 26, 26, 29, 25, 22, 25, 23, 26, 22, 28, 27, 23, 26, 27, 21, 29, 23], [29, 26, 27, 20, 22, 21, 25, 26, 23, 22, 29, 27, 25, 25, 23, 20, 21, 26, 28, 29, 21, 23, 21, 26, 29, 21, 29, 26, 27, 22, 21, 26, 23, 27, 25, 20, 20, 24, 22, 26, 24, 23, 27, 20, 29, 20, 22, 23, 24, 21, 21, 20, 24, 22, 29, 25, 28, 27, 24, 25], [20, 20, 26, 24, 28, 23, 29, 20, 25, 28, 24, 20, 28, 20, 23, 27, 23, 26, 26, 20, 28, 24, 21, 26, 27, 20, 26, 22, 26, 22, 29, 29, 28, 27, 29, 27, 26, 27, 24, 23, 28, 22, 29, 20, 25, 29, 26, 28, 23, 27, 22, 21, 21, 26, 20, 22, 26, 20, 21, 20], [23, 22, 22, 27, 29, 27, 21, 26, 23, 26, 25, 20, 24, 26, 23, 24, 27, 26, 27, 25, 23, 21, 25, 21, 25, 23, 24, 28, 27, 25, 29, 22, 25, 28, 28, 27, 29, 20, 29, 27, 24, 28, 29, 28, 29, 22, 22, 25, 21, 25, 24, 23, 26, 27, 27, 29, 22, 23, 21, 20], [24, 24, 23, 25, 23, 26, 25, 28, 29, 23, 20, 25, 28, 29, 27, 29, 28, 26, 21, 29, 27, 22, 27, 24, 27, 24, 28, 26, 22, 26, 23, 28, 21, 26, 28, 24, 22, 21, 22, 23, 22, 22, 23, 20, 27, 27, 29, 27, 22, 25, 26, 23, 21, 24, 21, 26, 21, 28, 27, 21], [20, 22, 20, 21, 28, 25, 24, 26, 20, 23, 22, 29, 27, 24, 24, 22, 29, 28, 27, 24, 24, 25, 21, 25, 20, 25, 22, 29, 22, 28, 23, 22, 26, 21, 24, 20, 23, 27, 27, 28, 22, 28, 26, 24, 27, 23, 24, 28, 23, 27, 21, 25, 27, 28, 27, 22, 23, 27, 23, 23], [29, 29, 25, 22, 20, 26, 27, 29, 28, 28, 22, 22, 20, 21, 20, 23, 22, 29, 28, 20, 21, 22, 20, 23, 24, 25, 25, 27, 26, 26, 29, 20, 22, 23, 28, 22, 20, 25, 21, 26, 20, 26, 20, 21, 21, 26, 24, 21, 23, 21, 26, 22, 26, 23, 23, 20, 27, 26, 21, 21], [27, 25, 25, 29, 25, 22, 25, 23, 23, 28, 26, 20, 21, 28, 28, 28, 20, 20, 25, 29, 27, 20, 26, 23, 29, 21, 20, 21, 27, 27, 25, 20, 21, 24, 27, 27, 21, 28, 27, 22, 28, 24, 22, 29, 22, 23, 24, 24, 25, 29, 24, 22, 24, 27, 20, 29, 20, 22, 28, 23], [22, 27, 27, 29, 21, 24, 26, 21, 20, 22, 21, 28, 24, 22, 27, 24, 22, 28, 20, 21, 20, 22, 28, 20, 27, 22, 23, 29, 24, 23, 29, 20, 25, 29, 20, 26, 28, 28, 24, 27, 23, 27, 22, 27, 24, 26, 22, 22, 20, 26, 23, 21, 27, 27, 29, 21, 24, 23, 22, 29], [22, 29, 24, 20, 29, 21, 24, 22, 26, 25, 22, 25, 22, 27, 29, 24, 24, 23, 25, 27, 29, 26, 20, 25, 27, 20, 20, 28, 23, 23, 20, 29, 26, 29, 22, 20, 29, 28, 21, 24, 23, 26, 28, 29, 28, 29, 22, 24, 21, 24, 24, 29, 24, 27, 29, 28, 21, 23, 24, 26], [22, 21, 24, 29, 26, 21, 23, 27, 26, 23, 27, 20, 25, 22, 23, 20, 25, 20, 21, 24, 21, 20, 24, 22, 26, 26, 22, 25, 23, 23, 26, 21, 21, 20, 22, 20, 28, 28, 29, 23, 20, 25, 29, 23, 20, 25, 20, 25, 29, 24, 21, 21, 20, 27, 25, 20, 22, 28, 23, 26], [23, 22, 20, 21, 22, 20, 28, 25, 21, 26, 28, 26, 24, 20, 22, 28, 28, 28, 24, 21, 27, 29, 21, 27, 28, 23, 25, 21, 23, 27, 25, 29, 28, 22, 22, 23, 21, 21, 21, 24, 26, 26, 20, 27, 29, 26, 22, 23, 20, 23, 26, 28, 26, 26, 24, 22, 21, 24, 20, 29], [28, 28, 24, 22, 29, 21, 28, 21, 22, 28, 29, 23, 24, 21, 27, 29, 26, 25, 26, 24, 23, 22, 24, 23, 23, 20, 28, 22, 22, 23, 22, 23, 20, 22, 28, 28, 26, 27, 22, 26, 23, 28, 26, 22, 27, 25, 24, 26, 28, 28, 26, 24, 27, 20, 23, 20, 28, 27, 24, 26], [21, 22, 25, 26, 27, 27, 29, 27, 27, 21, 26, 25, 20, 24, 28, 27, 28, 29, 27, 23, 25, 20, 20, 28, 23, 27, 29, 23, 21, 22, 27, 25, 25, 21, 26, 29, 28, 26, 22, 29, 25, 24, 26, 20, 29, 23, 24, 27, 28, 23, 23, 21, 27, 24, 20, 22, 26, 25, 21, 28], [28, 24, 28, 28, 21, 23, 26, 21, 21, 22, 21, 23, 24, 26, 23, 29, 27, 27, 20, 28, 29, 27, 28, 29, 25, 20, 22, 21, 27, 22, 21, 20, 22, 25, 22, 20, 29, 27, 24, 25, 23, 20, 24, 28, 21, 21, 22, 29, 26, 22, 27, 25, 27, 24, 21, 26, 26, 21, 24, 25], [28, 23, 23, 22, 24, 26, 29, 20, 28, 20, 20, 27, 22, 26, 28, 29, 26, 28, 28, 26, 21, 28, 21, 25, 25, 27, 20, 24, 26, 23, 29, 24, 22, 27, 23, 22, 29, 24, 29, 29, 26, 23, 28, 26, 20, 27, 23, 23, 20, 25, 20, 25, 29, 27, 25, 23, 29, 25, 20, 25], [21, 21, 22, 21, 28, 28, 26, 20, 27, 27, 22, 21, 28, 28, 25, 24, 29, 27, 24, 25, 23, 25, 22, 29, 26, 25, 23, 24, 26, 26, 22, 24, 21, 23, 24, 28, 28, 22, 24, 29, 21, 29, 21, 26, 23, 25, 21, 26, 24, 26, 24, 26, 23, 25, 23, 21, 28, 23, 20, 25], [22, 24, 20, 23, 28, 24, 28, 29, 25, 20, 21, 26, 22, 27, 24, 24, 25, 24, 23, 27, 22, 22, 21, 28, 28, 23, 24, 25, 20, 22, 26, 24, 20, 26, 24, 22, 28, 28, 26, 21, 29, 22, 27, 22, 23, 24, 27, 22, 26, 25, 28, 20, 25, 29, 25, 28, 25, 24, 25, 29], [28, 23, 23, 27, 25, 24, 29, 20, 21, 21, 21, 22, 29, 23, 24, 28, 29, 26, 21, 28, 24, 22, 23, 22, 29, 20, 27, 26, 29, 28, 29, 23, 25, 25, 28, 29, 24, 20, 25, 20, 22, 23, 29, 24, 28, 20, 20, 26, 25, 26, 22, 25, 26, 24, 23, 20, 24, 20, 23, 22], [29, 29, 20, 22, 29, 27, 25, 24, 20, 20, 29, 29, 24, 21, 22, 29, 27, 28, 28, 26, 21, 22, 26, 26, 27, 21, 28, 23, 27, 24, 29, 21, 29, 29, 25, 29, 20, 21, 23, 26, 22, 27, 22, 21, 23, 20, 21, 22, 25, 27, 23, 22, 24, 23, 20, 27, 28, 20, 26, 23], [27, 23, 26, 24, 29, 25, 20, 27, 27, 22, 20, 29, 20, 26, 20, 25, 25, 20, 26, 22, 24, 25, 24, 26, 24, 22, 22, 21, 24, 20, 21, 29, 22, 27, 20, 22, 23, 22, 21, 29, 28, 23, 24, 29, 23, 29, 24, 22, 21, 22, 27, 25, 23, 26, 24, 27, 23, 25, 29, 24], [21, 20, 22, 22, 23, 23, 26, 27, 29, 20, 23, 20, 29, 23, 26, 26, 21, 22, 27, 20, 29, 20, 23, 28, 29, 25, 28, 23, 25, 23, 27, 21, 25, 20, 26, 24, 27, 27, 27, 27, 26, 28, 21, 28, 26, 20, 22, 20, 24, 20, 28, 21, 20, 22, 20, 25, 23, 20, 26, 21], [25, 22, 20, 23, 23, 23, 27, 23, 23, 27, 25, 20, 25, 25, 28, 22, 29, 24, 28, 27, 29, 28, 22, 20, 24, 22, 27, 25, 27, 25, 26, 21, 24, 23, 20, 22, 29, 24, 26, 20, 24, 28, 27, 25, 20, 24, 25, 21, 29, 23, 23, 22, 22, 29, 22, 21, 22, 28, 24, 29], [27, 23, 24, 26, 25, 23, 21, 21, 21, 22, 22, 27, 23, 20, 29, 29, 23, 27, 28, 21, 22, 29, 25, 21, 21, 28, 28, 29, 28, 21, 23, 21, 25, 20, 21, 20, 24, 23, 28, 29, 29, 27, 20, 20, 22, 21, 28, 22, 22, 26, 23, 21, 25, 26, 24, 26, 21, 21, 24, 25], [23, 22, 28, 23, 20, 26, 25, 20, 28, 27, 22, 26, 26, 25, 24, 20, 29, 22, 23, 29, 27, 29, 27, 29, 21, 25, 23, 20, 27, 26, 22, 24, 25, 25, 29, 26, 23, 22, 28, 24, 20, 29, 23, 26, 28, 26, 26, 23, 27, 24, 27, 21, 28, 25, 29, 28, 21, 23, 21, 25], [28, 21, 23, 20, 29, 24, 22, 21, 25, 21, 24, 27, 21, 27, 29, 24, 22, 26, 23, 25, 23, 24, 23, 25, 29, 28, 20, 26, 27, 27, 28, 27, 20, 20, 29, 29, 29, 25, 28, 22, 29, 20, 22, 28, 29, 24, 21, 27, 28, 29, 25, 21, 20, 29, 20, 24, 24, 21, 25, 21], [22, 21, 26, 23, 27, 26, 22, 24, 23, 21, 28, 23, 22, 22, 22, 28, 25, 20, 23, 28, 20, 27, 23, 29, 22, 23, 26, 28, 24, 26, 20, 28, 25, 27, 27, 27, 22, 29, 28, 26, 22, 23, 25, 25, 28, 22, 27, 29, 22, 23, 27, 22, 23, 20, 28, 20, 28, 23, 20, 24], [21, 22, 21, 22, 20, 27, 28, 23, 24, 23, 29, 26, 24, 21, 24, 28, 27, 25, 20, 24, 20, 23, 20, 25, 24, 26, 22, 26, 20, 21, 29, 25, 26, 25, 25, 25, 25, 21, 29, 22, 21, 25, 26, 28, 25, 22, 24, 23, 26, 23, 25, 27, 25, 24, 22, 28, 24, 21, 28, 20], [21, 26, 23, 26, 21, 28, 20, 28, 27, 20, 28, 22, 26, 26, 27, 25, 21, 24, 27, 28, 20, 24, 20, 20, 24, 26, 24, 22, 29, 25, 29, 25, 22, 28, 25, 29, 28, 22, 27, 29, 22, 21, 20, 29, 22, 23, 21, 27, 22, 29, 21, 26, 28, 21, 26, 22, 25, 25, 25, 22], [21, 28, 21, 24, 25, 22, 21, 22, 25, 28, 24, 29, 25, 24, 25, 21, 21, 29, 21, 22, 22, 29, 24, 29, 26, 26, 20, 21, 20, 29, 22, 23, 28, 28, 22, 26, 27, 20, 28, 21, 25, 27, 21, 22, 25, 21, 22, 27, 28, 21, 27, 22, 29, 23, 22, 20, 29, 29, 28, 21], [24, 20, 23, 28, 29, 25, 24, 21, 28, 28, 28, 26, 24, 28, 27, 22, 20, 21, 28, 26, 25, 22, 29, 25, 22, 25, 25, 21, 26, 25, 25, 26, 21, 27, 22, 22, 22, 24, 24, 27, 26, 28, 23, 28, 24, 22, 25, 25, 25, 29, 23, 20, 21, 22, 28, 24, 28, 29, 29, 20], [28, 22, 20, 28, 28, 28, 29, 21, 21, 21, 23, 24, 27, 27, 27, 29, 22, 23, 24, 27, 21, 27, 26, 21, 25, 26, 21, 25, 25, 23, 26, 27, 26, 26, 25, 23, 26, 25, 28, 25, 22, 27, 26, 21, 25, 24, 25, 22, 25, 24, 28, 20, 23, 25, 26, 25, 29, 27, 22, 21], [20, 29, 29, 20, 24, 27, 24, 22, 22, 28, 28, 27, 25, 28, 27, 29, 20, 27, 26, 26, 26, 25, 25, 23, 27, 28, 22, 20, 29, 27, 22, 26, 29, 29, 22, 22, 22, 26, 21, 27, 21, 21, 22, 27, 20, 21, 27, 22, 24, 25, 22, 27, 25, 29, 29, 21, 25, 24, 28, 25]]
Inventory holding cost per unit of each product by the end of each period h: 
[[16, 18, 15, 18, 16, 13, 15, 16, 15, 17, 19, 19, 12, 15, 12, 14, 19, 12, 10, 10, 11, 14, 12, 19, 12, 13, 16, 15, 10, 15, 17, 15, 14, 12, 11, 13, 12, 14, 10, 18, 12, 18, 11, 17, 16, 12, 16, 12, 18, 17, 11, 19, 19, 10, 15, 14, 14, 18, 16, 14], [19, 15, 11, 18, 17, 17, 11, 11, 12, 15, 15, 16, 15, 15, 18, 15, 13, 17, 18, 17, 16, 14, 11, 11, 13, 11, 16, 10, 11, 14, 11, 15, 15, 11, 16, 16, 14, 16, 17, 19, 19, 11, 15, 18, 17, 18, 12, 18, 13, 15, 19, 14, 16, 15, 18, 16, 13, 15, 18, 19], [18, 17, 10, 12, 14, 17, 17, 18, 13, 16, 10, 17, 13, 13, 11, 11, 18, 12, 14, 19, 16, 13, 14, 15, 13, 17, 17, 10, 17, 16, 19, 16, 12, 18, 16, 11, 10, 18, 17, 10, 13, 13, 12, 11, 15, 15, 18, 17, 10, 16, 13, 16, 11, 14, 15, 17, 17, 17, 16, 14], [16, 10, 10, 14, 17, 19, 13, 18, 18, 18, 13, 13, 17, 17, 18, 13, 17, 12, 18, 16, 15, 10, 14, 12, 15, 14, 16, 19, 12, 10, 19, 18, 14, 15, 17, 17, 18, 17, 10, 14, 12, 13, 10, 17, 11, 18, 12, 14, 18, 10, 14, 17, 19, 13, 11, 10, 14, 19, 12, 13], [17, 13, 12, 16, 12, 18, 11, 13, 17, 14, 19, 16, 12, 10, 14, 18, 17, 14, 19, 10, 19, 17, 18, 12, 15, 15, 15, 15, 16, 10, 10, 14, 13, 15, 19, 13, 15, 10, 10, 17, 10, 13, 18, 14, 17, 11, 17, 10, 19, 18, 10, 19, 19, 11, 15, 11, 16, 15, 11, 16], [18, 12, 10, 12, 19, 12, 10, 19, 18, 16, 18, 14, 15, 18, 18, 17, 12, 11, 16, 10, 13, 16, 12, 15, 14, 13, 10, 18, 10, 18, 16, 15, 14, 19, 10, 14, 18, 15, 13, 14, 18, 16, 10, 12, 10, 16, 10, 14, 18, 16, 13, 15, 19, 17, 16, 11, 10, 14, 10, 11], [13, 15, 13, 18, 11, 10, 17, 11, 15, 15, 12, 12, 15, 19, 15, 18, 13, 17, 10, 11, 15, 19, 19, 17, 10, 11, 10, 19, 18, 14, 15, 13, 10, 13, 18, 16, 12, 12, 10, 18, 15, 11, 11, 16, 14, 17, 19, 14, 14, 10, 15, 10, 13, 12, 11, 16, 13, 14, 11, 10], [14, 13, 13, 15, 17, 18, 19, 15, 15, 14, 19, 19, 15, 10, 18, 19, 18, 15, 16, 15, 14, 17, 18, 17, 15, 12, 11, 19, 18, 18, 14, 14, 14, 14, 14, 17, 17, 16, 18, 19, 17, 18, 15, 19, 15, 15, 10, 13, 17, 13, 18, 19, 18, 17, 13, 16, 11, 12, 11, 19], [11, 16, 12, 16, 19, 10, 15, 10, 14, 17, 14, 15, 17, 18, 12, 15, 17, 11, 19, 11, 15, 15, 13, 13, 12, 17, 12, 17, 14, 18, 16, 13, 13, 19, 18, 11, 12, 18, 13, 14, 12, 11, 12, 14, 11, 14, 13, 11, 13, 19, 10, 12, 18, 13, 19, 11, 17, 10, 15, 19], [14, 15, 14, 10, 14, 12, 15, 11, 19, 16, 19, 14, 16, 19, 11, 11, 10, 18, 19, 10, 19, 11, 13, 14, 15, 19, 19, 15, 11, 11, 12, 11, 14, 16, 10, 19, 10, 12, 14, 15, 13, 18, 19, 14, 15, 10, 14, 13, 16, 19, 10, 13, 17, 16, 16, 11, 18, 12, 14, 13], [14, 10, 16, 19, 18, 16, 12, 12, 11, 18, 13, 14, 15, 19, 12, 10, 11, 13, 14, 14, 18, 15, 11, 19, 19, 18, 18, 18, 19, 12, 15, 12, 18, 13, 10, 13, 16, 19, 18, 12, 11, 13, 11, 13, 11, 13, 19, 17, 15, 16, 16, 14, 13, 17, 15, 16, 17, 10, 13, 10], [19, 18, 17, 17, 17, 16, 18, 16, 10, 17, 18, 11, 19, 16, 14, 17, 18, 12, 18, 11, 11, 15, 10, 16, 10, 14, 13, 15, 14, 17, 13, 14, 15, 11, 14, 16, 19, 12, 14, 12, 17, 18, 18, 13, 13, 11, 16, 13, 10, 10, 15, 16, 18, 10, 12, 15, 19, 11, 15, 15], [17, 12, 16, 14, 14, 10, 11, 18, 19, 14, 16, 13, 19, 14, 17, 10, 17, 12, 10, 18, 11, 17, 13, 17, 11, 15, 19, 17, 15, 19, 14, 12, 14, 10, 17, 12, 17, 12, 15, 14, 18, 12, 19, 17, 18, 10, 19, 12, 14, 11, 19, 11, 15, 17, 10, 17, 13, 17, 11, 11], [19, 14, 11, 14, 12, 10, 17, 19, 14, 14, 13, 18, 18, 12, 11, 10, 13, 12, 13, 11, 14, 16, 19, 19, 18, 10, 13, 17, 16, 14, 10, 16, 14, 17, 16, 16, 18, 16, 10, 10, 19, 15, 10, 18, 15, 11, 11, 15, 16, 19, 14, 14, 11, 10, 15, 12, 19, 15, 12, 11], [12, 17, 18, 18, 11, 10, 13, 15, 10, 18, 16, 12, 18, 12, 14, 19, 17, 11, 15, 18, 15, 15, 14, 18, 19, 12, 15, 19, 14, 16, 13, 12, 18, 18, 19, 13, 13, 10, 15, 10, 15, 13, 15, 12, 16, 10, 12, 13, 11, 11, 13, 16, 17, 11, 10, 13, 17, 14, 14, 14], [19, 17, 11, 13, 16, 17, 13, 19, 12, 16, 11, 15, 16, 14, 14, 11, 15, 11, 18, 13, 17, 12, 19, 12, 13, 10, 10, 10, 19, 14, 18, 11, 18, 10, 18, 13, 10, 11, 10, 14, 18, 13, 10, 19, 18, 18, 13, 17, 15, 11, 14, 13, 14, 15, 17, 10, 13, 14, 17, 13], [12, 19, 14, 10, 15, 11, 16, 12, 16, 15, 12, 13, 13, 10, 13, 12, 14, 14, 17, 19, 13, 18, 16, 12, 13, 10, 16, 15, 15, 15, 11, 15, 17, 14, 18, 18, 14, 19, 12, 15, 12, 14, 16, 13, 13, 16, 10, 18, 16, 11, 10, 15, 11, 13, 19, 16, 10, 11, 16, 13], [10, 15, 16, 16, 19, 14, 12, 18, 19, 15, 14, 17, 13, 12, 11, 10, 14, 16, 10, 18, 13, 18, 15, 15, 13, 18, 18, 17, 14, 14, 10, 11, 17, 17, 17, 12, 17, 15, 18, 18, 15, 14, 13, 18, 18, 10, 16, 19, 15, 11, 15, 14, 10, 12, 10, 14, 18, 19, 16, 14], [12, 15, 13, 16, 14, 13, 19, 10, 12, 10, 12, 14, 11, 13, 19, 18, 13, 13, 10, 17, 17, 10, 19, 17, 17, 12, 14, 17, 10, 15, 15, 19, 10, 12, 18, 17, 11, 10, 17, 19, 15, 18, 12, 10, 11, 19, 14, 11, 15, 17, 12, 16, 11, 18, 19, 15, 15, 18, 10, 17], [10, 18, 15, 18, 18, 16, 11, 16, 18, 17, 13, 10, 11, 16, 11, 10, 18, 10, 16, 11, 14, 12, 12, 12, 17, 16, 13, 10, 17, 13, 13, 16, 18, 13, 11, 14, 17, 12, 16, 19, 14, 18, 17, 17, 16, 11, 11, 16, 15, 11, 16, 10, 13, 14, 17, 15, 18, 15, 10, 17], [12, 11, 16, 18, 15, 14, 13, 19, 10, 16, 14, 11, 19, 14, 17, 19, 19, 12, 13, 12, 15, 13, 19, 19, 19, 16, 16, 13, 19, 11, 12, 13, 14, 17, 15, 15, 14, 18, 14, 11, 11, 10, 12, 13, 19, 15, 16, 16, 15, 19, 15, 18, 11, 14, 12, 11, 16, 10, 11, 11], [10, 10, 17, 11, 18, 14, 13, 14, 13, 13, 10, 17, 18, 11, 10, 16, 19, 19, 12, 10, 14, 18, 14, 11, 13, 10, 15, 11, 14, 14, 19, 10, 18, 17, 19, 12, 19, 14, 17, 14, 19, 14, 18, 18, 14, 12, 13, 12, 11, 17, 16, 14, 19, 12, 18, 19, 13, 19, 14, 18], [16, 13, 11, 17, 10, 17, 14, 13, 16, 13, 11, 17, 16, 14, 19, 16, 18, 12, 18, 12, 11, 17, 15, 14, 10, 15, 13, 13, 11, 16, 18, 16, 16, 14, 14, 12, 17, 15, 12, 13, 12, 13, 17, 11, 17, 11, 19, 13, 17, 12, 18, 18, 18, 15, 16, 10, 14, 14, 11, 15], [14, 17, 11, 11, 13, 18, 12, 17, 18, 19, 19, 10, 15, 14, 13, 19, 11, 14, 10, 19, 18, 17, 11, 14, 14, 15, 12, 13, 13, 12, 19, 18, 10, 10, 10, 14, 19, 18, 19, 10, 13, 18, 10, 12, 15, 16, 18, 13, 10, 12, 16, 10, 13, 16, 13, 19, 14, 11, 10, 13], [12, 11, 17, 19, 17, 19, 18, 18, 14, 11, 12, 10, 14, 14, 15, 11, 13, 10, 10, 10, 19, 18, 12, 10, 19, 15, 12, 19, 10, 16, 11, 16, 14, 13, 19, 19, 18, 13, 11, 10, 10, 16, 15, 11, 19, 12, 16, 18, 11, 10, 16, 13, 16, 17, 13, 13, 16, 10, 10, 18], [11, 10, 10, 15, 14, 19, 15, 13, 16, 14, 13, 19, 19, 13, 17, 13, 11, 17, 19, 10, 14, 19, 14, 14, 15, 14, 12, 19, 12, 11, 19, 13, 17, 18, 17, 17, 15, 19, 18, 10, 15, 12, 10, 12, 13, 18, 18, 12, 13, 10, 16, 14, 16, 12, 14, 11, 11, 14, 10, 19], [16, 10, 12, 10, 14, 15, 16, 18, 19, 17, 16, 12, 15, 16, 12, 11, 19, 13, 17, 15, 16, 19, 11, 16, 10, 17, 15, 19, 16, 14, 14, 13, 18, 14, 15, 18, 16, 11, 14, 10, 13, 11, 18, 11, 17, 15, 17, 16, 12, 17, 18, 13, 17, 19, 16, 17, 10, 18, 15, 19], [18, 16, 18, 12, 15, 16, 13, 18, 10, 11, 16, 18, 11, 12, 13, 19, 16, 12, 10, 19, 16, 10, 16, 10, 11, 19, 15, 17, 14, 18, 15, 16, 17, 18, 18, 19, 19, 15, 15, 11, 16, 14, 17, 12, 16, 16, 16, 13, 15, 11, 13, 16, 11, 13, 14, 14, 14, 19, 18, 11], [17, 18, 17, 15, 17, 16, 11, 16, 17, 15, 14, 10, 10, 13, 16, 10, 11, 19, 18, 11, 11, 16, 13, 14, 19, 13, 11, 16, 11, 17, 10, 14, 14, 12, 17, 18, 19, 15, 10, 19, 11, 11, 19, 11, 19, 18, 16, 17, 13, 16, 16, 10, 16, 19, 13, 12, 11, 10, 17, 12], [12, 14, 17, 18, 16, 18, 19, 11, 13, 18, 13, 12, 16, 11, 16, 19, 13, 10, 17, 13, 16, 15, 11, 15, 11, 14, 15, 10, 19, 12, 18, 11, 17, 13, 11, 14, 12, 17, 18, 13, 14, 13, 10, 11, 10, 14, 12, 11, 16, 13, 13, 14, 14, 17, 17, 14, 17, 11, 19, 17], [16, 17, 16, 12, 12, 17, 16, 13, 12, 17, 10, 18, 19, 18, 12, 18, 12, 17, 19, 14, 16, 12, 11, 18, 14, 15, 12, 14, 15, 11, 18, 10, 17, 12, 12, 11, 14, 16, 13, 15, 12, 12, 11, 19, 18, 15, 17, 19, 14, 14, 16, 13, 15, 12, 17, 13, 12, 12, 15, 18], [11, 11, 10, 14, 10, 14, 11, 18, 10, 14, 12, 14, 19, 14, 13, 10, 15, 17, 12, 17, 10, 19, 15, 12, 11, 11, 17, 12, 15, 15, 16, 15, 17, 16, 11, 11, 16, 17, 19, 10, 16, 18, 19, 16, 17, 17, 10, 16, 12, 11, 15, 10, 15, 10, 10, 14, 10, 14, 14, 18], [11, 19, 13, 14, 12, 18, 18, 19, 19, 14, 10, 11, 10, 11, 14, 11, 18, 11, 10, 11, 12, 11, 19, 19, 11, 18, 17, 17, 12, 11, 17, 18, 10, 16, 13, 11, 16, 19, 16, 17, 15, 15, 12, 15, 16, 11, 17, 13, 12, 18, 19, 17, 15, 11, 10, 14, 14, 11, 15, 13], [11, 10, 11, 17, 16, 19, 18, 19, 13, 18, 14, 11, 15, 10, 19, 15, 12, 11, 15, 10, 15, 17, 15, 11, 19, 11, 16, 17, 10, 10, 19, 17, 17, 14, 19, 11, 16, 15, 18, 18, 10, 10, 14, 14, 19, 13, 14, 10, 18, 11, 11, 19, 19, 15, 10, 14, 12, 18, 18, 13], [16, 13, 13, 15, 19, 12, 13, 19, 19, 12, 12, 10, 18, 12, 19, 18, 16, 12, 16, 11, 15, 11, 18, 12, 13, 15, 12, 19, 17, 17, 17, 18, 14, 19, 13, 18, 10, 19, 11, 18, 12, 10, 11, 13, 12, 14, 19, 13, 18, 12, 11, 13, 11, 14, 14, 16, 19, 15, 14, 14], [10, 12, 16, 18, 15, 10, 10, 14, 13, 15, 12, 14, 16, 12, 18, 11, 11, 17, 15, 13, 19, 19, 10, 15, 14, 15, 12, 13, 14, 10, 11, 16, 11, 17, 17, 13, 10, 19, 18, 11, 19, 18, 19, 15, 13, 17, 18, 16, 15, 19, 14, 14, 18, 15, 14, 13, 11, 13, 17, 13], [13, 13, 14, 11, 17, 11, 12, 13, 16, 12, 15, 15, 11, 17, 18, 12, 17, 11, 15, 17, 10, 11, 16, 13, 19, 13, 18, 11, 16, 12, 17, 14, 13, 13, 13, 14, 17, 15, 17, 11, 15, 15, 18, 10, 15, 10, 12, 11, 16, 14, 18, 10, 14, 10, 19, 10, 17, 10, 10, 17], [13, 11, 18, 10, 19, 10, 19, 14, 18, 14, 17, 12, 13, 17, 18, 12, 15, 12, 16, 12, 15, 11, 19, 12, 10, 18, 11, 18, 18, 19, 16, 17, 16, 18, 10, 13, 18, 15, 19, 10, 11, 19, 16, 14, 11, 12, 17, 15, 10, 14, 14, 15, 19, 16, 17, 11, 17, 17, 11, 19], [18, 10, 16, 16, 11, 16, 18, 15, 12, 15, 15, 11, 12, 10, 13, 10, 14, 10, 10, 15, 10, 10, 14, 14, 18, 18, 10, 13, 13, 10, 15, 16, 11, 18, 11, 17, 16, 13, 15, 15, 10, 11, 13, 14, 13, 19, 10, 17, 10, 11, 13, 10, 17, 15, 17, 12, 14, 16, 16, 14], [10, 13, 13, 15, 19, 11, 14, 14, 11, 16, 13, 12, 15, 15, 17, 16, 19, 12, 10, 16, 17, 11, 16, 16, 17, 18, 16, 14, 11, 18, 11, 15, 17, 15, 17, 16, 10, 16, 10, 11, 14, 16, 15, 18, 14, 13, 14, 10, 16, 14, 13, 10, 10, 16, 12, 13, 17, 16, 11, 12], [14, 12, 14, 16, 10, 19, 17, 11, 14, 14, 15, 13, 17, 15, 15, 17, 16, 13, 16, 12, 17, 18, 17, 12, 13, 18, 17, 12, 16, 15, 19, 13, 12, 18, 14, 17, 17, 13, 12, 13, 11, 17, 15, 13, 10, 13, 13, 13, 17, 19, 19, 17, 10, 17, 11, 18, 10, 10, 12, 17], [13, 19, 14, 13, 13, 16, 11, 11, 17, 12, 11, 19, 17, 17, 16, 19, 12, 11, 19, 16, 15, 11, 12, 10, 10, 18, 14, 15, 19, 13, 15, 11, 17, 14, 19, 15, 14, 14, 19, 11, 14, 13, 10, 15, 10, 10, 15, 11, 12, 19, 12, 17, 10, 13, 14, 11, 11, 18, 18, 18], [19, 16, 15, 17, 10, 12, 13, 15, 14, 18, 10, 14, 16, 12, 19, 14, 15, 12, 15, 19, 10, 18, 13, 15, 16, 19, 11, 19, 17, 14, 19, 12, 18, 19, 10, 11, 19, 16, 13, 18, 14, 10, 16, 15, 14, 10, 12, 14, 13, 15, 15, 15, 13, 16, 10, 10, 17, 17, 16, 17], [17, 14, 18, 15, 16, 15, 19, 15, 17, 15, 15, 10, 13, 13, 16, 11, 13, 12, 13, 16, 10, 15, 16, 13, 11, 17, 14, 13, 16, 16, 17, 10, 17, 10, 12, 10, 16, 15, 12, 17, 19, 13, 15, 10, 12, 18, 10, 18, 17, 12, 14, 14, 12, 12, 15, 19, 14, 19, 10, 10], [12, 13, 17, 11, 12, 16, 10, 12, 14, 12, 15, 12, 11, 16, 10, 10, 19, 18, 11, 12, 13, 10, 15, 12, 12, 12, 12, 14, 14, 11, 12, 15, 12, 11, 17, 14, 19, 15, 12, 15, 17, 13, 11, 18, 13, 19, 15, 16, 17, 13, 12, 17, 17, 13, 18, 16, 12, 10, 11, 10], [10, 14, 19, 11, 16, 18, 15, 11, 19, 13, 18, 16, 10, 13, 18, 15, 11, 10, 14, 10, 11, 17, 16, 14, 13, 13, 17, 16, 10, 12, 19, 15, 18, 17, 16, 19, 19, 13, 10, 17, 18, 17, 17, 16, 17, 10, 16, 19, 15, 11, 11, 17, 15, 19, 16, 14, 16, 19, 10, 13], [18, 11, 11, 16, 19, 13, 19, 10, 14, 12, 14, 13, 11, 17, 17, 16, 19, 14, 11, 10, 19, 17, 10, 14, 13, 19, 18, 15, 18, 19, 18, 18, 10, 10, 12, 14, 13, 10, 14, 13, 13, 14, 10, 19, 14, 15, 13, 18, 16, 13, 18, 16, 14, 18, 16, 14, 16, 18, 18, 17], [14, 10, 10, 11, 16, 16, 19, 12, 13, 10, 11, 15, 13, 15, 12, 14, 19, 10, 17, 10, 17, 19, 10, 14, 12, 11, 19, 11, 17, 10, 19, 10, 16, 10, 17, 15, 18, 19, 11, 12, 19, 15, 10, 18, 19, 15, 19, 19, 14, 13, 19, 11, 13, 16, 12, 12, 17, 13, 11, 17], [13, 11, 14, 12, 19, 16, 16, 10, 15, 12, 15, 15, 10, 18, 13, 15, 17, 10, 19, 17, 13, 11, 13, 11, 19, 18, 10, 10, 19, 15, 11, 17, 18, 18, 12, 11, 10, 14, 14, 15, 15, 11, 12, 15, 18, 11, 10, 13, 14, 11, 10, 10, 15, 18, 11, 12, 15, 11, 11, 17], [16, 18, 17, 19, 16, 11, 17, 19, 12, 18, 14, 16, 14, 19, 12, 17, 18, 12, 10, 18, 17, 15, 14, 15, 15, 13, 18, 16, 16, 16, 13, 10, 15, 17, 16, 16, 12, 15, 13, 14, 15, 16, 18, 13, 16, 19, 18, 17, 13, 17, 14, 18, 11, 14, 17, 14, 18, 13, 16, 18], [13, 10, 12, 14, 11, 18, 19, 10, 15, 16, 12, 16, 16, 19, 18, 19, 13, 15, 18, 14, 16, 10, 15, 17, 16, 14, 15, 17, 18, 11, 10, 12, 11, 17, 16, 16, 11, 14, 17, 10, 19, 19, 11, 11, 13, 13, 18, 19, 17, 19, 12, 19, 11, 16, 14, 16, 16, 17, 17, 14], [14, 19, 16, 18, 12, 18, 10, 18, 12, 19, 15, 11, 12, 10, 10, 19, 11, 11, 13, 13, 18, 18, 18, 19, 10, 16, 12, 18, 18, 18, 10, 12, 11, 15, 11, 14, 18, 11, 10, 15, 13, 18, 14, 13, 15, 18, 18, 11, 10, 14, 17, 15, 11, 19, 10, 11, 11, 16, 11, 16], [12, 17, 13, 15, 11, 14, 19, 15, 15, 13, 17, 19, 18, 15, 15, 17, 16, 19, 19, 18, 18, 18, 12, 14, 10, 14, 15, 19, 15, 19, 19, 19, 10, 15, 16, 16, 17, 19, 11, 13, 18, 19, 12, 16, 12, 10, 17, 16, 11, 19, 12, 18, 18, 14, 14, 18, 15, 11, 14, 13], [16, 10, 17, 16, 11, 18, 11, 19, 17, 18, 10, 19, 13, 17, 11, 16, 17, 16, 15, 10, 13, 18, 14, 14, 15, 14, 11, 15, 19, 12, 17, 15, 16, 10, 10, 16, 15, 10, 18, 16, 15, 15, 15, 16, 11, 19, 17, 11, 11, 16, 15, 13, 16, 11, 10, 16, 11, 15, 12, 15], [15, 10, 15, 12, 18, 15, 11, 13, 13, 18, 12, 14, 10, 16, 15, 13, 12, 18, 13, 15, 11, 17, 12, 11, 18, 16, 13, 13, 19, 11, 10, 13, 19, 13, 12, 14, 10, 16, 17, 13, 16, 15, 19, 16, 13, 18, 10, 18, 12, 19, 12, 16, 15, 11, 18, 16, 17, 14, 13, 15], [10, 19, 10, 10, 17, 19, 12, 19, 12, 11, 12, 17, 10, 11, 16, 18, 12, 14, 10, 18, 12, 18, 17, 11, 10, 17, 15, 18, 18, 15, 18, 10, 10, 18, 19, 16, 18, 15, 10, 19, 12, 16, 14, 18, 17, 14, 11, 13, 16, 12, 11, 11, 10, 17, 15, 17, 14, 16, 15, 15], [19, 19, 12, 14, 17, 12, 18, 11, 10, 15, 10, 17, 10, 15, 12, 14, 11, 10, 16, 18, 13, 11, 17, 12, 15, 16, 16, 16, 12, 17, 16, 11, 16, 18, 16, 10, 11, 13, 14, 14, 14, 13, 18, 13, 19, 11, 19, 15, 16, 10, 12, 16, 19, 17, 16, 13, 15, 16, 15, 19], [13, 16, 18, 16, 10, 15, 18, 12, 10, 16, 18, 15, 19, 14, 13, 17, 18, 11, 18, 19, 13, 16, 19, 16, 10, 11, 18, 10, 14, 16, 15, 19, 13, 17, 11, 16, 16, 17, 15, 13, 13, 15, 16, 15, 11, 13, 13, 19, 11, 11, 19, 11, 14, 16, 13, 11, 13, 11, 13, 17], [15, 19, 17, 19, 12, 16, 10, 11, 15, 15, 12, 18, 15, 17, 17, 19, 19, 16, 16, 16, 13, 15, 10, 12, 11, 19, 14, 19, 11, 10, 18, 11, 12, 15, 17, 17, 18, 18, 15, 18, 12, 19, 19, 16, 12, 16, 14, 14, 12, 15, 17, 19, 16, 12, 12, 15, 16, 16, 11, 18], [14, 18, 11, 15, 19, 17, 18, 19, 14, 11, 18, 16, 17, 16, 13, 10, 12, 12, 13, 10, 17, 15, 15, 11, 14, 10, 18, 19, 17, 14, 18, 13, 10, 13, 14, 17, 10, 12, 16, 18, 15, 17, 14, 19, 16, 17, 17, 15, 17, 12, 15, 18, 16, 19, 16, 10, 11, 19, 14, 16]]
Demand for each product in each period d: 
[[156, 184, 51, 386, 356, 261, 94, 275, 218, 86, 159, 367, 364, 498, 57, 153, 132, 61, 250, 321, 76, 468, 256, 63, 294, 360, 127, 132, 407, 406, 107, 219, 167, 106, 245, 201, 160, 92, 255, 181, 57, 75, 390, 73, 88, 362, 56, 231, 216, 443, 230, 425, 212, 187, 58, 228, 411, 104, 158, 371], [154, 471, 144, 357, 271, 210, 466, 414, 125, 242, 73, 66, 267, 297, 465, 481, 315, 135, 458, 106, 259, 189, 497, 447, 463, 492, 188, 123, 114, 360, 408, 86, 309, 148, 77, 223, 238, 369, 353, 282, 117, 64, 415, 485, 132, 493, 457, 298, 136, 309, 165, 459, 107, 468, 336, 246, 293, 287, 359, 136], [185, 490, 347, 134, 346, 433, 462, 73, 476, 217, 449, 198, 274, 311, 162, 389, 264, 283, 307, 169, 457, 301, 162, 452, 345, 271, 425, 350, 231, 447, 278, 450, 432, 82, 248, 78, 241, 187, 151, 270, 149, 393, 311, 242, 379, 468, 304, 51, 413, 84, 285, 368, 94, 168, 413, 210, 277, 66, 443, 495], [191, 234, 465, 210, 178, 222, 275, 71, 288, 285, 174, 444, 340, 64, 314, 114, 86, 374, 374, 250, 481, 272, 385, 229, 185, 482, 440, 253, 437, 119, 250, 270, 78, 482, 364, 415, 492, 252, 181, 163, 312, 248, 306, 165, 271, 298, 113, 54, 430, 466, 308, 468, 228, 290, 150, 448, 469, 143, 294, 250], [196, 386, 94, 287, 236, 173, 409, 212, 276, 428, 404, 430, 267, 264, 453, 313, 104, 198, 127, 182, 475, 338, 396, 148, 443, 227, 65, 238, 164, 334, 381, 183, 391, 282, 480, 240, 290, 233, 95, 369, 120, 232, 150, 112, 360, 368, 349, 156, 362, 408, 57, 243, 482, 81, 71, 83, 130, 307, 357, 207], [239, 348, 360, 212, 257, 176, 228, 331, 339, 222, 276, 304, 110, 158, 178, 163, 91, 424, 290, 88, 444, 463, 152, 80, 203, 201, 149, 194, 232, 326, 109, 236, 409, 78, 416, 340, 293, 352, 209, 343, 295, 82, 247, 118, 93, 129, 436, 64, 151, 486, 301, 202, 464, 223, 176, 237, 348, 215, 364, 216], [356, 214, 344, 54, 366, 288, 83, 57, 78, 98, 461, 225, 338, 428, 165, 262, 403, 345, 143, 381, 289, 311, 300, 117, 164, 96, 294, 407, 342, 447, 417, 69, 423, 162, 318, 252, 307, 325, 461, 88, 288, 293, 398, 343, 195, 427, 359, 484, 122, 125, 483, 342, 303, 173, 302, 363, 242, 179, 498, 262], [326, 89, 129, 182, 354, 482, 428, 378, 221, 167, 483, 201, 416, 137, 67, 470, 384, 152, 384, 336, 52, 223, 485, 485, 383, 464, 355, 82, 312, 217, 244, 289, 230, 152, 384, 449, 235, 376, 87, 480, 415, 164, 361, 81, 360, 71, 415, 495, 477, 100, 439, 408, 467, 491, 372, 261, 297, 208, 228, 486], [81, 296, 286, 204, 347, 170, 93, 474, 286, 453, 471, 392, 199, 50, 384, 322, 129, 172, 376, 308, 424, 102, 377, 70, 235, 360, 276, 69, 362, 463, 446, 77, 264, 297, 175, 450, 367, 317, 62, 248, 440, 439, 363, 74, 296, 311, 338, 386, 172, 398, 105, 318, 82, 98, 390, 441, 388, 117, 309, 341], [92, 103, 137, 382, 290, 392, 278, 106, 402, 353, 290, 115, 361, 57, 497, 448, 461, 174, 298, 457, 478, 266, 72, 443, 77, 372, 109, 351, 102, 302, 161, 341, 340, 97, 115, 292, 61, 344, 94, 445, 448, 66, 177, 216, 489, 280, 90, 466, 183, 203, 93, 216, 122, 263, 252, 213, 397, 416, 318, 337], [343, 80, 471, 181, 248, 289, 273, 301, 187, 215, 55, 102, 283, 497, 403, 371, 349, 410, 128, 367, 374, 190, 50, 165, 56, 423, 88, 354, 369, 454, 394, 436, 191, 115, 424, 364, 84, 317, 426, 297, 313, 293, 337, 344, 326, 95, 481, 205, 148, 381, 62, 88, 397, 273, 189, 464, 263, 433, 189, 263], [382, 287, 152, 310, 389, 294, 113, 74, 438, 254, 468, 264, 487, 337, 412, 496, 310, 317, 212, 71, 447, 238, 130, 451, 285, 410, 116, 208, 287, 481, 312, 234, 329, 350, 192, 240, 143, 241, 375, 257, 340, 258, 247, 262, 146, 305, 111, 407, 267, 356, 376, 397, 479, 132, 286, 97, 301, 354, 400, 219], [127, 81, 184, 115, 342, 411, 367, 430, 471, 308, 145, 195, 442, 252, 335, 268, 385, 395, 465, 261, 119, 261, 176, 240, 359, 465, 385, 191, 295, 53, 353, 403, 448, 135, 389, 114, 448, 230, 454, 463, 197, 247, 114, 174, 351, 314, 373, 409, 361, 380, 99, 284, 437, 104, 143, 170, 478, 397, 283, 464], [472, 472, 476, 167, 455, 407, 423, 274, 176, 367, 390, 427, 477, 279, 82, 458, 143, 132, 437, 126, 454, 498, 256, 121, 97, 352, 296, 421, 200, 210, 229, 96, 497, 285, 406, 66, 277, 350, 230, 185, 233, 133, 391, 121, 214, 402, 57, 263, 308, 390, 54, 464, 393, 251, 411, 432, 379, 464, 202, 53], [257, 346, 478, 70, 174, 390, 234, 464, 134, 194, 252, 122, 289, 151, 401, 142, 110, 156, 340, 226, 394, 230, 391, 428, 332, 432, 358, 242, 103, 475, 110, 271, 196, 79, 450, 273, 103, 302, 154, 241, 338, 334, 158, 163, 246, 137, 387, 116, 188, 197, 287, 357, 460, 208, 113, 315, 456, 303, 61, 413], [219, 147, 131, 318, 399, 389, 432, 463, 360, 427, 76, 373, 435, 51, 144, 253, 204, 103, 150, 141, 129, 417, 452, 417, 231, 263, 431, 159, 268, 348, 57, 448, 247, 431, 68, 84, 102, 339, 286, 103, 341, 354, 54, 452, 159, 302, 211, 275, 207, 57, 71, 199, 140, 188, 447, 302, 131, 301, 150, 241], [178, 325, 362, 355, 234, 323, 176, 155, 467, 367, 305, 444, 413, 350, 125, 180, 151, 461, 125, 279, 358, 404, 487, 75, 405, 482, 352, 496, 89, 422, 266, 438, 378, 51, 127, 470, 456, 475, 402, 58, 312, 93, 299, 481, 285, 326, 248, 61, 435, 373, 335, 81, 498, 498, 437, 396, 137, 162, 231, 252], [65, 463, 151, 442, 369, 417, 114, 403, 495, 137, 472, 293, 76, 162, 482, 213, 265, 172, 452, 427, 308, 401, 150, 396, 283, 447, 108, 381, 84, 127, 174, 163, 384, 249, 213, 418, 482, 314, 303, 139, 410, 125, 242, 409, 118, 359, 310, 336, 482, 82, 240, 197, 197, 257, 129, 338, 52, 410, 86, 356], [195, 432, 118, 177, 488, 79, 475, 297, 448, 465, 258, 223, 322, 52, 293, 184, 184, 58, 355, 282, 381, 321, 178, 105, 133, 474, 95, 151, 360, 178, 85, 291, 220, 499, 99, 399, 433, 85, 179, 147, 447, 179, 329, 220, 298, 135, 493, 96, 166, 353, 197, 165, 382, 153, 285, 63, 268, 113, 357, 426], [122, 67, 72, 186, 459, 207, 73, 160, 297, 411, 71, 149, 452, 223, 422, 115, 434, 115, 471, 145, 221, 481, 467, 204, 86, 400, 473, 494, 192, 140, 467, 437, 418, 351, 482, 80, 226, 128, 485, 80, 456, 408, 189, 459, 499, 264, 483, 311, 468, 61, 80, 427, 87, 353, 410, 403, 248, 442, 119, 210], [398, 475, 79, 482, 289, 250, 474, 321, 265, 451, 466, 171, 335, 461, 412, 83, 122, 205, 264, 195, 149, 482, 125, 246, 204, 360, 459, 122, 159, 276, 117, 250, 496, 164, 118, 263, 60, 259, 56, 50, 315, 431, 215, 105, 291, 92, 382, 429, 452, 408, 434, 231, 281, 98, 233, 416, 130, 144, 455, 183], [75, 465, 98, 303, 245, 143, 119, 478, 75, 420, 377, 497, 84, 287, 206, 185, 497, 266, 358, 169, 194, 475, 359, 144, 315, 415, 279, 228, 331, 323, 80, 303, 130, 231, 199, 81, 317, 140, 199, 427, 111, 479, 437, 268, 436, 68, 342, 203, 252, 174, 372, 213, 335, 398, 236, 353, 463, 371, 458, 371], [275, 94, 288, 197, 174, 232, 449, 184, 122, 413, 414, 367, 182, 57, 149, 302, 100, 230, 458, 428, 411, 318, 241, 487, 470, 203, 240, 310, 165, 325, 56, 88, 61, 78, 301, 281, 453, 382, 252, 96, 355, 380, 191, 359, 129, 440, 76, 245, 246, 94, 224, 57, 380, 123, 306, 204, 212, 395, 147, 326], [342, 270, 301, 416, 498, 285, 324, 294, 137, 181, 314, 484, 284, 317, 254, 272, 151, 455, 154, 363, 202, 455, 51, 424, 253, 465, 273, 298, 395, 156, 191, 270, 211, 488, 284, 384, 430, 464, 380, 475, 350, 96, 184, 90, 207, 421, 236, 184, 279, 414, 429, 366, 290, 111, 183, 299, 454, 246, 311, 448], [330, 294, 449, 60, 480, 267, 323, 357, 150, 232, 372, 217, 241, 439, 126, 283, 206, 439, 147, 405, 169, 97, 142, 277, 345, 299, 324, 243, 460, 161, 301, 220, 197, 229, 340, 195, 177, 60, 325, 72, 413, 378, 422, 301, 285, 162, 434, 495, 88, 78, 497, 69, 195, 229, 384, 115, 315, 270, 380, 475], [146, 326, 213, 307, 364, 455, 287, 307, 205, 96, 178, 155, 476, 296, 294, 121, 286, 192, 297, 349, 256, 293, 131, 418, 325, 420, 359, 244, 489, 371, 66, 87, 100, 92, 277, 239, 173, 355, 280, 436, 272, 261, 285, 280, 218, 464, 187, 128, 350, 244, 216, 50, 247, 66, 425, 446, 379, 288, 101, 456], [127, 284, 219, 216, 138, 239, 408, 305, 327, 318, 300, 227, 322, 269, 495, 82, 96, 451, 330, 257, 392, 199, 80, 85, 433, 460, 272, 156, 347, 433, 127, 261, 106, 343, 287, 189, 421, 391, 131, 307, 497, 439, 313, 413, 315, 259, 73, 91, 70, 344, 350, 321, 337, 290, 135, 78, 253, 495, 438, 343], [317, 195, 340, 470, 186, 301, 367, 293, 307, 184, 143, 365, 426, 148, 474, 301, 107, 347, 124, 135, 457, 66, 275, 257, 182, 116, 187, 253, 461, 145, 342, 368, 115, 398, 365, 111, 336, 129, 255, 284, 62, 490, 381, 334, 456, 402, 280, 138, 81, 242, 396, 359, 232, 145, 131, 247, 491, 63, 79, 180], [63, 149, 336, 491, 373, 347, 149, 95, 215, 265, 334, 331, 465, 84, 470, 295, 455, 286, 157, 220, 92, 395, 124, 167, 161, 202, 289, 364, 83, 372, 289, 139, 435, 461, 168, 170, 326, 261, 218, 355, 377, 233, 282, 82, 156, 265, 258, 264, 150, 235, 106, 471, 327, 465, 492, 473, 229, 413, 93, 309], [195, 197, 359, 399, 100, 405, 308, 386, 286, 377, 323, 209, 145, 327, 172, 103, 182, 381, 461, 490, 171, 198, 266, 468, 260, 66, 115, 351, 377, 149, 424, 211, 273, 120, 172, 477, 263, 176, 486, 257, 440, 252, 293, 170, 416, 436, 399, 278, 82, 110, 351, 322, 414, 126, 481, 216, 149, 136, 259, 182], [289, 353, 306, 495, 281, 195, 63, 94, 302, 207, 269, 138, 484, 234, 271, 132, 357, 358, 327, 236, 378, 61, 215, 160, 295, 324, 295, 178, 447, 365, 347, 365, 216, 392, 448, 419, 273, 348, 197, 218, 285, 111, 404, 115, 242, 348, 302, 86, 428, 432, 292, 196, 215, 428, 442, 369, 93, 304, 179, 168], [336, 163, 462, 315, 488, 490, 296, 236, 126, 415, 334, 456, 74, 194, 453, 476, 270, 403, 407, 215, 368, 476, 368, 260, 181, 267, 295, 176, 412, 154, 259, 383, 67, 56, 410, 57, 141, 460, 461, 368, 217, 470, 89, 346, 295, 397, 251, 67, 235, 476, 357, 328, 133, 226, 224, 363, 426, 365, 200, 254], [65, 200, 105, 378, 209, 459, 491, 123, 225, 125, 114, 386, 466, 169, 194, 210, 299, 193, 165, 142, 146, 335, 151, 488, 122, 85, 465, 477, 465, 338, 472, 58, 489, 247, 92, 343, 450, 361, 83, 288, 163, 212, 352, 416, 412, 426, 102, 323, 54, 53, 407, 372, 406, 55, 268, 61, 191, 163, 427, 353], [355, 59, 188, 152, 199, 300, 250, 334, 124, 246, 342, 326, 306, 468, 382, 299, 122, 100, 481, 414, 445, 66, 445, 498, 413, 348, 244, 384, 446, 492, 375, 114, 83, 89, 133, 182, 391, 336, 106, 468, 159, 122, 58, 337, 72, 172, 341, 436, 441, 312, 442, 84, 102, 157, 136, 224, 395, 50, 105, 230], [473, 193, 204, 175, 146, 213, 336, 481, 206, 68, 263, 486, 222, 251, 141, 266, 65, 309, 247, 106, 165, 81, 410, 94, 499, 242, 282, 95, 198, 86, 381, 494, 200, 449, 297, 251, 184, 92, 278, 396, 377, 264, 272, 60, 90, 455, 282, 390, 146, 476, 487, 103, 497, 103, 368, 397, 341, 403, 402, 335], [445, 281, 376, 481, 65, 411, 383, 100, 368, 282, 96, 214, 497, 206, 278, 391, 236, 335, 373, 498, 253, 337, 446, 229, 68, 157, 73, 102, 464, 461, 277, 105, 423, 327, 273, 61, 152, 66, 156, 478, 200, 314, 213, 197, 478, 228, 384, 432, 197, 169, 170, 386, 397, 169, 177, 495, 190, 277, 360, 92], [299, 446, 444, 133, 476, 406, 499, 263, 449, 341, 496, 438, 267, 229, 225, 100, 488, 173, 129, 197, 266, 349, 429, 200, 166, 176, 342, 206, 122, 67, 481, 333, 218, 239, 182, 289, 168, 290, 235, 206, 264, 276, 440, 433, 388, 241, 243, 246, 153, 239, 177, 172, 152, 345, 265, 274, 480, 480, 239, 77], [93, 107, 379, 222, 294, 493, 370, 123, 192, 206, 273, 249, 203, 89, 371, 368, 80, 74, 268, 185, 476, 477, 87, 104, 453, 272, 387, 292, 399, 338, 208, 460, 461, 382, 319, 433, 173, 288, 215, 193, 192, 488, 138, 157, 408, 132, 297, 256, 401, 420, 122, 412, 254, 120, 145, 215, 84, 53, 315, 127], [343, 249, 325, 101, 295, 233, 367, 257, 57, 161, 441, 52, 143, 243, 465, 59, 316, 126, 331, 499, 140, 383, 490, 189, 434, 416, 176, 132, 232, 340, 485, 390, 489, 208, 124, 282, 86, 111, 325, 204, 294, 411, 169, 240, 175, 268, 140, 296, 269, 425, 115, 376, 107, 372, 133, 127, 455, 155, 115, 438], [80, 132, 418, 190, 467, 169, 374, 479, 442, 471, 238, 267, 453, 382, 78, 271, 359, 308, 413, 265, 88, 452, 406, 482, 478, 172, 422, 266, 73, 332, 362, 396, 313, 305, 219, 372, 370, 356, 461, 175, 274, 104, 146, 390, 149, 170, 358, 350, 174, 260, 86, 394, 417, 251, 84, 276, 261, 104, 161, 72], [480, 348, 495, 175, 128, 59, 252, 353, 345, 468, 172, 325, 54, 114, 128, 121, 280, 242, 446, 273, 184, 208, 339, 264, 154, 469, 271, 294, 180, 193, 212, 211, 152, 495, 347, 101, 274, 98, 489, 339, 469, 349, 191, 349, 79, 59, 243, 497, 380, 291, 72, 479, 59, 393, 302, 194, 123, 186, 405, 429], [127, 267, 301, 448, 373, 199, 403, 484, 428, 315, 423, 436, 274, 234, 173, 129, 337, 287, 133, 335, 168, 492, 183, 489, 389, 223, 228, 238, 273, 129, 70, 220, 206, 180, 79, 193, 271, 491, 71, 296, 314, 443, 450, 372, 233, 461, 172, 185, 269, 78, 66, 270, 301, 457, 288, 246, 320, 394, 58, 384], [449, 106, 487, 472, 174, 282, 473, 440, 171, 257, 178, 66, 111, 371, 203, 386, 268, 443, 228, 337, 356, 354, 314, 170, 413, 124, 256, 76, 496, 146, 132, 167, 238, 76, 130, 346, 314, 197, 282, 345, 123, 390, 409, 297, 249, 424, 300, 232, 259, 328, 255, 383, 317, 245, 88, 85, 345, 315, 250, 208], [327, 187, 61, 316, 294, 427, 65, 214, 333, 236, 496, 340, 134, 418, 80, 92, 225, 429, 205, 289, 417, 190, 247, 293, 277, 242, 77, 229, 134, 152, 124, 181, 473, 89, 282, 265, 87, 263, 396, 348, 213, 183, 361, 400, 345, 345, 460, 212, 145, 211, 310, 221, 85, 474, 233, 391, 416, 244, 497, 67], [237, 425, 378, 452, 496, 107, 468, 222, 265, 138, 309, 162, 388, 360, 362, 259, 409, 279, 237, 388, 210, 236, 317, 407, 429, 50, 220, 429, 128, 304, 329, 369, 258, 362, 86, 238, 95, 393, 326, 295, 145, 439, 169, 214, 403, 464, 106, 225, 352, 418, 462, 141, 153, 119, 420, 403, 71, 214, 397, 332], [327, 468, 223, 394, 99, 60, 283, 275, 301, 158, 156, 244, 143, 432, 397, 172, 285, 496, 121, 352, 390, 487, 87, 400, 97, 228, 72, 224, 142, 254, 378, 277, 463, 133, 378, 103, 207, 249, 169, 190, 383, 121, 346, 210, 352, 124, 61, 300, 499, 415, 487, 368, 192, 387, 455, 348, 479, 83, 479, 55], [472, 86, 289, 195, 290, 218, 444, 242, 346, 348, 390, 383, 69, 436, 447, 378, 190, 146, 293, 66, 58, 387, 200, 151, 131, 100, 471, 88, 187, 316, 128, 316, 295, 356, 336, 167, 134, 249, 183, 266, 269, 109, 436, 349, 335, 354, 90, 238, 459, 394, 411, 391, 422, 497, 488, 412, 275, 490, 125, 353], [302, 410, 365, 185, 492, 288, 267, 187, 280, 421, 268, 88, 56, 286, 108, 120, 222, 262, 154, 137, 289, 75, 157, 389, 156, 132, 261, 494, 303, 481, 409, 254, 289, 74, 262, 130, 101, 457, 94, 163, 437, 444, 441, 419, 491, 356, 160, 273, 268, 275, 407, 377, 217, 221, 265, 203, 410, 398, 421, 136], [201, 136, 488, 471, 102, 367, 309, 132, 233, 237, 69, 124, 56, 80, 483, 408, 273, 358, 194, 273, 124, 257, 443, 164, 421, 188, 387, 396, 160, 82, 315, 424, 400, 218, 312, 210, 393, 341, 428, 277, 486, 363, 424, 228, 85, 237, 51, 266, 259, 312, 65, 129, 58, 310, 178, 303, 102, 331, 269, 179], [187, 422, 445, 250, 220, 282, 370, 148, 174, 377, 194, 125, 68, 71, 230, 376, 388, 244, 180, 376, 377, 215, 389, 497, 290, 374, 425, 314, 444, 393, 119, 371, 159, 222, 447, 468, 200, 349, 374, 220, 103, 207, 140, 359, 430, 372, 342, 134, 117, 101, 298, 270, 419, 495, 456, 378, 458, 63, 223, 69], [171, 281, 386, 353, 238, 379, 146, 229, 442, 376, 342, 457, 201, 142, 289, 233, 370, 389, 243, 467, 201, 146, 457, 233, 230, 468, 51, 317, 442, 60, 215, 246, 288, 325, 400, 166, 321, 161, 51, 202, 206, 395, 307, 213, 136, 306, 306, 80, 200, 253, 147, 85, 343, 402, 469, 497, 431, 414, 252, 383], [225, 56, 82, 232, 158, 264, 351, 55, 218, 103, 302, 247, 456, 311, 440, 340, 381, 137, 107, 53, 86, 156, 409, 407, 217, 108, 245, 170, 229, 372, 134, 84, 153, 325, 467, 396, 140, 440, 62, 245, 193, 129, 234, 190, 402, 334, 50, 177, 278, 131, 472, 86, 337, 193, 292, 76, 308, 391, 463, 478], [355, 272, 73, 424, 425, 65, 257, 334, 451, 201, 370, 223, 60, 375, 233, 284, 144, 167, 378, 181, 173, 242, 201, 278, 68, 431, 176, 64, 497, 69, 453, 286, 266, 411, 186, 191, 147, 364, 398, 334, 247, 125, 95, 208, 357, 471, 372, 362, 102, 149, 490, 461, 214, 252, 207, 132, 447, 96, 482, 416], [486, 394, 53, 241, 225, 316, 267, 112, 400, 146, 240, 155, 92, 172, 110, 329, 126, 218, 469, 192, 438, 463, 345, 174, 137, 315, 331, 478, 398, 321, 223, 278, 459, 166, 419, 138, 401, 433, 460, 153, 106, 181, 295, 140, 491, 468, 252, 96, 155, 481, 103, 188, 360, 217, 470, 292, 356, 116, 346, 150], [492, 165, 60, 393, 455, 128, 246, 477, 355, 399, 352, 343, 366, 291, 97, 373, 112, 227, 80, 445, 459, 110, 51, 270, 223, 322, 251, 89, 91, 79, 437, 334, 272, 69, 282, 108, 352, 237, 149, 265, 186, 187, 245, 85, 358, 249, 471, 377, 302, 479, 100, 94, 178, 401, 227, 318, 384, 461, 360, 240], [259, 158, 114, 330, 130, 473, 448, 215, 232, 311, 208, 251, 459, 104, 328, 63, 86, 392, 481, 269, 101, 91, 87, 485, 199, 64, 229, 369, 102, 67, 289, 88, 440, 66, 142, 346, 329, 198, 116, 159, 366, 446, 247, 177, 408, 388, 334, 52, 254, 441, 248, 223, 107, 115, 83, 197, 163, 320, 321, 150], [163, 169, 417, 110, 429, 236, 326, 84, 386, 293, 371, 289, 188, 378, 214, 258, 231, 433, 415, 149, 158, 324, 375, 476, 64, 117, 482, 114, 410, 226, 297, 82, 69, 108, 448, 325, 438, 146, 301, 276, 497, 495, 334, 446, 298, 354, 281, 474, 241, 57, 251, 415, 184, 159, 415, 453, 264, 464, 408, 321], [242, 369, 283, 183, 195, 94, 335, 399, 275, 369, 93, 166, 188, 462, 369, 404, 353, 348, 102, 220, 182, 299, 306, 319, 135, 175, 206, 408, 469, 468, 473, 310, 455, 450, 421, 317, 93, 360, 112, 283, 239, 129, 436, 215, 232, 250, 314, 123, 270, 429, 496, 449, 204, 463, 481, 375, 272, 279, 279, 400], [352, 119, 110, 392, 86, 348, 302, 410, 71, 218, 350, 490, 215, 139, 120, 147, 63, 470, 156, 432, 143, 340, 415, 459, 465, 289, 148, 273, 299, 297, 191, 158, 455, 168, 178, 262, 179, 396, 284, 251, 488, 312, 318, 436, 479, 290, 426, 87, 458, 473, 127, 70, 167, 54, 453, 71, 347, 98, 328, 84], [382, 138, 298, 442, 451, 157, 373, 119, 156, 397, 288, 231, 123, 442, 496, 424, 177, 311, 218, 251, 60, 236, 233, 182, 263, 389, 267, 266, 152, 352, 209, 179, 222, 299, 387, 339, 246, 260, 127, 312, 289, 369, 194, 254, 138, 379, 465, 430, 103, 187, 198, 301, 491, 399, 205, 467, 410, 432, 101, 427]]
Maintenance cost in each period m: 
[13705, 21150, 15051, 26591, 26353, 7439, 10910, 6697, 8328, 8250, 18399, 26594, 29588, 20235, 26879, 24517, 6428, 16805, 12418, 13075, 12853, 6642, 14919, 8128, 26914, 25021, 15904, 26346, 7413, 27458, 15327, 17194, 12544, 9785, 9062, 19100, 12411, 20479, 15139, 21981, 9458, 24750, 22151, 29539, 25624, 21647, 20613, 25650, 25559, 23049, 23292, 23951, 10206, 10477, 16291, 16054, 17966, 14041, 12227, 18956]
Maximum capacity of the machine cmax: 
26400