Set of periods in the planning horizon T: 
25
Set of products P: 
25
Capacity reduction coefficient alpha: 
0.64
Relative decrease of capacity per set up gamma: 
0.32
Capacity reduction coefficient due to product types beta: 
[0.22, 0.34, 0.39, 0.26, 0.21, 0.37, 0.29, 0.36, 0.21, 0.34, 0.34, 0.39, 0.39, 0.31, 0.31, 0.36, 0.29, 0.25, 0.2, 0.3, 0.3, 0.34, 0.26, 0.35, 0.31]
Fixed production cost of each product in each period f: 
[[292, 445, 838, 704, 373, 807, 1114, 741, 937, 957, 910, 341, 789, 1019, 727, 929, 1163, 771, 801, 1023, 986, 485, 1116, 557, 449], [592, 1175, 306, 556, 1009, 839, 446, 739, 589, 555, 1162, 297, 1007, 542, 556, 1027, 1072, 391, 787, 330, 560, 533, 1187, 888, 623], [1038, 1146, 523, 942, 924, 629, 1231, 425, 1189, 276, 919, 599, 701, 1131, 975, 993, 886, 1169, 1109, 402, 464, 1058, 312, 605, 763], [717, 1066, 885, 671, 834, 994, 296, 483, 897, 915, 922, 620, 888, 405, 1200, 435, 754, 420, 445, 1150, 461, 460, 1226, 819, 355], [374, 879, 654, 493, 750, 1139, 527, 1114, 1217, 1003, 271, 341, 1191, 908, 592, 999, 1241, 679, 361, 1091, 544, 1113, 548, 930, 984], [1009, 578, 1167, 874, 582, 273, 378, 1064, 1234, 802, 592, 289, 1188, 802, 939, 688, 1223, 875, 526, 836, 350, 374, 1173, 1148, 915], [752, 288, 936, 799, 1056, 386, 267, 918, 766, 1017, 537, 490, 1184, 637, 993, 971, 427, 445, 1119, 893, 495, 740, 712, 436, 1144], [285, 960, 727, 850, 801, 530, 962, 467, 764, 902, 1159, 823, 520, 896, 313, 839, 699, 1089, 1103, 815, 984, 585, 1142, 1124, 976], [941, 443, 436, 982, 362, 864, 855, 984, 1012, 492, 492, 394, 588, 990, 525, 860, 1232, 684, 394, 389, 1227, 401, 496, 1059, 1228], [787, 1184, 799, 856, 624, 688, 697, 887, 815, 634, 1233, 511, 1178, 274, 814, 820, 922, 566, 653, 1187, 364, 260, 630, 1137, 1069], [881, 802, 778, 268, 1128, 431, 270, 666, 703, 489, 382, 298, 767, 273, 435, 1151, 389, 327, 1159, 431, 389, 719, 382, 735, 275], [422, 629, 1116, 1120, 487, 1095, 942, 977, 624, 735, 608, 1226, 878, 406, 804, 731, 1196, 1133, 306, 638, 932, 934, 413, 534, 742], [1001, 869, 873, 493, 985, 691, 788, 1177, 421, 1164, 530, 539, 707, 907, 769, 1100, 1150, 984, 487, 764, 521, 569, 653, 1201, 922], [991, 332, 780, 435, 956, 328, 379, 1247, 1121, 511, 1056, 457, 902, 564, 867, 485, 405, 570, 737, 541, 1011, 625, 424, 603, 778], [575, 1021, 1176, 985, 871, 855, 1008, 501, 778, 1126, 844, 691, 494, 851, 548, 321, 382, 261, 591, 348, 977, 586, 528, 1179, 1228], [1149, 698, 568, 754, 1173, 329, 534, 853, 1216, 288, 1201, 1227, 974, 576, 429, 916, 485, 758, 316, 401, 871, 987, 804, 829, 397], [732, 343, 1073, 442, 841, 618, 637, 1204, 926, 664, 466, 882, 951, 388, 855, 386, 1053, 473, 296, 1035, 997, 1131, 293, 750, 504], [1178, 337, 387, 614, 829, 900, 906, 1082, 648, 412, 452, 701, 1002, 1047, 580, 1038, 1034, 660, 1244, 1103, 706, 978, 720, 320, 1101], [257, 788, 798, 1249, 1025, 992, 1026, 709, 874, 881, 1148, 770, 542, 658, 797, 416, 541, 331, 603, 1142, 643, 531, 991, 269, 1154], [824, 985, 721, 1083, 1036, 339, 654, 636, 1013, 350, 519, 431, 1219, 931, 749, 1185, 383, 1083, 974, 856, 567, 1150, 889, 571, 1056], [395, 996, 1214, 941, 1060, 694, 1101, 1199, 884, 411, 317, 1168, 789, 835, 429, 916, 827, 889, 755, 1015, 635, 461, 1067, 744, 1167], [637, 671, 996, 823, 1220, 857, 473, 1213, 433, 603, 251, 805, 461, 438, 1141, 1163, 486, 339, 491, 523, 439, 334, 402, 830, 794], [401, 425, 1204, 825, 1131, 759, 1235, 530, 1201, 820, 769, 1120, 872, 1227, 1111, 1018, 672, 745, 553, 578, 745, 476, 639, 738, 655], [639, 974, 569, 491, 1020, 316, 265, 621, 359, 1194, 506, 1198, 878, 998, 317, 739, 844, 904, 705, 791, 863, 1229, 962, 1114, 666], [771, 809, 289, 932, 633, 953, 943, 250, 250, 1154, 944, 1008, 518, 511, 882, 271, 433, 312, 328, 394, 539, 967, 1135, 758, 654]]
Variable production cost per unit of each product in each period p: 
[[23, 21, 23, 24, 23, 25, 27, 21, 24, 29, 22, 20, 27, 26, 22, 24, 22, 23, 24, 27, 27, 20, 20, 23, 23], [29, 27, 20, 26, 28, 27, 25, 27, 23, 23, 22, 23, 23, 23, 20, 21, 23, 23, 28, 22, 29, 21, 26, 25, 20], [26, 22, 29, 29, 24, 20, 28, 26, 25, 21, 26, 26, 28, 23, 27, 27, 29, 25, 27, 21, 28, 20, 29, 27, 25], [29, 29, 25, 20, 25, 25, 25, 23, 26, 21, 27, 23, 20, 22, 21, 24, 20, 22, 25, 26, 22, 26, 20, 26, 20], [20, 26, 23, 20, 24, 22, 25, 26, 21, 25, 26, 21, 21, 24, 22, 24, 25, 21, 29, 22, 29, 21, 27, 21, 20], [28, 27, 28, 21, 23, 20, 21, 27, 26, 27, 21, 28, 29, 23, 22, 25, 21, 23, 24, 29, 29, 21, 28, 22, 22], [22, 25, 29, 22, 20, 28, 21, 21, 22, 29, 27, 25, 27, 24, 23, 24, 22, 21, 23, 25, 25, 29, 24, 24, 27], [28, 23, 26, 22, 29, 23, 20, 27, 28, 24, 25, 24, 21, 20, 21, 22, 25, 26, 28, 26, 25, 26, 22, 21, 27], [29, 24, 29, 23, 23, 27, 27, 27, 26, 22, 21, 27, 23, 28, 23, 23, 21, 26, 20, 23, 28, 20, 27, 27, 22], [20, 29, 21, 22, 20, 29, 24, 26, 20, 26, 29, 26, 27, 26, 27, 20, 21, 26, 26, 27, 26, 25, 29, 29, 23], [25, 29, 24, 29, 20, 27, 23, 23, 26, 26, 20, 26, 28, 21, 22, 21, 26, 24, 24, 27, 22, 20, 28, 25, 26], [28, 26, 25, 24, 29, 27, 23, 27, 24, 22, 24, 25, 29, 20, 24, 28, 27, 27, 25, 24, 22, 29, 26, 20, 25], [24, 27, 26, 23, 29, 23, 28, 21, 25, 29, 24, 27, 25, 20, 27, 22, 28, 24, 29, 23, 21, 21, 29, 24, 28], [26, 27, 24, 20, 29, 23, 23, 29, 21, 23, 21, 25, 25, 21, 21, 20, 21, 22, 27, 29, 20, 21, 24, 29, 20], [25, 27, 21, 27, 23, 29, 22, 28, 29, 21, 24, 23, 20, 29, 23, 28, 28, 23, 23, 22, 28, 29, 26, 27, 21], [29, 23, 22, 21, 27, 22, 26, 20, 20, 25, 26, 29, 25, 28, 27, 25, 21, 22, 25, 21, 26, 25, 24, 26, 20], [20, 29, 27, 20, 29, 29, 27, 28, 28, 21, 28, 23, 25, 29, 21, 26, 28, 21, 25, 26, 21, 22, 28, 29, 26], [24, 21, 26, 27, 28, 29, 26, 22, 24, 25, 28, 27, 26, 22, 22, 29, 24, 25, 28, 27, 22, 21, 20, 24, 24], [23, 20, 29, 26, 25, 25, 26, 24, 26, 29, 26, 20, 27, 21, 24, 28, 28, 25, 26, 25, 29, 20, 26, 24, 24], [22, 21, 27, 20, 21, 21, 28, 20, 25, 29, 24, 27, 26, 26, 24, 21, 20, 26, 26, 24, 25, 28, 26, 25, 24], [26, 26, 23, 23, 24, 25, 22, 22, 29, 24, 27, 21, 28, 24, 29, 20, 27, 27, 27, 24, 27, 29, 26, 21, 29], [26, 26, 20, 26, 21, 20, 26, 28, 26, 22, 21, 27, 20, 29, 26, 21, 20, 22, 21, 23, 28, 29, 29, 20, 23], [20, 25, 26, 23, 27, 28, 21, 24, 26, 20, 29, 22, 27, 28, 29, 26, 24, 27, 23, 28, 22, 23, 22, 26, 22], [26, 25, 27, 24, 28, 22, 22, 23, 28, 29, 29, 29, 27, 29, 26, 23, 26, 21, 26, 27, 23, 29, 27, 21, 29], [25, 23, 26, 28, 25, 27, 26, 25, 24, 24, 28, 22, 28, 22, 29, 24, 28, 29, 22, 24, 22, 22, 24, 20, 21]]
Inventory holding cost per unit of each product by the end of each period h: 
[[15, 13, 18, 10, 10, 15, 13, 11, 14, 18, 19, 13, 10, 15, 16, 16, 14, 13, 13, 14, 16, 17, 18, 10, 16], [18, 10, 19, 16, 10, 16, 13, 10, 12, 12, 17, 10, 11, 14, 12, 10, 14, 16, 17, 18, 12, 16, 19, 15, 11], [18, 18, 18, 18, 15, 11, 19, 14, 15, 11, 15, 12, 17, 14, 13, 10, 19, 10, 18, 12, 19, 11, 15, 18, 11], [14, 14, 13, 15, 15, 15, 16, 11, 14, 11, 12, 16, 15, 18, 12, 10, 18, 10, 17, 11, 19, 18, 14, 17, 13], [13, 18, 18, 13, 17, 14, 14, 11, 13, 17, 12, 19, 14, 18, 19, 10, 18, 12, 14, 19, 12, 16, 14, 15, 15], [16, 10, 15, 19, 12, 13, 17, 18, 11, 16, 17, 18, 15, 15, 12, 10, 12, 13, 14, 11, 12, 12, 11, 13, 11], [15, 10, 14, 18, 17, 19, 16, 12, 16, 11, 18, 10, 18, 13, 11, 18, 10, 11, 12, 18, 17, 15, 10, 16, 17], [14, 16, 14, 18, 11, 12, 18, 18, 11, 19, 19, 15, 19, 13, 10, 17, 13, 19, 10, 10, 15, 14, 18, 14, 19], [18, 14, 10, 17, 18, 15, 12, 14, 10, 16, 15, 19, 18, 10, 17, 17, 13, 19, 11, 17, 11, 16, 14, 16, 14], [10, 11, 10, 15, 16, 10, 16, 14, 14, 17, 14, 12, 10, 19, 14, 10, 15, 15, 16, 11, 11, 17, 11, 12, 18], [10, 18, 10, 17, 11, 17, 19, 12, 19, 14, 10, 17, 16, 10, 15, 14, 18, 18, 16, 18, 10, 12, 16, 18, 15], [13, 14, 15, 12, 16, 16, 14, 17, 10, 17, 10, 14, 17, 11, 10, 10, 11, 15, 12, 16, 19, 15, 19, 14, 18], [12, 19, 19, 11, 15, 16, 11, 16, 12, 16, 12, 16, 16, 19, 18, 17, 14, 11, 17, 12, 19, 13, 19, 17, 10], [17, 16, 17, 17, 14, 14, 17, 14, 14, 14, 14, 16, 12, 10, 12, 15, 11, 11, 15, 14, 12, 17, 11, 13, 14], [17, 19, 10, 14, 17, 16, 16, 17, 15, 19, 11, 18, 13, 15, 15, 19, 10, 10, 14, 16, 14, 19, 11, 12, 13], [13, 15, 15, 14, 11, 17, 10, 14, 14, 13, 10, 10, 19, 16, 17, 17, 19, 11, 10, 13, 18, 16, 16, 10, 11], [14, 16, 12, 10, 17, 19, 12, 11, 14, 10, 16, 14, 19, 11, 19, 17, 19, 17, 12, 13, 19, 19, 18, 18, 17], [10, 13, 13, 18, 15, 17, 13, 10, 14, 18, 13, 12, 10, 12, 13, 13, 17, 10, 19, 10, 12, 11, 10, 18, 12], [11, 11, 12, 13, 14, 10, 18, 14, 19, 13, 15, 12, 19, 17, 10, 15, 12, 18, 16, 15, 16, 16, 14, 16, 15], [13, 11, 16, 14, 16, 10, 12, 17, 13, 17, 18, 18, 11, 12, 16, 11, 18, 19, 10, 16, 10, 18, 19, 19, 11], [10, 16, 14, 11, 12, 18, 17, 13, 12, 13, 18, 11, 14, 11, 10, 17, 19, 16, 12, 17, 11, 11, 10, 12, 14], [13, 16, 14, 18, 12, 13, 18, 15, 19, 11, 12, 14, 11, 15, 14, 17, 19, 12, 11, 10, 11, 13, 18, 10, 17], [14, 12, 14, 12, 10, 17, 12, 14, 13, 18, 14, 10, 14, 16, 18, 12, 19, 19, 10, 16, 15, 19, 12, 13, 13], [11, 13, 17, 17, 19, 18, 10, 13, 13, 14, 11, 13, 14, 19, 14, 14, 11, 13, 14, 17, 16, 10, 14, 12, 16], [10, 13, 10, 11, 14, 11, 11, 19, 14, 10, 19, 14, 14, 16, 17, 16, 15, 17, 17, 16, 18, 14, 16, 10, 10]]
Demand for each product in each period d: 
[[269, 282, 273, 485, 388, 366, 497, 213, 299, 208, 468, 423, 317, 322, 176, 223, 348, 390, 173, 362, 192, 237, 274, 380, 183], [380, 91, 215, 136, 87, 151, 395, 198, 294, 368, 159, 113, 353, 359, 78, 106, 105, 89, 335, 234, 451, 138, 336, 290, 411], [431, 131, 441, 350, 457, 437, 222, 126, 368, 236, 422, 399, 416, 164, 444, 446, 426, 480, 384, 469, 220, 217, 324, 241, 423], [195, 368, 491, 400, 191, 230, 431, 351, 431, 491, 180, 282, 316, 199, 234, 332, 476, 351, 401, 160, 431, 186, 295, 402, 155], [468, 410, 260, 216, 340, 469, 346, 268, 475, 200, 250, 216, 476, 124, 457, 70, 224, 189, 232, 123, 400, 454, 415, 268, 163], [288, 204, 57, 92, 260, 259, 132, 274, 384, 438, 289, 125, 336, 58, 134, 406, 99, 497, 403, 467, 364, 258, 257, 76, 240], [421, 179, 366, 118, 385, 137, 94, 268, 423, 380, 475, 443, 180, 342, 237, 419, 271, 402, 173, 148, 122, 342, 324, 221, 176], [345, 78, 362, 377, 319, 490, 200, 342, 366, 156, 245, 372, 266, 306, 390, 335, 475, 257, 302, 193, 361, 248, 384, 158, 80], [146, 164, 426, 339, 338, 399, 134, 448, 369, 87, 52, 389, 448, 119, 390, 202, 437, 360, 184, 287, 385, 371, 74, 444, 184], [300, 198, 123, 125, 179, 256, 297, 127, 310, 415, 197, 196, 177, 88, 414, 355, 272, 402, 216, 427, 354, 359, 207, 95, 304], [486, 180, 402, 456, 82, 187, 264, 492, 404, 373, 57, 188, 253, 298, 72, 344, 450, 283, 298, 386, 379, 297, 114, 441, 471], [233, 248, 240, 319, 51, 183, 198, 195, 193, 301, 119, 343, 68, 268, 301, 372, 429, 342, 157, 165, 169, 297, 90, 456, 386], [229, 249, 90, 161, 292, 64, 245, 312, 277, 482, 252, 65, 420, 66, 160, 351, 92, 391, 339, 325, 420, 497, 468, 411, 377], [61, 212, 300, 72, 452, 146, 392, 191, 479, 463, 240, 180, 321, 157, 424, 150, 291, 130, 141, 356, 471, 439, 67, 366, 81], [68, 258, 486, 192, 241, 72, 130, 420, 454, 141, 407, 122, 307, 99, 82, 234, 163, 155, 390, 270, 362, 432, 136, 387, 224], [388, 429, 347, 349, 406, 331, 222, 241, 201, 146, 278, 216, 152, 113, 330, 215, 356, 77, 318, 249, 157, 92, 436, 269, 377], [112, 158, 490, 347, 360, 175, 335, 312, 497, 313, 86, 71, 185, 442, 205, 445, 72, 466, 326, 125, 349, 268, 331, 223, 456], [487, 296, 433, 165, 103, 215, 494, 178, 83, 416, 129, 167, 355, 72, 157, 364, 444, 480, 132, 250, 173, 463, 366, 267, 154], [380, 499, 52, 85, 244, 379, 106, 230, 451, 217, 63, 377, 233, 396, 462, 493, 460, 168, 54, 280, 412, 378, 259, 117, 321], [344, 467, 414, 166, 263, 465, 455, 322, 391, 470, 310, 226, 131, 439, 319, 67, 124, 318, 164, 275, 240, 172, 339, 89, 273], [245, 180, 485, 329, 291, 142, 434, 369, 79, 69, 95, 396, 201, 431, 50, 72, 233, 103, 472, 380, 314, 199, 98, 83, 469], [137, 331, 91, 68, 145, 320, 457, 116, 174, 51, 191, 241, 318, 345, 262, 163, 460, 273, 329, 90, 361, 157, 116, 391, 141], [133, 107, 83, 185, 418, 475, 381, 227, 320, 467, 107, 478, 143, 154, 280, 458, 433, 204, 463, 352, 298, 455, 233, 215, 172], [336, 150, 332, 443, 200, 402, 65, 496, 254, 288, 202, 156, 52, 229, 92, 377, 312, 234, 290, 279, 264, 325, 221, 456, 318], [197, 202, 285, 237, 71, 411, 204, 364, 339, 403, 483, 248, 389, 485, 481, 127, 409, 217, 253, 377, 338, 415, 181, 88, 434]]
Maintenance cost in each period m: 
[8368, 11383, 10479, 7523, 4269, 9600, 11900, 4730, 7249, 11778, 10760, 4203, 3165, 12163, 8210, 5668, 4611, 12163, 11395, 7615, 7420, 3698, 8661, 10594, 5892]
Maximum capacity of the machine cmax: 
11375