Set of periods in the planning horizon T: 
30
Set of products P: 
5
Capacity reduction coefficient alpha: 
0.72
Relative decrease of capacity per set up gamma: 
0.34
Capacity reduction coefficient due to product types beta: 
[0.38, 0.24, 0.25, 0.33, 0.37]
Fixed production cost of each product in each period f: 
[[67, 129, 36, 64, 139, 110, 138, 52, 146, 65, 115, 102, 147, 83, 136, 111, 57, 136, 148, 143, 121, 42, 58, 90, 68, 136, 77, 84, 83, 114], [59, 33, 71, 69, 97, 65, 70, 149, 149, 41, 96, 85, 48, 84, 99, 75, 68, 126, 125, 81, 129, 89, 101, 108, 137, 92, 55, 92, 109, 128], [112, 72, 82, 127, 80, 108, 97, 104, 69, 141, 41, 94, 39, 47, 143, 104, 147, 64, 120, 112, 75, 88, 77, 91, 37, 68, 117, 74, 51, 44], [139, 110, 91, 141, 52, 101, 90, 44, 127, 75, 128, 63, 47, 84, 94, 71, 35, 143, 40, 59, 55, 147, 134, 83, 40, 44, 111, 107, 112, 98], [30, 76, 70, 123, 71, 52, 68, 102, 140, 65, 82, 58, 111, 46, 76, 53, 57, 134, 136, 65, 32, 121, 48, 79, 141, 53, 40, 64, 132, 122]]
Variable production cost per unit of each product in each period p: 
[[26, 26, 23, 29, 22, 29, 22, 28, 21, 28, 27, 22, 28, 26, 25, 29, 27, 29, 21, 29, 24, 25, 21, 22, 29, 29, 23, 26, 24, 26], [29, 25, 26, 22, 23, 23, 21, 24, 24, 24, 23, 29, 28, 26, 23, 27, 22, 23, 25, 22, 22, 20, 21, 22, 27, 25, 26, 23, 24, 29], [23, 28, 23, 28, 21, 21, 21, 28, 23, 29, 26, 26, 27, 21, 27, 28, 28, 29, 26, 25, 21, 26, 20, 26, 22, 23, 29, 27, 24, 21], [26, 23, 26, 29, 29, 26, 27, 29, 22, 28, 22, 28, 24, 28, 29, 29, 20, 25, 26, 24, 20, 29, 23, 23, 21, 28, 20, 23, 29, 20], [23, 29, 27, 28, 20, 29, 21, 26, 20, 22, 26, 24, 22, 29, 28, 24, 25, 26, 20, 21, 23, 24, 25, 28, 25, 29, 27, 21, 24, 26]]
Inventory holding cost per unit of each product by the end of each period h: 
[[10, 19, 16, 12, 14, 12, 14, 13, 12, 11, 16, 11, 11, 12, 15, 19, 12, 11, 16, 12, 16, 14, 10, 10, 18, 17, 12, 13, 16, 14], [18, 16, 17, 14, 14, 17, 15, 17, 13, 19, 18, 17, 11, 17, 13, 12, 19, 18, 13, 10, 15, 14, 19, 17, 17, 10, 17, 12, 12, 13], [12, 11, 13, 16, 16, 13, 14, 17, 15, 11, 11, 19, 15, 15, 14, 13, 15, 10, 10, 15, 12, 15, 11, 17, 18, 11, 11, 10, 14, 11], [13, 11, 11, 10, 12, 16, 15, 14, 12, 10, 14, 13, 18, 12, 19, 11, 10, 16, 19, 17, 19, 15, 18, 10, 17, 12, 13, 13, 17, 17], [16, 14, 17, 12, 13, 18, 10, 16, 17, 13, 10, 16, 15, 10, 12, 10, 17, 17, 10, 18, 13, 18, 11, 18, 13, 12, 12, 16, 16, 10]]
Demand for each product in each period d: 
[[15, 5, 18, 22, 39, 14, 28, 45, 13, 8, 43, 33, 28, 30, 12, 13, 6, 45, 13, 39, 44, 12, 8, 6, 5, 39, 24, 49, 45, 21], [37, 34, 35, 29, 35, 20, 47, 25, 17, 21, 26, 48, 23, 24, 31, 46, 15, 28, 37, 35, 43, 43, 21, 15, 20, 42, 38, 18, 19, 21], [18, 21, 40, 28, 40, 23, 14, 49, 49, 48, 35, 33, 47, 47, 48, 33, 44, 42, 37, 11, 30, 36, 14, 10, 7, 43, 43, 44, 37, 45], [12, 22, 30, 45, 41, 14, 6, 28, 17, 12, 25, 45, 48, 12, 33, 34, 26, 22, 46, 21, 39, 29, 39, 13, 15, 40, 36, 6, 47, 9], [49, 36, 29, 6, 15, 15, 46, 31, 31, 23, 26, 30, 29, 16, 12, 47, 16, 46, 14, 11, 48, 41, 46, 35, 34, 32, 16, 44, 15, 14]]
Maintenance cost in each period m: 
[787, 405, 681, 1366, 1250, 1010, 1407, 450, 1239, 1309, 349, 511, 818, 1033, 308, 900, 1471, 342, 916, 1334, 1047, 873, 1244, 1292, 1420, 908, 1130, 1075, 1033, 1313]
Maximum capacity of the machine cmax: 
240