Set of periods in the planning horizon T: 
60
Set of products P: 
30
Capacity reduction coefficient alpha: 
0.79
Relative decrease of capacity per set up gamma: 
0.31
Capacity reduction coefficient due to product types beta: 
[0.31, 0.36, 0.31, 0.38, 0.33, 0.27, 0.3, 0.39, 0.24, 0.26, 0.34, 0.32, 0.37, 0.26, 0.38, 0.22, 0.39, 0.33, 0.34, 0.36, 0.28, 0.32, 0.39, 0.3, 0.33, 0.21, 0.33, 0.39, 0.36, 0.35]
Fixed production cost of each product in each period f: 
[[67, 164, 245, 68, 272, 90, 107, 147, 203, 154, 212, 255, 166, 169, 103, 258, 204, 289, 201, 191, 129, 205, 100, 168, 172, 198, 257, 62, 216, 143, 63, 220, 193, 252, 103, 66, 275, 98, 238, 77, 249, 195, 223, 71, 213, 201, 84, 190, 99, 116, 261, 205, 205, 202, 224, 140, 117, 79, 70, 270], [72, 168, 227, 81, 207, 142, 166, 233, 215, 162, 94, 64, 280, 145, 156, 255, 101, 271, 235, 122, 159, 154, 119, 162, 94, 183, 61, 272, 133, 123, 116, 240, 135, 295, 86, 93, 185, 237, 168, 243, 146, 201, 109, 221, 268, 97, 203, 217, 109, 73, 120, 100, 253, 286, 172, 230, 69, 228, 224, 207], [61, 272, 291, 197, 126, 189, 154, 227, 194, 269, 63, 107, 178, 118, 230, 123, 167, 110, 218, 183, 190, 192, 163, 140, 130, 76, 230, 165, 137, 256, 98, 173, 85, 227, 90, 218, 185, 70, 201, 112, 218, 79, 283, 93, 164, 295, 221, 255, 133, 235, 238, 250, 80, 113, 260, 75, 149, 79, 243, 221], [138, 69, 115, 271, 119, 172, 181, 298, 243, 266, 137, 74, 172, 121, 220, 156, 228, 262, 275, 123, 283, 160, 228, 222, 258, 258, 86, 75, 174, 231, 133, 101, 273, 92, 262, 132, 282, 101, 125, 256, 61, 285, 225, 249, 61, 229, 214, 268, 110, 84, 199, 193, 293, 245, 162, 213, 160, 268, 239, 66], [142, 282, 274, 241, 107, 247, 61, 273, 94, 81, 269, 243, 222, 221, 110, 149, 285, 207, 249, 162, 64, 286, 261, 84, 277, 76, 212, 272, 286, 288, 134, 214, 140, 180, 112, 82, 118, 265, 141, 90, 273, 243, 262, 185, 237, 201, 106, 93, 220, 119, 199, 253, 213, 197, 193, 267, 96, 89, 173, 212], [176, 156, 176, 248, 258, 106, 246, 63, 226, 132, 99, 160, 61, 299, 86, 112, 282, 281, 161, 129, 217, 108, 287, 156, 100, 254, 210, 202, 181, 128, 133, 202, 185, 80, 69, 136, 254, 155, 218, 207, 105, 259, 134, 100, 121, 140, 242, 121, 133, 73, 139, 168, 117, 162, 76, 68, 279, 266, 231, 157], [248, 231, 212, 61, 68, 154, 290, 209, 143, 131, 293, 193, 87, 72, 111, 75, 204, 175, 216, 275, 237, 268, 248, 283, 61, 271, 237, 125, 155, 132, 187, 205, 232, 241, 117, 194, 249, 170, 292, 222, 153, 277, 274, 208, 99, 112, 211, 162, 135, 290, 115, 113, 136, 86, 162, 137, 167, 106, 92, 159], [223, 251, 161, 158, 76, 152, 250, 156, 133, 233, 73, 81, 282, 98, 226, 159, 147, 242, 234, 155, 105, 273, 265, 101, 255, 103, 100, 257, 158, 123, 236, 186, 225, 129, 218, 126, 275, 243, 286, 63, 157, 205, 115, 199, 257, 203, 140, 109, 157, 200, 194, 62, 67, 295, 237, 125, 140, 87, 257, 130], [190, 231, 82, 92, 189, 246, 154, 236, 279, 64, 138, 270, 220, 84, 286, 216, 257, 110, 217, 275, 174, 230, 215, 154, 299, 229, 98, 241, 182, 206, 187, 85, 210, 199, 132, 102, 97, 292, 106, 208, 216, 248, 61, 166, 263, 259, 152, 196, 94, 242, 179, 241, 71, 264, 86, 180, 270, 127, 144, 94], [252, 103, 68, 87, 68, 294, 136, 116, 292, 218, 107, 287, 136, 167, 285, 247, 298, 127, 140, 116, 126, 132, 264, 211, 226, 242, 255, 107, 111, 278, 291, 268, 189, 298, 198, 181, 181, 291, 151, 76, 123, 92, 192, 271, 115, 96, 225, 278, 165, 172, 291, 76, 180, 136, 63, 215, 160, 138, 101, 112], [140, 123, 250, 119, 133, 281, 280, 196, 153, 105, 124, 90, 151, 196, 121, 67, 128, 226, 206, 72, 207, 111, 111, 137, 145, 181, 93, 209, 282, 191, 150, 96, 182, 291, 261, 240, 179, 266, 285, 84, 164, 285, 206, 72, 233, 224, 101, 263, 255, 196, 149, 121, 199, 152, 92, 98, 107, 292, 122, 122], [163, 269, 156, 98, 258, 290, 183, 107, 291, 253, 223, 154, 284, 176, 65, 288, 251, 74, 86, 209, 94, 220, 285, 246, 148, 118, 292, 70, 76, 138, 119, 130, 197, 283, 288, 100, 263, 74, 99, 76, 260, 150, 165, 87, 295, 252, 98, 297, 144, 141, 196, 162, 197, 141, 81, 114, 275, 234, 119, 141], [186, 96, 199, 218, 212, 246, 83, 238, 68, 145, 227, 208, 101, 224, 170, 136, 170, 146, 275, 172, 192, 70, 217, 157, 99, 272, 219, 134, 197, 121, 122, 117, 148, 119, 248, 143, 245, 119, 178, 123, 149, 89, 76, 171, 160, 176, 268, 291, 153, 164, 296, 261, 101, 203, 126, 272, 129, 209, 136, 121], [118, 100, 203, 248, 125, 86, 264, 190, 74, 254, 161, 245, 253, 270, 62, 127, 166, 280, 99, 217, 231, 67, 60, 158, 223, 72, 286, 134, 213, 63, 139, 150, 142, 146, 140, 61, 257, 156, 82, 166, 292, 158, 159, 69, 191, 276, 129, 290, 144, 128, 81, 179, 243, 194, 285, 247, 185, 176, 144, 131], [168, 195, 220, 161, 283, 190, 272, 97, 69, 95, 131, 136, 106, 147, 291, 72, 289, 149, 109, 222, 124, 204, 296, 182, 190, 149, 117, 145, 182, 202, 109, 143, 187, 288, 80, 278, 131, 203, 292, 69, 220, 165, 262, 98, 151, 93, 149, 100, 228, 234, 253, 221, 236, 202, 182, 146, 201, 205, 271, 284], [82, 154, 222, 237, 251, 169, 100, 133, 132, 176, 270, 61, 241, 161, 150, 139, 278, 84, 78, 129, 264, 99, 282, 115, 207, 250, 246, 104, 155, 207, 248, 293, 218, 280, 291, 137, 168, 154, 77, 72, 230, 196, 159, 177, 231, 156, 165, 196, 76, 249, 97, 78, 295, 71, 112, 254, 197, 255, 99, 176], [209, 83, 195, 206, 62, 89, 259, 263, 152, 146, 145, 98, 137, 234, 287, 262, 160, 239, 298, 125, 65, 182, 279, 231, 261, 71, 199, 179, 209, 142, 84, 184, 279, 220, 175, 278, 207, 204, 242, 297, 88, 135, 151, 122, 201, 287, 166, 190, 257, 124, 221, 250, 156, 270, 155, 118, 258, 64, 268, 270], [139, 198, 224, 297, 241, 258, 265, 234, 185, 244, 108, 64, 203, 120, 94, 242, 251, 288, 67, 120, 261, 201, 273, 160, 253, 121, 217, 145, 180, 255, 108, 156, 67, 94, 189, 229, 174, 164, 181, 246, 99, 227, 228, 65, 224, 131, 65, 291, 146, 285, 218, 293, 122, 177, 79, 96, 73, 142, 173, 253], [231, 244, 175, 128, 273, 160, 188, 142, 80, 248, 244, 117, 216, 79, 214, 238, 70, 66, 163, 184, 69, 273, 272, 168, 70, 67, 184, 141, 96, 155, 140, 80, 149, 296, 80, 217, 197, 201, 130, 160, 140, 250, 235, 90, 115, 292, 177, 132, 69, 172, 143, 268, 240, 152, 100, 174, 172, 273, 186, 175], [74, 74, 290, 138, 72, 121, 252, 229, 247, 82, 119, 75, 288, 298, 202, 129, 145, 151, 240, 129, 246, 185, 145, 271, 116, 208, 274, 221, 221, 251, 286, 115, 151, 233, 210, 82, 120, 76, 279, 189, 286, 75, 120, 69, 298, 61, 71, 121, 125, 240, 255, 70, 82, 262, 283, 248, 202, 65, 296, 167], [239, 182, 266, 241, 213, 127, 95, 288, 143, 133, 258, 178, 268, 73, 143, 183, 283, 185, 189, 209, 60, 192, 103, 72, 187, 74, 144, 183, 105, 62, 162, 162, 87, 136, 232, 61, 60, 219, 178, 131, 277, 176, 241, 224, 167, 180, 74, 288, 165, 65, 198, 289, 278, 209, 89, 90, 211, 168, 130, 246], [79, 262, 214, 215, 249, 227, 245, 188, 222, 256, 275, 144, 282, 176, 96, 124, 171, 245, 279, 153, 285, 288, 199, 141, 160, 65, 220, 146, 184, 270, 77, 173, 248, 217, 229, 134, 231, 118, 244, 77, 295, 287, 192, 166, 226, 254, 70, 242, 217, 220, 91, 227, 94, 264, 289, 233, 149, 143, 214, 163], [208, 154, 90, 115, 205, 170, 215, 201, 92, 90, 278, 249, 208, 71, 111, 216, 235, 141, 81, 263, 269, 220, 225, 292, 169, 243, 219, 257, 111, 151, 169, 143, 133, 150, 248, 105, 222, 62, 98, 203, 256, 214, 122, 212, 232, 207, 247, 272, 111, 139, 248, 239, 72, 79, 186, 79, 112, 61, 245, 64], [167, 196, 163, 86, 294, 124, 284, 261, 226, 196, 278, 265, 158, 196, 243, 60, 167, 248, 102, 297, 153, 276, 139, 253, 292, 136, 85, 124, 131, 252, 218, 232, 205, 287, 105, 275, 220, 133, 267, 108, 127, 69, 71, 109, 197, 108, 64, 278, 152, 218, 141, 168, 99, 165, 163, 127, 215, 84, 288, 202], [100, 121, 164, 299, 132, 201, 97, 239, 227, 106, 94, 166, 253, 243, 248, 257, 230, 250, 245, 269, 147, 85, 164, 257, 259, 229, 131, 255, 178, 267, 137, 285, 140, 278, 68, 228, 60, 272, 210, 281, 269, 225, 136, 165, 81, 65, 89, 181, 157, 255, 180, 68, 129, 127, 200, 283, 165, 183, 249, 243], [278, 177, 235, 177, 189, 131, 206, 62, 293, 173, 268, 157, 79, 102, 225, 76, 127, 100, 182, 153, 168, 218, 284, 229, 285, 151, 273, 248, 221, 213, 227, 183, 62, 169, 137, 193, 211, 184, 279, 292, 167, 222, 263, 93, 233, 168, 87, 93, 268, 156, 227, 135, 195, 173, 240, 75, 182, 258, 172, 98], [65, 247, 229, 96, 140, 209, 202, 208, 190, 162, 99, 207, 297, 169, 98, 287, 174, 255, 112, 216, 96, 179, 229, 77, 91, 171, 283, 237, 128, 214, 235, 124, 263, 212, 186, 179, 60, 185, 212, 217, 247, 252, 172, 278, 293, 98, 292, 76, 214, 98, 109, 298, 75, 148, 206, 213, 135, 248, 249, 95], [188, 180, 231, 262, 119, 228, 277, 86, 134, 70, 239, 286, 294, 120, 81, 174, 132, 285, 130, 248, 118, 236, 270, 175, 135, 72, 247, 187, 131, 195, 202, 99, 120, 84, 61, 226, 119, 281, 122, 261, 194, 171, 168, 222, 230, 251, 230, 269, 191, 72, 180, 287, 290, 247, 283, 82, 234, 195, 67, 66], [269, 232, 61, 131, 272, 145, 270, 176, 89, 181, 235, 217, 283, 193, 248, 219, 275, 216, 154, 90, 111, 61, 134, 210, 266, 69, 282, 206, 133, 72, 105, 251, 215, 144, 220, 156, 100, 263, 102, 293, 179, 205, 198, 284, 244, 180, 272, 238, 274, 125, 240, 146, 272, 271, 236, 209, 61, 125, 136, 246], [196, 99, 89, 253, 253, 186, 135, 184, 201, 69, 130, 251, 154, 136, 234, 197, 205, 202, 159, 109, 156, 227, 187, 221, 67, 112, 81, 124, 124, 187, 123, 207, 125, 260, 191, 174, 69, 184, 266, 176, 62, 128, 75, 112, 189, 123, 113, 155, 271, 249, 134, 185, 231, 120, 209, 139, 87, 136, 115, 131]]
Variable production cost per unit of each product in each period p: 
[[27, 23, 25, 21, 20, 22, 21, 22, 25, 23, 22, 22, 20, 26, 25, 22, 22, 22, 24, 20, 22, 23, 27, 25, 27, 20, 23, 28, 25, 27, 23, 24, 29, 26, 24, 24, 27, 22, 29, 26, 28, 26, 25, 24, 23, 24, 22, 24, 25, 27, 26, 26, 24, 22, 25, 29, 24, 25, 29, 24], [23, 28, 27, 23, 25, 25, 25, 27, 22, 20, 22, 27, 21, 22, 25, 25, 27, 22, 25, 29, 22, 29, 24, 29, 20, 29, 24, 20, 27, 24, 21, 26, 21, 28, 22, 26, 20, 27, 21, 27, 20, 29, 29, 21, 21, 29, 22, 24, 22, 29, 23, 22, 28, 24, 26, 25, 25, 23, 26, 21], [27, 21, 24, 24, 26, 28, 24, 24, 27, 20, 28, 23, 23, 24, 29, 20, 26, 20, 28, 26, 29, 27, 23, 27, 21, 25, 29, 26, 21, 26, 22, 25, 26, 20, 28, 27, 28, 28, 22, 21, 28, 28, 26, 23, 25, 22, 26, 20, 29, 26, 23, 25, 27, 22, 23, 29, 26, 21, 29, 23], [21, 27, 25, 25, 26, 25, 24, 22, 20, 25, 22, 27, 22, 25, 21, 23, 21, 26, 29, 28, 29, 29, 27, 20, 24, 25, 20, 26, 20, 26, 26, 23, 20, 28, 26, 27, 20, 22, 20, 29, 24, 24, 25, 22, 23, 28, 23, 20, 23, 28, 25, 28, 22, 29, 24, 24, 24, 22, 25, 24], [21, 21, 23, 21, 27, 29, 29, 29, 21, 24, 27, 26, 21, 28, 24, 21, 21, 25, 26, 28, 21, 28, 29, 29, 29, 23, 25, 22, 23, 24, 29, 29, 26, 22, 21, 29, 20, 20, 21, 22, 27, 24, 23, 26, 20, 27, 24, 24, 28, 24, 20, 24, 22, 29, 27, 20, 28, 27, 28, 28], [20, 25, 23, 25, 21, 29, 21, 27, 29, 22, 22, 22, 24, 21, 29, 22, 23, 20, 20, 28, 28, 24, 21, 23, 24, 26, 20, 23, 23, 20, 20, 26, 23, 20, 25, 25, 27, 20, 22, 26, 25, 24, 22, 21, 26, 23, 25, 22, 25, 25, 25, 20, 28, 21, 27, 22, 22, 28, 22, 28], [22, 23, 22, 28, 29, 20, 22, 23, 23, 26, 22, 27, 23, 21, 23, 28, 28, 23, 23, 25, 29, 29, 24, 22, 23, 24, 23, 27, 24, 25, 20, 26, 28, 28, 25, 20, 24, 28, 21, 20, 20, 26, 20, 22, 25, 22, 29, 24, 27, 25, 21, 29, 27, 23, 26, 22, 27, 20, 25, 23], [22, 22, 20, 29, 28, 22, 27, 23, 27, 27, 23, 27, 27, 29, 25, 23, 23, 25, 29, 29, 27, 24, 29, 25, 27, 29, 25, 22, 24, 28, 24, 20, 22, 25, 22, 20, 22, 20, 28, 21, 23, 27, 20, 20, 24, 26, 25, 26, 20, 24, 29, 29, 29, 23, 20, 29, 21, 25, 29, 23], [20, 25, 20, 26, 28, 26, 22, 27, 22, 24, 22, 28, 24, 20, 24, 28, 29, 29, 25, 27, 28, 23, 22, 26, 25, 23, 22, 24, 20, 22, 23, 24, 26, 29, 29, 29, 24, 28, 21, 20, 29, 25, 21, 28, 25, 26, 21, 20, 21, 22, 23, 29, 21, 28, 26, 25, 21, 27, 29, 29], [20, 22, 26, 28, 26, 23, 21, 25, 24, 24, 26, 26, 24, 24, 29, 27, 25, 29, 22, 24, 29, 25, 27, 23, 25, 24, 28, 28, 25, 26, 26, 28, 22, 23, 24, 21, 28, 28, 26, 26, 20, 21, 29, 25, 22, 22, 25, 23, 20, 21, 26, 29, 22, 23, 27, 20, 23, 26, 24, 26], [22, 23, 29, 26, 27, 22, 28, 22, 21, 25, 23, 29, 27, 25, 29, 23, 27, 26, 23, 28, 28, 24, 21, 23, 27, 28, 21, 21, 26, 27, 26, 26, 23, 26, 25, 21, 24, 24, 20, 26, 20, 21, 25, 26, 25, 24, 26, 22, 21, 25, 20, 28, 20, 23, 20, 25, 23, 20, 20, 28], [23, 28, 23, 27, 24, 20, 20, 21, 24, 26, 23, 28, 28, 27, 25, 24, 24, 21, 29, 23, 21, 23, 21, 20, 29, 26, 23, 29, 26, 25, 20, 28, 27, 25, 24, 24, 20, 24, 23, 24, 27, 21, 23, 28, 20, 29, 27, 24, 21, 27, 22, 20, 27, 29, 23, 28, 25, 24, 23, 29], [28, 25, 27, 27, 28, 26, 24, 29, 28, 23, 26, 21, 24, 21, 25, 26, 21, 22, 21, 28, 28, 25, 21, 26, 29, 21, 23, 20, 27, 29, 27, 27, 24, 24, 22, 25, 23, 22, 25, 21, 25, 23, 22, 26, 25, 29, 25, 24, 26, 27, 27, 25, 25, 25, 20, 23, 23, 22, 20, 25], [29, 24, 20, 22, 23, 20, 26, 23, 28, 20, 25, 23, 29, 22, 21, 20, 29, 25, 27, 26, 21, 26, 23, 25, 24, 22, 27, 27, 20, 22, 29, 25, 21, 20, 28, 21, 29, 21, 26, 22, 21, 20, 28, 24, 21, 22, 26, 24, 26, 20, 26, 27, 24, 26, 28, 24, 28, 26, 29, 25], [20, 23, 21, 22, 20, 24, 28, 26, 27, 26, 25, 25, 29, 25, 25, 28, 22, 22, 27, 21, 27, 22, 21, 28, 28, 27, 29, 29, 26, 28, 27, 26, 28, 26, 28, 29, 28, 20, 27, 27, 24, 23, 21, 23, 25, 22, 25, 25, 23, 25, 26, 28, 22, 26, 23, 21, 20, 26, 25, 27], [22, 27, 22, 21, 23, 23, 29, 26, 20, 22, 29, 25, 22, 26, 28, 29, 28, 20, 25, 27, 21, 26, 23, 22, 25, 21, 27, 20, 27, 27, 23, 27, 25, 22, 22, 22, 27, 20, 20, 29, 25, 20, 25, 21, 28, 24, 21, 22, 24, 26, 23, 29, 28, 25, 22, 24, 28, 29, 25, 29], [26, 27, 24, 27, 21, 28, 26, 27, 23, 23, 26, 24, 28, 23, 29, 29, 26, 25, 23, 27, 20, 24, 23, 21, 27, 26, 29, 21, 29, 27, 24, 21, 26, 24, 29, 22, 27, 27, 25, 20, 22, 21, 24, 29, 29, 27, 29, 25, 21, 22, 24, 27, 28, 20, 26, 27, 24, 24, 29, 22], [27, 27, 28, 21, 25, 24, 23, 26, 28, 23, 22, 22, 21, 24, 26, 26, 26, 20, 21, 24, 27, 28, 27, 25, 23, 25, 21, 28, 20, 22, 21, 23, 29, 22, 25, 24, 20, 28, 28, 23, 29, 25, 23, 28, 22, 23, 22, 23, 24, 21, 22, 22, 29, 24, 23, 21, 22, 26, 25, 24], [29, 23, 27, 29, 27, 23, 29, 25, 26, 20, 20, 23, 23, 24, 21, 27, 29, 21, 24, 21, 23, 21, 22, 24, 20, 24, 22, 29, 29, 25, 27, 29, 25, 22, 23, 26, 20, 25, 28, 25, 23, 20, 24, 29, 20, 26, 27, 22, 24, 25, 28, 21, 24, 22, 27, 25, 24, 21, 23, 22], [24, 28, 22, 27, 24, 28, 26, 27, 26, 28, 26, 28, 22, 23, 26, 20, 20, 27, 20, 23, 27, 23, 21, 26, 21, 23, 21, 22, 25, 21, 28, 26, 25, 28, 25, 27, 23, 26, 25, 26, 20, 25, 25, 20, 20, 23, 28, 25, 25, 20, 27, 27, 25, 28, 21, 23, 27, 20, 29, 28], [24, 25, 24, 21, 23, 24, 23, 20, 24, 23, 23, 25, 21, 21, 24, 24, 22, 21, 29, 28, 29, 29, 24, 24, 28, 25, 26, 24, 28, 23, 23, 29, 21, 26, 22, 24, 28, 29, 24, 21, 28, 27, 20, 29, 21, 25, 24, 27, 21, 20, 26, 24, 27, 22, 23, 27, 24, 29, 29, 25], [20, 28, 27, 24, 26, 22, 29, 20, 22, 20, 25, 20, 23, 22, 24, 20, 27, 20, 26, 28, 23, 29, 24, 24, 23, 29, 21, 23, 23, 29, 26, 27, 26, 24, 24, 24, 26, 28, 20, 24, 26, 29, 20, 22, 29, 23, 26, 21, 20, 29, 28, 24, 22, 27, 20, 25, 24, 25, 21, 25], [25, 23, 28, 26, 29, 21, 26, 27, 27, 20, 23, 20, 23, 22, 27, 28, 29, 27, 25, 23, 20, 21, 22, 20, 28, 28, 29, 24, 21, 29, 20, 28, 26, 22, 28, 21, 22, 28, 29, 20, 21, 26, 28, 26, 26, 23, 21, 29, 25, 22, 27, 23, 26, 22, 20, 25, 21, 26, 24, 28], [20, 20, 25, 27, 24, 26, 25, 27, 25, 25, 26, 24, 20, 23, 22, 22, 28, 20, 25, 25, 26, 27, 22, 29, 22, 25, 23, 24, 21, 24, 27, 29, 29, 25, 20, 25, 26, 24, 26, 22, 23, 24, 27, 21, 24, 26, 26, 22, 20, 23, 24, 20, 20, 26, 27, 23, 27, 29, 27, 28], [23, 28, 25, 29, 23, 23, 20, 27, 26, 24, 22, 20, 24, 26, 22, 24, 24, 25, 20, 22, 23, 23, 26, 28, 29, 23, 29, 28, 20, 25, 28, 25, 22, 28, 21, 26, 24, 22, 23, 25, 27, 21, 23, 26, 20, 23, 26, 22, 29, 21, 22, 22, 23, 23, 29, 20, 25, 23, 24, 27], [24, 25, 29, 29, 27, 27, 25, 21, 25, 20, 21, 22, 25, 28, 20, 21, 20, 20, 27, 29, 21, 27, 22, 26, 23, 20, 24, 29, 24, 22, 25, 21, 28, 28, 29, 21, 29, 21, 24, 20, 24, 29, 23, 25, 26, 25, 29, 26, 29, 29, 21, 28, 20, 21, 20, 26, 20, 27, 23, 27], [26, 27, 29, 23, 21, 27, 29, 21, 26, 24, 23, 29, 29, 27, 27, 23, 21, 22, 24, 23, 21, 27, 21, 24, 24, 26, 25, 21, 25, 23, 27, 27, 24, 21, 27, 28, 24, 29, 23, 22, 20, 27, 24, 28, 28, 26, 26, 24, 22, 29, 27, 21, 28, 23, 26, 22, 20, 22, 22, 27], [20, 22, 28, 24, 20, 26, 25, 29, 23, 24, 27, 20, 23, 22, 24, 23, 26, 20, 27, 22, 22, 21, 21, 23, 25, 24, 26, 24, 21, 25, 25, 21, 24, 27, 22, 29, 20, 20, 27, 21, 27, 29, 22, 25, 20, 27, 27, 28, 22, 23, 21, 23, 28, 29, 25, 22, 28, 28, 28, 27], [22, 26, 29, 25, 28, 22, 25, 28, 24, 26, 29, 27, 24, 27, 22, 20, 29, 22, 28, 25, 25, 27, 25, 21, 21, 24, 28, 28, 26, 29, 28, 24, 22, 21, 26, 26, 20, 24, 23, 23, 24, 23, 27, 28, 22, 28, 21, 21, 24, 21, 20, 28, 23, 20, 26, 21, 29, 24, 27, 20], [25, 29, 21, 25, 24, 29, 24, 28, 20, 25, 20, 24, 29, 20, 28, 22, 22, 23, 20, 23, 20, 22, 23, 21, 28, 21, 28, 21, 26, 21, 25, 21, 29, 29, 27, 26, 22, 21, 25, 25, 28, 22, 25, 22, 27, 26, 23, 20, 23, 20, 27, 23, 21, 21, 27, 29, 23, 22, 27, 21]]
Inventory holding cost per unit of each product by the end of each period h: 
[[12, 16, 18, 16, 16, 17, 12, 17, 12, 15, 18, 11, 17, 12, 10, 11, 15, 11, 10, 10, 14, 17, 18, 13, 11, 13, 16, 14, 11, 18, 16, 14, 16, 17, 14, 11, 15, 12, 12, 18, 17, 16, 16, 12, 15, 15, 16, 10, 17, 13, 12, 17, 18, 18, 18, 11, 19, 11, 10, 17], [11, 10, 15, 19, 15, 16, 13, 12, 14, 10, 18, 12, 12, 11, 19, 17, 14, 19, 16, 17, 17, 17, 10, 15, 11, 16, 14, 13, 16, 12, 13, 14, 16, 13, 18, 15, 18, 18, 16, 17, 12, 10, 17, 12, 19, 12, 11, 15, 11, 14, 12, 16, 14, 15, 16, 18, 14, 14, 11, 17], [16, 12, 16, 13, 16, 19, 19, 17, 18, 15, 11, 18, 12, 15, 10, 12, 15, 17, 16, 12, 11, 14, 17, 17, 17, 19, 12, 10, 15, 16, 11, 10, 14, 19, 17, 11, 16, 17, 16, 14, 14, 11, 18, 16, 10, 10, 17, 14, 17, 16, 18, 12, 14, 16, 18, 19, 16, 16, 14, 16], [11, 11, 14, 10, 13, 18, 15, 11, 19, 17, 17, 13, 18, 14, 14, 12, 10, 10, 19, 12, 17, 18, 16, 18, 18, 10, 17, 17, 14, 11, 12, 11, 16, 10, 12, 18, 10, 16, 17, 18, 16, 17, 18, 16, 10, 12, 13, 19, 15, 13, 11, 15, 14, 17, 19, 14, 17, 11, 13, 12], [11, 11, 12, 14, 15, 15, 18, 19, 17, 13, 17, 19, 11, 12, 17, 18, 16, 10, 13, 18, 14, 10, 16, 13, 14, 16, 11, 10, 16, 11, 12, 11, 19, 16, 11, 18, 19, 14, 19, 17, 11, 14, 15, 17, 13, 12, 19, 11, 13, 13, 19, 11, 12, 16, 16, 11, 11, 17, 13, 16], [10, 19, 18, 10, 11, 19, 12, 11, 11, 13, 15, 16, 19, 12, 13, 15, 18, 12, 17, 14, 13, 12, 15, 10, 14, 16, 14, 13, 18, 13, 13, 16, 10, 18, 11, 18, 11, 11, 16, 16, 12, 17, 17, 18, 14, 13, 16, 14, 19, 11, 11, 10, 14, 11, 16, 13, 16, 17, 12, 19], [14, 10, 13, 16, 17, 10, 18, 17, 16, 15, 17, 14, 10, 11, 11, 13, 11, 11, 11, 17, 16, 19, 15, 10, 10, 16, 18, 12, 16, 11, 16, 10, 13, 14, 11, 12, 19, 15, 14, 12, 19, 12, 15, 17, 19, 13, 12, 16, 12, 18, 10, 18, 14, 17, 10, 14, 16, 18, 10, 14], [14, 15, 16, 13, 19, 16, 15, 18, 16, 11, 13, 18, 14, 13, 11, 11, 16, 18, 12, 18, 10, 17, 12, 13, 19, 10, 16, 12, 14, 18, 15, 12, 19, 14, 12, 13, 18, 12, 11, 13, 17, 16, 10, 19, 10, 12, 12, 15, 17, 18, 13, 10, 10, 14, 13, 15, 14, 11, 10, 14], [11, 12, 11, 17, 18, 10, 19, 14, 17, 18, 13, 12, 17, 10, 13, 18, 15, 14, 13, 19, 19, 13, 11, 19, 15, 15, 18, 13, 19, 14, 10, 18, 19, 11, 17, 14, 15, 17, 15, 18, 10, 11, 16, 16, 18, 14, 12, 12, 16, 15, 16, 18, 14, 12, 13, 15, 14, 13, 15, 17], [19, 17, 18, 10, 19, 10, 16, 11, 13, 14, 15, 16, 11, 13, 17, 16, 18, 14, 11, 10, 11, 17, 12, 18, 11, 18, 10, 19, 13, 10, 10, 11, 14, 17, 12, 11, 12, 17, 11, 13, 15, 18, 16, 13, 11, 11, 19, 16, 12, 12, 18, 16, 16, 15, 11, 10, 17, 16, 18, 12], [11, 14, 11, 16, 14, 12, 14, 18, 14, 12, 16, 19, 16, 13, 18, 16, 18, 14, 14, 11, 16, 15, 19, 13, 15, 13, 11, 10, 15, 15, 11, 13, 11, 11, 16, 16, 18, 16, 10, 10, 16, 12, 10, 18, 12, 14, 11, 18, 16, 11, 12, 10, 17, 15, 19, 12, 16, 11, 10, 12], [16, 19, 13, 10, 18, 19, 13, 12, 13, 15, 11, 10, 19, 13, 11, 10, 12, 16, 17, 14, 17, 18, 14, 15, 10, 19, 13, 18, 12, 19, 17, 13, 19, 16, 18, 10, 19, 17, 15, 13, 14, 13, 13, 12, 19, 13, 15, 17, 11, 17, 18, 18, 14, 18, 15, 16, 15, 16, 10, 18], [17, 12, 17, 18, 16, 13, 10, 12, 17, 17, 13, 17, 10, 11, 16, 18, 17, 12, 14, 10, 14, 14, 13, 16, 15, 14, 18, 15, 16, 15, 16, 16, 11, 14, 19, 19, 14, 18, 18, 16, 11, 13, 11, 14, 15, 16, 10, 10, 12, 17, 17, 17, 10, 12, 15, 11, 12, 14, 17, 11], [16, 18, 11, 15, 11, 14, 12, 14, 14, 17, 17, 11, 13, 15, 17, 18, 17, 16, 18, 11, 14, 10, 18, 12, 18, 15, 16, 17, 10, 15, 16, 18, 19, 16, 11, 13, 11, 14, 19, 13, 11, 13, 16, 15, 19, 17, 19, 17, 18, 11, 19, 13, 18, 17, 14, 18, 19, 14, 19, 11], [13, 17, 10, 11, 13, 15, 19, 14, 11, 19, 11, 10, 15, 14, 18, 11, 16, 11, 19, 19, 11, 15, 13, 17, 13, 19, 15, 11, 11, 13, 14, 13, 11, 11, 16, 16, 10, 18, 10, 12, 16, 12, 17, 13, 13, 10, 17, 13, 14, 12, 11, 18, 17, 10, 17, 14, 16, 14, 16, 16], [17, 14, 18, 16, 11, 10, 11, 17, 18, 10, 19, 11, 16, 12, 11, 19, 11, 19, 15, 10, 18, 16, 17, 17, 19, 16, 16, 18, 19, 18, 15, 12, 11, 10, 13, 15, 10, 13, 18, 11, 17, 14, 11, 19, 12, 11, 18, 10, 11, 15, 15, 12, 19, 11, 10, 17, 13, 13, 18, 10], [11, 19, 11, 14, 16, 18, 10, 12, 14, 16, 14, 19, 15, 10, 11, 13, 15, 17, 19, 16, 15, 10, 19, 18, 19, 10, 19, 16, 11, 14, 14, 13, 18, 14, 13, 18, 17, 15, 18, 16, 18, 10, 19, 11, 18, 11, 17, 10, 17, 12, 18, 11, 10, 10, 16, 16, 19, 14, 12, 15], [11, 16, 15, 12, 19, 15, 12, 17, 16, 17, 16, 10, 13, 13, 13, 17, 12, 10, 14, 10, 14, 13, 13, 18, 19, 10, 15, 11, 14, 14, 13, 11, 12, 13, 19, 14, 10, 19, 14, 11, 16, 11, 13, 17, 16, 11, 11, 11, 18, 10, 10, 15, 15, 13, 12, 12, 13, 13, 12, 13], [17, 18, 19, 17, 11, 11, 10, 15, 18, 17, 17, 10, 10, 11, 13, 19, 17, 10, 15, 13, 16, 12, 15, 11, 17, 14, 18, 18, 14, 10, 14, 14, 19, 16, 17, 17, 11, 10, 14, 19, 10, 14, 14, 14, 18, 13, 19, 13, 16, 13, 19, 14, 18, 14, 17, 15, 17, 10, 11, 18], [10, 18, 15, 14, 15, 19, 17, 16, 18, 14, 17, 14, 15, 14, 13, 12, 11, 13, 11, 16, 10, 12, 14, 18, 12, 15, 15, 15, 10, 15, 15, 17, 10, 13, 17, 14, 19, 14, 14, 12, 13, 18, 15, 10, 17, 15, 12, 12, 15, 16, 14, 13, 18, 11, 11, 18, 12, 18, 19, 19], [13, 14, 13, 15, 16, 15, 18, 14, 14, 16, 11, 16, 18, 13, 10, 12, 15, 12, 11, 15, 13, 13, 16, 15, 12, 14, 18, 12, 11, 14, 10, 13, 15, 11, 16, 18, 10, 18, 12, 19, 17, 16, 10, 17, 13, 15, 17, 16, 17, 18, 10, 15, 19, 12, 11, 10, 10, 18, 11, 19], [14, 17, 15, 13, 14, 10, 16, 11, 18, 11, 16, 14, 15, 18, 12, 12, 13, 12, 13, 14, 13, 15, 10, 18, 16, 16, 16, 13, 16, 11, 13, 15, 14, 10, 18, 17, 16, 19, 10, 11, 12, 12, 16, 11, 10, 19, 15, 15, 19, 17, 12, 10, 15, 18, 14, 10, 15, 17, 19, 12], [16, 11, 19, 12, 17, 19, 12, 12, 16, 11, 11, 18, 16, 15, 14, 17, 14, 17, 17, 17, 13, 13, 11, 14, 17, 14, 17, 18, 17, 16, 19, 14, 12, 12, 15, 18, 14, 12, 13, 11, 19, 16, 10, 14, 12, 12, 16, 11, 17, 16, 12, 10, 12, 18, 19, 15, 19, 19, 15, 11], [10, 18, 10, 13, 10, 14, 18, 11, 19, 12, 18, 19, 11, 14, 13, 14, 19, 17, 10, 16, 10, 18, 11, 15, 12, 11, 16, 12, 12, 14, 19, 11, 12, 18, 12, 17, 11, 12, 15, 10, 14, 18, 16, 19, 11, 18, 12, 14, 15, 15, 16, 14, 11, 17, 13, 18, 19, 18, 18, 18], [19, 11, 11, 16, 12, 18, 18, 14, 15, 17, 14, 14, 10, 17, 18, 17, 19, 18, 13, 15, 13, 13, 17, 12, 19, 15, 10, 17, 17, 18, 13, 10, 12, 13, 17, 17, 13, 11, 17, 15, 17, 10, 11, 19, 15, 14, 10, 19, 16, 10, 18, 18, 11, 12, 11, 14, 11, 19, 12, 17], [10, 11, 12, 16, 13, 12, 15, 14, 14, 13, 19, 17, 13, 16, 12, 19, 12, 10, 16, 14, 12, 15, 16, 14, 13, 17, 17, 16, 15, 15, 18, 11, 17, 12, 14, 17, 11, 10, 12, 16, 16, 17, 13, 14, 16, 10, 16, 16, 17, 12, 18, 14, 12, 10, 12, 10, 18, 15, 17, 14], [18, 16, 14, 13, 18, 18, 11, 15, 15, 10, 15, 12, 12, 18, 15, 18, 14, 10, 11, 12, 14, 17, 15, 13, 12, 15, 18, 11, 13, 18, 12, 13, 10, 11, 13, 11, 15, 17, 14, 13, 16, 17, 15, 15, 10, 13, 12, 16, 10, 14, 18, 19, 18, 14, 15, 12, 15, 13, 17, 15], [12, 10, 16, 10, 19, 11, 15, 16, 11, 14, 15, 12, 12, 14, 11, 16, 15, 18, 18, 19, 18, 15, 15, 18, 13, 19, 14, 11, 13, 17, 12, 10, 17, 11, 10, 18, 10, 11, 18, 13, 12, 13, 14, 12, 13, 16, 14, 15, 16, 13, 11, 19, 19, 12, 16, 19, 12, 14, 16, 10], [19, 14, 15, 12, 14, 13, 13, 18, 10, 15, 11, 16, 18, 12, 10, 16, 16, 11, 10, 10, 10, 18, 12, 10, 13, 13, 15, 19, 17, 15, 14, 19, 12, 12, 13, 16, 13, 18, 19, 17, 19, 14, 17, 12, 19, 16, 13, 19, 11, 17, 17, 15, 18, 17, 12, 16, 19, 15, 15, 19], [15, 13, 19, 10, 13, 13, 15, 14, 17, 17, 18, 12, 13, 13, 11, 12, 19, 11, 19, 10, 11, 12, 11, 18, 16, 15, 13, 12, 19, 18, 10, 16, 11, 11, 17, 13, 13, 12, 18, 16, 10, 19, 19, 13, 14, 11, 11, 10, 13, 14, 15, 19, 15, 12, 17, 18, 19, 12, 18, 19]]
Demand for each product in each period d: 
[[44, 21, 34, 45, 49, 17, 22, 44, 37, 41, 45, 30, 28, 30, 17, 32, 37, 22, 40, 48, 32, 26, 35, 36, 12, 47, 25, 47, 18, 41, 19, 37, 6, 19, 49, 45, 8, 35, 46, 45, 8, 14, 5, 38, 34, 24, 43, 11, 36, 17, 22, 16, 34, 26, 15, 28, 43, 47, 46, 31], [33, 24, 45, 10, 29, 42, 32, 31, 49, 12, 16, 23, 40, 45, 29, 27, 36, 23, 46, 36, 28, 42, 42, 20, 49, 34, 10, 46, 49, 49, 6, 7, 29, 35, 8, 23, 22, 32, 38, 28, 46, 48, 28, 37, 8, 11, 26, 40, 8, 27, 16, 16, 8, 7, 12, 25, 28, 33, 25, 32], [10, 44, 5, 25, 33, 29, 14, 22, 42, 26, 35, 34, 16, 48, 32, 22, 26, 41, 21, 16, 9, 37, 16, 44, 42, 34, 32, 41, 21, 41, 36, 12, 17, 13, 6, 16, 24, 29, 39, 43, 35, 29, 48, 14, 36, 38, 28, 21, 46, 13, 22, 10, 24, 15, 42, 22, 31, 30, 26, 26], [30, 27, 33, 13, 13, 6, 29, 5, 21, 25, 16, 44, 18, 37, 28, 48, 38, 21, 16, 28, 5, 23, 23, 15, 19, 37, 34, 37, 6, 25, 5, 35, 12, 30, 25, 33, 40, 28, 49, 30, 30, 5, 40, 11, 45, 14, 31, 14, 36, 14, 20, 24, 29, 34, 22, 45, 47, 29, 35, 47], [42, 41, 16, 25, 33, 33, 46, 42, 42, 5, 12, 24, 26, 11, 17, 30, 35, 9, 18, 5, 49, 16, 9, 9, 30, 18, 37, 22, 22, 36, 33, 19, 49, 27, 27, 20, 24, 22, 14, 35, 37, 19, 29, 40, 18, 44, 10, 12, 44, 42, 13, 9, 30, 29, 29, 6, 14, 32, 40, 5], [41, 23, 41, 36, 20, 39, 34, 43, 17, 14, 12, 11, 11, 37, 35, 45, 39, 37, 48, 39, 10, 41, 23, 13, 8, 17, 7, 37, 7, 19, 14, 28, 24, 23, 45, 44, 38, 5, 43, 8, 31, 44, 35, 18, 27, 46, 21, 22, 22, 35, 44, 47, 31, 33, 9, 40, 21, 10, 21, 36], [32, 29, 11, 35, 37, 19, 13, 45, 12, 7, 31, 13, 47, 10, 23, 49, 8, 31, 18, 43, 24, 42, 9, 8, 40, 43, 27, 33, 19, 42, 33, 25, 25, 22, 44, 43, 40, 11, 14, 10, 14, 9, 47, 33, 19, 13, 49, 41, 36, 15, 36, 35, 29, 33, 30, 24, 14, 22, 38, 39], [8, 18, 43, 25, 26, 33, 45, 21, 21, 35, 35, 46, 34, 17, 11, 47, 27, 41, 23, 16, 39, 9, 40, 35, 37, 19, 17, 11, 39, 41, 38, 6, 8, 19, 43, 42, 38, 8, 7, 43, 19, 11, 18, 16, 40, 47, 9, 5, 23, 15, 39, 38, 28, 31, 20, 10, 40, 23, 31, 10], [19, 48, 14, 46, 39, 47, 25, 16, 45, 44, 46, 13, 23, 17, 5, 41, 16, 42, 27, 23, 44, 34, 45, 36, 12, 10, 30, 43, 34, 21, 36, 30, 28, 5, 20, 20, 33, 29, 48, 29, 34, 36, 7, 32, 32, 32, 42, 28, 13, 36, 15, 11, 31, 47, 32, 41, 14, 30, 16, 48], [39, 19, 30, 49, 24, 18, 17, 40, 8, 40, 27, 11, 8, 44, 26, 44, 46, 44, 7, 7, 18, 15, 28, 7, 39, 38, 15, 38, 13, 49, 20, 7, 40, 39, 46, 15, 25, 19, 14, 33, 30, 22, 32, 20, 30, 6, 36, 21, 49, 42, 31, 49, 13, 12, 12, 8, 25, 25, 11, 14], [47, 35, 43, 30, 25, 5, 13, 11, 42, 45, 27, 13, 17, 34, 29, 36, 46, 28, 6, 12, 27, 17, 22, 7, 41, 20, 39, 49, 18, 43, 20, 32, 49, 43, 17, 14, 20, 40, 26, 48, 16, 45, 6, 29, 24, 8, 32, 41, 11, 37, 35, 30, 7, 37, 32, 31, 5, 45, 45, 16], [13, 9, 24, 8, 21, 17, 11, 33, 26, 18, 48, 17, 11, 30, 32, 18, 25, 47, 16, 37, 41, 46, 48, 29, 29, 34, 45, 19, 35, 41, 13, 39, 48, 20, 20, 37, 14, 34, 32, 19, 40, 18, 11, 48, 25, 12, 23, 10, 15, 44, 43, 17, 31, 9, 17, 41, 36, 37, 11, 46], [7, 25, 41, 22, 33, 24, 11, 41, 20, 34, 32, 27, 20, 33, 40, 11, 24, 43, 8, 13, 29, 16, 34, 23, 47, 28, 29, 39, 40, 25, 41, 11, 43, 10, 28, 35, 6, 16, 37, 27, 7, 21, 17, 26, 12, 35, 47, 26, 47, 31, 29, 38, 23, 48, 38, 34, 15, 11, 5, 5], [19, 40, 7, 19, 21, 10, 24, 28, 42, 28, 37, 19, 30, 9, 37, 31, 27, 44, 39, 41, 6, 49, 19, 15, 6, 26, 15, 13, 9, 19, 28, 37, 43, 17, 15, 40, 20, 16, 44, 46, 19, 38, 28, 25, 33, 23, 32, 27, 43, 20, 6, 48, 44, 12, 47, 40, 17, 34, 36, 17], [39, 25, 49, 14, 42, 15, 38, 29, 39, 45, 21, 45, 16, 33, 10, 41, 33, 15, 43, 30, 19, 21, 27, 21, 14, 31, 37, 35, 22, 47, 26, 40, 14, 30, 48, 18, 38, 11, 10, 27, 25, 19, 43, 10, 6, 24, 18, 42, 6, 31, 41, 5, 47, 19, 42, 44, 12, 29, 34, 16], [38, 6, 40, 49, 41, 27, 10, 33, 27, 32, 41, 47, 41, 16, 22, 18, 31, 13, 11, 31, 43, 19, 46, 9, 26, 41, 49, 23, 24, 29, 20, 15, 23, 14, 16, 28, 18, 35, 35, 37, 22, 42, 38, 31, 23, 31, 18, 15, 26, 46, 35, 21, 19, 20, 9, 44, 45, 34, 10, 37], [22, 16, 47, 38, 38, 9, 39, 47, 21, 27, 6, 24, 39, 28, 13, 33, 24, 26, 8, 40, 19, 32, 15, 32, 8, 46, 31, 42, 27, 15, 32, 28, 30, 17, 23, 28, 29, 6, 16, 37, 45, 28, 40, 28, 32, 42, 10, 35, 16, 11, 20, 44, 41, 38, 22, 21, 20, 31, 31, 19], [42, 11, 37, 42, 27, 27, 42, 26, 26, 39, 31, 41, 42, 33, 8, 42, 37, 34, 26, 36, 13, 25, 47, 38, 43, 47, 38, 17, 41, 37, 29, 39, 19, 22, 45, 40, 28, 14, 6, 46, 8, 12, 12, 10, 14, 36, 47, 6, 39, 17, 40, 6, 10, 30, 32, 21, 19, 43, 26, 23], [31, 12, 35, 19, 33, 30, 39, 31, 29, 32, 31, 47, 33, 25, 14, 18, 47, 11, 6, 31, 49, 16, 49, 18, 49, 31, 21, 34, 16, 47, 11, 29, 17, 8, 30, 38, 18, 32, 34, 17, 38, 35, 10, 7, 20, 13, 14, 17, 18, 8, 11, 33, 21, 39, 46, 39, 34, 43, 40, 49], [16, 8, 37, 33, 47, 6, 32, 31, 27, 11, 9, 21, 21, 40, 43, 41, 9, 23, 20, 45, 5, 47, 16, 26, 34, 27, 21, 8, 21, 29, 12, 34, 49, 34, 41, 5, 12, 26, 18, 11, 8, 11, 38, 7, 38, 34, 24, 41, 29, 41, 21, 45, 41, 33, 46, 24, 43, 26, 44, 33], [38, 33, 44, 45, 17, 28, 49, 46, 37, 47, 49, 48, 45, 30, 7, 19, 35, 10, 21, 27, 32, 25, 28, 21, 28, 49, 12, 29, 12, 46, 48, 33, 48, 38, 49, 25, 29, 14, 37, 18, 38, 26, 40, 28, 25, 30, 40, 16, 48, 19, 11, 45, 32, 48, 34, 25, 28, 13, 13, 17], [32, 24, 34, 9, 27, 10, 31, 15, 7, 29, 48, 28, 12, 45, 19, 46, 23, 24, 10, 7, 23, 45, 45, 48, 27, 14, 32, 14, 49, 35, 26, 11, 36, 32, 6, 40, 25, 24, 10, 12, 25, 35, 16, 37, 7, 26, 14, 9, 21, 29, 17, 27, 5, 23, 8, 35, 34, 47, 32, 49], [5, 37, 41, 19, 30, 24, 43, 19, 12, 42, 47, 42, 17, 42, 31, 6, 27, 26, 26, 35, 41, 36, 9, 13, 24, 29, 45, 11, 19, 17, 26, 30, 39, 30, 6, 30, 46, 11, 33, 8, 30, 8, 9, 47, 24, 17, 12, 12, 31, 41, 37, 13, 33, 41, 11, 8, 47, 7, 38, 30], [6, 8, 10, 48, 42, 14, 32, 6, 18, 6, 26, 18, 29, 20, 26, 40, 41, 33, 8, 41, 10, 31, 5, 12, 34, 31, 22, 32, 31, 36, 26, 27, 6, 32, 11, 21, 40, 5, 22, 16, 12, 11, 28, 15, 42, 14, 10, 40, 25, 14, 48, 46, 19, 28, 25, 27, 28, 32, 45, 29], [28, 42, 44, 25, 45, 48, 21, 20, 29, 30, 24, 33, 20, 25, 27, 43, 47, 16, 39, 38, 22, 10, 17, 10, 47, 21, 49, 14, 24, 38, 17, 7, 17, 27, 33, 8, 10, 17, 26, 38, 40, 20, 38, 27, 45, 11, 16, 10, 41, 45, 40, 19, 8, 29, 24, 6, 23, 26, 47, 38], [24, 48, 13, 40, 12, 18, 19, 6, 21, 41, 33, 33, 39, 27, 26, 49, 5, 35, 20, 29, 36, 35, 32, 47, 12, 44, 27, 6, 26, 9, 49, 49, 37, 21, 49, 5, 31, 7, 38, 38, 34, 20, 34, 26, 16, 18, 41, 27, 33, 48, 11, 8, 11, 45, 8, 11, 14, 45, 41, 17], [26, 13, 13, 27, 39, 33, 19, 24, 10, 6, 36, 40, 45, 11, 39, 28, 27, 15, 7, 47, 48, 33, 15, 14, 16, 37, 15, 15, 13, 41, 31, 46, 30, 46, 31, 38, 28, 39, 37, 28, 24, 6, 38, 17, 6, 47, 15, 28, 9, 47, 40, 27, 15, 14, 46, 49, 33, 9, 26, 9], [29, 12, 11, 16, 9, 29, 39, 23, 24, 40, 11, 12, 38, 32, 22, 49, 35, 25, 42, 15, 6, 46, 33, 12, 26, 35, 26, 23, 31, 30, 19, 31, 45, 22, 30, 43, 13, 8, 14, 13, 28, 48, 48, 5, 32, 28, 27, 47, 20, 21, 39, 24, 26, 35, 26, 14, 9, 22, 24, 13], [44, 36, 48, 40, 47, 24, 7, 27, 24, 17, 44, 45, 27, 6, 41, 7, 11, 47, 36, 45, 42, 42, 16, 11, 36, 18, 6, 32, 36, 13, 25, 33, 28, 26, 11, 26, 30, 23, 6, 35, 41, 39, 46, 17, 41, 28, 28, 12, 36, 26, 34, 8, 23, 41, 22, 26, 8, 30, 19, 41], [37, 22, 7, 47, 35, 6, 10, 21, 36, 18, 5, 24, 17, 8, 13, 19, 20, 33, 10, 34, 40, 42, 28, 14, 25, 34, 8, 17, 11, 44, 8, 40, 27, 43, 5, 19, 18, 36, 11, 15, 44, 6, 9, 15, 32, 5, 14, 7, 14, 23, 24, 6, 42, 10, 16, 10, 20, 14, 45, 35]]
Maintenance cost in each period m: 
[2332, 2338, 2083, 1285, 1676, 2086, 1324, 610, 2126, 1094, 1628, 648, 2524, 2068, 1843, 2325, 1359, 2572, 2611, 2092, 1876, 2417, 2100, 2279, 2298, 1015, 1356, 1588, 1704, 1475, 1763, 949, 1885, 2701, 2644, 2144, 931, 1015, 1021, 2864, 985, 1611, 2067, 2919, 2825, 2484, 1192, 1700, 1865, 1774, 2160, 1028, 2379, 973, 1412, 2039, 1970, 2048, 2636, 1612]
Maximum capacity of the machine cmax: 
1470