Set of periods in the planning horizon T: 
20
Set of products P: 
60
Capacity reduction coefficient alpha: 
0.78
Relative decrease of capacity per set up gamma: 
0.26
Capacity reduction coefficient due to product types beta: 
[0.37, 0.31, 0.37, 0.27, 0.39, 0.2, 0.36, 0.21, 0.37, 0.32, 0.23, 0.33, 0.26, 0.3, 0.25, 0.22, 0.24, 0.35, 0.36, 0.29, 0.37, 0.26, 0.36, 0.37, 0.28, 0.28, 0.31, 0.37, 0.22, 0.27, 0.33, 0.36, 0.29, 0.37, 0.3, 0.27, 0.32, 0.37, 0.33, 0.33, 0.23, 0.2, 0.38, 0.23, 0.39, 0.32, 0.27, 0.28, 0.25, 0.34, 0.31, 0.29, 0.29, 0.34, 0.23, 0.33, 0.28, 0.27, 0.25, 0.31]
Fixed production cost of each product in each period f: 
[[626, 763, 875, 476, 348, 596, 708, 577, 732, 917, 438, 264, 401, 492, 599, 413, 950, 985, 747, 508], [909, 216, 253, 906, 759, 240, 814, 681, 295, 667, 458, 421, 462, 731, 597, 952, 531, 391, 964, 639], [806, 898, 868, 636, 729, 720, 778, 622, 887, 685, 224, 613, 675, 919, 472, 746, 711, 950, 543, 854], [358, 898, 821, 952, 276, 983, 293, 382, 546, 270, 779, 944, 584, 702, 941, 770, 674, 556, 744, 579], [828, 280, 862, 246, 777, 929, 935, 410, 881, 499, 983, 711, 322, 418, 996, 751, 358, 355, 202, 955], [333, 961, 207, 907, 809, 537, 270, 508, 824, 389, 346, 210, 809, 536, 389, 373, 754, 300, 410, 808], [322, 713, 961, 378, 946, 923, 501, 445, 788, 285, 653, 988, 542, 730, 762, 523, 858, 303, 959, 592], [798, 201, 531, 476, 250, 748, 359, 683, 878, 670, 602, 542, 837, 993, 776, 967, 593, 605, 775, 499], [342, 992, 505, 571, 286, 981, 828, 676, 505, 262, 941, 719, 788, 585, 787, 465, 920, 480, 781, 359], [935, 993, 256, 341, 953, 501, 645, 944, 887, 985, 844, 927, 425, 524, 347, 544, 982, 348, 918, 830], [895, 561, 885, 874, 591, 507, 646, 265, 214, 690, 582, 807, 701, 389, 906, 966, 210, 308, 201, 746], [601, 256, 580, 640, 531, 214, 822, 724, 229, 606, 471, 317, 888, 843, 227, 943, 911, 976, 675, 448], [321, 497, 612, 738, 757, 970, 857, 625, 226, 379, 310, 715, 508, 522, 428, 828, 237, 580, 774, 744], [624, 276, 553, 775, 594, 323, 296, 878, 561, 624, 336, 381, 797, 449, 441, 381, 393, 425, 596, 707], [681, 999, 305, 586, 702, 914, 246, 237, 671, 283, 880, 656, 756, 978, 352, 283, 488, 315, 428, 698], [214, 380, 847, 729, 613, 391, 856, 382, 454, 503, 459, 492, 616, 909, 844, 406, 687, 388, 975, 642], [808, 805, 753, 786, 513, 417, 999, 968, 412, 518, 377, 266, 740, 908, 889, 573, 524, 329, 272, 205], [328, 286, 637, 626, 800, 834, 526, 250, 654, 555, 826, 768, 882, 472, 315, 622, 318, 842, 932, 389], [297, 902, 725, 351, 518, 421, 425, 572, 834, 584, 597, 587, 928, 993, 228, 446, 873, 494, 765, 623], [830, 624, 908, 564, 509, 363, 916, 427, 799, 789, 517, 853, 696, 427, 441, 711, 828, 682, 629, 239], [759, 787, 858, 329, 512, 256, 951, 232, 869, 319, 780, 881, 851, 677, 781, 336, 699, 353, 556, 524], [912, 263, 843, 911, 502, 204, 783, 396, 250, 791, 333, 493, 715, 574, 270, 895, 571, 735, 631, 747], [458, 756, 378, 728, 663, 973, 399, 872, 277, 549, 319, 961, 203, 913, 758, 498, 868, 323, 634, 854], [742, 425, 794, 936, 622, 658, 859, 403, 560, 226, 486, 378, 943, 717, 629, 851, 443, 714, 237, 554], [723, 772, 983, 384, 563, 899, 684, 966, 396, 896, 838, 936, 822, 499, 650, 707, 876, 371, 388, 429], [882, 548, 678, 469, 581, 979, 700, 355, 637, 442, 885, 728, 762, 786, 351, 417, 874, 679, 996, 992], [327, 495, 355, 250, 914, 263, 336, 396, 506, 648, 218, 657, 564, 351, 518, 393, 926, 708, 422, 555], [203, 543, 841, 784, 384, 464, 594, 260, 571, 397, 937, 469, 683, 380, 834, 849, 222, 999, 914, 270], [310, 862, 759, 947, 373, 219, 910, 965, 251, 830, 455, 985, 822, 847, 416, 712, 826, 617, 714, 934], [995, 625, 292, 385, 534, 647, 588, 757, 457, 377, 343, 211, 325, 953, 994, 611, 315, 712, 985, 276], [808, 710, 906, 560, 749, 739, 239, 794, 476, 515, 908, 540, 888, 467, 411, 707, 952, 308, 923, 362], [346, 905, 656, 243, 494, 967, 840, 829, 582, 813, 280, 513, 548, 258, 777, 473, 764, 981, 881, 307], [533, 370, 439, 727, 240, 906, 377, 376, 323, 567, 307, 481, 307, 828, 599, 288, 727, 587, 589, 228], [566, 222, 966, 570, 916, 968, 424, 973, 635, 807, 543, 787, 593, 559, 750, 554, 650, 759, 502, 467], [745, 921, 598, 511, 948, 228, 736, 213, 843, 491, 606, 773, 883, 595, 333, 208, 992, 400, 952, 714], [654, 935, 404, 365, 880, 587, 704, 466, 898, 732, 666, 720, 444, 495, 368, 348, 538, 880, 698, 331], [975, 497, 710, 520, 689, 546, 743, 224, 622, 410, 286, 840, 894, 888, 549, 337, 961, 807, 546, 768], [704, 304, 352, 379, 780, 529, 851, 439, 259, 462, 608, 737, 922, 826, 220, 732, 244, 404, 784, 781], [330, 211, 244, 669, 746, 252, 437, 789, 763, 626, 744, 480, 882, 729, 329, 777, 864, 985, 261, 721], [833, 772, 376, 676, 383, 622, 397, 682, 410, 777, 355, 546, 857, 860, 514, 700, 737, 838, 324, 285], [436, 810, 663, 970, 935, 356, 895, 981, 612, 867, 492, 840, 725, 448, 598, 200, 604, 243, 436, 261], [658, 605, 277, 493, 487, 609, 262, 892, 211, 255, 724, 920, 498, 717, 916, 519, 748, 996, 964, 957], [803, 624, 918, 651, 313, 774, 264, 899, 927, 910, 806, 898, 593, 709, 873, 312, 384, 324, 474, 240], [680, 324, 882, 245, 706, 492, 604, 718, 873, 473, 560, 919, 701, 567, 771, 610, 932, 217, 694, 229], [635, 799, 370, 403, 571, 601, 749, 536, 319, 553, 802, 419, 628, 283, 542, 483, 723, 212, 215, 987], [661, 280, 701, 950, 686, 951, 247, 638, 794, 461, 469, 367, 542, 829, 400, 972, 823, 910, 491, 234], [710, 462, 241, 341, 286, 436, 395, 309, 567, 763, 759, 850, 619, 455, 280, 757, 255, 382, 297, 738], [721, 804, 908, 892, 594, 701, 376, 548, 246, 286, 569, 634, 858, 875, 795, 629, 893, 673, 347, 693], [861, 413, 537, 687, 932, 210, 431, 936, 853, 720, 297, 650, 857, 871, 894, 773, 551, 677, 230, 653], [932, 779, 925, 456, 707, 924, 844, 540, 280, 801, 216, 490, 362, 388, 676, 560, 517, 341, 831, 362], [478, 267, 766, 928, 627, 976, 599, 660, 594, 360, 414, 324, 273, 620, 930, 568, 491, 911, 286, 847], [328, 631, 701, 515, 475, 966, 818, 650, 699, 844, 474, 221, 915, 897, 810, 604, 370, 201, 214, 533], [363, 425, 921, 237, 915, 754, 355, 715, 371, 705, 497, 944, 319, 986, 441, 603, 365, 720, 415, 595], [997, 840, 377, 317, 820, 892, 201, 261, 473, 609, 669, 791, 454, 727, 938, 968, 706, 795, 911, 501], [926, 339, 396, 338, 541, 218, 890, 715, 616, 892, 233, 286, 498, 486, 646, 214, 860, 892, 698, 602], [710, 980, 653, 800, 897, 924, 665, 494, 591, 935, 317, 249, 781, 423, 709, 489, 479, 644, 233, 386], [767, 732, 239, 590, 991, 333, 824, 561, 270, 743, 416, 575, 839, 555, 767, 357, 347, 748, 763, 580], [582, 826, 450, 599, 501, 417, 617, 560, 812, 588, 207, 299, 809, 952, 209, 887, 693, 967, 409, 568], [784, 210, 590, 311, 527, 288, 323, 871, 807, 415, 754, 981, 848, 650, 350, 628, 815, 650, 468, 720], [481, 790, 646, 632, 298, 933, 412, 379, 380, 267, 375, 926, 487, 371, 352, 398, 725, 567, 549, 688]]
Variable production cost per unit of each product in each period p: 
[[11, 5, 14, 11, 14, 10, 9, 11, 9, 13, 13, 11, 13, 14, 11, 8, 10, 7, 14, 7], [8, 9, 13, 7, 8, 6, 8, 7, 6, 12, 9, 13, 9, 10, 9, 7, 6, 12, 7, 9], [12, 5, 13, 5, 11, 8, 7, 9, 8, 5, 11, 10, 6, 5, 8, 9, 5, 7, 5, 11], [12, 5, 9, 14, 12, 11, 11, 9, 8, 7, 5, 5, 9, 8, 9, 6, 12, 6, 5, 9], [10, 10, 10, 12, 6, 12, 12, 13, 8, 5, 9, 12, 8, 9, 9, 6, 13, 8, 13, 14], [13, 6, 8, 9, 14, 13, 6, 12, 14, 9, 9, 8, 9, 12, 7, 7, 5, 10, 13, 12], [11, 14, 13, 14, 10, 6, 8, 8, 12, 13, 14, 6, 7, 7, 14, 11, 8, 10, 14, 12], [11, 8, 10, 13, 8, 8, 14, 10, 6, 6, 9, 8, 5, 11, 12, 5, 10, 9, 9, 10], [12, 6, 14, 9, 12, 14, 8, 12, 12, 7, 7, 7, 11, 5, 14, 11, 12, 11, 10, 8], [5, 11, 7, 7, 6, 8, 8, 6, 7, 12, 5, 7, 6, 11, 10, 14, 6, 6, 8, 13], [8, 6, 13, 14, 7, 6, 7, 7, 12, 11, 14, 12, 9, 11, 12, 10, 9, 14, 7, 10], [10, 6, 14, 7, 12, 12, 10, 6, 10, 6, 6, 14, 12, 8, 11, 13, 9, 12, 13, 12], [13, 5, 6, 6, 10, 6, 14, 13, 8, 11, 6, 8, 14, 5, 14, 9, 10, 7, 9, 14], [6, 5, 6, 13, 6, 7, 12, 6, 12, 11, 7, 14, 7, 11, 8, 9, 5, 14, 10, 13], [11, 12, 13, 12, 5, 14, 9, 8, 7, 13, 9, 8, 13, 11, 11, 6, 13, 5, 13, 12], [5, 14, 6, 11, 6, 11, 9, 6, 7, 9, 5, 8, 5, 6, 12, 8, 13, 5, 12, 6], [7, 7, 8, 14, 11, 11, 8, 9, 12, 7, 14, 13, 10, 14, 10, 5, 8, 13, 7, 12], [10, 13, 9, 14, 9, 14, 9, 14, 5, 7, 5, 10, 6, 7, 8, 5, 6, 10, 13, 8], [12, 11, 14, 8, 11, 13, 9, 10, 7, 11, 13, 5, 12, 12, 7, 13, 10, 5, 5, 14], [13, 10, 12, 14, 10, 9, 7, 8, 13, 8, 5, 9, 13, 14, 9, 13, 5, 9, 9, 13], [11, 6, 10, 8, 11, 14, 8, 10, 11, 5, 14, 6, 9, 7, 6, 10, 13, 13, 12, 10], [13, 8, 7, 5, 5, 9, 9, 5, 9, 14, 6, 6, 6, 6, 9, 7, 14, 13, 5, 7], [10, 14, 10, 7, 14, 5, 13, 12, 9, 12, 14, 13, 14, 13, 7, 12, 5, 9, 5, 10], [7, 5, 14, 9, 10, 7, 13, 12, 14, 7, 12, 13, 12, 8, 11, 11, 7, 13, 5, 13], [7, 9, 12, 13, 10, 5, 12, 5, 9, 11, 13, 13, 6, 7, 9, 12, 9, 6, 13, 6], [6, 8, 8, 12, 8, 9, 7, 9, 9, 11, 10, 10, 7, 12, 8, 9, 11, 11, 8, 9], [5, 7, 7, 11, 10, 14, 7, 14, 13, 5, 9, 9, 6, 6, 12, 6, 11, 14, 13, 7], [9, 9, 12, 13, 5, 6, 8, 11, 7, 5, 12, 9, 10, 9, 13, 8, 12, 5, 8, 14], [5, 6, 9, 5, 10, 8, 11, 10, 6, 7, 10, 8, 6, 12, 5, 7, 9, 10, 7, 12], [9, 5, 10, 6, 11, 7, 6, 8, 10, 10, 6, 8, 5, 8, 7, 7, 11, 14, 5, 12], [6, 11, 13, 7, 7, 10, 9, 10, 9, 12, 13, 11, 8, 7, 10, 7, 11, 10, 13, 8], [12, 10, 10, 11, 9, 14, 10, 12, 5, 14, 11, 8, 8, 5, 5, 11, 12, 8, 5, 12], [10, 13, 5, 9, 9, 9, 14, 7, 10, 7, 14, 11, 5, 9, 5, 14, 7, 14, 13, 11], [5, 11, 14, 10, 10, 12, 8, 11, 10, 6, 14, 7, 9, 14, 9, 6, 10, 6, 9, 10], [9, 7, 11, 9, 9, 14, 11, 9, 9, 5, 14, 12, 5, 14, 8, 6, 8, 10, 10, 8], [11, 11, 14, 5, 10, 6, 7, 8, 12, 11, 8, 14, 11, 10, 14, 9, 12, 8, 10, 12], [14, 12, 12, 7, 9, 12, 13, 14, 5, 10, 7, 13, 10, 8, 12, 14, 12, 14, 11, 12], [13, 5, 9, 6, 7, 11, 10, 13, 7, 11, 14, 13, 6, 5, 9, 11, 12, 11, 5, 11], [5, 8, 7, 11, 7, 7, 7, 13, 5, 8, 14, 10, 10, 10, 8, 6, 6, 11, 11, 9], [11, 11, 13, 13, 10, 5, 14, 8, 8, 8, 5, 13, 13, 9, 8, 11, 12, 10, 7, 9], [5, 11, 10, 9, 9, 10, 10, 12, 11, 13, 11, 8, 8, 12, 5, 6, 13, 7, 8, 11], [8, 14, 6, 9, 10, 5, 12, 14, 7, 5, 11, 13, 8, 10, 12, 5, 8, 6, 9, 9], [10, 6, 11, 5, 5, 7, 7, 14, 6, 8, 5, 8, 12, 12, 5, 13, 7, 6, 7, 6], [7, 7, 12, 11, 9, 13, 13, 10, 11, 6, 14, 8, 7, 14, 9, 13, 13, 10, 6, 7], [6, 12, 14, 8, 9, 5, 8, 8, 10, 7, 13, 7, 8, 8, 13, 6, 14, 10, 8, 9], [13, 14, 14, 9, 12, 12, 9, 10, 9, 10, 8, 6, 14, 10, 7, 13, 5, 12, 9, 14], [12, 11, 6, 9, 5, 12, 13, 12, 7, 12, 14, 14, 12, 12, 7, 13, 8, 5, 13, 14], [7, 9, 13, 11, 14, 9, 9, 12, 11, 11, 12, 6, 8, 7, 14, 12, 8, 13, 7, 11], [9, 9, 11, 8, 9, 8, 5, 11, 14, 14, 6, 10, 9, 8, 14, 10, 9, 12, 9, 14], [5, 8, 5, 6, 10, 10, 5, 14, 13, 6, 7, 11, 10, 8, 13, 9, 14, 12, 11, 14], [11, 7, 8, 5, 5, 13, 10, 10, 9, 8, 10, 10, 14, 9, 14, 8, 14, 12, 9, 9], [8, 13, 9, 10, 13, 9, 8, 10, 9, 14, 7, 10, 6, 14, 12, 11, 9, 12, 12, 5], [12, 5, 8, 14, 10, 10, 10, 6, 12, 8, 13, 10, 11, 12, 13, 13, 5, 14, 7, 13], [13, 5, 14, 10, 10, 13, 8, 13, 13, 13, 14, 12, 13, 14, 7, 12, 11, 7, 7, 13], [9, 13, 13, 12, 8, 6, 9, 12, 7, 12, 14, 12, 7, 10, 14, 8, 7, 7, 8, 14], [8, 12, 14, 11, 14, 6, 13, 10, 9, 8, 14, 8, 8, 13, 14, 11, 11, 12, 6, 8], [9, 6, 14, 8, 8, 7, 14, 11, 14, 7, 11, 9, 12, 12, 5, 13, 6, 7, 13, 10], [13, 9, 5, 6, 12, 10, 9, 7, 8, 7, 6, 10, 11, 7, 9, 12, 8, 12, 7, 10], [14, 10, 14, 6, 12, 14, 5, 9, 12, 12, 8, 7, 6, 7, 14, 9, 9, 8, 9, 10], [13, 13, 11, 8, 7, 5, 9, 5, 5, 11, 6, 9, 5, 6, 8, 7, 12, 13, 14, 7]]
Inventory holding cost per unit of each product by the end of each period h: 
[[3, 2, 4, 3, 2, 1, 2, 1, 4, 4, 3, 1, 3, 4, 1, 2, 4, 3, 2, 1], [4, 4, 3, 4, 2, 4, 2, 1, 3, 1, 2, 4, 3, 4, 4, 3, 4, 2, 4, 1], [1, 3, 4, 2, 1, 1, 2, 4, 1, 1, 4, 1, 3, 4, 2, 4, 4, 2, 3, 3], [2, 4, 2, 4, 3, 4, 4, 3, 2, 4, 4, 3, 4, 3, 2, 3, 3, 3, 4, 3], [4, 3, 2, 2, 1, 2, 4, 1, 1, 1, 1, 1, 3, 4, 3, 2, 1, 2, 2, 4], [3, 1, 3, 2, 1, 1, 3, 2, 1, 1, 3, 4, 1, 2, 1, 4, 4, 2, 3, 3], [1, 4, 2, 3, 2, 1, 4, 1, 3, 1, 1, 4, 4, 4, 4, 4, 1, 3, 1, 4], [4, 4, 1, 2, 1, 3, 3, 4, 4, 4, 2, 2, 4, 2, 1, 1, 3, 3, 3, 4], [2, 4, 3, 2, 4, 1, 2, 1, 2, 1, 3, 4, 3, 3, 3, 3, 2, 2, 1, 3], [3, 4, 2, 1, 3, 4, 1, 3, 1, 4, 1, 4, 3, 1, 2, 4, 1, 2, 1, 3], [1, 1, 2, 4, 1, 3, 1, 2, 4, 4, 2, 4, 4, 4, 4, 2, 2, 2, 3, 3], [4, 3, 4, 2, 4, 4, 3, 3, 1, 2, 4, 4, 1, 2, 4, 3, 1, 4, 2, 4], [1, 4, 1, 3, 1, 1, 3, 2, 2, 2, 2, 3, 3, 2, 2, 2, 3, 3, 1, 2], [1, 3, 2, 2, 2, 4, 3, 4, 2, 1, 3, 4, 4, 1, 4, 3, 3, 3, 1, 4], [3, 4, 3, 1, 1, 2, 2, 3, 1, 3, 1, 3, 2, 3, 1, 1, 4, 4, 4, 3], [1, 1, 3, 2, 2, 1, 1, 1, 1, 3, 3, 4, 2, 4, 2, 1, 3, 4, 3, 4], [4, 4, 2, 3, 1, 2, 4, 2, 4, 3, 4, 3, 3, 3, 4, 1, 2, 4, 4, 1], [4, 4, 2, 2, 1, 1, 3, 3, 3, 4, 1, 1, 1, 2, 4, 2, 1, 1, 1, 1], [3, 3, 2, 1, 4, 2, 1, 3, 1, 3, 2, 4, 4, 2, 2, 3, 1, 1, 1, 2], [1, 2, 3, 1, 1, 4, 1, 4, 1, 3, 2, 1, 4, 2, 2, 1, 3, 3, 4, 2], [1, 4, 4, 4, 3, 3, 1, 1, 3, 2, 4, 1, 2, 1, 2, 3, 2, 1, 4, 2], [1, 2, 3, 3, 2, 2, 2, 3, 4, 3, 1, 2, 2, 2, 4, 3, 2, 3, 4, 2], [3, 4, 4, 1, 4, 1, 4, 1, 2, 3, 4, 1, 4, 4, 4, 3, 1, 4, 2, 4], [2, 3, 4, 3, 1, 3, 3, 1, 1, 4, 3, 2, 4, 2, 2, 3, 3, 2, 2, 4], [3, 4, 3, 1, 4, 1, 2, 4, 3, 4, 2, 3, 2, 3, 1, 4, 3, 4, 4, 3], [4, 4, 1, 3, 2, 1, 3, 2, 4, 4, 3, 4, 1, 4, 1, 2, 4, 2, 1, 4], [2, 3, 2, 2, 2, 1, 4, 4, 3, 3, 2, 1, 3, 4, 3, 3, 4, 1, 2, 2], [2, 4, 2, 4, 1, 2, 1, 2, 2, 4, 4, 1, 1, 3, 2, 1, 2, 4, 2, 2], [4, 4, 1, 2, 1, 2, 4, 4, 2, 2, 2, 4, 4, 4, 2, 4, 4, 4, 1, 3], [4, 2, 3, 4, 2, 1, 3, 4, 2, 4, 1, 3, 3, 2, 1, 3, 2, 4, 4, 1], [3, 3, 2, 2, 4, 2, 4, 1, 3, 3, 3, 1, 1, 4, 4, 3, 1, 2, 2, 4], [1, 2, 4, 1, 1, 4, 1, 3, 4, 4, 4, 3, 4, 3, 1, 1, 3, 4, 3, 4], [3, 2, 3, 3, 4, 1, 4, 3, 2, 1, 4, 4, 3, 1, 1, 3, 4, 4, 2, 2], [1, 4, 1, 1, 4, 3, 3, 2, 3, 4, 2, 1, 1, 3, 2, 2, 4, 2, 2, 4], [1, 2, 2, 1, 1, 1, 1, 2, 3, 1, 1, 1, 2, 3, 2, 1, 4, 1, 4, 3], [4, 2, 3, 3, 4, 2, 2, 4, 3, 1, 3, 4, 1, 4, 3, 2, 4, 1, 2, 1], [1, 4, 4, 3, 2, 1, 4, 4, 1, 2, 2, 4, 3, 2, 1, 1, 1, 1, 2, 2], [4, 3, 4, 1, 2, 2, 2, 1, 4, 2, 2, 3, 4, 1, 1, 1, 3, 3, 3, 1], [3, 3, 3, 2, 1, 4, 3, 4, 1, 3, 3, 4, 3, 3, 3, 3, 3, 4, 4, 3], [3, 1, 4, 1, 2, 2, 4, 1, 1, 1, 3, 2, 3, 2, 2, 2, 2, 3, 2, 2], [4, 4, 1, 1, 4, 4, 4, 4, 3, 1, 4, 1, 3, 1, 1, 4, 4, 1, 3, 1], [2, 3, 1, 2, 3, 1, 3, 1, 2, 4, 1, 3, 4, 3, 1, 1, 4, 4, 4, 3], [4, 3, 1, 2, 2, 1, 2, 2, 1, 2, 1, 3, 2, 4, 1, 1, 2, 2, 4, 3], [2, 4, 1, 4, 1, 2, 4, 2, 3, 4, 4, 3, 1, 1, 3, 1, 4, 1, 2, 1], [3, 4, 4, 4, 2, 3, 2, 3, 1, 4, 4, 4, 2, 1, 4, 2, 1, 1, 2, 4], [2, 3, 3, 4, 1, 3, 2, 3, 1, 4, 3, 1, 3, 2, 1, 4, 2, 3, 3, 2], [4, 2, 2, 4, 4, 2, 1, 3, 2, 2, 1, 1, 3, 4, 2, 1, 3, 2, 3, 4], [3, 1, 2, 1, 3, 1, 3, 3, 1, 3, 3, 4, 3, 4, 2, 2, 1, 3, 2, 1], [2, 3, 3, 1, 3, 1, 3, 3, 3, 1, 2, 2, 2, 3, 4, 4, 3, 1, 1, 3], [1, 2, 2, 4, 2, 3, 3, 4, 4, 3, 3, 4, 2, 2, 4, 3, 1, 2, 3, 3], [4, 4, 3, 2, 4, 3, 1, 4, 2, 4, 2, 1, 3, 1, 1, 4, 3, 2, 2, 2], [4, 3, 2, 1, 2, 3, 3, 4, 3, 2, 2, 2, 4, 2, 1, 1, 2, 2, 4, 3], [3, 4, 1, 3, 4, 4, 4, 3, 3, 1, 4, 3, 4, 1, 1, 3, 4, 2, 3, 4], [4, 1, 2, 3, 4, 4, 3, 4, 3, 2, 2, 3, 4, 1, 4, 3, 3, 1, 1, 4], [2, 3, 2, 2, 4, 2, 2, 1, 2, 3, 1, 3, 1, 4, 4, 1, 2, 1, 3, 4], [4, 1, 4, 3, 4, 3, 3, 2, 4, 4, 2, 3, 1, 2, 4, 3, 4, 2, 4, 2], [2, 2, 1, 3, 2, 2, 4, 2, 4, 1, 1, 1, 1, 3, 2, 3, 1, 2, 1, 1], [4, 3, 2, 2, 3, 1, 1, 2, 1, 1, 4, 3, 4, 3, 2, 2, 1, 4, 4, 2], [2, 1, 4, 3, 3, 4, 1, 2, 2, 1, 1, 2, 4, 3, 3, 4, 3, 2, 1, 4], [2, 3, 4, 2, 4, 1, 1, 1, 3, 1, 1, 3, 3, 1, 2, 2, 2, 1, 1, 2]]
Demand for each product in each period d: 
[[0, 34, 41, 42, 30, 35, 0, 0, 0, 35, 40, 40, 31, 0, 40, 43, 42, 39, 30, 0], [34, 38, 34, 0, 31, 43, 0, 0, 0, 0, 34, 0, 43, 0, 43, 38, 0, 0, 38, 49], [34, 45, 45, 41, 31, 33, 0, 0, 0, 49, 41, 33, 39, 38, 43, 40, 0, 0, 0, 45], [46, 42, 40, 47, 49, 37, 36, 45, 0, 41, 32, 0, 38, 41, 46, 45, 31, 33, 34, 34], [0, 31, 34, 30, 43, 45, 33, 46, 47, 36, 30, 0, 41, 0, 0, 37, 0, 33, 42, 0], [30, 0, 0, 35, 31, 45, 37, 32, 34, 33, 0, 0, 49, 31, 43, 47, 41, 33, 37, 40], [0, 31, 37, 30, 35, 32, 48, 0, 38, 44, 41, 45, 0, 0, 0, 34, 0, 40, 0, 34], [0, 0, 0, 32, 36, 48, 39, 48, 0, 0, 0, 0, 47, 41, 37, 48, 47, 34, 0, 36], [0, 34, 47, 38, 37, 34, 48, 0, 45, 0, 0, 32, 46, 32, 49, 47, 37, 46, 48, 42], [0, 44, 40, 46, 38, 33, 0, 34, 36, 34, 45, 49, 38, 34, 42, 38, 32, 0, 0, 36], [0, 37, 45, 45, 35, 44, 0, 37, 37, 36, 33, 45, 0, 0, 40, 34, 0, 0, 45, 42], [46, 0, 0, 47, 30, 0, 0, 0, 0, 48, 47, 45, 45, 39, 49, 43, 40, 0, 47, 32], [46, 38, 0, 0, 43, 0, 0, 37, 40, 0, 0, 46, 0, 40, 0, 45, 42, 49, 45, 44], [0, 0, 30, 44, 0, 48, 46, 37, 0, 41, 0, 46, 43, 0, 39, 31, 0, 43, 0, 30], [0, 0, 47, 35, 0, 0, 0, 0, 34, 39, 31, 34, 0, 0, 49, 33, 39, 0, 0, 42], [35, 43, 0, 35, 33, 38, 40, 0, 36, 0, 48, 0, 46, 35, 47, 41, 40, 45, 36, 40], [31, 38, 49, 31, 0, 0, 48, 38, 48, 34, 34, 0, 38, 37, 49, 47, 33, 33, 34, 0], [37, 39, 43, 34, 47, 0, 30, 38, 49, 44, 45, 45, 46, 37, 33, 0, 41, 41, 46, 39], [0, 36, 39, 35, 44, 0, 41, 33, 30, 32, 0, 0, 38, 33, 35, 33, 44, 40, 31, 40], [38, 35, 37, 0, 36, 33, 38, 45, 48, 44, 49, 47, 32, 33, 0, 0, 34, 33, 31, 48], [30, 0, 40, 40, 34, 0, 43, 36, 0, 0, 43, 0, 35, 47, 0, 0, 0, 44, 32, 49], [43, 42, 38, 0, 47, 0, 45, 46, 47, 39, 0, 38, 34, 42, 44, 0, 42, 0, 30, 49], [45, 0, 33, 0, 30, 42, 38, 0, 0, 41, 43, 43, 0, 47, 35, 44, 40, 33, 46, 37], [44, 0, 35, 39, 39, 47, 0, 36, 0, 0, 45, 0, 45, 43, 0, 0, 0, 31, 35, 42], [30, 30, 39, 45, 0, 41, 32, 33, 0, 31, 39, 30, 32, 0, 33, 37, 39, 40, 48, 0], [0, 30, 0, 0, 0, 43, 0, 43, 0, 33, 39, 41, 37, 0, 0, 0, 0, 0, 38, 46], [30, 32, 0, 32, 0, 0, 44, 42, 36, 0, 39, 37, 0, 47, 40, 42, 43, 39, 49, 43], [43, 0, 0, 47, 33, 0, 38, 41, 43, 0, 40, 43, 0, 30, 44, 35, 41, 0, 47, 0], [34, 0, 41, 0, 47, 31, 42, 0, 44, 42, 0, 33, 39, 46, 46, 34, 30, 37, 0, 0], [49, 48, 37, 0, 0, 44, 0, 35, 0, 0, 36, 45, 47, 40, 43, 49, 40, 0, 40, 0], [0, 44, 0, 33, 33, 45, 39, 0, 48, 34, 45, 38, 0, 47, 30, 40, 40, 45, 49, 43], [31, 0, 37, 39, 41, 41, 0, 46, 33, 43, 30, 36, 47, 0, 48, 38, 41, 0, 0, 32], [0, 0, 0, 41, 0, 49, 0, 37, 43, 39, 0, 40, 0, 32, 39, 0, 47, 46, 34, 49], [42, 32, 43, 0, 37, 0, 0, 49, 41, 44, 0, 36, 0, 33, 0, 48, 38, 0, 39, 0], [34, 32, 34, 39, 36, 0, 30, 0, 46, 35, 38, 0, 45, 0, 35, 33, 38, 0, 0, 33], [0, 0, 30, 37, 45, 31, 0, 40, 0, 38, 37, 0, 37, 0, 0, 0, 0, 36, 0, 39], [0, 0, 45, 47, 0, 0, 46, 0, 30, 38, 0, 43, 38, 42, 33, 32, 37, 40, 45, 47], [39, 0, 46, 31, 0, 30, 49, 0, 47, 45, 0, 41, 0, 38, 44, 46, 40, 33, 0, 48], [0, 0, 39, 0, 0, 38, 33, 33, 40, 0, 47, 37, 39, 0, 45, 33, 0, 0, 48, 38], [0, 39, 0, 32, 48, 40, 0, 40, 0, 31, 30, 48, 45, 37, 33, 45, 31, 38, 43, 40], [30, 0, 41, 34, 42, 36, 40, 32, 0, 0, 0, 0, 35, 45, 43, 0, 34, 44, 33, 0], [34, 49, 38, 40, 41, 34, 34, 47, 0, 36, 39, 0, 40, 38, 0, 46, 0, 0, 0, 47], [31, 35, 0, 0, 33, 0, 0, 0, 0, 40, 0, 47, 47, 31, 43, 48, 0, 42, 0, 40], [0, 43, 31, 39, 31, 37, 31, 48, 37, 0, 0, 31, 45, 48, 33, 0, 47, 41, 0, 40], [0, 33, 0, 0, 32, 40, 0, 33, 0, 0, 37, 38, 0, 43, 39, 0, 46, 34, 35, 42], [43, 45, 43, 0, 32, 41, 35, 40, 45, 36, 43, 43, 43, 35, 48, 48, 41, 33, 0, 41], [43, 37, 41, 42, 44, 48, 37, 34, 39, 48, 0, 44, 0, 38, 0, 0, 47, 40, 31, 45], [37, 49, 44, 41, 41, 0, 31, 0, 43, 45, 41, 0, 0, 49, 30, 49, 34, 43, 41, 46], [48, 40, 0, 30, 38, 0, 36, 30, 37, 45, 0, 49, 43, 0, 38, 0, 46, 34, 41, 0], [0, 31, 43, 0, 47, 36, 30, 37, 47, 47, 45, 0, 38, 49, 0, 45, 49, 37, 0, 0], [0, 47, 49, 40, 0, 48, 42, 40, 0, 38, 43, 0, 38, 0, 45, 34, 46, 35, 31, 35], [48, 0, 31, 0, 49, 33, 32, 30, 38, 47, 47, 42, 0, 37, 0, 49, 30, 36, 0, 35], [0, 41, 39, 37, 39, 49, 32, 0, 0, 0, 0, 38, 45, 45, 49, 41, 30, 0, 35, 0], [41, 0, 0, 38, 0, 0, 39, 44, 40, 42, 0, 40, 40, 0, 49, 0, 31, 30, 49, 0], [49, 0, 43, 0, 39, 32, 30, 36, 0, 33, 38, 0, 49, 31, 48, 31, 34, 0, 0, 0], [36, 47, 35, 39, 35, 39, 45, 49, 0, 35, 43, 36, 0, 0, 44, 48, 48, 34, 42, 46], [0, 38, 36, 35, 0, 32, 42, 45, 37, 42, 37, 0, 46, 49, 0, 44, 35, 37, 0, 0], [30, 37, 32, 0, 0, 48, 0, 0, 0, 45, 0, 46, 0, 39, 36, 43, 37, 35, 39, 40], [35, 0, 0, 43, 0, 0, 47, 0, 0, 47, 0, 0, 0, 46, 32, 48, 0, 46, 38, 33], [0, 42, 37, 0, 44, 34, 46, 34, 0, 39, 49, 34, 47, 32, 43, 30, 38, 34, 0, 0]]
Maintenance cost in each period m: 
[95107, 171564, 42463, 179242, 84112, 159164, 175880, 198277, 179744, 128283, 65140, 66166, 192293, 68462, 161649, 81861, 56662, 160383, 96159, 183952]
Maximum capacity of the machine cmax: 
2880