Set of periods in the planning horizon T: 
30
Set of products P: 
40
Capacity reduction coefficient alpha: 
0.88
Relative decrease of capacity per set up gamma: 
0.37
Capacity reduction coefficient due to product types beta: 
[0.34, 0.37, 0.3, 0.27, 0.32, 0.32, 0.2, 0.24, 0.4, 0.32, 0.29, 0.32, 0.36, 0.26, 0.33, 0.31, 0.22, 0.24, 0.25, 0.36, 0.26, 0.24, 0.24, 0.33, 0.35, 0.34, 0.34, 0.26, 0.26, 0.32, 0.39, 0.21, 0.4, 0.4, 0.31, 0.29, 0.28, 0.25, 0.22, 0.27]
Fixed production cost of each product in each period f: 
[[500, 688, 638, 464, 547, 633, 429, 643, 656, 478, 441, 711, 466, 774, 660, 648, 582, 759, 593, 768, 548, 638, 402, 430, 403, 529, 625, 574, 610, 507], [436, 796, 475, 763, 537, 426, 776, 636, 530, 485, 678, 715, 541, 474, 424, 409, 656, 787, 709, 776, 669, 726, 793, 542, 778, 537, 767, 752, 685, 490], [479, 424, 690, 685, 505, 730, 548, 513, 747, 444, 421, 525, 760, 779, 630, 708, 454, 416, 462, 520, 677, 501, 451, 744, 539, 448, 587, 512, 734, 510], [779, 438, 718, 611, 510, 536, 614, 659, 775, 495, 640, 784, 548, 799, 765, 460, 626, 526, 782, 561, 747, 756, 440, 647, 413, 653, 605, 657, 762, 497], [594, 520, 720, 557, 425, 505, 444, 706, 407, 728, 613, 559, 531, 761, 640, 683, 404, 763, 597, 663, 447, 674, 611, 796, 514, 568, 711, 423, 695, 676], [648, 521, 758, 460, 617, 697, 536, 488, 449, 776, 479, 732, 664, 457, 647, 791, 768, 454, 427, 525, 432, 453, 780, 646, 482, 576, 550, 678, 445, 773], [738, 413, 666, 663, 434, 432, 415, 550, 518, 782, 533, 752, 512, 770, 597, 467, 434, 488, 663, 582, 430, 402, 639, 418, 714, 426, 731, 646, 662, 795], [528, 610, 786, 591, 455, 647, 557, 489, 561, 551, 659, 789, 476, 589, 552, 778, 427, 699, 454, 799, 618, 567, 727, 691, 563, 438, 471, 731, 632, 776], [554, 645, 580, 642, 536, 641, 516, 652, 624, 456, 508, 422, 739, 729, 781, 533, 725, 449, 793, 770, 412, 711, 728, 667, 587, 707, 761, 641, 547, 663], [767, 417, 574, 523, 434, 521, 432, 700, 567, 453, 417, 493, 450, 723, 737, 546, 516, 795, 548, 711, 654, 786, 636, 634, 704, 568, 408, 684, 460, 585], [736, 734, 477, 487, 544, 717, 614, 495, 563, 767, 614, 787, 742, 617, 755, 797, 593, 475, 543, 790, 513, 694, 792, 453, 593, 742, 719, 505, 760, 635], [656, 541, 685, 678, 528, 737, 557, 507, 569, 412, 655, 713, 594, 455, 664, 581, 417, 554, 551, 450, 460, 674, 456, 649, 677, 751, 509, 413, 411, 765], [626, 500, 716, 512, 780, 557, 728, 444, 780, 472, 409, 405, 535, 429, 773, 549, 441, 603, 790, 510, 669, 529, 449, 520, 596, 792, 705, 619, 486, 728], [498, 660, 524, 779, 633, 419, 523, 790, 686, 412, 667, 788, 494, 404, 549, 627, 723, 772, 708, 789, 435, 603, 431, 471, 400, 498, 439, 714, 617, 422], [609, 429, 410, 558, 789, 514, 403, 529, 628, 639, 756, 561, 669, 725, 489, 727, 505, 577, 475, 415, 569, 456, 623, 722, 737, 591, 518, 558, 759, 693], [564, 689, 475, 462, 648, 639, 445, 744, 633, 632, 422, 468, 740, 688, 630, 632, 717, 786, 796, 572, 400, 449, 496, 772, 677, 661, 409, 525, 535, 697], [632, 701, 445, 722, 441, 515, 670, 516, 714, 495, 775, 547, 442, 748, 754, 713, 736, 468, 525, 407, 598, 525, 445, 687, 722, 559, 776, 694, 566, 719], [680, 726, 584, 794, 566, 795, 605, 512, 468, 441, 408, 582, 630, 623, 663, 563, 725, 770, 491, 440, 529, 508, 432, 451, 764, 679, 523, 686, 699, 509], [635, 614, 495, 603, 565, 473, 461, 592, 418, 462, 584, 449, 656, 529, 443, 655, 514, 425, 487, 775, 589, 549, 733, 679, 547, 746, 648, 697, 667, 502], [406, 409, 419, 552, 485, 615, 562, 501, 492, 735, 664, 703, 639, 560, 767, 634, 402, 471, 695, 450, 476, 609, 562, 691, 721, 553, 419, 707, 543, 754], [476, 619, 587, 655, 645, 494, 633, 785, 676, 478, 436, 479, 594, 607, 522, 405, 779, 593, 767, 611, 497, 540, 412, 679, 481, 524, 714, 706, 539, 691], [586, 599, 623, 668, 508, 571, 722, 594, 417, 417, 644, 567, 494, 532, 420, 541, 799, 732, 568, 672, 449, 565, 548, 663, 775, 407, 470, 760, 764, 629], [745, 417, 684, 698, 793, 710, 576, 665, 661, 781, 652, 757, 666, 473, 576, 501, 548, 512, 635, 510, 746, 603, 701, 562, 665, 494, 737, 570, 621, 463], [538, 752, 482, 408, 430, 409, 566, 608, 570, 676, 587, 512, 630, 735, 476, 706, 411, 696, 430, 505, 470, 706, 773, 445, 603, 748, 570, 558, 414, 463], [587, 452, 707, 428, 502, 795, 525, 447, 626, 603, 696, 613, 708, 622, 510, 503, 634, 534, 753, 741, 733, 738, 782, 611, 664, 717, 599, 553, 746, 458], [483, 559, 598, 747, 596, 687, 747, 432, 704, 685, 789, 434, 519, 624, 741, 740, 432, 652, 427, 594, 738, 542, 505, 608, 640, 455, 563, 761, 615, 734], [675, 756, 652, 504, 533, 581, 743, 630, 446, 728, 653, 587, 521, 555, 457, 456, 710, 689, 566, 475, 460, 493, 532, 501, 453, 717, 628, 791, 562, 497], [794, 729, 787, 428, 531, 561, 438, 492, 712, 672, 597, 405, 646, 738, 656, 449, 784, 564, 757, 764, 556, 759, 775, 531, 792, 442, 546, 565, 544, 547], [695, 657, 492, 639, 727, 405, 724, 450, 712, 583, 663, 499, 445, 500, 425, 629, 580, 408, 633, 505, 537, 798, 414, 799, 615, 716, 722, 522, 643, 454], [784, 564, 610, 452, 582, 547, 466, 526, 796, 637, 508, 538, 558, 768, 668, 410, 545, 711, 561, 609, 710, 608, 599, 420, 508, 608, 637, 420, 589, 602], [470, 562, 673, 599, 697, 528, 608, 632, 513, 557, 788, 451, 732, 729, 544, 406, 636, 798, 423, 766, 522, 535, 643, 768, 791, 639, 519, 678, 439, 560], [747, 691, 519, 675, 796, 515, 668, 581, 622, 446, 629, 623, 672, 470, 718, 430, 492, 795, 713, 703, 674, 480, 596, 492, 695, 603, 625, 531, 612, 457], [713, 774, 739, 720, 744, 759, 617, 588, 423, 457, 631, 782, 693, 649, 672, 713, 405, 406, 427, 463, 767, 535, 711, 558, 521, 669, 559, 594, 653, 707], [452, 416, 600, 513, 774, 635, 438, 406, 740, 664, 741, 447, 727, 746, 627, 621, 637, 638, 640, 742, 658, 750, 617, 451, 519, 734, 577, 435, 763, 613], [541, 665, 697, 755, 489, 582, 498, 624, 626, 678, 662, 514, 618, 636, 787, 528, 430, 763, 547, 551, 513, 543, 571, 685, 545, 703, 526, 430, 570, 409], [609, 774, 468, 727, 739, 547, 591, 674, 690, 695, 634, 486, 646, 519, 631, 606, 572, 758, 635, 432, 773, 412, 648, 651, 526, 498, 492, 438, 721, 605], [754, 556, 689, 581, 436, 640, 715, 765, 552, 576, 745, 784, 505, 679, 787, 630, 764, 591, 400, 748, 483, 775, 667, 611, 674, 589, 521, 611, 722, 692], [531, 721, 704, 506, 501, 626, 563, 557, 730, 613, 453, 596, 608, 661, 723, 741, 525, 643, 698, 560, 676, 747, 641, 620, 498, 522, 587, 760, 428, 541], [636, 516, 457, 776, 621, 427, 555, 655, 404, 693, 427, 615, 523, 600, 710, 466, 644, 707, 686, 670, 450, 765, 486, 430, 653, 790, 439, 566, 521, 683], [421, 423, 524, 646, 753, 635, 429, 623, 579, 689, 471, 713, 727, 695, 442, 504, 495, 564, 520, 716, 430, 535, 520, 463, 407, 782, 613, 744, 651, 633]]
Variable production cost per unit of each product in each period p: 
[[26, 27, 25, 28, 26, 24, 29, 29, 29, 25, 21, 25, 22, 29, 29, 24, 20, 24, 28, 23, 20, 23, 29, 21, 23, 21, 28, 29, 21, 24], [27, 28, 21, 25, 24, 29, 21, 23, 27, 23, 24, 27, 23, 27, 25, 26, 25, 24, 24, 29, 21, 26, 27, 23, 25, 26, 23, 21, 24, 21], [25, 27, 22, 23, 27, 22, 24, 20, 25, 23, 29, 25, 27, 21, 26, 29, 26, 26, 25, 26, 22, 20, 21, 29, 27, 22, 23, 29, 24, 26], [21, 21, 26, 20, 28, 25, 25, 25, 20, 25, 24, 25, 24, 23, 24, 22, 26, 20, 23, 24, 29, 23, 27, 26, 29, 23, 28, 26, 27, 25], [26, 20, 28, 29, 22, 22, 29, 23, 25, 25, 22, 28, 25, 29, 28, 24, 27, 25, 29, 26, 27, 27, 20, 29, 24, 23, 28, 27, 26, 20], [24, 28, 24, 24, 25, 20, 20, 23, 27, 21, 21, 21, 22, 21, 20, 27, 25, 20, 22, 29, 22, 23, 25, 27, 25, 20, 26, 29, 20, 20], [28, 28, 26, 27, 25, 28, 27, 28, 28, 21, 27, 23, 29, 25, 22, 22, 28, 20, 27, 20, 28, 20, 23, 24, 27, 27, 21, 24, 23, 25], [27, 24, 24, 21, 20, 24, 28, 23, 22, 24, 22, 27, 29, 21, 25, 22, 29, 20, 24, 25, 21, 22, 28, 26, 26, 23, 27, 28, 29, 26], [23, 29, 22, 21, 21, 21, 26, 25, 23, 26, 22, 26, 20, 21, 27, 25, 29, 23, 29, 27, 21, 22, 25, 28, 22, 29, 25, 28, 24, 26], [23, 23, 23, 28, 21, 20, 21, 25, 25, 27, 23, 21, 28, 21, 26, 29, 22, 25, 20, 20, 20, 27, 28, 20, 29, 29, 20, 28, 21, 21], [27, 26, 27, 22, 26, 24, 29, 28, 23, 26, 29, 22, 21, 21, 20, 20, 23, 27, 27, 21, 25, 29, 28, 21, 29, 20, 22, 24, 21, 22], [29, 25, 21, 21, 28, 27, 26, 20, 26, 22, 21, 29, 28, 24, 24, 24, 26, 25, 21, 29, 25, 23, 22, 24, 26, 27, 29, 20, 20, 27], [20, 24, 20, 23, 20, 24, 22, 28, 20, 22, 22, 25, 25, 20, 29, 29, 23, 21, 24, 27, 22, 25, 21, 22, 24, 24, 20, 23, 25, 22], [21, 28, 20, 23, 23, 22, 22, 28, 23, 25, 24, 28, 27, 28, 29, 29, 22, 24, 24, 25, 24, 26, 28, 29, 23, 28, 23, 26, 29, 25], [22, 26, 24, 23, 23, 23, 20, 25, 23, 23, 22, 20, 21, 25, 27, 20, 20, 21, 25, 29, 29, 28, 22, 22, 29, 23, 20, 23, 23, 22], [28, 20, 25, 28, 22, 21, 27, 28, 22, 20, 23, 22, 21, 24, 22, 24, 22, 21, 28, 20, 23, 29, 24, 23, 21, 25, 27, 20, 23, 24], [29, 27, 21, 24, 20, 24, 25, 21, 28, 25, 28, 20, 26, 25, 24, 24, 27, 25, 23, 28, 21, 29, 24, 20, 28, 22, 24, 24, 20, 22], [24, 24, 29, 22, 22, 21, 20, 27, 27, 27, 23, 22, 21, 28, 24, 24, 26, 21, 29, 27, 27, 27, 20, 25, 29, 25, 20, 24, 22, 25], [23, 24, 22, 22, 25, 25, 23, 27, 23, 20, 22, 21, 21, 29, 20, 25, 22, 27, 25, 29, 28, 25, 27, 22, 21, 24, 24, 27, 23, 28], [24, 29, 27, 24, 28, 21, 20, 27, 21, 23, 20, 25, 21, 28, 23, 24, 29, 20, 22, 26, 20, 21, 20, 20, 28, 26, 22, 21, 20, 22], [20, 25, 24, 25, 27, 26, 22, 29, 29, 26, 23, 29, 24, 28, 22, 22, 28, 29, 28, 29, 29, 27, 21, 20, 25, 24, 27, 26, 25, 21], [21, 26, 25, 25, 21, 22, 29, 25, 29, 21, 20, 28, 26, 23, 21, 25, 21, 29, 21, 21, 24, 21, 23, 22, 21, 25, 29, 21, 22, 20], [25, 24, 27, 23, 20, 26, 24, 28, 26, 25, 27, 21, 27, 25, 27, 27, 22, 29, 25, 24, 23, 27, 24, 23, 27, 27, 21, 25, 29, 21], [24, 26, 26, 26, 27, 27, 28, 27, 22, 28, 28, 28, 25, 27, 25, 28, 20, 26, 27, 28, 22, 28, 20, 21, 21, 21, 27, 24, 25, 29], [23, 20, 25, 26, 26, 23, 23, 28, 24, 26, 22, 20, 21, 20, 24, 22, 23, 23, 22, 23, 25, 21, 22, 28, 24, 20, 29, 27, 26, 24], [20, 27, 22, 28, 25, 28, 23, 29, 21, 23, 29, 29, 25, 24, 28, 28, 27, 27, 26, 21, 28, 23, 25, 29, 28, 28, 22, 25, 22, 20], [24, 28, 22, 28, 23, 29, 28, 25, 28, 20, 24, 29, 29, 27, 26, 20, 27, 23, 25, 20, 24, 25, 23, 20, 25, 26, 21, 24, 23, 24], [27, 28, 25, 24, 27, 22, 24, 20, 29, 23, 28, 21, 23, 29, 20, 24, 21, 21, 22, 24, 21, 26, 25, 20, 29, 20, 26, 22, 26, 29], [25, 24, 24, 29, 27, 22, 24, 26, 25, 20, 20, 26, 20, 20, 28, 27, 25, 23, 27, 29, 26, 27, 22, 22, 24, 23, 22, 23, 21, 28], [28, 24, 23, 20, 25, 27, 26, 26, 20, 25, 23, 20, 29, 20, 24, 29, 23, 20, 20, 26, 22, 29, 26, 22, 27, 20, 21, 24, 20, 26], [29, 26, 26, 28, 22, 29, 22, 22, 24, 26, 22, 29, 25, 21, 21, 25, 23, 21, 29, 20, 28, 20, 23, 26, 29, 21, 23, 25, 22, 20], [21, 23, 23, 20, 27, 21, 27, 28, 25, 27, 22, 25, 26, 21, 28, 27, 24, 28, 26, 29, 20, 20, 28, 27, 28, 20, 27, 23, 22, 21], [23, 20, 23, 24, 24, 20, 27, 26, 25, 22, 24, 20, 28, 27, 29, 27, 27, 26, 28, 23, 27, 29, 27, 20, 28, 23, 29, 29, 20, 26], [22, 20, 23, 20, 21, 28, 25, 23, 24, 24, 28, 27, 23, 26, 24, 23, 23, 20, 23, 28, 20, 20, 25, 20, 24, 28, 29, 24, 23, 22], [28, 23, 28, 26, 22, 24, 28, 21, 20, 28, 22, 23, 24, 24, 28, 25, 29, 23, 28, 24, 29, 25, 22, 23, 28, 23, 20, 29, 23, 28], [29, 26, 23, 23, 27, 27, 25, 29, 22, 20, 29, 28, 29, 27, 21, 23, 27, 23, 27, 23, 21, 23, 24, 28, 23, 23, 26, 20, 29, 20], [26, 20, 25, 21, 26, 20, 22, 23, 20, 22, 23, 20, 20, 23, 24, 20, 23, 21, 22, 22, 28, 21, 23, 29, 26, 23, 25, 23, 29, 29], [28, 20, 20, 23, 26, 24, 29, 24, 22, 28, 20, 20, 27, 23, 23, 26, 29, 28, 27, 21, 28, 22, 27, 26, 25, 21, 22, 28, 28, 29], [27, 26, 28, 21, 29, 26, 26, 21, 24, 22, 21, 27, 25, 28, 22, 26, 20, 25, 29, 24, 22, 29, 25, 20, 20, 27, 29, 26, 20, 24], [28, 22, 23, 24, 24, 22, 27, 25, 22, 22, 25, 23, 29, 28, 28, 27, 25, 27, 20, 21, 24, 25, 25, 26, 24, 24, 25, 28, 21, 26]]
Inventory holding cost per unit of each product by the end of each period h: 
[[17, 16, 16, 14, 16, 11, 16, 16, 12, 10, 13, 12, 18, 19, 14, 15, 12, 11, 12, 10, 15, 12, 17, 12, 15, 11, 19, 11, 13, 14], [19, 17, 18, 11, 15, 16, 16, 11, 17, 13, 12, 15, 19, 16, 14, 10, 14, 17, 14, 13, 15, 19, 10, 15, 12, 19, 15, 12, 19, 11], [18, 13, 14, 14, 18, 14, 13, 19, 14, 14, 15, 12, 17, 14, 16, 18, 13, 19, 12, 16, 13, 13, 19, 18, 14, 11, 13, 12, 18, 14], [17, 11, 13, 16, 12, 11, 15, 14, 11, 13, 16, 18, 13, 13, 14, 10, 12, 19, 15, 16, 15, 10, 13, 11, 11, 17, 18, 15, 13, 14], [17, 14, 11, 19, 15, 11, 11, 15, 10, 19, 19, 19, 18, 16, 17, 12, 10, 15, 14, 19, 14, 11, 18, 12, 19, 16, 15, 12, 19, 13], [10, 18, 15, 19, 11, 17, 19, 13, 15, 11, 19, 18, 15, 18, 14, 11, 15, 11, 19, 14, 14, 18, 11, 13, 10, 10, 14, 12, 19, 19], [15, 11, 15, 19, 14, 15, 17, 14, 14, 12, 12, 18, 18, 18, 15, 18, 12, 15, 16, 14, 12, 10, 12, 11, 13, 19, 11, 10, 12, 17], [11, 11, 18, 11, 16, 10, 14, 12, 19, 18, 17, 14, 14, 13, 17, 16, 18, 11, 17, 14, 11, 11, 17, 17, 17, 18, 15, 16, 11, 16], [16, 11, 11, 12, 11, 11, 17, 11, 14, 12, 17, 14, 14, 19, 14, 13, 13, 16, 18, 15, 14, 13, 15, 12, 19, 16, 17, 18, 12, 19], [14, 19, 12, 13, 19, 18, 18, 14, 17, 16, 19, 15, 15, 19, 18, 19, 17, 10, 11, 16, 11, 18, 10, 18, 19, 19, 14, 13, 13, 12], [15, 12, 10, 11, 17, 16, 11, 11, 10, 17, 19, 13, 15, 16, 16, 15, 17, 17, 11, 18, 14, 19, 10, 17, 16, 15, 11, 11, 11, 13], [10, 17, 10, 10, 17, 17, 17, 18, 18, 16, 16, 15, 19, 10, 12, 10, 16, 17, 11, 16, 13, 19, 13, 11, 15, 15, 19, 18, 14, 14], [17, 17, 15, 17, 11, 18, 18, 14, 17, 17, 16, 12, 14, 15, 11, 15, 18, 18, 11, 18, 12, 17, 18, 14, 10, 12, 14, 19, 18, 15], [11, 13, 11, 14, 16, 19, 19, 11, 14, 12, 11, 11, 14, 17, 18, 10, 16, 18, 17, 16, 17, 12, 16, 10, 18, 19, 16, 11, 19, 14], [11, 17, 13, 10, 14, 18, 19, 16, 17, 17, 12, 18, 10, 15, 13, 16, 16, 16, 10, 10, 15, 16, 19, 11, 10, 12, 18, 19, 14, 11], [12, 12, 13, 14, 15, 12, 17, 12, 17, 16, 10, 12, 11, 19, 11, 18, 18, 16, 13, 13, 19, 14, 18, 11, 16, 19, 10, 16, 16, 17], [19, 14, 19, 13, 17, 11, 11, 11, 11, 12, 14, 19, 19, 13, 14, 16, 13, 14, 13, 18, 12, 12, 10, 18, 15, 15, 17, 13, 18, 14], [19, 17, 12, 11, 15, 17, 15, 19, 19, 12, 18, 13, 14, 13, 19, 11, 15, 10, 11, 12, 16, 19, 11, 11, 15, 18, 13, 15, 13, 12], [17, 11, 14, 14, 13, 10, 17, 16, 14, 18, 12, 16, 16, 13, 11, 14, 17, 13, 16, 19, 17, 10, 13, 12, 11, 16, 12, 11, 13, 19], [19, 19, 17, 15, 13, 17, 19, 15, 18, 18, 11, 16, 10, 15, 18, 17, 17, 14, 16, 10, 10, 11, 19, 14, 12, 12, 14, 15, 17, 17], [17, 15, 10, 14, 16, 14, 17, 17, 10, 14, 18, 17, 13, 19, 18, 12, 12, 16, 11, 11, 15, 12, 16, 10, 18, 15, 15, 15, 10, 10], [19, 12, 12, 15, 19, 19, 16, 17, 18, 12, 17, 14, 18, 10, 17, 19, 17, 11, 19, 19, 14, 13, 11, 15, 15, 17, 16, 10, 10, 17], [10, 16, 16, 10, 19, 19, 15, 17, 19, 10, 10, 15, 13, 19, 18, 11, 15, 10, 18, 13, 17, 19, 11, 18, 11, 14, 10, 11, 13, 17], [11, 16, 11, 15, 18, 17, 17, 19, 18, 18, 10, 15, 13, 14, 10, 19, 10, 16, 12, 15, 17, 18, 17, 17, 11, 13, 16, 17, 12, 18], [19, 12, 14, 11, 14, 12, 11, 15, 18, 15, 16, 19, 18, 10, 14, 19, 13, 10, 19, 19, 17, 11, 18, 11, 10, 12, 16, 13, 14, 14], [14, 15, 14, 16, 14, 10, 17, 10, 11, 15, 18, 10, 10, 16, 11, 10, 10, 17, 13, 17, 17, 13, 13, 11, 13, 10, 16, 10, 17, 16], [16, 12, 13, 15, 14, 17, 18, 12, 17, 11, 10, 14, 12, 14, 19, 17, 17, 13, 18, 11, 15, 14, 10, 15, 19, 16, 13, 17, 16, 13], [11, 11, 16, 12, 14, 18, 14, 19, 17, 10, 18, 16, 19, 17, 11, 13, 13, 19, 17, 10, 16, 14, 12, 18, 11, 13, 19, 11, 18, 15], [16, 16, 15, 10, 17, 16, 13, 18, 19, 16, 19, 15, 13, 17, 14, 16, 18, 10, 16, 18, 18, 19, 19, 19, 12, 12, 14, 16, 17, 13], [17, 12, 17, 17, 16, 18, 10, 16, 19, 16, 18, 17, 19, 17, 15, 13, 17, 16, 19, 17, 13, 10, 19, 14, 16, 13, 10, 14, 13, 17], [14, 14, 18, 19, 19, 14, 14, 13, 13, 10, 13, 13, 17, 15, 19, 11, 11, 15, 17, 10, 11, 10, 18, 18, 18, 15, 16, 15, 15, 13], [17, 14, 15, 10, 13, 10, 17, 18, 17, 18, 14, 15, 14, 16, 18, 10, 12, 14, 15, 10, 17, 12, 14, 13, 11, 17, 19, 15, 10, 16], [13, 14, 16, 19, 11, 17, 18, 16, 16, 16, 15, 14, 19, 10, 19, 17, 11, 16, 18, 12, 14, 10, 18, 15, 17, 11, 15, 13, 11, 10], [19, 12, 16, 14, 12, 19, 15, 18, 18, 11, 18, 11, 13, 16, 11, 15, 13, 12, 19, 14, 14, 16, 14, 14, 16, 16, 10, 14, 11, 10], [19, 14, 11, 19, 19, 19, 12, 12, 12, 15, 11, 17, 17, 12, 16, 16, 13, 11, 11, 16, 16, 16, 15, 15, 18, 18, 17, 19, 12, 14], [11, 15, 18, 11, 17, 13, 13, 14, 15, 15, 13, 15, 19, 15, 12, 18, 12, 19, 14, 19, 14, 13, 10, 12, 10, 13, 13, 19, 15, 19], [10, 13, 14, 11, 12, 13, 12, 19, 16, 15, 10, 12, 10, 17, 14, 12, 15, 11, 19, 18, 19, 14, 16, 10, 17, 19, 16, 13, 12, 12], [16, 19, 19, 11, 13, 14, 13, 15, 16, 13, 13, 17, 17, 16, 17, 10, 19, 16, 12, 17, 18, 14, 17, 14, 16, 17, 11, 19, 10, 15], [19, 12, 18, 17, 15, 14, 14, 14, 19, 18, 17, 19, 16, 19, 14, 14, 15, 12, 10, 11, 10, 13, 14, 18, 10, 19, 10, 16, 18, 10], [16, 16, 16, 15, 16, 13, 19, 11, 19, 15, 17, 12, 10, 14, 10, 16, 11, 16, 15, 11, 16, 15, 15, 14, 16, 10, 13, 14, 17, 14]]
Demand for each product in each period d: 
[[48, 36, 46, 34, 46, 22, 40, 29, 39, 39, 15, 30, 15, 5, 36, 33, 43, 38, 16, 38, 19, 2, 28, 31, 34, 12, 7, 37, 30, 23], [34, 11, 18, 46, 8, 16, 41, 13, 18, 18, 27, 33, 42, 41, 22, 9, 34, 9, 25, 17, 38, 4, 34, 28, 45, 44, 26, 1, 23, 36], [49, 47, 6, 4, 9, 42, 6, 46, 12, 40, 25, 46, 45, 16, 1, 33, 23, 40, 47, 3, 16, 40, 48, 48, 48, 12, 20, 10, 20, 13], [37, 21, 27, 45, 21, 48, 23, 4, 40, 39, 23, 31, 5, 9, 38, 25, 5, 37, 49, 20, 7, 40, 43, 42, 36, 7, 47, 47, 49, 17], [2, 9, 19, 8, 48, 15, 24, 18, 8, 21, 43, 40, 24, 17, 8, 0, 46, 10, 40, 6, 49, 39, 24, 17, 2, 43, 6, 39, 23, 24], [0, 13, 18, 23, 44, 48, 18, 24, 12, 20, 24, 1, 36, 34, 27, 30, 16, 20, 27, 19, 34, 11, 13, 38, 6, 48, 47, 28, 3, 41], [2, 0, 36, 37, 26, 41, 26, 36, 44, 46, 1, 8, 20, 28, 34, 27, 4, 24, 38, 33, 7, 23, 21, 43, 28, 44, 7, 9, 39, 13], [17, 33, 23, 10, 18, 35, 38, 46, 46, 41, 2, 5, 42, 44, 5, 49, 26, 1, 48, 17, 35, 30, 20, 16, 28, 22, 8, 37, 24, 14], [39, 16, 48, 46, 10, 21, 37, 42, 46, 44, 31, 12, 45, 33, 1, 23, 15, 47, 20, 14, 12, 34, 47, 15, 44, 43, 41, 35, 35, 28], [48, 17, 36, 4, 36, 3, 48, 47, 14, 27, 4, 21, 12, 19, 33, 6, 12, 43, 34, 17, 33, 38, 28, 49, 35, 36, 10, 43, 46, 43], [18, 4, 42, 44, 42, 29, 13, 28, 48, 44, 30, 1, 35, 44, 31, 29, 30, 2, 6, 36, 18, 17, 13, 41, 15, 0, 1, 15, 1, 42], [13, 37, 34, 24, 46, 37, 48, 22, 5, 35, 8, 22, 44, 11, 27, 3, 11, 38, 12, 6, 24, 14, 46, 48, 18, 5, 42, 4, 12, 45], [13, 38, 31, 0, 43, 18, 47, 12, 35, 34, 6, 20, 25, 25, 1, 0, 10, 22, 42, 12, 46, 20, 27, 25, 20, 20, 3, 40, 25, 2], [22, 30, 24, 46, 39, 25, 41, 3, 11, 26, 13, 4, 37, 47, 6, 10, 48, 39, 23, 41, 47, 38, 23, 19, 41, 13, 11, 37, 10, 22], [24, 25, 10, 8, 19, 12, 26, 7, 1, 20, 34, 4, 6, 38, 6, 43, 1, 39, 38, 41, 29, 34, 32, 0, 9, 33, 4, 36, 48, 7], [32, 46, 15, 49, 48, 36, 14, 6, 38, 38, 14, 15, 15, 33, 16, 0, 25, 43, 8, 29, 39, 11, 17, 48, 46, 4, 2, 18, 48, 27], [27, 45, 12, 6, 17, 8, 10, 2, 37, 45, 10, 0, 35, 13, 24, 27, 32, 32, 31, 21, 6, 21, 7, 13, 24, 17, 4, 30, 4, 2], [13, 49, 35, 8, 30, 33, 2, 0, 2, 35, 12, 7, 26, 5, 44, 49, 1, 2, 26, 30, 3, 43, 32, 19, 10, 10, 12, 31, 0, 35], [15, 32, 40, 47, 32, 13, 27, 42, 42, 32, 5, 32, 40, 2, 25, 27, 27, 21, 0, 40, 4, 30, 11, 44, 44, 29, 0, 37, 25, 19], [5, 28, 23, 34, 19, 5, 8, 3, 35, 6, 40, 35, 41, 30, 14, 5, 10, 1, 45, 27, 29, 26, 33, 45, 17, 14, 8, 42, 15, 39], [3, 16, 35, 24, 49, 14, 8, 11, 5, 4, 48, 14, 5, 18, 22, 13, 27, 17, 41, 4, 36, 20, 23, 21, 18, 47, 48, 17, 13, 3], [5, 19, 4, 48, 36, 30, 15, 48, 29, 18, 46, 38, 12, 40, 2, 5, 28, 41, 26, 48, 35, 40, 41, 7, 15, 34, 1, 0, 32, 46], [48, 33, 9, 27, 26, 39, 13, 18, 12, 8, 1, 8, 5, 44, 31, 14, 18, 31, 28, 5, 39, 34, 19, 4, 3, 30, 8, 17, 14, 13], [9, 2, 20, 35, 45, 38, 17, 44, 11, 14, 27, 37, 8, 34, 22, 25, 43, 18, 0, 24, 8, 18, 44, 12, 4, 23, 24, 44, 26, 26], [19, 23, 26, 46, 19, 33, 16, 6, 5, 28, 21, 30, 49, 30, 10, 28, 47, 8, 49, 49, 30, 36, 44, 46, 23, 9, 47, 22, 15, 48], [14, 42, 28, 9, 24, 15, 34, 1, 17, 36, 40, 39, 43, 36, 36, 0, 22, 44, 40, 14, 10, 8, 29, 24, 3, 14, 48, 6, 13, 29], [8, 7, 14, 34, 47, 8, 46, 24, 5, 12, 47, 26, 39, 44, 41, 31, 47, 45, 33, 33, 46, 12, 49, 13, 5, 23, 7, 16, 43, 17], [21, 30, 5, 28, 31, 38, 22, 28, 16, 32, 23, 4, 22, 13, 15, 14, 9, 22, 26, 37, 8, 32, 24, 19, 48, 27, 26, 48, 38, 5], [43, 37, 10, 1, 11, 16, 18, 4, 5, 36, 13, 15, 45, 25, 23, 48, 18, 9, 45, 5, 12, 4, 10, 11, 28, 37, 36, 13, 45, 31], [30, 20, 40, 29, 35, 34, 19, 39, 1, 24, 33, 20, 19, 48, 42, 35, 32, 45, 27, 12, 37, 26, 21, 20, 41, 36, 40, 13, 12, 30], [49, 21, 26, 8, 11, 6, 26, 38, 48, 38, 28, 34, 47, 42, 17, 8, 48, 14, 8, 49, 47, 33, 11, 35, 26, 0, 3, 38, 33, 16], [33, 37, 45, 43, 15, 40, 17, 39, 35, 9, 10, 28, 17, 25, 40, 39, 1, 28, 31, 32, 6, 45, 19, 9, 22, 19, 5, 30, 19, 41], [11, 25, 26, 20, 14, 3, 5, 5, 30, 17, 44, 35, 17, 23, 32, 48, 45, 38, 26, 16, 7, 49, 29, 14, 10, 29, 20, 9, 43, 37], [26, 40, 22, 27, 11, 43, 27, 28, 29, 12, 36, 20, 5, 23, 5, 33, 35, 20, 33, 49, 39, 22, 29, 47, 39, 49, 11, 37, 13, 13], [19, 40, 10, 43, 18, 6, 24, 10, 2, 38, 17, 2, 39, 41, 48, 18, 35, 18, 9, 27, 35, 28, 33, 44, 43, 39, 41, 42, 48, 5], [3, 7, 45, 38, 35, 45, 22, 45, 3, 2, 2, 5, 23, 4, 24, 8, 4, 29, 11, 33, 12, 47, 10, 3, 26, 0, 9, 41, 3, 40], [11, 32, 40, 36, 46, 42, 30, 44, 25, 9, 11, 13, 18, 24, 12, 11, 49, 4, 2, 24, 42, 9, 35, 4, 26, 19, 26, 19, 44, 46], [11, 34, 41, 27, 19, 42, 7, 15, 41, 17, 25, 14, 19, 26, 48, 40, 19, 11, 49, 36, 32, 1, 12, 32, 14, 5, 49, 33, 13, 23], [15, 18, 32, 38, 21, 8, 24, 45, 25, 16, 29, 7, 14, 40, 3, 9, 34, 49, 2, 3, 34, 8, 4, 35, 22, 13, 16, 4, 16, 26], [34, 14, 8, 41, 8, 45, 43, 3, 14, 12, 22, 43, 38, 19, 41, 5, 0, 4, 15, 34, 38, 7, 7, 7, 22, 42, 47, 13, 39, 22]]
Maintenance cost in each period m: 
[524, 619, 572, 620, 572, 639, 686, 943, 693, 723, 531, 737, 500, 518, 558, 916, 611, 759, 928, 809, 956, 803, 524, 920, 722, 946, 775, 735, 919, 811]
Maximum capacity of the machine cmax: 
1680