Set of periods in the planning horizon T: 
10
Set of products P: 
10
Capacity reduction coefficient alpha: 
0.85
Relative decrease of capacity per set up gamma: 
0.32
Capacity reduction coefficient due to product types beta: 
[0.33, 0.26, 0.31, 0.21, 0.33, 0.31, 0.3, 0.38, 0.39, 0.2]
Fixed production cost of each product in each period f: 
[[228, 186, 251, 319, 358, 395, 371, 227, 168, 187], [488, 482, 338, 206, 138, 312, 191, 428, 288, 203], [191, 285, 176, 392, 456, 113, 376, 497, 217, 489], [430, 143, 384, 190, 121, 362, 209, 279, 150, 465], [432, 289, 437, 426, 149, 122, 140, 133, 300, 373], [320, 388, 230, 300, 309, 419, 307, 336, 309, 364], [420, 390, 353, 226, 166, 254, 285, 145, 475, 392], [237, 103, 211, 319, 471, 287, 106, 269, 204, 397], [153, 300, 354, 194, 381, 494, 442, 345, 295, 291], [442, 193, 444, 293, 255, 155, 216, 346, 298, 382]]
Variable production cost per unit of each product in each period p: 
[[23, 20, 21, 21, 25, 22, 27, 23, 25, 27], [21, 27, 21, 26, 20, 24, 21, 26, 22, 22], [21, 20, 20, 21, 25, 23, 24, 28, 25, 26], [20, 23, 28, 29, 25, 29, 27, 28, 20, 29], [28, 24, 28, 21, 22, 26, 24, 22, 29, 28], [27, 25, 21, 22, 20, 26, 24, 29, 21, 22], [21, 23, 22, 25, 26, 28, 22, 23, 21, 28], [21, 21, 21, 29, 29, 23, 24, 27, 28, 25], [29, 23, 29, 22, 25, 20, 28, 22, 24, 27], [26, 21, 23, 26, 23, 23, 29, 26, 20, 20]]
Inventory holding cost per unit of each product by the end of each period h: 
[[16, 11, 16, 14, 17, 15, 10, 13, 10, 16], [13, 12, 10, 18, 18, 18, 14, 10, 19, 17], [16, 10, 15, 10, 18, 16, 16, 18, 11, 11], [11, 16, 18, 14, 11, 10, 19, 15, 19, 17], [15, 16, 18, 18, 13, 14, 19, 11, 16, 14], [17, 17, 18, 13, 10, 15, 19, 12, 17, 14], [10, 10, 10, 15, 11, 15, 17, 17, 12, 15], [15, 10, 10, 10, 17, 15, 14, 14, 14, 17], [19, 12, 10, 11, 14, 19, 19, 15, 13, 11], [19, 15, 15, 11, 16, 18, 14, 13, 10, 14]]
Demand for each product in each period d: 
[[385, 485, 113, 325, 307, 381, 314, 312, 442, 426], [471, 244, 161, 402, 145, 458, 196, 451, 146, 383], [214, 96, 256, 243, 467, 263, 373, 439, 299, 332], [214, 150, 185, 394, 466, 307, 192, 428, 475, 251], [127, 146, 223, 403, 309, 76, 295, 391, 135, 56], [270, 229, 252, 225, 249, 483, 376, 166, 223, 172], [263, 94, 360, 280, 273, 457, 459, 435, 281, 82], [79, 167, 104, 426, 424, 438, 373, 249, 54, 223], [466, 294, 268, 464, 110, 163, 100, 81, 174, 368], [425, 66, 465, 414, 357, 142, 402, 245, 83, 288]]
Maintenance cost in each period m: 
[1736, 3229, 1920, 2734, 3284, 3376, 4951, 4964, 1857, 4867]
Maximum capacity of the machine cmax: 
4420