Set of periods in the planning horizon T: 
10
Set of products P: 
20
Capacity reduction coefficient alpha: 
0.87
Relative decrease of capacity per set up gamma: 
0.33
Capacity reduction coefficient due to product types beta: 
[0.36, 0.38, 0.25, 0.26, 0.28, 0.2, 0.21, 0.3, 0.26, 0.3, 0.37, 0.24, 0.23, 0.31, 0.38, 0.3, 0.31, 0.2, 0.29, 0.4]
Fixed production cost of each product in each period f: 
[[534, 483, 602, 660, 423, 621, 515, 742, 460, 723], [465, 630, 437, 599, 569, 422, 634, 443, 453, 730], [650, 686, 401, 425, 478, 500, 411, 558, 412, 693], [594, 689, 771, 644, 461, 615, 439, 507, 615, 494], [657, 780, 558, 563, 794, 651, 772, 705, 786, 728], [601, 554, 456, 631, 406, 559, 485, 692, 479, 529], [481, 663, 746, 487, 794, 441, 701, 587, 671, 793], [583, 517, 463, 635, 757, 574, 442, 433, 553, 428], [534, 514, 696, 708, 599, 719, 691, 523, 571, 489], [656, 766, 793, 607, 604, 790, 491, 626, 503, 599], [773, 733, 722, 669, 756, 483, 654, 449, 754, 462], [514, 493, 660, 567, 549, 448, 450, 786, 709, 407], [769, 783, 712, 557, 482, 749, 601, 700, 730, 403], [691, 562, 797, 656, 672, 593, 507, 666, 581, 606], [729, 552, 571, 674, 599, 621, 436, 756, 649, 723], [761, 604, 772, 585, 511, 729, 526, 671, 651, 691], [550, 444, 769, 573, 682, 716, 470, 691, 641, 726], [417, 565, 790, 602, 784, 563, 742, 611, 425, 556], [522, 760, 454, 583, 484, 517, 678, 600, 406, 403], [454, 780, 756, 630, 481, 709, 708, 499, 480, 579]]
Variable production cost per unit of each product in each period p: 
[[27, 20, 29, 21, 26, 20, 29, 24, 24, 27], [25, 24, 28, 22, 25, 25, 24, 28, 20, 26], [24, 28, 20, 24, 29, 21, 21, 28, 22, 26], [23, 23, 27, 20, 20, 22, 24, 25, 23, 29], [27, 26, 24, 25, 20, 21, 27, 23, 24, 28], [21, 23, 25, 26, 29, 22, 29, 27, 29, 23], [23, 23, 25, 26, 27, 20, 27, 22, 20, 29], [26, 25, 26, 29, 24, 24, 28, 24, 24, 24], [27, 23, 20, 25, 20, 25, 27, 22, 24, 28], [27, 25, 25, 27, 28, 22, 21, 27, 29, 20], [26, 27, 26, 24, 24, 28, 23, 26, 21, 28], [20, 21, 27, 24, 28, 22, 25, 23, 28, 24], [26, 28, 23, 28, 20, 28, 22, 23, 29, 20], [25, 21, 22, 23, 24, 20, 25, 28, 22, 27], [22, 21, 23, 29, 23, 23, 26, 22, 21, 28], [22, 23, 25, 22, 21, 25, 22, 22, 22, 25], [23, 28, 28, 28, 21, 27, 26, 29, 22, 20], [28, 23, 29, 20, 22, 27, 20, 22, 29, 24], [23, 20, 20, 28, 28, 25, 28, 29, 26, 24], [28, 21, 29, 29, 28, 21, 21, 27, 28, 23]]
Inventory holding cost per unit of each product by the end of each period h: 
[[12, 13, 17, 12, 19, 18, 18, 11, 17, 19], [12, 15, 13, 17, 16, 10, 14, 10, 12, 12], [12, 17, 17, 13, 17, 10, 19, 13, 14, 19], [18, 17, 16, 14, 11, 15, 16, 16, 16, 10], [13, 19, 15, 12, 13, 18, 16, 17, 11, 11], [17, 10, 12, 13, 17, 15, 14, 14, 13, 18], [12, 18, 14, 16, 19, 18, 17, 17, 14, 13], [19, 19, 10, 13, 13, 18, 15, 17, 18, 17], [13, 13, 17, 16, 11, 13, 11, 15, 14, 13], [18, 10, 14, 17, 17, 12, 19, 14, 11, 16], [17, 14, 13, 18, 15, 14, 10, 15, 12, 14], [13, 11, 13, 14, 12, 11, 13, 19, 13, 13], [11, 18, 18, 17, 18, 13, 18, 10, 11, 13], [15, 15, 12, 15, 19, 15, 10, 11, 11, 10], [17, 18, 10, 10, 10, 11, 18, 15, 15, 16], [17, 18, 14, 12, 16, 13, 18, 15, 14, 12], [17, 13, 16, 10, 15, 17, 18, 13, 18, 10], [13, 14, 18, 17, 19, 15, 18, 15, 11, 11], [15, 18, 15, 14, 11, 19, 17, 11, 18, 15], [18, 14, 16, 15, 11, 18, 12, 10, 11, 19]]
Demand for each product in each period d: 
[[2, 26, 47, 44, 6, 35, 5, 5, 12, 45], [0, 30, 11, 24, 17, 34, 31, 23, 42, 39], [17, 43, 4, 26, 44, 18, 14, 44, 46, 28], [5, 18, 41, 6, 16, 35, 6, 30, 14, 10], [9, 38, 17, 2, 21, 49, 36, 28, 37, 6], [37, 1, 25, 39, 12, 44, 41, 41, 26, 41], [37, 47, 30, 13, 23, 33, 37, 9, 35, 36], [46, 27, 25, 9, 35, 40, 31, 28, 29, 34], [16, 40, 33, 37, 27, 22, 9, 8, 39, 29], [34, 44, 29, 1, 25, 46, 14, 27, 22, 25], [36, 4, 39, 28, 43, 29, 6, 44, 38, 15], [0, 10, 10, 21, 8, 40, 43, 16, 23, 10], [26, 2, 17, 8, 14, 1, 32, 17, 41, 32], [49, 40, 40, 1, 23, 1, 1, 33, 39, 31], [34, 45, 33, 30, 5, 12, 39, 28, 4, 41], [49, 0, 27, 13, 8, 3, 49, 13, 12, 3], [1, 31, 28, 0, 49, 4, 18, 29, 36, 10], [48, 42, 24, 16, 36, 22, 37, 21, 0, 20], [13, 1, 40, 16, 16, 28, 13, 22, 47, 5], [44, 37, 32, 13, 6, 25, 32, 12, 21, 45]]
Maintenance cost in each period m: 
[701, 634, 893, 808, 972, 562, 882, 769, 592, 518]
Maximum capacity of the machine cmax: 
800