Set of periods in the planning horizon T: 
40
Set of products P: 
60
Capacity reduction coefficient alpha: 
0.71
Relative decrease of capacity per set up gamma: 
0.36
Capacity reduction coefficient due to product types beta: 
[0.33, 0.33, 0.32, 0.28, 0.27, 0.23, 0.23, 0.36, 0.32, 0.33, 0.21, 0.22, 0.38, 0.25, 0.39, 0.31, 0.21, 0.37, 0.32, 0.23, 0.23, 0.3, 0.36, 0.39, 0.35, 0.27, 0.35, 0.33, 0.26, 0.26, 0.27, 0.26, 0.28, 0.29, 0.38, 0.23, 0.36, 0.35, 0.26, 0.37, 0.38, 0.24, 0.3, 0.27, 0.4, 0.22, 0.29, 0.21, 0.27, 0.25, 0.34, 0.23, 0.33, 0.36, 0.24, 0.34, 0.37, 0.35, 0.27, 0.34]
Fixed production cost of each product in each period f: 
[[843, 533, 831, 1420, 572, 1082, 409, 1570, 561, 1286, 482, 1777, 1586, 404, 481, 474, 797, 1747, 764, 966, 1790, 744, 750, 1792, 1913, 1815, 1050, 1303, 1067, 1004, 1669, 666, 1847, 699, 1276, 883, 631, 1810, 898, 1969], [556, 1118, 1439, 1345, 1838, 1423, 1480, 1495, 1349, 1507, 1352, 1912, 1545, 1380, 1308, 430, 1873, 883, 710, 1017, 1796, 672, 1311, 1467, 1412, 1582, 629, 544, 1831, 1755, 712, 1512, 1232, 1163, 1321, 765, 801, 1696, 1966, 1994], [452, 407, 470, 1112, 1167, 1067, 1745, 456, 1797, 1541, 471, 1362, 900, 1971, 467, 717, 782, 1397, 1495, 802, 894, 1749, 1634, 1063, 1911, 1508, 634, 1231, 858, 1181, 826, 1982, 1417, 706, 1690, 1512, 1550, 1152, 1783, 1292], [891, 1976, 1042, 1197, 1366, 1361, 1108, 525, 1059, 740, 624, 556, 1388, 1212, 1223, 543, 1835, 918, 1308, 896, 1474, 1018, 441, 1095, 1433, 1606, 1762, 1052, 1876, 417, 940, 796, 636, 1720, 1557, 1310, 1951, 1115, 1613, 1804], [906, 1630, 1240, 1491, 469, 1263, 1387, 1822, 603, 647, 1095, 1818, 1450, 1151, 1368, 1890, 453, 480, 899, 1827, 1202, 1746, 1020, 1123, 1055, 1906, 734, 1600, 1829, 834, 1112, 1921, 1581, 574, 1607, 703, 717, 1571, 853, 1324], [1163, 456, 1539, 1862, 1676, 1194, 783, 1561, 1848, 1151, 1153, 850, 576, 733, 1849, 683, 1261, 641, 662, 1831, 882, 1623, 1052, 707, 1666, 1409, 1648, 1066, 621, 1948, 1351, 763, 567, 1244, 1329, 535, 1518, 596, 741, 1719], [1282, 607, 1293, 1161, 1689, 1384, 1542, 1521, 557, 1278, 528, 1446, 978, 573, 682, 1420, 686, 1075, 512, 1457, 948, 1287, 510, 932, 1716, 1638, 1876, 1765, 781, 1036, 1284, 400, 1469, 1966, 1667, 1190, 1419, 1629, 1032, 1821], [1093, 810, 1847, 1474, 1215, 757, 1861, 534, 1518, 1220, 1695, 1801, 1741, 1245, 1798, 1006, 860, 1742, 1410, 1954, 1774, 1546, 797, 442, 1613, 840, 1849, 1282, 1196, 768, 1948, 1072, 628, 744, 898, 1255, 841, 1928, 664, 1139], [1689, 1074, 690, 968, 1994, 1729, 1779, 1459, 1279, 1391, 1800, 1842, 1055, 890, 661, 977, 1197, 1281, 1956, 900, 1706, 746, 1686, 401, 472, 449, 1826, 1844, 1637, 1390, 1354, 453, 638, 1765, 487, 655, 1428, 1731, 851, 1548], [960, 975, 893, 1588, 1372, 991, 1765, 523, 789, 1524, 591, 420, 1490, 972, 956, 1263, 520, 1271, 1032, 1633, 1189, 798, 580, 1642, 421, 1072, 1310, 736, 1483, 572, 447, 977, 1227, 796, 595, 658, 937, 1094, 938, 1276], [1271, 572, 622, 1436, 1352, 978, 701, 1602, 640, 618, 1864, 869, 1957, 1923, 1964, 917, 823, 1187, 1167, 1094, 707, 1018, 835, 626, 1309, 1761, 514, 1574, 995, 1004, 1246, 910, 1703, 1584, 1467, 1438, 535, 1920, 1135, 794], [982, 1794, 672, 1881, 1583, 970, 466, 658, 985, 1812, 1140, 1700, 1886, 1456, 1771, 617, 1318, 1513, 1680, 1308, 989, 997, 1934, 1622, 1693, 1651, 413, 1212, 685, 1807, 896, 447, 717, 1261, 1551, 1485, 1376, 1766, 1622, 703], [1890, 914, 952, 803, 1808, 1296, 932, 817, 1681, 1113, 1819, 1749, 740, 1635, 1875, 508, 1640, 559, 1567, 1953, 1746, 1000, 1140, 668, 814, 1345, 1840, 1181, 402, 1287, 1528, 1733, 1927, 828, 1446, 1238, 1393, 1766, 413, 711], [1757, 918, 678, 409, 1108, 1429, 904, 818, 1089, 1486, 898, 700, 1364, 1037, 1303, 647, 1952, 1405, 1624, 1878, 1122, 1472, 1884, 538, 804, 977, 1100, 898, 1743, 1323, 934, 672, 1222, 649, 598, 1391, 1625, 909, 1196, 708], [1364, 1163, 893, 1611, 1132, 1154, 1871, 984, 1298, 1084, 436, 931, 1612, 1865, 1113, 1948, 1653, 707, 1235, 1547, 1972, 1512, 891, 1176, 526, 1214, 1417, 1111, 1591, 1015, 648, 1513, 1791, 675, 566, 1850, 442, 749, 1365, 674], [532, 1830, 1703, 1389, 484, 1438, 1780, 1874, 1939, 1607, 1953, 1448, 1778, 863, 1284, 1878, 447, 1345, 1188, 1135, 1847, 849, 573, 1520, 793, 1243, 644, 1053, 514, 470, 789, 1404, 1555, 1233, 1673, 585, 1648, 527, 1526, 1796], [1519, 1947, 1192, 1716, 1243, 1292, 535, 1552, 479, 911, 1639, 1528, 1731, 1669, 1135, 1701, 705, 409, 1606, 893, 1221, 938, 1786, 1158, 988, 844, 1762, 1300, 1601, 859, 1739, 1425, 1218, 787, 985, 1810, 1806, 1891, 1350, 1977], [1727, 463, 1052, 1390, 1665, 1022, 698, 985, 1930, 1328, 1424, 1079, 1335, 1223, 596, 826, 1622, 1989, 1097, 724, 528, 1913, 1811, 1190, 1810, 1137, 504, 1521, 1421, 1764, 1905, 1499, 1077, 1026, 407, 1213, 1316, 489, 1996, 1183], [1492, 1900, 1384, 1925, 593, 1796, 1456, 1862, 1713, 1865, 1973, 1486, 1182, 1206, 620, 714, 1622, 1658, 991, 419, 626, 1335, 574, 1726, 507, 882, 1677, 1990, 1534, 1631, 467, 1361, 1668, 1286, 1978, 547, 1969, 1962, 413, 1951], [447, 571, 707, 654, 849, 1893, 1147, 1382, 1113, 981, 624, 570, 1359, 1932, 810, 1822, 559, 1272, 1911, 1911, 1534, 538, 1960, 1805, 1638, 1496, 1496, 1487, 1737, 495, 1481, 1803, 1034, 1161, 1833, 1045, 909, 1632, 1233, 1464], [958, 1690, 833, 1911, 1511, 1976, 491, 1521, 518, 1558, 1788, 446, 748, 1733, 726, 1507, 1498, 1884, 1506, 1977, 1062, 565, 1845, 603, 501, 747, 762, 1297, 856, 842, 510, 1006, 735, 581, 864, 1089, 1517, 1815, 1175, 1081], [807, 502, 792, 1077, 1921, 1206, 865, 1828, 1541, 1393, 1472, 866, 884, 1154, 956, 845, 812, 932, 1898, 1963, 560, 1245, 1661, 1748, 1911, 741, 1005, 1161, 1198, 1721, 919, 1757, 1009, 1790, 1282, 494, 1557, 1735, 1628, 1626], [1962, 638, 1524, 863, 1283, 943, 908, 1187, 455, 1019, 1198, 454, 1604, 1924, 1596, 1038, 1696, 1029, 420, 1285, 1114, 910, 1655, 1194, 1229, 961, 1252, 496, 545, 1405, 1475, 553, 637, 1671, 606, 660, 1839, 1143, 1567, 1349], [1777, 1393, 897, 1148, 1526, 929, 861, 492, 778, 870, 575, 1719, 569, 1285, 725, 902, 481, 560, 705, 418, 416, 1353, 1328, 490, 1377, 1064, 434, 1960, 1078, 1905, 1863, 1351, 1717, 1887, 812, 748, 1649, 1070, 450, 1189], [1846, 489, 1636, 639, 657, 932, 778, 1817, 713, 981, 537, 1866, 849, 1975, 1171, 1598, 489, 1161, 1253, 1355, 1371, 1849, 1672, 1172, 1159, 1344, 401, 1476, 1856, 1491, 465, 1970, 572, 1058, 1709, 1358, 1580, 1658, 1994, 1958], [698, 1587, 1007, 1531, 988, 649, 1615, 1066, 1265, 1752, 454, 431, 943, 1160, 1934, 863, 1397, 628, 486, 1196, 1089, 683, 549, 726, 445, 547, 906, 955, 824, 1494, 1964, 1305, 1513, 985, 745, 682, 1692, 819, 1786, 1649], [1217, 405, 919, 661, 429, 1074, 949, 1568, 869, 1786, 1611, 1997, 464, 1931, 1444, 1592, 1988, 447, 1859, 612, 810, 1146, 435, 1144, 897, 1412, 977, 490, 1759, 1374, 1273, 1188, 1828, 1100, 1834, 583, 1928, 1099, 911, 1533], [1092, 485, 1132, 1490, 790, 645, 1572, 1892, 1948, 1628, 1065, 1510, 488, 1078, 588, 1901, 793, 504, 1748, 1997, 1815, 814, 1794, 1248, 439, 1151, 600, 728, 1370, 1139, 425, 1119, 1354, 1940, 755, 713, 1188, 716, 1997, 831], [1543, 1064, 692, 1791, 1258, 1212, 1143, 1121, 1715, 983, 1216, 674, 516, 586, 1887, 456, 1465, 1248, 1029, 1568, 1091, 474, 1456, 1942, 895, 1348, 1221, 1215, 605, 403, 937, 714, 1483, 1480, 1148, 1253, 765, 738, 1956, 408], [1390, 868, 410, 1254, 1341, 571, 660, 905, 1935, 1904, 609, 1685, 1253, 786, 1270, 1043, 1989, 1192, 1059, 1617, 1098, 727, 1060, 1522, 869, 1715, 1381, 906, 1518, 1910, 1222, 810, 440, 519, 1825, 419, 536, 1703, 1336, 702], [511, 985, 1476, 1116, 1051, 528, 755, 1158, 537, 864, 464, 1421, 1350, 1262, 625, 1297, 1805, 543, 417, 460, 1969, 1643, 967, 766, 486, 1053, 1344, 516, 1327, 1121, 1815, 1414, 1338, 1792, 1083, 417, 1293, 1205, 1193, 748], [1667, 607, 714, 676, 482, 1277, 1049, 476, 1791, 1572, 1778, 1008, 794, 974, 1470, 779, 1835, 1904, 1372, 424, 1435, 501, 523, 1300, 1264, 1150, 1095, 973, 1333, 1306, 1855, 416, 1617, 1839, 1440, 1931, 1804, 1218, 1031, 605], [1363, 1772, 1947, 1404, 1047, 1579, 1900, 879, 490, 756, 1666, 1406, 639, 706, 536, 529, 1730, 455, 943, 498, 1668, 1889, 1772, 1123, 1792, 505, 1315, 1102, 687, 1145, 461, 861, 1034, 1056, 880, 990, 956, 1067, 750, 478], [415, 1307, 932, 1566, 1775, 1539, 1593, 1915, 1763, 1631, 1873, 1385, 962, 1566, 1941, 982, 1002, 948, 1202, 724, 1436, 1985, 1867, 1127, 635, 1776, 1740, 1550, 518, 1991, 1298, 1757, 412, 1660, 1552, 1399, 415, 1262, 1766, 1115], [787, 910, 1340, 1104, 1884, 1505, 1503, 930, 1301, 1614, 1744, 639, 1129, 1403, 1187, 1368, 1497, 490, 1940, 1993, 1256, 942, 420, 1526, 792, 509, 545, 697, 1740, 828, 690, 1298, 987, 1116, 484, 783, 518, 942, 1751, 914], [1065, 1364, 1468, 1880, 518, 1729, 854, 854, 967, 1833, 529, 1971, 774, 785, 1540, 1272, 1057, 1604, 529, 1522, 1482, 1660, 1279, 1950, 1786, 466, 1224, 565, 423, 621, 1218, 1745, 1001, 467, 1831, 1140, 1090, 816, 1853, 957], [550, 1922, 1302, 457, 1212, 1697, 1624, 621, 916, 678, 1546, 1876, 1695, 656, 830, 1389, 1226, 407, 992, 1414, 1862, 1649, 1902, 470, 665, 1899, 556, 650, 931, 945, 1225, 1536, 1626, 1477, 1368, 909, 1583, 1861, 1508, 912], [1550, 1461, 1339, 897, 1123, 1775, 1922, 814, 1923, 1158, 1337, 1698, 599, 1915, 1639, 716, 1033, 1036, 978, 928, 822, 1950, 1395, 779, 1856, 1732, 962, 1469, 679, 1950, 964, 1768, 496, 561, 1907, 1835, 1064, 415, 774, 403], [994, 981, 819, 1645, 1072, 1401, 1824, 1038, 1709, 670, 419, 1438, 1117, 825, 1082, 818, 1887, 1785, 1709, 1301, 423, 1859, 629, 1620, 657, 671, 1833, 724, 1073, 1955, 1284, 816, 1756, 1260, 1281, 847, 1321, 1741, 677, 1236], [1541, 1527, 656, 1668, 1660, 1055, 1181, 907, 1747, 1382, 460, 1904, 1321, 610, 671, 1775, 1074, 1757, 517, 698, 545, 985, 1886, 1401, 946, 1293, 497, 1345, 1222, 518, 849, 862, 1437, 1859, 665, 1166, 920, 1185, 1851, 1156], [1646, 1291, 770, 879, 575, 1881, 1087, 1993, 862, 1312, 1919, 493, 1473, 1293, 1375, 1548, 1979, 954, 1976, 862, 995, 1885, 1653, 1025, 1292, 669, 1632, 1949, 1011, 1996, 1808, 659, 1244, 1485, 913, 1982, 1458, 443, 1317, 1711], [844, 1610, 1563, 1492, 1134, 1372, 944, 922, 1507, 764, 741, 1413, 806, 1931, 1662, 587, 968, 1071, 1829, 427, 1803, 1461, 950, 1439, 1292, 1693, 853, 620, 723, 704, 532, 1445, 669, 1227, 904, 1290, 926, 734, 796, 1534], [929, 1629, 594, 1627, 795, 1475, 1087, 507, 1549, 1502, 1079, 1323, 936, 1900, 1380, 722, 1887, 1511, 1064, 1890, 1400, 1624, 962, 1064, 1710, 522, 919, 915, 1253, 1625, 1514, 828, 1247, 959, 868, 683, 1274, 1515, 1078, 586], [1815, 1252, 1027, 1149, 1871, 1336, 1931, 1399, 1126, 1910, 1125, 1847, 895, 1414, 1057, 1219, 1179, 1888, 698, 944, 1598, 1240, 811, 1773, 1094, 1909, 1685, 761, 815, 881, 1711, 1397, 1302, 1954, 1915, 1153, 701, 438, 826, 1527], [828, 1480, 1377, 812, 874, 1252, 601, 1691, 569, 539, 417, 1659, 617, 802, 1441, 1817, 1429, 1918, 751, 691, 575, 1582, 631, 1247, 880, 1779, 442, 1325, 1010, 879, 595, 1471, 735, 1661, 935, 1909, 1795, 966, 1091, 930], [1366, 703, 861, 1405, 1476, 583, 1014, 663, 1115, 1784, 1118, 1340, 1478, 1456, 796, 777, 1570, 552, 1014, 1567, 1696, 1261, 1715, 840, 858, 964, 405, 835, 1977, 1029, 473, 1268, 1478, 455, 754, 1186, 927, 1138, 1850, 934], [1815, 881, 504, 1056, 557, 853, 930, 1053, 730, 438, 650, 1300, 1979, 412, 1158, 1212, 1881, 648, 487, 587, 1133, 604, 1293, 1904, 1618, 994, 1078, 1471, 516, 1348, 1174, 528, 615, 1088, 674, 1104, 1084, 617, 479, 1133], [875, 1517, 880, 843, 721, 687, 1487, 1769, 1075, 1377, 1237, 1421, 619, 533, 1041, 856, 1940, 1013, 1180, 1416, 612, 1841, 489, 1136, 1306, 1579, 1713, 815, 1394, 1343, 706, 864, 618, 1899, 1964, 1008, 1077, 768, 827, 1203], [1791, 1820, 1432, 901, 754, 1804, 1887, 1535, 776, 1892, 1193, 1277, 516, 1923, 566, 1696, 528, 1599, 644, 843, 1569, 1428, 694, 1617, 1447, 1942, 1199, 1411, 1920, 514, 538, 1047, 1922, 1903, 1613, 495, 1774, 772, 1955, 724], [1480, 1411, 494, 1505, 1879, 922, 1431, 1325, 954, 1349, 1436, 1384, 1698, 1329, 1839, 1923, 579, 1195, 868, 476, 411, 775, 662, 787, 934, 1735, 607, 1745, 1681, 1489, 1520, 534, 1318, 598, 1035, 930, 1762, 1825, 1663, 1453], [481, 462, 1117, 409, 998, 1781, 1212, 1604, 637, 1015, 1314, 1628, 1655, 1350, 492, 754, 585, 1643, 1144, 1619, 1816, 613, 955, 1341, 741, 1257, 1502, 1608, 1629, 1858, 1374, 1820, 1607, 1627, 1819, 403, 1226, 792, 857, 1643], [969, 995, 741, 1047, 986, 1590, 1531, 685, 1886, 1896, 1853, 1926, 992, 1603, 1130, 1755, 1617, 1838, 1636, 877, 1056, 604, 871, 897, 1099, 479, 1640, 1847, 1356, 917, 1493, 718, 416, 795, 1948, 589, 843, 989, 1315, 477], [1380, 1240, 909, 1258, 1557, 1325, 1267, 1002, 1579, 1513, 490, 1858, 784, 1373, 1209, 1530, 1510, 439, 1379, 1027, 1614, 687, 1168, 1721, 1709, 1831, 870, 943, 1608, 741, 779, 598, 1515, 1855, 1151, 1729, 595, 1320, 1261, 1712], [1414, 567, 1336, 494, 662, 444, 427, 1470, 1871, 623, 668, 674, 715, 610, 1704, 721, 1000, 826, 1344, 1241, 562, 1293, 1871, 1654, 948, 1479, 1976, 736, 785, 1198, 711, 1700, 908, 783, 1013, 595, 856, 926, 1190, 864], [422, 579, 1478, 1604, 1352, 562, 1290, 618, 435, 817, 896, 1695, 871, 1026, 1905, 1874, 909, 1250, 813, 671, 1376, 1953, 1134, 1633, 635, 1548, 610, 1329, 1451, 1384, 962, 1990, 1139, 707, 1376, 1831, 1810, 1529, 1382, 1268], [1718, 1584, 687, 1394, 735, 1426, 1921, 1365, 951, 785, 1776, 1450, 1467, 1403, 675, 1088, 599, 1712, 693, 1743, 1686, 578, 1880, 718, 500, 553, 1152, 1470, 881, 930, 415, 1504, 1516, 1280, 562, 445, 623, 1963, 1214, 1685], [640, 883, 1264, 1455, 1138, 797, 1251, 1631, 650, 1201, 1952, 1140, 1458, 709, 1428, 1804, 907, 1870, 499, 1232, 671, 1485, 1808, 1696, 928, 404, 1642, 950, 1242, 1647, 633, 511, 1023, 1730, 1358, 1517, 993, 1369, 1849, 767], [536, 878, 721, 913, 430, 713, 1840, 477, 1852, 1178, 1351, 1361, 1948, 541, 1437, 1271, 703, 659, 1249, 1399, 588, 1148, 1662, 704, 1660, 427, 1780, 805, 1470, 1564, 1736, 1419, 1587, 1457, 1287, 1853, 1106, 1702, 557, 1431], [830, 1929, 742, 1136, 1172, 1553, 1748, 1666, 1503, 602, 843, 976, 1829, 912, 1188, 1210, 1230, 1435, 452, 979, 695, 653, 1682, 1185, 1028, 631, 796, 1179, 926, 1661, 1567, 1455, 1546, 1977, 1512, 1953, 887, 1204, 585, 1770], [1015, 1154, 1417, 1793, 1306, 1169, 1668, 1947, 1855, 1395, 783, 1035, 441, 1184, 1944, 471, 1112, 1719, 1655, 1297, 1215, 1464, 1336, 1295, 1367, 460, 1979, 1864, 911, 1325, 1998, 1983, 1122, 1061, 979, 1050, 678, 994, 1380, 1297]]
Variable production cost per unit of each product in each period p: 
[[28, 27, 21, 23, 28, 25, 21, 23, 28, 21, 28, 21, 20, 28, 28, 20, 29, 29, 27, 24, 22, 26, 24, 26, 21, 21, 24, 28, 22, 27, 29, 28, 27, 26, 23, 25, 27, 29, 23, 29], [23, 25, 21, 27, 20, 26, 24, 20, 29, 20, 29, 24, 23, 24, 28, 26, 29, 21, 28, 28, 29, 23, 29, 22, 25, 28, 25, 29, 22, 21, 25, 25, 25, 25, 27, 28, 20, 21, 29, 20], [29, 23, 28, 27, 25, 21, 29, 29, 21, 26, 28, 29, 28, 29, 26, 25, 29, 20, 24, 22, 23, 23, 21, 21, 20, 29, 21, 27, 28, 22, 27, 26, 28, 22, 29, 26, 22, 28, 28, 23], [22, 21, 20, 20, 28, 29, 23, 29, 28, 24, 24, 28, 20, 28, 25, 26, 22, 26, 29, 28, 23, 27, 26, 24, 29, 22, 21, 25, 25, 25, 28, 23, 23, 22, 23, 26, 28, 29, 28, 26], [26, 21, 29, 21, 26, 20, 27, 29, 29, 28, 22, 24, 25, 22, 29, 20, 25, 29, 27, 24, 28, 23, 29, 20, 27, 21, 22, 25, 28, 28, 29, 27, 28, 23, 29, 27, 22, 23, 25, 25], [27, 29, 26, 28, 21, 20, 24, 22, 27, 23, 26, 27, 24, 25, 25, 20, 28, 28, 28, 22, 26, 20, 26, 21, 28, 22, 23, 21, 28, 27, 24, 24, 22, 20, 25, 22, 23, 29, 24, 21], [21, 22, 29, 23, 22, 25, 26, 29, 25, 27, 22, 28, 20, 20, 28, 22, 22, 26, 23, 28, 20, 21, 24, 28, 23, 24, 25, 20, 25, 23, 20, 29, 22, 22, 28, 28, 21, 27, 22, 20], [20, 23, 27, 22, 29, 23, 23, 24, 23, 28, 20, 22, 20, 22, 20, 23, 27, 25, 26, 28, 20, 27, 29, 29, 25, 24, 27, 29, 20, 24, 28, 29, 20, 24, 25, 25, 21, 25, 22, 27], [26, 22, 27, 29, 20, 20, 25, 21, 27, 29, 22, 23, 20, 25, 23, 25, 24, 24, 21, 23, 28, 26, 24, 29, 29, 20, 20, 22, 26, 20, 20, 20, 20, 23, 24, 27, 26, 29, 28, 29], [23, 25, 27, 22, 29, 21, 27, 20, 27, 20, 24, 29, 21, 23, 22, 26, 24, 21, 22, 23, 21, 23, 28, 22, 21, 24, 27, 25, 22, 29, 21, 28, 21, 20, 26, 29, 21, 26, 20, 23], [26, 27, 23, 27, 24, 28, 26, 20, 27, 21, 29, 28, 22, 25, 29, 24, 24, 21, 20, 25, 25, 22, 26, 23, 25, 23, 25, 23, 26, 26, 24, 25, 23, 24, 22, 28, 28, 24, 26, 22], [27, 24, 22, 23, 20, 25, 28, 21, 26, 21, 26, 22, 22, 29, 28, 20, 20, 24, 20, 29, 20, 29, 24, 27, 21, 20, 27, 25, 25, 21, 27, 26, 26, 26, 24, 20, 20, 20, 20, 25], [26, 23, 29, 27, 29, 26, 24, 29, 25, 26, 26, 22, 24, 28, 22, 23, 28, 20, 23, 21, 26, 26, 21, 27, 27, 24, 20, 25, 25, 29, 24, 23, 28, 28, 26, 21, 22, 22, 25, 21], [29, 26, 25, 29, 22, 20, 26, 25, 23, 29, 25, 26, 22, 29, 24, 28, 25, 25, 22, 27, 29, 24, 23, 20, 21, 22, 24, 24, 21, 20, 27, 25, 24, 20, 26, 28, 26, 20, 26, 29], [20, 23, 29, 20, 23, 26, 25, 27, 26, 28, 22, 25, 21, 25, 25, 24, 22, 25, 21, 22, 25, 26, 26, 26, 26, 22, 27, 24, 26, 23, 28, 24, 25, 27, 27, 27, 27, 28, 28, 26], [23, 27, 21, 20, 25, 23, 28, 24, 23, 22, 20, 28, 20, 21, 20, 20, 29, 21, 27, 27, 22, 27, 22, 27, 28, 23, 25, 26, 25, 20, 20, 23, 28, 28, 25, 20, 23, 23, 26, 20], [22, 28, 20, 23, 28, 24, 23, 24, 20, 23, 25, 24, 24, 22, 23, 27, 29, 26, 21, 28, 23, 29, 28, 22, 25, 22, 23, 21, 27, 29, 29, 21, 22, 26, 21, 26, 25, 27, 20, 26], [21, 28, 22, 24, 21, 28, 28, 29, 20, 27, 21, 27, 27, 28, 27, 24, 21, 29, 23, 27, 25, 29, 21, 21, 24, 28, 23, 24, 28, 28, 27, 26, 24, 21, 26, 20, 24, 25, 28, 21], [26, 26, 25, 29, 27, 22, 27, 25, 29, 26, 28, 27, 28, 29, 22, 29, 22, 24, 21, 28, 28, 21, 27, 26, 24, 20, 29, 24, 21, 28, 26, 23, 29, 26, 20, 25, 26, 21, 29, 28], [20, 20, 27, 24, 27, 27, 21, 21, 27, 20, 22, 22, 22, 25, 26, 22, 25, 21, 25, 24, 25, 21, 26, 20, 24, 22, 23, 23, 26, 29, 26, 21, 24, 28, 21, 24, 29, 20, 21, 24], [20, 22, 25, 26, 22, 20, 20, 23, 23, 24, 21, 26, 20, 20, 20, 26, 22, 28, 26, 28, 29, 20, 28, 29, 29, 29, 24, 24, 28, 26, 29, 28, 25, 24, 26, 24, 29, 26, 23, 24], [27, 22, 22, 24, 23, 21, 28, 29, 29, 28, 21, 21, 27, 26, 29, 20, 28, 29, 23, 27, 28, 27, 20, 21, 27, 26, 24, 22, 21, 25, 24, 20, 25, 23, 29, 20, 22, 21, 25, 21], [28, 27, 25, 23, 25, 20, 29, 25, 27, 27, 25, 29, 29, 24, 20, 22, 25, 27, 25, 24, 29, 29, 23, 28, 28, 21, 22, 24, 20, 25, 22, 25, 25, 29, 24, 20, 25, 23, 21, 24], [24, 26, 26, 22, 27, 28, 26, 25, 27, 21, 25, 27, 21, 20, 28, 27, 25, 25, 21, 25, 29, 24, 26, 24, 26, 29, 27, 27, 20, 27, 22, 28, 26, 23, 22, 25, 24, 29, 27, 29], [28, 29, 21, 20, 22, 28, 24, 28, 20, 25, 20, 24, 20, 28, 29, 26, 26, 21, 27, 20, 25, 20, 26, 25, 28, 22, 23, 20, 29, 29, 24, 24, 20, 26, 25, 23, 25, 24, 25, 29], [29, 29, 26, 28, 29, 26, 25, 22, 20, 29, 29, 20, 29, 24, 27, 20, 29, 20, 27, 26, 23, 26, 25, 26, 26, 26, 26, 20, 26, 28, 27, 22, 20, 25, 26, 27, 22, 24, 22, 23], [26, 26, 22, 25, 25, 21, 28, 29, 21, 25, 24, 23, 24, 20, 21, 23, 24, 28, 20, 29, 21, 25, 21, 21, 21, 22, 22, 20, 22, 29, 21, 24, 29, 29, 21, 29, 21, 23, 22, 21], [23, 23, 27, 20, 23, 23, 23, 21, 28, 24, 20, 22, 22, 21, 21, 24, 21, 21, 25, 22, 26, 29, 28, 28, 22, 28, 21, 26, 22, 21, 29, 24, 25, 21, 25, 24, 23, 24, 25, 24], [23, 26, 26, 21, 24, 24, 24, 25, 21, 21, 22, 26, 26, 22, 22, 20, 27, 26, 25, 20, 22, 27, 27, 24, 25, 28, 27, 21, 20, 29, 23, 26, 20, 28, 25, 20, 25, 27, 24, 23], [24, 24, 28, 26, 25, 26, 27, 23, 22, 28, 26, 22, 22, 22, 26, 20, 23, 20, 29, 29, 20, 23, 28, 20, 26, 29, 24, 28, 28, 26, 25, 26, 22, 28, 29, 21, 22, 26, 27, 21], [28, 23, 20, 28, 24, 23, 20, 28, 29, 25, 28, 28, 29, 29, 24, 29, 21, 21, 20, 24, 27, 28, 23, 22, 28, 22, 20, 20, 23, 23, 21, 28, 21, 26, 28, 20, 23, 28, 27, 23], [20, 20, 25, 26, 22, 27, 25, 28, 29, 20, 28, 25, 20, 24, 28, 22, 24, 20, 27, 25, 20, 27, 23, 26, 22, 23, 25, 21, 26, 20, 25, 26, 28, 21, 28, 24, 24, 20, 20, 24], [22, 24, 21, 23, 23, 28, 26, 28, 26, 27, 26, 20, 27, 28, 21, 25, 28, 21, 25, 24, 23, 28, 29, 28, 29, 23, 23, 21, 28, 28, 24, 24, 26, 24, 26, 27, 29, 22, 21, 27], [22, 28, 28, 23, 25, 24, 21, 24, 20, 20, 22, 25, 29, 27, 26, 23, 21, 20, 26, 29, 28, 26, 21, 22, 21, 22, 21, 29, 25, 28, 25, 25, 23, 27, 23, 28, 26, 29, 20, 22], [27, 24, 27, 29, 23, 25, 23, 24, 25, 22, 25, 24, 29, 20, 20, 26, 28, 29, 21, 25, 21, 22, 21, 23, 24, 24, 27, 24, 27, 28, 24, 20, 21, 23, 20, 28, 20, 26, 29, 22], [20, 29, 26, 26, 22, 20, 23, 20, 28, 22, 24, 20, 28, 22, 21, 29, 20, 22, 28, 22, 22, 21, 20, 22, 23, 25, 24, 25, 27, 21, 20, 27, 28, 27, 23, 22, 21, 21, 25, 21], [24, 29, 20, 25, 25, 28, 24, 23, 22, 27, 26, 28, 23, 26, 22, 21, 21, 25, 28, 23, 22, 24, 21, 20, 23, 24, 27, 29, 20, 28, 23, 27, 20, 29, 28, 25, 27, 28, 22, 22], [23, 23, 24, 29, 24, 24, 23, 24, 21, 24, 28, 25, 23, 20, 28, 22, 22, 28, 25, 28, 26, 22, 22, 22, 25, 23, 28, 20, 27, 20, 28, 20, 29, 27, 21, 26, 23, 22, 25, 20], [25, 29, 22, 28, 25, 21, 26, 22, 24, 22, 22, 29, 24, 20, 27, 25, 21, 23, 29, 24, 20, 29, 28, 28, 24, 25, 22, 27, 21, 24, 20, 29, 23, 23, 28, 28, 28, 25, 24, 23], [27, 27, 20, 28, 26, 22, 28, 28, 20, 21, 27, 20, 20, 21, 24, 29, 29, 23, 27, 26, 27, 22, 22, 25, 21, 21, 27, 21, 26, 26, 20, 24, 26, 28, 20, 25, 22, 27, 26, 29], [25, 24, 24, 24, 27, 22, 20, 28, 24, 29, 28, 25, 20, 23, 21, 29, 24, 22, 27, 28, 29, 25, 20, 29, 22, 29, 27, 20, 20, 21, 29, 29, 28, 27, 22, 29, 29, 20, 26, 24], [22, 22, 24, 29, 27, 20, 23, 29, 22, 23, 27, 28, 22, 27, 29, 29, 27, 28, 20, 22, 27, 23, 22, 22, 23, 29, 20, 27, 24, 21, 25, 24, 23, 27, 26, 20, 28, 27, 20, 26], [27, 20, 26, 20, 26, 29, 28, 24, 20, 24, 29, 29, 28, 26, 27, 24, 21, 29, 29, 22, 29, 26, 23, 21, 28, 24, 27, 28, 28, 22, 28, 29, 20, 24, 22, 25, 29, 20, 20, 23], [21, 29, 22, 23, 24, 22, 25, 26, 23, 22, 26, 29, 26, 24, 25, 24, 27, 22, 23, 22, 23, 28, 23, 23, 27, 26, 21, 28, 25, 23, 27, 29, 21, 22, 23, 27, 22, 28, 22, 21], [24, 20, 27, 29, 22, 21, 24, 25, 26, 23, 22, 28, 29, 23, 27, 29, 20, 26, 25, 20, 28, 20, 20, 28, 29, 20, 20, 22, 23, 28, 21, 26, 25, 29, 28, 20, 25, 20, 28, 26], [25, 26, 25, 23, 22, 23, 20, 26, 21, 27, 28, 24, 25, 28, 22, 25, 20, 24, 28, 21, 28, 27, 22, 25, 24, 22, 28, 24, 20, 22, 21, 21, 27, 22, 26, 22, 22, 21, 26, 29], [27, 26, 28, 21, 28, 28, 20, 28, 24, 29, 22, 27, 21, 21, 27, 20, 29, 23, 27, 25, 29, 26, 23, 28, 24, 26, 20, 25, 22, 28, 25, 24, 23, 26, 21, 20, 28, 23, 21, 23], [21, 24, 25, 26, 21, 23, 24, 24, 20, 23, 21, 25, 26, 27, 28, 24, 27, 26, 24, 25, 25, 25, 28, 23, 25, 28, 27, 26, 26, 22, 29, 24, 20, 20, 20, 21, 23, 23, 28, 27], [26, 27, 26, 25, 22, 22, 25, 27, 29, 25, 28, 27, 27, 25, 27, 22, 25, 24, 26, 24, 24, 25, 24, 26, 29, 23, 23, 23, 26, 27, 25, 26, 25, 23, 27, 20, 25, 23, 29, 28], [27, 29, 27, 28, 23, 28, 27, 20, 21, 24, 29, 23, 22, 28, 24, 24, 21, 26, 24, 25, 20, 24, 26, 23, 23, 28, 22, 20, 24, 22, 28, 22, 25, 27, 21, 24, 24, 20, 23, 29], [26, 22, 29, 22, 23, 21, 20, 20, 27, 23, 20, 24, 27, 26, 20, 21, 28, 21, 26, 26, 27, 23, 26, 27, 22, 28, 24, 20, 26, 21, 26, 26, 28, 29, 26, 28, 22, 29, 22, 24], [28, 29, 29, 27, 21, 28, 22, 24, 22, 28, 20, 20, 25, 22, 26, 27, 26, 27, 29, 23, 23, 23, 22, 28, 21, 21, 22, 20, 27, 23, 23, 22, 23, 24, 22, 23, 27, 21, 27, 29], [20, 29, 23, 29, 26, 27, 22, 20, 20, 23, 24, 28, 25, 27, 20, 27, 29, 26, 28, 20, 28, 20, 24, 27, 21, 24, 23, 28, 25, 21, 25, 24, 23, 29, 28, 28, 29, 27, 23, 25], [28, 29, 28, 21, 21, 28, 21, 21, 29, 25, 20, 25, 27, 25, 25, 26, 28, 26, 29, 28, 26, 25, 23, 25, 25, 29, 26, 26, 29, 25, 23, 22, 22, 20, 23, 23, 28, 22, 28, 24], [22, 22, 24, 29, 20, 28, 22, 21, 23, 20, 27, 28, 26, 22, 25, 26, 24, 20, 20, 28, 29, 20, 27, 27, 25, 23, 29, 24, 24, 28, 29, 24, 26, 29, 20, 20, 20, 25, 29, 29], [24, 20, 26, 21, 20, 22, 20, 24, 28, 24, 27, 28, 29, 27, 28, 20, 27, 25, 24, 24, 26, 23, 22, 28, 27, 27, 23, 21, 29, 27, 24, 26, 25, 26, 29, 26, 29, 20, 28, 29], [29, 28, 25, 24, 24, 23, 21, 27, 24, 27, 21, 23, 22, 29, 23, 28, 23, 20, 27, 23, 23, 26, 25, 29, 22, 20, 26, 27, 28, 23, 22, 23, 28, 21, 26, 23, 23, 25, 28, 28], [23, 21, 28, 28, 29, 23, 28, 26, 28, 20, 25, 25, 24, 28, 25, 21, 20, 20, 28, 20, 27, 29, 29, 23, 21, 27, 24, 21, 26, 27, 21, 22, 27, 20, 28, 25, 20, 22, 21, 23], [23, 28, 25, 27, 26, 22, 20, 24, 20, 29, 28, 23, 28, 23, 24, 22, 26, 24, 23, 23, 25, 25, 21, 28, 27, 27, 24, 21, 25, 22, 28, 28, 28, 27, 21, 20, 29, 26, 27, 23], [24, 24, 27, 24, 23, 27, 29, 23, 27, 20, 23, 27, 23, 26, 28, 28, 20, 21, 28, 28, 23, 20, 21, 25, 26, 28, 26, 28, 27, 28, 26, 27, 24, 21, 20, 21, 26, 29, 25, 23]]
Inventory holding cost per unit of each product by the end of each period h: 
[[11, 19, 19, 12, 13, 10, 13, 17, 11, 13, 10, 19, 13, 10, 17, 14, 19, 15, 19, 14, 12, 16, 18, 11, 11, 17, 12, 14, 13, 16, 15, 15, 18, 18, 10, 19, 17, 13, 18, 13], [16, 11, 11, 11, 16, 14, 18, 14, 12, 18, 13, 18, 10, 13, 11, 16, 17, 18, 13, 13, 13, 16, 17, 10, 13, 10, 19, 17, 12, 19, 14, 12, 17, 13, 12, 17, 12, 15, 11, 18], [14, 10, 11, 11, 12, 17, 17, 11, 11, 18, 14, 11, 14, 10, 16, 14, 18, 15, 16, 19, 17, 14, 12, 13, 15, 19, 10, 13, 11, 11, 12, 17, 18, 14, 14, 13, 11, 10, 17, 12], [12, 18, 18, 15, 12, 13, 12, 14, 18, 13, 11, 19, 10, 13, 14, 13, 19, 16, 11, 15, 19, 19, 13, 12, 16, 18, 12, 13, 12, 14, 18, 12, 14, 15, 11, 17, 13, 18, 19, 10], [17, 18, 18, 12, 17, 16, 18, 15, 11, 18, 11, 12, 18, 15, 12, 15, 12, 10, 18, 13, 12, 11, 13, 15, 17, 19, 10, 16, 12, 16, 18, 14, 19, 11, 16, 11, 19, 15, 11, 10], [10, 14, 18, 19, 14, 15, 11, 17, 10, 19, 17, 11, 15, 18, 19, 14, 11, 11, 15, 16, 13, 14, 14, 17, 15, 12, 18, 10, 13, 13, 19, 15, 19, 14, 10, 19, 14, 13, 10, 14], [15, 12, 17, 13, 10, 11, 12, 12, 16, 10, 18, 18, 14, 19, 11, 12, 11, 11, 13, 13, 17, 11, 19, 11, 12, 18, 10, 19, 10, 16, 11, 12, 17, 15, 10, 17, 11, 12, 10, 10], [16, 15, 16, 17, 14, 11, 19, 16, 19, 14, 10, 11, 12, 19, 12, 14, 18, 18, 18, 10, 17, 13, 12, 18, 19, 17, 16, 12, 18, 15, 14, 18, 17, 18, 12, 19, 10, 12, 10, 15], [15, 13, 14, 17, 14, 17, 16, 15, 13, 14, 10, 10, 11, 10, 17, 15, 11, 17, 11, 13, 17, 13, 15, 12, 11, 17, 18, 11, 18, 14, 11, 17, 14, 13, 10, 17, 12, 13, 12, 11], [11, 12, 12, 11, 10, 12, 11, 17, 16, 16, 19, 12, 13, 13, 14, 11, 10, 14, 18, 11, 14, 18, 16, 17, 12, 11, 15, 12, 10, 16, 19, 14, 10, 11, 14, 11, 12, 11, 15, 16], [10, 16, 19, 19, 17, 15, 14, 19, 19, 14, 11, 11, 15, 12, 12, 10, 15, 18, 18, 10, 14, 18, 14, 19, 15, 17, 19, 18, 18, 13, 16, 18, 16, 11, 17, 10, 14, 14, 12, 18], [11, 10, 16, 11, 10, 12, 13, 19, 17, 13, 15, 16, 19, 12, 17, 18, 19, 18, 13, 14, 16, 15, 18, 17, 12, 17, 10, 18, 13, 18, 18, 15, 13, 16, 14, 11, 11, 16, 10, 17], [15, 11, 17, 16, 16, 18, 17, 17, 12, 17, 17, 12, 19, 13, 19, 14, 17, 10, 10, 19, 17, 10, 17, 16, 19, 15, 18, 14, 11, 10, 18, 11, 17, 11, 13, 16, 16, 17, 11, 11], [12, 15, 16, 19, 11, 16, 19, 14, 14, 13, 16, 10, 19, 11, 12, 12, 19, 14, 12, 19, 14, 15, 15, 19, 10, 17, 11, 14, 14, 16, 15, 11, 11, 16, 13, 11, 18, 19, 10, 10], [13, 13, 11, 11, 16, 14, 11, 10, 12, 13, 10, 14, 13, 17, 12, 10, 12, 14, 16, 18, 10, 14, 12, 14, 14, 18, 18, 10, 19, 14, 13, 16, 13, 17, 13, 17, 12, 11, 19, 14], [19, 17, 18, 11, 12, 13, 14, 14, 15, 12, 14, 18, 10, 13, 17, 18, 16, 13, 12, 11, 16, 14, 17, 16, 17, 16, 13, 17, 17, 15, 10, 18, 17, 13, 14, 14, 13, 10, 12, 11], [18, 10, 17, 18, 18, 11, 17, 18, 15, 10, 11, 18, 15, 10, 10, 17, 19, 18, 18, 10, 15, 18, 12, 13, 10, 18, 19, 12, 10, 13, 19, 13, 10, 13, 12, 16, 13, 18, 15, 10], [19, 11, 14, 14, 11, 13, 19, 18, 19, 15, 15, 18, 10, 19, 13, 14, 17, 14, 11, 17, 14, 13, 16, 12, 12, 11, 13, 17, 12, 13, 12, 12, 11, 19, 19, 14, 17, 17, 17, 11], [13, 17, 15, 14, 12, 19, 12, 15, 17, 18, 13, 12, 12, 10, 17, 18, 10, 13, 11, 11, 13, 10, 19, 13, 14, 10, 16, 10, 12, 14, 18, 15, 11, 15, 19, 15, 10, 18, 11, 11], [16, 16, 16, 11, 13, 11, 10, 18, 13, 15, 10, 19, 19, 11, 16, 17, 16, 15, 16, 19, 14, 18, 13, 13, 13, 11, 13, 13, 10, 12, 12, 18, 13, 18, 14, 10, 11, 18, 19, 15], [13, 12, 16, 11, 14, 15, 14, 16, 13, 12, 19, 10, 12, 16, 16, 10, 19, 16, 10, 14, 19, 14, 11, 16, 12, 16, 14, 16, 19, 14, 19, 19, 16, 13, 19, 15, 13, 18, 16, 10], [14, 19, 19, 16, 11, 19, 10, 12, 19, 12, 10, 18, 14, 11, 17, 18, 15, 13, 11, 15, 12, 16, 17, 13, 16, 15, 13, 18, 18, 14, 13, 15, 13, 12, 12, 15, 19, 14, 18, 19], [14, 14, 17, 10, 15, 15, 17, 19, 19, 17, 15, 17, 11, 18, 10, 16, 19, 11, 17, 10, 19, 17, 13, 11, 15, 12, 11, 19, 15, 14, 10, 15, 14, 10, 15, 19, 12, 16, 18, 19], [14, 13, 12, 19, 14, 12, 13, 10, 11, 11, 14, 10, 11, 10, 14, 13, 15, 17, 13, 18, 17, 17, 18, 13, 15, 15, 14, 15, 17, 15, 10, 19, 12, 15, 10, 16, 13, 11, 16, 16], [13, 15, 15, 12, 16, 10, 14, 12, 10, 15, 12, 13, 17, 18, 16, 16, 17, 12, 10, 15, 15, 19, 19, 11, 14, 17, 15, 11, 12, 11, 12, 12, 16, 18, 14, 10, 14, 13, 15, 12], [12, 12, 18, 13, 16, 19, 14, 10, 17, 17, 12, 18, 14, 18, 19, 17, 16, 11, 15, 18, 16, 17, 18, 18, 13, 14, 16, 14, 10, 10, 17, 11, 10, 18, 15, 13, 14, 12, 19, 18], [11, 16, 11, 16, 10, 11, 18, 13, 13, 16, 12, 10, 15, 16, 11, 16, 15, 13, 17, 12, 12, 15, 18, 16, 19, 16, 15, 15, 15, 19, 14, 18, 19, 17, 16, 11, 18, 18, 17, 16], [13, 16, 13, 15, 17, 12, 14, 17, 16, 15, 18, 14, 12, 12, 18, 14, 10, 10, 13, 10, 15, 14, 10, 10, 16, 11, 14, 10, 10, 17, 11, 10, 12, 15, 10, 13, 14, 16, 18, 14], [12, 12, 11, 10, 11, 13, 12, 19, 14, 12, 14, 11, 16, 16, 14, 16, 19, 11, 17, 18, 15, 13, 12, 19, 15, 10, 15, 15, 18, 15, 12, 16, 16, 16, 10, 15, 11, 12, 19, 16], [14, 12, 18, 19, 17, 11, 14, 13, 16, 15, 12, 13, 11, 18, 11, 12, 12, 19, 17, 14, 11, 18, 15, 11, 14, 18, 18, 12, 13, 16, 14, 10, 10, 14, 14, 16, 15, 12, 13, 10], [18, 19, 14, 17, 18, 11, 11, 18, 19, 17, 11, 11, 14, 16, 17, 11, 16, 12, 12, 11, 15, 18, 17, 18, 14, 11, 18, 17, 14, 15, 17, 12, 15, 19, 15, 10, 13, 13, 19, 18], [17, 18, 14, 19, 19, 10, 15, 16, 13, 19, 11, 17, 13, 11, 15, 14, 11, 16, 18, 12, 13, 15, 15, 11, 18, 11, 15, 13, 19, 15, 10, 11, 18, 12, 17, 11, 11, 15, 12, 18], [16, 18, 14, 12, 16, 19, 11, 11, 18, 17, 10, 19, 15, 17, 16, 17, 14, 14, 15, 14, 15, 13, 17, 19, 10, 15, 14, 12, 17, 14, 15, 18, 19, 19, 18, 18, 11, 19, 10, 12], [11, 14, 11, 16, 18, 18, 15, 10, 19, 17, 18, 12, 16, 17, 10, 19, 14, 10, 18, 13, 14, 12, 14, 10, 18, 12, 13, 13, 15, 18, 18, 18, 10, 12, 19, 13, 10, 11, 11, 19], [12, 18, 16, 16, 13, 11, 11, 13, 18, 13, 11, 14, 14, 14, 11, 11, 12, 17, 17, 16, 13, 10, 13, 19, 12, 15, 10, 10, 10, 18, 10, 13, 11, 14, 12, 13, 15, 15, 13, 10], [12, 10, 15, 15, 11, 17, 19, 17, 17, 16, 16, 13, 12, 15, 15, 15, 13, 14, 11, 10, 14, 11, 11, 14, 15, 14, 18, 16, 10, 15, 10, 14, 14, 11, 17, 11, 14, 14, 15, 16], [12, 19, 15, 18, 12, 18, 18, 19, 16, 13, 13, 17, 14, 12, 11, 16, 12, 10, 11, 12, 11, 19, 11, 18, 18, 16, 13, 13, 15, 13, 10, 14, 17, 12, 15, 15, 14, 12, 12, 18], [16, 16, 15, 17, 13, 18, 17, 19, 18, 15, 13, 16, 10, 12, 10, 11, 16, 19, 15, 19, 12, 19, 16, 14, 13, 19, 16, 19, 17, 15, 14, 17, 13, 13, 16, 16, 17, 14, 16, 10], [19, 11, 19, 11, 18, 10, 18, 18, 15, 19, 17, 10, 14, 14, 17, 17, 17, 18, 13, 11, 18, 12, 16, 10, 13, 11, 13, 13, 15, 18, 19, 13, 11, 13, 10, 16, 14, 16, 13, 14], [17, 17, 14, 17, 15, 19, 17, 19, 16, 15, 11, 15, 10, 18, 18, 17, 13, 15, 16, 13, 10, 14, 11, 13, 11, 17, 12, 12, 19, 16, 18, 11, 18, 16, 12, 12, 10, 16, 14, 12], [18, 13, 13, 12, 13, 13, 10, 17, 11, 16, 13, 15, 16, 18, 19, 14, 13, 17, 10, 16, 11, 15, 18, 18, 17, 10, 14, 16, 15, 12, 12, 16, 14, 11, 17, 18, 13, 15, 14, 12], [15, 13, 12, 19, 15, 18, 18, 10, 11, 17, 17, 14, 12, 10, 11, 18, 15, 16, 10, 18, 19, 17, 14, 13, 16, 19, 16, 13, 15, 17, 15, 17, 17, 14, 15, 10, 14, 14, 19, 14], [19, 10, 18, 18, 14, 10, 11, 13, 18, 14, 13, 11, 19, 12, 10, 19, 10, 11, 14, 14, 17, 17, 10, 19, 15, 12, 17, 16, 15, 18, 12, 14, 18, 16, 14, 19, 18, 19, 16, 11], [17, 18, 17, 10, 15, 17, 14, 14, 13, 19, 12, 15, 15, 18, 18, 13, 12, 17, 12, 19, 12, 15, 17, 15, 13, 11, 19, 10, 19, 18, 11, 15, 16, 19, 13, 11, 19, 14, 18, 16], [12, 18, 18, 10, 17, 18, 14, 14, 17, 10, 17, 16, 18, 16, 12, 16, 19, 17, 19, 13, 19, 11, 14, 10, 13, 12, 13, 10, 13, 17, 10, 11, 12, 13, 11, 11, 16, 14, 10, 12], [16, 17, 15, 17, 10, 15, 10, 17, 17, 10, 16, 15, 15, 17, 11, 19, 15, 11, 19, 10, 15, 14, 12, 11, 11, 12, 10, 18, 13, 17, 10, 18, 16, 13, 14, 19, 17, 16, 12, 13], [12, 11, 16, 17, 10, 12, 16, 17, 16, 19, 15, 15, 19, 12, 19, 11, 18, 19, 11, 18, 19, 18, 16, 12, 16, 15, 13, 18, 14, 11, 12, 18, 16, 17, 11, 10, 14, 18, 19, 18], [11, 10, 19, 11, 18, 11, 17, 12, 15, 16, 13, 14, 16, 15, 17, 14, 12, 14, 18, 12, 12, 13, 17, 10, 12, 14, 18, 14, 19, 18, 14, 17, 16, 16, 10, 11, 14, 11, 19, 10], [17, 11, 18, 14, 15, 16, 12, 16, 15, 16, 17, 10, 15, 19, 12, 15, 12, 13, 19, 11, 12, 15, 19, 16, 15, 15, 18, 18, 14, 14, 10, 13, 11, 11, 18, 18, 17, 11, 19, 13], [17, 18, 14, 11, 11, 13, 16, 15, 17, 12, 12, 11, 16, 11, 13, 10, 17, 11, 13, 16, 16, 14, 19, 14, 14, 17, 10, 19, 15, 18, 11, 16, 17, 11, 11, 12, 17, 11, 19, 14], [12, 11, 15, 13, 12, 14, 14, 15, 18, 14, 11, 17, 13, 11, 18, 15, 13, 12, 13, 17, 14, 12, 16, 19, 11, 17, 10, 19, 17, 11, 14, 12, 14, 12, 15, 13, 10, 11, 18, 14], [11, 14, 16, 19, 13, 15, 13, 11, 13, 18, 13, 18, 15, 18, 11, 19, 17, 18, 15, 18, 19, 12, 14, 13, 11, 11, 10, 17, 19, 14, 13, 15, 10, 12, 10, 18, 14, 12, 17, 16], [11, 17, 17, 18, 13, 11, 14, 16, 10, 13, 12, 14, 18, 15, 18, 17, 17, 10, 19, 10, 19, 15, 11, 11, 16, 18, 14, 18, 10, 10, 12, 19, 11, 15, 10, 12, 19, 11, 13, 15], [10, 17, 10, 10, 14, 14, 13, 14, 12, 14, 12, 19, 12, 10, 18, 19, 16, 15, 15, 14, 15, 11, 14, 14, 10, 18, 12, 11, 17, 10, 12, 17, 16, 14, 12, 18, 10, 15, 18, 13], [17, 12, 10, 11, 12, 13, 15, 18, 18, 19, 13, 11, 11, 17, 17, 11, 11, 13, 17, 10, 18, 10, 18, 10, 18, 12, 14, 10, 10, 17, 17, 16, 17, 11, 11, 15, 12, 11, 19, 18], [15, 10, 17, 10, 11, 14, 10, 14, 13, 12, 11, 19, 15, 12, 10, 11, 15, 10, 18, 13, 14, 19, 12, 18, 18, 12, 11, 19, 19, 10, 10, 19, 17, 10, 13, 14, 18, 17, 12, 12], [10, 11, 14, 19, 17, 16, 12, 19, 17, 19, 19, 17, 17, 13, 16, 18, 16, 13, 13, 13, 18, 18, 16, 19, 19, 17, 14, 14, 16, 12, 16, 18, 13, 19, 16, 17, 13, 18, 13, 11], [13, 15, 17, 19, 18, 14, 16, 16, 13, 17, 12, 10, 15, 15, 19, 16, 16, 13, 16, 11, 12, 19, 10, 12, 19, 19, 19, 19, 10, 14, 17, 10, 15, 16, 11, 14, 18, 15, 13, 16], [16, 13, 18, 13, 14, 19, 16, 11, 19, 11, 12, 12, 12, 10, 12, 13, 17, 18, 15, 10, 14, 17, 10, 18, 12, 15, 19, 19, 12, 14, 17, 14, 12, 17, 12, 17, 13, 18, 14, 14], [12, 16, 16, 14, 17, 15, 11, 14, 14, 18, 11, 19, 16, 17, 14, 14, 16, 18, 12, 10, 14, 12, 10, 18, 14, 14, 19, 13, 19, 17, 13, 12, 18, 16, 17, 11, 11, 14, 15, 17]]
Demand for each product in each period d: 
[[346, 271, 136, 338, 51, 424, 499, 439, 425, 464, 493, 379, 463, 122, 72, 193, 328, 170, 157, 212, 460, 194, 251, 462, 447, 461, 475, 412, 482, 187, 248, 286, 459, 493, 278, 366, 201, 292, 87, 381], [276, 446, 362, 299, 139, 467, 423, 203, 56, 410, 134, 254, 338, 295, 455, 267, 321, 71, 239, 206, 209, 321, 374, 175, 416, 392, 476, 86, 365, 324, 259, 402, 445, 147, 317, 271, 222, 313, 202, 421], [412, 271, 421, 231, 322, 459, 350, 333, 348, 97, 441, 142, 296, 450, 191, 235, 422, 286, 453, 289, 414, 425, 469, 361, 335, 230, 401, 265, 435, 81, 136, 282, 477, 420, 449, 491, 74, 179, 359, 421], [475, 264, 374, 460, 310, 297, 206, 113, 51, 187, 100, 433, 405, 193, 82, 104, 452, 354, 302, 356, 285, 71, 407, 212, 59, 489, 480, 127, 454, 344, 314, 72, 348, 344, 474, 143, 125, 428, 69, 126], [174, 339, 71, 377, 450, 141, 175, 71, 406, 358, 174, 373, 214, 358, 242, 425, 253, 430, 399, 238, 439, 352, 200, 142, 84, 411, 338, 313, 312, 70, 240, 55, 363, 446, 247, 215, 292, 392, 492, 103], [399, 87, 251, 141, 135, 248, 211, 364, 451, 290, 90, 201, 312, 163, 304, 442, 295, 50, 255, 161, 447, 383, 294, 61, 84, 197, 467, 490, 139, 470, 231, 408, 223, 379, 123, 268, 161, 209, 144, 464], [74, 377, 344, 139, 56, 350, 200, 199, 461, 451, 483, 155, 330, 484, 152, 177, 415, 277, 331, 454, 169, 84, 156, 484, 349, 130, 321, 242, 174, 372, 285, 402, 107, 475, 116, 131, 320, 369, 340, 216], [373, 400, 329, 229, 498, 223, 187, 204, 246, 396, 475, 348, 318, 330, 268, 165, 453, 439, 407, 431, 184, 117, 489, 124, 416, 104, 408, 428, 193, 107, 272, 450, 285, 150, 419, 387, 361, 400, 219, 284], [141, 469, 190, 379, 87, 282, 265, 88, 198, 145, 483, 408, 207, 177, 382, 148, 437, 147, 231, 102, 279, 272, 290, 398, 377, 169, 417, 335, 469, 473, 442, 466, 214, 405, 154, 303, 242, 131, 345, 116], [185, 252, 83, 368, 417, 90, 460, 403, 88, 83, 163, 320, 344, 67, 185, 160, 246, 174, 457, 475, 324, 437, 279, 101, 127, 407, 472, 497, 182, 413, 251, 272, 207, 210, 75, 142, 133, 168, 435, 412], [205, 452, 415, 485, 483, 98, 244, 255, 125, 123, 338, 271, 280, 277, 461, 196, 334, 274, 460, 194, 239, 64, 460, 152, 256, 78, 143, 165, 319, 348, 246, 97, 124, 143, 318, 443, 203, 128, 418, 387], [115, 296, 341, 294, 294, 437, 159, 76, 438, 257, 415, 225, 66, 287, 70, 180, 480, 309, 340, 94, 285, 328, 196, 209, 97, 391, 250, 478, 123, 306, 167, 464, 97, 416, 198, 449, 345, 453, 289, 307], [217, 61, 467, 151, 114, 90, 107, 230, 159, 344, 175, 416, 299, 425, 182, 320, 80, 395, 494, 418, 279, 409, 165, 297, 344, 168, 461, 318, 245, 51, 303, 205, 240, 120, 434, 151, 143, 484, 447, 362], [240, 261, 213, 339, 293, 242, 129, 144, 318, 423, 312, 237, 430, 192, 355, 248, 407, 451, 244, 252, 205, 231, 272, 375, 320, 174, 459, 324, 215, 442, 376, 266, 409, 230, 459, 412, 380, 204, 457, 324], [277, 196, 156, 420, 406, 340, 350, 327, 93, 307, 166, 133, 108, 227, 148, 315, 235, 73, 412, 110, 414, 75, 332, 238, 121, 130, 61, 220, 163, 53, 135, 433, 353, 323, 148, 152, 66, 479, 135, 126], [272, 81, 209, 108, 339, 182, 192, 499, 234, 219, 219, 471, 205, 132, 64, 59, 476, 473, 291, 162, 249, 401, 230, 168, 469, 78, 116, 429, 342, 64, 469, 311, 170, 280, 78, 230, 313, 59, 347, 371], [148, 139, 484, 282, 371, 280, 149, 75, 212, 307, 168, 115, 452, 297, 218, 206, 293, 398, 475, 323, 361, 245, 273, 192, 374, 127, 346, 347, 366, 225, 199, 493, 73, 213, 66, 412, 425, 359, 332, 334], [321, 182, 322, 90, 231, 348, 191, 50, 477, 293, 158, 63, 280, 144, 241, 183, 452, 78, 194, 221, 358, 160, 239, 174, 86, 202, 266, 244, 296, 346, 229, 466, 228, 106, 112, 206, 166, 402, 107, 222], [121, 491, 459, 133, 478, 258, 149, 471, 135, 82, 87, 80, 340, 360, 102, 113, 444, 494, 404, 435, 222, 307, 313, 87, 226, 286, 463, 168, 209, 374, 277, 161, 441, 131, 205, 387, 350, 67, 446, 229], [384, 117, 497, 234, 292, 483, 325, 389, 91, 419, 119, 119, 175, 144, 219, 219, 102, 55, 145, 340, 178, 53, 309, 208, 220, 70, 293, 68, 458, 238, 188, 492, 224, 352, 494, 125, 270, 256, 435, 452], [168, 338, 241, 113, 217, 70, 439, 492, 184, 141, 323, 484, 497, 413, 350, 424, 287, 463, 294, 444, 437, 270, 85, 59, 341, 260, 52, 347, 155, 405, 341, 332, 340, 283, 312, 53, 97, 401, 464, 417], [284, 280, 243, 443, 419, 391, 357, 155, 491, 159, 225, 158, 160, 145, 426, 271, 372, 244, 298, 108, 178, 257, 333, 199, 70, 137, 154, 416, 271, 498, 248, 53, 372, 397, 165, 258, 181, 406, 462, 136], [318, 211, 316, 164, 390, 451, 369, 103, 291, 137, 337, 372, 179, 60, 315, 80, 74, 331, 407, 189, 110, 437, 360, 354, 194, 488, 196, 451, 50, 395, 239, 276, 127, 88, 476, 106, 439, 200, 99, 297], [282, 55, 273, 247, 441, 392, 230, 392, 370, 237, 364, 153, 295, 248, 343, 317, 99, 121, 222, 444, 224, 206, 272, 382, 57, 203, 270, 430, 448, 165, 291, 52, 293, 140, 342, 304, 309, 262, 298, 140], [74, 174, 354, 455, 455, 307, 383, 159, 493, 339, 256, 456, 170, 447, 421, 94, 460, 321, 69, 222, 87, 173, 92, 469, 367, 306, 344, 208, 339, 52, 411, 69, 74, 366, 112, 154, 194, 201, 447, 140], [79, 363, 318, 473, 375, 108, 131, 465, 62, 467, 193, 320, 447, 96, 122, 457, 180, 71, 459, 267, 368, 104, 90, 403, 179, 255, 371, 277, 395, 138, 142, 453, 378, 76, 463, 99, 443, 329, 82, 490], [192, 173, 107, 288, 416, 99, 440, 388, 350, 68, 363, 398, 397, 429, 218, 185, 434, 79, 52, 426, 153, 345, 82, 88, 90, 446, 211, 449, 358, 364, 415, 424, 392, 379, 250, 393, 444, 288, 101, 70], [216, 200, 84, 291, 436, 360, 207, 395, 189, 305, 407, 340, 321, 373, 496, 157, 326, 278, 274, 120, 121, 496, 107, 274, 172, 260, 139, 452, 407, 415, 402, 290, 426, 100, 107, 429, 246, 68, 141, 428], [315, 215, 229, 409, 287, 377, 167, 469, 263, 217, 464, 264, 472, 66, 323, 112, 464, 418, 325, 437, 158, 244, 195, 101, 286, 277, 247, 125, 403, 444, 95, 382, 114, 211, 380, 210, 270, 445, 117, 69], [250, 172, 353, 365, 346, 371, 55, 345, 247, 345, 484, 225, 379, 390, 431, 238, 454, 289, 377, 67, 398, 96, 424, 292, 377, 316, 180, 358, 323, 206, 275, 81, 139, 433, 456, 342, 465, 57, 180, 289], [206, 175, 123, 151, 213, 277, 476, 362, 142, 480, 289, 98, 129, 210, 342, 265, 276, 127, 440, 317, 379, 281, 60, 433, 326, 138, 452, 189, 361, 301, 238, 380, 392, 234, 115, 255, 236, 58, 344, 157], [54, 162, 71, 421, 180, 55, 286, 68, 164, 151, 191, 263, 201, 298, 141, 251, 307, 475, 83, 150, 488, 173, 284, 383, 407, 400, 121, 230, 226, 407, 189, 91, 88, 219, 52, 154, 205, 355, 144, 247], [69, 65, 111, 126, 122, 74, 68, 116, 112, 163, 171, 483, 464, 251, 83, 79, 453, 425, 245, 365, 421, 330, 241, 466, 198, 334, 191, 328, 124, 111, 92, 217, 227, 345, 267, 370, 215, 214, 195, 179], [146, 275, 117, 309, 387, 116, 65, 121, 205, 374, 295, 83, 137, 338, 329, 347, 219, 140, 151, 131, 400, 186, 404, 357, 256, 382, 387, 291, 296, 177, 455, 167, 309, 271, 100, 195, 378, 256, 349, 227], [298, 483, 113, 296, 404, 232, 189, 204, 443, 54, 274, 410, 469, 129, 445, 418, 248, 211, 179, 345, 83, 128, 184, 367, 273, 403, 185, 130, 431, 62, 288, 72, 466, 268, 61, 424, 485, 430, 368, 244], [220, 349, 94, 102, 363, 448, 300, 473, 490, 386, 393, 116, 219, 437, 386, 269, 127, 425, 154, 257, 413, 95, 85, 213, 286, 236, 460, 272, 66, 492, 199, 129, 412, 479, 374, 451, 157, 436, 396, 370], [165, 175, 243, 254, 293, 223, 479, 51, 351, 330, 462, 347, 228, 256, 208, 336, 325, 173, 322, 323, 276, 120, 245, 343, 463, 163, 485, 435, 74, 380, 186, 440, 296, 362, 68, 82, 475, 401, 422, 313], [315, 84, 386, 59, 86, 492, 270, 430, 173, 275, 469, 402, 357, 247, 143, 275, 58, 105, 335, 173, 65, 466, 209, 134, 96, 343, 429, 367, 276, 228, 335, 68, 496, 466, 206, 269, 421, 481, 379, 295], [434, 403, 162, 348, 439, 319, 425, 495, 302, 244, 157, 450, 424, 424, 108, 99, 108, 266, 137, 278, 119, 112, 169, 151, 133, 350, 455, 134, 139, 141, 451, 412, 495, 296, 412, 269, 234, 51, 270, 262], [220, 132, 382, 127, 483, 117, 92, 190, 294, 164, 495, 468, 394, 86, 317, 102, 106, 240, 229, 201, 368, 64, 158, 204, 263, 394, 111, 243, 153, 378, 413, 73, 260, 252, 320, 488, 190, 415, 125, 207], [488, 373, 460, 293, 149, 480, 138, 133, 76, 183, 482, 128, 332, 155, 479, 291, 71, 90, 282, 324, 317, 420, 363, 395, 222, 153, 399, 177, 144, 410, 453, 126, 99, 169, 474, 377, 114, 348, 221, 312], [180, 274, 238, 265, 321, 64, 204, 345, 282, 377, 448, 276, 78, 269, 493, 322, 130, 208, 306, 250, 141, 94, 256, 380, 372, 429, 398, 423, 287, 422, 223, 356, 337, 294, 465, 390, 361, 203, 141, 354], [348, 423, 53, 268, 328, 286, 205, 287, 62, 56, 265, 394, 215, 497, 207, 308, 51, 108, 366, 426, 315, 344, 162, 416, 300, 147, 115, 219, 158, 193, 63, 347, 295, 401, 317, 222, 105, 270, 356, 415], [315, 367, 136, 192, 262, 230, 68, 97, 58, 490, 152, 421, 342, 287, 404, 394, 143, 228, 248, 219, 456, 387, 309, 330, 130, 130, 448, 490, 413, 200, 440, 376, 229, 333, 61, 263, 398, 331, 347, 343], [92, 277, 99, 282, 52, 404, 322, 298, 130, 354, 158, 380, 63, 445, 389, 312, 444, 208, 447, 85, 132, 50, 445, 116, 155, 382, 230, 328, 292, 86, 210, 219, 120, 167, 410, 371, 175, 191, 354, 119], [113, 184, 258, 189, 310, 73, 445, 258, 84, 354, 335, 50, 215, 284, 96, 220, 453, 269, 66, 54, 93, 356, 362, 416, 413, 450, 307, 107, 285, 244, 490, 403, 242, 169, 212, 153, 365, 309, 343, 421], [246, 185, 437, 85, 198, 431, 95, 159, 271, 331, 171, 198, 142, 51, 51, 59, 450, 404, 76, 190, 65, 83, 253, 108, 281, 220, 320, 89, 205, 90, 167, 330, 487, 212, 142, 56, 164, 139, 306, 96], [328, 246, 187, 258, 142, 150, 471, 407, 64, 346, 59, 226, 445, 80, 287, 265, 364, 155, 121, 238, 280, 398, 376, 377, 102, 382, 353, 142, 116, 51, 201, 484, 180, 473, 182, 329, 151, 127, 369, 318], [94, 217, 133, 239, 307, 256, 328, 491, 430, 258, 149, 82, 371, 343, 172, 452, 360, 207, 493, 464, 84, 214, 365, 368, 271, 300, 316, 473, 179, 92, 185, 102, 443, 114, 368, 186, 209, 360, 388, 170], [171, 320, 390, 187, 293, 75, 103, 87, 126, 82, 314, 397, 480, 488, 379, 357, 395, 453, 380, 317, 51, 365, 351, 436, 320, 398, 163, 272, 194, 122, 322, 55, 291, 491, 163, 188, 145, 392, 71, 97], [399, 477, 299, 347, 422, 367, 423, 441, 337, 195, 70, 309, 79, 429, 408, 233, 93, 251, 285, 176, 184, 215, 410, 487, 84, 289, 241, 381, 63, 219, 308, 164, 274, 239, 326, 480, 333, 54, 142, 134], [433, 372, 50, 280, 54, 475, 426, 376, 148, 475, 144, 423, 338, 338, 382, 95, 487, 205, 322, 118, 422, 254, 132, 248, 190, 116, 498, 394, 233, 413, 321, 221, 314, 325, 479, 480, 353, 260, 163, 387], [473, 373, 410, 263, 174, 268, 262, 290, 436, 289, 296, 93, 239, 369, 271, 245, 438, 150, 63, 235, 458, 284, 148, 423, 290, 233, 429, 351, 113, 209, 237, 431, 275, 188, 366, 368, 184, 298, 476, 195], [162, 434, 356, 451, 476, 327, 138, 409, 355, 350, 86, 64, 489, 118, 234, 498, 432, 459, 348, 309, 126, 198, 321, 451, 152, 269, 391, 213, 392, 231, 134, 299, 462, 496, 230, 231, 301, 405, 299, 473], [459, 397, 55, 458, 346, 320, 334, 252, 452, 459, 102, 420, 229, 498, 277, 191, 177, 247, 446, 366, 278, 131, 96, 145, 220, 438, 466, 427, 68, 98, 189, 100, 478, 145, 120, 119, 444, 230, 455, 344], [357, 204, 359, 447, 396, 400, 145, 104, 214, 270, 289, 396, 124, 104, 498, 445, 123, 98, 172, 454, 498, 453, 212, 319, 347, 238, 263, 493, 150, 410, 107, 382, 489, 110, 499, 282, 261, 154, 185, 346], [76, 301, 150, 443, 106, 413, 283, 379, 362, 163, 340, 433, 225, 86, 405, 328, 85, 453, 96, 377, 323, 315, 100, 404, 412, 232, 288, 216, 171, 482, 492, 107, 218, 359, 375, 497, 261, 255, 208, 421], [63, 281, 103, 487, 210, 73, 262, 152, 301, 409, 298, 120, 334, 166, 415, 214, 176, 120, 258, 396, 401, 404, 409, 488, 161, 64, 370, 406, 245, 135, 263, 399, 280, 463, 187, 85, 191, 294, 214, 62], [255, 223, 385, 327, 238, 155, 185, 243, 313, 264, 274, 256, 56, 459, 490, 257, 128, 328, 311, 483, 460, 331, 227, 311, 255, 73, 214, 84, 330, 97, 421, 444, 456, 419, 256, 54, 104, 290, 69, 335], [312, 112, 261, 236, 240, 110, 499, 409, 98, 400, 392, 256, 348, 420, 123, 135, 222, 386, 256, 142, 416, 185, 96, 242, 343, 361, 144, 198, 108, 498, 428, 322, 179, 343, 183, 378, 156, 301, 71, 279]]
Maintenance cost in each period m: 
[11942, 11458, 18428, 16813, 10312, 10377, 13215, 10411, 12594, 7551, 15425, 17676, 7653, 7872, 13448, 9614, 9981, 10673, 5110, 6555, 18770, 18461, 13464, 4827, 14941, 7502, 17484, 16658, 7910, 4000, 19064, 17132, 16390, 14257, 9513, 4253, 5091, 15326, 13799, 14881]
Maximum capacity of the machine cmax: 
24540