Set of periods in the planning horizon T: 
30
Set of products P: 
15
Capacity reduction coefficient alpha: 
0.69
Relative decrease of capacity per set up gamma: 
0.2
Capacity reduction coefficient due to product types beta: 
[0.35, 0.34, 0.38, 0.34, 0.36, 0.29, 0.24, 0.24, 0.33, 0.21, 0.29, 0.29, 0.3, 0.34, 0.26]
Fixed production cost of each product in each period f: 
[[49, 31, 133, 86, 111, 102, 93, 129, 124, 103, 86, 62, 72, 54, 143, 61, 139, 107, 30, 114, 37, 92, 117, 53, 123, 134, 56, 97, 37, 149], [39, 107, 67, 31, 106, 46, 40, 141, 57, 42, 34, 94, 38, 147, 122, 111, 79, 136, 88, 31, 61, 101, 63, 117, 45, 124, 121, 39, 143, 44], [46, 45, 128, 49, 90, 92, 117, 122, 145, 49, 35, 146, 108, 82, 77, 98, 93, 114, 53, 126, 96, 113, 143, 145, 39, 30, 112, 96, 91, 75], [145, 84, 111, 87, 149, 93, 49, 58, 61, 42, 99, 128, 50, 37, 135, 125, 88, 66, 30, 100, 52, 74, 31, 59, 74, 37, 107, 105, 61, 48], [102, 119, 80, 46, 53, 111, 112, 46, 145, 37, 59, 98, 58, 122, 130, 58, 144, 141, 38, 95, 61, 33, 132, 142, 51, 99, 112, 80, 77, 95], [133, 59, 125, 64, 34, 64, 69, 147, 104, 118, 70, 83, 142, 133, 66, 105, 77, 127, 60, 119, 107, 31, 58, 146, 87, 96, 89, 39, 47, 56], [115, 97, 137, 43, 52, 120, 80, 93, 63, 117, 144, 136, 47, 145, 35, 49, 69, 75, 129, 141, 71, 114, 60, 82, 74, 48, 78, 69, 77, 144], [127, 56, 48, 82, 82, 75, 122, 60, 40, 42, 39, 68, 94, 91, 121, 72, 85, 45, 39, 114, 149, 43, 56, 84, 76, 147, 142, 102, 74, 110], [135, 58, 51, 73, 41, 38, 129, 38, 86, 114, 70, 49, 144, 113, 98, 123, 75, 106, 134, 42, 35, 143, 60, 146, 121, 41, 76, 95, 139, 82], [91, 69, 68, 60, 79, 141, 138, 31, 128, 81, 33, 77, 82, 37, 60, 37, 130, 117, 31, 89, 92, 76, 30, 100, 118, 121, 71, 74, 60, 126], [46, 44, 66, 45, 51, 100, 127, 90, 107, 120, 112, 93, 117, 119, 35, 46, 101, 120, 69, 135, 84, 116, 123, 135, 133, 103, 35, 69, 149, 105], [66, 89, 101, 146, 92, 121, 99, 119, 37, 49, 136, 63, 141, 131, 141, 39, 149, 138, 78, 46, 60, 109, 34, 123, 139, 146, 85, 123, 133, 109], [41, 118, 109, 110, 122, 138, 137, 91, 56, 70, 94, 74, 85, 59, 141, 72, 70, 111, 37, 58, 86, 85, 42, 48, 91, 74, 43, 45, 129, 30], [61, 119, 113, 93, 42, 111, 61, 40, 129, 66, 149, 120, 60, 119, 141, 67, 84, 104, 51, 67, 83, 147, 58, 69, 35, 74, 104, 132, 110, 30], [65, 124, 75, 55, 85, 135, 61, 37, 54, 134, 118, 48, 99, 144, 99, 85, 70, 145, 68, 60, 55, 58, 136, 120, 91, 143, 144, 53, 101, 36]]
Variable production cost per unit of each product in each period p: 
[[23, 23, 24, 27, 24, 27, 21, 25, 24, 29, 24, 24, 24, 27, 24, 20, 28, 28, 23, 20, 28, 27, 21, 22, 26, 29, 22, 26, 24, 20], [29, 27, 23, 27, 28, 21, 23, 22, 22, 26, 25, 23, 21, 26, 24, 20, 23, 21, 26, 24, 23, 24, 21, 21, 24, 21, 29, 26, 27, 20], [26, 29, 21, 24, 22, 29, 21, 29, 21, 25, 25, 28, 20, 23, 28, 23, 26, 23, 21, 25, 26, 25, 24, 25, 22, 27, 23, 20, 21, 29], [28, 27, 25, 22, 27, 23, 24, 21, 27, 20, 23, 20, 25, 24, 27, 29, 20, 23, 20, 21, 21, 24, 27, 24, 22, 28, 21, 28, 26, 25], [26, 23, 23, 25, 29, 27, 23, 20, 27, 29, 24, 20, 22, 25, 22, 26, 29, 24, 29, 25, 23, 28, 29, 27, 20, 29, 23, 28, 20, 24], [26, 23, 27, 27, 25, 29, 26, 25, 26, 26, 20, 25, 27, 21, 26, 21, 20, 21, 26, 26, 20, 25, 26, 20, 20, 24, 29, 28, 26, 25], [20, 22, 24, 22, 29, 29, 20, 24, 26, 25, 22, 23, 21, 26, 28, 28, 25, 25, 23, 21, 28, 21, 23, 23, 22, 27, 20, 29, 21, 20], [29, 27, 21, 27, 21, 23, 24, 23, 21, 24, 21, 22, 23, 22, 24, 28, 25, 26, 22, 29, 26, 27, 21, 24, 28, 21, 29, 21, 23, 26], [26, 27, 27, 29, 28, 29, 20, 25, 22, 21, 25, 28, 21, 21, 27, 28, 26, 26, 25, 29, 26, 21, 26, 23, 29, 28, 22, 21, 26, 24], [23, 28, 27, 21, 20, 24, 29, 20, 29, 21, 21, 21, 22, 28, 25, 26, 21, 27, 20, 26, 21, 25, 20, 27, 24, 29, 24, 22, 27, 25], [21, 29, 22, 25, 29, 25, 27, 23, 23, 25, 23, 27, 27, 27, 22, 21, 20, 28, 29, 27, 20, 25, 20, 25, 20, 25, 25, 23, 25, 20], [21, 23, 27, 27, 26, 20, 29, 20, 27, 23, 21, 26, 26, 23, 25, 27, 26, 26, 21, 29, 25, 21, 23, 20, 24, 27, 28, 22, 20, 28], [28, 29, 20, 24, 24, 21, 23, 28, 20, 28, 29, 22, 20, 29, 29, 20, 25, 29, 27, 29, 22, 20, 27, 29, 25, 27, 25, 23, 27, 27], [25, 25, 22, 26, 24, 21, 26, 28, 28, 25, 22, 28, 23, 28, 29, 27, 22, 27, 27, 29, 29, 27, 27, 21, 28, 21, 29, 23, 22, 21], [27, 26, 27, 24, 23, 23, 23, 24, 24, 26, 24, 26, 23, 26, 20, 25, 27, 21, 21, 26, 21, 21, 23, 26, 27, 24, 28, 23, 28, 24]]
Inventory holding cost per unit of each product by the end of each period h: 
[[17, 13, 14, 11, 19, 18, 16, 12, 18, 18, 10, 13, 12, 18, 14, 15, 19, 10, 16, 19, 19, 16, 10, 17, 19, 16, 15, 11, 17, 15], [19, 10, 19, 17, 17, 11, 17, 16, 14, 10, 18, 18, 17, 18, 13, 17, 15, 10, 12, 15, 14, 10, 10, 18, 17, 11, 11, 17, 15, 13], [19, 15, 12, 16, 11, 12, 12, 18, 16, 10, 15, 17, 19, 16, 12, 19, 11, 11, 10, 14, 17, 17, 19, 14, 13, 11, 14, 13, 19, 17], [15, 19, 15, 11, 10, 12, 18, 19, 12, 13, 13, 19, 15, 10, 14, 14, 18, 10, 11, 15, 14, 10, 13, 19, 17, 17, 14, 16, 13, 10], [14, 19, 16, 12, 13, 15, 11, 19, 19, 18, 15, 10, 10, 19, 14, 13, 10, 18, 18, 13, 12, 11, 11, 10, 12, 13, 12, 14, 19, 16], [13, 12, 19, 13, 14, 16, 10, 14, 10, 16, 18, 15, 16, 16, 13, 18, 12, 17, 13, 15, 12, 18, 11, 14, 16, 16, 13, 11, 16, 12], [17, 17, 13, 11, 12, 11, 18, 15, 11, 19, 14, 15, 14, 11, 15, 13, 10, 19, 10, 11, 18, 11, 13, 16, 16, 11, 19, 11, 18, 10], [17, 14, 11, 11, 18, 11, 17, 16, 14, 11, 13, 13, 16, 11, 13, 15, 14, 15, 13, 15, 11, 10, 17, 18, 15, 15, 12, 16, 13, 13], [19, 16, 16, 14, 11, 16, 13, 13, 19, 19, 17, 14, 17, 11, 15, 13, 17, 18, 15, 16, 18, 15, 17, 19, 12, 14, 10, 14, 10, 16], [14, 12, 16, 14, 16, 14, 15, 16, 11, 15, 13, 17, 16, 15, 14, 13, 11, 17, 11, 18, 12, 10, 13, 19, 11, 14, 16, 16, 12, 15], [12, 19, 10, 15, 13, 16, 10, 15, 17, 15, 15, 18, 14, 11, 16, 11, 13, 12, 16, 18, 17, 17, 19, 15, 15, 19, 10, 12, 18, 14], [17, 11, 19, 18, 17, 11, 19, 13, 12, 14, 16, 10, 18, 11, 14, 16, 15, 12, 17, 16, 14, 18, 19, 11, 16, 10, 13, 18, 16, 18], [17, 17, 15, 12, 13, 13, 13, 19, 19, 12, 14, 18, 17, 19, 18, 19, 16, 17, 14, 16, 16, 17, 15, 15, 11, 13, 12, 16, 17, 11], [10, 18, 18, 13, 12, 17, 15, 15, 13, 13, 10, 15, 10, 19, 13, 11, 16, 19, 17, 14, 17, 13, 18, 14, 17, 13, 18, 10, 17, 18], [18, 15, 16, 17, 15, 19, 14, 18, 11, 14, 18, 11, 13, 10, 15, 19, 11, 16, 13, 19, 14, 11, 18, 14, 10, 13, 13, 19, 12, 14]]
Demand for each product in each period d: 
[[7, 24, 18, 39, 16, 43, 26, 7, 14, 41, 25, 18, 46, 11, 27, 14, 5, 48, 9, 21, 49, 40, 5, 42, 22, 32, 46, 32, 13, 22], [34, 36, 9, 34, 40, 43, 45, 21, 17, 21, 34, 35, 33, 23, 20, 7, 11, 49, 11, 16, 22, 8, 18, 23, 38, 45, 38, 7, 27, 47], [13, 17, 28, 16, 25, 15, 20, 24, 40, 18, 34, 5, 28, 32, 28, 46, 7, 48, 43, 28, 32, 34, 6, 14, 16, 13, 30, 19, 8, 27], [48, 6, 31, 13, 38, 46, 34, 6, 12, 48, 6, 42, 39, 45, 49, 10, 24, 48, 21, 40, 47, 44, 16, 18, 20, 18, 33, 18, 19, 14], [32, 10, 40, 21, 36, 48, 15, 30, 22, 25, 40, 34, 12, 48, 11, 21, 21, 27, 31, 42, 19, 28, 21, 23, 44, 15, 33, 40, 42, 8], [36, 45, 19, 21, 42, 49, 45, 13, 14, 40, 48, 8, 18, 27, 9, 43, 11, 44, 44, 5, 47, 14, 22, 19, 23, 17, 21, 13, 45, 15], [8, 7, 17, 10, 34, 28, 27, 46, 13, 39, 27, 16, 39, 14, 27, 18, 23, 17, 32, 43, 33, 5, 24, 23, 11, 21, 31, 15, 13, 15], [38, 8, 16, 5, 20, 49, 27, 30, 11, 22, 6, 49, 43, 25, 42, 15, 18, 23, 6, 42, 14, 37, 44, 20, 16, 36, 20, 40, 11, 28], [23, 8, 5, 45, 40, 35, 8, 45, 17, 35, 13, 21, 35, 40, 33, 33, 32, 15, 37, 39, 39, 15, 31, 12, 47, 16, 12, 24, 48, 43], [31, 19, 46, 44, 16, 18, 26, 27, 10, 42, 43, 37, 29, 24, 41, 9, 37, 49, 22, 7, 16, 32, 27, 37, 13, 49, 23, 49, 49, 19], [35, 35, 44, 24, 18, 36, 6, 39, 16, 5, 15, 6, 5, 24, 12, 14, 24, 39, 42, 16, 14, 19, 7, 20, 15, 6, 32, 49, 36, 32], [49, 35, 26, 11, 24, 13, 6, 13, 38, 9, 8, 15, 46, 44, 7, 26, 23, 33, 5, 9, 6, 27, 8, 39, 5, 38, 12, 37, 30, 40], [6, 7, 48, 44, 32, 35, 15, 31, 44, 29, 8, 12, 19, 44, 43, 31, 25, 31, 33, 12, 12, 15, 48, 16, 37, 43, 15, 24, 20, 6], [35, 38, 30, 17, 20, 46, 17, 34, 7, 36, 40, 20, 39, 10, 43, 49, 47, 26, 10, 8, 32, 10, 49, 49, 28, 27, 15, 45, 39, 10], [23, 32, 7, 42, 37, 15, 39, 22, 44, 16, 40, 37, 29, 20, 23, 11, 30, 32, 23, 27, 39, 40, 36, 34, 19, 10, 7, 32, 7, 39]]
Maintenance cost in each period m: 
[783, 404, 345, 671, 612, 1257, 576, 754, 1136, 1446, 1421, 871, 409, 951, 1498, 952, 401, 403, 729, 1374, 1459, 337, 447, 918, 800, 817, 1224, 1050, 670, 539]
Maximum capacity of the machine cmax: 
705