Set of periods in the planning horizon T: 
30
Set of products P: 
20
Capacity reduction coefficient alpha: 
0.62
Relative decrease of capacity per set up gamma: 
0.35
Capacity reduction coefficient due to product types beta: 
[0.28, 0.33, 0.4, 0.38, 0.39, 0.31, 0.22, 0.26, 0.37, 0.39, 0.29, 0.28, 0.3, 0.27, 0.31, 0.32, 0.21, 0.4, 0.35, 0.28]
Fixed production cost of each product in each period f: 
[[654, 686, 648, 739, 505, 518, 683, 748, 601, 415, 645, 780, 439, 565, 736, 646, 678, 575, 596, 567, 786, 684, 416, 749, 636, 539, 741, 686, 606, 448], [432, 678, 414, 646, 711, 694, 481, 799, 441, 722, 647, 542, 426, 414, 607, 615, 769, 676, 643, 737, 720, 747, 537, 525, 569, 669, 629, 525, 599, 715], [570, 696, 682, 449, 451, 464, 668, 400, 684, 452, 645, 713, 602, 435, 415, 768, 555, 448, 554, 719, 579, 762, 568, 449, 423, 629, 470, 746, 411, 565], [797, 772, 531, 434, 736, 554, 691, 517, 433, 486, 717, 425, 520, 787, 583, 490, 422, 777, 484, 718, 409, 560, 754, 582, 720, 450, 534, 439, 516, 690], [429, 485, 755, 701, 536, 718, 493, 585, 491, 484, 695, 787, 592, 602, 594, 782, 574, 482, 428, 494, 479, 599, 655, 565, 616, 745, 657, 417, 508, 593], [422, 614, 571, 552, 496, 445, 687, 730, 728, 667, 723, 615, 430, 794, 799, 525, 720, 699, 440, 520, 437, 666, 529, 450, 760, 641, 627, 627, 726, 447], [706, 717, 712, 784, 439, 415, 705, 587, 563, 651, 765, 536, 705, 448, 438, 426, 424, 719, 448, 416, 761, 618, 779, 601, 532, 503, 695, 682, 407, 624], [756, 484, 440, 712, 602, 592, 420, 707, 516, 511, 447, 775, 494, 773, 594, 692, 679, 587, 693, 713, 745, 767, 541, 465, 440, 678, 520, 459, 603, 409], [521, 498, 738, 720, 796, 689, 773, 774, 714, 774, 730, 464, 692, 717, 634, 658, 482, 461, 567, 766, 542, 674, 508, 668, 746, 462, 694, 586, 788, 694], [702, 664, 716, 737, 504, 562, 462, 750, 569, 508, 665, 690, 621, 700, 706, 557, 468, 477, 473, 533, 678, 582, 753, 623, 757, 401, 626, 686, 676, 760], [795, 764, 679, 759, 587, 613, 684, 574, 688, 500, 481, 546, 479, 700, 460, 462, 740, 794, 451, 583, 478, 640, 711, 707, 746, 483, 768, 417, 491, 756], [764, 528, 675, 557, 594, 452, 663, 550, 538, 686, 594, 615, 609, 767, 637, 794, 608, 483, 569, 511, 779, 684, 631, 766, 473, 471, 460, 537, 715, 686], [710, 668, 487, 471, 546, 637, 783, 525, 450, 507, 679, 437, 506, 642, 428, 584, 589, 444, 549, 721, 419, 425, 502, 612, 453, 617, 506, 744, 569, 614], [573, 750, 467, 592, 459, 720, 463, 661, 781, 773, 701, 525, 458, 526, 726, 537, 643, 709, 584, 429, 718, 435, 706, 472, 724, 505, 631, 400, 772, 674], [604, 698, 676, 532, 732, 617, 432, 728, 551, 419, 401, 693, 635, 418, 508, 559, 729, 609, 506, 515, 735, 428, 727, 735, 430, 570, 555, 415, 648, 527], [681, 453, 523, 513, 414, 648, 796, 667, 691, 722, 696, 666, 515, 647, 741, 490, 751, 614, 769, 616, 473, 655, 457, 563, 623, 700, 432, 610, 415, 727], [616, 638, 511, 482, 536, 789, 586, 491, 628, 472, 553, 439, 545, 464, 798, 614, 593, 410, 706, 416, 792, 489, 760, 635, 504, 764, 448, 704, 496, 457], [720, 690, 629, 557, 668, 657, 452, 505, 624, 500, 632, 736, 582, 680, 741, 520, 781, 538, 770, 503, 549, 489, 760, 575, 630, 658, 484, 518, 649, 629], [482, 544, 489, 678, 402, 533, 736, 569, 458, 600, 418, 746, 472, 777, 465, 610, 663, 482, 600, 695, 709, 421, 501, 498, 491, 779, 416, 489, 742, 637], [601, 521, 745, 584, 589, 673, 691, 770, 442, 651, 770, 780, 643, 787, 550, 521, 566, 746, 580, 462, 532, 566, 771, 517, 587, 745, 542, 692, 552, 583]]
Variable production cost per unit of each product in each period p: 
[[26, 22, 23, 28, 20, 26, 29, 23, 25, 27, 22, 24, 23, 23, 23, 29, 28, 27, 24, 20, 22, 28, 28, 27, 21, 24, 25, 24, 25, 21], [22, 21, 26, 24, 22, 21, 27, 20, 24, 28, 29, 26, 29, 21, 20, 28, 22, 21, 29, 20, 29, 20, 20, 29, 22, 22, 27, 27, 20, 22], [24, 24, 26, 29, 23, 24, 27, 22, 23, 28, 25, 20, 21, 24, 22, 27, 24, 25, 29, 28, 29, 25, 24, 26, 23, 28, 22, 23, 22, 27], [21, 26, 24, 21, 26, 23, 21, 26, 27, 21, 28, 20, 24, 29, 25, 26, 28, 29, 20, 27, 24, 26, 20, 26, 26, 23, 27, 26, 29, 23], [21, 29, 28, 26, 20, 29, 28, 23, 26, 23, 21, 26, 29, 24, 22, 21, 25, 21, 23, 28, 27, 24, 24, 29, 29, 21, 20, 26, 26, 21], [26, 25, 20, 24, 22, 23, 21, 21, 28, 25, 21, 20, 24, 25, 21, 22, 28, 25, 22, 20, 20, 23, 25, 29, 26, 25, 26, 28, 25, 24], [22, 28, 22, 22, 26, 24, 28, 23, 23, 21, 24, 29, 25, 25, 29, 24, 27, 20, 24, 27, 23, 22, 20, 24, 25, 23, 26, 22, 26, 25], [29, 29, 29, 27, 22, 27, 24, 21, 29, 27, 28, 28, 29, 20, 28, 26, 20, 21, 26, 20, 28, 21, 28, 23, 24, 21, 22, 23, 20, 22], [21, 26, 25, 29, 28, 29, 24, 26, 26, 27, 26, 22, 20, 24, 22, 26, 25, 22, 22, 20, 21, 28, 26, 22, 29, 21, 24, 22, 27, 23], [27, 26, 29, 28, 22, 26, 27, 23, 21, 23, 22, 22, 22, 24, 29, 22, 23, 26, 27, 22, 26, 22, 26, 23, 27, 29, 23, 23, 21, 27], [26, 27, 27, 24, 25, 28, 20, 25, 28, 24, 20, 26, 23, 22, 23, 26, 28, 24, 23, 22, 24, 22, 21, 21, 22, 22, 25, 22, 20, 27], [23, 22, 20, 22, 27, 29, 25, 29, 29, 23, 23, 22, 29, 23, 23, 23, 26, 25, 28, 28, 27, 24, 25, 28, 25, 27, 22, 29, 21, 20], [21, 25, 25, 22, 26, 29, 27, 28, 21, 20, 22, 25, 26, 23, 22, 26, 28, 24, 24, 21, 20, 24, 20, 20, 24, 28, 23, 27, 20, 25], [21, 28, 29, 28, 29, 29, 21, 27, 22, 21, 27, 22, 29, 24, 21, 29, 21, 27, 22, 24, 23, 28, 25, 20, 20, 21, 26, 25, 22, 21], [24, 29, 28, 28, 26, 29, 23, 26, 20, 21, 27, 22, 29, 28, 21, 27, 20, 20, 23, 29, 26, 20, 24, 25, 26, 26, 23, 27, 23, 22], [22, 20, 22, 22, 29, 27, 24, 25, 21, 22, 28, 27, 22, 24, 27, 28, 23, 23, 24, 28, 20, 23, 29, 21, 21, 27, 29, 28, 24, 24], [29, 29, 23, 27, 27, 21, 24, 20, 27, 29, 28, 21, 28, 23, 20, 20, 29, 20, 25, 23, 24, 28, 28, 24, 25, 22, 21, 21, 22, 20], [20, 21, 22, 23, 23, 26, 21, 21, 21, 25, 20, 24, 27, 22, 20, 21, 24, 26, 23, 21, 27, 21, 28, 28, 20, 25, 23, 26, 23, 22], [29, 24, 28, 25, 23, 23, 23, 24, 22, 24, 25, 28, 23, 25, 28, 24, 22, 24, 21, 22, 26, 25, 23, 25, 22, 29, 28, 27, 21, 28], [20, 25, 20, 20, 23, 24, 21, 27, 28, 23, 22, 28, 25, 23, 21, 21, 26, 29, 22, 23, 29, 22, 20, 23, 22, 28, 25, 21, 25, 21]]
Inventory holding cost per unit of each product by the end of each period h: 
[[15, 17, 12, 10, 17, 19, 13, 16, 15, 13, 16, 16, 15, 10, 10, 10, 15, 12, 13, 19, 11, 12, 12, 13, 15, 11, 11, 19, 19, 18], [19, 19, 18, 11, 12, 13, 12, 15, 13, 19, 13, 12, 16, 14, 10, 13, 12, 14, 12, 14, 10, 17, 18, 15, 17, 17, 15, 14, 19, 10], [19, 13, 18, 18, 18, 10, 15, 19, 17, 15, 12, 18, 15, 11, 18, 18, 16, 12, 19, 15, 16, 13, 15, 10, 13, 15, 10, 16, 12, 15], [12, 15, 16, 11, 19, 11, 16, 12, 12, 16, 14, 13, 14, 14, 11, 18, 13, 18, 13, 16, 13, 11, 16, 11, 18, 19, 13, 13, 19, 13], [19, 12, 19, 10, 10, 18, 11, 17, 13, 16, 18, 12, 12, 10, 13, 10, 10, 17, 11, 18, 15, 11, 18, 18, 11, 17, 16, 13, 19, 15], [12, 10, 19, 18, 17, 19, 19, 18, 14, 12, 12, 11, 11, 10, 13, 11, 12, 17, 13, 12, 13, 18, 19, 18, 17, 17, 19, 17, 13, 14], [10, 19, 10, 10, 16, 10, 16, 12, 13, 12, 10, 16, 11, 18, 11, 13, 19, 13, 12, 12, 10, 16, 13, 11, 18, 19, 17, 15, 13, 17], [10, 17, 14, 15, 18, 12, 10, 17, 13, 11, 10, 10, 17, 17, 19, 13, 15, 19, 10, 19, 17, 17, 15, 13, 15, 19, 19, 11, 16, 19], [17, 19, 11, 17, 12, 16, 16, 16, 19, 12, 14, 12, 13, 11, 17, 15, 18, 19, 15, 13, 10, 19, 17, 14, 16, 12, 12, 18, 17, 17], [13, 15, 14, 12, 16, 11, 15, 12, 15, 19, 16, 11, 14, 13, 18, 18, 14, 15, 11, 16, 13, 11, 15, 16, 18, 18, 17, 17, 13, 15], [14, 18, 17, 19, 11, 15, 18, 16, 13, 10, 15, 14, 15, 16, 14, 15, 11, 15, 11, 18, 15, 13, 11, 15, 13, 17, 15, 11, 19, 19], [16, 13, 14, 10, 10, 19, 19, 13, 14, 10, 11, 14, 18, 16, 12, 14, 14, 19, 13, 17, 17, 12, 18, 14, 10, 10, 19, 19, 14, 11], [14, 13, 17, 16, 10, 16, 15, 12, 12, 11, 12, 16, 14, 10, 15, 12, 16, 18, 16, 15, 10, 19, 13, 10, 10, 10, 18, 12, 11, 16], [15, 15, 17, 18, 18, 10, 16, 14, 19, 15, 18, 16, 10, 13, 14, 10, 13, 18, 15, 19, 18, 14, 10, 18, 11, 15, 15, 13, 17, 11], [15, 11, 10, 10, 17, 10, 11, 19, 18, 16, 13, 11, 16, 16, 10, 18, 14, 14, 17, 11, 19, 15, 17, 14, 18, 15, 18, 18, 16, 15], [10, 19, 12, 13, 12, 18, 15, 12, 19, 14, 12, 10, 19, 15, 18, 10, 12, 16, 15, 10, 15, 15, 11, 18, 16, 15, 15, 10, 16, 15], [18, 13, 17, 16, 11, 14, 13, 12, 16, 11, 14, 18, 19, 15, 13, 19, 17, 14, 18, 16, 12, 11, 12, 12, 13, 17, 13, 18, 19, 17], [18, 13, 14, 14, 11, 11, 10, 13, 17, 14, 13, 10, 15, 17, 12, 13, 18, 19, 11, 11, 18, 16, 18, 18, 11, 15, 14, 10, 17, 17], [14, 19, 18, 19, 17, 12, 17, 14, 14, 19, 16, 11, 18, 13, 10, 16, 12, 16, 18, 15, 18, 10, 16, 19, 13, 13, 15, 11, 17, 15], [16, 14, 11, 17, 19, 11, 18, 10, 17, 11, 15, 16, 15, 10, 17, 13, 17, 10, 12, 15, 10, 17, 17, 12, 19, 18, 14, 19, 18, 12]]
Demand for each product in each period d: 
[[28, 39, 39, 27, 25, 39, 18, 45, 21, 44, 31, 48, 8, 46, 38, 45, 14, 14, 49, 1, 16, 49, 11, 36, 49, 18, 19, 43, 3, 49], [29, 27, 42, 32, 30, 40, 23, 47, 8, 45, 16, 22, 22, 36, 42, 14, 18, 6, 13, 5, 39, 5, 47, 23, 15, 41, 9, 2, 18, 0], [22, 10, 18, 30, 39, 17, 1, 46, 12, 30, 22, 24, 36, 0, 11, 10, 33, 45, 5, 47, 31, 49, 38, 32, 4, 3, 10, 49, 44, 44], [37, 15, 21, 42, 29, 8, 43, 46, 24, 30, 44, 40, 43, 24, 15, 18, 30, 33, 7, 20, 25, 8, 40, 36, 48, 11, 6, 26, 28, 45], [41, 24, 34, 5, 31, 43, 12, 41, 15, 34, 2, 6, 10, 41, 49, 36, 16, 31, 5, 2, 4, 23, 42, 15, 20, 7, 15, 41, 8, 3], [20, 47, 13, 16, 46, 30, 18, 17, 40, 32, 44, 0, 12, 0, 26, 43, 45, 28, 1, 11, 32, 29, 32, 46, 31, 37, 2, 40, 15, 18], [14, 47, 8, 25, 11, 45, 35, 11, 6, 32, 35, 40, 26, 21, 46, 22, 12, 47, 30, 2, 4, 40, 9, 20, 28, 11, 26, 45, 8, 10], [15, 36, 37, 8, 39, 25, 37, 18, 16, 0, 27, 13, 30, 19, 0, 39, 26, 46, 30, 15, 34, 48, 34, 0, 18, 33, 22, 25, 45, 21], [7, 5, 10, 13, 25, 17, 38, 28, 8, 40, 38, 18, 8, 30, 40, 17, 32, 4, 9, 0, 15, 6, 21, 38, 4, 7, 42, 30, 13, 9], [37, 43, 44, 1, 23, 48, 43, 8, 49, 7, 0, 1, 15, 32, 33, 7, 1, 47, 22, 17, 19, 7, 25, 45, 21, 31, 19, 45, 4, 24], [7, 20, 45, 33, 42, 25, 30, 23, 17, 48, 3, 26, 13, 21, 18, 33, 13, 21, 35, 36, 16, 42, 10, 34, 37, 9, 41, 32, 1, 15], [30, 27, 9, 42, 27, 36, 9, 41, 39, 5, 6, 16, 37, 16, 34, 7, 34, 27, 8, 7, 17, 18, 39, 35, 47, 8, 2, 44, 16, 2], [30, 39, 14, 45, 49, 13, 36, 0, 47, 24, 35, 26, 43, 25, 32, 25, 26, 20, 35, 19, 5, 49, 29, 10, 29, 22, 27, 3, 46, 36], [21, 18, 5, 14, 11, 29, 28, 17, 25, 24, 11, 20, 39, 39, 39, 6, 4, 12, 44, 38, 43, 8, 11, 17, 41, 26, 36, 39, 32, 20], [9, 7, 22, 25, 28, 0, 49, 26, 34, 34, 7, 39, 30, 3, 13, 46, 17, 31, 39, 8, 36, 40, 7, 47, 32, 36, 17, 41, 46, 41], [2, 12, 9, 16, 42, 23, 8, 39, 10, 7, 39, 49, 41, 27, 25, 22, 43, 23, 44, 11, 11, 33, 24, 40, 19, 22, 10, 38, 5, 46], [15, 34, 23, 38, 32, 45, 42, 48, 40, 6, 32, 0, 33, 40, 34, 1, 35, 2, 17, 27, 6, 0, 41, 29, 24, 36, 49, 7, 35, 11], [4, 41, 43, 5, 31, 24, 4, 40, 39, 33, 19, 26, 38, 2, 13, 40, 28, 3, 19, 14, 1, 25, 22, 26, 5, 49, 1, 49, 17, 40], [17, 36, 22, 49, 45, 0, 9, 7, 22, 40, 18, 2, 44, 41, 45, 46, 39, 12, 8, 9, 0, 13, 35, 46, 11, 4, 36, 30, 22, 3], [28, 42, 1, 48, 0, 24, 30, 36, 7, 38, 23, 22, 34, 38, 4, 38, 27, 0, 8, 41, 49, 4, 22, 7, 6, 13, 23, 8, 46, 45]]
Maintenance cost in each period m: 
[689, 981, 752, 556, 949, 736, 815, 819, 980, 588, 802, 847, 643, 918, 833, 876, 945, 580, 937, 835, 673, 965, 858, 987, 926, 507, 709, 737, 630, 983]
Maximum capacity of the machine cmax: 
900