Set of periods in the planning horizon T: 
60
Set of products P: 
50
Capacity reduction coefficient alpha: 
0.71
Relative decrease of capacity per set up gamma: 
0.28
Capacity reduction coefficient due to product types beta: 
[0.28, 0.27, 0.33, 0.38, 0.31, 0.38, 0.35, 0.28, 0.2, 0.2, 0.33, 0.39, 0.24, 0.4, 0.23, 0.25, 0.38, 0.36, 0.25, 0.25, 0.38, 0.33, 0.39, 0.35, 0.38, 0.26, 0.26, 0.27, 0.28, 0.3, 0.4, 0.38, 0.34, 0.4, 0.36, 0.32, 0.31, 0.31, 0.34, 0.31, 0.37, 0.32, 0.37, 0.2, 0.26, 0.35, 0.34, 0.22, 0.23, 0.35]
Fixed production cost of each product in each period f: 
[[1208, 1293, 2158, 2330, 2357, 715, 1427, 2059, 1316, 2184, 679, 1798, 786, 1573, 1961, 1344, 2457, 1613, 1918, 2667, 1320, 2972, 807, 2295, 1033, 2762, 1614, 685, 2002, 1033, 1869, 1955, 2677, 2022, 2967, 2717, 1877, 997, 1849, 2582, 2546, 1330, 2074, 704, 2702, 2302, 2393, 626, 1962, 1498, 1823, 1526, 2617, 2115, 2231, 2448, 1274, 2593, 1055, 1192], [2924, 2623, 1291, 1839, 1874, 2353, 2640, 1608, 1957, 2610, 2228, 1139, 1771, 1092, 2234, 1474, 1045, 895, 1477, 2027, 1506, 771, 2490, 2647, 765, 2918, 2914, 1118, 2194, 2194, 826, 2644, 929, 2535, 1440, 2686, 2295, 1635, 1433, 2734, 2005, 2409, 725, 2192, 1911, 1555, 1570, 2700, 1103, 996, 1601, 2107, 1471, 2100, 1351, 2948, 2605, 1608, 2817, 1054], [2204, 1131, 1428, 1249, 2628, 704, 1870, 2470, 2489, 1404, 1157, 1357, 1863, 1099, 2576, 2698, 2504, 1363, 2047, 2921, 1326, 1095, 2658, 2407, 2768, 1370, 1976, 1182, 2968, 2721, 1603, 746, 1856, 2165, 973, 2007, 2423, 2003, 1557, 2745, 1885, 1361, 2413, 1884, 2675, 1386, 1083, 1526, 1321, 1955, 2683, 2171, 1241, 2257, 1271, 1053, 1060, 2921, 1827, 1622], [1022, 2368, 2126, 1624, 2284, 1520, 2788, 626, 2067, 2818, 2359, 2542, 1623, 2244, 2210, 2236, 1304, 1635, 1677, 2808, 1737, 979, 2157, 1319, 1205, 854, 1242, 716, 687, 2426, 1736, 1179, 2758, 986, 2798, 1513, 759, 2783, 2703, 953, 880, 1853, 1750, 2899, 1129, 1516, 1073, 1857, 2810, 1708, 2237, 1821, 1351, 1074, 2498, 924, 1804, 2043, 2476, 2204], [2170, 1392, 845, 755, 1693, 2045, 1762, 1266, 1275, 1456, 2979, 1665, 687, 1826, 2942, 2188, 2867, 1687, 1421, 2348, 2615, 1104, 1317, 2202, 1928, 2605, 2306, 2302, 2890, 1249, 2938, 611, 1027, 825, 879, 2243, 1494, 2439, 2520, 1344, 715, 2702, 2949, 1786, 2270, 1839, 898, 1783, 1392, 2287, 1036, 1722, 2234, 763, 1404, 1693, 2183, 2900, 2402, 912], [2549, 2522, 1929, 1165, 1539, 1540, 2113, 1987, 2671, 1923, 2948, 998, 644, 2919, 2268, 2642, 1252, 616, 2334, 1192, 744, 1283, 2688, 1549, 802, 2715, 1287, 1922, 2955, 1324, 1926, 1005, 1328, 2344, 668, 1679, 1841, 2510, 1308, 677, 2429, 2929, 997, 2446, 1471, 2297, 1915, 1892, 2835, 2888, 2724, 1232, 2774, 1575, 2532, 2618, 1650, 904, 741, 2721], [2754, 1208, 1333, 875, 1854, 1703, 1209, 2246, 1013, 1171, 2538, 2724, 961, 2396, 2038, 2064, 924, 2991, 1192, 2251, 921, 1494, 2452, 2200, 658, 632, 2050, 1656, 2934, 2026, 2445, 1905, 1385, 1260, 1677, 2190, 875, 1012, 2612, 2039, 1839, 1208, 883, 962, 1835, 2968, 1900, 1719, 1009, 2699, 2522, 2651, 1656, 1440, 1405, 1523, 1767, 1924, 2913, 1494], [1805, 2413, 2178, 2336, 1487, 2008, 2116, 2702, 1041, 2815, 2717, 1484, 932, 2881, 2361, 1116, 2683, 2868, 629, 2202, 2969, 1274, 2780, 2316, 611, 2547, 2846, 2011, 1073, 2226, 1654, 2867, 2228, 2429, 1838, 1252, 2808, 621, 2432, 2429, 729, 1090, 2355, 1849, 2045, 2565, 1591, 1092, 2426, 1169, 1784, 2729, 2514, 2804, 2653, 1219, 2688, 2694, 804, 877], [2772, 1389, 2366, 1564, 1451, 655, 1597, 2128, 1357, 2554, 1077, 1244, 1888, 2750, 1036, 1563, 2651, 644, 935, 2845, 1851, 1991, 2318, 771, 2103, 1992, 1237, 2604, 1036, 2293, 719, 1698, 2421, 894, 1241, 1178, 2634, 1369, 2938, 651, 2224, 1463, 2157, 1456, 2656, 2749, 1103, 1109, 712, 2166, 2278, 991, 2032, 1342, 829, 2740, 2339, 640, 2297, 2769], [2180, 1500, 962, 716, 1350, 2547, 2111, 1086, 2912, 1809, 826, 899, 2458, 2411, 1558, 2511, 1788, 2549, 2536, 1126, 2303, 874, 2552, 2751, 2636, 2248, 2938, 871, 1815, 2739, 2510, 2412, 2554, 745, 1271, 2374, 1463, 1275, 2926, 851, 970, 2247, 2112, 1191, 2464, 1774, 1111, 1612, 2840, 1617, 1689, 2946, 2831, 2495, 1138, 1338, 2579, 2382, 2953, 2594], [2732, 2841, 2190, 975, 733, 2324, 1829, 2636, 2954, 802, 974, 1580, 1548, 1829, 2060, 2046, 2698, 968, 2172, 2212, 1556, 1084, 1866, 1586, 1526, 2215, 708, 2786, 1448, 854, 2425, 1349, 1038, 601, 1273, 1733, 2487, 1626, 1712, 2490, 659, 2083, 756, 2692, 1181, 2152, 2726, 1180, 2088, 2288, 1400, 1553, 2420, 2489, 2328, 1336, 1146, 1354, 2403, 1128], [1103, 1521, 1230, 1839, 914, 2349, 1650, 1048, 1183, 1125, 2417, 2750, 1072, 2571, 737, 667, 2408, 817, 1535, 2762, 1900, 1630, 1557, 1478, 637, 2696, 710, 1175, 2911, 1905, 798, 2861, 1332, 930, 2712, 1813, 1730, 1636, 2076, 727, 1813, 2570, 952, 2123, 1086, 1521, 624, 1100, 1673, 1539, 686, 2591, 2085, 1466, 2050, 2542, 2581, 2101, 2927, 2954], [2970, 1198, 2836, 1462, 2755, 1267, 991, 1075, 1581, 1340, 1283, 2404, 1701, 2389, 1902, 1495, 1160, 1310, 2086, 2840, 2486, 2806, 1134, 1407, 1628, 2930, 2436, 1318, 1251, 2822, 1573, 944, 2279, 1945, 2299, 2013, 1717, 2160, 1522, 1018, 771, 1028, 2708, 1015, 2359, 2131, 1840, 1806, 2654, 2008, 790, 1349, 1485, 2135, 1529, 2931, 2768, 2643, 2269, 2880], [2375, 889, 2464, 1220, 613, 1056, 2484, 2405, 2753, 998, 1413, 2871, 2915, 630, 2129, 1206, 1497, 713, 1882, 1737, 1443, 2043, 772, 1545, 2306, 2715, 2172, 1396, 2823, 1854, 703, 1838, 1074, 2272, 2663, 2364, 907, 2234, 1657, 1263, 2849, 2321, 2909, 2994, 1532, 960, 752, 1722, 1931, 1230, 960, 2886, 2852, 1819, 1046, 702, 1038, 1997, 1228, 2280], [2800, 1914, 2424, 1855, 1401, 766, 2399, 955, 1913, 2549, 1873, 1185, 1804, 1202, 2941, 2703, 2958, 823, 2369, 2160, 1569, 2296, 2714, 873, 1678, 2558, 1167, 2162, 2021, 849, 2166, 1549, 1050, 2519, 2924, 2777, 925, 2224, 1805, 1222, 1865, 2608, 2378, 1690, 1215, 1392, 823, 1362, 2140, 1975, 647, 2519, 2803, 800, 2305, 623, 1296, 1465, 1393, 1871], [745, 2791, 2911, 2151, 2511, 877, 1399, 1189, 2657, 2866, 1790, 2414, 808, 2614, 1466, 2543, 2524, 1836, 677, 1976, 694, 996, 875, 2830, 1096, 1333, 629, 2931, 1707, 1647, 1266, 2797, 2653, 641, 1018, 2596, 667, 1353, 2830, 2267, 2718, 617, 1769, 2840, 2371, 1915, 936, 1772, 2166, 1365, 2841, 1330, 759, 1313, 1184, 1751, 1723, 1354, 1803, 2843], [2834, 1681, 2674, 2423, 882, 2208, 1268, 1926, 2221, 925, 2565, 1952, 2659, 1345, 929, 2095, 2699, 2412, 1083, 604, 1196, 835, 2967, 983, 2951, 1101, 2492, 2327, 2647, 1633, 1109, 2234, 1261, 1379, 1806, 2710, 765, 1849, 940, 2592, 934, 968, 1532, 2432, 1029, 2409, 1312, 2397, 1974, 2201, 1206, 1177, 2132, 1336, 2295, 1122, 878, 979, 1461, 1370], [759, 1037, 612, 1000, 1793, 2586, 2370, 1487, 2276, 2620, 1400, 2050, 2316, 2167, 1143, 1335, 2598, 1065, 2922, 1530, 2194, 882, 689, 1327, 944, 1857, 910, 2870, 999, 1932, 643, 2793, 1295, 2120, 2414, 891, 2432, 2229, 1997, 717, 1903, 1334, 1927, 2814, 1827, 1541, 2712, 1610, 1981, 707, 1678, 620, 1755, 2387, 2178, 1640, 982, 1500, 708, 2743], [1582, 2222, 1776, 897, 2536, 1311, 2528, 1883, 1435, 2803, 2316, 2482, 1090, 1581, 1044, 1573, 1708, 1813, 2716, 2241, 1644, 935, 1233, 2846, 2066, 1606, 1022, 2917, 2028, 800, 2427, 1329, 2378, 1675, 2475, 2436, 681, 2793, 730, 2288, 2111, 704, 1979, 2574, 2695, 1173, 2156, 1064, 2882, 1188, 2437, 872, 973, 2106, 2176, 1007, 1424, 2782, 1312, 1628], [1261, 1880, 1684, 944, 1944, 890, 2640, 1323, 795, 2672, 1557, 1888, 1919, 1831, 1084, 1056, 1426, 1697, 1872, 1265, 875, 1919, 1732, 1894, 746, 1379, 2304, 2153, 2004, 2405, 2861, 2715, 931, 787, 2711, 2012, 1132, 895, 2588, 2252, 1945, 2285, 1290, 2666, 931, 1050, 2623, 1367, 1691, 690, 2849, 1705, 2995, 988, 2482, 2355, 1086, 925, 2758, 1880], [806, 713, 2951, 1339, 621, 2635, 2529, 648, 2933, 2712, 2072, 1747, 693, 864, 1975, 2566, 906, 2436, 1126, 1572, 1830, 1804, 1612, 881, 1564, 2344, 1818, 1946, 1895, 2181, 1085, 1551, 2235, 2643, 1928, 1551, 2356, 2454, 2329, 676, 2924, 1533, 2444, 689, 926, 1426, 2001, 751, 2858, 713, 1769, 2039, 1935, 1667, 2801, 1557, 2191, 941, 1064, 2593], [1973, 1789, 1287, 2893, 1370, 2269, 2726, 2183, 1002, 606, 1867, 2588, 657, 710, 1732, 662, 2355, 764, 2765, 2498, 2823, 814, 1009, 2897, 1476, 2335, 1635, 1837, 840, 2161, 1475, 2723, 2658, 2771, 2315, 1913, 1504, 713, 1749, 1971, 2038, 765, 938, 742, 2537, 1876, 1270, 1369, 1095, 864, 2782, 2654, 1192, 1756, 2914, 2468, 1662, 2034, 2145, 2480], [2558, 1067, 1380, 1599, 2149, 788, 1623, 2010, 781, 1089, 2555, 842, 1543, 984, 1158, 1554, 2628, 1289, 1711, 2293, 2482, 2780, 753, 2271, 602, 642, 1589, 1667, 2434, 911, 2266, 2533, 754, 2637, 2409, 2880, 1683, 1299, 1902, 1215, 2066, 1719, 2634, 1705, 696, 2372, 1107, 2045, 2999, 2938, 1353, 1822, 2255, 2137, 2383, 830, 1383, 1185, 2256, 1581], [1427, 1859, 1750, 2524, 785, 904, 2898, 984, 2640, 2109, 1563, 898, 1896, 2370, 1550, 941, 1057, 1810, 923, 1952, 2014, 2649, 1784, 956, 1754, 1742, 2725, 2528, 1434, 1710, 1393, 955, 1579, 2668, 1704, 1610, 2080, 2708, 1950, 1854, 2616, 2207, 2277, 1559, 1987, 2803, 2429, 2713, 2779, 2600, 1030, 1024, 2566, 2293, 1535, 2429, 2199, 2425, 2351, 2119], [754, 1076, 1751, 2137, 1553, 1189, 1654, 2607, 2293, 1111, 2074, 2745, 1046, 1218, 1735, 1272, 1725, 2613, 1405, 1001, 1721, 679, 2412, 1573, 1656, 1109, 2078, 923, 934, 2939, 1806, 2315, 1884, 1147, 1562, 2088, 978, 1991, 1603, 1622, 2447, 1957, 2308, 2015, 685, 2432, 1508, 1368, 2082, 1782, 2896, 1880, 2606, 2202, 696, 1715, 1923, 1207, 2233, 2560], [2310, 1539, 2524, 1325, 2764, 2951, 625, 2264, 2745, 710, 2572, 2881, 2365, 1786, 1780, 1658, 937, 2314, 1910, 1713, 1183, 624, 2099, 2113, 2944, 942, 2835, 2327, 1230, 1117, 2624, 1195, 2143, 1351, 2385, 1178, 2802, 2874, 1462, 659, 2484, 610, 2167, 2902, 1288, 1541, 1842, 2136, 650, 1708, 935, 2555, 915, 1823, 2501, 2943, 1635, 2366, 1342, 1569], [2647, 2931, 2452, 1622, 1476, 2101, 2447, 2508, 1197, 1041, 1586, 2742, 2171, 2067, 2418, 1804, 608, 1761, 1767, 1706, 1179, 2082, 831, 2869, 1216, 1055, 1687, 1737, 1107, 1032, 848, 1494, 770, 1726, 2200, 2478, 1099, 1346, 2198, 2249, 2928, 2874, 2627, 1975, 919, 1455, 1266, 1512, 1955, 1142, 2066, 1163, 2569, 1704, 2193, 1074, 1185, 2505, 2145, 2400], [1183, 2132, 2800, 2444, 2374, 1431, 1260, 2608, 1158, 2468, 1495, 722, 2900, 2233, 2921, 1644, 777, 1857, 2792, 2672, 1433, 2174, 2436, 1427, 1226, 2936, 2503, 2272, 2761, 2652, 634, 1689, 2921, 2265, 1410, 2056, 1443, 1431, 1832, 1547, 2266, 2246, 1351, 881, 2657, 1794, 2830, 1547, 1625, 2016, 1605, 832, 702, 725, 1029, 2998, 1431, 691, 1271, 2634], [626, 698, 601, 1118, 1761, 1174, 972, 2218, 2013, 2557, 2917, 2265, 2783, 627, 1924, 1467, 2296, 2096, 750, 1812, 2219, 2190, 1588, 2377, 1278, 2018, 2503, 2865, 990, 1862, 1514, 1515, 2345, 1563, 1714, 2451, 1696, 2950, 1342, 1474, 1323, 1394, 1171, 968, 1798, 1123, 2164, 2889, 1299, 2288, 1320, 976, 1010, 1914, 2940, 632, 2525, 2213, 697, 1000], [1555, 1644, 2041, 2486, 1304, 1906, 1645, 2371, 1109, 1196, 819, 1943, 2632, 1018, 2004, 738, 2619, 635, 858, 1887, 986, 1505, 2770, 756, 2406, 2699, 1116, 1786, 2762, 710, 2061, 1021, 1388, 2319, 2579, 1160, 820, 2738, 2065, 2446, 2194, 2449, 2998, 2121, 1213, 1032, 1130, 2520, 2717, 1834, 2383, 2262, 1789, 1747, 2279, 2630, 1987, 1002, 1061, 1041], [2028, 2684, 1448, 2390, 1351, 808, 1238, 1371, 2901, 2305, 907, 1663, 2427, 1021, 1313, 1790, 1889, 2498, 2890, 1529, 1348, 1706, 1074, 764, 2647, 1091, 2439, 2509, 2311, 2250, 1741, 966, 1155, 637, 2375, 2018, 1931, 613, 1999, 2338, 842, 1009, 1141, 763, 1714, 1682, 2583, 1667, 999, 828, 1246, 2593, 753, 711, 2645, 2673, 2473, 1074, 2981, 2922], [758, 957, 706, 2913, 1897, 1827, 2416, 1472, 2189, 944, 1285, 1359, 2883, 2891, 769, 2282, 1221, 2297, 2840, 2750, 1576, 871, 1994, 1931, 2173, 2549, 930, 671, 696, 970, 2508, 1626, 1206, 810, 1741, 2041, 2670, 800, 2992, 2964, 1943, 1172, 789, 1714, 863, 1502, 2866, 1129, 1605, 2447, 809, 992, 2510, 2121, 2532, 849, 1462, 2140, 2097, 1044], [1478, 1221, 1568, 2421, 2405, 2710, 1215, 1142, 913, 1329, 1300, 2484, 1155, 1268, 2549, 1567, 2450, 1851, 996, 2916, 1628, 2194, 946, 2504, 1586, 1930, 988, 796, 2813, 1145, 1884, 2545, 1925, 1261, 1741, 2231, 2077, 2817, 2575, 2244, 2440, 2920, 840, 2838, 855, 2553, 1332, 2640, 2726, 1785, 2380, 980, 1763, 660, 2615, 2568, 1828, 2684, 1117, 1283], [1979, 1291, 1896, 1716, 1469, 1434, 691, 2977, 1596, 1419, 1462, 1331, 2620, 1009, 928, 1334, 2474, 1787, 1831, 1948, 2593, 1053, 2424, 2641, 1519, 2945, 1915, 2919, 2741, 2298, 1037, 2844, 1746, 850, 1245, 1317, 1288, 2251, 865, 1758, 2880, 2761, 2772, 2870, 2760, 2968, 705, 807, 2517, 1252, 2075, 1659, 2083, 1908, 1341, 981, 1292, 1318, 2368, 1435], [2745, 1165, 2219, 2105, 1729, 823, 703, 883, 2905, 2091, 2969, 2172, 992, 2188, 794, 2989, 1330, 1670, 1518, 1979, 2334, 1403, 2259, 687, 2273, 733, 2604, 2074, 2337, 2496, 2471, 885, 1292, 1414, 1074, 738, 2361, 2537, 1306, 2681, 2341, 1752, 1990, 1315, 2139, 2305, 1861, 1540, 1185, 1370, 1208, 2484, 676, 2253, 2749, 741, 753, 1831, 2078, 1823], [2046, 1599, 721, 1087, 1423, 1245, 945, 2729, 758, 2057, 883, 2428, 2291, 2291, 1227, 2243, 2673, 1881, 986, 2448, 2137, 905, 2325, 2642, 1695, 2575, 2142, 2700, 1021, 2206, 1401, 1913, 1365, 2616, 2397, 2059, 602, 1360, 1750, 2784, 959, 1058, 2046, 1099, 2269, 2376, 2708, 2507, 1884, 2715, 1054, 1036, 2032, 2006, 1902, 2775, 2723, 1423, 1975, 1426], [1375, 2374, 1112, 2771, 2451, 981, 730, 2636, 2205, 2388, 834, 1033, 1602, 2844, 2403, 2083, 1630, 2539, 2604, 2686, 2997, 2556, 2837, 1877, 2788, 741, 1144, 1678, 1775, 2876, 1793, 1918, 2972, 1867, 2935, 2018, 1591, 2233, 2468, 843, 1799, 2830, 1605, 2437, 2966, 2179, 2203, 1459, 2292, 717, 2735, 1638, 1899, 1203, 2668, 2962, 2397, 2547, 1116, 742], [1096, 1446, 2956, 2832, 2593, 893, 2085, 2360, 2337, 1898, 1724, 2237, 1094, 2587, 2145, 1720, 2045, 2950, 1913, 676, 1285, 1288, 843, 1232, 1054, 2823, 904, 2395, 692, 2789, 963, 761, 2908, 1295, 2581, 615, 1592, 1550, 1717, 2699, 2241, 1304, 2441, 1300, 2160, 2218, 1043, 883, 1651, 2106, 1683, 1819, 1836, 786, 1707, 723, 2947, 2824, 2243, 1859], [1801, 1056, 952, 926, 2285, 966, 651, 1733, 2332, 839, 1068, 2651, 1834, 2665, 2727, 2076, 690, 1370, 2876, 1166, 2373, 2265, 910, 2679, 2154, 2097, 1837, 2921, 885, 2385, 909, 1261, 1721, 1861, 774, 1168, 836, 1809, 2822, 2043, 2875, 2226, 1287, 2243, 1336, 2048, 2583, 2959, 1018, 2187, 2064, 617, 2306, 2450, 2384, 850, 662, 2697, 758, 2845], [617, 902, 2180, 2682, 1483, 1038, 1864, 1901, 953, 930, 1960, 1843, 1733, 1793, 1287, 2883, 1303, 2545, 2634, 2647, 750, 2682, 2811, 2792, 1989, 1737, 1248, 2568, 2509, 2086, 1865, 1519, 2723, 2604, 1706, 1255, 2872, 1970, 917, 1580, 1316, 936, 1069, 1318, 1224, 1086, 2806, 2703, 2473, 1221, 2661, 724, 1917, 2115, 908, 2253, 2229, 1582, 2196, 937], [1544, 2533, 2389, 2429, 2968, 2841, 2304, 2036, 2404, 1625, 2171, 2519, 2496, 2778, 1521, 2236, 1640, 2784, 1234, 2281, 2921, 2019, 1916, 2062, 1798, 1615, 2794, 2281, 1154, 1636, 2608, 1985, 1779, 1042, 1615, 1905, 1285, 2303, 2699, 1704, 757, 2308, 829, 1162, 729, 2917, 2472, 2284, 1932, 844, 2889, 2942, 1548, 666, 1948, 1691, 2531, 1821, 1980, 702], [1451, 639, 2819, 1465, 1351, 1912, 1107, 2978, 2397, 712, 1577, 1098, 2664, 1934, 2991, 1078, 2180, 998, 2595, 2189, 1395, 1340, 1598, 1144, 2550, 2807, 1432, 2128, 2058, 1916, 1081, 2497, 2905, 2260, 645, 1458, 1193, 2188, 1687, 2417, 1023, 1328, 1771, 2661, 2612, 2869, 2412, 2413, 618, 1779, 1083, 2813, 1351, 2841, 2673, 2114, 1758, 1265, 1814, 2848], [1138, 1749, 2561, 1090, 2850, 1264, 1230, 2219, 1071, 2576, 2018, 1891, 1359, 2797, 1692, 1168, 2726, 1593, 2058, 2636, 2026, 928, 2420, 1774, 1420, 1852, 1845, 2744, 2230, 1525, 2491, 653, 2100, 1368, 1856, 1754, 2991, 2466, 2916, 2823, 1937, 1642, 1456, 1991, 1504, 1284, 1275, 2570, 915, 962, 2121, 1895, 1609, 2626, 2576, 1530, 2017, 1173, 2442, 1963], [2761, 1941, 1647, 2998, 1974, 1742, 2071, 1023, 2151, 1270, 2633, 1284, 2749, 2452, 1916, 2185, 1734, 2551, 679, 1726, 1156, 2667, 2050, 1006, 1861, 1334, 1853, 1206, 2200, 1218, 1102, 2874, 2133, 2434, 1778, 2605, 888, 1026, 2994, 2616, 2321, 2121, 1607, 2639, 2391, 2442, 1139, 2346, 2356, 2237, 1932, 2304, 2850, 1328, 870, 1644, 2295, 887, 1944, 2434], [2904, 2689, 1429, 1021, 2783, 2022, 2986, 2525, 2846, 1176, 2654, 1840, 1178, 1573, 1977, 1823, 2939, 1098, 1641, 708, 2668, 2072, 1290, 1868, 2107, 2800, 1218, 2770, 2702, 1033, 2224, 2069, 2700, 618, 767, 2249, 2977, 2595, 2757, 2363, 2090, 1763, 1244, 681, 1169, 1280, 1460, 1059, 649, 1849, 2353, 1522, 1098, 1439, 933, 1473, 2869, 1769, 1084, 666], [1387, 967, 875, 2866, 950, 738, 1240, 2243, 1864, 2531, 972, 2524, 936, 1304, 1502, 2979, 768, 1730, 1878, 1909, 2949, 883, 2899, 1245, 2483, 1859, 2749, 770, 1271, 1103, 2434, 725, 916, 1824, 2977, 913, 1817, 1069, 978, 1663, 2021, 1759, 1200, 862, 1621, 2101, 1638, 1343, 2867, 2385, 1921, 779, 1400, 2837, 1694, 2908, 1146, 2850, 1830, 2044], [1300, 2013, 2169, 1899, 1063, 855, 1083, 2594, 2711, 2211, 2927, 2278, 1137, 2660, 2671, 2007, 2117, 1887, 1997, 1005, 2376, 2316, 1145, 1917, 2383, 2667, 775, 989, 1273, 938, 934, 2254, 954, 780, 1234, 1000, 672, 1578, 1548, 1786, 2968, 2714, 2710, 2381, 2764, 2636, 1393, 1828, 1889, 1283, 2957, 1686, 655, 2634, 1434, 2315, 1721, 2692, 1433, 1976], [2776, 2763, 1659, 2513, 858, 1324, 1925, 2610, 1895, 2455, 1401, 820, 2082, 2798, 2101, 1618, 2993, 1546, 2955, 889, 652, 1958, 2358, 626, 723, 2228, 2589, 2058, 2033, 669, 651, 857, 1305, 839, 1670, 2181, 1794, 971, 2686, 2277, 2131, 1633, 1180, 2512, 1238, 2511, 2318, 2915, 2747, 680, 1582, 673, 1417, 921, 2762, 719, 1143, 2738, 1708, 1979], [1203, 2692, 690, 2194, 1973, 1063, 2062, 1527, 1062, 1413, 865, 1457, 1507, 620, 2072, 2659, 1046, 1212, 2957, 1211, 2287, 726, 2147, 1331, 2553, 1809, 2031, 2022, 1794, 2213, 2052, 1429, 2484, 905, 2624, 1259, 2460, 2101, 2556, 2444, 2074, 1414, 2582, 783, 727, 2893, 2749, 2549, 1575, 892, 2465, 1283, 844, 669, 2758, 2758, 2772, 833, 846, 761], [2918, 754, 1051, 867, 2466, 2312, 1310, 1602, 1353, 1813, 757, 2871, 1988, 1642, 1370, 1985, 1473, 2906, 2976, 1789, 2729, 1099, 1785, 2491, 2866, 1566, 2196, 1336, 2467, 978, 2285, 2752, 632, 1111, 2691, 1527, 1781, 1028, 2099, 1628, 1325, 1901, 2997, 871, 1309, 606, 2618, 1299, 711, 732, 2775, 821, 2846, 2567, 2538, 2139, 1696, 1166, 665, 1976]]
Variable production cost per unit of each product in each period p: 
[[24, 29, 29, 24, 22, 29, 23, 26, 25, 23, 24, 20, 29, 24, 24, 27, 24, 27, 23, 22, 21, 25, 24, 21, 20, 28, 23, 20, 26, 29, 27, 23, 25, 28, 21, 25, 27, 24, 21, 22, 27, 24, 23, 22, 24, 23, 24, 21, 29, 26, 24, 20, 20, 20, 28, 23, 22, 24, 28, 25], [22, 26, 20, 21, 21, 28, 27, 28, 20, 20, 20, 27, 25, 28, 22, 24, 22, 22, 22, 20, 29, 26, 22, 28, 26, 29, 27, 24, 29, 25, 27, 22, 27, 29, 22, 28, 28, 26, 22, 22, 26, 27, 22, 21, 29, 25, 28, 23, 27, 22, 28, 24, 20, 28, 21, 25, 22, 20, 20, 29], [25, 27, 22, 28, 26, 27, 24, 20, 28, 24, 25, 23, 28, 29, 26, 25, 29, 23, 27, 25, 22, 29, 26, 20, 27, 21, 27, 29, 28, 29, 29, 21, 28, 22, 25, 27, 22, 26, 29, 24, 20, 20, 23, 24, 23, 28, 26, 26, 24, 24, 24, 28, 25, 22, 21, 21, 22, 22, 27, 21], [24, 22, 23, 28, 21, 28, 20, 21, 22, 20, 20, 23, 24, 24, 26, 28, 20, 28, 24, 21, 27, 27, 22, 21, 22, 29, 26, 29, 21, 29, 26, 28, 29, 29, 22, 20, 25, 24, 28, 22, 25, 24, 21, 28, 21, 21, 21, 21, 27, 26, 27, 23, 23, 22, 24, 23, 22, 26, 22, 23], [23, 29, 29, 21, 29, 20, 25, 28, 24, 24, 29, 25, 26, 29, 28, 24, 27, 21, 28, 25, 28, 22, 28, 29, 28, 22, 25, 23, 28, 26, 26, 28, 24, 22, 25, 29, 23, 22, 25, 20, 21, 20, 22, 20, 26, 23, 28, 20, 24, 27, 29, 28, 22, 25, 22, 20, 26, 26, 22, 23], [22, 26, 27, 26, 20, 25, 22, 29, 29, 23, 20, 27, 29, 20, 20, 27, 21, 26, 26, 29, 25, 24, 29, 20, 24, 22, 23, 20, 29, 27, 27, 20, 24, 25, 26, 27, 26, 29, 25, 24, 20, 23, 27, 28, 23, 24, 26, 25, 23, 26, 24, 24, 26, 21, 25, 24, 28, 23, 20, 22], [27, 25, 24, 21, 26, 25, 21, 25, 21, 22, 24, 26, 29, 20, 28, 24, 24, 23, 28, 22, 28, 24, 27, 25, 22, 29, 23, 28, 20, 21, 23, 27, 29, 27, 26, 22, 23, 22, 26, 28, 25, 25, 28, 21, 20, 20, 26, 25, 28, 29, 26, 21, 29, 29, 24, 23, 26, 22, 29, 28], [23, 21, 29, 26, 22, 22, 29, 20, 20, 24, 20, 22, 27, 22, 20, 29, 20, 20, 28, 28, 21, 23, 26, 22, 20, 22, 28, 22, 26, 20, 23, 22, 24, 20, 21, 29, 23, 28, 28, 29, 25, 28, 24, 23, 25, 20, 22, 27, 22, 28, 20, 23, 24, 21, 26, 25, 21, 24, 20, 20], [24, 28, 25, 29, 28, 24, 22, 27, 26, 22, 28, 20, 21, 29, 23, 25, 29, 25, 21, 27, 28, 29, 20, 25, 27, 21, 27, 28, 23, 22, 25, 26, 26, 23, 28, 28, 21, 23, 29, 25, 23, 20, 24, 25, 24, 20, 22, 21, 25, 24, 23, 20, 20, 20, 25, 20, 27, 27, 22, 25], [28, 27, 24, 26, 25, 20, 26, 27, 22, 28, 24, 24, 25, 28, 20, 28, 26, 27, 22, 27, 21, 29, 29, 27, 26, 25, 23, 29, 22, 20, 27, 27, 24, 27, 26, 28, 29, 26, 26, 24, 23, 27, 21, 29, 20, 27, 21, 28, 29, 27, 26, 28, 25, 21, 26, 23, 20, 21, 28, 27], [25, 20, 29, 25, 24, 21, 27, 24, 26, 20, 20, 23, 21, 22, 23, 28, 21, 20, 24, 25, 27, 28, 23, 21, 25, 26, 25, 22, 26, 26, 29, 25, 28, 28, 24, 27, 29, 28, 23, 29, 21, 28, 27, 29, 29, 29, 23, 21, 22, 24, 28, 21, 26, 23, 24, 29, 29, 27, 28, 25], [29, 22, 29, 26, 26, 27, 24, 20, 25, 24, 26, 23, 26, 28, 25, 21, 20, 26, 26, 20, 28, 23, 25, 24, 28, 21, 26, 27, 28, 28, 24, 29, 24, 21, 22, 23, 28, 29, 27, 27, 23, 27, 22, 23, 24, 22, 22, 24, 28, 24, 25, 22, 26, 24, 23, 21, 20, 22, 26, 27], [21, 26, 28, 26, 26, 21, 27, 26, 20, 23, 25, 24, 27, 25, 29, 24, 20, 26, 26, 28, 21, 25, 23, 28, 29, 24, 20, 25, 23, 20, 25, 22, 25, 27, 29, 21, 25, 20, 29, 25, 21, 28, 24, 23, 24, 26, 20, 29, 24, 23, 25, 27, 29, 26, 26, 27, 26, 26, 27, 28], [26, 24, 24, 25, 24, 29, 23, 22, 27, 25, 20, 20, 26, 22, 29, 28, 24, 25, 26, 22, 29, 27, 22, 25, 21, 21, 26, 22, 21, 26, 23, 22, 24, 25, 22, 27, 22, 27, 26, 20, 28, 28, 23, 25, 23, 20, 24, 26, 24, 26, 26, 25, 23, 21, 27, 29, 22, 28, 23, 26], [26, 26, 26, 24, 21, 20, 22, 27, 29, 23, 22, 29, 23, 20, 25, 24, 21, 29, 23, 21, 24, 25, 25, 27, 26, 26, 27, 29, 25, 20, 27, 20, 27, 25, 29, 29, 21, 23, 26, 23, 29, 29, 26, 23, 29, 23, 26, 26, 28, 20, 26, 26, 23, 28, 23, 25, 25, 22, 23, 21], [20, 20, 21, 27, 25, 26, 23, 29, 24, 26, 26, 29, 27, 28, 22, 29, 24, 21, 20, 20, 28, 24, 21, 29, 24, 29, 21, 29, 24, 21, 23, 21, 28, 20, 28, 21, 27, 25, 27, 28, 22, 20, 22, 21, 29, 27, 20, 27, 22, 22, 26, 20, 28, 23, 29, 29, 27, 24, 27, 26], [29, 20, 26, 22, 29, 29, 24, 20, 20, 22, 24, 26, 23, 24, 27, 28, 29, 23, 27, 21, 20, 28, 27, 24, 24, 24, 21, 24, 25, 21, 24, 26, 24, 22, 27, 29, 26, 20, 28, 26, 25, 21, 26, 20, 23, 24, 23, 22, 22, 24, 20, 25, 21, 23, 24, 20, 20, 29, 28, 27], [24, 24, 28, 22, 23, 26, 20, 28, 21, 20, 29, 23, 25, 27, 25, 28, 24, 26, 27, 29, 26, 26, 27, 24, 21, 26, 22, 23, 27, 20, 25, 29, 28, 28, 21, 22, 26, 27, 29, 27, 25, 28, 25, 21, 20, 25, 22, 22, 28, 25, 28, 21, 28, 29, 25, 24, 26, 29, 26, 25], [25, 26, 21, 25, 29, 20, 28, 29, 27, 28, 23, 26, 20, 24, 20, 27, 22, 29, 25, 20, 22, 28, 23, 22, 24, 26, 20, 26, 24, 24, 25, 24, 23, 25, 29, 20, 24, 20, 26, 21, 23, 22, 25, 25, 24, 23, 27, 21, 29, 27, 20, 29, 21, 24, 24, 21, 24, 26, 27, 25], [21, 29, 26, 23, 24, 24, 26, 20, 21, 28, 20, 20, 23, 27, 20, 23, 23, 23, 22, 27, 24, 28, 22, 20, 23, 29, 20, 24, 26, 20, 21, 21, 21, 26, 25, 23, 20, 22, 25, 26, 21, 20, 21, 23, 25, 23, 28, 27, 24, 24, 27, 23, 27, 25, 23, 29, 26, 28, 22, 22], [20, 28, 28, 23, 20, 26, 21, 23, 24, 24, 24, 26, 24, 24, 21, 22, 22, 25, 22, 20, 20, 26, 22, 23, 22, 21, 20, 21, 21, 23, 25, 25, 28, 26, 25, 23, 28, 24, 21, 23, 24, 22, 29, 27, 27, 21, 29, 25, 26, 27, 29, 20, 21, 23, 26, 28, 20, 24, 22, 21], [22, 28, 24, 22, 22, 21, 23, 24, 22, 22, 29, 22, 21, 26, 21, 24, 21, 24, 25, 22, 21, 29, 28, 22, 25, 25, 24, 22, 27, 26, 29, 21, 23, 26, 20, 28, 26, 23, 24, 23, 20, 22, 26, 26, 22, 23, 21, 26, 26, 24, 22, 26, 21, 22, 29, 21, 23, 25, 27, 26], [21, 29, 21, 20, 28, 21, 25, 28, 29, 23, 23, 28, 26, 26, 22, 29, 29, 29, 29, 24, 25, 21, 27, 22, 23, 23, 21, 22, 25, 29, 24, 24, 22, 27, 22, 23, 24, 25, 20, 24, 26, 28, 29, 25, 26, 26, 23, 21, 27, 21, 28, 24, 22, 26, 21, 25, 21, 24, 23, 24], [20, 21, 22, 25, 20, 24, 20, 29, 21, 21, 29, 26, 22, 25, 29, 23, 22, 24, 20, 25, 23, 29, 26, 22, 21, 21, 20, 23, 20, 21, 20, 29, 25, 28, 23, 25, 24, 29, 26, 25, 22, 24, 20, 25, 24, 28, 22, 25, 28, 20, 20, 20, 27, 23, 21, 23, 28, 28, 21, 28], [25, 23, 21, 26, 23, 22, 23, 22, 28, 29, 26, 21, 28, 29, 20, 22, 22, 22, 22, 23, 21, 26, 27, 28, 29, 25, 26, 25, 28, 26, 20, 21, 21, 26, 21, 27, 29, 24, 29, 22, 29, 22, 22, 20, 26, 26, 20, 23, 28, 23, 29, 29, 25, 20, 21, 21, 29, 28, 23, 20], [29, 29, 24, 29, 21, 26, 24, 27, 28, 20, 20, 20, 20, 24, 24, 20, 23, 27, 20, 29, 28, 22, 24, 21, 22, 23, 22, 29, 21, 22, 21, 27, 29, 25, 28, 21, 28, 29, 24, 22, 24, 27, 27, 27, 25, 24, 28, 29, 27, 22, 20, 25, 29, 28, 25, 27, 21, 25, 21, 27], [25, 23, 29, 20, 21, 24, 20, 27, 23, 24, 23, 29, 20, 24, 24, 23, 27, 26, 27, 24, 24, 21, 20, 25, 28, 27, 21, 24, 23, 20, 22, 28, 28, 23, 20, 26, 29, 26, 27, 28, 26, 21, 21, 24, 23, 24, 20, 28, 23, 20, 27, 29, 23, 20, 28, 27, 25, 29, 22, 20], [25, 25, 27, 23, 28, 24, 23, 25, 28, 23, 25, 27, 24, 28, 27, 21, 20, 21, 20, 21, 20, 26, 29, 28, 20, 26, 27, 27, 21, 27, 23, 27, 29, 24, 29, 29, 22, 22, 21, 24, 29, 22, 27, 27, 20, 29, 20, 27, 26, 22, 23, 27, 24, 24, 27, 28, 21, 21, 21, 27], [27, 22, 22, 23, 29, 20, 25, 21, 23, 25, 22, 22, 28, 29, 27, 23, 26, 21, 20, 29, 22, 21, 22, 24, 25, 20, 23, 27, 23, 23, 22, 29, 26, 25, 22, 27, 20, 26, 27, 28, 28, 21, 27, 26, 22, 26, 28, 20, 27, 20, 26, 23, 23, 26, 25, 20, 29, 26, 22, 22], [27, 25, 27, 20, 28, 27, 21, 26, 20, 27, 23, 23, 27, 20, 29, 21, 27, 28, 27, 28, 22, 21, 27, 29, 24, 25, 29, 24, 27, 20, 29, 27, 29, 29, 22, 24, 28, 23, 23, 29, 29, 26, 25, 21, 26, 22, 26, 28, 27, 20, 26, 27, 29, 21, 21, 25, 23, 23, 23, 21], [21, 25, 22, 28, 27, 21, 22, 21, 20, 28, 29, 21, 20, 27, 27, 26, 21, 27, 28, 23, 29, 22, 29, 22, 23, 22, 25, 23, 25, 28, 22, 22, 25, 26, 28, 26, 24, 20, 27, 28, 21, 28, 26, 27, 28, 24, 24, 22, 20, 23, 26, 25, 28, 22, 22, 20, 28, 20, 20, 22], [29, 21, 27, 28, 25, 23, 27, 21, 25, 22, 29, 21, 23, 20, 24, 26, 20, 27, 24, 25, 25, 27, 29, 27, 29, 23, 23, 25, 20, 25, 22, 21, 29, 26, 28, 26, 25, 20, 27, 22, 24, 26, 21, 29, 27, 26, 28, 27, 23, 22, 26, 29, 20, 24, 23, 21, 21, 20, 24, 28], [23, 28, 26, 24, 29, 26, 25, 28, 29, 24, 28, 23, 20, 24, 22, 21, 24, 27, 26, 29, 27, 20, 28, 29, 22, 23, 26, 22, 22, 20, 25, 26, 28, 20, 26, 24, 20, 27, 22, 21, 28, 27, 27, 21, 29, 22, 24, 27, 25, 27, 22, 27, 27, 28, 27, 20, 20, 28, 25, 26], [27, 23, 20, 20, 26, 26, 26, 21, 27, 20, 23, 20, 21, 24, 22, 28, 20, 28, 28, 20, 20, 25, 27, 22, 26, 22, 28, 21, 21, 26, 23, 28, 28, 25, 28, 29, 29, 22, 23, 25, 22, 27, 21, 22, 24, 21, 20, 24, 29, 22, 21, 27, 26, 25, 26, 25, 23, 28, 26, 25], [22, 26, 20, 24, 23, 21, 21, 26, 24, 21, 20, 22, 21, 25, 27, 24, 20, 28, 27, 25, 29, 27, 23, 22, 26, 20, 23, 29, 24, 24, 27, 29, 28, 25, 20, 23, 26, 25, 25, 27, 21, 25, 23, 23, 23, 21, 22, 21, 27, 24, 20, 25, 25, 27, 22, 20, 21, 21, 22, 28], [21, 23, 28, 27, 28, 24, 24, 28, 23, 20, 23, 26, 23, 27, 24, 23, 23, 23, 27, 28, 20, 25, 27, 29, 22, 21, 26, 24, 22, 29, 21, 21, 29, 24, 26, 24, 28, 21, 23, 28, 23, 20, 21, 25, 27, 29, 27, 25, 25, 26, 27, 20, 28, 28, 25, 28, 23, 20, 28, 25], [21, 24, 22, 24, 20, 20, 23, 22, 26, 25, 27, 29, 28, 27, 26, 20, 23, 29, 21, 23, 24, 26, 21, 28, 29, 22, 29, 26, 21, 27, 26, 24, 21, 26, 24, 25, 28, 21, 26, 25, 26, 28, 29, 28, 25, 29, 23, 24, 20, 24, 22, 22, 26, 21, 22, 22, 29, 25, 25, 20], [26, 29, 24, 24, 23, 25, 21, 22, 26, 21, 27, 21, 20, 22, 25, 23, 21, 25, 29, 22, 27, 22, 27, 26, 23, 28, 22, 22, 25, 21, 28, 24, 26, 24, 28, 25, 25, 29, 24, 22, 27, 28, 27, 27, 24, 21, 29, 28, 28, 21, 25, 28, 26, 27, 28, 29, 29, 22, 23, 20], [20, 29, 27, 22, 21, 26, 25, 24, 25, 25, 23, 24, 28, 20, 21, 25, 28, 25, 23, 21, 20, 25, 29, 23, 22, 27, 24, 23, 26, 26, 26, 23, 25, 27, 20, 21, 24, 23, 22, 24, 26, 21, 20, 25, 21, 27, 22, 21, 24, 20, 26, 24, 28, 29, 24, 21, 22, 27, 28, 24], [27, 23, 29, 25, 22, 26, 29, 20, 27, 29, 28, 21, 20, 28, 29, 24, 23, 21, 28, 26, 20, 27, 26, 25, 23, 21, 28, 23, 23, 21, 29, 24, 25, 22, 20, 27, 20, 26, 23, 28, 21, 24, 28, 28, 27, 26, 24, 24, 28, 28, 26, 26, 23, 26, 25, 23, 25, 21, 26, 22], [21, 23, 20, 27, 25, 26, 28, 28, 29, 24, 24, 28, 25, 25, 25, 26, 23, 27, 25, 28, 29, 20, 26, 23, 26, 29, 22, 20, 28, 28, 28, 28, 28, 20, 29, 21, 21, 23, 20, 24, 28, 21, 27, 26, 27, 24, 21, 27, 28, 25, 29, 21, 29, 27, 22, 21, 26, 24, 27, 21], [27, 24, 27, 24, 20, 21, 28, 28, 21, 28, 26, 27, 27, 22, 24, 24, 23, 22, 23, 27, 29, 23, 24, 21, 25, 29, 27, 23, 25, 27, 29, 28, 28, 27, 27, 20, 29, 26, 27, 25, 20, 24, 26, 26, 27, 24, 21, 27, 21, 26, 22, 20, 20, 28, 27, 27, 27, 23, 23, 23], [29, 29, 28, 25, 29, 28, 24, 29, 29, 20, 22, 27, 29, 26, 22, 21, 28, 21, 25, 27, 27, 28, 23, 22, 24, 26, 28, 24, 27, 21, 28, 20, 22, 20, 23, 28, 20, 25, 26, 20, 28, 21, 25, 22, 25, 20, 23, 29, 26, 29, 24, 22, 21, 26, 25, 23, 27, 23, 26, 29], [20, 28, 28, 22, 25, 24, 23, 28, 29, 29, 20, 26, 22, 25, 26, 26, 27, 22, 25, 23, 22, 25, 27, 24, 23, 20, 26, 23, 26, 20, 20, 24, 20, 27, 26, 21, 26, 23, 29, 21, 29, 27, 26, 22, 28, 27, 27, 22, 29, 27, 23, 20, 21, 23, 28, 20, 29, 25, 28, 29], [29, 21, 26, 22, 26, 28, 27, 21, 29, 24, 26, 28, 22, 21, 23, 21, 28, 21, 25, 24, 28, 23, 25, 24, 23, 21, 28, 26, 26, 29, 20, 27, 26, 27, 24, 21, 26, 26, 20, 26, 25, 28, 24, 20, 20, 20, 26, 21, 20, 29, 28, 26, 25, 28, 23, 26, 25, 23, 27, 29], [25, 23, 24, 22, 20, 22, 24, 23, 23, 26, 27, 25, 24, 24, 25, 20, 24, 27, 27, 28, 21, 27, 20, 24, 20, 23, 20, 27, 20, 22, 29, 20, 29, 22, 23, 23, 27, 25, 29, 29, 29, 26, 27, 23, 29, 23, 24, 21, 20, 20, 25, 24, 26, 25, 24, 23, 28, 23, 29, 26], [27, 27, 23, 26, 24, 28, 28, 22, 26, 25, 29, 26, 29, 27, 26, 27, 29, 22, 26, 23, 29, 28, 23, 23, 24, 21, 26, 26, 21, 29, 28, 27, 23, 23, 23, 25, 24, 29, 26, 20, 29, 26, 27, 22, 21, 20, 22, 24, 20, 20, 25, 21, 28, 26, 29, 25, 23, 27, 24, 25], [26, 21, 22, 24, 24, 24, 21, 27, 28, 27, 21, 24, 21, 21, 21, 21, 23, 24, 29, 23, 25, 24, 25, 21, 22, 22, 21, 23, 20, 23, 23, 22, 27, 22, 29, 22, 28, 29, 22, 23, 29, 23, 22, 26, 24, 27, 21, 29, 20, 21, 24, 29, 22, 29, 21, 26, 26, 24, 20, 24], [29, 26, 22, 21, 25, 22, 20, 24, 27, 29, 29, 29, 26, 23, 25, 21, 29, 24, 27, 20, 21, 24, 29, 29, 21, 22, 24, 23, 23, 28, 25, 29, 23, 20, 29, 27, 21, 22, 22, 29, 20, 23, 29, 21, 27, 24, 25, 20, 28, 29, 26, 23, 20, 25, 25, 24, 29, 29, 29, 27], [27, 21, 29, 27, 22, 21, 25, 27, 27, 20, 23, 25, 26, 27, 21, 20, 20, 23, 20, 26, 24, 29, 26, 20, 23, 20, 20, 25, 29, 22, 27, 21, 23, 22, 26, 24, 28, 23, 26, 20, 27, 24, 20, 23, 21, 23, 23, 20, 28, 27, 25, 24, 26, 24, 28, 26, 27, 23, 26, 27]]
Inventory holding cost per unit of each product by the end of each period h: 
[[16, 19, 19, 19, 18, 14, 19, 11, 12, 11, 15, 19, 14, 14, 13, 12, 12, 18, 19, 16, 15, 14, 14, 10, 12, 15, 16, 15, 18, 10, 11, 12, 18, 14, 14, 11, 12, 16, 11, 19, 18, 17, 15, 18, 12, 10, 17, 11, 10, 19, 18, 11, 11, 15, 14, 15, 10, 17, 10, 15], [10, 13, 19, 14, 14, 15, 19, 13, 16, 10, 14, 15, 11, 13, 13, 10, 11, 15, 12, 19, 12, 19, 15, 19, 12, 12, 15, 16, 13, 19, 10, 18, 11, 18, 17, 18, 10, 12, 14, 18, 12, 13, 16, 18, 19, 10, 13, 11, 18, 12, 16, 16, 14, 13, 18, 14, 18, 19, 18, 11], [16, 10, 16, 13, 14, 18, 12, 14, 17, 12, 18, 19, 16, 13, 19, 16, 10, 10, 18, 16, 18, 15, 19, 14, 15, 13, 12, 15, 19, 10, 15, 14, 14, 10, 11, 12, 12, 12, 18, 11, 10, 17, 16, 15, 18, 12, 16, 13, 10, 11, 14, 11, 17, 11, 13, 14, 15, 12, 14, 13], [19, 14, 14, 16, 18, 11, 16, 12, 12, 17, 19, 17, 13, 19, 13, 17, 16, 10, 11, 12, 18, 19, 15, 15, 16, 16, 14, 18, 13, 11, 17, 17, 18, 14, 15, 17, 14, 17, 19, 13, 14, 15, 18, 11, 12, 15, 16, 16, 12, 16, 12, 18, 10, 18, 15, 13, 18, 11, 10, 18], [11, 16, 19, 17, 10, 19, 16, 14, 19, 17, 18, 10, 10, 14, 17, 15, 19, 14, 10, 11, 19, 14, 19, 12, 17, 10, 16, 10, 18, 16, 17, 15, 17, 11, 14, 10, 16, 10, 15, 18, 15, 18, 10, 10, 12, 14, 16, 14, 14, 16, 10, 18, 12, 17, 17, 11, 12, 15, 10, 11], [16, 11, 11, 18, 10, 16, 12, 10, 13, 18, 16, 11, 10, 19, 10, 16, 17, 12, 17, 12, 19, 17, 16, 14, 11, 14, 14, 10, 18, 15, 16, 12, 17, 15, 16, 12, 19, 19, 11, 11, 13, 18, 19, 19, 19, 11, 16, 10, 17, 15, 10, 11, 11, 19, 19, 13, 12, 12, 15, 10], [16, 11, 16, 16, 13, 12, 13, 15, 17, 12, 12, 12, 16, 18, 13, 15, 19, 11, 11, 15, 18, 12, 12, 10, 19, 15, 12, 18, 18, 10, 19, 10, 12, 15, 12, 16, 10, 15, 15, 15, 19, 15, 10, 17, 17, 15, 14, 19, 11, 19, 11, 18, 15, 19, 18, 12, 16, 12, 14, 14], [11, 14, 10, 18, 15, 13, 13, 10, 14, 17, 13, 19, 19, 15, 16, 17, 11, 15, 11, 13, 14, 12, 17, 19, 19, 14, 11, 13, 11, 16, 19, 11, 17, 19, 19, 13, 10, 14, 12, 17, 13, 10, 16, 13, 15, 16, 12, 18, 18, 14, 13, 16, 15, 16, 17, 11, 12, 14, 17, 11], [14, 12, 11, 16, 15, 16, 14, 19, 14, 19, 12, 12, 16, 17, 12, 10, 11, 17, 14, 18, 15, 18, 19, 10, 19, 10, 12, 13, 12, 13, 11, 19, 18, 14, 12, 14, 16, 16, 15, 18, 10, 14, 19, 11, 18, 19, 19, 10, 13, 12, 16, 14, 14, 17, 12, 18, 10, 18, 17, 12], [17, 10, 16, 14, 11, 14, 12, 12, 18, 13, 11, 18, 16, 14, 10, 18, 13, 14, 16, 12, 15, 12, 17, 11, 16, 16, 17, 12, 18, 19, 17, 13, 14, 19, 15, 12, 15, 17, 11, 12, 13, 17, 17, 14, 11, 12, 17, 18, 13, 15, 11, 18, 10, 12, 11, 15, 13, 11, 19, 14], [19, 17, 19, 11, 14, 15, 15, 16, 16, 17, 18, 15, 18, 16, 15, 12, 19, 19, 15, 15, 11, 18, 12, 10, 17, 10, 16, 19, 11, 10, 16, 19, 11, 17, 12, 18, 13, 19, 12, 18, 16, 14, 10, 18, 10, 12, 12, 11, 19, 10, 13, 16, 12, 10, 19, 19, 16, 16, 14, 12], [18, 16, 13, 17, 18, 18, 16, 12, 10, 17, 11, 10, 14, 17, 17, 11, 10, 12, 15, 15, 16, 11, 17, 11, 10, 18, 14, 16, 15, 17, 16, 18, 10, 16, 19, 18, 15, 17, 18, 11, 11, 10, 16, 15, 10, 15, 19, 11, 18, 18, 12, 18, 10, 15, 13, 10, 14, 14, 16, 15], [14, 19, 10, 19, 10, 12, 16, 11, 10, 15, 16, 12, 12, 15, 13, 17, 16, 18, 11, 12, 19, 14, 18, 12, 12, 16, 10, 11, 17, 16, 10, 17, 18, 18, 12, 14, 10, 17, 18, 14, 19, 16, 17, 15, 15, 14, 10, 11, 10, 16, 10, 15, 11, 12, 11, 12, 15, 17, 12, 17], [19, 17, 19, 17, 13, 10, 16, 19, 10, 19, 14, 17, 11, 12, 13, 18, 12, 15, 16, 12, 15, 10, 17, 18, 10, 11, 13, 11, 17, 18, 10, 15, 14, 11, 10, 10, 11, 19, 17, 12, 17, 10, 18, 15, 12, 19, 14, 11, 10, 19, 18, 12, 15, 15, 15, 11, 18, 16, 19, 14], [10, 18, 15, 10, 15, 11, 17, 16, 13, 16, 10, 16, 18, 12, 18, 18, 15, 12, 13, 17, 12, 13, 11, 18, 13, 17, 12, 13, 11, 19, 10, 15, 18, 19, 13, 18, 11, 13, 17, 14, 10, 11, 16, 10, 15, 18, 10, 11, 12, 15, 11, 18, 17, 10, 10, 13, 14, 16, 13, 13], [18, 10, 18, 10, 17, 15, 12, 10, 17, 10, 15, 11, 16, 12, 17, 19, 13, 16, 14, 12, 16, 11, 10, 18, 11, 10, 16, 11, 18, 18, 10, 15, 14, 10, 16, 11, 13, 18, 17, 17, 16, 19, 16, 14, 15, 16, 13, 12, 11, 14, 16, 12, 11, 15, 18, 18, 11, 17, 16, 13], [13, 13, 14, 17, 19, 10, 18, 12, 14, 10, 14, 14, 14, 16, 16, 15, 10, 14, 10, 18, 11, 17, 13, 15, 11, 18, 12, 17, 14, 12, 15, 16, 11, 19, 17, 13, 12, 17, 12, 13, 13, 16, 18, 15, 16, 12, 11, 13, 11, 13, 16, 17, 10, 13, 18, 18, 19, 19, 18, 19], [11, 19, 17, 18, 18, 14, 10, 15, 11, 15, 14, 12, 10, 15, 11, 16, 12, 19, 13, 13, 14, 19, 11, 16, 15, 16, 11, 14, 11, 16, 13, 11, 15, 12, 19, 11, 16, 15, 19, 10, 16, 16, 13, 10, 11, 18, 16, 12, 14, 19, 18, 18, 12, 14, 19, 15, 11, 12, 10, 14], [13, 15, 17, 16, 18, 15, 11, 13, 17, 14, 17, 12, 18, 17, 16, 13, 13, 14, 18, 16, 15, 19, 13, 15, 10, 12, 19, 14, 14, 11, 12, 12, 17, 14, 16, 14, 19, 14, 19, 12, 16, 14, 12, 17, 13, 14, 19, 16, 16, 11, 18, 16, 15, 15, 11, 12, 16, 19, 16, 13], [16, 16, 19, 14, 17, 16, 14, 13, 15, 17, 14, 17, 13, 16, 19, 10, 19, 16, 13, 14, 19, 13, 15, 15, 19, 12, 17, 16, 15, 19, 12, 10, 15, 19, 10, 19, 19, 17, 14, 15, 17, 11, 18, 17, 16, 17, 15, 19, 11, 12, 12, 16, 18, 14, 18, 13, 13, 14, 10, 18], [15, 19, 11, 10, 18, 14, 14, 12, 12, 12, 11, 17, 18, 13, 13, 13, 14, 19, 15, 14, 14, 15, 15, 18, 17, 11, 11, 18, 12, 10, 13, 17, 17, 18, 16, 15, 17, 11, 12, 13, 16, 14, 11, 14, 15, 14, 11, 15, 19, 10, 17, 15, 19, 16, 16, 19, 17, 12, 18, 10], [12, 13, 10, 10, 14, 11, 17, 11, 19, 11, 16, 11, 11, 11, 10, 11, 16, 11, 11, 16, 18, 15, 13, 14, 17, 19, 15, 13, 10, 14, 12, 10, 10, 16, 15, 19, 13, 10, 13, 15, 11, 14, 12, 19, 18, 10, 14, 10, 17, 14, 11, 13, 13, 17, 15, 16, 10, 16, 13, 14], [12, 14, 15, 15, 11, 18, 14, 10, 12, 14, 16, 11, 10, 15, 14, 11, 13, 11, 17, 17, 17, 16, 15, 13, 19, 18, 10, 13, 17, 16, 18, 16, 18, 18, 17, 17, 10, 13, 16, 14, 18, 14, 18, 17, 19, 13, 18, 11, 12, 18, 12, 12, 14, 19, 16, 13, 17, 12, 15, 15], [12, 13, 19, 11, 13, 12, 16, 10, 12, 18, 10, 19, 10, 15, 11, 17, 18, 11, 12, 11, 12, 19, 18, 13, 15, 14, 11, 16, 14, 15, 17, 16, 17, 11, 11, 18, 15, 15, 10, 16, 11, 15, 10, 18, 14, 18, 11, 19, 19, 14, 11, 13, 10, 14, 19, 16, 17, 14, 14, 18], [11, 19, 13, 19, 14, 16, 19, 13, 17, 14, 16, 11, 11, 16, 13, 11, 14, 11, 12, 12, 14, 17, 19, 17, 14, 10, 11, 14, 16, 14, 18, 16, 11, 14, 16, 11, 16, 16, 13, 14, 10, 18, 18, 15, 11, 15, 14, 11, 16, 18, 19, 13, 14, 17, 15, 19, 11, 18, 13, 15], [19, 13, 13, 16, 18, 11, 14, 19, 17, 14, 17, 13, 13, 12, 18, 16, 17, 13, 17, 15, 12, 14, 13, 17, 17, 13, 19, 18, 15, 12, 17, 11, 17, 17, 13, 17, 15, 10, 12, 19, 11, 12, 13, 11, 17, 17, 13, 14, 19, 19, 16, 12, 14, 14, 19, 12, 19, 10, 13, 17], [14, 18, 16, 15, 11, 13, 15, 19, 15, 17, 10, 15, 14, 13, 12, 15, 18, 17, 18, 16, 15, 19, 18, 15, 16, 17, 12, 18, 13, 14, 14, 13, 14, 12, 19, 13, 18, 13, 18, 17, 18, 12, 17, 17, 16, 15, 13, 18, 14, 15, 18, 15, 12, 14, 10, 14, 14, 16, 19, 14], [10, 11, 14, 15, 13, 16, 15, 15, 10, 10, 11, 10, 12, 18, 12, 19, 19, 15, 14, 11, 10, 17, 10, 17, 16, 13, 19, 10, 16, 12, 14, 10, 10, 12, 10, 13, 13, 18, 11, 10, 17, 17, 18, 13, 10, 15, 19, 19, 13, 16, 16, 17, 12, 15, 17, 15, 11, 17, 13, 13], [10, 10, 16, 18, 10, 15, 15, 11, 14, 11, 16, 11, 14, 11, 15, 10, 17, 10, 13, 13, 12, 16, 11, 15, 18, 12, 11, 13, 15, 16, 16, 14, 10, 10, 18, 10, 11, 11, 19, 19, 17, 14, 13, 12, 16, 14, 15, 11, 19, 10, 12, 10, 16, 19, 17, 18, 15, 10, 15, 18], [10, 18, 11, 18, 12, 11, 11, 13, 10, 16, 11, 11, 12, 15, 17, 18, 18, 13, 15, 12, 10, 17, 15, 18, 12, 12, 13, 16, 15, 12, 16, 17, 18, 19, 17, 17, 12, 15, 14, 12, 11, 16, 16, 14, 17, 10, 18, 19, 12, 13, 19, 13, 18, 12, 18, 19, 19, 19, 15, 16], [16, 10, 19, 14, 13, 17, 14, 19, 19, 16, 10, 17, 17, 10, 16, 13, 13, 12, 18, 13, 17, 15, 12, 12, 16, 19, 15, 19, 13, 12, 11, 19, 18, 10, 14, 17, 16, 19, 17, 15, 16, 15, 10, 14, 14, 18, 17, 14, 14, 14, 19, 18, 12, 19, 11, 19, 12, 10, 14, 17], [13, 14, 19, 17, 10, 17, 12, 11, 11, 11, 19, 10, 15, 12, 19, 14, 11, 19, 12, 11, 11, 16, 19, 14, 12, 17, 13, 15, 11, 14, 18, 17, 14, 18, 13, 10, 10, 17, 12, 13, 19, 15, 15, 14, 11, 16, 15, 12, 15, 18, 10, 17, 12, 19, 17, 15, 16, 11, 18, 18], [17, 17, 18, 10, 18, 18, 14, 10, 13, 19, 15, 10, 11, 15, 16, 19, 16, 14, 18, 10, 15, 11, 18, 16, 16, 14, 12, 16, 16, 13, 19, 19, 13, 19, 12, 13, 15, 11, 11, 16, 14, 14, 11, 14, 17, 17, 15, 13, 18, 14, 13, 16, 18, 13, 13, 17, 10, 11, 19, 17], [15, 19, 16, 16, 11, 12, 15, 12, 12, 16, 13, 17, 15, 16, 13, 17, 13, 19, 17, 15, 18, 12, 18, 19, 11, 18, 18, 12, 13, 11, 18, 11, 14, 18, 16, 18, 16, 19, 19, 18, 12, 16, 14, 14, 19, 13, 15, 19, 13, 15, 12, 11, 14, 11, 15, 14, 15, 19, 12, 10], [10, 13, 11, 11, 15, 16, 14, 15, 18, 14, 13, 19, 13, 13, 16, 15, 17, 12, 18, 10, 14, 16, 10, 11, 16, 10, 13, 17, 12, 16, 16, 10, 17, 18, 17, 19, 18, 19, 13, 14, 12, 16, 12, 11, 15, 18, 10, 11, 12, 10, 11, 15, 14, 18, 18, 18, 17, 11, 16, 11], [10, 13, 19, 13, 18, 13, 13, 10, 16, 19, 12, 10, 13, 11, 15, 18, 15, 12, 13, 12, 19, 15, 19, 19, 13, 12, 14, 18, 14, 12, 13, 19, 12, 18, 10, 19, 11, 14, 10, 13, 11, 12, 16, 13, 10, 11, 10, 12, 13, 16, 13, 13, 15, 14, 15, 17, 12, 11, 11, 13], [18, 16, 11, 15, 16, 12, 14, 18, 18, 18, 10, 18, 17, 16, 17, 13, 16, 16, 10, 16, 12, 16, 13, 19, 11, 16, 15, 13, 14, 18, 15, 11, 13, 14, 19, 14, 11, 16, 14, 19, 12, 14, 19, 15, 14, 13, 17, 19, 16, 12, 17, 16, 13, 15, 14, 13, 13, 19, 16, 10], [17, 12, 14, 18, 12, 19, 17, 14, 11, 13, 17, 12, 15, 13, 16, 13, 18, 12, 16, 17, 10, 18, 17, 10, 14, 18, 13, 19, 17, 16, 15, 12, 18, 12, 19, 16, 14, 15, 16, 14, 12, 19, 16, 15, 17, 15, 16, 11, 10, 15, 17, 13, 18, 13, 17, 13, 10, 11, 11, 12], [13, 11, 17, 11, 14, 11, 13, 16, 11, 15, 15, 13, 17, 11, 19, 10, 10, 12, 14, 11, 11, 13, 15, 13, 14, 18, 16, 14, 19, 15, 13, 11, 14, 19, 19, 16, 14, 11, 15, 11, 19, 18, 12, 19, 16, 18, 16, 16, 17, 13, 18, 17, 11, 19, 19, 10, 10, 19, 18, 11], [10, 15, 16, 18, 19, 16, 13, 13, 19, 14, 19, 19, 10, 19, 17, 18, 11, 13, 15, 10, 15, 13, 10, 14, 15, 12, 17, 19, 19, 12, 19, 13, 13, 17, 14, 15, 16, 15, 13, 11, 14, 19, 19, 12, 19, 12, 10, 14, 19, 12, 14, 19, 13, 14, 18, 16, 14, 14, 10, 11], [16, 19, 17, 16, 17, 10, 18, 15, 18, 19, 16, 14, 13, 15, 16, 17, 10, 13, 18, 13, 12, 10, 15, 11, 19, 12, 18, 19, 13, 15, 18, 14, 14, 16, 19, 13, 13, 11, 11, 11, 17, 14, 10, 15, 19, 13, 17, 10, 15, 14, 11, 16, 14, 11, 16, 18, 15, 11, 18, 10], [19, 15, 19, 13, 12, 11, 18, 16, 14, 19, 16, 10, 10, 15, 17, 12, 14, 11, 18, 15, 14, 13, 10, 13, 14, 14, 19, 16, 15, 10, 19, 15, 19, 11, 18, 10, 19, 14, 16, 18, 18, 19, 14, 13, 19, 14, 12, 12, 16, 17, 16, 15, 16, 17, 12, 10, 15, 13, 13, 15], [13, 16, 17, 19, 15, 10, 13, 19, 15, 17, 16, 19, 11, 15, 18, 17, 16, 11, 15, 10, 16, 11, 13, 15, 13, 18, 18, 15, 10, 18, 16, 15, 18, 16, 14, 18, 10, 13, 18, 16, 10, 19, 13, 14, 18, 11, 13, 13, 18, 19, 12, 15, 13, 18, 16, 18, 14, 19, 14, 10], [17, 14, 15, 13, 13, 18, 17, 17, 18, 16, 11, 10, 12, 12, 19, 18, 13, 10, 14, 13, 13, 14, 14, 12, 18, 12, 12, 17, 13, 14, 10, 11, 15, 12, 13, 12, 10, 15, 18, 10, 14, 18, 15, 15, 17, 15, 12, 12, 15, 10, 17, 10, 18, 16, 13, 10, 19, 19, 18, 13], [11, 17, 17, 17, 14, 14, 15, 11, 15, 16, 13, 12, 15, 11, 18, 17, 12, 12, 16, 16, 15, 11, 14, 17, 19, 14, 18, 17, 12, 19, 19, 17, 12, 14, 16, 14, 13, 16, 19, 19, 16, 15, 14, 10, 10, 16, 12, 16, 12, 18, 17, 18, 18, 10, 18, 10, 12, 16, 17, 13], [18, 10, 10, 13, 12, 17, 15, 16, 14, 10, 10, 16, 15, 12, 16, 11, 11, 15, 13, 13, 19, 12, 19, 18, 17, 12, 13, 17, 13, 19, 12, 18, 12, 18, 12, 10, 13, 18, 19, 13, 17, 11, 13, 15, 18, 17, 10, 19, 11, 17, 16, 11, 16, 14, 18, 16, 17, 11, 15, 15], [10, 16, 19, 13, 16, 17, 19, 15, 17, 15, 15, 15, 19, 13, 13, 18, 14, 13, 17, 19, 10, 19, 18, 14, 15, 10, 10, 19, 10, 13, 15, 18, 15, 13, 16, 14, 18, 16, 15, 16, 11, 14, 10, 18, 18, 15, 17, 19, 14, 11, 18, 10, 15, 17, 12, 10, 13, 17, 10, 16], [17, 13, 17, 15, 18, 16, 15, 15, 16, 13, 14, 19, 14, 15, 17, 19, 14, 17, 14, 14, 16, 15, 14, 10, 17, 10, 14, 12, 18, 10, 12, 18, 19, 10, 17, 13, 18, 12, 16, 15, 14, 14, 13, 10, 19, 11, 19, 13, 10, 16, 19, 17, 14, 12, 11, 10, 12, 11, 15, 13], [19, 12, 14, 11, 10, 18, 16, 17, 11, 12, 14, 12, 13, 19, 18, 10, 19, 19, 14, 17, 13, 14, 11, 12, 14, 17, 17, 15, 13, 18, 18, 12, 18, 15, 12, 16, 11, 14, 14, 19, 14, 17, 11, 10, 10, 17, 14, 11, 17, 19, 11, 19, 10, 13, 14, 17, 13, 10, 12, 14], [18, 16, 15, 17, 11, 16, 12, 18, 16, 10, 16, 13, 14, 12, 12, 18, 16, 16, 12, 13, 13, 19, 11, 18, 11, 19, 18, 17, 16, 18, 10, 14, 19, 18, 11, 14, 18, 14, 12, 10, 18, 16, 15, 11, 12, 17, 19, 15, 13, 15, 12, 10, 18, 14, 15, 10, 15, 11, 11, 12]]
Demand for each product in each period d: 
[[217, 194, 118, 276, 165, 240, 396, 203, 65, 457, 346, 383, 257, 121, 419, 476, 226, 356, 240, 397, 160, 434, 137, 358, 176, 392, 139, 280, 305, 402, 407, 69, 485, 326, 96, 65, 185, 169, 327, 243, 70, 103, 212, 359, 109, 427, 301, 89, 100, 168, 354, 235, 310, 435, 418, 114, 335, 233, 482, 448], [209, 241, 206, 306, 255, 365, 74, 291, 212, 498, 433, 334, 247, 227, 354, 209, 160, 345, 461, 212, 344, 301, 446, 120, 341, 100, 482, 457, 320, 101, 76, 348, 388, 230, 157, 167, 94, 287, 449, 337, 295, 80, 70, 192, 136, 251, 317, 431, 412, 270, 465, 252, 484, 220, 270, 457, 255, 253, 328, 411], [492, 111, 427, 119, 353, 129, 249, 63, 339, 216, 116, 362, 421, 152, 442, 361, 330, 55, 147, 98, 112, 272, 99, 134, 170, 264, 352, 420, 474, 397, 311, 183, 168, 256, 299, 121, 101, 124, 109, 230, 235, 451, 457, 151, 295, 311, 263, 53, 331, 53, 232, 144, 154, 196, 441, 438, 174, 66, 124, 381], [364, 190, 227, 417, 163, 237, 255, 161, 256, 366, 437, 130, 371, 335, 321, 377, 247, 127, 203, 92, 153, 191, 177, 80, 50, 307, 85, 397, 275, 132, 157, 422, 448, 412, 65, 382, 446, 316, 221, 390, 256, 306, 476, 392, 156, 179, 157, 493, 114, 478, 63, 374, 322, 409, 385, 453, 210, 347, 252, 424], [141, 265, 400, 386, 276, 199, 58, 485, 194, 286, 273, 196, 117, 386, 325, 465, 325, 138, 444, 269, 317, 323, 194, 198, 251, 232, 287, 291, 174, 199, 443, 344, 77, 496, 347, 439, 86, 66, 289, 193, 344, 63, 233, 470, 125, 163, 186, 147, 347, 217, 181, 343, 311, 82, 443, 175, 380, 361, 391, 284], [467, 315, 136, 172, 491, 457, 261, 286, 155, 84, 310, 223, 401, 251, 276, 138, 495, 197, 380, 344, 464, 64, 111, 108, 428, 337, 76, 336, 459, 381, 452, 421, 112, 385, 62, 126, 410, 231, 467, 490, 491, 293, 221, 360, 113, 176, 380, 140, 327, 318, 87, 56, 391, 492, 217, 269, 94, 404, 214, 482], [355, 96, 445, 61, 306, 133, 396, 334, 437, 100, 358, 118, 303, 356, 126, 156, 329, 108, 127, 81, 271, 273, 427, 120, 388, 177, 107, 139, 225, 345, 327, 472, 333, 366, 207, 332, 433, 264, 85, 357, 469, 184, 55, 327, 243, 201, 376, 182, 359, 248, 476, 344, 294, 71, 162, 488, 234, 499, 67, 126], [136, 166, 248, 272, 138, 95, 416, 199, 81, 378, 382, 147, 90, 311, 53, 128, 88, 170, 226, 182, 469, 124, 351, 251, 492, 407, 452, 491, 125, 70, 139, 399, 355, 226, 113, 497, 250, 131, 464, 305, 469, 411, 371, 469, 173, 497, 78, 370, 409, 108, 357, 302, 481, 74, 128, 215, 419, 92, 429, 473], [354, 494, 357, 81, 421, 272, 240, 322, 220, 199, 351, 215, 157, 339, 305, 466, 294, 280, 226, 133, 101, 309, 405, 356, 451, 396, 479, 84, 344, 489, 243, 179, 455, 122, 332, 170, 51, 250, 432, 327, 330, 285, 389, 387, 219, 336, 435, 157, 424, 461, 143, 269, 312, 310, 351, 446, 64, 243, 499, 141], [109, 85, 296, 386, 80, 199, 377, 439, 244, 476, 378, 321, 452, 178, 229, 398, 435, 289, 449, 130, 179, 364, 97, 78, 323, 468, 298, 115, 300, 217, 290, 165, 258, 99, 287, 440, 307, 127, 191, 162, 221, 319, 383, 281, 462, 77, 426, 424, 380, 255, 177, 326, 171, 99, 153, 298, 54, 424, 273, 448], [241, 449, 223, 98, 499, 165, 91, 233, 160, 448, 289, 309, 86, 134, 361, 317, 417, 391, 157, 200, 200, 421, 56, 61, 276, 485, 364, 261, 309, 315, 73, 321, 156, 378, 83, 107, 346, 112, 484, 465, 436, 486, 436, 245, 288, 231, 444, 107, 236, 359, 212, 489, 226, 177, 178, 337, 489, 231, 86, 199], [176, 202, 467, 159, 130, 285, 483, 453, 194, 103, 137, 105, 171, 86, 404, 466, 398, 76, 127, 304, 239, 338, 134, 342, 347, 111, 213, 176, 129, 312, 213, 480, 422, 104, 292, 423, 439, 227, 350, 469, 188, 250, 323, 264, 405, 320, 107, 352, 159, 238, 282, 134, 123, 486, 490, 330, 177, 393, 236, 409], [238, 251, 215, 292, 277, 266, 331, 53, 335, 439, 262, 228, 388, 414, 239, 444, 256, 293, 329, 131, 316, 372, 321, 364, 118, 150, 109, 212, 473, 482, 251, 168, 371, 437, 68, 360, 303, 326, 408, 152, 215, 107, 385, 50, 237, 121, 380, 374, 56, 198, 230, 102, 167, 353, 381, 162, 229, 150, 166, 417], [79, 300, 191, 179, 113, 175, 482, 114, 498, 122, 331, 171, 300, 149, 382, 402, 135, 477, 343, 70, 86, 371, 424, 146, 58, 75, 393, 496, 154, 111, 295, 169, 73, 432, 256, 338, 70, 291, 235, 337, 256, 489, 162, 472, 137, 276, 295, 266, 365, 457, 67, 259, 367, 463, 409, 362, 150, 141, 469, 382], [148, 215, 251, 149, 459, 328, 300, 409, 275, 334, 76, 399, 496, 85, 263, 253, 358, 458, 476, 336, 74, 126, 436, 395, 123, 475, 61, 413, 348, 416, 271, 211, 334, 172, 90, 274, 345, 257, 484, 251, 65, 412, 274, 478, 413, 436, 91, 322, 337, 154, 286, 319, 278, 279, 497, 230, 477, 309, 226, 86], [178, 273, 480, 413, 367, 151, 163, 319, 56, 452, 452, 136, 53, 202, 480, 348, 379, 249, 174, 57, 210, 324, 276, 393, 466, 422, 431, 184, 399, 467, 436, 286, 378, 341, 67, 265, 296, 266, 266, 107, 360, 314, 363, 172, 368, 76, 75, 244, 57, 491, 385, 195, 358, 154, 218, 118, 473, 146, 52, 446], [306, 353, 468, 116, 457, 217, 486, 229, 235, 425, 459, 360, 496, 496, 282, 330, 282, 477, 161, 476, 190, 251, 274, 174, 387, 154, 262, 87, 411, 279, 397, 220, 256, 127, 483, 98, 137, 444, 252, 441, 83, 362, 285, 198, 496, 260, 467, 419, 294, 192, 290, 271, 304, 154, 56, 93, 405, 163, 301, 355], [154, 91, 425, 380, 91, 448, 301, 122, 289, 87, 261, 325, 311, 327, 130, 381, 257, 296, 452, 393, 440, 217, 391, 353, 414, 328, 462, 138, 450, 127, 65, 234, 175, 191, 252, 481, 386, 176, 494, 388, 229, 67, 421, 137, 376, 358, 378, 311, 341, 355, 200, 466, 458, 142, 176, 190, 208, 328, 99, 359], [491, 468, 165, 461, 235, 302, 413, 67, 349, 390, 213, 358, 420, 118, 480, 295, 225, 419, 379, 59, 479, 171, 133, 427, 331, 113, 195, 423, 56, 420, 415, 211, 85, 430, 85, 216, 412, 137, 304, 443, 218, 439, 398, 471, 132, 201, 319, 131, 68, 64, 307, 76, 328, 56, 483, 234, 240, 358, 304, 276], [492, 478, 276, 81, 133, 66, 132, 210, 284, 454, 420, 114, 320, 139, 93, 178, 119, 236, 260, 53, 71, 128, 57, 247, 96, 193, 327, 84, 85, 273, 129, 284, 51, 52, 163, 137, 376, 395, 87, 476, 141, 242, 354, 480, 139, 306, 172, 103, 490, 202, 162, 383, 373, 496, 120, 406, 84, 408, 336, 250], [70, 56, 431, 379, 78, 375, 286, 262, 456, 478, 410, 209, 416, 306, 430, 89, 454, 190, 352, 292, 230, 179, 337, 336, 50, 161, 257, 454, 386, 371, 126, 272, 363, 175, 438, 235, 223, 334, 181, 266, 139, 127, 104, 300, 183, 423, 369, 396, 187, 280, 286, 166, 154, 365, 131, 469, 357, 307, 441, 158], [261, 324, 441, 321, 184, 327, 366, 305, 92, 182, 462, 415, 181, 135, 235, 119, 430, 343, 274, 77, 438, 314, 465, 145, 268, 295, 51, 379, 159, 92, 464, 180, 145, 496, 149, 295, 269, 117, 221, 307, 401, 281, 217, 67, 201, 404, 292, 377, 73, 373, 487, 411, 436, 159, 369, 82, 478, 388, 137, 304], [63, 494, 267, 247, 168, 202, 458, 326, 430, 95, 375, 351, 268, 493, 404, 56, 365, 343, 147, 234, 479, 320, 327, 193, 143, 498, 424, 435, 188, 340, 232, 134, 52, 238, 456, 147, 312, 453, 468, 293, 476, 101, 183, 360, 97, 170, 349, 472, 414, 51, 422, 249, 450, 331, 190, 142, 163, 464, 405, 122], [382, 348, 244, 492, 423, 487, 55, 84, 348, 454, 278, 201, 261, 344, 214, 134, 63, 419, 440, 498, 406, 131, 429, 420, 279, 328, 63, 110, 257, 159, 118, 186, 172, 489, 97, 54, 266, 305, 314, 138, 173, 321, 97, 200, 311, 476, 66, 498, 107, 235, 152, 96, 424, 113, 285, 368, 244, 357, 456, 302], [101, 94, 193, 220, 347, 231, 404, 371, 398, 59, 58, 274, 212, 311, 283, 326, 401, 434, 403, 209, 261, 106, 63, 170, 468, 298, 431, 205, 265, 448, 234, 499, 389, 344, 170, 282, 94, 139, 216, 125, 312, 226, 79, 149, 65, 114, 385, 98, 354, 143, 272, 219, 382, 251, 173, 135, 147, 487, 412, 326], [493, 269, 341, 148, 422, 356, 424, 495, 346, 314, 124, 333, 235, 127, 132, 371, 106, 291, 254, 432, 441, 177, 246, 246, 279, 172, 80, 266, 325, 355, 480, 413, 322, 123, 483, 446, 197, 433, 280, 263, 283, 368, 392, 204, 331, 383, 340, 323, 340, 56, 283, 60, 330, 456, 343, 228, 425, 412, 256, 380], [229, 336, 135, 91, 471, 205, 438, 423, 290, 84, 176, 327, 357, 191, 408, 360, 243, 68, 289, 237, 173, 454, 120, 76, 106, 85, 122, 330, 350, 453, 154, 170, 237, 227, 484, 320, 162, 225, 156, 145, 185, 302, 423, 205, 345, 375, 328, 186, 137, 88, 358, 417, 181, 417, 128, 285, 329, 55, 59, 466], [82, 314, 456, 196, 188, 452, 448, 379, 52, 193, 114, 140, 331, 438, 492, 125, 374, 204, 210, 99, 346, 307, 75, 374, 196, 419, 156, 219, 85, 232, 305, 453, 141, 207, 381, 262, 339, 130, 271, 91, 154, 147, 207, 494, 289, 151, 103, 215, 163, 143, 326, 286, 165, 340, 118, 241, 227, 105, 256, 350], [225, 145, 419, 179, 54, 260, 307, 51, 318, 266, 220, 119, 163, 288, 124, 348, 60, 361, 393, 251, 78, 263, 56, 141, 331, 273, 278, 385, 139, 193, 58, 469, 453, 93, 159, 349, 52, 177, 314, 471, 150, 496, 396, 292, 255, 435, 334, 122, 185, 95, 300, 384, 272, 391, 401, 460, 392, 498, 369, 51], [51, 436, 315, 234, 396, 491, 152, 182, 344, 144, 491, 208, 107, 384, 107, 120, 77, 69, 125, 66, 64, 491, 172, 409, 207, 267, 202, 213, 199, 354, 227, 85, 88, 101, 118, 328, 218, 209, 307, 214, 57, 292, 112, 199, 496, 307, 444, 349, 457, 114, 270, 191, 437, 123, 306, 67, 430, 235, 287, 195], [427, 445, 497, 61, 463, 355, 262, 288, 452, 439, 163, 472, 437, 53, 280, 232, 276, 321, 433, 154, 293, 470, 91, 376, 371, 286, 284, 281, 375, 198, 206, 383, 385, 303, 435, 419, 436, 157, 462, 230, 491, 225, 314, 329, 481, 400, 186, 265, 104, 371, 184, 350, 416, 303, 90, 194, 487, 136, 219, 51], [310, 315, 326, 260, 344, 227, 438, 429, 340, 196, 462, 489, 64, 106, 295, 392, 165, 477, 85, 299, 247, 451, 111, 77, 404, 262, 267, 128, 50, 75, 93, 210, 434, 228, 147, 100, 128, 168, 334, 402, 284, 405, 288, 221, 97, 443, 288, 184, 345, 236, 479, 418, 113, 460, 422, 151, 58, 438, 309, 197], [201, 229, 402, 131, 343, 111, 276, 264, 264, 359, 128, 85, 255, 312, 77, 411, 64, 415, 294, 329, 331, 490, 219, 253, 283, 60, 410, 92, 370, 414, 422, 429, 197, 121, 437, 229, 375, 189, 195, 496, 154, 365, 488, 405, 313, 465, 491, 160, 210, 406, 281, 356, 417, 485, 368, 244, 329, 432, 385, 432], [486, 452, 490, 248, 280, 298, 187, 113, 237, 381, 456, 367, 462, 328, 463, 68, 217, 478, 64, 468, 406, 454, 89, 418, 391, 237, 86, 180, 499, 179, 329, 114, 303, 498, 304, 266, 332, 211, 60, 59, 135, 369, 244, 92, 353, 323, 360, 120, 361, 349, 494, 332, 394, 162, 402, 399, 393, 140, 87, 460], [496, 201, 213, 256, 291, 364, 485, 309, 368, 353, 118, 384, 462, 417, 73, 99, 91, 182, 387, 316, 304, 309, 245, 434, 348, 344, 103, 142, 461, 301, 384, 232, 224, 486, 239, 241, 382, 450, 261, 170, 57, 378, 230, 443, 452, 98, 208, 389, 206, 397, 338, 380, 274, 298, 496, 433, 134, 186, 324, 220], [335, 219, 225, 271, 358, 200, 64, 463, 206, 277, 430, 409, 407, 409, 451, 364, 398, 451, 497, 276, 159, 310, 401, 115, 270, 333, 131, 226, 485, 256, 299, 69, 265, 96, 308, 325, 294, 336, 284, 428, 445, 149, 246, 473, 166, 142, 63, 479, 427, 69, 320, 321, 359, 367, 136, 81, 172, 333, 202, 358], [405, 487, 392, 259, 256, 391, 178, 350, 440, 329, 151, 290, 365, 91, 473, 132, 412, 374, 405, 304, 132, 417, 251, 323, 392, 413, 393, 339, 442, 497, 134, 73, 463, 461, 273, 496, 296, 63, 285, 313, 82, 421, 283, 97, 380, 242, 301, 291, 417, 81, 371, 323, 110, 50, 108, 55, 434, 243, 134, 195], [236, 457, 287, 126, 305, 245, 97, 176, 435, 351, 269, 429, 411, 56, 475, 155, 392, 477, 82, 350, 253, 304, 154, 130, 242, 229, 216, 444, 479, 368, 448, 59, 348, 424, 101, 361, 376, 279, 304, 155, 139, 448, 462, 182, 191, 70, 477, 320, 387, 371, 480, 478, 219, 299, 309, 440, 75, 418, 164, 451], [424, 495, 426, 447, 102, 341, 268, 60, 170, 67, 254, 416, 97, 117, 443, 264, 379, 101, 361, 357, 301, 427, 442, 352, 177, 450, 248, 431, 209, 227, 454, 408, 447, 180, 155, 313, 127, 98, 301, 291, 111, 268, 187, 64, 363, 308, 334, 135, 380, 374, 254, 274, 219, 71, 359, 383, 287, 438, 101, 308], [318, 394, 216, 455, 327, 126, 84, 103, 359, 181, 56, 189, 359, 266, 327, 467, 109, 235, 365, 130, 490, 342, 390, 352, 316, 163, 168, 373, 78, 105, 268, 456, 389, 88, 496, 158, 251, 73, 148, 488, 137, 409, 397, 89, 79, 398, 109, 494, 202, 207, 351, 219, 315, 196, 157, 207, 132, 292, 407, 264], [158, 400, 358, 235, 126, 123, 229, 300, 75, 260, 314, 460, 338, 135, 385, 220, 53, 80, 313, 389, 255, 123, 392, 206, 476, 334, 194, 427, 440, 295, 244, 353, 191, 186, 494, 393, 351, 142, 474, 435, 455, 60, 306, 269, 277, 63, 176, 302, 354, 177, 464, 93, 436, 100, 289, 93, 486, 144, 97, 71], [175, 232, 184, 221, 335, 293, 281, 373, 408, 94, 183, 466, 120, 219, 319, 238, 486, 89, 259, 221, 77, 392, 313, 413, 460, 351, 111, 301, 460, 90, 127, 172, 143, 439, 85, 319, 122, 50, 279, 430, 460, 276, 266, 150, 499, 489, 173, 59, 204, 265, 490, 401, 497, 124, 106, 150, 418, 478, 287, 184], [378, 360, 200, 474, 116, 228, 241, 393, 291, 307, 376, 492, 478, 475, 165, 297, 125, 297, 202, 417, 156, 262, 133, 364, 288, 94, 82, 243, 365, 411, 306, 311, 213, 158, 219, 102, 124, 124, 477, 135, 467, 89, 311, 261, 397, 141, 285, 434, 273, 142, 239, 64, 218, 123, 237, 434, 208, 218, 416, 365], [154, 376, 167, 244, 109, 67, 399, 165, 139, 162, 322, 67, 488, 331, 66, 429, 51, 331, 66, 224, 330, 132, 227, 76, 141, 487, 420, 390, 433, 194, 287, 121, 413, 279, 243, 277, 420, 402, 117, 451, 255, 108, 400, 495, 143, 443, 173, 448, 243, 477, 469, 477, 258, 473, 169, 121, 298, 229, 176, 364], [323, 484, 368, 383, 271, 166, 436, 428, 164, 173, 350, 368, 490, 383, 428, 267, 381, 142, 380, 487, 482, 231, 402, 124, 160, 70, 110, 106, 101, 351, 167, 313, 436, 256, 213, 194, 442, 123, 227, 118, 323, 416, 422, 460, 457, 444, 332, 387, 367, 174, 389, 432, 378, 332, 67, 362, 424, 318, 266, 249], [448, 54, 64, 118, 380, 333, 126, 456, 496, 103, 422, 409, 387, 296, 148, 279, 188, 123, 129, 301, 282, 488, 481, 338, 183, 340, 156, 130, 92, 224, 463, 329, 359, 68, 151, 308, 116, 425, 61, 71, 373, 157, 372, 72, 358, 99, 385, 343, 329, 445, 392, 438, 328, 146, 71, 414, 87, 66, 185, 244], [118, 271, 230, 77, 329, 287, 79, 320, 216, 461, 57, 119, 155, 468, 120, 291, 488, 492, 278, 162, 83, 499, 269, 151, 475, 240, 123, 87, 488, 465, 455, 138, 193, 439, 342, 295, 169, 375, 351, 374, 264, 57, 271, 341, 284, 461, 246, 179, 186, 312, 138, 369, 177, 57, 417, 456, 383, 424, 384, 185], [314, 73, 443, 406, 361, 181, 246, 235, 328, 480, 429, 109, 325, 403, 331, 399, 397, 145, 490, 120, 147, 156, 466, 291, 307, 426, 204, 158, 315, 80, 90, 469, 394, 117, 428, 232, 52, 483, 70, 421, 202, 160, 160, 193, 250, 197, 428, 436, 53, 231, 335, 188, 453, 428, 471, 99, 301, 298, 198, 136], [67, 84, 97, 128, 155, 243, 354, 381, 73, 342, 479, 58, 474, 217, 308, 285, 75, 154, 493, 197, 248, 274, 140, 267, 289, 352, 356, 219, 400, 393, 151, 412, 201, 355, 444, 415, 119, 407, 55, 228, 398, 151, 314, 375, 51, 365, 171, 289, 147, 464, 469, 240, 87, 432, 212, 463, 156, 98, 68, 76], [450, 284, 414, 115, 228, 490, 125, 78, 391, 326, 450, 213, 352, 105, 228, 142, 167, 372, 480, 117, 164, 180, 421, 326, 171, 295, 76, 346, 238, 317, 111, 399, 427, 205, 195, 351, 208, 354, 437, 174, 343, 475, 82, 438, 309, 271, 62, 390, 267, 82, 449, 78, 321, 341, 190, 207, 470, 348, 219, 283]]
Maintenance cost in each period m: 
[14032, 24072, 20299, 28971, 25298, 11354, 16740, 18673, 8672, 17656, 25535, 12414, 26540, 27638, 18344, 28762, 10328, 16935, 27370, 8050, 27520, 9419, 17624, 15026, 26724, 27114, 8346, 10409, 15012, 12301, 22489, 29033, 16759, 15305, 17169, 10963, 18041, 11299, 24932, 23381, 16276, 7120, 15536, 12612, 21995, 6783, 26045, 19202, 29806, 18171, 19793, 9427, 25561, 23483, 21010, 16127, 15157, 7327, 26417, 20649]
Maximum capacity of the machine cmax: 
21300