Set of periods in the planning horizon T: 
20
Set of products P: 
30
Capacity reduction coefficient alpha: 
0.77
Relative decrease of capacity per set up gamma: 
0.37
Capacity reduction coefficient due to product types beta: 
[0.23, 0.36, 0.4, 0.38, 0.29, 0.34, 0.31, 0.24, 0.37, 0.27, 0.26, 0.31, 0.36, 0.24, 0.24, 0.33, 0.32, 0.36, 0.32, 0.25, 0.39, 0.4, 0.24, 0.28, 0.31, 0.28, 0.21, 0.38, 0.23, 0.24]
Fixed production cost of each product in each period f: 
[[487, 618, 504, 745, 630, 758, 557, 437, 415, 437, 679, 430, 697, 696, 609, 743, 406, 511, 596, 551], [424, 678, 529, 446, 663, 689, 428, 660, 576, 568, 749, 606, 763, 750, 790, 701, 625, 690, 746, 792], [411, 612, 400, 720, 635, 582, 564, 569, 484, 782, 645, 523, 696, 748, 685, 618, 578, 788, 792, 473], [734, 510, 598, 659, 496, 665, 566, 614, 666, 729, 741, 539, 717, 745, 745, 772, 409, 529, 725, 795], [457, 452, 614, 521, 740, 405, 710, 730, 763, 541, 505, 544, 458, 732, 413, 698, 732, 777, 746, 502], [411, 640, 494, 493, 707, 638, 430, 754, 572, 410, 694, 784, 614, 455, 642, 794, 677, 738, 607, 642], [760, 507, 575, 563, 666, 744, 659, 732, 430, 719, 612, 662, 665, 619, 562, 693, 523, 752, 579, 680], [601, 612, 438, 611, 781, 424, 443, 790, 698, 588, 461, 450, 463, 478, 740, 406, 737, 615, 589, 599], [737, 442, 558, 696, 513, 417, 758, 570, 506, 594, 499, 624, 594, 605, 637, 453, 619, 673, 523, 507], [619, 638, 755, 652, 451, 710, 633, 690, 718, 632, 630, 526, 467, 675, 440, 738, 777, 459, 482, 433], [597, 554, 787, 538, 606, 590, 480, 598, 752, 647, 559, 548, 657, 473, 770, 779, 677, 731, 488, 461], [436, 674, 647, 427, 591, 725, 588, 422, 592, 740, 565, 706, 471, 492, 664, 489, 490, 512, 435, 532], [444, 429, 567, 686, 430, 650, 693, 548, 439, 500, 455, 723, 765, 734, 582, 633, 616, 762, 475, 445], [624, 590, 582, 705, 671, 644, 583, 595, 674, 745, 695, 401, 506, 547, 759, 667, 506, 515, 602, 487], [505, 773, 538, 452, 424, 529, 472, 650, 722, 581, 715, 529, 461, 742, 684, 620, 710, 502, 781, 600], [768, 457, 477, 427, 635, 658, 559, 652, 755, 623, 683, 400, 582, 721, 589, 705, 716, 709, 601, 428], [719, 417, 421, 405, 733, 604, 637, 788, 561, 685, 496, 528, 420, 777, 635, 414, 610, 719, 799, 572], [423, 641, 509, 439, 617, 490, 778, 783, 488, 593, 469, 597, 591, 737, 496, 598, 435, 536, 438, 754], [527, 576, 676, 540, 676, 504, 429, 793, 546, 705, 646, 589, 449, 657, 488, 462, 782, 625, 655, 713], [453, 616, 597, 412, 439, 621, 592, 510, 498, 619, 791, 510, 401, 427, 551, 649, 585, 681, 771, 553], [646, 673, 687, 417, 471, 623, 773, 515, 639, 676, 431, 410, 415, 661, 631, 455, 542, 435, 490, 741], [509, 652, 515, 559, 433, 795, 670, 637, 748, 779, 620, 530, 734, 445, 600, 730, 524, 531, 437, 789], [603, 683, 615, 584, 586, 597, 733, 637, 568, 512, 607, 798, 795, 430, 611, 645, 577, 520, 774, 446], [550, 772, 768, 698, 777, 627, 753, 601, 439, 487, 585, 776, 425, 540, 773, 537, 563, 763, 647, 532], [501, 470, 544, 648, 685, 402, 440, 649, 587, 617, 574, 598, 574, 451, 765, 672, 419, 403, 740, 492], [549, 546, 774, 589, 660, 787, 620, 569, 466, 770, 406, 575, 447, 656, 582, 693, 520, 598, 458, 487], [724, 795, 769, 789, 642, 526, 781, 513, 738, 575, 621, 420, 422, 483, 615, 604, 736, 456, 408, 622], [574, 427, 413, 694, 539, 789, 515, 452, 517, 763, 406, 434, 768, 583, 532, 564, 706, 464, 431, 574], [603, 545, 628, 724, 697, 751, 750, 523, 437, 798, 415, 656, 717, 617, 487, 512, 799, 604, 449, 443], [636, 409, 425, 407, 539, 643, 637, 534, 491, 558, 555, 613, 481, 475, 547, 589, 441, 584, 465, 485]]
Variable production cost per unit of each product in each period p: 
[[24, 20, 25, 23, 25, 21, 20, 20, 24, 26, 21, 29, 28, 29, 20, 21, 24, 25, 23, 22], [27, 28, 24, 26, 28, 29, 27, 22, 25, 28, 23, 27, 29, 25, 28, 28, 24, 22, 27, 25], [22, 20, 28, 24, 27, 29, 21, 21, 21, 23, 29, 27, 25, 21, 26, 20, 25, 24, 27, 24], [29, 29, 23, 22, 26, 21, 28, 26, 26, 26, 25, 22, 25, 26, 20, 29, 26, 20, 29, 21], [23, 21, 24, 24, 29, 27, 26, 22, 24, 27, 24, 24, 20, 21, 21, 25, 24, 21, 29, 24], [20, 21, 20, 24, 20, 23, 21, 22, 21, 28, 22, 22, 26, 25, 26, 23, 26, 22, 26, 22], [28, 21, 29, 26, 28, 20, 27, 23, 29, 24, 25, 21, 25, 25, 23, 25, 20, 28, 21, 23], [23, 28, 20, 24, 28, 27, 22, 20, 21, 20, 22, 25, 29, 27, 26, 23, 25, 25, 23, 29], [21, 24, 27, 26, 29, 23, 29, 28, 24, 26, 28, 29, 23, 24, 26, 28, 22, 29, 24, 27], [28, 28, 28, 29, 23, 27, 22, 28, 21, 28, 27, 21, 24, 21, 26, 24, 28, 22, 28, 29], [27, 29, 29, 23, 28, 29, 29, 24, 24, 21, 21, 26, 22, 27, 24, 26, 20, 26, 29, 20], [24, 24, 26, 23, 26, 26, 25, 26, 27, 23, 22, 22, 22, 28, 28, 24, 22, 20, 22, 27], [29, 28, 27, 25, 21, 29, 29, 28, 26, 25, 20, 28, 28, 29, 22, 21, 29, 22, 28, 23], [20, 22, 23, 21, 23, 29, 22, 27, 22, 20, 23, 25, 24, 26, 24, 20, 28, 23, 25, 27], [29, 23, 21, 20, 20, 21, 27, 20, 29, 22, 22, 27, 20, 20, 26, 27, 20, 27, 25, 26], [24, 22, 28, 22, 28, 25, 23, 20, 29, 26, 23, 26, 23, 29, 21, 26, 27, 26, 29, 24], [26, 27, 24, 22, 21, 28, 21, 28, 25, 25, 26, 25, 25, 24, 23, 24, 20, 28, 25, 21], [27, 25, 23, 25, 22, 29, 20, 26, 26, 23, 27, 26, 29, 28, 29, 23, 21, 22, 26, 27], [23, 21, 23, 27, 20, 22, 26, 21, 29, 29, 22, 25, 29, 28, 22, 22, 27, 22, 27, 26], [22, 25, 25, 27, 28, 26, 27, 21, 28, 24, 28, 23, 23, 25, 27, 29, 26, 23, 27, 20], [21, 26, 29, 27, 28, 29, 25, 23, 27, 28, 25, 23, 23, 24, 27, 24, 29, 24, 22, 24], [24, 24, 27, 26, 28, 28, 28, 24, 24, 28, 23, 29, 28, 25, 29, 20, 23, 25, 20, 23], [28, 27, 26, 29, 26, 24, 22, 29, 20, 22, 20, 25, 25, 28, 29, 21, 24, 24, 21, 26], [25, 26, 27, 21, 29, 20, 29, 20, 26, 24, 23, 23, 29, 29, 29, 27, 26, 25, 26, 27], [24, 26, 21, 27, 29, 26, 26, 25, 22, 23, 24, 21, 20, 28, 20, 21, 22, 26, 20, 24], [21, 25, 20, 29, 28, 21, 27, 29, 22, 28, 27, 29, 22, 28, 27, 29, 27, 26, 27, 29], [26, 26, 21, 24, 24, 20, 21, 20, 23, 25, 23, 27, 25, 24, 26, 20, 24, 22, 26, 25], [26, 28, 20, 29, 28, 28, 26, 20, 27, 25, 23, 27, 23, 23, 26, 29, 27, 23, 29, 23], [21, 29, 23, 26, 28, 28, 29, 27, 28, 26, 26, 20, 24, 26, 23, 23, 28, 21, 25, 24], [26, 29, 26, 27, 23, 26, 29, 22, 26, 29, 21, 26, 29, 24, 29, 21, 20, 24, 21, 24]]
Inventory holding cost per unit of each product by the end of each period h: 
[[11, 12, 15, 13, 16, 13, 17, 18, 18, 10, 15, 15, 15, 19, 10, 10, 13, 15, 15, 13], [17, 19, 15, 13, 17, 14, 19, 11, 19, 10, 11, 10, 19, 15, 11, 13, 15, 12, 11, 12], [14, 11, 14, 13, 12, 19, 19, 17, 15, 15, 16, 14, 19, 15, 16, 11, 10, 18, 13, 18], [14, 13, 16, 15, 13, 12, 15, 18, 16, 16, 11, 19, 10, 15, 14, 15, 18, 16, 12, 11], [10, 16, 10, 14, 11, 10, 13, 10, 19, 13, 16, 13, 19, 19, 17, 17, 15, 19, 15, 19], [17, 11, 16, 15, 14, 14, 18, 15, 11, 14, 17, 19, 17, 19, 13, 12, 10, 14, 10, 13], [10, 11, 12, 18, 19, 10, 18, 19, 12, 13, 10, 17, 13, 10, 14, 18, 10, 14, 10, 13], [16, 16, 12, 16, 11, 15, 14, 15, 16, 16, 10, 17, 13, 13, 10, 15, 15, 12, 11, 16], [13, 15, 13, 19, 16, 16, 16, 15, 19, 14, 18, 10, 10, 13, 17, 15, 13, 18, 11, 15], [16, 15, 13, 17, 13, 19, 13, 17, 18, 14, 12, 15, 13, 13, 14, 11, 16, 10, 14, 16], [13, 15, 14, 10, 18, 17, 11, 14, 18, 13, 18, 18, 18, 19, 16, 19, 17, 18, 19, 10], [18, 17, 12, 10, 15, 10, 10, 10, 10, 12, 19, 15, 17, 12, 12, 17, 14, 17, 12, 17], [10, 19, 15, 13, 10, 10, 13, 11, 17, 14, 15, 18, 17, 14, 18, 11, 13, 12, 16, 19], [16, 17, 11, 19, 13, 11, 13, 16, 11, 14, 19, 17, 11, 18, 16, 19, 10, 13, 13, 10], [16, 16, 16, 14, 16, 17, 16, 10, 12, 16, 18, 15, 14, 17, 15, 17, 12, 19, 15, 12], [10, 14, 14, 13, 17, 15, 13, 17, 12, 14, 14, 15, 11, 13, 18, 10, 11, 15, 10, 15], [14, 14, 19, 11, 18, 17, 16, 15, 17, 11, 10, 19, 16, 13, 11, 19, 19, 16, 12, 17], [14, 19, 15, 15, 17, 19, 15, 12, 14, 18, 15, 10, 13, 13, 16, 16, 12, 12, 13, 11], [13, 16, 15, 14, 11, 13, 11, 16, 18, 17, 11, 10, 11, 10, 11, 13, 16, 12, 10, 11], [19, 17, 13, 17, 16, 13, 19, 12, 15, 14, 10, 14, 11, 10, 12, 12, 13, 11, 19, 14], [14, 16, 15, 10, 11, 14, 16, 15, 15, 10, 14, 15, 13, 18, 16, 13, 17, 16, 12, 11], [10, 19, 18, 17, 15, 14, 12, 14, 18, 14, 15, 11, 16, 11, 19, 17, 13, 19, 17, 10], [19, 11, 18, 11, 11, 16, 13, 10, 16, 15, 11, 15, 17, 17, 15, 19, 10, 18, 14, 11], [17, 14, 10, 16, 17, 10, 14, 13, 17, 15, 13, 14, 18, 14, 13, 18, 10, 17, 11, 10], [13, 17, 13, 14, 12, 18, 10, 10, 14, 10, 18, 16, 18, 13, 13, 17, 16, 15, 15, 17], [17, 14, 19, 11, 17, 13, 19, 14, 10, 18, 14, 12, 14, 18, 13, 11, 12, 17, 11, 18], [11, 13, 10, 13, 18, 13, 17, 15, 14, 18, 11, 15, 13, 10, 19, 19, 12, 15, 14, 16], [18, 17, 16, 15, 11, 12, 17, 17, 11, 15, 14, 17, 10, 12, 13, 16, 12, 12, 17, 12], [15, 12, 19, 13, 15, 10, 11, 10, 13, 17, 18, 19, 19, 14, 16, 11, 11, 11, 19, 10], [13, 12, 10, 19, 11, 15, 13, 19, 17, 16, 14, 17, 12, 10, 19, 10, 12, 11, 10, 13]]
Demand for each product in each period d: 
[[39, 33, 25, 42, 37, 45, 39, 47, 42, 27, 33, 13, 18, 25, 37, 2, 39, 36, 19, 29], [25, 30, 11, 44, 27, 18, 10, 35, 25, 46, 24, 36, 27, 8, 11, 9, 46, 13, 15, 34], [0, 27, 44, 7, 13, 9, 36, 24, 35, 22, 22, 16, 19, 49, 43, 38, 14, 39, 0, 25], [5, 20, 9, 3, 9, 30, 37, 49, 17, 21, 11, 48, 18, 33, 23, 28, 30, 40, 40, 31], [39, 12, 34, 26, 23, 36, 41, 33, 47, 42, 5, 15, 0, 17, 34, 7, 9, 18, 44, 40], [34, 46, 49, 18, 42, 24, 22, 49, 22, 39, 48, 9, 19, 31, 43, 8, 21, 42, 1, 22], [12, 3, 18, 36, 29, 16, 1, 25, 7, 32, 3, 16, 38, 20, 18, 41, 13, 25, 8, 15], [39, 5, 14, 42, 49, 0, 37, 0, 30, 8, 26, 30, 0, 28, 22, 33, 26, 40, 46, 11], [40, 16, 49, 29, 32, 32, 32, 21, 8, 8, 32, 35, 12, 21, 17, 18, 17, 27, 21, 47], [5, 21, 41, 14, 10, 49, 35, 10, 36, 32, 25, 11, 38, 40, 40, 39, 0, 8, 27, 33], [42, 3, 8, 4, 6, 4, 14, 33, 32, 23, 31, 18, 8, 19, 17, 32, 21, 22, 39, 46], [9, 46, 3, 37, 38, 6, 41, 35, 13, 47, 39, 38, 35, 34, 3, 20, 19, 13, 1, 14], [38, 32, 3, 38, 16, 26, 27, 4, 32, 7, 47, 23, 14, 8, 32, 2, 19, 5, 4, 46], [3, 36, 5, 4, 2, 18, 4, 0, 11, 49, 24, 6, 9, 6, 29, 43, 0, 26, 35, 23], [31, 23, 23, 10, 47, 14, 36, 30, 46, 37, 38, 43, 19, 23, 4, 49, 6, 13, 43, 23], [9, 12, 20, 32, 41, 44, 1, 32, 21, 3, 16, 14, 31, 41, 33, 32, 39, 4, 13, 33], [47, 43, 17, 49, 36, 15, 45, 24, 21, 41, 44, 15, 3, 46, 21, 29, 29, 29, 35, 39], [45, 16, 43, 34, 34, 11, 7, 20, 36, 15, 0, 37, 23, 38, 21, 9, 11, 7, 5, 41], [36, 39, 40, 7, 31, 14, 26, 30, 2, 1, 45, 23, 15, 0, 16, 2, 42, 41, 36, 49], [17, 12, 27, 47, 40, 5, 21, 32, 19, 22, 27, 31, 32, 44, 15, 18, 18, 6, 40, 45], [13, 18, 10, 9, 4, 23, 25, 12, 4, 28, 22, 5, 23, 49, 25, 44, 23, 26, 12, 0], [38, 37, 33, 48, 44, 1, 35, 19, 15, 14, 35, 3, 26, 35, 7, 20, 25, 45, 13, 36], [34, 10, 18, 40, 10, 2, 26, 5, 8, 13, 32, 29, 10, 22, 19, 24, 38, 30, 30, 34], [18, 42, 32, 0, 1, 28, 20, 23, 8, 42, 36, 5, 10, 27, 21, 20, 21, 39, 13, 9], [8, 36, 5, 46, 27, 20, 40, 40, 29, 22, 31, 21, 49, 4, 26, 25, 41, 17, 1, 38], [42, 40, 43, 30, 2, 20, 49, 6, 5, 7, 19, 3, 49, 19, 8, 47, 30, 19, 44, 44], [4, 0, 45, 0, 24, 47, 0, 18, 43, 47, 29, 22, 11, 5, 29, 21, 42, 27, 11, 21], [24, 12, 5, 31, 11, 22, 4, 34, 10, 37, 33, 40, 17, 37, 0, 22, 22, 21, 38, 49], [2, 30, 49, 34, 36, 0, 37, 27, 47, 18, 38, 16, 22, 30, 10, 16, 36, 39, 8, 18], [25, 26, 44, 34, 0, 11, 14, 28, 0, 31, 7, 4, 7, 1, 5, 11, 13, 27, 26, 22]]
Maintenance cost in each period m: 
[968, 789, 971, 809, 768, 522, 817, 898, 959, 572, 936, 970, 968, 848, 617, 841, 551, 855, 627, 607]
Maximum capacity of the machine cmax: 
1350