Set of periods in the planning horizon T: 
70
Set of products P: 
10
Capacity reduction coefficient alpha: 
0.69
Relative decrease of capacity per set up gamma: 
0.4
Capacity reduction coefficient due to product types beta: 
[0.27, 0.27, 0.25, 0.27, 0.35, 0.35, 0.3, 0.33, 0.37, 0.36]
Fixed production cost of each product in each period f: 
[[2603, 1656, 2823, 3139, 2189, 3494, 2529, 1985, 1648, 2808, 3140, 900, 2676, 2776, 1779, 3282, 3383, 1917, 2183, 1906, 1435, 1128, 1354, 2421, 2001, 3200, 3056, 1948, 2977, 1579, 1490, 3151, 1931, 1865, 2812, 1604, 2005, 2036, 1388, 3386, 2799, 2436, 2472, 2529, 1603, 1248, 2338, 3135, 2006, 3162, 2906, 2107, 2812, 850, 2290, 2466, 1327, 898, 2473, 3104, 2607, 2571, 3468, 2560, 940, 1827, 2303, 902, 1992, 3374], [3284, 1744, 2285, 1351, 2446, 1843, 1755, 2240, 739, 2054, 1506, 2426, 3235, 716, 2475, 1295, 2486, 2766, 3328, 3279, 1610, 1655, 3322, 753, 1623, 2847, 924, 2577, 2065, 2465, 1024, 2574, 1879, 2693, 3004, 2460, 1198, 2881, 2662, 3454, 2721, 2905, 3245, 1126, 899, 2253, 3169, 2050, 954, 2941, 1294, 3215, 2009, 1549, 3470, 953, 1948, 1650, 1522, 3276, 2290, 2979, 2894, 1698, 1955, 710, 2608, 703, 1715, 1942], [2596, 1219, 2216, 2526, 3365, 3217, 2557, 2737, 1870, 2545, 936, 3213, 2899, 831, 1085, 2079, 932, 1667, 2462, 919, 1940, 3120, 1517, 3379, 1690, 1108, 2266, 790, 1066, 2841, 1662, 1863, 3499, 1627, 2004, 3113, 1254, 3139, 1950, 1300, 2330, 1619, 2549, 1544, 1055, 1001, 2406, 2996, 1526, 3044, 1538, 3178, 1407, 2798, 3166, 3126, 1364, 2608, 1492, 2009, 1550, 3367, 1189, 2253, 2976, 2235, 1277, 1627, 1067, 3100], [721, 1735, 3493, 3147, 1510, 2844, 3350, 1376, 1277, 3142, 2530, 3375, 867, 1213, 1229, 2952, 1960, 3129, 2374, 3134, 1185, 2255, 2563, 1855, 2794, 3474, 2016, 2190, 1747, 1878, 977, 1991, 1122, 1024, 781, 901, 1712, 3051, 1495, 1413, 1278, 2944, 3347, 1382, 1026, 839, 2730, 2093, 2216, 3347, 3324, 712, 1985, 3126, 3305, 1727, 910, 1241, 1509, 1624, 1853, 1349, 3409, 804, 1435, 2557, 2556, 1199, 3182, 2045], [2203, 750, 1689, 865, 2698, 2842, 2487, 1791, 1899, 1257, 702, 3000, 2258, 1116, 3235, 2983, 3373, 2683, 3407, 1134, 2932, 1858, 1431, 1441, 3332, 867, 914, 3248, 1495, 983, 2222, 2076, 2314, 2664, 2728, 3121, 1347, 2928, 2557, 1675, 1367, 2775, 2092, 2530, 1332, 2397, 1485, 1441, 1376, 2499, 2975, 2828, 2810, 3052, 1023, 2523, 1158, 1315, 2928, 3320, 2802, 1861, 2300, 2864, 1149, 864, 2423, 1142, 3474, 886], [1651, 882, 2417, 2393, 1144, 853, 1037, 2167, 3145, 3161, 986, 3123, 1535, 1422, 3105, 3337, 1686, 2936, 1782, 3039, 829, 2469, 1440, 1910, 832, 3377, 1568, 1862, 2290, 1950, 1056, 3453, 3390, 2894, 1210, 2857, 3407, 787, 2650, 2268, 3413, 1260, 1770, 3127, 1146, 1098, 1668, 3477, 2766, 953, 1624, 1104, 1732, 1596, 3348, 2539, 989, 2276, 2022, 2837, 1837, 2959, 1136, 3457, 2561, 3412, 1962, 3008, 2987, 2732], [2720, 2337, 2671, 2382, 1211, 3117, 933, 789, 941, 3443, 898, 1137, 746, 1266, 1020, 2078, 2685, 1093, 2110, 2728, 3454, 2634, 1422, 1644, 1468, 992, 1426, 1704, 3152, 3235, 2433, 2323, 2433, 2419, 1914, 1626, 2098, 990, 2314, 2637, 1305, 894, 2712, 1825, 3409, 895, 2723, 1984, 2286, 2197, 2496, 1237, 2874, 1866, 1119, 1836, 1539, 3075, 1491, 2558, 798, 1687, 2616, 2484, 1872, 2936, 987, 1121, 1329, 1998], [2453, 1503, 2492, 3455, 3071, 1916, 970, 1799, 2292, 2197, 2817, 1326, 2923, 1351, 2264, 2256, 3189, 2729, 3111, 3148, 3075, 3383, 2851, 1274, 1277, 3353, 3396, 1942, 2213, 2883, 1327, 1410, 2174, 1232, 2903, 3489, 2522, 1458, 2211, 2117, 1712, 908, 2588, 1941, 1402, 2934, 2404, 3405, 1858, 1825, 1691, 1003, 2234, 2073, 2344, 718, 2607, 1441, 1545, 3188, 2811, 2236, 1899, 3494, 1848, 2699, 1348, 2619, 2173, 2889], [3391, 1835, 927, 1129, 3247, 3358, 1674, 3118, 1066, 902, 1705, 2518, 1617, 3451, 2073, 2237, 2949, 997, 2040, 2592, 3211, 2479, 2007, 2070, 3229, 1803, 1275, 1344, 944, 2575, 1059, 2537, 2012, 1058, 2383, 3385, 1778, 821, 1372, 2013, 950, 3126, 3118, 1394, 2766, 915, 725, 2556, 1265, 1064, 2214, 3384, 2643, 1649, 1451, 1251, 1290, 2156, 1493, 2145, 1259, 1591, 1466, 1478, 914, 892, 2298, 3012, 778, 1769], [1584, 1844, 2207, 2190, 3068, 2370, 713, 1977, 2911, 2510, 1952, 1857, 1418, 2709, 3054, 2192, 2492, 1721, 3191, 3256, 2529, 2832, 1038, 1576, 2010, 1523, 2279, 2823, 2597, 3274, 2404, 956, 2656, 1564, 1598, 852, 1683, 1926, 1809, 2262, 1951, 1350, 2281, 1387, 2183, 3012, 749, 2042, 1202, 3329, 868, 1933, 1842, 1370, 1439, 791, 2832, 1148, 2837, 1410, 1473, 2137, 2943, 1210, 1368, 1459, 1837, 1285, 2019, 2297]]
Variable production cost per unit of each product in each period p: 
[[27, 26, 25, 29, 23, 21, 29, 29, 25, 25, 23, 20, 23, 28, 20, 22, 23, 25, 20, 27, 27, 29, 20, 26, 24, 23, 27, 21, 22, 20, 25, 23, 25, 24, 28, 24, 21, 26, 28, 28, 20, 24, 27, 20, 21, 29, 26, 29, 20, 20, 28, 25, 22, 29, 25, 22, 26, 24, 20, 26, 26, 28, 21, 20, 23, 20, 26, 29, 21, 28], [23, 21, 25, 26, 24, 28, 26, 23, 20, 29, 22, 24, 25, 26, 23, 26, 28, 26, 27, 29, 27, 21, 29, 27, 24, 20, 22, 20, 28, 22, 24, 24, 24, 28, 26, 27, 20, 22, 27, 23, 28, 24, 28, 21, 25, 22, 23, 23, 24, 24, 23, 25, 24, 24, 22, 21, 29, 23, 26, 20, 20, 20, 24, 20, 28, 21, 26, 25, 27, 26], [20, 20, 28, 29, 25, 26, 23, 27, 25, 24, 25, 23, 29, 29, 24, 23, 27, 23, 29, 27, 25, 27, 27, 22, 26, 25, 27, 27, 23, 20, 25, 26, 22, 23, 24, 27, 24, 23, 25, 28, 23, 26, 22, 25, 21, 24, 28, 20, 20, 23, 21, 20, 24, 20, 27, 22, 23, 23, 29, 27, 26, 22, 27, 25, 26, 28, 21, 24, 25, 29], [28, 27, 20, 25, 22, 29, 21, 22, 25, 22, 22, 20, 24, 24, 25, 29, 23, 24, 20, 26, 21, 24, 24, 23, 21, 28, 20, 20, 29, 26, 28, 27, 26, 23, 26, 29, 27, 20, 27, 25, 25, 23, 24, 21, 26, 28, 25, 25, 26, 26, 29, 20, 24, 25, 28, 26, 28, 20, 20, 28, 23, 26, 29, 21, 27, 25, 26, 21, 21, 20], [22, 29, 26, 27, 26, 27, 29, 21, 26, 21, 20, 24, 28, 25, 22, 24, 25, 23, 26, 28, 20, 21, 22, 26, 27, 20, 26, 22, 28, 26, 28, 21, 20, 22, 25, 24, 27, 21, 23, 25, 29, 25, 20, 24, 26, 20, 21, 27, 29, 21, 23, 23, 27, 29, 21, 29, 23, 26, 24, 29, 22, 22, 21, 21, 29, 20, 25, 23, 24, 21], [24, 22, 29, 29, 25, 22, 21, 23, 28, 26, 21, 25, 23, 23, 29, 24, 25, 27, 23, 23, 28, 23, 26, 25, 27, 26, 27, 28, 21, 26, 24, 29, 24, 27, 23, 28, 28, 28, 28, 26, 22, 25, 27, 25, 29, 20, 20, 23, 20, 28, 23, 24, 26, 28, 29, 22, 24, 20, 23, 22, 22, 28, 22, 25, 20, 23, 27, 23, 20, 28], [21, 29, 24, 26, 24, 22, 26, 26, 25, 28, 27, 23, 25, 27, 27, 22, 29, 20, 27, 20, 24, 28, 24, 29, 28, 29, 26, 20, 29, 24, 25, 24, 25, 23, 24, 22, 27, 26, 22, 23, 27, 20, 29, 28, 27, 29, 23, 22, 23, 20, 23, 20, 21, 26, 24, 25, 26, 24, 26, 22, 23, 28, 29, 25, 26, 27, 21, 24, 28, 29], [29, 21, 21, 25, 21, 26, 27, 28, 24, 28, 23, 26, 21, 23, 23, 23, 22, 21, 26, 20, 24, 25, 20, 24, 21, 29, 23, 26, 21, 25, 25, 26, 22, 22, 23, 27, 22, 25, 22, 24, 20, 27, 20, 25, 25, 21, 20, 22, 20, 20, 28, 27, 27, 26, 27, 25, 27, 27, 28, 28, 28, 26, 24, 20, 20, 24, 27, 20, 25, 29], [29, 27, 21, 21, 25, 22, 27, 29, 23, 25, 25, 21, 26, 29, 25, 22, 20, 29, 24, 22, 21, 24, 23, 28, 26, 23, 26, 20, 26, 27, 28, 29, 21, 27, 20, 22, 26, 28, 25, 28, 26, 26, 27, 28, 29, 21, 27, 27, 20, 22, 26, 23, 22, 23, 22, 22, 28, 26, 22, 22, 20, 26, 23, 26, 29, 28, 26, 27, 27, 21], [23, 29, 25, 22, 25, 23, 25, 29, 26, 29, 20, 24, 25, 24, 29, 25, 29, 28, 24, 26, 29, 24, 28, 28, 24, 24, 24, 23, 24, 27, 25, 23, 26, 27, 28, 26, 22, 26, 26, 26, 21, 28, 21, 27, 29, 24, 27, 21, 25, 26, 28, 20, 27, 23, 29, 27, 27, 24, 23, 29, 25, 23, 29, 26, 26, 26, 26, 25, 26, 29]]
Inventory holding cost per unit of each product by the end of each period h: 
[[10, 16, 16, 19, 17, 13, 13, 15, 13, 12, 19, 16, 15, 17, 15, 10, 16, 17, 18, 10, 12, 18, 10, 12, 17, 13, 19, 19, 15, 14, 17, 17, 17, 15, 14, 16, 19, 19, 16, 19, 19, 15, 18, 17, 11, 18, 18, 14, 15, 15, 16, 10, 10, 12, 18, 15, 14, 10, 17, 12, 18, 19, 16, 10, 16, 19, 17, 15, 11, 11], [11, 18, 15, 14, 12, 12, 16, 14, 17, 19, 19, 18, 15, 16, 13, 13, 17, 19, 12, 10, 11, 16, 19, 19, 14, 14, 19, 10, 13, 16, 14, 13, 16, 11, 13, 19, 16, 12, 12, 18, 16, 17, 13, 15, 12, 19, 18, 14, 10, 14, 19, 12, 13, 18, 18, 17, 16, 12, 10, 12, 14, 18, 19, 15, 11, 16, 10, 16, 19, 11], [10, 18, 14, 10, 15, 12, 14, 19, 17, 19, 19, 19, 12, 12, 10, 18, 18, 13, 19, 18, 14, 11, 18, 12, 15, 10, 15, 13, 12, 14, 16, 12, 14, 11, 17, 11, 15, 11, 11, 16, 18, 14, 17, 12, 13, 12, 10, 15, 16, 19, 15, 17, 15, 19, 14, 17, 15, 16, 12, 18, 11, 12, 13, 17, 19, 14, 10, 15, 15, 11], [15, 10, 17, 11, 11, 13, 16, 15, 12, 12, 17, 11, 10, 11, 13, 13, 15, 19, 17, 16, 13, 10, 15, 17, 12, 15, 15, 17, 17, 14, 14, 16, 11, 11, 13, 11, 13, 13, 10, 12, 19, 14, 16, 17, 10, 13, 10, 16, 16, 18, 13, 19, 15, 11, 15, 14, 15, 19, 11, 15, 16, 14, 18, 12, 18, 15, 16, 19, 12, 15], [17, 18, 16, 13, 18, 11, 12, 16, 18, 11, 17, 17, 14, 16, 17, 13, 13, 14, 18, 18, 15, 17, 19, 17, 12, 12, 18, 17, 16, 12, 14, 12, 12, 11, 12, 15, 14, 10, 19, 17, 17, 17, 17, 17, 13, 18, 17, 17, 12, 12, 15, 12, 10, 15, 15, 16, 13, 15, 11, 11, 16, 17, 11, 12, 10, 18, 14, 18, 15, 10], [17, 14, 11, 13, 16, 18, 10, 10, 18, 16, 10, 12, 18, 15, 12, 14, 10, 12, 15, 18, 15, 11, 12, 15, 14, 10, 17, 14, 11, 10, 12, 13, 17, 17, 10, 12, 15, 10, 10, 18, 17, 13, 15, 10, 10, 12, 16, 17, 18, 10, 13, 15, 18, 13, 19, 17, 14, 19, 16, 19, 10, 13, 12, 11, 16, 15, 12, 16, 10, 11], [19, 10, 19, 17, 19, 12, 10, 19, 11, 10, 10, 10, 16, 14, 10, 10, 10, 11, 18, 17, 16, 10, 12, 16, 17, 12, 17, 16, 19, 19, 11, 16, 13, 12, 16, 17, 18, 19, 15, 16, 14, 16, 18, 10, 18, 16, 11, 14, 15, 14, 17, 10, 16, 16, 18, 18, 17, 16, 15, 10, 15, 15, 11, 18, 16, 14, 13, 14, 19, 13], [18, 18, 18, 14, 13, 18, 13, 11, 11, 19, 16, 12, 14, 11, 19, 16, 12, 10, 17, 19, 16, 12, 16, 17, 13, 14, 17, 13, 18, 11, 14, 12, 11, 17, 13, 17, 14, 15, 12, 18, 19, 12, 16, 13, 11, 15, 17, 19, 19, 17, 12, 10, 13, 16, 11, 12, 15, 16, 15, 16, 15, 18, 13, 19, 14, 12, 10, 14, 19, 16], [18, 19, 16, 10, 12, 17, 16, 15, 16, 12, 14, 15, 19, 16, 11, 16, 15, 16, 10, 14, 15, 17, 17, 16, 19, 15, 10, 12, 11, 14, 14, 17, 14, 10, 14, 19, 11, 14, 11, 15, 10, 10, 12, 11, 12, 18, 12, 10, 18, 13, 16, 10, 19, 17, 14, 16, 11, 11, 19, 19, 17, 12, 19, 18, 10, 10, 10, 11, 12, 15], [14, 18, 13, 13, 10, 12, 14, 18, 13, 14, 18, 15, 17, 18, 14, 19, 12, 18, 11, 11, 16, 11, 19, 17, 11, 14, 16, 17, 11, 15, 11, 15, 13, 19, 17, 18, 16, 14, 10, 17, 16, 17, 12, 18, 14, 15, 17, 18, 12, 19, 11, 19, 12, 18, 14, 11, 15, 10, 13, 17, 16, 15, 17, 15, 14, 13, 16, 13, 15, 13]]
Demand for each product in each period d: 
[[39, 31, 28, 49, 35, 37, 29, 19, 20, 33, 20, 9, 25, 17, 41, 46, 22, 33, 25, 18, 22, 39, 15, 46, 25, 15, 34, 42, 25, 12, 19, 18, 25, 12, 8, 46, 5, 8, 18, 32, 36, 8, 23, 41, 16, 18, 27, 33, 9, 47, 24, 46, 43, 28, 38, 35, 48, 27, 39, 20, 27, 12, 35, 8, 9, 47, 5, 44, 9, 46], [43, 21, 32, 33, 28, 47, 33, 10, 18, 10, 6, 35, 36, 35, 21, 6, 26, 34, 30, 13, 13, 25, 41, 5, 11, 9, 13, 6, 18, 25, 43, 12, 10, 32, 30, 24, 21, 8, 39, 42, 29, 31, 20, 46, 38, 11, 17, 26, 46, 41, 7, 23, 13, 12, 9, 28, 46, 7, 8, 19, 11, 47, 22, 11, 21, 39, 8, 15, 40, 44], [13, 40, 12, 30, 25, 18, 42, 26, 9, 12, 39, 14, 48, 42, 6, 23, 6, 6, 49, 49, 24, 25, 11, 25, 38, 6, 48, 14, 10, 11, 23, 19, 29, 7, 21, 30, 17, 22, 13, 21, 41, 36, 9, 16, 40, 5, 22, 32, 8, 17, 26, 25, 13, 37, 39, 12, 5, 33, 29, 31, 28, 12, 36, 36, 24, 36, 20, 21, 11, 18], [19, 38, 23, 19, 8, 32, 12, 47, 39, 48, 33, 8, 43, 31, 13, 25, 40, 38, 29, 34, 45, 15, 32, 39, 46, 36, 27, 49, 11, 33, 16, 20, 34, 46, 16, 35, 40, 49, 43, 40, 23, 20, 38, 15, 38, 19, 20, 38, 30, 17, 10, 48, 45, 35, 25, 18, 13, 24, 44, 5, 31, 28, 16, 24, 47, 31, 36, 12, 33, 35], [23, 43, 21, 31, 45, 40, 21, 8, 20, 24, 5, 42, 35, 48, 10, 44, 26, 7, 26, 10, 15, 32, 21, 32, 32, 17, 31, 35, 40, 33, 42, 29, 11, 43, 31, 13, 8, 25, 23, 13, 12, 43, 31, 42, 17, 35, 20, 39, 39, 36, 37, 37, 9, 7, 28, 7, 46, 13, 23, 30, 41, 49, 22, 46, 30, 39, 19, 24, 28, 43], [10, 45, 20, 11, 41, 38, 30, 10, 16, 11, 45, 17, 35, 14, 37, 19, 24, 11, 44, 49, 13, 18, 49, 34, 18, 19, 29, 36, 25, 39, 15, 32, 46, 27, 49, 7, 48, 43, 20, 26, 5, 40, 31, 31, 7, 36, 29, 49, 31, 9, 18, 36, 15, 44, 12, 43, 30, 45, 47, 37, 40, 11, 9, 23, 26, 22, 17, 25, 43, 45], [12, 47, 48, 33, 35, 23, 39, 26, 7, 21, 9, 21, 38, 36, 45, 24, 40, 10, 37, 42, 10, 42, 38, 12, 27, 23, 31, 8, 46, 6, 13, 28, 41, 27, 14, 26, 6, 37, 5, 9, 29, 35, 30, 43, 19, 30, 48, 15, 41, 22, 15, 43, 12, 31, 46, 22, 13, 27, 25, 41, 10, 25, 14, 41, 42, 36, 39, 46, 46, 13], [10, 26, 35, 17, 6, 30, 36, 7, 36, 5, 33, 26, 23, 41, 27, 16, 9, 25, 34, 8, 43, 6, 34, 26, 23, 15, 29, 11, 20, 8, 41, 14, 44, 32, 10, 10, 14, 32, 12, 20, 47, 11, 19, 28, 37, 23, 15, 10, 42, 18, 7, 13, 42, 25, 18, 28, 45, 48, 38, 43, 47, 14, 42, 13, 12, 29, 13, 23, 6, 22], [34, 14, 5, 23, 42, 35, 6, 15, 17, 40, 6, 41, 8, 45, 38, 10, 49, 32, 14, 39, 39, 7, 38, 12, 8, 39, 25, 44, 21, 19, 35, 27, 34, 27, 27, 33, 31, 47, 22, 48, 14, 13, 45, 39, 26, 26, 29, 28, 40, 43, 8, 11, 33, 47, 45, 34, 39, 41, 43, 33, 16, 23, 28, 27, 31, 14, 9, 30, 16, 29], [18, 40, 48, 38, 19, 14, 45, 42, 17, 23, 41, 21, 16, 44, 36, 19, 6, 33, 23, 35, 8, 9, 28, 14, 38, 33, 48, 18, 44, 21, 45, 39, 11, 29, 49, 48, 25, 17, 16, 25, 7, 10, 17, 14, 30, 14, 43, 30, 8, 19, 39, 8, 5, 20, 47, 11, 42, 41, 21, 18, 9, 33, 24, 26, 48, 37, 27, 33, 5, 9]]
Maintenance cost in each period m: 
[14227, 16273, 13607, 8463, 24008, 19098, 15273, 25878, 11034, 7447, 20710, 14493, 24598, 26622, 20585, 14412, 32524, 17281, 9522, 26315, 20743, 21520, 29018, 30560, 28707, 33473, 21372, 11029, 22331, 19093, 15725, 18680, 10621, 15063, 9143, 16806, 10445, 24901, 31778, 30457, 14307, 10571, 24387, 26797, 13249, 24908, 14507, 33858, 29682, 29401, 32802, 13972, 13206, 15267, 31355, 18528, 15097, 24671, 17685, 31099, 17312, 26088, 32644, 25548, 14302, 7064, 18120, 11621, 18285, 11410]
Maximum capacity of the machine cmax: 
420