Set of periods in the planning horizon T: 
70
Set of products P: 
20
Capacity reduction coefficient alpha: 
0.88
Relative decrease of capacity per set up gamma: 
0.27
Capacity reduction coefficient due to product types beta: 
[0.24, 0.31, 0.28, 0.34, 0.28, 0.26, 0.28, 0.28, 0.38, 0.34, 0.4, 0.36, 0.25, 0.21, 0.36, 0.21, 0.38, 0.26, 0.35, 0.21]
Fixed production cost of each product in each period f: 
[[3458, 2449, 1278, 2822, 1687, 3014, 1891, 2675, 851, 3444, 901, 2758, 1336, 1661, 2864, 2310, 3171, 2668, 1116, 827, 1875, 3091, 2349, 3060, 1252, 3422, 2892, 2952, 897, 3409, 2077, 1763, 3444, 2398, 1534, 2467, 2197, 2481, 1840, 2775, 1429, 952, 1184, 1137, 3111, 2738, 2915, 2354, 2397, 1998, 3423, 1314, 3339, 2029, 1424, 1030, 2306, 2039, 1684, 1404, 2287, 788, 3278, 971, 2429, 2564, 1434, 1355, 1972, 3082], [3341, 2796, 2367, 2008, 3338, 2071, 930, 722, 3447, 3166, 2812, 1995, 2473, 2171, 1928, 2679, 1941, 2831, 1745, 1757, 1145, 2437, 1243, 716, 797, 940, 2335, 1841, 1580, 3004, 1513, 1448, 2305, 1881, 1206, 2612, 1834, 1642, 2898, 2242, 980, 1289, 2713, 2622, 1959, 2149, 1867, 2507, 847, 1771, 1969, 1066, 2826, 1261, 3432, 2919, 3177, 3283, 3057, 1057, 3452, 2951, 991, 3088, 2690, 749, 1970, 1607, 3459, 1480], [884, 1461, 2665, 1624, 2467, 3479, 1784, 3404, 1167, 1321, 1475, 1397, 2720, 3166, 1216, 2281, 1783, 1727, 1740, 2291, 827, 3195, 2088, 2792, 1008, 2546, 2961, 1271, 1271, 1424, 2872, 1782, 3111, 1837, 712, 2093, 1854, 1739, 3436, 1546, 2241, 2452, 2576, 724, 2229, 2898, 3480, 1330, 1525, 1653, 1056, 1937, 1817, 1987, 1015, 3012, 825, 2074, 1385, 899, 1835, 1372, 3267, 1126, 1888, 2704, 2893, 1706, 768, 1384], [1571, 3025, 2503, 2170, 2901, 1241, 3385, 801, 3279, 2858, 2128, 2920, 1383, 2621, 3268, 2583, 1416, 3226, 3394, 1016, 2909, 3186, 1853, 1806, 2259, 2609, 1072, 2123, 3329, 2571, 1860, 3260, 952, 1090, 3003, 3119, 1769, 3342, 1643, 3264, 2138, 2178, 2021, 1524, 1520, 1729, 1169, 2666, 2943, 2817, 1358, 1378, 2713, 1618, 2593, 1403, 1426, 1941, 2995, 2676, 777, 1641, 928, 2043, 2260, 2314, 2460, 1249, 1920, 811], [2309, 1460, 1289, 2122, 2469, 1151, 3058, 2075, 3469, 738, 2957, 2465, 3487, 2745, 3112, 1862, 3030, 1078, 3437, 1855, 2137, 2987, 2939, 2460, 2766, 2050, 1531, 734, 3194, 2057, 3405, 2240, 1346, 1411, 1424, 2945, 3207, 1122, 2399, 3299, 922, 2070, 1275, 2394, 1542, 3030, 1091, 2493, 2318, 3102, 1175, 1852, 2867, 2562, 2081, 2955, 2328, 1535, 2557, 1498, 2331, 3225, 1484, 866, 2824, 943, 1243, 3284, 719, 2966], [3201, 1267, 2220, 2486, 2814, 3208, 1604, 2668, 2453, 1688, 2736, 3206, 1100, 1261, 2348, 1449, 3101, 3124, 2997, 1595, 2092, 2786, 2117, 1973, 2569, 2004, 1018, 2120, 2216, 2156, 3253, 2692, 3179, 1292, 2257, 2529, 1605, 2555, 975, 2930, 1990, 3304, 2841, 820, 1403, 2408, 817, 1853, 1602, 2098, 3200, 1176, 2403, 1495, 2142, 3435, 1408, 1617, 3289, 3437, 2176, 1756, 1624, 2149, 2023, 2817, 2558, 1701, 1026, 3430], [2436, 2863, 1834, 3482, 3095, 3013, 2883, 2660, 2315, 2686, 3489, 2018, 2156, 2779, 2826, 2888, 2794, 3253, 1245, 924, 2128, 765, 2823, 1932, 2408, 3343, 2949, 3153, 1527, 2019, 2144, 3278, 2209, 1659, 1820, 2248, 2735, 2734, 3116, 2924, 1511, 1167, 994, 809, 2085, 3148, 1851, 1198, 777, 3218, 3223, 1328, 1725, 931, 1107, 1800, 802, 1593, 2402, 1099, 2470, 2240, 1662, 2960, 2447, 2207, 881, 1248, 2784, 3060], [867, 2629, 2175, 1458, 2677, 2169, 1777, 1566, 2504, 2335, 1491, 1032, 2407, 919, 1692, 1840, 2144, 1674, 3210, 2539, 1797, 2751, 3286, 1457, 2755, 3168, 1922, 1092, 1174, 969, 2273, 2326, 2627, 2176, 2319, 1529, 2016, 858, 2705, 1020, 1488, 1997, 3020, 3467, 1857, 853, 1147, 2944, 3337, 2974, 2465, 3423, 882, 1338, 2444, 2980, 1089, 1918, 2885, 3335, 2019, 3097, 3486, 1095, 1865, 2582, 3183, 1408, 1449, 1266], [3179, 1449, 1462, 2803, 2516, 2312, 2780, 3265, 1744, 1495, 1005, 1237, 1717, 2950, 1316, 1819, 734, 2061, 2496, 2812, 814, 731, 2002, 1344, 2307, 3456, 1072, 2235, 3200, 926, 2301, 1385, 3142, 2082, 1948, 2050, 2815, 1337, 2424, 2740, 2937, 3080, 1936, 1522, 1178, 1467, 799, 3229, 3006, 1488, 1001, 3003, 3161, 1779, 2068, 1033, 3428, 738, 3037, 1117, 2949, 3291, 3070, 2361, 2189, 3172, 1940, 1149, 1579, 1437], [1550, 3304, 3337, 756, 2582, 881, 1516, 1722, 2066, 2832, 3156, 2135, 2554, 3499, 3046, 1724, 3042, 3263, 2101, 3362, 1908, 1521, 786, 1358, 2032, 3337, 2046, 1529, 1279, 1368, 2462, 1249, 1663, 1552, 1049, 2749, 956, 2153, 3071, 2519, 2245, 976, 3220, 1998, 3255, 1266, 751, 3435, 1747, 1532, 1015, 2979, 3407, 3492, 3176, 3363, 3155, 906, 3204, 1490, 2405, 1234, 2735, 969, 701, 908, 2329, 2702, 831, 1910], [1246, 2359, 1752, 1645, 993, 2174, 1244, 2182, 2355, 3414, 1607, 3006, 2733, 1687, 1303, 3073, 917, 2135, 1910, 2774, 2289, 3238, 1661, 1442, 2333, 2582, 1210, 3171, 1451, 1223, 2123, 2572, 748, 1376, 1883, 2199, 1359, 2055, 765, 1019, 1284, 1634, 1634, 705, 1014, 3074, 2332, 3120, 979, 2453, 2556, 1605, 2999, 2309, 1469, 3421, 1355, 2688, 2698, 3408, 2555, 1921, 702, 1959, 2685, 2945, 3201, 1534, 1142, 2994], [1512, 3140, 3095, 3325, 1180, 1235, 865, 2027, 2275, 2142, 2613, 3490, 2494, 2926, 1229, 2954, 1422, 830, 3156, 3381, 2819, 1439, 3245, 1539, 2381, 2588, 2803, 2239, 3136, 1437, 1239, 2784, 1672, 1067, 3117, 2936, 1132, 2634, 754, 2134, 3289, 1469, 2155, 918, 1650, 2751, 897, 3418, 3474, 2121, 727, 2130, 1699, 1830, 2458, 1447, 2999, 2076, 722, 3117, 2693, 3157, 1826, 2413, 3379, 2625, 2405, 1262, 2884, 2289], [1652, 1176, 1464, 1343, 824, 1803, 1601, 982, 3181, 1769, 2641, 3132, 1729, 3318, 2535, 1507, 1546, 2926, 1371, 2310, 955, 769, 790, 1568, 2678, 1941, 2527, 1652, 1295, 1127, 1114, 1932, 3381, 1672, 2863, 1143, 1750, 3356, 2280, 1098, 2636, 3419, 1026, 714, 2267, 2221, 1269, 2270, 1028, 887, 2916, 2054, 2330, 1025, 1639, 1821, 1619, 2161, 1910, 2554, 1817, 2247, 3209, 2552, 2444, 1054, 1085, 2328, 3287, 2101], [1547, 997, 1921, 966, 3440, 2202, 3207, 2572, 1612, 2709, 850, 819, 1375, 2050, 3274, 1269, 1681, 2098, 971, 3446, 3295, 1267, 1947, 1153, 1957, 1035, 751, 2257, 1758, 959, 1288, 723, 3221, 3136, 2084, 2868, 2418, 2557, 1475, 2101, 2020, 1250, 3027, 1983, 2844, 1872, 1207, 1001, 1487, 2703, 2139, 2106, 2402, 2035, 1098, 2204, 1229, 1404, 3085, 1591, 2383, 2983, 925, 3135, 3140, 2703, 1611, 1230, 2299, 2929], [3427, 2333, 2466, 2661, 1616, 2004, 3339, 1208, 2919, 2129, 1988, 2151, 1826, 1906, 2036, 3464, 2468, 1488, 1880, 2082, 1152, 1738, 2907, 2844, 950, 1044, 3499, 722, 2390, 3236, 1626, 1003, 2061, 2505, 3198, 773, 1385, 3288, 3271, 1110, 761, 2891, 3367, 716, 3069, 773, 1775, 1153, 1325, 1535, 2909, 1949, 2322, 2519, 2540, 3130, 1621, 2454, 988, 3358, 2272, 3226, 3323, 3358, 3439, 2662, 3351, 2254, 1615, 1534], [1473, 1809, 891, 1683, 2500, 1146, 2966, 1983, 1498, 2673, 3480, 1887, 3454, 2589, 1180, 1291, 1770, 2540, 2937, 1616, 3196, 1649, 2037, 796, 2494, 2092, 2892, 1777, 798, 1619, 1682, 3244, 851, 1487, 3065, 1615, 3369, 1136, 3406, 1693, 2202, 1853, 3283, 2886, 1260, 2207, 3122, 3376, 1407, 3339, 2316, 3135, 735, 1539, 2597, 2842, 2505, 1380, 2000, 760, 1655, 2102, 1634, 2584, 1636, 884, 2154, 2308, 2310, 2280], [995, 2022, 762, 3393, 3334, 1020, 2252, 2465, 1774, 3059, 1885, 3345, 2504, 3135, 2086, 2529, 2826, 3151, 2732, 2868, 3251, 1826, 1925, 2090, 1188, 1036, 2598, 2138, 820, 703, 1746, 1687, 933, 1259, 2709, 1820, 3364, 750, 729, 2351, 2910, 3345, 2578, 2673, 988, 3022, 1035, 2815, 1640, 3007, 3082, 950, 1931, 2314, 1301, 1752, 1116, 3392, 2411, 3235, 2930, 1361, 2470, 3016, 2473, 3065, 2522, 1043, 2366, 1825], [3140, 2377, 2405, 1680, 1135, 1342, 1451, 1371, 2707, 2232, 1523, 1843, 1219, 2001, 3097, 1535, 1696, 2411, 3384, 785, 2227, 1156, 1648, 1313, 1728, 2382, 2757, 1004, 2211, 2252, 3180, 2246, 1316, 1999, 1964, 910, 719, 955, 2341, 2371, 1141, 1505, 778, 3054, 1173, 3168, 2600, 974, 1485, 2882, 2037, 996, 2576, 980, 2105, 1399, 3236, 3128, 2875, 2821, 802, 3305, 2152, 2253, 1906, 2048, 981, 1615, 3058, 845], [2324, 982, 1555, 714, 1393, 2487, 992, 3248, 3494, 2253, 1931, 780, 3309, 905, 2670, 2032, 1679, 2319, 3044, 1763, 2549, 1369, 2509, 1617, 1684, 1430, 3234, 1798, 2135, 3389, 3223, 2829, 986, 2563, 1016, 1968, 2541, 2244, 2828, 1115, 2431, 1209, 1649, 802, 2031, 3069, 2270, 2032, 1079, 1703, 2477, 2463, 1722, 2569, 1490, 934, 753, 943, 2367, 2859, 1833, 2665, 1787, 2569, 1051, 1530, 1849, 2971, 1233, 2935], [1716, 2096, 3108, 3453, 1002, 3058, 1954, 1017, 1934, 2124, 3064, 2636, 791, 1688, 3265, 1006, 957, 1491, 3004, 1497, 2190, 1780, 3329, 1572, 2883, 2512, 954, 2391, 2565, 1011, 2117, 840, 1597, 1239, 2241, 3147, 1630, 1196, 2812, 976, 1643, 783, 3113, 1371, 1012, 2646, 1676, 2902, 1320, 863, 3394, 3358, 3102, 1936, 2888, 2345, 1583, 2603, 1459, 734, 3255, 2854, 1929, 2160, 2231, 1891, 3434, 1875, 1163, 2986]]
Variable production cost per unit of each product in each period p: 
[[24, 23, 26, 28, 28, 23, 29, 29, 26, 25, 28, 25, 26, 20, 25, 26, 20, 22, 27, 24, 29, 26, 20, 25, 22, 29, 25, 20, 26, 28, 28, 24, 23, 24, 26, 25, 26, 29, 29, 26, 23, 20, 23, 22, 25, 24, 23, 26, 27, 27, 24, 29, 22, 20, 23, 26, 29, 29, 23, 27, 29, 27, 26, 24, 29, 21, 26, 29, 24, 21], [27, 21, 27, 25, 27, 22, 20, 21, 22, 20, 21, 29, 23, 26, 22, 26, 28, 27, 20, 22, 25, 21, 22, 29, 21, 22, 23, 22, 26, 28, 22, 26, 24, 27, 29, 22, 21, 20, 22, 26, 28, 29, 27, 24, 21, 26, 24, 24, 27, 27, 27, 26, 28, 25, 25, 27, 28, 26, 20, 21, 25, 29, 28, 22, 27, 25, 29, 21, 29, 26], [22, 27, 22, 29, 20, 26, 21, 26, 24, 28, 27, 22, 25, 29, 28, 29, 27, 23, 26, 24, 29, 21, 20, 27, 24, 24, 25, 23, 25, 27, 22, 26, 28, 29, 28, 27, 28, 25, 27, 24, 22, 29, 24, 20, 25, 29, 25, 26, 29, 26, 20, 21, 25, 26, 21, 20, 27, 23, 21, 29, 26, 24, 27, 22, 29, 25, 28, 23, 24, 25], [29, 28, 22, 27, 26, 24, 24, 20, 21, 25, 28, 20, 29, 20, 23, 23, 22, 27, 23, 26, 29, 20, 27, 26, 29, 25, 27, 21, 20, 23, 20, 25, 22, 28, 25, 24, 21, 23, 24, 26, 29, 27, 24, 27, 22, 20, 25, 25, 20, 28, 22, 24, 27, 20, 21, 21, 26, 27, 24, 24, 21, 24, 27, 20, 24, 29, 26, 27, 22, 28], [26, 22, 23, 24, 28, 23, 24, 23, 26, 29, 23, 29, 23, 23, 21, 24, 29, 21, 26, 29, 28, 23, 20, 23, 25, 20, 28, 29, 20, 27, 29, 23, 23, 28, 22, 21, 20, 29, 25, 28, 22, 28, 25, 21, 21, 25, 20, 28, 20, 24, 22, 25, 27, 27, 29, 27, 29, 24, 27, 22, 20, 20, 21, 24, 25, 24, 21, 25, 28, 23], [21, 21, 26, 21, 23, 29, 28, 25, 29, 22, 28, 28, 29, 29, 25, 22, 27, 25, 28, 28, 27, 22, 27, 25, 22, 24, 25, 29, 20, 25, 24, 24, 20, 21, 23, 25, 21, 25, 28, 25, 29, 25, 24, 29, 21, 24, 27, 23, 22, 24, 21, 21, 24, 26, 29, 29, 26, 25, 24, 24, 25, 29, 29, 20, 27, 21, 21, 23, 21, 24], [26, 29, 20, 29, 28, 22, 24, 21, 21, 27, 29, 23, 28, 29, 24, 24, 23, 25, 29, 27, 22, 20, 20, 20, 24, 21, 22, 28, 24, 28, 29, 22, 29, 29, 27, 22, 29, 22, 22, 22, 21, 27, 25, 21, 23, 27, 25, 22, 29, 21, 23, 21, 22, 22, 25, 28, 24, 20, 23, 27, 24, 27, 22, 23, 20, 20, 22, 27, 27, 29], [22, 22, 21, 27, 23, 25, 25, 20, 24, 22, 22, 26, 25, 26, 28, 24, 27, 29, 23, 22, 21, 21, 23, 21, 23, 21, 24, 24, 25, 22, 23, 25, 25, 29, 27, 29, 26, 29, 28, 26, 24, 24, 23, 24, 28, 20, 25, 24, 29, 20, 20, 20, 20, 29, 20, 21, 25, 23, 28, 25, 23, 27, 20, 25, 20, 23, 23, 29, 27, 23], [23, 29, 27, 20, 23, 24, 28, 27, 24, 21, 27, 27, 22, 29, 24, 22, 24, 24, 23, 23, 24, 23, 27, 23, 24, 20, 28, 20, 25, 22, 28, 20, 26, 29, 24, 28, 21, 29, 25, 29, 21, 26, 27, 29, 28, 28, 23, 24, 26, 23, 23, 20, 26, 29, 28, 24, 25, 26, 28, 24, 24, 25, 29, 20, 23, 21, 25, 20, 26, 27], [25, 26, 23, 27, 26, 21, 20, 21, 29, 27, 25, 21, 22, 21, 22, 29, 22, 22, 21, 28, 29, 20, 25, 23, 23, 20, 24, 23, 25, 23, 25, 23, 23, 26, 28, 28, 25, 25, 22, 27, 26, 29, 29, 22, 21, 29, 26, 27, 28, 23, 29, 25, 21, 28, 29, 22, 22, 23, 28, 29, 26, 29, 29, 24, 25, 26, 25, 23, 20, 29], [20, 21, 21, 22, 23, 26, 20, 29, 27, 21, 21, 24, 23, 22, 26, 23, 28, 26, 20, 20, 28, 24, 20, 24, 21, 22, 20, 27, 25, 22, 28, 21, 22, 21, 22, 25, 27, 20, 21, 21, 29, 23, 20, 27, 21, 22, 26, 20, 21, 26, 27, 21, 29, 27, 27, 29, 24, 25, 25, 27, 23, 20, 22, 23, 20, 26, 21, 23, 27, 23], [22, 23, 28, 21, 23, 22, 29, 28, 25, 29, 29, 26, 27, 22, 26, 29, 23, 25, 25, 25, 28, 26, 20, 24, 27, 20, 21, 25, 27, 26, 29, 20, 20, 28, 27, 27, 27, 28, 21, 24, 25, 27, 25, 27, 21, 23, 26, 28, 29, 22, 23, 21, 23, 27, 23, 20, 29, 23, 21, 22, 21, 28, 24, 22, 26, 25, 29, 25, 26, 25], [25, 22, 26, 20, 24, 26, 25, 22, 29, 24, 20, 23, 29, 24, 27, 26, 28, 28, 29, 29, 20, 26, 26, 27, 28, 24, 21, 24, 26, 29, 21, 24, 27, 29, 23, 29, 25, 20, 22, 28, 28, 20, 21, 20, 21, 29, 23, 29, 20, 20, 20, 22, 27, 21, 20, 22, 21, 25, 25, 21, 27, 20, 29, 24, 20, 21, 21, 21, 23, 22], [25, 25, 23, 21, 25, 26, 29, 25, 23, 28, 22, 23, 26, 21, 20, 22, 29, 23, 24, 28, 22, 29, 28, 26, 26, 26, 28, 22, 28, 28, 26, 29, 22, 26, 28, 28, 20, 21, 22, 27, 25, 26, 23, 22, 27, 24, 27, 27, 20, 28, 21, 29, 29, 20, 25, 28, 20, 21, 21, 29, 27, 25, 21, 23, 27, 26, 21, 21, 21, 29], [23, 28, 21, 22, 20, 28, 25, 22, 29, 25, 25, 29, 25, 28, 22, 25, 24, 21, 23, 29, 26, 21, 28, 21, 24, 25, 24, 29, 23, 21, 23, 21, 28, 28, 26, 23, 27, 29, 24, 20, 23, 21, 22, 27, 22, 29, 23, 21, 20, 29, 29, 27, 29, 27, 21, 20, 23, 28, 23, 29, 21, 23, 26, 22, 23, 26, 29, 26, 27, 20], [21, 20, 20, 24, 20, 27, 29, 20, 22, 28, 22, 22, 20, 29, 23, 28, 22, 25, 22, 27, 25, 25, 28, 24, 24, 20, 29, 26, 20, 26, 25, 24, 22, 20, 20, 21, 24, 20, 26, 27, 27, 23, 21, 29, 27, 21, 21, 21, 27, 25, 24, 29, 29, 22, 24, 26, 25, 26, 25, 23, 28, 22, 22, 23, 20, 22, 20, 29, 24, 22], [25, 20, 28, 22, 23, 26, 22, 24, 21, 26, 20, 29, 22, 22, 29, 27, 20, 23, 21, 22, 20, 29, 29, 28, 21, 22, 23, 22, 24, 25, 26, 28, 20, 29, 27, 24, 20, 27, 26, 27, 21, 29, 29, 22, 22, 22, 22, 22, 20, 25, 23, 20, 27, 29, 25, 26, 25, 27, 28, 26, 25, 22, 29, 28, 26, 23, 20, 29, 29, 28], [23, 25, 27, 26, 20, 27, 22, 27, 24, 21, 20, 21, 24, 23, 26, 22, 26, 24, 27, 22, 20, 27, 26, 23, 26, 29, 21, 24, 26, 28, 23, 28, 24, 21, 26, 22, 27, 20, 23, 28, 29, 29, 25, 25, 22, 25, 24, 22, 21, 21, 29, 23, 29, 20, 27, 26, 27, 21, 27, 28, 28, 25, 28, 22, 29, 20, 21, 29, 21, 26], [22, 28, 20, 26, 29, 20, 20, 22, 27, 25, 23, 21, 26, 29, 24, 28, 28, 28, 24, 25, 21, 24, 20, 20, 22, 20, 29, 20, 22, 23, 25, 23, 26, 29, 21, 22, 29, 25, 20, 24, 26, 28, 27, 28, 20, 29, 22, 25, 29, 25, 22, 24, 25, 24, 25, 22, 20, 27, 26, 23, 29, 25, 22, 25, 20, 29, 29, 22, 21, 22], [25, 26, 22, 28, 25, 20, 28, 26, 25, 22, 25, 21, 28, 26, 27, 22, 22, 27, 26, 21, 20, 24, 23, 28, 21, 22, 22, 23, 25, 28, 25, 22, 29, 26, 22, 25, 26, 20, 28, 28, 29, 29, 26, 22, 24, 27, 20, 27, 24, 24, 27, 22, 29, 29, 22, 22, 28, 29, 22, 22, 27, 28, 21, 25, 27, 25, 23, 26, 24, 23]]
Inventory holding cost per unit of each product by the end of each period h: 
[[19, 14, 18, 12, 10, 10, 16, 14, 17, 10, 13, 12, 18, 10, 14, 15, 14, 15, 10, 18, 11, 12, 15, 16, 15, 11, 12, 17, 18, 18, 12, 19, 19, 13, 11, 11, 10, 19, 17, 19, 16, 11, 15, 18, 12, 13, 10, 15, 19, 15, 16, 10, 15, 15, 18, 13, 10, 13, 17, 10, 15, 15, 18, 13, 13, 15, 19, 17, 15, 10], [11, 19, 12, 18, 15, 17, 17, 16, 15, 19, 17, 16, 18, 17, 15, 10, 19, 13, 15, 19, 12, 17, 13, 19, 12, 11, 14, 17, 18, 17, 13, 17, 12, 12, 18, 19, 12, 16, 12, 15, 15, 11, 10, 15, 13, 13, 13, 19, 16, 17, 13, 13, 11, 18, 15, 10, 13, 11, 15, 15, 19, 14, 13, 15, 16, 14, 12, 18, 12, 10], [19, 14, 13, 11, 15, 12, 15, 11, 12, 17, 12, 16, 11, 18, 19, 14, 16, 16, 10, 12, 16, 14, 13, 19, 17, 13, 19, 10, 18, 15, 18, 11, 18, 14, 11, 16, 19, 17, 12, 16, 10, 14, 10, 14, 19, 13, 11, 15, 18, 18, 11, 11, 12, 10, 16, 18, 11, 18, 12, 19, 17, 15, 18, 16, 14, 16, 14, 18, 17, 19], [18, 18, 13, 17, 11, 12, 11, 14, 18, 11, 18, 17, 18, 15, 18, 18, 13, 17, 12, 14, 18, 17, 12, 14, 12, 11, 17, 15, 11, 18, 10, 14, 13, 12, 12, 16, 17, 10, 18, 12, 16, 14, 18, 13, 16, 11, 17, 14, 15, 14, 11, 10, 18, 12, 13, 19, 18, 11, 10, 19, 16, 17, 18, 17, 15, 12, 14, 15, 11, 12], [19, 14, 14, 11, 12, 19, 19, 10, 15, 10, 11, 17, 15, 13, 17, 19, 15, 17, 10, 14, 13, 19, 13, 11, 11, 10, 14, 18, 16, 10, 15, 15, 11, 11, 18, 14, 12, 11, 17, 15, 16, 14, 14, 19, 18, 18, 12, 15, 11, 15, 14, 14, 15, 19, 10, 15, 14, 16, 10, 19, 11, 14, 16, 12, 18, 14, 12, 19, 18, 16], [13, 19, 18, 13, 11, 15, 11, 19, 12, 18, 17, 16, 16, 10, 17, 14, 14, 19, 19, 18, 15, 17, 16, 14, 15, 12, 15, 14, 17, 17, 18, 19, 18, 15, 11, 16, 12, 11, 16, 16, 10, 13, 11, 12, 14, 12, 14, 16, 12, 13, 14, 14, 16, 15, 10, 14, 17, 10, 11, 16, 19, 17, 14, 12, 19, 12, 13, 12, 18, 15], [11, 17, 16, 13, 19, 14, 15, 16, 16, 16, 18, 16, 17, 14, 14, 13, 12, 17, 17, 12, 19, 11, 14, 11, 19, 16, 12, 18, 17, 15, 14, 11, 18, 18, 15, 12, 17, 11, 11, 13, 16, 19, 13, 19, 10, 18, 12, 12, 17, 11, 14, 13, 16, 11, 12, 19, 16, 13, 12, 13, 15, 14, 19, 15, 16, 10, 14, 14, 13, 19], [16, 10, 14, 17, 14, 17, 18, 18, 12, 10, 12, 14, 17, 11, 13, 15, 15, 12, 12, 13, 11, 10, 14, 11, 19, 10, 17, 16, 12, 18, 12, 17, 18, 13, 17, 15, 12, 11, 12, 17, 13, 14, 16, 18, 17, 11, 12, 19, 16, 11, 17, 10, 19, 16, 12, 16, 13, 14, 10, 16, 19, 19, 10, 16, 19, 10, 17, 14, 14, 16], [10, 19, 15, 19, 14, 11, 18, 16, 19, 15, 16, 13, 14, 13, 11, 12, 14, 16, 15, 11, 15, 12, 14, 11, 14, 19, 10, 12, 19, 18, 17, 12, 10, 17, 18, 14, 17, 19, 10, 19, 14, 19, 10, 12, 18, 19, 12, 14, 10, 14, 16, 14, 10, 15, 12, 10, 18, 16, 19, 11, 13, 13, 18, 10, 10, 12, 19, 18, 16, 12], [13, 11, 18, 17, 19, 18, 15, 16, 16, 14, 14, 15, 11, 18, 10, 11, 12, 15, 16, 10, 16, 11, 12, 17, 16, 17, 11, 11, 17, 12, 17, 19, 14, 13, 13, 10, 10, 11, 10, 11, 13, 15, 19, 16, 18, 15, 12, 13, 19, 18, 15, 14, 14, 13, 16, 16, 19, 19, 14, 18, 18, 17, 16, 12, 17, 18, 16, 18, 14, 16], [13, 11, 14, 10, 11, 12, 10, 15, 10, 18, 15, 19, 16, 14, 10, 14, 16, 16, 15, 13, 10, 18, 17, 12, 16, 10, 19, 10, 14, 16, 10, 14, 15, 13, 19, 12, 12, 19, 18, 18, 13, 16, 18, 16, 18, 19, 18, 11, 17, 12, 14, 12, 19, 17, 11, 19, 14, 13, 17, 13, 13, 16, 19, 10, 14, 16, 18, 10, 19, 19], [19, 18, 12, 18, 10, 13, 12, 17, 12, 16, 14, 11, 16, 15, 14, 12, 11, 11, 11, 11, 19, 14, 17, 19, 11, 15, 14, 12, 11, 12, 19, 11, 16, 15, 19, 13, 15, 11, 16, 18, 18, 12, 11, 19, 10, 13, 12, 13, 18, 17, 17, 19, 18, 17, 10, 18, 19, 18, 17, 11, 19, 10, 18, 15, 11, 12, 13, 13, 14, 15], [15, 16, 12, 19, 12, 18, 14, 15, 10, 11, 15, 15, 12, 14, 18, 16, 18, 18, 18, 17, 15, 19, 16, 14, 17, 13, 14, 10, 19, 13, 19, 15, 15, 10, 12, 11, 14, 19, 16, 10, 19, 19, 14, 15, 18, 13, 12, 15, 15, 10, 17, 19, 10, 12, 19, 13, 18, 18, 14, 16, 17, 18, 11, 14, 11, 10, 15, 13, 19, 13], [12, 10, 17, 15, 15, 13, 16, 10, 14, 19, 15, 11, 13, 14, 16, 18, 18, 13, 16, 15, 14, 11, 13, 19, 11, 14, 16, 16, 18, 10, 11, 18, 13, 18, 13, 11, 12, 16, 10, 15, 19, 14, 15, 11, 13, 18, 16, 15, 18, 18, 10, 13, 16, 15, 19, 15, 14, 15, 11, 11, 14, 16, 14, 13, 13, 14, 11, 15, 17, 17], [11, 14, 16, 13, 14, 19, 12, 10, 17, 13, 19, 18, 13, 12, 19, 19, 15, 11, 16, 19, 13, 12, 14, 17, 19, 16, 16, 13, 14, 15, 12, 18, 13, 14, 12, 11, 15, 19, 11, 19, 13, 13, 10, 11, 16, 10, 17, 13, 10, 13, 16, 18, 11, 10, 18, 12, 15, 14, 16, 12, 14, 14, 15, 13, 13, 17, 14, 16, 12, 14], [11, 18, 13, 12, 14, 11, 15, 13, 19, 11, 12, 13, 17, 13, 14, 13, 17, 19, 17, 18, 16, 12, 11, 12, 18, 16, 12, 16, 17, 14, 16, 10, 14, 10, 14, 13, 13, 13, 11, 13, 17, 13, 14, 10, 17, 18, 18, 14, 11, 14, 16, 14, 15, 15, 18, 11, 17, 15, 17, 10, 12, 11, 13, 15, 16, 19, 15, 16, 19, 15], [14, 10, 10, 10, 13, 11, 19, 10, 11, 11, 14, 10, 18, 12, 19, 16, 14, 15, 11, 11, 16, 15, 17, 10, 16, 15, 18, 18, 10, 17, 17, 19, 11, 12, 15, 14, 16, 12, 13, 16, 13, 14, 15, 19, 16, 14, 17, 10, 10, 17, 17, 18, 18, 19, 13, 12, 16, 14, 19, 19, 16, 17, 16, 15, 18, 16, 19, 13, 16, 19], [11, 14, 16, 11, 11, 12, 16, 19, 16, 12, 17, 11, 17, 13, 13, 13, 19, 14, 14, 10, 15, 16, 12, 17, 13, 16, 16, 16, 11, 13, 16, 12, 16, 15, 18, 16, 17, 18, 13, 12, 19, 15, 18, 14, 19, 15, 12, 13, 12, 14, 18, 15, 16, 10, 12, 15, 11, 10, 16, 13, 12, 14, 15, 10, 11, 16, 14, 10, 19, 15], [16, 10, 13, 11, 16, 17, 12, 18, 15, 15, 12, 17, 16, 12, 13, 10, 10, 10, 18, 18, 14, 17, 17, 16, 13, 12, 16, 13, 12, 18, 19, 19, 17, 13, 15, 19, 17, 16, 17, 11, 12, 13, 19, 17, 16, 18, 17, 11, 11, 16, 18, 18, 15, 19, 15, 18, 10, 10, 13, 10, 16, 16, 16, 13, 19, 19, 11, 17, 13, 14], [16, 18, 13, 18, 11, 18, 11, 17, 17, 17, 15, 15, 16, 15, 11, 13, 13, 13, 11, 13, 13, 18, 14, 19, 19, 12, 13, 12, 15, 13, 16, 17, 16, 18, 14, 19, 11, 15, 13, 12, 11, 18, 16, 17, 19, 12, 14, 11, 14, 13, 19, 16, 10, 10, 14, 17, 18, 12, 14, 16, 10, 18, 15, 15, 10, 13, 16, 17, 19, 10]]
Demand for each product in each period d: 
[[21, 17, 23, 43, 24, 23, 29, 47, 8, 49, 31, 36, 38, 24, 6, 43, 30, 10, 30, 35, 45, 30, 12, 26, 24, 49, 35, 7, 32, 20, 41, 47, 39, 14, 47, 31, 47, 24, 24, 11, 46, 9, 30, 13, 9, 37, 34, 44, 18, 26, 35, 7, 18, 38, 23, 20, 32, 5, 9, 19, 12, 15, 38, 41, 35, 42, 10, 30, 16, 21], [49, 44, 34, 32, 33, 45, 34, 49, 36, 14, 44, 5, 39, 29, 5, 20, 47, 40, 26, 15, 43, 18, 27, 43, 44, 17, 38, 38, 31, 6, 34, 25, 35, 43, 10, 14, 31, 38, 18, 14, 49, 10, 13, 24, 44, 28, 10, 12, 43, 20, 19, 5, 11, 5, 8, 7, 13, 5, 37, 10, 35, 46, 6, 16, 20, 25, 5, 34, 38, 5], [48, 28, 13, 49, 7, 17, 9, 44, 41, 33, 19, 37, 17, 27, 14, 19, 36, 11, 49, 24, 44, 18, 19, 17, 28, 48, 12, 8, 46, 14, 20, 47, 30, 30, 25, 11, 26, 38, 8, 16, 28, 34, 45, 10, 10, 7, 17, 33, 18, 39, 23, 23, 48, 47, 32, 38, 8, 16, 34, 9, 32, 9, 17, 13, 34, 34, 12, 8, 19, 28], [40, 45, 36, 40, 16, 20, 34, 24, 8, 8, 31, 40, 34, 36, 30, 40, 16, 34, 39, 11, 9, 49, 45, 14, 35, 16, 40, 9, 21, 8, 47, 31, 22, 12, 35, 41, 30, 40, 25, 29, 44, 49, 18, 48, 43, 36, 30, 31, 38, 11, 15, 11, 15, 11, 11, 33, 44, 49, 43, 21, 30, 13, 31, 42, 19, 5, 10, 35, 47, 11], [44, 8, 44, 35, 13, 44, 45, 13, 32, 40, 37, 34, 36, 5, 19, 11, 43, 7, 10, 29, 28, 35, 43, 48, 5, 33, 21, 25, 23, 20, 42, 7, 13, 20, 41, 22, 31, 22, 34, 21, 8, 35, 47, 49, 35, 25, 39, 45, 21, 42, 25, 18, 22, 6, 21, 47, 48, 22, 22, 13, 44, 14, 30, 26, 6, 22, 21, 12, 25, 16], [20, 21, 38, 25, 40, 39, 20, 12, 7, 29, 22, 18, 9, 24, 45, 49, 15, 42, 27, 5, 43, 39, 22, 25, 42, 26, 32, 13, 36, 35, 30, 49, 6, 8, 48, 35, 37, 45, 45, 48, 15, 11, 11, 22, 23, 30, 48, 47, 33, 14, 49, 22, 14, 47, 11, 20, 39, 6, 24, 20, 15, 10, 29, 31, 6, 16, 38, 24, 41, 30], [15, 34, 42, 36, 5, 5, 49, 41, 21, 6, 41, 33, 18, 38, 36, 18, 36, 31, 34, 46, 21, 22, 48, 16, 36, 31, 33, 13, 18, 38, 37, 42, 28, 18, 32, 26, 35, 28, 26, 19, 24, 33, 18, 27, 38, 35, 27, 49, 15, 33, 18, 25, 48, 17, 23, 12, 48, 18, 41, 25, 49, 44, 40, 6, 37, 29, 17, 11, 33, 16], [39, 26, 27, 11, 34, 32, 46, 7, 40, 18, 48, 28, 11, 32, 43, 23, 31, 36, 38, 47, 39, 47, 25, 48, 46, 7, 7, 7, 18, 6, 18, 48, 23, 43, 24, 7, 48, 47, 9, 13, 8, 17, 12, 37, 16, 21, 45, 28, 36, 27, 39, 12, 19, 13, 33, 33, 41, 41, 13, 7, 24, 17, 15, 43, 38, 45, 8, 30, 26, 14], [8, 38, 34, 41, 5, 6, 21, 14, 17, 18, 48, 49, 23, 22, 22, 10, 10, 28, 21, 40, 29, 32, 15, 44, 19, 24, 19, 33, 7, 28, 5, 12, 18, 29, 36, 35, 47, 25, 20, 45, 39, 19, 20, 24, 47, 29, 36, 10, 24, 31, 8, 13, 5, 26, 40, 15, 6, 9, 49, 13, 7, 35, 44, 39, 20, 10, 43, 35, 17, 5], [31, 47, 15, 32, 14, 15, 8, 12, 36, 48, 29, 49, 15, 37, 37, 24, 48, 41, 27, 20, 44, 34, 21, 18, 38, 29, 9, 46, 19, 45, 21, 16, 35, 31, 15, 22, 17, 38, 35, 41, 20, 25, 24, 28, 49, 36, 16, 32, 44, 42, 45, 35, 28, 33, 23, 47, 35, 47, 22, 32, 21, 12, 6, 18, 41, 37, 22, 14, 41, 33], [19, 27, 13, 44, 36, 46, 9, 35, 8, 8, 21, 31, 43, 22, 32, 34, 40, 13, 10, 40, 6, 20, 20, 43, 46, 18, 19, 6, 28, 38, 26, 36, 41, 22, 11, 14, 21, 28, 31, 12, 49, 20, 15, 38, 5, 32, 43, 16, 46, 47, 9, 7, 21, 21, 20, 40, 44, 20, 38, 8, 49, 19, 40, 21, 27, 48, 34, 44, 24, 41], [28, 49, 13, 23, 11, 34, 36, 36, 26, 28, 18, 41, 29, 12, 8, 15, 30, 34, 46, 32, 8, 8, 44, 27, 8, 22, 49, 43, 19, 46, 41, 45, 30, 42, 21, 27, 38, 19, 16, 23, 16, 15, 29, 25, 35, 48, 44, 47, 25, 47, 19, 25, 14, 22, 7, 11, 38, 43, 9, 48, 34, 12, 8, 35, 43, 14, 31, 46, 16, 37], [26, 41, 23, 38, 15, 35, 5, 9, 18, 42, 33, 21, 44, 22, 42, 34, 32, 20, 20, 27, 20, 16, 43, 15, 12, 42, 42, 25, 40, 5, 28, 12, 49, 42, 43, 18, 33, 31, 23, 45, 46, 28, 7, 40, 19, 40, 33, 46, 39, 20, 21, 39, 30, 15, 8, 42, 45, 46, 33, 47, 40, 49, 36, 44, 29, 29, 14, 12, 25, 35], [43, 38, 29, 44, 26, 31, 7, 45, 16, 30, 20, 16, 16, 26, 23, 41, 31, 33, 35, 25, 33, 15, 23, 16, 44, 36, 5, 49, 42, 48, 22, 6, 44, 18, 41, 30, 19, 21, 9, 6, 22, 15, 25, 34, 10, 20, 49, 36, 11, 35, 20, 44, 6, 35, 12, 23, 13, 42, 48, 8, 21, 40, 15, 30, 9, 23, 15, 47, 41, 35], [19, 32, 29, 43, 13, 8, 41, 23, 24, 17, 7, 11, 36, 38, 41, 13, 13, 41, 14, 14, 12, 11, 47, 21, 29, 33, 14, 47, 25, 26, 29, 38, 7, 39, 7, 37, 10, 16, 21, 30, 25, 23, 9, 25, 47, 28, 7, 9, 22, 48, 44, 18, 47, 10, 11, 48, 42, 44, 13, 37, 45, 41, 6, 29, 25, 14, 39, 38, 47, 45], [33, 49, 26, 42, 32, 15, 14, 10, 34, 37, 36, 35, 47, 45, 16, 44, 32, 7, 40, 48, 47, 43, 41, 39, 37, 14, 23, 48, 22, 12, 20, 6, 16, 34, 13, 37, 12, 22, 43, 42, 23, 41, 16, 16, 11, 25, 33, 6, 27, 32, 43, 6, 39, 14, 42, 5, 21, 42, 38, 6, 30, 9, 37, 47, 21, 19, 19, 16, 36, 30], [33, 25, 22, 48, 17, 5, 41, 12, 7, 43, 36, 9, 38, 17, 29, 7, 39, 24, 10, 19, 41, 27, 35, 10, 45, 26, 23, 24, 7, 36, 27, 39, 30, 47, 29, 47, 28, 14, 10, 12, 9, 20, 13, 44, 33, 36, 21, 22, 21, 31, 45, 20, 42, 13, 15, 11, 25, 5, 43, 26, 48, 32, 11, 18, 29, 16, 25, 34, 15, 30], [24, 7, 28, 10, 25, 48, 19, 34, 29, 39, 16, 21, 17, 47, 34, 31, 25, 20, 45, 33, 12, 48, 21, 47, 10, 27, 40, 40, 43, 5, 48, 23, 18, 34, 10, 36, 45, 18, 15, 47, 37, 26, 16, 6, 21, 33, 37, 8, 15, 43, 10, 6, 40, 34, 40, 35, 48, 9, 18, 10, 9, 10, 15, 30, 20, 33, 30, 31, 23, 30], [5, 38, 18, 10, 8, 29, 47, 7, 18, 38, 5, 28, 43, 30, 24, 6, 9, 36, 13, 40, 31, 45, 9, 42, 7, 46, 16, 32, 45, 37, 34, 25, 26, 31, 31, 20, 16, 46, 37, 9, 45, 5, 33, 22, 17, 10, 14, 31, 25, 40, 49, 35, 49, 20, 49, 34, 41, 30, 47, 25, 24, 32, 5, 21, 48, 40, 49, 26, 34, 45], [22, 44, 22, 11, 49, 20, 16, 34, 12, 30, 25, 5, 49, 30, 19, 23, 19, 33, 13, 47, 28, 46, 14, 37, 22, 18, 20, 11, 49, 26, 28, 40, 6, 49, 29, 31, 35, 38, 48, 31, 49, 39, 31, 14, 34, 6, 40, 23, 22, 12, 16, 28, 41, 9, 25, 13, 39, 19, 30, 40, 36, 25, 18, 49, 32, 36, 25, 22, 20, 5]]
Maintenance cost in each period m: 
[11862, 9157, 30996, 30162, 23059, 24961, 32735, 9905, 17932, 13825, 31027, 31161, 25740, 31144, 32413, 17705, 19981, 32947, 8512, 27136, 16985, 17440, 23239, 25597, 8575, 13113, 23626, 8961, 25473, 30119, 31443, 23955, 10947, 20567, 17844, 26546, 15989, 12634, 33123, 11078, 19052, 10450, 20496, 20154, 19599, 18641, 21509, 22230, 27121, 27187, 25476, 9697, 26292, 14090, 25085, 11421, 34114, 27891, 20087, 9117, 19918, 17802, 14044, 14692, 9429, 19859, 29691, 27163, 22658, 13739]
Maximum capacity of the machine cmax: 
900