Set of periods in the planning horizon T: 
15
Set of products P: 
25
Capacity reduction coefficient alpha: 
0.8
Relative decrease of capacity per set up gamma: 
0.22
Capacity reduction coefficient due to product types beta: 
[0.0, 0.0, 0.0, 0.0, 0.0, 0.0, 0.0, 0.0, 0.0, 0.0, 0.0, 0.0, 0.0, 0.0, 0.0, 0.0, 0.0, 0.0, 0.0, 0.0, 0.0, 0.0, 0.0, 0.0, 0.0]
Fixed production cost of each product in each period f: 
[[805, 967, 739, 807, 649, 544, 681, 886, 851, 882, 782, 788, 892, 790, 510], [593, 596, 681, 984, 735, 589, 730, 742, 742, 987, 548, 756, 597, 863, 740], [646, 567, 857, 698, 562, 808, 876, 982, 569, 692, 586, 953, 811, 794, 784], [825, 815, 798, 774, 847, 538, 534, 834, 951, 544, 764, 805, 822, 599, 825], [999, 721, 704, 852, 523, 884, 855, 798, 886, 705, 542, 697, 520, 681, 926], [640, 552, 863, 957, 853, 906, 691, 682, 716, 803, 688, 979, 870, 680, 681], [583, 604, 805, 622, 595, 913, 869, 602, 659, 565, 684, 961, 598, 687, 718], [752, 885, 951, 844, 681, 786, 616, 611, 937, 501, 761, 746, 820, 903, 919], [880, 813, 967, 543, 661, 930, 538, 906, 535, 544, 516, 568, 587, 785, 976], [893, 888, 944, 979, 937, 826, 815, 889, 777, 804, 532, 770, 959, 832, 624], [954, 633, 977, 882, 693, 986, 522, 990, 509, 845, 715, 672, 903, 750, 561], [762, 539, 507, 807, 673, 937, 972, 920, 897, 618, 929, 638, 596, 882, 563], [512, 876, 993, 540, 735, 906, 704, 971, 653, 502, 576, 992, 729, 856, 585], [797, 946, 634, 598, 728, 971, 701, 804, 957, 617, 709, 655, 905, 518, 725], [633, 653, 719, 792, 841, 928, 718, 653, 712, 648, 980, 773, 650, 933, 769], [659, 673, 737, 878, 835, 577, 531, 889, 885, 965, 679, 782, 532, 815, 817], [761, 712, 674, 877, 876, 505, 814, 569, 740, 666, 613, 611, 856, 782, 707], [753, 949, 861, 696, 749, 656, 664, 673, 610, 538, 592, 853, 856, 697, 873], [889, 586, 714, 992, 986, 800, 712, 984, 737, 742, 583, 702, 696, 604, 809], [777, 591, 809, 818, 639, 759, 680, 988, 622, 875, 639, 995, 691, 753, 807], [626, 910, 755, 693, 542, 855, 983, 532, 991, 711, 983, 894, 718, 660, 882], [981, 542, 966, 848, 701, 724, 800, 914, 776, 840, 979, 606, 854, 887, 805], [767, 888, 570, 948, 706, 635, 996, 543, 576, 784, 779, 721, 502, 789, 547], [700, 516, 905, 849, 694, 577, 735, 787, 596, 773, 573, 576, 563, 560, 502], [802, 917, 710, 736, 507, 595, 526, 642, 975, 695, 527, 980, 759, 851, 845]]
Variable production cost per unit of each product in each period p: 
[[13, 10, 13, 12, 10, 12, 13, 10, 10, 12, 12, 11, 11, 13, 10], [11, 12, 12, 11, 13, 12, 12, 11, 11, 12, 12, 12, 11, 10, 12], [10, 11, 13, 13, 10, 10, 12, 11, 10, 11, 10, 10, 12, 10, 11], [12, 11, 11, 12, 10, 12, 12, 10, 13, 11, 13, 13, 13, 10, 12], [11, 13, 11, 11, 11, 13, 11, 12, 11, 13, 11, 12, 11, 11, 10], [11, 10, 12, 12, 12, 11, 12, 12, 11, 12, 10, 13, 10, 10, 12], [13, 12, 10, 12, 13, 10, 12, 13, 11, 12, 11, 11, 11, 10, 11], [10, 13, 13, 12, 13, 11, 10, 10, 10, 11, 13, 10, 11, 12, 10], [12, 10, 12, 13, 13, 11, 12, 10, 11, 12, 12, 13, 10, 13, 12], [11, 13, 12, 11, 10, 10, 10, 10, 10, 11, 10, 11, 12, 12, 10], [11, 12, 11, 11, 11, 12, 12, 11, 10, 10, 10, 10, 11, 13, 12], [13, 11, 12, 11, 13, 13, 11, 11, 13, 11, 10, 10, 11, 11, 12], [12, 11, 12, 10, 11, 11, 11, 12, 12, 12, 13, 11, 11, 12, 11], [12, 13, 12, 11, 10, 11, 13, 11, 10, 12, 13, 12, 12, 10, 11], [12, 10, 12, 11, 10, 13, 13, 10, 12, 11, 12, 12, 12, 12, 11], [10, 11, 12, 10, 12, 13, 11, 10, 13, 11, 11, 10, 10, 12, 12], [12, 11, 13, 13, 12, 10, 10, 12, 10, 11, 11, 12, 10, 12, 10], [10, 13, 13, 11, 10, 11, 11, 11, 11, 11, 12, 13, 12, 13, 13], [11, 13, 11, 10, 12, 13, 10, 13, 12, 11, 12, 13, 11, 10, 11], [11, 11, 13, 12, 11, 13, 12, 10, 10, 13, 11, 11, 13, 12, 13], [13, 11, 13, 11, 11, 12, 13, 10, 13, 11, 12, 12, 12, 10, 12], [12, 10, 12, 13, 10, 12, 13, 11, 12, 10, 13, 13, 10, 10, 13], [12, 12, 13, 13, 11, 10, 12, 11, 13, 12, 13, 13, 12, 10, 12], [10, 12, 12, 13, 13, 12, 11, 13, 11, 10, 11, 10, 12, 13, 12], [10, 13, 12, 13, 10, 13, 10, 12, 12, 12, 13, 11, 10, 11, 10]]
Inventory holding cost per unit of each product by the end of each period h: 
[[7, 5, 9, 6, 7, 8, 6, 5, 7, 8, 7, 6, 7, 6, 9], [7, 5, 8, 8, 6, 8, 6, 8, 5, 6, 8, 8, 9, 6, 6], [5, 5, 6, 7, 8, 5, 5, 7, 9, 9, 9, 7, 9, 7, 6], [6, 9, 6, 6, 7, 9, 6, 7, 5, 7, 9, 5, 7, 5, 7], [5, 6, 8, 8, 7, 5, 5, 5, 6, 5, 6, 9, 6, 5, 6], [8, 6, 9, 6, 9, 9, 9, 6, 5, 8, 7, 9, 5, 9, 9], [7, 5, 8, 5, 7, 5, 5, 6, 8, 8, 9, 6, 5, 8, 7], [8, 6, 9, 6, 9, 8, 7, 6, 8, 8, 6, 5, 6, 9, 9], [5, 5, 6, 5, 7, 6, 5, 6, 7, 7, 7, 7, 8, 9, 7], [8, 5, 8, 6, 7, 8, 6, 8, 8, 6, 8, 8, 6, 7, 9], [7, 8, 6, 7, 5, 5, 9, 6, 7, 7, 8, 9, 8, 9, 7], [8, 9, 9, 9, 6, 9, 6, 6, 7, 9, 8, 6, 9, 9, 8], [6, 6, 6, 7, 9, 9, 6, 6, 9, 7, 7, 6, 7, 5, 8], [5, 8, 5, 6, 5, 7, 5, 6, 9, 7, 7, 5, 7, 6, 5], [9, 7, 7, 5, 8, 5, 6, 7, 6, 8, 7, 5, 8, 8, 8], [5, 7, 9, 7, 7, 7, 6, 6, 9, 9, 6, 7, 8, 7, 5], [7, 7, 6, 5, 9, 7, 9, 5, 9, 8, 7, 6, 6, 7, 7], [8, 9, 7, 6, 9, 5, 7, 9, 7, 5, 8, 5, 7, 7, 5], [7, 9, 7, 9, 8, 7, 6, 5, 9, 9, 6, 8, 5, 7, 8], [9, 5, 6, 6, 6, 8, 9, 7, 9, 8, 6, 6, 9, 5, 8], [7, 6, 9, 6, 6, 5, 9, 9, 5, 6, 9, 9, 8, 8, 9], [6, 6, 7, 9, 8, 6, 5, 5, 8, 5, 7, 6, 5, 9, 8], [8, 6, 9, 6, 5, 9, 9, 9, 6, 9, 7, 7, 7, 8, 7], [9, 7, 7, 5, 6, 7, 6, 5, 6, 8, 6, 5, 6, 9, 8], [9, 9, 5, 8, 9, 5, 9, 7, 5, 6, 8, 6, 7, 5, 8]]
Demand for each product in each period d: 
[[8, 19, 41, 23, 1, 35, 1, 28, 40, 46, 0, 37, 32, 29, 39], [40, 0, 9, 2, 34, 49, 37, 28, 26, 9, 46, 14, 23, 13, 0], [43, 30, 42, 45, 8, 35, 47, 31, 44, 0, 21, 19, 22, 11, 6], [21, 19, 25, 47, 16, 38, 0, 44, 36, 11, 45, 17, 48, 28, 3], [48, 29, 3, 49, 23, 32, 23, 47, 7, 27, 22, 13, 31, 8, 39], [11, 20, 13, 30, 33, 3, 24, 6, 15, 19, 49, 11, 40, 37, 26], [25, 46, 0, 29, 34, 31, 16, 49, 29, 19, 1, 23, 23, 28, 5], [21, 1, 23, 2, 37, 28, 0, 14, 35, 12, 10, 16, 2, 42, 24], [13, 38, 40, 10, 0, 4, 14, 20, 19, 39, 43, 32, 29, 8, 30], [33, 15, 11, 44, 23, 6, 39, 21, 28, 44, 32, 9, 33, 37, 36], [5, 33, 7, 24, 38, 33, 36, 41, 27, 16, 0, 2, 33, 38, 30], [25, 21, 5, 0, 38, 48, 44, 48, 22, 9, 40, 21, 28, 33, 30], [45, 30, 8, 48, 35, 43, 0, 24, 0, 41, 8, 27, 22, 36, 37], [33, 24, 15, 17, 24, 14, 43, 43, 48, 32, 47, 37, 27, 18, 29], [48, 30, 42, 9, 10, 27, 26, 30, 0, 42, 9, 37, 29, 44, 37], [21, 12, 28, 27, 46, 3, 10, 20, 18, 3, 14, 20, 4, 15, 22], [3, 24, 5, 29, 39, 23, 17, 8, 43, 24, 25, 37, 0, 3, 6], [49, 31, 1, 21, 0, 18, 14, 29, 30, 49, 0, 42, 31, 27, 3], [9, 40, 25, 33, 42, 15, 17, 28, 27, 30, 13, 41, 28, 37, 49], [46, 12, 0, 42, 23, 4, 8, 28, 25, 16, 37, 11, 22, 38, 28], [30, 49, 22, 38, 21, 5, 27, 5, 12, 6, 38, 8, 39, 32, 5], [43, 44, 13, 15, 42, 16, 10, 22, 38, 33, 4, 38, 6, 31, 32], [12, 18, 36, 48, 3, 23, 2, 18, 13, 29, 23, 16, 18, 38, 21], [17, 25, 43, 18, 0, 2, 43, 18, 2, 33, 43, 22, 4, 8, 40], [34, 45, 31, 9, 22, 48, 19, 11, 48, 0, 7, 27, 19, 1, 32]]
Maintenance cost in each period m: 
[17923, 17087, 17420, 14895, 15358, 17383, 16093, 15885, 15118, 17857, 17505, 14444, 15249, 16018, 14617]
Maximum capacity of the machine cmax: 
1150