Set of periods in the planning horizon T: 
25
Set of products P: 
35
Capacity reduction coefficient alpha: 
0.8
Relative decrease of capacity per set up gamma: 
0.36
Capacity reduction coefficient due to product types beta: 
[0.33, 0.35, 0.32, 0.37, 0.29, 0.3, 0.23, 0.26, 0.34, 0.22, 0.2, 0.34, 0.31, 0.21, 0.23, 0.29, 0.23, 0.32, 0.21, 0.25, 0.27, 0.34, 0.33, 0.2, 0.35, 0.36, 0.32, 0.23, 0.25, 0.22, 0.25, 0.33, 0.2, 0.31, 0.33]
Fixed production cost of each product in each period f: 
[[820, 744, 636, 941, 815, 918, 777, 815, 607, 659, 787, 606, 909, 696, 603, 701, 956, 914, 913, 763, 562, 772, 644, 633, 812], [812, 877, 502, 973, 843, 861, 674, 960, 601, 972, 980, 552, 804, 787, 720, 874, 753, 539, 984, 522, 928, 543, 678, 946, 700], [579, 818, 742, 516, 959, 738, 500, 918, 765, 874, 599, 589, 815, 527, 577, 703, 844, 999, 830, 570, 532, 621, 575, 576, 528], [522, 809, 604, 815, 960, 749, 511, 694, 676, 806, 854, 715, 887, 746, 956, 885, 983, 756, 614, 606, 517, 823, 623, 542, 635], [890, 547, 993, 919, 749, 875, 870, 929, 763, 853, 652, 987, 597, 847, 581, 995, 614, 744, 531, 517, 961, 603, 634, 591, 878], [891, 785, 906, 843, 518, 886, 769, 870, 705, 509, 588, 546, 972, 901, 861, 861, 580, 633, 804, 531, 924, 770, 920, 772, 633], [988, 914, 791, 940, 906, 794, 817, 883, 985, 714, 953, 982, 748, 637, 880, 975, 689, 740, 542, 776, 929, 538, 613, 674, 891], [597, 918, 656, 549, 513, 752, 886, 805, 917, 783, 720, 820, 688, 685, 748, 514, 990, 532, 891, 922, 690, 813, 874, 609, 944], [751, 626, 628, 724, 516, 572, 681, 983, 978, 824, 996, 558, 546, 890, 954, 532, 627, 568, 707, 960, 757, 765, 544, 850, 505], [877, 605, 539, 767, 765, 850, 926, 927, 989, 873, 628, 635, 694, 550, 634, 680, 830, 967, 537, 633, 568, 579, 730, 646, 996], [752, 754, 648, 975, 682, 633, 504, 905, 995, 631, 830, 879, 701, 779, 526, 618, 694, 607, 741, 982, 598, 522, 523, 832, 935], [592, 888, 953, 581, 959, 523, 896, 919, 811, 730, 978, 856, 512, 529, 974, 752, 591, 710, 673, 998, 945, 739, 891, 975, 841], [756, 983, 886, 800, 898, 578, 860, 606, 793, 874, 540, 578, 795, 748, 840, 918, 609, 519, 567, 944, 948, 887, 994, 857, 619], [712, 565, 850, 941, 604, 944, 873, 734, 848, 859, 578, 898, 887, 568, 838, 526, 645, 764, 960, 709, 582, 903, 706, 970, 992], [702, 820, 884, 623, 790, 927, 855, 961, 751, 883, 997, 675, 913, 624, 983, 570, 613, 897, 829, 970, 829, 755, 774, 573, 786], [645, 749, 871, 673, 884, 558, 559, 921, 831, 573, 558, 944, 962, 628, 857, 915, 861, 687, 764, 944, 980, 962, 717, 686, 934], [617, 856, 732, 674, 978, 587, 515, 903, 778, 835, 808, 934, 625, 583, 641, 623, 571, 500, 537, 839, 870, 898, 612, 504, 543], [970, 724, 685, 638, 859, 958, 590, 795, 973, 531, 785, 701, 875, 715, 880, 935, 947, 929, 692, 939, 601, 639, 656, 629, 862], [762, 924, 836, 842, 616, 739, 591, 524, 592, 778, 726, 962, 522, 908, 774, 679, 681, 929, 531, 666, 879, 515, 628, 796, 724], [663, 636, 567, 949, 551, 658, 709, 962, 834, 532, 626, 917, 665, 633, 718, 577, 665, 673, 811, 548, 810, 987, 623, 824, 864], [534, 875, 855, 783, 973, 948, 625, 912, 637, 961, 879, 523, 911, 944, 763, 971, 928, 617, 846, 880, 988, 808, 888, 965, 865], [784, 743, 760, 791, 645, 501, 683, 869, 724, 628, 505, 761, 633, 580, 794, 749, 813, 876, 923, 505, 803, 809, 889, 751, 539], [711, 863, 618, 515, 811, 511, 637, 518, 570, 604, 652, 506, 729, 943, 561, 548, 707, 888, 540, 833, 580, 612, 551, 634, 862], [550, 842, 722, 732, 888, 559, 863, 817, 923, 511, 889, 992, 954, 632, 996, 571, 886, 591, 819, 680, 999, 795, 861, 735, 901], [780, 537, 630, 672, 761, 782, 548, 948, 796, 782, 920, 502, 644, 559, 574, 908, 773, 815, 863, 879, 595, 983, 739, 501, 909], [961, 809, 963, 673, 793, 977, 643, 710, 525, 508, 888, 937, 763, 518, 842, 506, 651, 829, 587, 892, 910, 864, 732, 646, 555], [928, 752, 832, 716, 740, 589, 541, 659, 785, 600, 503, 717, 562, 685, 928, 776, 798, 644, 846, 781, 829, 555, 568, 918, 763], [734, 991, 644, 786, 600, 539, 748, 913, 721, 969, 965, 530, 683, 582, 711, 933, 906, 998, 684, 994, 987, 750, 837, 747, 940], [899, 819, 731, 696, 569, 787, 720, 768, 538, 681, 770, 936, 944, 807, 911, 830, 825, 508, 766, 763, 857, 638, 612, 664, 804], [921, 930, 684, 544, 582, 507, 809, 872, 897, 558, 938, 658, 829, 754, 616, 732, 986, 629, 834, 566, 894, 682, 633, 911, 933], [964, 996, 862, 870, 926, 515, 757, 673, 542, 920, 693, 940, 870, 798, 687, 867, 622, 870, 935, 500, 616, 510, 979, 698, 618], [951, 552, 935, 883, 775, 887, 898, 970, 658, 920, 526, 895, 535, 818, 760, 868, 766, 600, 618, 848, 585, 649, 889, 653, 743], [767, 843, 899, 666, 669, 956, 814, 735, 854, 883, 608, 781, 959, 851, 859, 965, 560, 848, 532, 933, 842, 942, 621, 536, 875], [974, 894, 708, 686, 541, 522, 646, 958, 714, 968, 573, 897, 810, 919, 633, 966, 587, 987, 936, 590, 665, 739, 631, 783, 505], [681, 682, 807, 861, 906, 951, 879, 605, 618, 785, 842, 830, 964, 861, 596, 541, 611, 612, 755, 777, 545, 956, 687, 677, 886]]
Variable production cost per unit of each product in each period p: 
[[11, 11, 11, 13, 12, 10, 10, 13, 12, 10, 10, 13, 10, 12, 13, 11, 13, 12, 10, 10, 11, 11, 10, 10, 11], [11, 11, 11, 13, 12, 11, 11, 11, 13, 10, 13, 13, 12, 10, 12, 13, 12, 13, 12, 10, 11, 12, 12, 13, 10], [13, 13, 12, 12, 10, 12, 10, 12, 11, 11, 13, 11, 12, 13, 10, 10, 11, 10, 12, 13, 11, 10, 12, 12, 11], [10, 11, 11, 12, 10, 11, 11, 12, 10, 10, 10, 13, 11, 13, 11, 12, 10, 13, 11, 10, 12, 12, 10, 10, 13], [13, 13, 13, 13, 11, 10, 13, 13, 11, 13, 12, 10, 13, 12, 12, 11, 11, 11, 10, 13, 11, 13, 10, 12, 10], [12, 12, 10, 12, 13, 11, 12, 12, 10, 12, 10, 11, 11, 11, 12, 10, 11, 12, 12, 11, 10, 13, 11, 11, 13], [10, 11, 13, 12, 12, 11, 13, 11, 12, 11, 13, 10, 12, 10, 13, 10, 10, 12, 12, 13, 12, 12, 11, 13, 12], [11, 11, 13, 10, 13, 10, 12, 10, 11, 10, 13, 10, 10, 11, 10, 11, 10, 11, 13, 13, 12, 10, 13, 12, 10], [11, 11, 10, 10, 10, 11, 12, 13, 13, 13, 11, 10, 11, 13, 10, 13, 13, 11, 11, 10, 10, 10, 11, 13, 10], [13, 13, 11, 13, 13, 12, 13, 13, 10, 13, 11, 11, 10, 12, 10, 10, 13, 12, 10, 12, 11, 11, 12, 13, 13], [12, 13, 11, 12, 13, 11, 12, 11, 12, 10, 13, 10, 10, 13, 12, 10, 11, 10, 12, 13, 13, 13, 11, 10, 11], [13, 11, 11, 11, 11, 11, 12, 12, 12, 11, 10, 10, 10, 12, 10, 11, 13, 11, 11, 11, 13, 13, 13, 10, 12], [10, 12, 11, 10, 12, 13, 12, 13, 11, 11, 12, 10, 13, 13, 10, 11, 13, 13, 11, 13, 10, 12, 12, 13, 12], [11, 12, 13, 12, 13, 10, 11, 13, 12, 11, 11, 13, 10, 12, 11, 12, 12, 10, 13, 13, 13, 10, 10, 13, 11], [12, 13, 11, 10, 10, 10, 10, 11, 10, 12, 13, 12, 12, 10, 12, 11, 12, 12, 12, 13, 11, 12, 11, 13, 12], [13, 10, 12, 12, 11, 10, 13, 13, 12, 13, 10, 12, 10, 12, 13, 12, 13, 11, 11, 11, 10, 12, 13, 11, 10], [13, 13, 10, 13, 12, 13, 13, 11, 10, 12, 13, 10, 10, 11, 13, 12, 12, 11, 12, 13, 10, 12, 10, 12, 12], [10, 13, 13, 11, 11, 11, 10, 10, 13, 12, 10, 12, 11, 13, 11, 12, 13, 10, 12, 12, 11, 11, 11, 13, 13], [11, 12, 12, 11, 12, 13, 12, 13, 12, 11, 12, 10, 12, 11, 10, 13, 11, 10, 10, 12, 13, 12, 12, 13, 10], [13, 13, 12, 13, 11, 10, 11, 12, 10, 12, 11, 10, 12, 10, 13, 12, 11, 12, 11, 10, 12, 12, 13, 12, 11], [12, 13, 12, 11, 13, 13, 11, 11, 10, 13, 10, 10, 12, 12, 12, 10, 10, 13, 13, 12, 13, 13, 10, 10, 11], [12, 10, 11, 12, 11, 11, 12, 12, 10, 12, 12, 13, 10, 11, 13, 12, 12, 10, 12, 11, 10, 11, 13, 11, 11], [10, 11, 13, 11, 10, 12, 11, 10, 10, 10, 12, 10, 11, 13, 13, 13, 10, 11, 11, 10, 12, 13, 13, 12, 13], [12, 13, 12, 13, 10, 10, 12, 11, 12, 12, 13, 11, 13, 10, 13, 12, 12, 10, 13, 10, 11, 11, 10, 10, 11], [10, 12, 11, 10, 13, 10, 12, 12, 11, 11, 10, 11, 10, 10, 10, 10, 12, 12, 13, 11, 11, 10, 10, 11, 13], [11, 11, 11, 12, 12, 13, 11, 12, 12, 13, 12, 10, 11, 11, 12, 12, 13, 11, 13, 10, 12, 12, 11, 13, 12], [12, 13, 13, 10, 10, 10, 10, 10, 11, 11, 13, 12, 12, 11, 13, 12, 13, 12, 12, 13, 11, 13, 11, 11, 10], [12, 11, 10, 11, 13, 10, 12, 10, 10, 13, 13, 11, 12, 11, 11, 10, 13, 13, 12, 10, 11, 12, 12, 11, 13], [10, 12, 12, 10, 12, 12, 13, 10, 12, 12, 11, 11, 12, 13, 11, 12, 12, 13, 13, 13, 12, 13, 12, 10, 13], [12, 13, 12, 12, 13, 11, 11, 11, 11, 11, 11, 13, 10, 10, 12, 13, 13, 13, 10, 10, 11, 10, 10, 11, 10], [10, 10, 13, 11, 10, 10, 10, 12, 13, 11, 13, 13, 13, 10, 13, 11, 12, 11, 13, 10, 12, 11, 12, 11, 11], [11, 11, 12, 10, 12, 10, 12, 11, 13, 13, 11, 13, 11, 13, 13, 13, 13, 11, 12, 12, 10, 13, 10, 13, 10], [13, 12, 11, 13, 11, 12, 10, 13, 11, 11, 11, 10, 12, 13, 13, 12, 10, 11, 10, 12, 13, 10, 12, 12, 13], [10, 11, 11, 12, 12, 12, 13, 13, 11, 12, 11, 11, 10, 13, 12, 12, 12, 10, 12, 10, 13, 12, 12, 10, 11], [10, 13, 12, 10, 12, 13, 13, 13, 11, 11, 12, 13, 13, 12, 12, 10, 13, 10, 11, 12, 10, 11, 13, 11, 11]]
Inventory holding cost per unit of each product by the end of each period h: 
[[9, 8, 9, 6, 7, 8, 5, 6, 8, 5, 9, 9, 6, 9, 5, 7, 6, 5, 9, 9, 8, 7, 8, 7, 8], [5, 7, 7, 9, 9, 7, 8, 9, 9, 9, 8, 8, 9, 9, 9, 7, 9, 7, 6, 7, 9, 9, 5, 6, 8], [9, 5, 6, 8, 5, 7, 7, 8, 5, 5, 6, 5, 5, 8, 7, 8, 7, 6, 6, 7, 8, 9, 6, 6, 6], [5, 7, 6, 5, 8, 6, 7, 6, 5, 7, 9, 9, 7, 5, 8, 7, 7, 7, 7, 8, 6, 6, 9, 9, 7], [8, 9, 8, 9, 7, 6, 9, 5, 9, 6, 5, 7, 9, 9, 5, 8, 7, 5, 5, 7, 8, 8, 9, 6, 9], [5, 7, 5, 9, 8, 9, 6, 7, 6, 8, 5, 9, 5, 9, 9, 8, 5, 9, 5, 5, 8, 9, 8, 8, 5], [9, 9, 7, 6, 7, 8, 6, 5, 8, 5, 5, 6, 8, 5, 7, 9, 9, 7, 8, 6, 5, 7, 5, 7, 6], [8, 7, 7, 8, 6, 8, 8, 8, 8, 6, 8, 6, 5, 7, 5, 7, 9, 7, 8, 9, 9, 9, 5, 8, 6], [8, 9, 7, 9, 5, 8, 5, 5, 9, 6, 7, 5, 8, 8, 6, 8, 7, 6, 9, 9, 7, 9, 7, 6, 8], [9, 8, 8, 5, 5, 7, 7, 7, 8, 8, 8, 7, 8, 7, 7, 7, 6, 5, 7, 7, 5, 6, 6, 8, 9], [5, 7, 8, 5, 9, 5, 5, 9, 5, 6, 6, 5, 8, 6, 7, 8, 7, 5, 5, 9, 7, 9, 7, 9, 7], [6, 7, 8, 7, 5, 8, 5, 7, 6, 5, 9, 9, 6, 8, 5, 5, 8, 7, 8, 6, 5, 7, 8, 9, 5], [5, 9, 8, 7, 9, 7, 6, 8, 7, 5, 9, 6, 9, 8, 6, 7, 7, 8, 7, 6, 7, 8, 7, 8, 6], [9, 9, 7, 9, 8, 7, 7, 6, 7, 8, 7, 9, 9, 6, 7, 7, 5, 7, 6, 5, 6, 7, 6, 8, 9], [9, 5, 5, 5, 6, 5, 8, 7, 6, 6, 5, 7, 6, 8, 6, 8, 5, 6, 5, 7, 6, 9, 6, 9, 9], [9, 7, 5, 8, 9, 7, 8, 9, 7, 6, 8, 5, 5, 5, 8, 5, 9, 7, 6, 6, 8, 7, 8, 5, 9], [6, 6, 8, 5, 9, 8, 5, 5, 6, 9, 9, 9, 7, 7, 7, 6, 7, 9, 5, 9, 6, 9, 5, 8, 6], [8, 5, 6, 9, 8, 6, 9, 5, 7, 8, 7, 7, 8, 6, 6, 9, 7, 5, 7, 7, 6, 6, 8, 7, 9], [9, 8, 8, 6, 7, 8, 7, 5, 8, 5, 5, 6, 6, 6, 7, 5, 8, 9, 5, 8, 7, 7, 6, 5, 7], [5, 6, 6, 8, 5, 9, 5, 5, 7, 9, 9, 7, 6, 7, 6, 6, 7, 6, 6, 9, 7, 7, 8, 6, 8], [5, 6, 7, 8, 8, 6, 8, 5, 7, 5, 5, 6, 5, 7, 7, 5, 9, 5, 6, 5, 6, 5, 6, 9, 8], [9, 9, 7, 5, 8, 5, 8, 9, 5, 6, 8, 9, 9, 9, 7, 7, 5, 9, 8, 8, 8, 7, 8, 5, 6], [8, 6, 7, 7, 5, 7, 6, 8, 9, 7, 7, 5, 9, 5, 6, 6, 8, 9, 6, 6, 5, 8, 6, 7, 7], [6, 9, 8, 9, 6, 5, 5, 6, 7, 8, 8, 9, 6, 8, 9, 7, 7, 8, 7, 8, 7, 8, 7, 5, 8], [7, 6, 9, 5, 7, 8, 7, 6, 6, 5, 8, 5, 7, 7, 6, 7, 6, 7, 9, 5, 7, 7, 8, 5, 6], [7, 9, 9, 8, 5, 6, 6, 8, 7, 8, 5, 8, 9, 5, 8, 9, 9, 9, 6, 8, 8, 8, 6, 8, 7], [9, 9, 9, 8, 8, 8, 7, 8, 7, 6, 7, 7, 7, 8, 7, 8, 9, 9, 5, 8, 8, 5, 8, 6, 5], [8, 6, 8, 6, 9, 9, 8, 9, 5, 5, 7, 8, 6, 7, 9, 9, 6, 9, 7, 8, 7, 6, 6, 5, 8], [8, 7, 5, 8, 6, 9, 5, 6, 5, 9, 5, 7, 5, 8, 6, 5, 7, 5, 5, 9, 8, 9, 8, 8, 9], [5, 6, 6, 8, 7, 6, 6, 8, 9, 9, 8, 5, 7, 6, 8, 6, 7, 9, 8, 7, 7, 8, 9, 8, 7], [5, 6, 5, 9, 6, 9, 6, 9, 8, 7, 8, 7, 5, 8, 5, 5, 7, 5, 8, 7, 9, 8, 7, 5, 6], [7, 6, 6, 5, 7, 9, 5, 6, 9, 6, 9, 8, 7, 7, 8, 8, 6, 9, 9, 7, 6, 8, 7, 5, 5], [7, 8, 8, 9, 6, 9, 8, 8, 8, 8, 8, 9, 6, 5, 7, 9, 8, 9, 7, 8, 5, 9, 9, 6, 6], [7, 6, 6, 8, 8, 6, 8, 5, 7, 8, 9, 8, 7, 7, 5, 9, 6, 9, 7, 8, 8, 7, 9, 6, 5], [7, 6, 5, 9, 7, 6, 6, 9, 9, 9, 6, 9, 9, 5, 8, 7, 9, 9, 8, 6, 6, 7, 9, 5, 5]]
Demand for each product in each period d: 
[[26, 45, 44, 37, 2, 29, 23, 46, 19, 34, 27, 45, 15, 37, 9, 14, 0, 12, 21, 32, 0, 31, 9, 0, 1], [47, 48, 12, 7, 23, 39, 0, 37, 15, 28, 44, 6, 13, 0, 20, 42, 42, 40, 21, 45, 37, 14, 33, 2, 11], [49, 3, 47, 19, 16, 20, 2, 0, 2, 17, 1, 40, 0, 48, 28, 18, 34, 10, 48, 6, 4, 40, 33, 24, 13], [10, 11, 8, 47, 2, 26, 42, 8, 37, 20, 11, 5, 17, 19, 14, 4, 11, 49, 41, 36, 25, 13, 36, 14, 37], [5, 24, 48, 6, 4, 7, 48, 4, 35, 0, 46, 10, 27, 36, 40, 3, 6, 30, 37, 14, 6, 42, 0, 19, 12], [16, 11, 4, 40, 43, 46, 19, 8, 37, 35, 8, 10, 47, 16, 16, 10, 19, 24, 46, 0, 3, 9, 1, 35, 41], [1, 18, 9, 24, 7, 0, 46, 39, 38, 5, 35, 42, 5, 4, 49, 5, 23, 14, 35, 43, 7, 4, 42, 16, 23], [40, 5, 3, 13, 39, 27, 13, 33, 43, 0, 29, 49, 40, 12, 43, 1, 12, 5, 15, 10, 16, 26, 13, 19, 34], [47, 45, 2, 32, 45, 27, 38, 49, 13, 27, 0, 28, 2, 15, 26, 32, 22, 19, 46, 36, 11, 13, 47, 30, 29], [26, 40, 20, 25, 37, 41, 49, 38, 0, 13, 34, 15, 11, 1, 37, 6, 0, 27, 44, 25, 5, 33, 23, 48, 45], [49, 34, 28, 42, 31, 30, 23, 4, 2, 40, 45, 20, 34, 35, 21, 0, 12, 10, 24, 5, 29, 30, 36, 39, 16], [0, 1, 42, 0, 16, 0, 32, 44, 0, 26, 41, 22, 19, 26, 28, 39, 6, 33, 39, 45, 49, 46, 22, 4, 29], [13, 0, 27, 27, 0, 30, 7, 47, 21, 28, 47, 33, 0, 40, 34, 1, 6, 44, 29, 40, 32, 49, 3, 31, 16], [29, 28, 17, 1, 35, 18, 19, 17, 0, 1, 45, 36, 0, 42, 8, 8, 0, 27, 4, 43, 31, 23, 10, 2, 45], [45, 24, 0, 0, 5, 23, 45, 4, 41, 24, 22, 15, 17, 38, 38, 21, 45, 16, 26, 6, 26, 26, 39, 37, 1], [10, 0, 20, 28, 49, 36, 7, 22, 11, 0, 17, 44, 22, 1, 1, 37, 47, 37, 47, 6, 18, 8, 43, 34, 23], [11, 13, 32, 1, 20, 45, 37, 36, 31, 26, 36, 12, 31, 7, 2, 30, 0, 49, 0, 0, 39, 32, 34, 0, 1], [13, 5, 5, 27, 10, 0, 10, 8, 49, 41, 26, 41, 2, 24, 14, 4, 48, 41, 44, 3, 19, 2, 28, 43, 42], [9, 47, 6, 27, 18, 9, 46, 13, 2, 38, 41, 25, 5, 16, 40, 27, 1, 33, 1, 14, 25, 44, 30, 13, 25], [18, 39, 7, 33, 2, 47, 42, 15, 5, 42, 0, 23, 27, 0, 1, 4, 6, 48, 35, 6, 41, 45, 7, 35, 39], [11, 42, 49, 20, 45, 1, 42, 21, 24, 4, 34, 33, 45, 21, 7, 27, 18, 15, 0, 14, 44, 14, 47, 6, 0], [2, 0, 3, 20, 1, 25, 31, 7, 31, 45, 22, 0, 32, 31, 33, 31, 47, 49, 48, 4, 23, 45, 10, 35, 36], [35, 24, 30, 45, 13, 27, 0, 14, 49, 30, 5, 28, 28, 33, 11, 8, 27, 2, 22, 0, 25, 33, 47, 47, 36], [41, 16, 26, 32, 24, 8, 44, 2, 26, 7, 7, 13, 26, 5, 13, 0, 29, 25, 43, 39, 0, 29, 9, 38, 46], [14, 48, 0, 24, 15, 11, 23, 40, 18, 48, 14, 7, 17, 7, 15, 7, 9, 12, 8, 18, 40, 20, 41, 14, 2], [35, 29, 47, 2, 28, 39, 9, 26, 35, 30, 19, 26, 9, 49, 22, 49, 10, 36, 31, 18, 32, 47, 25, 48, 41], [46, 27, 42, 49, 1, 28, 36, 4, 43, 29, 17, 2, 32, 38, 27, 34, 48, 5, 4, 21, 49, 0, 5, 28, 42], [7, 36, 13, 10, 35, 34, 37, 44, 34, 33, 8, 7, 30, 32, 41, 31, 0, 47, 21, 29, 16, 14, 46, 0, 47], [3, 19, 21, 22, 44, 41, 45, 11, 21, 36, 12, 39, 41, 37, 9, 18, 9, 45, 33, 37, 16, 7, 9, 42, 31], [42, 21, 44, 29, 5, 46, 24, 26, 43, 17, 32, 19, 0, 33, 9, 9, 25, 34, 10, 25, 0, 8, 37, 37, 14], [18, 14, 40, 0, 32, 19, 3, 3, 18, 22, 33, 25, 43, 2, 0, 0, 29, 6, 35, 45, 0, 28, 16, 4, 26], [21, 18, 42, 43, 12, 11, 4, 15, 20, 15, 26, 22, 32, 13, 18, 29, 35, 24, 18, 36, 15, 5, 35, 1, 24], [3, 4, 5, 37, 47, 20, 40, 40, 25, 10, 23, 35, 14, 26, 47, 10, 44, 46, 13, 46, 44, 15, 0, 37, 19], [26, 39, 43, 25, 17, 26, 45, 38, 39, 0, 0, 16, 23, 12, 18, 12, 16, 16, 13, 22, 18, 20, 8, 31, 43], [37, 0, 19, 37, 6, 33, 38, 13, 31, 40, 28, 44, 16, 43, 14, 16, 30, 22, 23, 45, 5, 24, 10, 35, 49]]
Maintenance cost in each period m: 
[3988, 5479, 5873, 6535, 3880, 5104, 4422, 4502, 4206, 6320, 5221, 6090, 6727, 4828, 7144, 5800, 7372, 4401, 5077, 7618, 5184, 6062, 5241, 3881, 4480]
Maximum capacity of the machine cmax: 
1540