
5
5
3
1
3
1
19488.24
0.18
0.0187
Any[15460.0, 20440.0, 19552.0, 18307.0, 20590.0, 17449.0, 18948.48, 21885.0, 22819.0, 19431.88]
19450.62
0.0152
0.0
Any[15460.0, 20440.0, 19552.0, 18307.0, 20538.4, 17449.0, 18948.48, 21885.0, 22656.4, 19269.88]
0.0339
5
10
5
1
5
1
37853.34
0.31
0.2506
Any[34436.85, 38410.24, 41255.23, 35847.0, 39634.0, 37401.39, 36087.56, 35962.98, 36985.0, 42513.16]
37795.84
0.1594
0.16
Any[34436.85, 38300.91, 41255.23, 35847.0, 39604.0, 37237.66, 36087.56, 35962.98, 36894.1, 42332.16]
0.41
20
5
3
1
3
1
69421.76
0.03
0.0664
Any[65821.0, 71523.0, 72914.0, 77478.0, 64474.0, 74472.0, 64012.0, 67394.0, 66741.6, 69388.0]
69396.58
0.051
0.0
Any[65821.0, 71523.0, 72914.0, 77234.8, 64474.0, 74472.0, 64012.0, 67394.0, 66733.0, 69388.0]
0.1174
20
10
6
2
6
2
131350.06
0.04
0.4662
Any[131740.16, 132358.0, 132172.0, 131007.0, 126575.0, 131482.0, 135600.0, 129571.0, 132536.0, 130459.41]
131304.56
0.1434
0.01
Any[131740.16, 132328.0, 132172.0, 130755.0, 126478.0, 131482.0, 135600.0, 129495.0, 132536.0, 130459.41]
0.6096