Set of periods in the planning horizon T: 
25
Set of products P: 
25
Capacity reduction coefficient alpha: 
0.69
Relative decrease of capacity per set up gamma: 
0.23
Capacity reduction coefficient due to product types beta: 
[0.2, 0.35, 0.2, 0.25, 0.39, 0.28, 0.22, 0.22, 0.22, 0.26, 0.29, 0.39, 0.32, 0.33, 0.38, 0.34, 0.21, 0.36, 0.4, 0.38, 0.24, 0.34, 0.35, 0.38, 0.25]
Fixed production cost of each product in each period f: 
[[547, 810, 797, 689, 669, 534, 979, 552, 508, 571, 873, 910, 524, 544, 929, 791, 652, 550, 881, 763, 828, 785, 801, 778, 763], [506, 820, 604, 707, 538, 565, 977, 859, 660, 777, 982, 812, 740, 984, 988, 773, 692, 684, 593, 922, 533, 586, 602, 903, 585], [952, 741, 520, 880, 740, 724, 884, 946, 886, 782, 957, 713, 829, 666, 698, 825, 576, 829, 679, 891, 589, 580, 790, 631, 532], [841, 688, 582, 673, 940, 952, 941, 953, 605, 648, 563, 927, 708, 862, 555, 627, 618, 751, 747, 713, 886, 508, 670, 935, 952], [769, 726, 515, 843, 744, 697, 912, 674, 904, 638, 872, 523, 907, 576, 504, 988, 567, 691, 853, 589, 841, 849, 569, 659, 749], [971, 685, 886, 763, 965, 849, 799, 747, 836, 652, 870, 780, 933, 818, 941, 966, 599, 730, 935, 800, 884, 709, 500, 730, 695], [831, 758, 549, 795, 733, 820, 635, 591, 952, 796, 798, 828, 806, 692, 542, 625, 753, 859, 945, 710, 835, 700, 546, 900, 856], [722, 853, 784, 927, 616, 764, 727, 884, 689, 695, 618, 820, 739, 624, 786, 990, 571, 627, 775, 633, 780, 933, 574, 929, 607], [853, 607, 626, 791, 844, 759, 723, 861, 901, 620, 719, 969, 616, 759, 525, 576, 810, 531, 643, 843, 650, 516, 509, 777, 974], [916, 919, 682, 861, 587, 677, 514, 868, 551, 783, 962, 744, 655, 545, 682, 761, 768, 788, 591, 863, 847, 728, 552, 960, 774], [837, 997, 502, 522, 836, 799, 625, 935, 588, 592, 620, 955, 944, 562, 528, 708, 621, 716, 835, 644, 794, 790, 807, 699, 526], [612, 628, 798, 649, 620, 866, 841, 763, 507, 981, 613, 514, 751, 744, 629, 617, 958, 836, 881, 942, 989, 999, 877, 524, 789], [932, 859, 587, 835, 881, 725, 637, 594, 649, 719, 884, 941, 682, 731, 983, 918, 907, 916, 779, 808, 944, 935, 997, 712, 543], [736, 536, 588, 803, 853, 947, 543, 803, 631, 582, 804, 940, 844, 720, 964, 883, 847, 989, 952, 976, 976, 986, 638, 784, 971], [613, 681, 850, 677, 580, 544, 790, 823, 650, 984, 815, 746, 616, 990, 833, 710, 555, 702, 739, 777, 747, 907, 734, 607, 685], [724, 685, 594, 562, 943, 666, 584, 764, 818, 815, 569, 878, 746, 701, 892, 675, 918, 592, 879, 933, 968, 739, 807, 942, 521], [509, 536, 984, 501, 992, 672, 924, 509, 656, 517, 692, 535, 859, 512, 730, 619, 903, 975, 897, 975, 719, 782, 978, 555, 751], [876, 876, 610, 640, 504, 574, 631, 879, 877, 999, 717, 918, 563, 973, 761, 528, 605, 644, 708, 823, 970, 725, 714, 722, 879], [624, 877, 967, 895, 850, 750, 567, 843, 960, 660, 526, 964, 587, 768, 805, 962, 979, 516, 728, 984, 960, 633, 907, 987, 554], [608, 692, 847, 907, 569, 774, 879, 614, 831, 905, 519, 703, 640, 546, 839, 510, 592, 966, 733, 621, 601, 940, 929, 984, 617], [938, 852, 859, 573, 982, 826, 777, 993, 625, 630, 704, 933, 716, 573, 675, 883, 601, 793, 961, 692, 576, 780, 543, 677, 622], [841, 645, 956, 748, 782, 943, 808, 708, 800, 555, 649, 607, 501, 867, 938, 796, 678, 791, 802, 809, 937, 736, 923, 530, 680], [520, 603, 628, 639, 752, 621, 528, 813, 539, 679, 934, 944, 936, 810, 729, 703, 963, 786, 546, 877, 638, 851, 963, 764, 676], [827, 689, 975, 972, 911, 553, 524, 641, 854, 535, 726, 806, 689, 890, 863, 575, 735, 729, 508, 819, 561, 651, 605, 879, 572], [999, 859, 906, 756, 906, 857, 978, 980, 911, 781, 970, 633, 796, 817, 720, 615, 886, 836, 617, 899, 789, 848, 656, 584, 715]]
Variable production cost per unit of each product in each period p: 
[[10, 11, 13, 13, 13, 10, 13, 11, 13, 10, 13, 10, 10, 10, 12, 13, 13, 12, 13, 11, 13, 12, 10, 11, 10], [12, 11, 12, 10, 11, 13, 10, 12, 11, 10, 10, 10, 12, 13, 13, 11, 11, 11, 12, 12, 11, 13, 13, 10, 10], [11, 13, 13, 13, 11, 11, 10, 12, 13, 11, 11, 11, 10, 12, 12, 10, 13, 13, 11, 11, 10, 11, 10, 11, 13], [12, 10, 11, 11, 10, 11, 13, 10, 12, 12, 13, 12, 10, 12, 13, 11, 11, 11, 12, 13, 12, 12, 11, 10, 11], [10, 13, 10, 13, 11, 12, 12, 13, 11, 11, 10, 10, 11, 12, 11, 13, 10, 12, 12, 12, 13, 10, 11, 12, 13], [13, 10, 12, 11, 11, 11, 10, 13, 10, 13, 12, 13, 13, 13, 13, 13, 10, 12, 10, 10, 10, 11, 12, 12, 13], [10, 11, 11, 13, 10, 13, 10, 10, 10, 13, 12, 13, 12, 12, 13, 10, 11, 10, 12, 11, 11, 12, 10, 10, 13], [11, 11, 10, 13, 11, 13, 12, 12, 13, 11, 13, 11, 13, 10, 13, 13, 13, 10, 12, 10, 13, 12, 11, 10, 12], [12, 12, 10, 10, 13, 12, 13, 12, 13, 11, 10, 13, 11, 10, 11, 11, 10, 10, 11, 10, 10, 12, 10, 12, 12], [12, 12, 12, 10, 12, 12, 10, 13, 11, 11, 11, 10, 12, 11, 13, 10, 12, 11, 11, 13, 11, 10, 11, 10, 10], [12, 12, 13, 11, 12, 13, 10, 10, 11, 10, 10, 12, 12, 13, 12, 11, 12, 10, 10, 10, 12, 13, 13, 13, 13], [10, 10, 11, 12, 11, 13, 12, 12, 10, 13, 10, 10, 11, 11, 11, 10, 10, 12, 10, 10, 12, 10, 13, 13, 13], [10, 12, 13, 11, 12, 11, 12, 13, 10, 12, 12, 13, 13, 11, 10, 11, 12, 11, 13, 12, 12, 10, 12, 13, 10], [12, 10, 11, 13, 12, 13, 11, 12, 11, 13, 10, 13, 10, 10, 10, 10, 10, 12, 13, 12, 10, 12, 12, 10, 11], [11, 10, 13, 13, 12, 11, 13, 10, 11, 11, 11, 13, 11, 10, 12, 12, 11, 10, 12, 13, 11, 13, 10, 13, 12], [11, 11, 10, 10, 13, 13, 10, 11, 12, 13, 12, 13, 11, 11, 13, 10, 12, 11, 12, 13, 13, 12, 13, 10, 10], [10, 12, 10, 13, 11, 11, 11, 11, 12, 12, 12, 12, 10, 11, 12, 12, 10, 10, 13, 12, 12, 10, 13, 13, 12], [13, 11, 12, 10, 10, 11, 11, 12, 12, 10, 13, 10, 10, 10, 10, 12, 12, 12, 12, 10, 10, 10, 10, 12, 12], [11, 11, 10, 12, 11, 11, 11, 10, 13, 10, 12, 13, 10, 10, 11, 11, 11, 11, 10, 13, 11, 12, 11, 12, 13], [10, 10, 10, 11, 11, 12, 12, 13, 13, 11, 13, 10, 10, 12, 11, 10, 10, 11, 10, 11, 11, 10, 11, 10, 12], [10, 12, 13, 12, 13, 13, 11, 13, 12, 13, 10, 11, 11, 12, 13, 11, 12, 13, 13, 11, 13, 10, 11, 13, 10], [10, 13, 11, 10, 10, 12, 12, 11, 13, 13, 11, 11, 11, 11, 12, 12, 12, 13, 12, 10, 11, 11, 10, 11, 11], [11, 13, 12, 12, 13, 10, 10, 12, 10, 11, 13, 12, 13, 11, 11, 10, 11, 10, 13, 10, 10, 12, 13, 10, 12], [10, 11, 11, 11, 10, 11, 10, 12, 12, 11, 13, 10, 13, 10, 10, 10, 13, 10, 10, 12, 12, 10, 10, 13, 12], [12, 13, 13, 13, 13, 12, 10, 13, 12, 13, 10, 12, 11, 11, 13, 12, 12, 11, 12, 11, 10, 12, 12, 13, 12]]
Inventory holding cost per unit of each product by the end of each period h: 
[[7, 7, 8, 8, 6, 6, 6, 5, 8, 8, 9, 6, 9, 7, 5, 9, 5, 7, 5, 6, 5, 6, 5, 6, 8], [6, 9, 5, 8, 7, 6, 9, 9, 6, 6, 6, 9, 6, 9, 9, 8, 9, 8, 9, 9, 9, 7, 7, 5, 8], [9, 5, 9, 5, 7, 8, 6, 7, 5, 5, 7, 5, 9, 9, 6, 8, 8, 7, 7, 6, 5, 7, 6, 9, 5], [9, 9, 6, 6, 8, 7, 6, 8, 5, 9, 8, 6, 8, 5, 7, 5, 8, 8, 7, 6, 6, 5, 9, 6, 9], [7, 5, 6, 5, 7, 6, 6, 7, 8, 6, 5, 5, 9, 5, 6, 7, 9, 9, 7, 9, 8, 9, 7, 6, 5], [5, 8, 9, 6, 8, 8, 5, 9, 8, 8, 9, 9, 7, 9, 7, 9, 5, 8, 8, 9, 6, 9, 8, 9, 9], [8, 9, 5, 6, 8, 6, 8, 7, 8, 7, 8, 6, 7, 6, 6, 7, 9, 5, 7, 8, 8, 7, 5, 7, 9], [8, 8, 7, 6, 8, 7, 5, 7, 5, 8, 6, 8, 6, 7, 7, 9, 8, 7, 7, 9, 9, 9, 6, 9, 9], [9, 7, 9, 7, 8, 7, 7, 8, 7, 6, 9, 5, 8, 9, 5, 6, 9, 5, 7, 5, 9, 6, 5, 6, 7], [8, 7, 6, 7, 6, 6, 9, 5, 8, 8, 5, 5, 8, 7, 7, 6, 6, 9, 9, 8, 8, 8, 8, 6, 9], [9, 5, 7, 9, 9, 7, 8, 7, 5, 5, 7, 5, 7, 6, 5, 6, 6, 9, 8, 9, 7, 9, 5, 7, 6], [9, 6, 6, 6, 8, 6, 6, 7, 6, 6, 5, 8, 5, 5, 9, 5, 7, 6, 9, 6, 6, 7, 7, 9, 7], [6, 9, 8, 8, 8, 8, 5, 7, 6, 9, 8, 7, 7, 5, 8, 9, 9, 9, 5, 5, 5, 8, 6, 6, 6], [9, 7, 6, 7, 8, 7, 6, 8, 9, 9, 9, 6, 8, 8, 8, 9, 5, 5, 5, 6, 9, 7, 7, 6, 6], [6, 8, 6, 7, 8, 7, 7, 8, 9, 7, 9, 7, 8, 7, 7, 8, 5, 6, 6, 6, 5, 5, 9, 9, 6], [8, 6, 8, 9, 7, 6, 6, 9, 5, 8, 8, 5, 6, 7, 9, 6, 6, 8, 7, 5, 5, 7, 5, 6, 8], [9, 6, 9, 6, 5, 6, 6, 8, 9, 7, 9, 6, 9, 6, 9, 8, 8, 7, 7, 8, 9, 5, 7, 9, 8], [7, 9, 7, 5, 7, 7, 6, 9, 9, 7, 9, 8, 8, 9, 8, 9, 6, 8, 9, 6, 8, 6, 9, 7, 5], [5, 6, 8, 7, 7, 6, 5, 9, 5, 8, 6, 5, 8, 7, 8, 6, 9, 6, 9, 7, 9, 8, 9, 8, 9], [8, 6, 7, 5, 5, 8, 5, 5, 6, 9, 9, 8, 9, 7, 8, 6, 9, 7, 9, 7, 8, 9, 6, 5, 5], [6, 9, 9, 7, 8, 9, 5, 6, 6, 6, 6, 5, 9, 6, 6, 5, 7, 9, 6, 6, 8, 6, 5, 8, 5], [6, 6, 7, 7, 8, 7, 7, 6, 7, 7, 9, 6, 7, 6, 6, 9, 6, 9, 5, 7, 6, 7, 6, 5, 8], [5, 6, 5, 5, 7, 5, 8, 6, 6, 6, 6, 5, 7, 6, 6, 6, 7, 7, 6, 9, 7, 7, 7, 6, 5], [7, 9, 6, 9, 7, 8, 8, 9, 9, 5, 6, 7, 9, 8, 7, 9, 9, 9, 6, 8, 7, 8, 6, 6, 5], [6, 6, 9, 9, 9, 9, 5, 6, 7, 6, 7, 6, 9, 5, 6, 5, 6, 9, 9, 7, 5, 8, 5, 7, 5]]
Demand for each product in each period d: 
[[6, 28, 3, 0, 43, 29, 36, 36, 34, 4, 9, 4, 23, 37, 38, 44, 0, 1, 42, 25, 10, 18, 22, 28, 0], [6, 11, 16, 31, 6, 0, 41, 7, 36, 26, 34, 8, 49, 40, 33, 21, 29, 43, 28, 24, 14, 40, 19, 0, 13], [10, 3, 36, 48, 37, 38, 10, 34, 38, 31, 26, 49, 17, 49, 0, 27, 46, 12, 35, 33, 38, 0, 4, 12, 26], [9, 1, 47, 36, 39, 38, 2, 24, 11, 5, 21, 29, 37, 28, 47, 17, 19, 43, 24, 32, 16, 30, 0, 34, 0], [30, 38, 22, 3, 18, 10, 26, 18, 29, 39, 43, 39, 4, 22, 22, 12, 37, 47, 0, 34, 14, 22, 38, 48, 44], [5, 46, 46, 44, 14, 18, 27, 47, 20, 35, 21, 10, 14, 20, 48, 20, 25, 36, 0, 34, 14, 36, 0, 15, 40], [48, 22, 7, 2, 48, 21, 14, 9, 0, 19, 17, 0, 28, 39, 9, 41, 23, 35, 48, 31, 15, 25, 0, 24, 16], [37, 31, 0, 40, 17, 43, 6, 30, 31, 17, 21, 19, 33, 7, 16, 42, 0, 9, 35, 26, 14, 30, 35, 3, 43], [19, 15, 34, 39, 35, 34, 12, 31, 33, 29, 5, 0, 40, 35, 35, 24, 45, 19, 46, 48, 29, 25, 0, 0, 34], [0, 34, 47, 28, 31, 0, 14, 43, 26, 29, 9, 46, 49, 26, 9, 13, 19, 3, 15, 41, 23, 7, 48, 5, 2], [14, 25, 8, 5, 39, 22, 5, 21, 13, 1, 49, 31, 11, 29, 5, 14, 8, 26, 16, 8, 41, 1, 0, 4, 19], [45, 29, 7, 19, 12, 4, 13, 19, 24, 13, 10, 0, 28, 32, 42, 26, 19, 41, 13, 48, 24, 26, 22, 11, 0], [20, 2, 13, 25, 33, 17, 14, 34, 12, 29, 34, 40, 10, 11, 25, 24, 33, 0, 12, 1, 23, 29, 16, 17, 1], [4, 10, 47, 35, 30, 3, 0, 26, 23, 10, 40, 0, 32, 29, 20, 43, 14, 15, 29, 5, 19, 40, 31, 27, 37], [0, 41, 24, 0, 42, 31, 12, 43, 21, 28, 15, 8, 16, 42, 0, 27, 14, 27, 0, 3, 14, 27, 46, 40, 15], [10, 30, 44, 43, 25, 34, 31, 14, 6, 30, 38, 30, 38, 3, 24, 48, 38, 12, 0, 41, 1, 12, 26, 11, 11], [31, 12, 0, 17, 31, 0, 19, 19, 20, 21, 33, 20, 47, 16, 32, 44, 31, 7, 23, 41, 24, 18, 10, 13, 19], [44, 29, 49, 38, 17, 11, 27, 10, 20, 22, 1, 39, 17, 1, 11, 44, 34, 1, 0, 27, 46, 20, 32, 28, 18], [5, 38, 40, 37, 31, 38, 33, 11, 12, 35, 47, 9, 0, 0, 37, 40, 9, 29, 18, 37, 2, 18, 35, 17, 42], [17, 14, 4, 35, 9, 37, 25, 12, 9, 41, 23, 0, 20, 19, 24, 39, 40, 42, 46, 13, 32, 16, 35, 38, 11], [39, 8, 20, 21, 0, 5, 30, 42, 40, 37, 49, 33, 44, 5, 24, 44, 45, 23, 14, 9, 4, 12, 36, 31, 27], [10, 11, 33, 25, 23, 3, 41, 49, 16, 28, 23, 37, 40, 7, 35, 24, 37, 34, 0, 38, 35, 20, 43, 45, 24], [1, 45, 18, 4, 18, 41, 38, 39, 49, 40, 2, 4, 13, 17, 7, 17, 33, 17, 30, 19, 0, 13, 20, 6, 2], [4, 46, 0, 10, 37, 42, 22, 28, 34, 3, 43, 6, 35, 29, 7, 49, 35, 29, 19, 0, 0, 19, 49, 33, 46], [47, 18, 44, 16, 12, 6, 42, 30, 1, 18, 22, 35, 45, 15, 21, 21, 0, 3, 23, 5, 11, 17, 23, 26, 41]]
Maintenance cost in each period m: 
[4385, 3996, 5712, 5378, 5106, 4511, 3912, 3733, 6530, 6485, 3119, 6367, 3627, 4766, 4840, 4631, 3002, 4475, 5008, 4868, 6406, 5141, 4479, 3142, 5684]
Maximum capacity of the machine cmax: 
1025