Set of periods in the planning horizon T: 
10
Set of products P: 
25
Capacity reduction coefficient alpha: 
0.62
Relative decrease of capacity per set up gamma: 
0.37
Capacity reduction coefficient due to product types beta: 
[0.25, 0.21, 0.25, 0.34, 0.29, 0.29, 0.36, 0.28, 0.2, 0.21, 0.36, 0.25, 0.2, 0.36, 0.25, 0.35, 0.32, 0.21, 0.24, 0.31, 0.3, 0.32, 0.21, 0.3, 0.27]
Fixed production cost of each product in each period f: 
[[578, 912, 722, 749, 551, 587, 778, 897, 593, 776], [738, 617, 867, 690, 565, 802, 754, 572, 828, 542], [505, 796, 920, 718, 555, 552, 628, 824, 880, 581], [816, 727, 540, 904, 948, 981, 905, 694, 946, 976], [584, 641, 914, 861, 524, 800, 636, 608, 597, 871], [844, 727, 510, 633, 888, 680, 561, 728, 671, 658], [514, 597, 766, 696, 939, 538, 730, 945, 790, 785], [575, 688, 609, 853, 575, 846, 713, 606, 521, 696], [927, 842, 734, 579, 824, 998, 577, 592, 595, 903], [626, 937, 781, 551, 714, 507, 941, 993, 566, 650], [672, 847, 564, 805, 630, 666, 551, 533, 868, 726], [561, 599, 836, 888, 888, 904, 635, 978, 917, 676], [769, 822, 781, 788, 926, 961, 774, 633, 577, 736], [570, 704, 525, 971, 938, 612, 540, 700, 881, 684], [805, 668, 830, 924, 836, 726, 786, 974, 803, 811], [530, 815, 901, 739, 939, 512, 849, 875, 873, 590], [804, 706, 833, 528, 529, 509, 981, 503, 909, 887], [976, 676, 595, 643, 816, 578, 961, 691, 659, 635], [671, 816, 647, 695, 829, 660, 667, 896, 797, 817], [885, 751, 978, 686, 926, 952, 707, 817, 508, 839], [684, 823, 761, 655, 636, 669, 996, 747, 552, 880], [701, 857, 829, 719, 954, 675, 506, 633, 986, 904], [571, 871, 993, 817, 508, 559, 760, 584, 530, 838], [598, 944, 728, 950, 996, 654, 723, 677, 596, 992], [992, 802, 696, 894, 639, 734, 749, 841, 803, 703]]
Variable production cost per unit of each product in each period p: 
[[13, 13, 10, 10, 12, 11, 11, 13, 12, 12], [13, 12, 10, 10, 13, 10, 12, 13, 12, 10], [11, 10, 13, 11, 11, 11, 12, 11, 12, 10], [13, 13, 12, 11, 11, 10, 11, 10, 10, 12], [11, 10, 13, 10, 11, 13, 12, 12, 10, 13], [13, 11, 11, 12, 12, 12, 11, 11, 10, 11], [11, 12, 12, 13, 12, 12, 13, 13, 13, 10], [11, 10, 10, 11, 10, 12, 11, 12, 11, 11], [11, 10, 12, 13, 12, 13, 12, 11, 13, 11], [11, 10, 13, 12, 12, 13, 12, 11, 13, 13], [12, 10, 13, 12, 13, 13, 10, 10, 13, 12], [12, 12, 10, 10, 10, 11, 13, 13, 13, 10], [10, 13, 10, 10, 10, 13, 13, 10, 11, 10], [10, 10, 13, 11, 13, 13, 11, 11, 13, 11], [11, 12, 11, 13, 13, 13, 11, 13, 12, 10], [13, 12, 13, 10, 10, 11, 10, 11, 11, 11], [12, 13, 13, 11, 11, 12, 10, 11, 13, 12], [11, 13, 10, 10, 12, 12, 13, 11, 13, 11], [12, 13, 10, 11, 10, 12, 10, 11, 12, 11], [13, 13, 12, 11, 10, 10, 10, 12, 10, 11], [11, 13, 13, 13, 13, 13, 11, 13, 13, 11], [12, 10, 12, 11, 11, 13, 10, 12, 13, 12], [10, 11, 12, 13, 13, 11, 11, 12, 12, 12], [11, 11, 10, 12, 12, 12, 12, 10, 13, 10], [12, 10, 12, 13, 12, 12, 12, 10, 12, 12]]
Inventory holding cost per unit of each product by the end of each period h: 
[[6, 9, 6, 7, 9, 9, 8, 5, 6, 7], [8, 8, 6, 5, 5, 6, 9, 9, 6, 8], [6, 6, 6, 6, 6, 7, 5, 9, 6, 7], [8, 6, 5, 8, 5, 9, 5, 7, 6, 5], [8, 8, 9, 8, 7, 9, 7, 6, 7, 8], [7, 8, 8, 9, 6, 7, 9, 8, 9, 9], [8, 7, 5, 7, 8, 6, 5, 9, 6, 9], [5, 6, 8, 5, 6, 8, 6, 9, 9, 9], [9, 7, 6, 5, 6, 6, 5, 9, 8, 8], [6, 9, 6, 8, 5, 5, 8, 5, 9, 5], [7, 7, 5, 5, 6, 7, 6, 5, 7, 7], [7, 6, 9, 7, 6, 6, 6, 6, 7, 8], [8, 7, 7, 6, 7, 8, 9, 6, 6, 8], [7, 5, 7, 5, 7, 6, 5, 6, 6, 9], [9, 7, 9, 9, 9, 9, 6, 8, 8, 7], [7, 6, 5, 7, 6, 6, 8, 5, 5, 9], [9, 5, 7, 6, 8, 7, 9, 6, 7, 6], [9, 9, 8, 5, 5, 8, 8, 7, 9, 6], [6, 8, 5, 9, 5, 8, 5, 9, 7, 8], [7, 9, 7, 8, 7, 8, 7, 6, 6, 8], [5, 5, 8, 8, 6, 8, 5, 6, 9, 8], [6, 8, 7, 9, 7, 6, 8, 8, 6, 9], [7, 5, 9, 5, 8, 5, 5, 6, 8, 5], [9, 8, 6, 9, 8, 6, 9, 7, 7, 7], [9, 6, 8, 5, 5, 5, 5, 8, 6, 8]]
Demand for each product in each period d: 
[[7, 19, 18, 12, 3, 18, 2, 10, 26, 26], [33, 42, 0, 11, 8, 22, 34, 32, 19, 5], [41, 24, 17, 3, 45, 34, 21, 41, 11, 45], [26, 19, 0, 21, 10, 0, 47, 14, 13, 17], [11, 33, 19, 28, 15, 1, 2, 12, 22, 35], [25, 22, 38, 45, 10, 20, 2, 23, 3, 13], [13, 15, 46, 38, 26, 48, 42, 34, 24, 18], [17, 41, 13, 0, 20, 37, 46, 47, 29, 37], [26, 9, 48, 8, 0, 16, 43, 0, 48, 49], [38, 37, 49, 33, 6, 22, 25, 18, 39, 23], [19, 36, 45, 20, 32, 7, 20, 47, 23, 49], [43, 7, 40, 1, 32, 39, 1, 42, 26, 27], [7, 36, 48, 43, 23, 8, 0, 25, 38, 0], [43, 38, 33, 35, 1, 6, 7, 10, 11, 46], [16, 10, 17, 44, 19, 38, 46, 0, 0, 22], [12, 45, 24, 17, 33, 16, 7, 5, 10, 26], [34, 4, 44, 16, 18, 17, 10, 28, 36, 14], [15, 23, 30, 46, 13, 47, 0, 20, 29, 39], [1, 11, 43, 33, 39, 47, 41, 0, 30, 33], [28, 13, 30, 32, 7, 0, 33, 3, 40, 15], [34, 11, 39, 21, 1, 7, 10, 0, 44, 19], [24, 36, 49, 12, 49, 20, 11, 0, 13, 0], [26, 13, 43, 15, 49, 39, 10, 7, 38, 48], [31, 23, 41, 47, 16, 23, 27, 22, 48, 49], [26, 6, 9, 0, 0, 27, 38, 43, 27, 6]]
Maintenance cost in each period m: 
[3878, 4345, 5140, 5083, 3689, 5532, 4596, 3874, 4416, 5045]
Maximum capacity of the machine cmax: 
1100