Set of periods in the planning horizon T: 
15
Set of products P: 
20
Capacity reduction coefficient alpha: 
0.63
Relative decrease of capacity per set up gamma: 
0.28
Capacity reduction coefficient due to product types beta: 
[0.4, 0.27, 0.26, 0.33, 0.38, 0.39, 0.21, 0.33, 0.38, 0.26, 0.33, 0.3, 0.32, 0.25, 0.26, 0.29, 0.38, 0.26, 0.25, 0.37]
Fixed production cost of each product in each period f: 
[[642, 835, 749, 843, 585, 562, 753, 949, 697, 892, 797, 991, 896, 532, 950], [717, 989, 903, 924, 519, 544, 537, 599, 765, 897, 596, 779, 925, 733, 780], [991, 528, 556, 803, 500, 684, 728, 699, 944, 941, 811, 715, 606, 592, 721], [777, 570, 699, 877, 663, 860, 751, 600, 999, 981, 503, 777, 841, 706, 514], [637, 655, 561, 824, 874, 932, 645, 916, 817, 785, 659, 527, 852, 853, 705], [648, 927, 594, 575, 881, 964, 500, 748, 729, 922, 649, 683, 902, 532, 536], [842, 683, 613, 626, 844, 756, 977, 812, 785, 837, 622, 748, 642, 962, 625], [811, 656, 559, 671, 570, 632, 593, 781, 588, 555, 925, 767, 971, 913, 728], [545, 954, 856, 770, 713, 574, 619, 822, 538, 882, 551, 724, 735, 809, 635], [606, 568, 684, 678, 738, 874, 965, 870, 686, 623, 960, 724, 760, 665, 979], [867, 825, 677, 688, 759, 624, 669, 970, 754, 529, 758, 890, 860, 834, 855], [560, 611, 740, 757, 685, 965, 630, 913, 977, 712, 780, 682, 900, 578, 947], [740, 614, 736, 893, 654, 678, 836, 712, 866, 777, 811, 632, 880, 586, 671], [719, 609, 982, 585, 760, 674, 719, 776, 548, 667, 760, 721, 665, 790, 566], [759, 663, 768, 990, 637, 573, 991, 638, 729, 564, 983, 704, 640, 756, 644], [550, 870, 674, 744, 598, 622, 800, 614, 899, 620, 808, 679, 803, 900, 618], [905, 706, 670, 748, 560, 618, 801, 934, 639, 787, 700, 646, 962, 773, 627], [619, 652, 817, 715, 592, 660, 759, 692, 836, 574, 631, 978, 533, 905, 628], [522, 756, 915, 683, 519, 716, 761, 867, 825, 890, 666, 618, 696, 995, 701], [864, 824, 727, 543, 968, 576, 801, 772, 749, 681, 973, 858, 752, 575, 768]]
Variable production cost per unit of each product in each period p: 
[[12, 11, 12, 13, 12, 11, 12, 10, 13, 13, 13, 11, 12, 10, 11], [10, 11, 10, 12, 11, 10, 11, 13, 11, 11, 11, 10, 10, 12, 13], [11, 10, 13, 13, 10, 13, 11, 10, 12, 13, 10, 11, 12, 10, 11], [13, 10, 10, 10, 13, 10, 11, 10, 12, 10, 11, 12, 12, 12, 11], [12, 11, 11, 12, 12, 10, 12, 11, 10, 12, 11, 11, 10, 11, 13], [12, 12, 13, 11, 10, 13, 10, 12, 12, 13, 12, 13, 13, 13, 13], [11, 12, 13, 10, 13, 11, 11, 13, 10, 13, 11, 10, 10, 12, 10], [13, 10, 13, 13, 10, 13, 12, 11, 12, 11, 12, 12, 11, 10, 10], [13, 11, 13, 12, 13, 10, 13, 10, 12, 10, 13, 11, 10, 11, 10], [10, 13, 12, 10, 10, 12, 13, 13, 11, 10, 11, 11, 13, 10, 10], [10, 13, 11, 12, 13, 11, 12, 12, 13, 10, 13, 12, 11, 11, 12], [13, 12, 13, 11, 10, 11, 10, 11, 13, 13, 12, 13, 11, 13, 12], [11, 11, 13, 12, 13, 13, 10, 10, 11, 10, 10, 10, 12, 12, 10], [10, 12, 13, 12, 13, 10, 11, 13, 10, 10, 10, 12, 10, 11, 12], [12, 11, 12, 10, 12, 13, 13, 10, 13, 10, 11, 13, 11, 11, 10], [13, 11, 11, 12, 10, 10, 10, 12, 13, 13, 13, 13, 10, 13, 12], [11, 10, 10, 13, 12, 12, 12, 11, 11, 11, 13, 11, 13, 13, 11], [10, 12, 10, 12, 11, 13, 10, 12, 10, 10, 11, 13, 10, 13, 11], [10, 11, 13, 12, 10, 13, 12, 12, 11, 13, 10, 11, 13, 11, 10], [11, 12, 12, 13, 10, 13, 10, 11, 12, 12, 12, 12, 11, 10, 10]]
Inventory holding cost per unit of each product by the end of each period h: 
[[9, 7, 8, 7, 8, 6, 6, 6, 9, 5, 9, 7, 9, 6, 9], [5, 7, 6, 6, 5, 8, 5, 8, 6, 5, 6, 9, 9, 5, 9], [7, 6, 8, 6, 8, 6, 8, 9, 7, 5, 9, 7, 7, 5, 7], [5, 5, 9, 6, 9, 7, 5, 5, 7, 7, 8, 6, 8, 6, 7], [7, 7, 9, 6, 6, 5, 8, 6, 8, 5, 8, 9, 7, 8, 7], [9, 8, 7, 6, 5, 7, 6, 6, 6, 7, 8, 6, 5, 9, 9], [6, 7, 9, 6, 8, 6, 6, 7, 5, 6, 9, 8, 9, 8, 9], [6, 7, 7, 9, 8, 8, 8, 7, 7, 5, 8, 9, 8, 5, 8], [6, 5, 5, 5, 5, 9, 5, 6, 6, 8, 6, 8, 8, 7, 8], [7, 7, 6, 7, 9, 8, 7, 7, 7, 8, 9, 5, 9, 7, 7], [6, 8, 6, 8, 7, 8, 6, 9, 5, 9, 6, 9, 7, 5, 6], [7, 8, 7, 8, 5, 8, 6, 8, 8, 8, 9, 6, 7, 6, 6], [5, 9, 9, 6, 6, 6, 6, 7, 6, 9, 5, 5, 9, 6, 8], [5, 8, 5, 9, 9, 7, 8, 6, 7, 5, 5, 8, 9, 6, 8], [5, 9, 9, 9, 7, 5, 9, 5, 6, 6, 8, 6, 9, 5, 7], [6, 8, 7, 5, 6, 7, 8, 8, 5, 6, 8, 8, 5, 5, 8], [7, 6, 8, 5, 5, 7, 8, 6, 8, 8, 7, 7, 5, 5, 6], [6, 6, 6, 8, 7, 9, 6, 5, 6, 9, 9, 8, 6, 9, 8], [8, 9, 6, 7, 8, 7, 5, 6, 9, 7, 9, 5, 8, 6, 9], [7, 8, 9, 6, 5, 9, 6, 6, 6, 9, 7, 8, 9, 6, 7]]
Demand for each product in each period d: 
[[12, 3, 20, 36, 21, 31, 41, 46, 11, 11, 3, 18, 18, 24, 8], [11, 33, 45, 7, 20, 29, 9, 26, 0, 9, 38, 46, 16, 7, 49], [48, 5, 25, 27, 19, 35, 5, 39, 1, 6, 12, 19, 40, 49, 17], [35, 14, 47, 48, 36, 12, 35, 39, 41, 9, 42, 30, 49, 7, 44], [30, 47, 24, 2, 2, 9, 14, 33, 44, 25, 0, 33, 38, 30, 20], [0, 41, 10, 30, 20, 8, 5, 7, 49, 34, 1, 0, 2, 29, 2], [31, 41, 47, 41, 44, 38, 2, 15, 2, 14, 49, 6, 15, 38, 36], [19, 41, 30, 19, 7, 28, 28, 49, 42, 17, 27, 14, 40, 20, 16], [2, 48, 12, 31, 31, 28, 19, 9, 25, 1, 20, 29, 13, 31, 46], [2, 48, 39, 5, 0, 49, 0, 44, 43, 9, 13, 44, 21, 20, 32], [33, 1, 46, 36, 36, 18, 8, 0, 42, 0, 9, 25, 0, 42, 43], [38, 0, 45, 0, 8, 24, 2, 16, 7, 38, 46, 43, 35, 9, 9], [40, 0, 28, 31, 6, 14, 37, 3, 18, 41, 40, 46, 38, 28, 48], [26, 7, 11, 32, 21, 20, 42, 47, 26, 14, 43, 33, 40, 25, 29], [17, 31, 25, 45, 17, 2, 49, 45, 2, 0, 48, 0, 26, 46, 22], [24, 0, 28, 16, 22, 20, 3, 2, 13, 0, 37, 2, 29, 49, 6], [39, 42, 20, 19, 31, 6, 15, 17, 6, 49, 31, 46, 34, 26, 5], [26, 24, 25, 38, 41, 40, 42, 42, 0, 23, 11, 38, 11, 12, 28], [29, 0, 16, 8, 25, 39, 9, 13, 23, 21, 25, 24, 0, 35, 38], [9, 47, 41, 22, 3, 0, 5, 38, 3, 15, 3, 44, 18, 34, 23]]
Maintenance cost in each period m: 
[5541, 2474, 3481, 4709, 2699, 3252, 4176, 2678, 4315, 3811, 5799, 2523, 4422, 1974, 2478]
Maximum capacity of the machine cmax: 
960