Set of periods in the planning horizon T: 
15
Set of products P: 
25
Capacity reduction coefficient alpha: 
0.85
Relative decrease of capacity per set up gamma: 
0.23
Capacity reduction coefficient due to product types beta: 
[0.37, 0.37, 0.21, 0.22, 0.26, 0.34, 0.33, 0.38, 0.34, 0.4, 0.3, 0.36, 0.23, 0.3, 0.23, 0.36, 0.28, 0.23, 0.21, 0.34, 0.26, 0.31, 0.25, 0.22, 0.38]
Fixed production cost of each product in each period f: 
[[754, 967, 547, 510, 610, 629, 517, 726, 878, 791, 582, 767, 989, 970, 684], [950, 863, 771, 964, 962, 829, 888, 686, 556, 568, 825, 634, 631, 661, 903], [748, 551, 609, 674, 568, 649, 644, 633, 790, 926, 975, 551, 722, 657, 918], [573, 631, 673, 643, 508, 651, 942, 943, 922, 973, 623, 596, 886, 893, 875], [865, 525, 606, 877, 812, 774, 969, 564, 761, 524, 627, 918, 899, 732, 612], [682, 925, 746, 884, 507, 719, 681, 883, 617, 972, 821, 689, 937, 901, 827], [897, 508, 833, 968, 512, 870, 551, 613, 915, 961, 679, 867, 847, 816, 520], [590, 921, 569, 944, 842, 783, 665, 598, 654, 577, 760, 507, 699, 555, 692], [702, 919, 522, 639, 984, 685, 826, 843, 528, 542, 519, 951, 940, 594, 679], [857, 520, 827, 690, 536, 583, 589, 804, 637, 713, 582, 617, 980, 870, 938], [732, 588, 662, 811, 813, 901, 541, 531, 811, 911, 911, 798, 597, 778, 926], [708, 940, 754, 706, 712, 959, 973, 991, 706, 575, 990, 887, 954, 652, 999], [928, 622, 747, 518, 619, 972, 597, 559, 681, 939, 996, 970, 761, 590, 746], [754, 909, 921, 937, 880, 594, 886, 555, 894, 945, 877, 676, 966, 689, 944], [852, 786, 789, 988, 828, 618, 609, 608, 996, 741, 940, 666, 904, 889, 755], [821, 518, 641, 779, 880, 564, 649, 783, 510, 787, 616, 802, 985, 820, 564], [854, 502, 501, 903, 989, 693, 941, 968, 603, 654, 813, 852, 550, 546, 730], [601, 683, 960, 573, 956, 549, 537, 946, 532, 588, 917, 995, 934, 712, 791], [694, 629, 756, 578, 615, 803, 977, 645, 574, 753, 539, 618, 526, 545, 957], [544, 764, 506, 936, 873, 904, 583, 748, 606, 592, 995, 537, 958, 800, 528], [782, 692, 851, 549, 620, 833, 584, 791, 943, 925, 652, 656, 566, 938, 778], [815, 928, 881, 696, 956, 600, 508, 534, 854, 805, 676, 943, 848, 677, 649], [510, 682, 855, 658, 566, 583, 957, 678, 652, 900, 732, 522, 613, 953, 557], [583, 916, 801, 913, 689, 866, 908, 771, 974, 753, 794, 870, 504, 932, 691], [709, 920, 577, 999, 948, 691, 995, 807, 654, 876, 795, 603, 543, 899, 935]]
Variable production cost per unit of each product in each period p: 
[[13, 12, 12, 11, 12, 11, 11, 12, 11, 13, 10, 11, 11, 10, 13], [13, 10, 13, 10, 10, 12, 12, 13, 10, 13, 12, 12, 12, 12, 12], [13, 10, 10, 10, 10, 11, 10, 10, 12, 13, 13, 11, 12, 10, 11], [10, 13, 10, 13, 10, 13, 13, 10, 13, 10, 11, 12, 10, 13, 11], [13, 11, 12, 12, 10, 13, 12, 11, 11, 10, 11, 12, 10, 11, 11], [13, 13, 11, 11, 12, 13, 10, 10, 10, 10, 10, 11, 10, 10, 13], [11, 13, 12, 13, 10, 12, 12, 13, 11, 10, 11, 13, 12, 12, 13], [13, 10, 13, 12, 12, 13, 12, 13, 13, 10, 13, 10, 10, 11, 10], [13, 10, 10, 10, 12, 12, 10, 12, 12, 11, 10, 10, 13, 12, 12], [10, 11, 12, 12, 13, 10, 13, 12, 10, 11, 13, 10, 10, 11, 12], [11, 13, 13, 10, 10, 13, 11, 12, 10, 10, 11, 11, 10, 10, 11], [10, 12, 12, 11, 10, 12, 12, 13, 12, 10, 13, 10, 10, 10, 10], [10, 11, 10, 13, 13, 10, 11, 13, 13, 11, 11, 12, 13, 13, 12], [11, 13, 13, 12, 10, 11, 12, 13, 10, 10, 10, 13, 10, 13, 12], [10, 10, 10, 12, 13, 13, 12, 10, 10, 11, 11, 12, 11, 12, 11], [12, 13, 10, 10, 13, 10, 10, 13, 13, 12, 10, 10, 10, 10, 12], [11, 12, 10, 11, 12, 11, 11, 13, 10, 13, 13, 11, 13, 10, 13], [12, 13, 11, 13, 10, 10, 13, 13, 13, 12, 10, 11, 13, 11, 11], [13, 13, 12, 11, 11, 12, 10, 12, 13, 12, 13, 11, 11, 12, 10], [11, 12, 10, 11, 12, 10, 13, 10, 13, 10, 13, 10, 12, 13, 13], [11, 12, 11, 11, 10, 10, 10, 12, 11, 13, 10, 13, 10, 12, 12], [12, 11, 11, 10, 10, 11, 11, 13, 13, 13, 10, 10, 10, 13, 13], [11, 12, 13, 12, 10, 12, 11, 12, 13, 10, 10, 12, 12, 13, 13], [13, 10, 13, 11, 11, 10, 12, 12, 11, 11, 12, 11, 12, 12, 12], [10, 10, 10, 12, 13, 13, 10, 12, 11, 10, 11, 13, 13, 12, 10]]
Inventory holding cost per unit of each product by the end of each period h: 
[[8, 7, 7, 6, 9, 6, 9, 9, 7, 7, 6, 8, 5, 5, 8], [9, 6, 8, 9, 7, 9, 6, 6, 5, 8, 6, 9, 5, 7, 7], [6, 9, 7, 8, 6, 6, 6, 5, 7, 9, 5, 9, 6, 6, 9], [8, 7, 6, 8, 8, 6, 8, 6, 9, 6, 9, 9, 8, 9, 6], [6, 9, 7, 5, 5, 6, 7, 5, 6, 7, 8, 7, 7, 7, 6], [7, 8, 8, 6, 5, 7, 7, 5, 8, 7, 6, 6, 5, 5, 8], [7, 7, 9, 5, 6, 5, 7, 9, 5, 6, 8, 7, 5, 7, 7], [9, 8, 9, 7, 7, 9, 6, 6, 5, 8, 6, 5, 9, 9, 9], [8, 7, 7, 9, 7, 8, 7, 8, 5, 9, 7, 5, 6, 5, 5], [7, 9, 8, 6, 8, 8, 9, 8, 6, 8, 8, 6, 5, 7, 9], [5, 9, 8, 6, 8, 6, 8, 8, 9, 6, 8, 5, 8, 8, 6], [5, 6, 6, 6, 6, 8, 8, 5, 9, 8, 7, 7, 8, 7, 8], [6, 5, 5, 6, 5, 9, 9, 7, 7, 7, 5, 7, 8, 7, 6], [5, 6, 6, 5, 5, 6, 5, 5, 9, 7, 5, 7, 6, 9, 6], [5, 5, 9, 9, 6, 8, 7, 8, 7, 6, 9, 5, 7, 6, 8], [6, 6, 5, 8, 5, 8, 6, 8, 9, 6, 7, 6, 9, 9, 7], [6, 9, 8, 8, 7, 6, 5, 6, 9, 5, 6, 9, 6, 5, 5], [6, 9, 7, 5, 5, 7, 8, 7, 6, 8, 7, 8, 5, 6, 9], [6, 5, 7, 9, 5, 8, 8, 7, 8, 6, 9, 7, 9, 9, 7], [9, 7, 6, 9, 5, 7, 5, 6, 9, 9, 8, 7, 5, 9, 6], [6, 8, 7, 9, 6, 7, 5, 7, 8, 9, 5, 6, 9, 8, 7], [9, 9, 7, 8, 7, 6, 7, 8, 7, 7, 9, 5, 5, 5, 6], [7, 8, 6, 9, 6, 9, 5, 7, 8, 7, 9, 7, 8, 8, 9], [9, 7, 5, 6, 7, 8, 5, 5, 7, 8, 6, 7, 9, 8, 9], [5, 5, 7, 5, 9, 7, 5, 8, 5, 6, 7, 5, 9, 7, 8]]
Demand for each product in each period d: 
[[32, 29, 43, 2, 16, 26, 19, 0, 34, 1, 3, 45, 15, 31, 12], [6, 23, 14, 3, 0, 45, 20, 20, 1, 48, 0, 1, 17, 35, 33], [19, 40, 6, 0, 45, 30, 49, 0, 28, 4, 48, 47, 15, 16, 41], [13, 3, 23, 19, 12, 25, 3, 41, 7, 7, 8, 0, 30, 0, 38], [0, 27, 38, 5, 20, 44, 11, 3, 20, 25, 2, 22, 23, 30, 30], [36, 0, 11, 28, 35, 34, 47, 48, 35, 4, 8, 40, 32, 4, 26], [13, 26, 39, 2, 2, 28, 13, 28, 8, 5, 23, 6, 30, 21, 45], [12, 18, 21, 26, 32, 36, 15, 10, 0, 27, 48, 48, 11, 1, 42], [0, 47, 28, 18, 16, 19, 14, 1, 39, 12, 17, 35, 35, 17, 6], [22, 17, 33, 10, 23, 14, 2, 17, 47, 33, 0, 18, 48, 3, 46], [25, 18, 8, 16, 24, 14, 49, 5, 19, 42, 15, 9, 7, 8, 8], [26, 22, 40, 0, 9, 40, 0, 48, 10, 15, 48, 11, 44, 4, 35], [34, 41, 30, 35, 15, 44, 37, 46, 14, 10, 11, 2, 20, 20, 7], [32, 46, 10, 11, 13, 24, 46, 22, 26, 6, 28, 46, 20, 1, 25], [43, 1, 37, 29, 23, 6, 49, 39, 0, 8, 11, 45, 39, 27, 9], [13, 18, 19, 43, 28, 42, 41, 34, 43, 35, 15, 9, 29, 49, 9], [7, 48, 23, 0, 28, 8, 49, 39, 35, 33, 11, 45, 48, 49, 7], [18, 3, 29, 24, 47, 14, 43, 28, 32, 6, 38, 11, 49, 30, 0], [44, 17, 31, 17, 13, 15, 23, 11, 0, 44, 42, 8, 45, 24, 45], [5, 24, 9, 6, 23, 45, 26, 0, 23, 2, 19, 27, 16, 42, 48], [13, 0, 13, 47, 38, 3, 37, 49, 15, 43, 30, 6, 0, 4, 14], [24, 25, 11, 3, 46, 33, 0, 7, 39, 1, 27, 11, 40, 40, 27], [42, 19, 8, 15, 0, 42, 11, 8, 0, 28, 0, 19, 44, 23, 31], [35, 28, 38, 31, 17, 27, 44, 44, 16, 11, 42, 12, 29, 33, 24], [43, 35, 44, 8, 44, 21, 36, 48, 18, 31, 3, 44, 7, 21, 21]]
Maintenance cost in each period m: 
[5436, 4123, 5849, 4811, 3715, 2601, 2645, 3839, 4167, 3636, 3386, 3394, 3380, 4148, 5624]
Maximum capacity of the machine cmax: 
1100