Set of periods in the planning horizon T: 
25
Set of products P: 
100
Capacity reduction coefficient alpha: 
0.8
Relative decrease of capacity per set up gamma: 
0.28
Capacity reduction coefficient due to product types beta: 
[0.23, 0.34, 0.21, 0.29, 0.25, 0.27, 0.4, 0.35, 0.25, 0.27, 0.3, 0.31, 0.32, 0.35, 0.21, 0.21, 0.38, 0.27, 0.25, 0.34, 0.28, 0.37, 0.24, 0.27, 0.31, 0.21, 0.36, 0.37, 0.23, 0.34, 0.28, 0.39, 0.29, 0.3, 0.31, 0.33, 0.2, 0.28, 0.37, 0.3, 0.33, 0.26, 0.27, 0.37, 0.22, 0.39, 0.23, 0.22, 0.26, 0.35, 0.31, 0.3, 0.21, 0.39, 0.22, 0.27, 0.23, 0.37, 0.3, 0.32, 0.39, 0.33, 0.24, 0.36, 0.39, 0.22, 0.37, 0.35, 0.23, 0.38, 0.4, 0.36, 0.39, 0.39, 0.37, 0.37, 0.39, 0.37, 0.4, 0.22, 0.39, 0.22, 0.21, 0.21, 0.35, 0.2, 0.37, 0.37, 0.28, 0.23, 0.27, 0.3, 0.23, 0.32, 0.34, 0.24, 0.32, 0.36, 0.27, 0.2]
Fixed production cost of each product in each period f: 
[[713, 635, 817, 922, 894, 554, 773, 568, 950, 622, 547, 566, 624, 648, 601, 564, 543, 857, 705, 749, 653, 771, 816, 537, 793], [781, 778, 640, 842, 780, 576, 878, 857, 815, 649, 964, 951, 819, 800, 765, 886, 617, 750, 972, 958, 649, 994, 505, 737, 859], [880, 933, 633, 633, 614, 814, 861, 640, 785, 806, 794, 840, 831, 836, 721, 960, 725, 904, 726, 551, 680, 741, 563, 860, 653], [731, 938, 622, 851, 513, 922, 719, 550, 912, 988, 839, 930, 866, 973, 688, 871, 722, 945, 915, 665, 760, 558, 947, 951, 730], [831, 925, 944, 709, 964, 776, 651, 966, 579, 515, 736, 834, 799, 671, 959, 867, 732, 921, 731, 960, 979, 545, 525, 776, 651], [570, 742, 577, 872, 683, 782, 989, 753, 775, 816, 985, 944, 926, 868, 509, 853, 679, 534, 561, 962, 834, 831, 955, 833, 979], [685, 616, 897, 852, 818, 776, 980, 737, 948, 697, 528, 586, 728, 955, 813, 516, 511, 916, 640, 950, 841, 906, 937, 667, 842], [572, 929, 695, 909, 689, 527, 652, 929, 909, 835, 571, 640, 865, 826, 848, 769, 772, 737, 878, 703, 665, 942, 941, 949, 741], [993, 885, 753, 515, 993, 502, 621, 515, 899, 995, 876, 525, 865, 501, 956, 620, 653, 746, 624, 662, 926, 598, 804, 554, 973], [803, 600, 902, 742, 834, 930, 647, 978, 847, 516, 749, 528, 603, 953, 610, 972, 565, 514, 717, 750, 659, 875, 849, 719, 778], [882, 516, 536, 526, 527, 580, 669, 572, 554, 934, 894, 991, 794, 566, 533, 607, 843, 796, 516, 657, 530, 853, 501, 949, 561], [563, 721, 808, 996, 799, 798, 844, 595, 877, 588, 742, 558, 694, 589, 594, 943, 814, 859, 838, 816, 914, 553, 684, 684, 792], [523, 600, 656, 664, 844, 767, 928, 647, 851, 885, 986, 577, 839, 585, 750, 512, 735, 898, 576, 746, 530, 953, 605, 516, 733], [825, 810, 980, 771, 641, 521, 885, 959, 670, 876, 688, 524, 799, 652, 591, 759, 798, 557, 663, 516, 780, 759, 566, 849, 712], [589, 936, 758, 940, 826, 644, 577, 875, 620, 947, 563, 643, 523, 537, 541, 752, 568, 908, 607, 776, 801, 890, 513, 924, 511], [544, 879, 580, 897, 669, 981, 892, 667, 939, 556, 929, 749, 532, 929, 816, 528, 699, 847, 931, 698, 692, 541, 623, 784, 705], [714, 732, 862, 608, 592, 795, 879, 710, 606, 782, 982, 978, 534, 868, 931, 743, 735, 769, 810, 561, 549, 911, 535, 887, 504], [612, 974, 766, 782, 633, 724, 840, 945, 875, 632, 598, 911, 544, 903, 944, 725, 616, 781, 986, 980, 615, 788, 952, 635, 597], [911, 919, 910, 565, 937, 681, 746, 586, 562, 631, 521, 582, 695, 643, 716, 831, 755, 985, 932, 668, 720, 978, 602, 929, 976], [543, 742, 701, 508, 642, 663, 861, 966, 658, 811, 964, 555, 992, 650, 543, 540, 893, 536, 599, 544, 867, 938, 753, 669, 628], [868, 963, 730, 781, 873, 665, 908, 701, 854, 966, 553, 747, 827, 931, 811, 632, 964, 768, 749, 889, 583, 818, 815, 610, 592], [501, 877, 997, 901, 602, 932, 691, 926, 552, 582, 836, 844, 561, 685, 969, 661, 990, 676, 576, 862, 652, 502, 934, 765, 796], [677, 597, 626, 882, 718, 898, 689, 510, 894, 844, 697, 631, 576, 754, 623, 775, 543, 802, 539, 569, 827, 545, 658, 700, 627], [609, 547, 645, 875, 899, 549, 602, 796, 848, 555, 631, 788, 915, 885, 812, 584, 656, 859, 724, 876, 927, 746, 746, 920, 575], [975, 509, 537, 786, 591, 902, 601, 674, 555, 537, 500, 689, 716, 651, 512, 626, 873, 687, 872, 798, 883, 927, 983, 621, 870], [884, 840, 927, 544, 564, 663, 518, 800, 963, 995, 703, 993, 972, 554, 676, 679, 884, 573, 748, 955, 544, 532, 688, 745, 826], [981, 659, 714, 576, 977, 711, 637, 654, 822, 725, 807, 954, 514, 953, 841, 737, 741, 610, 901, 664, 951, 595, 514, 503, 918], [804, 789, 544, 923, 666, 530, 845, 811, 916, 511, 781, 902, 819, 612, 790, 530, 566, 832, 731, 601, 537, 861, 665, 623, 535], [941, 905, 540, 538, 610, 702, 982, 685, 834, 977, 739, 920, 767, 581, 869, 647, 810, 513, 875, 835, 511, 849, 741, 784, 866], [708, 733, 864, 708, 744, 755, 844, 713, 950, 683, 945, 854, 646, 831, 503, 509, 736, 835, 869, 762, 710, 741, 673, 663, 836], [775, 679, 877, 974, 713, 765, 748, 738, 748, 739, 864, 934, 676, 865, 794, 965, 776, 830, 952, 565, 587, 785, 741, 837, 590], [517, 549, 930, 613, 709, 548, 911, 928, 588, 832, 790, 685, 540, 952, 562, 749, 622, 943, 751, 689, 861, 995, 883, 925, 544], [573, 627, 573, 602, 679, 560, 878, 870, 935, 748, 827, 682, 960, 681, 829, 508, 634, 960, 602, 914, 686, 974, 747, 680, 577], [781, 925, 874, 937, 759, 752, 983, 914, 645, 684, 969, 622, 736, 780, 725, 619, 769, 600, 587, 955, 784, 681, 663, 575, 864], [745, 880, 545, 976, 750, 789, 713, 570, 632, 534, 514, 824, 690, 551, 835, 970, 722, 588, 628, 654, 750, 892, 594, 959, 648], [970, 734, 607, 693, 922, 547, 640, 718, 664, 716, 528, 966, 693, 788, 589, 772, 825, 630, 941, 863, 808, 904, 512, 546, 893], [868, 585, 937, 520, 868, 867, 911, 989, 981, 851, 960, 602, 742, 522, 735, 633, 692, 596, 852, 784, 727, 629, 812, 965, 764], [555, 851, 712, 828, 542, 872, 616, 954, 938, 940, 509, 941, 941, 500, 659, 856, 891, 758, 614, 717, 529, 664, 969, 542, 811], [856, 817, 836, 830, 878, 648, 669, 678, 754, 889, 901, 948, 714, 606, 641, 785, 647, 640, 908, 620, 824, 903, 777, 673, 556], [595, 868, 997, 890, 840, 824, 519, 556, 894, 920, 518, 936, 914, 873, 638, 600, 787, 513, 557, 509, 873, 923, 981, 818, 878], [648, 854, 842, 617, 662, 501, 524, 636, 659, 883, 650, 526, 873, 590, 635, 742, 626, 676, 633, 516, 997, 600, 943, 554, 858], [672, 722, 798, 509, 701, 698, 918, 716, 998, 594, 696, 750, 943, 967, 856, 938, 836, 665, 781, 564, 962, 538, 851, 775, 505], [544, 788, 681, 606, 742, 824, 735, 627, 778, 871, 680, 537, 985, 778, 624, 909, 603, 510, 619, 619, 814, 505, 768, 601, 533], [959, 817, 982, 700, 802, 736, 823, 867, 504, 511, 822, 742, 974, 560, 963, 677, 727, 519, 957, 935, 924, 540, 885, 507, 590], [530, 663, 563, 926, 854, 939, 524, 639, 654, 638, 914, 693, 856, 916, 689, 517, 780, 959, 700, 860, 503, 947, 838, 836, 648], [913, 695, 890, 671, 677, 550, 831, 687, 655, 507, 699, 659, 786, 912, 509, 820, 573, 911, 777, 806, 745, 842, 954, 652, 565], [894, 960, 652, 653, 732, 676, 956, 677, 590, 517, 644, 929, 712, 508, 815, 810, 602, 720, 715, 921, 733, 518, 743, 815, 863], [814, 615, 942, 547, 988, 560, 898, 757, 544, 987, 642, 733, 610, 510, 856, 659, 882, 640, 672, 637, 815, 702, 641, 782, 798], [727, 843, 713, 717, 705, 767, 537, 779, 529, 780, 762, 987, 952, 990, 791, 963, 956, 915, 668, 927, 663, 517, 676, 549, 955], [814, 933, 747, 622, 813, 854, 528, 585, 547, 542, 902, 568, 760, 662, 898, 953, 514, 566, 993, 838, 861, 910, 641, 806, 955], [521, 750, 983, 970, 832, 676, 932, 646, 646, 793, 890, 822, 741, 887, 702, 880, 839, 907, 818, 943, 648, 791, 892, 960, 636], [624, 594, 888, 604, 557, 783, 519, 876, 738, 663, 655, 801, 888, 724, 599, 703, 870, 707, 970, 503, 971, 837, 757, 744, 913], [933, 872, 592, 649, 850, 661, 779, 510, 909, 538, 528, 655, 856, 742, 684, 710, 996, 740, 622, 918, 928, 536, 954, 932, 777], [740, 583, 676, 542, 640, 623, 943, 504, 541, 575, 874, 615, 621, 790, 526, 507, 622, 882, 846, 715, 906, 669, 939, 876, 569], [931, 956, 877, 737, 611, 726, 928, 523, 554, 974, 928, 845, 721, 580, 922, 621, 904, 606, 924, 583, 946, 892, 780, 734, 965], [912, 602, 783, 849, 500, 804, 633, 531, 590, 809, 756, 955, 784, 990, 999, 875, 530, 649, 624, 854, 921, 799, 882, 910, 686], [733, 604, 725, 661, 691, 529, 916, 576, 956, 655, 630, 636, 890, 893, 684, 522, 785, 827, 685, 583, 598, 686, 770, 893, 529], [876, 899, 561, 847, 792, 944, 979, 625, 926, 532, 581, 513, 942, 923, 948, 989, 862, 539, 524, 960, 873, 686, 915, 561, 723], [586, 716, 791, 873, 802, 715, 788, 707, 983, 956, 535, 780, 958, 511, 864, 576, 668, 740, 781, 751, 607, 985, 994, 551, 893], [952, 956, 720, 736, 652, 867, 962, 954, 679, 741, 622, 799, 752, 776, 588, 698, 809, 848, 694, 503, 527, 702, 570, 670, 709], [780, 816, 855, 512, 984, 528, 918, 733, 615, 665, 883, 559, 791, 775, 918, 589, 685, 729, 939, 783, 819, 522, 724, 817, 651], [781, 691, 936, 623, 778, 914, 712, 662, 916, 955, 627, 913, 823, 837, 721, 881, 753, 537, 907, 898, 509, 870, 707, 809, 781], [570, 771, 719, 638, 938, 955, 807, 849, 988, 758, 843, 977, 591, 554, 655, 667, 902, 673, 963, 944, 538, 593, 643, 819, 868], [852, 899, 597, 533, 825, 926, 801, 545, 891, 529, 838, 922, 639, 611, 698, 622, 548, 862, 993, 757, 694, 847, 686, 654, 635], [904, 626, 939, 943, 669, 996, 567, 877, 764, 702, 558, 635, 937, 631, 971, 935, 693, 962, 710, 859, 906, 993, 815, 579, 746], [975, 948, 757, 727, 695, 560, 580, 967, 546, 615, 866, 502, 840, 717, 775, 968, 984, 892, 520, 855, 608, 506, 704, 540, 673], [916, 967, 940, 525, 745, 510, 875, 778, 836, 881, 602, 850, 535, 560, 957, 608, 859, 955, 730, 675, 546, 970, 582, 809, 851], [565, 714, 882, 713, 546, 794, 857, 630, 510, 731, 560, 540, 724, 696, 924, 786, 904, 968, 634, 978, 738, 638, 803, 983, 966], [539, 622, 698, 579, 955, 862, 598, 942, 787, 650, 681, 511, 936, 708, 783, 816, 506, 675, 513, 673, 660, 927, 674, 835, 621], [763, 671, 704, 598, 900, 777, 571, 805, 980, 750, 932, 936, 595, 985, 907, 517, 890, 604, 871, 687, 780, 802, 692, 659, 739], [955, 824, 835, 740, 581, 637, 988, 811, 511, 562, 781, 717, 968, 985, 821, 538, 911, 851, 637, 914, 675, 713, 710, 573, 803], [895, 851, 604, 774, 516, 793, 572, 797, 575, 910, 637, 627, 736, 605, 934, 594, 672, 533, 910, 982, 684, 958, 589, 911, 772], [971, 924, 733, 914, 780, 838, 756, 662, 543, 686, 520, 509, 506, 553, 595, 910, 662, 961, 787, 818, 663, 696, 649, 980, 657], [881, 643, 544, 853, 606, 984, 694, 654, 880, 650, 616, 833, 597, 648, 797, 632, 855, 860, 610, 819, 939, 943, 828, 938, 987], [866, 529, 980, 510, 547, 510, 822, 791, 874, 837, 736, 558, 927, 640, 991, 768, 857, 729, 601, 734, 563, 770, 803, 835, 756], [585, 901, 659, 543, 843, 701, 851, 754, 829, 895, 632, 768, 627, 801, 963, 601, 636, 725, 898, 656, 867, 640, 822, 807, 550], [585, 689, 886, 536, 884, 505, 509, 738, 557, 986, 590, 954, 602, 574, 698, 688, 893, 776, 695, 694, 629, 739, 621, 586, 990], [533, 817, 744, 768, 619, 924, 997, 719, 563, 925, 572, 750, 860, 955, 987, 752, 640, 596, 505, 562, 932, 554, 989, 665, 893], [690, 621, 673, 914, 807, 959, 912, 665, 960, 628, 712, 543, 908, 518, 851, 505, 709, 963, 970, 561, 578, 948, 606, 649, 502], [707, 639, 507, 789, 532, 539, 937, 800, 505, 738, 809, 880, 716, 590, 999, 603, 616, 518, 645, 703, 851, 713, 704, 887, 623], [956, 799, 712, 584, 523, 545, 751, 653, 756, 850, 821, 531, 645, 872, 647, 935, 696, 586, 515, 850, 728, 929, 502, 627, 913], [947, 548, 575, 632, 642, 642, 814, 661, 676, 849, 923, 677, 897, 631, 747, 505, 912, 536, 647, 891, 625, 689, 696, 790, 600], [727, 859, 517, 809, 555, 591, 717, 907, 756, 644, 657, 993, 794, 740, 650, 778, 784, 543, 984, 612, 937, 673, 822, 981, 969], [765, 790, 717, 738, 698, 638, 585, 909, 616, 898, 914, 645, 858, 833, 782, 607, 904, 626, 924, 803, 998, 563, 927, 528, 971], [789, 536, 830, 726, 917, 884, 821, 793, 812, 842, 794, 996, 760, 508, 962, 502, 540, 569, 578, 817, 543, 993, 740, 628, 839], [937, 576, 748, 854, 579, 504, 547, 664, 578, 880, 916, 843, 905, 914, 755, 815, 524, 854, 621, 505, 631, 537, 780, 530, 816], [829, 854, 920, 815, 863, 606, 814, 678, 633, 804, 706, 621, 580, 911, 807, 745, 948, 861, 557, 998, 700, 909, 908, 782, 519], [765, 755, 615, 987, 522, 768, 583, 877, 876, 673, 742, 983, 678, 729, 598, 938, 952, 553, 628, 573, 957, 959, 758, 577, 897], [609, 619, 727, 736, 977, 870, 773, 855, 761, 587, 881, 837, 641, 695, 899, 976, 541, 722, 768, 568, 547, 840, 668, 829, 503], [984, 590, 990, 874, 688, 842, 872, 662, 521, 902, 935, 797, 968, 600, 776, 934, 517, 802, 992, 800, 583, 503, 848, 623, 759], [796, 799, 847, 907, 518, 976, 755, 629, 500, 832, 748, 769, 755, 656, 632, 852, 686, 762, 686, 771, 908, 873, 542, 598, 655], [532, 839, 696, 508, 898, 955, 956, 739, 740, 697, 928, 797, 546, 791, 862, 942, 907, 717, 774, 601, 696, 778, 970, 756, 531], [607, 832, 508, 667, 908, 665, 990, 711, 864, 556, 894, 612, 549, 911, 725, 972, 584, 816, 552, 960, 599, 571, 730, 692, 800], [741, 950, 919, 818, 694, 922, 864, 978, 989, 521, 910, 549, 677, 902, 612, 817, 930, 876, 899, 516, 647, 520, 623, 535, 900], [624, 592, 808, 514, 528, 862, 516, 881, 860, 714, 741, 596, 691, 815, 669, 551, 549, 596, 905, 958, 545, 842, 565, 807, 963], [991, 612, 623, 992, 640, 572, 618, 908, 826, 937, 705, 535, 769, 589, 632, 940, 519, 822, 933, 898, 549, 868, 572, 623, 504], [568, 583, 879, 634, 712, 774, 829, 938, 819, 735, 718, 787, 687, 697, 597, 565, 773, 531, 543, 849, 814, 893, 727, 516, 943], [631, 582, 819, 604, 967, 573, 577, 580, 770, 592, 685, 687, 932, 760, 897, 758, 546, 919, 532, 759, 597, 982, 630, 666, 706], [850, 542, 915, 657, 981, 781, 799, 811, 783, 838, 571, 848, 963, 642, 976, 516, 745, 821, 787, 875, 503, 768, 682, 777, 885], [972, 725, 831, 512, 834, 752, 576, 894, 689, 795, 919, 674, 713, 879, 955, 616, 745, 714, 561, 769, 764, 808, 610, 975, 986]]
Variable production cost per unit of each product in each period p: 
[[11, 12, 10, 11, 12, 11, 10, 10, 12, 13, 12, 13, 12, 11, 11, 12, 10, 12, 13, 12, 13, 12, 13, 10, 13], [12, 10, 13, 13, 13, 13, 13, 12, 13, 13, 10, 12, 12, 12, 12, 10, 11, 11, 10, 12, 11, 13, 12, 13, 10], [13, 12, 11, 12, 12, 12, 11, 12, 13, 10, 12, 12, 13, 10, 10, 12, 13, 10, 12, 12, 11, 13, 11, 11, 10], [13, 12, 12, 12, 13, 11, 12, 10, 11, 13, 11, 13, 11, 10, 11, 11, 11, 12, 13, 13, 10, 13, 12, 10, 13], [10, 10, 13, 10, 11, 13, 11, 13, 13, 11, 11, 12, 12, 10, 12, 10, 12, 12, 10, 10, 11, 12, 13, 10, 11], [10, 13, 11, 10, 10, 11, 13, 10, 12, 11, 13, 10, 11, 11, 12, 10, 12, 11, 10, 12, 13, 12, 13, 12, 10], [12, 11, 12, 13, 12, 13, 12, 13, 12, 11, 12, 11, 10, 11, 10, 12, 13, 11, 12, 10, 12, 13, 11, 13, 13], [11, 13, 11, 10, 10, 10, 10, 12, 11, 12, 13, 13, 12, 11, 12, 13, 10, 12, 12, 10, 11, 11, 11, 12, 12], [11, 13, 10, 10, 10, 13, 11, 10, 13, 11, 11, 13, 11, 12, 13, 13, 11, 11, 12, 12, 13, 12, 12, 10, 11], [12, 12, 11, 13, 11, 13, 11, 13, 10, 10, 10, 11, 11, 11, 10, 13, 10, 11, 10, 10, 10, 13, 10, 12, 13], [13, 11, 13, 13, 13, 11, 10, 12, 12, 11, 11, 11, 10, 12, 13, 11, 13, 12, 11, 12, 13, 13, 13, 12, 12], [11, 10, 11, 11, 12, 13, 11, 12, 10, 13, 12, 13, 12, 12, 13, 10, 11, 10, 11, 10, 10, 10, 12, 10, 10], [12, 11, 11, 10, 13, 10, 11, 10, 11, 12, 12, 12, 13, 10, 10, 10, 11, 12, 13, 11, 12, 11, 12, 12, 11], [12, 13, 10, 13, 13, 10, 12, 13, 13, 12, 10, 13, 13, 12, 10, 12, 13, 13, 10, 12, 11, 10, 11, 13, 13], [10, 11, 11, 13, 12, 11, 13, 12, 11, 13, 13, 12, 12, 13, 11, 11, 13, 10, 11, 12, 10, 11, 11, 11, 10], [12, 10, 13, 12, 11, 12, 10, 13, 10, 11, 12, 11, 13, 12, 13, 13, 10, 10, 13, 10, 10, 10, 10, 10, 11], [13, 12, 13, 13, 10, 13, 12, 12, 12, 11, 10, 12, 12, 10, 11, 10, 11, 11, 10, 12, 12, 12, 13, 13, 11], [12, 12, 11, 10, 10, 11, 13, 12, 13, 10, 13, 13, 11, 12, 11, 11, 11, 12, 11, 13, 10, 13, 11, 10, 10], [11, 11, 10, 10, 10, 12, 13, 10, 10, 13, 11, 10, 13, 13, 10, 13, 11, 13, 13, 12, 10, 12, 13, 12, 12], [12, 13, 13, 10, 11, 12, 12, 10, 11, 10, 10, 12, 11, 10, 10, 11, 12, 11, 11, 10, 13, 12, 11, 11, 10], [11, 10, 12, 13, 10, 11, 13, 12, 13, 11, 13, 12, 12, 10, 10, 10, 11, 12, 12, 11, 10, 11, 11, 13, 13], [11, 13, 10, 11, 12, 11, 13, 10, 11, 13, 12, 12, 12, 10, 12, 11, 13, 10, 12, 10, 11, 13, 12, 12, 10], [11, 10, 12, 13, 11, 11, 11, 11, 12, 13, 12, 13, 10, 13, 10, 10, 13, 13, 11, 10, 10, 12, 12, 10, 13], [12, 11, 10, 13, 10, 13, 13, 10, 12, 10, 13, 10, 10, 13, 10, 13, 11, 10, 10, 12, 10, 12, 12, 10, 13], [13, 12, 12, 10, 13, 13, 12, 10, 10, 11, 11, 11, 12, 13, 10, 13, 13, 11, 10, 12, 12, 12, 13, 12, 11], [12, 12, 11, 11, 11, 13, 12, 12, 11, 10, 12, 12, 13, 13, 11, 13, 12, 11, 10, 12, 13, 12, 12, 11, 13], [11, 10, 10, 10, 10, 13, 12, 11, 12, 11, 13, 10, 12, 12, 12, 11, 10, 12, 13, 13, 13, 13, 12, 12, 12], [11, 12, 13, 10, 12, 10, 11, 13, 11, 11, 13, 12, 13, 10, 12, 12, 13, 10, 13, 10, 10, 11, 12, 10, 11], [10, 11, 13, 13, 10, 12, 10, 13, 13, 11, 11, 11, 12, 11, 10, 12, 11, 12, 13, 10, 11, 10, 11, 10, 13], [10, 12, 13, 10, 13, 12, 13, 11, 12, 13, 12, 12, 13, 13, 10, 10, 11, 11, 12, 11, 12, 13, 10, 13, 13], [11, 12, 11, 10, 13, 10, 11, 10, 13, 13, 12, 10, 13, 10, 10, 10, 11, 10, 10, 12, 13, 12, 12, 10, 13], [10, 10, 13, 12, 13, 11, 12, 12, 13, 13, 12, 13, 10, 13, 11, 11, 11, 13, 11, 13, 11, 12, 12, 10, 11], [13, 12, 11, 13, 11, 10, 13, 11, 12, 11, 12, 13, 11, 13, 12, 13, 13, 10, 13, 12, 11, 12, 13, 12, 13], [10, 12, 10, 11, 10, 10, 10, 10, 13, 12, 10, 13, 11, 12, 13, 11, 11, 10, 13, 12, 10, 11, 13, 12, 10], [11, 11, 10, 10, 12, 12, 12, 10, 11, 10, 12, 12, 10, 13, 10, 11, 12, 10, 11, 11, 11, 10, 13, 13, 10], [13, 12, 13, 11, 13, 12, 12, 12, 10, 13, 12, 12, 10, 13, 12, 12, 10, 10, 10, 12, 13, 11, 10, 13, 10], [11, 10, 12, 10, 13, 10, 10, 11, 11, 10, 11, 13, 11, 12, 11, 11, 10, 11, 11, 10, 10, 10, 13, 13, 10], [13, 13, 10, 12, 11, 12, 10, 13, 11, 11, 12, 10, 11, 11, 10, 12, 10, 11, 10, 12, 11, 11, 11, 11, 10], [12, 12, 13, 10, 12, 11, 10, 12, 10, 11, 11, 10, 11, 13, 11, 10, 13, 11, 10, 10, 11, 11, 10, 12, 10], [10, 13, 13, 13, 10, 13, 12, 12, 13, 12, 12, 13, 13, 11, 12, 11, 10, 10, 13, 13, 13, 10, 10, 11, 13], [10, 10, 10, 10, 10, 10, 11, 10, 11, 12, 12, 10, 12, 13, 11, 12, 10, 12, 13, 13, 12, 12, 12, 12, 12], [13, 11, 10, 13, 11, 12, 10, 12, 11, 10, 10, 11, 13, 13, 11, 12, 11, 13, 13, 10, 10, 10, 11, 10, 10], [12, 13, 13, 12, 13, 10, 11, 11, 13, 13, 13, 13, 13, 11, 11, 13, 10, 12, 10, 10, 10, 10, 11, 12, 11], [13, 12, 11, 11, 11, 12, 11, 11, 10, 10, 10, 12, 11, 10, 13, 10, 12, 11, 13, 10, 11, 11, 12, 13, 12], [11, 12, 12, 12, 13, 11, 11, 11, 12, 12, 11, 13, 13, 11, 10, 13, 11, 12, 12, 12, 13, 11, 10, 11, 10], [12, 11, 10, 12, 13, 11, 13, 12, 13, 10, 12, 10, 11, 11, 12, 11, 10, 13, 13, 11, 10, 13, 13, 11, 11], [11, 12, 11, 13, 13, 10, 12, 10, 10, 10, 11, 12, 12, 10, 10, 11, 11, 12, 10, 11, 11, 10, 12, 10, 10], [11, 13, 10, 12, 10, 13, 13, 11, 13, 11, 13, 11, 10, 13, 13, 13, 11, 10, 13, 10, 11, 10, 13, 12, 13], [10, 13, 12, 11, 13, 10, 13, 13, 12, 13, 11, 13, 13, 10, 12, 12, 11, 12, 12, 13, 11, 12, 13, 13, 12], [11, 11, 10, 10, 13, 11, 13, 10, 11, 12, 12, 10, 12, 11, 13, 11, 10, 12, 13, 12, 12, 12, 11, 12, 10], [10, 13, 13, 11, 12, 11, 11, 10, 13, 13, 10, 13, 13, 12, 11, 13, 11, 11, 12, 12, 11, 11, 13, 12, 11], [11, 10, 10, 13, 11, 12, 11, 10, 11, 10, 11, 12, 10, 10, 12, 13, 13, 13, 10, 12, 11, 13, 10, 10, 12], [11, 12, 10, 11, 11, 13, 12, 10, 12, 11, 11, 13, 11, 13, 13, 11, 11, 11, 12, 12, 13, 10, 13, 11, 12], [12, 11, 10, 13, 13, 10, 11, 10, 13, 10, 11, 11, 12, 11, 10, 10, 13, 13, 13, 10, 11, 12, 12, 10, 13], [10, 10, 13, 11, 12, 12, 10, 11, 13, 10, 11, 12, 10, 11, 11, 13, 11, 10, 10, 10, 11, 11, 12, 10, 12], [13, 13, 12, 13, 13, 13, 11, 13, 13, 12, 12, 13, 12, 13, 11, 10, 12, 10, 11, 11, 13, 11, 13, 11, 10], [13, 10, 10, 11, 13, 12, 13, 12, 10, 10, 12, 11, 11, 10, 11, 10, 13, 11, 11, 12, 12, 10, 10, 13, 12], [12, 10, 12, 13, 11, 13, 10, 12, 12, 12, 13, 10, 11, 11, 12, 10, 11, 10, 11, 10, 11, 13, 10, 11, 12], [10, 12, 11, 12, 11, 13, 13, 12, 10, 11, 13, 13, 10, 12, 13, 12, 12, 12, 12, 10, 13, 11, 13, 12, 11], [11, 10, 10, 10, 13, 12, 10, 13, 11, 11, 11, 10, 10, 12, 10, 10, 12, 12, 13, 12, 13, 12, 11, 13, 12], [12, 12, 12, 13, 11, 13, 11, 11, 13, 12, 13, 12, 13, 12, 13, 13, 12, 12, 13, 13, 10, 12, 13, 13, 10], [10, 11, 10, 12, 12, 11, 11, 10, 12, 10, 10, 12, 11, 13, 11, 13, 12, 13, 12, 11, 10, 10, 12, 13, 10], [12, 12, 13, 10, 10, 11, 11, 12, 13, 10, 11, 11, 10, 11, 11, 11, 12, 10, 11, 11, 12, 10, 13, 11, 12], [11, 12, 12, 12, 13, 11, 12, 13, 13, 11, 13, 10, 13, 12, 13, 10, 12, 12, 13, 11, 11, 10, 12, 11, 10], [10, 11, 12, 13, 11, 10, 11, 11, 10, 11, 11, 13, 10, 10, 13, 10, 12, 13, 10, 10, 12, 12, 11, 11, 11], [10, 11, 10, 11, 11, 13, 10, 12, 12, 12, 12, 11, 13, 13, 13, 11, 11, 11, 13, 10, 13, 10, 11, 10, 12], [12, 13, 12, 11, 11, 13, 13, 13, 11, 11, 11, 10, 12, 13, 12, 10, 13, 10, 12, 12, 12, 12, 13, 13, 10], [11, 13, 12, 11, 12, 12, 11, 11, 12, 13, 10, 11, 12, 13, 10, 12, 12, 12, 11, 12, 10, 12, 13, 12, 10], [11, 10, 11, 13, 10, 10, 12, 13, 13, 10, 10, 12, 13, 12, 12, 11, 11, 10, 12, 13, 13, 10, 10, 12, 10], [13, 11, 11, 11, 11, 10, 13, 10, 13, 11, 11, 11, 13, 10, 12, 13, 13, 11, 10, 13, 10, 12, 11, 12, 12], [11, 11, 13, 11, 10, 10, 11, 11, 11, 10, 13, 13, 10, 11, 12, 13, 12, 12, 11, 12, 10, 12, 11, 12, 12], [12, 12, 13, 13, 12, 11, 12, 10, 10, 11, 13, 12, 10, 11, 11, 11, 10, 11, 10, 10, 10, 13, 11, 13, 12], [13, 12, 12, 13, 13, 12, 13, 10, 10, 11, 10, 10, 11, 12, 12, 11, 10, 13, 13, 11, 10, 13, 11, 10, 10], [13, 10, 11, 10, 12, 13, 11, 12, 12, 12, 10, 12, 12, 12, 11, 11, 13, 11, 10, 13, 12, 13, 13, 12, 12], [12, 10, 11, 10, 12, 12, 13, 12, 11, 13, 10, 13, 10, 12, 10, 12, 12, 10, 11, 11, 12, 13, 13, 10, 12], [10, 13, 11, 12, 12, 10, 11, 12, 12, 13, 12, 10, 10, 12, 11, 10, 11, 12, 11, 10, 13, 13, 11, 12, 10], [12, 12, 11, 12, 11, 12, 13, 10, 10, 13, 13, 11, 13, 13, 11, 11, 10, 11, 12, 11, 13, 13, 10, 11, 10], [10, 12, 11, 13, 12, 11, 10, 11, 11, 12, 13, 11, 12, 10, 13, 12, 13, 13, 13, 13, 13, 11, 10, 10, 13], [10, 13, 13, 10, 12, 11, 13, 11, 13, 13, 12, 10, 13, 10, 12, 13, 12, 12, 10, 11, 11, 11, 13, 12, 10], [13, 11, 12, 13, 11, 13, 12, 13, 10, 11, 11, 13, 10, 10, 12, 11, 13, 12, 10, 13, 12, 10, 13, 11, 13], [11, 10, 12, 10, 11, 13, 11, 13, 13, 10, 13, 11, 11, 11, 10, 10, 11, 11, 11, 13, 10, 13, 13, 12, 13], [11, 10, 10, 12, 13, 12, 12, 12, 12, 10, 11, 12, 13, 12, 13, 13, 12, 11, 12, 11, 13, 12, 12, 11, 10], [12, 12, 10, 12, 11, 10, 11, 13, 10, 12, 10, 13, 13, 10, 11, 13, 12, 13, 11, 10, 13, 12, 10, 11, 11], [10, 11, 12, 12, 10, 10, 13, 11, 10, 10, 13, 12, 12, 12, 10, 11, 12, 13, 11, 12, 12, 13, 10, 12, 12], [11, 11, 13, 11, 13, 10, 13, 12, 11, 13, 11, 13, 13, 10, 10, 13, 11, 11, 11, 11, 12, 12, 10, 10, 11], [11, 12, 10, 10, 10, 13, 12, 10, 12, 13, 13, 10, 13, 12, 11, 12, 12, 10, 11, 13, 12, 13, 13, 10, 11], [12, 10, 10, 11, 12, 10, 10, 12, 10, 12, 13, 13, 12, 10, 13, 12, 13, 12, 10, 10, 10, 13, 12, 13, 13], [12, 10, 11, 11, 11, 11, 12, 10, 10, 11, 12, 12, 13, 13, 11, 12, 11, 10, 10, 10, 11, 12, 11, 13, 10], [12, 10, 10, 13, 12, 13, 12, 12, 13, 11, 11, 10, 13, 13, 13, 11, 10, 10, 13, 12, 11, 13, 12, 13, 10], [13, 12, 10, 10, 13, 11, 13, 12, 13, 12, 12, 13, 10, 13, 10, 12, 13, 11, 12, 11, 11, 12, 11, 10, 12], [11, 11, 13, 13, 12, 11, 12, 10, 11, 12, 12, 12, 10, 10, 13, 11, 10, 12, 12, 11, 12, 12, 10, 12, 13], [13, 10, 11, 13, 10, 11, 11, 10, 12, 13, 13, 10, 13, 11, 13, 12, 12, 11, 10, 12, 11, 12, 11, 13, 10], [10, 13, 10, 10, 13, 10, 13, 12, 13, 12, 13, 10, 11, 10, 11, 12, 10, 10, 12, 13, 11, 10, 12, 10, 10], [13, 11, 13, 10, 12, 11, 10, 10, 12, 10, 12, 12, 13, 13, 12, 13, 11, 13, 12, 12, 13, 13, 10, 11, 11], [11, 12, 13, 12, 12, 13, 11, 13, 10, 13, 12, 11, 11, 12, 13, 11, 10, 12, 11, 11, 13, 11, 13, 10, 11], [10, 12, 11, 11, 11, 12, 10, 11, 12, 11, 13, 12, 11, 13, 11, 12, 12, 11, 11, 13, 12, 11, 11, 13, 13], [13, 12, 11, 13, 13, 12, 12, 13, 10, 12, 11, 12, 13, 10, 12, 10, 13, 10, 12, 10, 10, 13, 10, 10, 13], [13, 11, 13, 11, 12, 10, 12, 13, 13, 11, 10, 12, 11, 12, 12, 10, 12, 11, 10, 11, 10, 13, 11, 10, 13], [10, 12, 13, 12, 11, 13, 11, 13, 13, 10, 10, 12, 12, 13, 13, 11, 12, 12, 11, 12, 11, 12, 13, 11, 12], [12, 10, 10, 12, 11, 13, 12, 12, 11, 10, 11, 11, 10, 10, 13, 10, 12, 12, 12, 11, 13, 11, 13, 13, 10]]
Inventory holding cost per unit of each product by the end of each period h: 
[[5, 8, 7, 7, 5, 7, 8, 7, 5, 5, 6, 7, 6, 7, 5, 7, 7, 5, 6, 7, 9, 8, 5, 9, 5], [5, 6, 8, 6, 9, 8, 8, 5, 8, 8, 6, 7, 5, 7, 9, 8, 9, 7, 5, 7, 9, 6, 8, 6, 6], [9, 9, 9, 5, 9, 9, 5, 9, 6, 7, 7, 8, 8, 9, 6, 9, 5, 7, 9, 8, 5, 9, 8, 6, 7], [8, 9, 8, 8, 5, 9, 8, 5, 5, 5, 6, 6, 6, 9, 9, 8, 5, 7, 7, 9, 8, 6, 8, 9, 7], [8, 9, 8, 7, 5, 7, 6, 8, 9, 7, 8, 5, 7, 5, 5, 8, 5, 9, 6, 7, 8, 5, 8, 6, 7], [9, 8, 7, 9, 6, 9, 7, 9, 5, 5, 6, 6, 9, 6, 7, 6, 8, 9, 8, 5, 7, 5, 7, 5, 9], [7, 6, 9, 5, 5, 9, 9, 7, 8, 6, 9, 7, 7, 6, 6, 8, 6, 9, 6, 5, 9, 8, 8, 8, 9], [6, 9, 9, 6, 9, 8, 6, 6, 6, 5, 7, 5, 8, 6, 9, 7, 8, 8, 5, 9, 7, 6, 6, 8, 6], [6, 9, 8, 7, 6, 7, 6, 5, 5, 9, 9, 8, 8, 9, 5, 6, 5, 7, 9, 8, 7, 7, 5, 5, 6], [7, 8, 7, 8, 6, 6, 8, 8, 6, 9, 7, 5, 9, 7, 6, 5, 6, 7, 8, 6, 8, 8, 5, 9, 5], [7, 5, 8, 6, 7, 7, 6, 9, 6, 7, 7, 7, 9, 9, 7, 5, 8, 9, 6, 9, 8, 6, 6, 6, 7], [7, 9, 7, 8, 9, 6, 9, 9, 6, 8, 5, 9, 9, 8, 9, 9, 9, 5, 8, 9, 5, 6, 6, 5, 9], [7, 8, 6, 7, 8, 5, 8, 7, 9, 6, 7, 7, 6, 9, 7, 9, 8, 6, 6, 6, 8, 5, 9, 7, 6], [7, 5, 6, 9, 6, 6, 5, 6, 5, 6, 9, 5, 5, 8, 6, 7, 7, 8, 8, 6, 8, 8, 5, 9, 8], [5, 9, 8, 8, 9, 7, 7, 9, 8, 5, 5, 5, 6, 9, 7, 7, 6, 9, 6, 7, 7, 7, 8, 6, 8], [8, 9, 6, 7, 8, 5, 6, 6, 8, 9, 7, 8, 5, 9, 9, 8, 5, 5, 7, 9, 9, 5, 9, 9, 7], [9, 5, 7, 8, 7, 9, 7, 7, 6, 7, 9, 6, 6, 9, 8, 8, 8, 7, 6, 8, 8, 6, 6, 7, 9], [6, 6, 7, 8, 7, 8, 8, 9, 8, 6, 6, 5, 7, 5, 5, 6, 6, 5, 8, 9, 6, 6, 6, 7, 9], [9, 7, 8, 9, 6, 9, 7, 7, 6, 9, 6, 6, 5, 5, 6, 6, 5, 6, 5, 8, 7, 7, 5, 8, 5], [8, 8, 9, 5, 7, 8, 6, 7, 6, 5, 9, 8, 7, 9, 5, 5, 8, 9, 9, 5, 6, 7, 8, 7, 6], [5, 9, 5, 5, 5, 6, 8, 9, 9, 5, 8, 7, 5, 5, 9, 6, 6, 6, 6, 8, 7, 5, 8, 7, 7], [9, 7, 5, 6, 6, 7, 8, 6, 5, 5, 8, 6, 6, 8, 6, 7, 6, 8, 7, 9, 8, 9, 5, 9, 8], [9, 6, 5, 9, 7, 9, 9, 7, 9, 5, 5, 9, 6, 7, 9, 8, 6, 8, 5, 8, 9, 6, 6, 8, 7], [5, 5, 9, 6, 5, 9, 6, 5, 8, 7, 8, 8, 5, 7, 8, 6, 7, 5, 7, 6, 7, 7, 8, 7, 6], [6, 8, 6, 5, 7, 6, 6, 7, 6, 6, 6, 9, 6, 8, 9, 6, 7, 9, 9, 7, 6, 7, 8, 8, 6], [5, 9, 9, 8, 9, 6, 6, 9, 7, 9, 9, 8, 5, 9, 6, 9, 9, 8, 7, 9, 8, 8, 8, 8, 6], [5, 8, 5, 6, 6, 6, 7, 9, 9, 7, 9, 8, 6, 9, 5, 5, 7, 7, 8, 9, 6, 9, 7, 7, 9], [8, 9, 9, 8, 5, 5, 7, 5, 7, 6, 6, 6, 7, 8, 7, 7, 6, 5, 9, 6, 8, 7, 6, 6, 9], [6, 7, 8, 8, 7, 8, 6, 9, 6, 6, 6, 8, 6, 8, 8, 9, 8, 9, 5, 7, 7, 5, 9, 9, 6], [9, 6, 7, 8, 7, 5, 9, 5, 5, 8, 7, 9, 5, 9, 6, 6, 7, 8, 9, 5, 9, 6, 9, 6, 6], [9, 7, 5, 5, 9, 8, 6, 7, 9, 9, 8, 5, 6, 6, 7, 9, 6, 7, 5, 7, 8, 7, 9, 9, 5], [7, 6, 9, 7, 5, 8, 8, 7, 5, 9, 8, 6, 5, 5, 7, 8, 8, 5, 5, 9, 5, 8, 8, 8, 5], [8, 6, 5, 7, 7, 7, 9, 5, 5, 5, 9, 7, 6, 5, 9, 9, 9, 7, 9, 6, 5, 7, 6, 6, 9], [8, 8, 7, 9, 8, 5, 7, 8, 9, 7, 5, 6, 7, 6, 7, 8, 7, 9, 6, 6, 6, 8, 9, 9, 6], [6, 7, 9, 8, 8, 7, 8, 8, 8, 6, 7, 7, 8, 5, 8, 5, 9, 9, 5, 6, 5, 8, 7, 8, 6], [8, 6, 7, 8, 8, 9, 6, 7, 7, 5, 9, 9, 8, 9, 9, 9, 5, 8, 9, 6, 9, 8, 9, 9, 9], [5, 9, 6, 5, 5, 9, 6, 6, 9, 5, 6, 7, 5, 7, 7, 9, 6, 9, 6, 9, 9, 8, 8, 6, 8], [8, 7, 9, 6, 8, 7, 8, 8, 6, 7, 7, 9, 6, 7, 9, 8, 5, 8, 8, 9, 6, 8, 9, 5, 5], [7, 9, 9, 9, 7, 6, 7, 9, 6, 8, 7, 5, 6, 7, 8, 8, 9, 7, 9, 8, 8, 7, 8, 5, 9], [7, 6, 6, 5, 9, 5, 9, 9, 7, 7, 6, 5, 5, 9, 5, 9, 9, 5, 5, 9, 8, 8, 9, 9, 6], [6, 6, 6, 8, 5, 6, 7, 7, 8, 6, 7, 7, 8, 8, 9, 7, 7, 7, 7, 8, 9, 8, 7, 8, 6], [5, 6, 6, 6, 8, 5, 6, 5, 6, 6, 8, 6, 5, 7, 5, 6, 5, 8, 5, 7, 6, 7, 6, 5, 6], [7, 7, 9, 8, 8, 8, 5, 7, 9, 8, 9, 9, 9, 6, 6, 6, 6, 9, 7, 9, 6, 7, 8, 9, 9], [7, 6, 9, 6, 5, 7, 7, 7, 9, 5, 8, 7, 8, 8, 5, 6, 5, 7, 8, 5, 7, 6, 6, 9, 6], [5, 9, 6, 7, 8, 7, 5, 9, 8, 5, 6, 8, 9, 9, 8, 8, 5, 6, 8, 7, 9, 5, 9, 8, 6], [9, 6, 8, 6, 6, 6, 8, 6, 8, 5, 9, 7, 5, 9, 5, 9, 5, 7, 7, 5, 6, 5, 9, 9, 6], [8, 6, 8, 9, 7, 6, 8, 9, 9, 6, 5, 7, 5, 8, 5, 8, 8, 7, 8, 7, 6, 6, 6, 9, 8], [5, 5, 6, 5, 7, 8, 6, 7, 9, 7, 9, 9, 6, 7, 6, 7, 6, 7, 8, 6, 7, 6, 8, 6, 5], [9, 8, 6, 6, 7, 5, 7, 8, 8, 9, 5, 6, 9, 6, 7, 5, 6, 7, 9, 7, 5, 7, 9, 8, 9], [8, 9, 5, 9, 7, 9, 8, 9, 9, 7, 7, 5, 8, 8, 6, 6, 7, 8, 7, 5, 9, 9, 5, 7, 9], [7, 6, 9, 7, 6, 5, 8, 9, 9, 7, 5, 8, 8, 7, 9, 6, 9, 8, 7, 9, 8, 7, 5, 5, 6], [8, 5, 5, 7, 5, 8, 9, 6, 8, 9, 5, 6, 8, 8, 5, 9, 5, 7, 7, 9, 9, 9, 5, 7, 7], [7, 6, 5, 6, 9, 8, 9, 9, 7, 8, 8, 9, 5, 6, 6, 6, 9, 5, 9, 5, 9, 9, 7, 9, 9], [8, 8, 6, 8, 5, 6, 8, 8, 9, 9, 7, 7, 7, 7, 6, 8, 6, 5, 5, 8, 6, 6, 6, 8, 8], [6, 9, 6, 7, 6, 9, 9, 7, 8, 9, 5, 6, 9, 9, 9, 9, 6, 5, 6, 8, 9, 8, 7, 6, 6], [6, 6, 8, 6, 7, 5, 5, 6, 9, 7, 8, 8, 7, 5, 6, 9, 8, 8, 6, 8, 7, 7, 7, 5, 5], [5, 9, 9, 5, 8, 9, 5, 5, 7, 9, 9, 8, 8, 9, 5, 8, 6, 6, 8, 9, 7, 5, 9, 8, 6], [6, 5, 7, 7, 5, 6, 6, 6, 7, 6, 5, 9, 8, 9, 9, 7, 8, 8, 6, 9, 9, 7, 9, 6, 7], [7, 6, 5, 7, 8, 8, 6, 7, 8, 6, 5, 5, 9, 7, 9, 6, 9, 5, 9, 7, 5, 5, 9, 8, 9], [8, 5, 6, 9, 6, 6, 8, 5, 9, 9, 9, 8, 9, 7, 7, 5, 8, 8, 8, 9, 7, 8, 5, 7, 7], [6, 9, 9, 7, 6, 5, 8, 5, 6, 8, 8, 8, 9, 6, 7, 7, 9, 7, 5, 9, 6, 8, 9, 8, 8], [5, 6, 7, 5, 9, 7, 7, 9, 5, 7, 9, 8, 5, 8, 7, 8, 6, 5, 6, 6, 6, 9, 8, 5, 8], [9, 5, 6, 5, 7, 6, 6, 6, 6, 9, 8, 8, 5, 9, 5, 6, 6, 9, 7, 6, 5, 7, 6, 8, 7], [5, 6, 7, 5, 7, 7, 7, 6, 6, 5, 9, 8, 8, 5, 9, 9, 5, 9, 6, 9, 6, 8, 5, 8, 8], [6, 6, 9, 6, 6, 8, 6, 9, 6, 7, 5, 8, 9, 9, 6, 7, 8, 7, 9, 8, 8, 8, 5, 8, 8], [7, 5, 7, 6, 8, 9, 6, 9, 8, 5, 7, 7, 8, 8, 5, 5, 5, 8, 6, 7, 5, 5, 5, 5, 5], [7, 7, 8, 9, 7, 7, 5, 7, 8, 5, 5, 6, 9, 7, 7, 5, 5, 6, 6, 8, 5, 6, 6, 7, 9], [7, 6, 9, 7, 6, 8, 7, 9, 5, 9, 7, 6, 5, 5, 8, 6, 6, 9, 8, 9, 9, 9, 8, 8, 5], [6, 7, 6, 6, 8, 9, 6, 8, 8, 9, 7, 9, 8, 5, 7, 7, 7, 5, 5, 5, 6, 8, 5, 5, 9], [8, 5, 6, 7, 5, 9, 8, 7, 8, 6, 6, 5, 8, 9, 6, 6, 6, 8, 5, 9, 8, 5, 6, 7, 8], [6, 5, 8, 8, 7, 9, 9, 6, 9, 5, 8, 6, 5, 7, 6, 6, 7, 7, 7, 9, 6, 6, 9, 8, 6], [6, 9, 9, 5, 5, 8, 7, 7, 9, 7, 6, 5, 5, 7, 5, 6, 6, 7, 7, 9, 6, 8, 8, 9, 7], [8, 7, 8, 5, 9, 7, 5, 5, 8, 9, 8, 9, 9, 5, 9, 5, 5, 8, 6, 8, 9, 8, 9, 8, 9], [6, 9, 5, 8, 5, 8, 5, 6, 6, 9, 8, 6, 6, 7, 8, 8, 9, 8, 5, 7, 7, 6, 7, 7, 5], [8, 6, 6, 6, 5, 9, 9, 6, 6, 5, 8, 7, 8, 5, 5, 7, 8, 6, 9, 8, 6, 8, 6, 5, 6], [9, 7, 5, 9, 5, 7, 7, 5, 8, 8, 6, 8, 5, 9, 5, 8, 8, 8, 9, 6, 5, 7, 7, 5, 6], [5, 7, 6, 7, 5, 6, 6, 9, 7, 9, 5, 8, 8, 9, 6, 5, 5, 6, 8, 5, 6, 7, 6, 7, 7], [6, 6, 7, 7, 6, 7, 5, 5, 9, 5, 8, 6, 5, 7, 8, 6, 9, 6, 7, 7, 5, 6, 5, 6, 7], [6, 8, 8, 7, 9, 8, 7, 5, 6, 6, 6, 8, 6, 9, 5, 7, 7, 7, 5, 5, 7, 6, 7, 8, 8], [7, 9, 7, 8, 8, 7, 7, 5, 9, 6, 6, 8, 6, 9, 8, 5, 6, 8, 8, 6, 9, 9, 6, 6, 8], [5, 6, 8, 5, 7, 9, 9, 7, 7, 8, 5, 6, 5, 5, 7, 9, 5, 9, 6, 8, 7, 9, 6, 5, 6], [5, 9, 9, 9, 7, 6, 6, 5, 6, 6, 9, 6, 7, 7, 7, 9, 9, 7, 6, 8, 6, 8, 5, 9, 6], [6, 6, 6, 7, 7, 5, 8, 9, 6, 9, 6, 5, 9, 9, 7, 7, 9, 5, 5, 7, 9, 6, 5, 6, 7], [7, 8, 6, 6, 5, 5, 5, 5, 9, 7, 7, 8, 9, 5, 9, 9, 8, 5, 8, 7, 8, 8, 7, 6, 5], [7, 8, 8, 7, 8, 8, 6, 8, 7, 6, 6, 6, 6, 8, 8, 5, 5, 5, 6, 7, 5, 8, 6, 7, 6], [8, 7, 6, 8, 5, 5, 7, 9, 6, 8, 9, 8, 7, 5, 6, 9, 5, 6, 9, 9, 7, 9, 7, 6, 6], [6, 8, 5, 7, 5, 6, 7, 5, 6, 9, 6, 5, 6, 7, 6, 5, 9, 8, 8, 6, 5, 7, 9, 5, 9], [6, 5, 7, 7, 8, 6, 6, 9, 6, 7, 6, 5, 9, 7, 7, 5, 6, 7, 8, 7, 5, 5, 7, 8, 9], [9, 7, 8, 5, 6, 7, 9, 6, 8, 8, 6, 6, 9, 7, 7, 7, 8, 8, 9, 6, 8, 5, 8, 5, 6], [9, 5, 7, 5, 7, 5, 5, 6, 8, 8, 5, 5, 5, 5, 6, 9, 7, 5, 7, 6, 9, 6, 6, 7, 9], [7, 8, 8, 9, 6, 6, 7, 8, 5, 9, 8, 5, 5, 6, 9, 6, 6, 8, 6, 9, 9, 8, 5, 9, 8], [5, 5, 9, 9, 8, 5, 6, 5, 5, 6, 5, 8, 9, 5, 8, 9, 6, 8, 6, 8, 6, 8, 7, 5, 8], [7, 8, 7, 9, 7, 9, 5, 7, 8, 5, 6, 6, 5, 7, 6, 7, 7, 5, 7, 6, 9, 9, 9, 7, 8], [7, 8, 5, 7, 9, 7, 5, 7, 5, 7, 5, 8, 6, 8, 9, 5, 7, 9, 7, 5, 6, 9, 5, 8, 8], [9, 9, 7, 6, 9, 5, 5, 6, 7, 5, 9, 5, 5, 7, 5, 5, 5, 5, 7, 7, 7, 8, 9, 9, 7], [9, 5, 5, 7, 6, 7, 8, 6, 9, 6, 6, 7, 6, 7, 5, 5, 5, 7, 6, 5, 8, 5, 7, 8, 8], [7, 8, 8, 5, 8, 9, 8, 6, 5, 5, 6, 8, 9, 9, 7, 7, 6, 5, 7, 7, 7, 6, 7, 9, 6], [8, 7, 6, 7, 5, 7, 6, 5, 8, 8, 5, 9, 5, 5, 7, 9, 5, 5, 9, 8, 6, 7, 6, 9, 9], [8, 6, 6, 6, 6, 5, 6, 8, 6, 7, 7, 9, 9, 7, 8, 5, 9, 7, 7, 8, 7, 6, 7, 8, 8], [7, 6, 9, 5, 8, 9, 5, 7, 5, 9, 8, 5, 8, 8, 9, 5, 8, 7, 9, 8, 7, 8, 5, 5, 5]]
Demand for each product in each period d: 
[[1, 20, 36, 35, 5, 16, 25, 33, 48, 31, 12, 10, 9, 36, 0, 36, 3, 22, 9, 22, 26, 3, 40, 48, 42], [12, 0, 28, 27, 34, 32, 37, 38, 41, 47, 24, 46, 3, 11, 48, 39, 28, 6, 19, 13, 49, 41, 23, 18, 0], [18, 4, 10, 41, 48, 0, 10, 0, 47, 44, 0, 37, 21, 28, 44, 3, 37, 9, 35, 36, 18, 3, 48, 15, 30], [4, 10, 0, 30, 25, 34, 20, 30, 22, 7, 41, 21, 17, 30, 41, 0, 24, 12, 44, 1, 38, 36, 39, 41, 4], [29, 18, 44, 18, 25, 44, 26, 33, 26, 24, 43, 32, 46, 19, 27, 7, 9, 13, 39, 36, 45, 3, 35, 0, 29], [48, 47, 31, 8, 13, 35, 0, 12, 48, 28, 43, 19, 7, 6, 5, 43, 39, 17, 16, 45, 0, 20, 7, 0, 25], [43, 34, 41, 36, 16, 36, 26, 7, 30, 17, 11, 25, 14, 0, 13, 36, 47, 14, 40, 32, 13, 21, 42, 46, 37], [14, 41, 41, 26, 2, 49, 36, 8, 2, 14, 5, 0, 0, 28, 12, 41, 45, 29, 15, 0, 45, 10, 36, 0, 14], [27, 22, 6, 35, 29, 12, 27, 12, 3, 0, 4, 47, 27, 23, 45, 24, 40, 0, 2, 12, 10, 15, 32, 27, 44], [10, 25, 23, 40, 11, 23, 46, 39, 9, 28, 31, 16, 25, 22, 49, 14, 20, 3, 43, 47, 21, 8, 30, 45, 49], [26, 23, 17, 46, 28, 41, 42, 0, 12, 37, 47, 29, 6, 24, 37, 15, 23, 16, 34, 22, 13, 49, 27, 22, 9], [0, 28, 5, 22, 32, 15, 22, 26, 16, 17, 14, 44, 41, 31, 21, 38, 17, 5, 46, 34, 28, 15, 11, 23, 28], [48, 1, 49, 48, 10, 49, 7, 36, 34, 35, 2, 14, 19, 5, 23, 29, 37, 0, 9, 45, 44, 33, 10, 49, 23], [48, 24, 40, 6, 2, 11, 43, 49, 4, 17, 44, 35, 13, 44, 3, 34, 40, 27, 43, 34, 26, 35, 8, 10, 38], [21, 36, 34, 11, 49, 18, 26, 43, 9, 14, 39, 38, 8, 3, 13, 34, 1, 22, 29, 45, 21, 39, 34, 15, 6], [1, 22, 28, 13, 3, 17, 2, 4, 7, 7, 21, 20, 0, 24, 29, 9, 12, 9, 20, 8, 27, 12, 17, 0, 18], [2, 7, 10, 16, 19, 1, 29, 3, 13, 5, 7, 4, 0, 29, 25, 5, 0, 25, 17, 20, 21, 25, 24, 0, 28], [8, 10, 13, 21, 21, 10, 0, 15, 19, 19, 19, 0, 27, 24, 2, 6, 3, 6, 3, 26, 23, 0, 5, 8, 25], [13, 26, 28, 20, 13, 0, 0, 19, 28, 16, 28, 4, 23, 4, 9, 8, 19, 19, 15, 21, 28, 0, 11, 4, 16], [13, 19, 0, 13, 17, 20, 27, 13, 27, 0, 2, 29, 10, 8, 0, 27, 5, 20, 24, 8, 18, 15, 15, 15, 21], [11, 9, 27, 10, 10, 29, 15, 24, 18, 26, 2, 21, 21, 21, 29, 24, 29, 25, 6, 28, 21, 25, 20, 13, 9], [27, 8, 0, 29, 29, 6, 13, 25, 25, 26, 29, 13, 23, 0, 8, 16, 6, 4, 7, 23, 15, 0, 28, 19, 23], [25, 25, 8, 19, 21, 15, 12, 26, 25, 29, 23, 2, 8, 12, 17, 25, 25, 5, 5, 3, 7, 15, 0, 9, 3], [12, 9, 13, 20, 15, 19, 10, 20, 29, 17, 1, 10, 6, 6, 0, 8, 7, 9, 28, 24, 15, 10, 20, 15, 22], [1, 28, 12, 19, 14, 2, 18, 22, 0, 8, 3, 0, 18, 10, 11, 29, 15, 14, 2, 9, 5, 24, 21, 12, 15], [14, 9, 17, 2, 19, 14, 27, 15, 0, 25, 26, 1, 2, 5, 3, 17, 10, 25, 2, 18, 21, 27, 28, 25, 1], [16, 1, 23, 28, 7, 7, 24, 15, 22, 10, 28, 15, 22, 1, 12, 28, 21, 5, 15, 14, 21, 23, 17, 6, 16], [28, 19, 12, 20, 24, 4, 22, 0, 25, 0, 26, 15, 2, 27, 14, 23, 17, 0, 0, 21, 21, 9, 19, 17, 17], [2, 4, 10, 2, 9, 4, 20, 28, 26, 29, 12, 6, 5, 16, 10, 14, 24, 6, 18, 13, 16, 1, 24, 22, 20], [14, 14, 0, 18, 27, 4, 29, 0, 1, 7, 23, 17, 14, 12, 3, 16, 20, 12, 13, 8, 1, 2, 29, 0, 25], [27, 2, 25, 20, 6, 15, 20, 1, 17, 12, 6, 26, 28, 25, 20, 7, 17, 9, 7, 10, 7, 4, 9, 27, 3], [21, 8, 13, 11, 16, 13, 5, 20, 11, 0, 13, 23, 10, 14, 1, 25, 28, 21, 8, 10, 23, 13, 4, 0, 15], [13, 24, 27, 5, 1, 18, 4, 15, 22, 11, 9, 23, 17, 11, 17, 13, 26, 6, 29, 28, 1, 3, 0, 4, 12], [27, 21, 1, 29, 16, 23, 6, 7, 15, 23, 27, 12, 3, 20, 23, 1, 14, 29, 0, 4, 26, 22, 3, 5, 20], [4, 6, 7, 21, 19, 12, 23, 7, 1, 0, 5, 3, 11, 14, 21, 0, 2, 22, 23, 29, 9, 3, 13, 28, 29], [10, 10, 17, 10, 2, 15, 20, 29, 6, 10, 3, 11, 18, 1, 26, 1, 3, 24, 0, 27, 27, 14, 6, 24, 14], [3, 16, 5, 24, 5, 8, 15, 4, 5, 16, 0, 5, 4, 23, 27, 1, 21, 3, 0, 27, 13, 26, 29, 19, 11], [2, 6, 0, 18, 22, 28, 11, 3, 14, 8, 20, 8, 1, 4, 14, 20, 21, 29, 14, 6, 26, 7, 15, 7, 0], [23, 25, 7, 17, 19, 11, 24, 29, 21, 26, 1, 8, 28, 0, 7, 12, 8, 23, 14, 20, 13, 24, 22, 4, 4], [2, 14, 22, 21, 20, 0, 11, 2, 19, 11, 16, 23, 14, 5, 0, 6, 18, 29, 12, 19, 29, 26, 5, 10, 0], [0, 4, 6, 1, 0, 7, 0, 8, 9, 0, 0, 3, 4, 9, 9, 5, 9, 4, 0, 4, 1, 3, 0, 3, 6], [2, 9, 8, 3, 2, 2, 9, 5, 2, 9, 4, 5, 0, 3, 1, 4, 2, 1, 0, 9, 0, 2, 9, 1, 6], [5, 1, 0, 0, 8, 3, 1, 8, 6, 0, 0, 8, 6, 6, 9, 8, 4, 3, 2, 6, 5, 7, 5, 1, 1], [1, 7, 1, 4, 1, 2, 0, 4, 0, 6, 3, 0, 0, 8, 8, 7, 1, 8, 5, 3, 7, 6, 0, 8, 5], [0, 7, 4, 0, 4, 3, 0, 5, 9, 9, 1, 3, 9, 7, 0, 9, 3, 8, 9, 5, 1, 2, 3, 7, 0], [7, 9, 0, 1, 5, 9, 1, 9, 0, 4, 9, 9, 5, 7, 8, 0, 0, 3, 8, 7, 0, 7, 2, 6, 0], [1, 5, 9, 5, 1, 5, 6, 1, 6, 2, 3, 1, 7, 0, 5, 8, 3, 7, 0, 0, 3, 9, 2, 7, 1], [7, 6, 9, 8, 4, 9, 6, 8, 1, 3, 1, 9, 0, 2, 1, 5, 4, 9, 4, 7, 3, 9, 3, 7, 6], [6, 6, 3, 0, 1, 8, 2, 9, 0, 8, 8, 6, 1, 9, 6, 0, 4, 5, 4, 5, 5, 0, 3, 7, 5], [0, 0, 7, 1, 6, 9, 8, 9, 3, 7, 0, 4, 1, 7, 7, 3, 0, 9, 2, 0, 8, 4, 4, 0, 4], [5, 4, 6, 8, 0, 1, 8, 3, 8, 2, 9, 8, 9, 9, 4, 1, 9, 7, 9, 6, 4, 2, 2, 2, 5], [7, 2, 4, 6, 1, 2, 7, 3, 4, 8, 4, 1, 5, 4, 9, 8, 3, 1, 4, 4, 3, 1, 8, 3, 6], [0, 8, 4, 7, 1, 2, 0, 9, 2, 6, 0, 6, 0, 3, 1, 1, 6, 2, 5, 9, 9, 7, 3, 6, 0], [8, 4, 2, 5, 1, 3, 7, 0, 0, 6, 1, 8, 3, 2, 6, 5, 9, 0, 3, 6, 6, 8, 9, 0, 9], [7, 3, 5, 8, 6, 1, 6, 0, 1, 6, 0, 6, 6, 3, 8, 5, 5, 2, 0, 2, 7, 2, 4, 9, 8], [5, 5, 0, 9, 1, 5, 2, 5, 4, 1, 0, 8, 8, 5, 6, 0, 1, 9, 0, 2, 2, 0, 0, 4, 8], [7, 8, 7, 0, 7, 1, 8, 3, 0, 7, 0, 2, 0, 9, 0, 0, 0, 3, 3, 9, 1, 0, 2, 6, 9], [9, 2, 3, 6, 6, 1, 0, 7, 5, 7, 8, 9, 0, 3, 2, 0, 2, 5, 6, 0, 2, 0, 8, 1, 0], [4, 4, 4, 1, 0, 5, 4, 8, 4, 2, 2, 8, 5, 6, 0, 1, 0, 0, 1, 5, 1, 2, 0, 6, 5], [4, 3, 9, 0, 9, 3, 0, 6, 6, 0, 7, 5, 5, 1, 4, 1, 1, 8, 5, 0, 9, 2, 8, 3, 8], [8, 0, 9, 9, 9, 8, 2, 0, 8, 6, 7, 9, 5, 0, 5, 9, 1, 3, 9, 3, 9, 4, 0, 4, 4], [1, 4, 7, 4, 0, 5, 0, 9, 9, 0, 2, 7, 6, 3, 7, 0, 5, 9, 9, 5, 5, 0, 1, 7, 4], [7, 9, 4, 4, 9, 5, 8, 5, 2, 3, 8, 0, 2, 6, 4, 7, 7, 4, 7, 1, 3, 6, 5, 5, 5], [0, 8, 2, 3, 7, 2, 3, 9, 8, 7, 9, 1, 5, 8, 5, 0, 6, 9, 4, 0, 6, 8, 2, 0, 7], [6, 2, 0, 8, 9, 3, 3, 1, 3, 4, 4, 8, 3, 6, 0, 6, 9, 9, 1, 0, 0, 1, 5, 1, 2], [1, 9, 1, 4, 6, 7, 7, 7, 2, 1, 8, 2, 0, 7, 3, 2, 0, 4, 6, 8, 5, 8, 5, 1, 0], [8, 2, 2, 2, 8, 3, 0, 0, 5, 0, 2, 9, 2, 7, 2, 0, 5, 6, 0, 8, 3, 6, 7, 3, 5], [9, 8, 5, 1, 0, 6, 5, 0, 7, 4, 2, 7, 9, 8, 9, 8, 0, 1, 1, 8, 6, 2, 1, 1, 7], [5, 2, 9, 2, 2, 8, 5, 1, 2, 7, 7, 8, 3, 4, 7, 1, 2, 7, 2, 2, 5, 9, 9, 8, 2], [8, 0, 2, 7, 3, 7, 6, 2, 6, 2, 8, 3, 4, 8, 7, 0, 3, 2, 9, 8, 7, 4, 0, 9, 6], [4, 5, 9, 4, 7, 6, 3, 4, 2, 7, 1, 8, 0, 8, 1, 8, 3, 3, 4, 2, 5, 8, 4, 0, 8], [0, 2, 4, 4, 2, 4, 3, 3, 2, 0, 3, 2, 3, 6, 8, 6, 9, 2, 2, 1, 2, 5, 9, 8, 1], [0, 7, 3, 9, 3, 5, 1, 8, 7, 2, 1, 0, 5, 6, 4, 2, 6, 2, 6, 0, 3, 5, 1, 0, 2], [2, 1, 0, 7, 5, 6, 7, 0, 6, 0, 2, 2, 8, 5, 4, 4, 1, 8, 8, 4, 5, 9, 6, 9, 9], [0, 7, 6, 0, 1, 0, 4, 2, 8, 7, 0, 0, 5, 3, 8, 0, 4, 9, 8, 9, 7, 6, 1, 6, 4], [7, 6, 0, 4, 0, 0, 3, 5, 7, 1, 8, 1, 5, 8, 3, 6, 1, 9, 7, 8, 5, 0, 8, 4, 3], [1, 1, 8, 0, 6, 0, 5, 7, 9, 4, 0, 9, 1, 2, 1, 5, 4, 2, 4, 3, 1, 9, 3, 6, 0], [9, 5, 9, 3, 0, 5, 4, 6, 1, 8, 2, 7, 2, 6, 5, 4, 1, 0, 9, 9, 0, 4, 0, 3, 8], [9, 0, 3, 9, 5, 9, 7, 5, 2, 4, 1, 0, 4, 6, 0, 4, 9, 9, 8, 0, 7, 3, 7, 6, 2], [4, 1, 2, 3, 7, 1, 5, 8, 4, 5, 7, 0, 6, 0, 8, 0, 7, 0, 8, 9, 2, 8, 8, 3, 3], [4, 9, 9, 8, 8, 2, 5, 7, 5, 8, 0, 5, 0, 1, 1, 9, 7, 7, 2, 8, 2, 8, 5, 6, 9], [6, 2, 3, 8, 4, 5, 5, 0, 3, 9, 0, 8, 8, 3, 7, 7, 6, 0, 4, 0, 8, 8, 7, 2, 7], [6, 8, 9, 0, 7, 3, 0, 6, 1, 0, 6, 0, 5, 2, 1, 5, 9, 8, 5, 4, 6, 6, 2, 0, 3], [7, 4, 8, 4, 4, 2, 0, 8, 7, 4, 2, 0, 3, 3, 8, 0, 7, 9, 3, 2, 3, 7, 4, 3, 2], [1, 1, 8, 1, 8, 0, 5, 1, 6, 4, 7, 3, 9, 1, 2, 8, 6, 8, 8, 8, 9, 3, 0, 1, 8], [5, 7, 3, 3, 6, 7, 4, 0, 0, 5, 1, 0, 3, 9, 1, 6, 5, 4, 9, 3, 9, 8, 0, 7, 4], [2, 6, 9, 1, 4, 1, 8, 3, 1, 7, 6, 4, 8, 7, 3, 6, 6, 1, 3, 6, 0, 7, 9, 5, 7], [8, 2, 1, 9, 7, 0, 2, 4, 9, 2, 8, 7, 7, 8, 2, 4, 0, 5, 7, 0, 0, 3, 1, 8, 8], [9, 2, 0, 7, 4, 5, 8, 4, 7, 8, 1, 0, 2, 8, 8, 7, 1, 7, 3, 7, 5, 5, 1, 8, 3], [5, 0, 9, 8, 5, 9, 6, 3, 0, 6, 0, 0, 0, 3, 0, 2, 5, 9, 9, 5, 7, 2, 1, 3, 5], [7, 7, 2, 7, 9, 0, 3, 9, 1, 1, 5, 5, 8, 6, 9, 6, 0, 4, 6, 6, 1, 8, 3, 0, 6], [2, 2, 4, 2, 0, 1, 6, 0, 3, 0, 8, 0, 8, 3, 8, 8, 7, 9, 6, 0, 2, 1, 7, 5, 9], [9, 5, 4, 5, 3, 0, 2, 5, 0, 9, 0, 6, 5, 3, 2, 2, 3, 2, 3, 6, 1, 7, 2, 6, 4], [2, 3, 6, 8, 3, 8, 5, 9, 5, 1, 0, 8, 7, 1, 3, 0, 0, 4, 2, 2, 0, 5, 3, 1, 2], [8, 6, 9, 3, 7, 8, 7, 7, 5, 3, 9, 3, 6, 6, 7, 5, 1, 9, 0, 9, 6, 8, 1, 3, 5], [3, 6, 9, 2, 5, 8, 4, 4, 0, 8, 6, 5, 1, 4, 3, 3, 8, 3, 9, 6, 3, 4, 0, 1, 7], [7, 6, 5, 8, 2, 5, 0, 7, 7, 3, 5, 5, 7, 6, 1, 7, 6, 5, 7, 8, 4, 4, 0, 6, 4], [6, 9, 3, 7, 5, 5, 3, 0, 0, 1, 5, 5, 5, 2, 4, 9, 0, 6, 0, 0, 6, 6, 5, 6, 8], [5, 2, 8, 3, 2, 5, 6, 5, 1, 1, 9, 0, 7, 2, 9, 3, 7, 6, 2, 6, 5, 5, 7, 4, 4], [6, 2, 8, 4, 8, 9, 9, 3, 4, 0, 4, 0, 7, 8, 2, 1, 8, 6, 6, 7, 5, 9, 6, 5, 0]]
Maintenance cost in each period m: 
[8674, 9722, 8823, 10250, 11875, 9880, 10123, 10201, 9145, 10195, 9153, 12068, 10725, 10357, 8986, 10195, 9963, 12045, 11657, 10885, 8799, 11884, 11982, 10352, 8664]
Maximum capacity of the machine cmax: 
4500