Set of periods in the planning horizon T: 
5
Set of products P: 
20
Capacity reduction coefficient alpha: 
0.8
Relative decrease of capacity per set up gamma: 
0.32
Capacity reduction coefficient due to product types beta: 
[0.37, 0.39, 0.38, 0.38, 0.35, 0.34, 0.21, 0.28, 0.33, 0.24, 0.21, 0.36, 0.35, 0.31, 0.35, 0.2, 0.31, 0.33, 0.3, 0.4]
Fixed production cost of each product in each period f: 
[[711, 589, 538, 827, 994], [607, 763, 819, 521, 849], [500, 642, 891, 731, 724], [835, 920, 544, 649, 635], [580, 655, 802, 560, 702], [817, 779, 636, 747, 603], [788, 976, 883, 710, 624], [917, 861, 934, 723, 991], [571, 681, 652, 718, 962], [913, 766, 848, 799, 704], [678, 779, 682, 672, 779], [919, 915, 947, 632, 500], [637, 549, 979, 516, 589], [598, 974, 794, 674, 559], [948, 535, 866, 637, 512], [635, 864, 636, 929, 996], [780, 612, 753, 813, 951], [836, 708, 760, 864, 767], [582, 871, 971, 648, 556], [802, 667, 931, 822, 769]]
Variable production cost per unit of each product in each period p: 
[[12, 10, 10, 10, 11], [13, 11, 12, 12, 11], [10, 11, 10, 13, 12], [11, 13, 11, 11, 13], [13, 12, 12, 11, 11], [10, 13, 11, 10, 12], [11, 13, 12, 10, 12], [13, 10, 10, 11, 10], [12, 10, 12, 12, 11], [12, 13, 11, 11, 12], [12, 11, 11, 11, 12], [10, 12, 11, 13, 13], [10, 13, 10, 12, 12], [11, 10, 12, 11, 12], [12, 12, 10, 12, 13], [13, 13, 13, 10, 11], [12, 12, 10, 11, 10], [12, 12, 10, 12, 13], [11, 12, 12, 10, 12], [12, 13, 13, 13, 11]]
Inventory holding cost per unit of each product by the end of each period h: 
[[5, 7, 6, 6, 5], [6, 7, 6, 7, 8], [9, 6, 8, 7, 5], [9, 5, 5, 6, 9], [8, 6, 9, 6, 7], [5, 6, 5, 6, 8], [9, 9, 6, 9, 9], [9, 7, 9, 8, 9], [9, 7, 9, 8, 7], [8, 7, 8, 7, 8], [7, 9, 7, 5, 9], [7, 8, 8, 9, 7], [8, 5, 6, 7, 7], [5, 6, 5, 7, 9], [5, 7, 8, 7, 9], [6, 8, 6, 7, 9], [8, 9, 6, 5, 6], [7, 5, 6, 9, 6], [5, 8, 8, 8, 5], [6, 6, 8, 9, 5]]
Demand for each product in each period d: 
[[27, 36, 33, 6, 0], [34, 33, 37, 45, 49], [15, 23, 0, 29, 11], [29, 11, 3, 8, 9], [2, 8, 10, 29, 3], [13, 28, 10, 0, 6], [21, 4, 0, 3, 5], [10, 6, 15, 10, 26], [4, 1, 1, 0, 5], [6, 6, 1, 1, 8], [1, 5, 0, 0, 7], [7, 6, 0, 5, 0], [2, 5, 0, 4, 7], [5, 9, 2, 1, 1], [5, 5, 7, 9, 4], [9, 8, 6, 0, 1], [9, 0, 8, 4, 0], [5, 0, 1, 2, 6], [1, 7, 8, 5, 8], [5, 8, 1, 3, 8]]
Maintenance cost in each period m: 
[3352, 3744, 4002, 3079, 3428]
Maximum capacity of the machine cmax: 
880