Set of periods in the planning horizon T: 
25
Set of products P: 
100
Capacity reduction coefficient alpha: 
0.8
Relative decrease of capacity per set up gamma: 
0.24
Capacity reduction coefficient due to product types beta: 
[0.36, 0.32, 0.37, 0.32, 0.36, 0.26, 0.4, 0.39, 0.39, 0.3, 0.34, 0.4, 0.39, 0.38, 0.2, 0.23, 0.38, 0.3, 0.31, 0.22, 0.3, 0.21, 0.27, 0.25, 0.31, 0.36, 0.22, 0.2, 0.26, 0.36, 0.29, 0.36, 0.23, 0.26, 0.27, 0.24, 0.25, 0.31, 0.39, 0.37, 0.34, 0.38, 0.29, 0.35, 0.34, 0.3, 0.34, 0.28, 0.2, 0.36, 0.25, 0.22, 0.37, 0.39, 0.23, 0.22, 0.39, 0.26, 0.34, 0.3, 0.32, 0.28, 0.32, 0.26, 0.2, 0.27, 0.21, 0.27, 0.31, 0.25, 0.37, 0.37, 0.2, 0.3, 0.23, 0.38, 0.37, 0.3, 0.24, 0.27, 0.33, 0.21, 0.32, 0.23, 0.32, 0.39, 0.2, 0.23, 0.35, 0.23, 0.29, 0.28, 0.2, 0.31, 0.23, 0.21, 0.32, 0.32, 0.29, 0.34]
Fixed production cost of each product in each period f: 
[[735, 537, 978, 837, 940, 858, 805, 877, 754, 885, 856, 962, 757, 836, 860, 590, 602, 571, 793, 987, 946, 936, 865, 960, 759], [747, 858, 572, 917, 717, 851, 582, 520, 595, 589, 732, 907, 915, 765, 753, 574, 619, 867, 556, 688, 821, 985, 683, 741, 714], [756, 671, 540, 709, 556, 871, 562, 643, 888, 851, 866, 891, 635, 821, 876, 719, 866, 798, 811, 865, 578, 651, 868, 925, 893], [717, 842, 574, 578, 793, 728, 661, 558, 638, 577, 606, 633, 567, 940, 968, 836, 965, 646, 781, 664, 871, 790, 670, 891, 748], [777, 724, 785, 875, 658, 847, 508, 766, 909, 630, 649, 517, 861, 686, 887, 907, 625, 916, 931, 641, 788, 713, 667, 839, 715], [771, 513, 866, 641, 784, 607, 507, 529, 658, 978, 610, 858, 512, 983, 580, 994, 594, 713, 866, 870, 957, 580, 682, 829, 710], [521, 806, 721, 561, 592, 841, 903, 715, 951, 753, 741, 907, 960, 937, 641, 819, 703, 525, 699, 932, 723, 919, 973, 510, 900], [546, 778, 894, 855, 689, 642, 542, 661, 754, 736, 782, 896, 754, 622, 683, 742, 611, 573, 812, 582, 896, 636, 866, 647, 754], [697, 678, 998, 693, 715, 693, 695, 524, 911, 968, 744, 897, 976, 961, 650, 553, 512, 735, 627, 978, 857, 810, 704, 598, 587], [700, 726, 952, 795, 743, 946, 797, 991, 951, 967, 993, 727, 734, 958, 623, 569, 746, 766, 741, 929, 502, 765, 881, 523, 629], [760, 966, 796, 695, 534, 802, 941, 736, 883, 639, 816, 625, 893, 793, 884, 983, 574, 592, 711, 679, 504, 990, 961, 540, 616], [534, 569, 783, 929, 822, 986, 593, 851, 707, 891, 910, 624, 812, 895, 675, 569, 925, 813, 524, 534, 785, 679, 866, 658, 867], [534, 854, 742, 537, 887, 722, 778, 876, 591, 802, 934, 987, 570, 811, 647, 641, 654, 682, 767, 665, 732, 686, 985, 920, 890], [987, 901, 622, 687, 739, 945, 625, 969, 597, 615, 886, 669, 503, 999, 983, 865, 899, 662, 558, 744, 674, 851, 903, 520, 759], [517, 836, 588, 610, 641, 957, 941, 882, 920, 562, 640, 632, 657, 705, 842, 522, 663, 952, 687, 881, 644, 568, 735, 606, 889], [580, 728, 524, 695, 923, 768, 918, 533, 836, 767, 972, 591, 895, 888, 860, 580, 559, 660, 611, 882, 526, 691, 950, 926, 722], [617, 538, 519, 655, 652, 909, 672, 834, 667, 862, 710, 712, 962, 862, 914, 611, 707, 726, 616, 988, 738, 714, 617, 958, 678], [633, 819, 851, 570, 878, 881, 532, 946, 671, 733, 702, 538, 965, 790, 692, 812, 840, 579, 542, 563, 743, 956, 518, 678, 943], [550, 865, 537, 516, 774, 717, 876, 567, 718, 613, 772, 775, 710, 903, 572, 580, 921, 896, 562, 814, 597, 919, 572, 545, 510], [750, 924, 959, 764, 805, 759, 841, 585, 941, 566, 790, 859, 858, 595, 692, 978, 660, 897, 975, 640, 923, 791, 715, 920, 913], [648, 869, 697, 523, 872, 899, 991, 772, 779, 535, 640, 835, 633, 974, 815, 938, 830, 705, 595, 629, 807, 563, 594, 898, 743], [869, 752, 856, 651, 765, 971, 650, 719, 915, 512, 975, 760, 856, 957, 534, 995, 780, 998, 522, 820, 876, 993, 733, 654, 706], [690, 796, 696, 904, 908, 812, 918, 996, 696, 845, 651, 542, 827, 971, 944, 892, 932, 969, 576, 987, 924, 635, 848, 851, 946], [826, 610, 650, 727, 803, 663, 921, 703, 711, 574, 768, 599, 528, 831, 733, 606, 553, 785, 951, 556, 913, 741, 727, 567, 532], [533, 895, 503, 718, 517, 960, 788, 724, 516, 634, 509, 991, 930, 718, 739, 559, 650, 509, 530, 604, 552, 632, 747, 564, 991], [921, 932, 544, 672, 523, 956, 848, 996, 984, 515, 732, 795, 500, 996, 678, 722, 710, 874, 861, 669, 741, 887, 634, 544, 977], [811, 984, 812, 832, 848, 874, 809, 528, 755, 611, 790, 680, 928, 811, 510, 786, 716, 952, 964, 980, 650, 885, 897, 615, 877], [934, 832, 701, 869, 766, 515, 555, 933, 674, 778, 981, 503, 753, 750, 500, 658, 935, 856, 795, 979, 544, 512, 512, 528, 522], [573, 851, 992, 826, 812, 769, 837, 691, 640, 547, 750, 862, 746, 741, 648, 703, 697, 719, 735, 776, 952, 695, 576, 762, 736], [550, 619, 725, 958, 736, 919, 557, 559, 767, 526, 587, 675, 548, 598, 977, 892, 625, 562, 953, 642, 811, 529, 597, 634, 734], [526, 819, 628, 730, 773, 803, 627, 597, 898, 619, 666, 701, 622, 560, 928, 506, 935, 896, 905, 656, 525, 772, 945, 672, 868], [592, 991, 556, 702, 708, 595, 825, 722, 918, 606, 560, 616, 530, 562, 510, 642, 902, 958, 776, 795, 726, 584, 626, 963, 556], [801, 828, 838, 914, 603, 885, 508, 639, 864, 770, 787, 594, 668, 860, 715, 704, 572, 567, 966, 969, 674, 546, 924, 581, 691], [896, 561, 707, 972, 865, 714, 659, 765, 643, 638, 696, 952, 774, 955, 786, 810, 815, 920, 950, 531, 707, 749, 667, 705, 741], [830, 947, 932, 710, 949, 522, 779, 571, 698, 781, 793, 705, 577, 981, 641, 868, 878, 572, 529, 842, 831, 509, 774, 539, 855], [577, 683, 609, 871, 577, 913, 666, 722, 900, 580, 785, 995, 771, 606, 766, 532, 927, 917, 633, 994, 639, 538, 731, 821, 792], [523, 736, 840, 616, 674, 792, 731, 621, 809, 644, 796, 730, 702, 698, 982, 976, 955, 871, 664, 892, 707, 864, 786, 792, 720], [509, 677, 893, 602, 967, 595, 961, 535, 904, 569, 949, 623, 699, 757, 629, 812, 839, 896, 618, 585, 752, 647, 989, 610, 869], [509, 571, 627, 885, 847, 917, 517, 900, 889, 632, 876, 873, 517, 675, 959, 709, 773, 701, 610, 599, 818, 649, 751, 691, 506], [774, 647, 860, 724, 824, 615, 593, 669, 660, 947, 853, 693, 783, 961, 595, 903, 527, 799, 736, 969, 803, 872, 644, 968, 508], [960, 851, 940, 744, 972, 674, 830, 879, 940, 533, 576, 777, 714, 655, 943, 553, 998, 686, 645, 667, 982, 975, 705, 716, 870], [746, 987, 553, 904, 926, 941, 641, 923, 760, 552, 582, 819, 776, 865, 827, 858, 533, 505, 969, 991, 819, 589, 609, 911, 991], [892, 830, 569, 725, 572, 539, 859, 681, 503, 626, 683, 896, 966, 503, 561, 584, 844, 815, 851, 565, 567, 994, 545, 973, 579], [810, 728, 655, 516, 993, 922, 736, 972, 875, 819, 612, 537, 529, 958, 661, 697, 728, 552, 751, 591, 920, 869, 862, 789, 542], [791, 911, 699, 626, 544, 803, 866, 924, 503, 555, 557, 690, 771, 670, 693, 703, 703, 559, 592, 923, 604, 542, 838, 537, 763], [648, 762, 795, 856, 713, 590, 655, 633, 566, 795, 730, 575, 670, 902, 624, 927, 822, 600, 999, 693, 967, 804, 593, 858, 565], [982, 753, 693, 642, 705, 533, 633, 709, 557, 524, 755, 882, 688, 718, 855, 797, 972, 778, 565, 525, 933, 511, 828, 677, 569], [778, 552, 924, 964, 740, 772, 775, 715, 843, 869, 755, 965, 507, 659, 811, 665, 608, 854, 702, 835, 579, 556, 823, 826, 583], [739, 872, 668, 916, 869, 737, 955, 613, 793, 817, 798, 549, 534, 815, 975, 950, 755, 928, 902, 735, 628, 517, 899, 955, 575], [573, 592, 832, 565, 538, 721, 988, 653, 883, 516, 778, 586, 798, 645, 981, 831, 888, 638, 851, 721, 670, 768, 815, 926, 541], [525, 726, 944, 746, 620, 760, 813, 629, 581, 878, 725, 573, 881, 953, 522, 571, 926, 771, 663, 822, 690, 995, 540, 596, 712], [545, 700, 637, 571, 716, 780, 591, 992, 699, 667, 835, 605, 787, 574, 560, 637, 793, 601, 552, 802, 883, 678, 572, 510, 902], [670, 582, 868, 629, 860, 762, 633, 903, 609, 914, 652, 594, 741, 601, 550, 891, 882, 977, 861, 720, 914, 859, 829, 636, 715], [964, 607, 749, 741, 599, 706, 622, 902, 915, 840, 599, 897, 918, 785, 951, 714, 554, 930, 814, 989, 778, 951, 943, 739, 534], [741, 964, 736, 979, 599, 572, 984, 886, 853, 834, 517, 710, 764, 988, 928, 589, 893, 884, 876, 828, 518, 678, 975, 754, 951], [745, 771, 771, 687, 986, 930, 829, 802, 593, 895, 845, 866, 626, 719, 873, 834, 764, 858, 802, 558, 922, 562, 507, 641, 987], [851, 633, 521, 727, 559, 701, 540, 913, 754, 717, 511, 636, 754, 704, 958, 744, 669, 654, 784, 557, 547, 567, 771, 618, 911], [925, 620, 932, 786, 538, 887, 594, 583, 579, 608, 573, 582, 558, 510, 920, 531, 654, 575, 882, 744, 585, 732, 733, 848, 762], [625, 815, 770, 599, 937, 988, 617, 946, 521, 918, 775, 825, 517, 764, 601, 805, 722, 990, 868, 813, 970, 908, 655, 913, 505], [662, 859, 906, 872, 996, 588, 592, 652, 876, 591, 797, 741, 643, 651, 954, 784, 621, 875, 637, 895, 892, 528, 722, 695, 950], [720, 531, 567, 552, 906, 929, 632, 729, 503, 963, 656, 740, 826, 929, 526, 536, 809, 759, 852, 764, 773, 802, 965, 638, 685], [916, 505, 589, 649, 819, 742, 619, 882, 521, 743, 894, 747, 587, 581, 875, 754, 824, 614, 509, 511, 941, 722, 874, 950, 905], [612, 890, 708, 901, 957, 782, 805, 544, 595, 726, 568, 826, 563, 731, 655, 971, 852, 663, 881, 865, 670, 760, 863, 575, 762], [879, 708, 898, 867, 615, 990, 962, 860, 568, 956, 820, 817, 575, 769, 931, 810, 783, 507, 500, 879, 568, 859, 932, 970, 863], [630, 682, 590, 869, 746, 870, 933, 966, 563, 851, 946, 546, 678, 872, 730, 767, 938, 804, 568, 556, 661, 519, 894, 509, 796], [718, 777, 501, 873, 877, 788, 700, 986, 903, 817, 978, 770, 787, 522, 550, 628, 945, 602, 728, 619, 801, 829, 762, 536, 890], [691, 637, 812, 561, 928, 859, 834, 933, 999, 813, 505, 693, 804, 629, 847, 500, 797, 996, 735, 755, 573, 563, 621, 633, 984], [575, 925, 972, 735, 824, 828, 626, 796, 771, 874, 549, 605, 626, 764, 970, 602, 841, 899, 802, 583, 700, 880, 856, 630, 770], [748, 848, 929, 769, 571, 865, 908, 789, 544, 777, 565, 611, 714, 804, 696, 951, 919, 981, 923, 613, 509, 820, 621, 856, 758], [877, 568, 746, 830, 656, 511, 575, 802, 910, 828, 805, 510, 952, 715, 925, 732, 753, 795, 591, 905, 615, 575, 570, 953, 852], [946, 703, 655, 973, 777, 547, 708, 943, 661, 506, 647, 785, 871, 643, 986, 703, 908, 902, 866, 855, 552, 987, 593, 958, 925], [653, 567, 786, 733, 546, 966, 931, 593, 815, 600, 897, 915, 824, 617, 559, 797, 741, 772, 686, 723, 503, 504, 993, 504, 831], [671, 677, 698, 962, 773, 695, 747, 571, 855, 553, 658, 744, 926, 619, 988, 885, 690, 649, 883, 919, 847, 881, 545, 589, 902], [808, 840, 814, 511, 972, 887, 981, 537, 540, 930, 644, 513, 905, 779, 966, 967, 751, 655, 667, 822, 783, 614, 887, 590, 722], [798, 874, 750, 993, 945, 934, 675, 559, 637, 665, 694, 528, 646, 991, 516, 529, 959, 793, 509, 543, 860, 915, 614, 918, 969], [954, 852, 908, 894, 694, 881, 849, 626, 504, 809, 647, 525, 802, 855, 650, 918, 527, 751, 705, 820, 738, 908, 522, 760, 739], [982, 659, 863, 724, 689, 764, 914, 844, 872, 790, 801, 516, 766, 967, 982, 532, 899, 905, 636, 966, 660, 937, 526, 586, 694], [882, 600, 600, 570, 934, 912, 947, 630, 729, 630, 614, 897, 713, 629, 571, 628, 892, 979, 595, 957, 798, 580, 658, 668, 692], [539, 778, 791, 800, 792, 948, 800, 686, 935, 508, 963, 586, 517, 979, 977, 669, 630, 947, 506, 516, 969, 620, 679, 827, 972], [884, 588, 707, 796, 748, 878, 509, 851, 933, 927, 868, 537, 996, 929, 625, 826, 749, 646, 811, 544, 587, 956, 729, 674, 764], [566, 572, 759, 987, 841, 912, 738, 588, 797, 873, 656, 525, 681, 558, 762, 627, 684, 793, 580, 692, 606, 664, 894, 775, 956], [637, 578, 703, 796, 608, 555, 856, 884, 585, 703, 502, 845, 509, 717, 618, 583, 582, 681, 849, 579, 521, 766, 642, 605, 527], [523, 925, 659, 612, 576, 588, 720, 734, 846, 780, 930, 923, 667, 529, 614, 718, 922, 620, 665, 621, 669, 513, 857, 804, 913], [799, 505, 979, 550, 618, 979, 915, 558, 870, 961, 547, 696, 500, 810, 882, 604, 503, 604, 896, 539, 746, 871, 582, 968, 977], [867, 975, 803, 742, 955, 578, 993, 798, 671, 780, 834, 703, 868, 643, 723, 601, 727, 674, 956, 978, 895, 658, 885, 944, 838], [733, 746, 742, 802, 943, 804, 845, 758, 800, 883, 580, 696, 541, 855, 986, 984, 749, 682, 961, 886, 838, 982, 820, 535, 674], [728, 671, 907, 799, 691, 863, 802, 530, 607, 713, 607, 850, 953, 838, 868, 777, 564, 618, 647, 924, 782, 676, 804, 558, 828], [737, 933, 947, 793, 982, 679, 887, 863, 501, 875, 853, 670, 781, 693, 770, 827, 805, 826, 519, 852, 715, 688, 501, 805, 776], [594, 712, 858, 518, 673, 669, 743, 504, 790, 746, 613, 740, 800, 906, 736, 655, 627, 558, 982, 623, 743, 735, 717, 506, 530], [884, 673, 746, 778, 580, 933, 852, 517, 822, 612, 708, 800, 746, 989, 973, 717, 563, 776, 619, 700, 559, 931, 946, 513, 793], [716, 926, 614, 968, 895, 959, 929, 553, 658, 939, 922, 689, 681, 546, 726, 863, 534, 859, 918, 833, 521, 645, 665, 566, 660], [835, 576, 984, 971, 968, 853, 716, 503, 725, 557, 954, 583, 769, 532, 910, 559, 549, 507, 546, 600, 788, 845, 535, 936, 608], [555, 583, 740, 989, 802, 879, 710, 780, 529, 985, 698, 537, 629, 879, 656, 623, 572, 833, 828, 636, 723, 795, 683, 843, 637], [950, 965, 759, 508, 999, 863, 823, 615, 907, 751, 772, 688, 561, 549, 799, 843, 693, 617, 905, 573, 734, 604, 513, 781, 739], [502, 814, 653, 777, 809, 590, 815, 502, 526, 708, 754, 793, 544, 663, 995, 813, 867, 829, 984, 775, 798, 876, 753, 867, 743], [935, 850, 529, 857, 590, 698, 707, 972, 538, 822, 663, 993, 784, 851, 593, 974, 557, 840, 591, 651, 685, 975, 898, 648, 625], [978, 907, 956, 835, 636, 857, 808, 598, 513, 570, 953, 850, 541, 512, 600, 690, 581, 571, 937, 659, 776, 549, 838, 681, 886], [922, 649, 557, 566, 915, 818, 551, 631, 746, 986, 723, 685, 541, 652, 784, 756, 871, 572, 920, 519, 616, 573, 905, 668, 540], [916, 842, 942, 927, 616, 647, 531, 797, 909, 513, 750, 653, 963, 743, 942, 738, 887, 585, 820, 702, 721, 643, 919, 670, 729], [855, 603, 767, 949, 529, 819, 833, 897, 985, 862, 540, 992, 765, 643, 572, 962, 716, 689, 729, 625, 651, 783, 927, 742, 740]]
Variable production cost per unit of each product in each period p: 
[[10, 13, 12, 10, 12, 10, 11, 10, 13, 10, 11, 10, 10, 10, 10, 10, 10, 10, 13, 12, 11, 11, 12, 11, 13], [13, 12, 13, 10, 12, 10, 12, 12, 11, 12, 13, 13, 12, 12, 12, 13, 12, 10, 10, 12, 10, 10, 13, 12, 11], [10, 10, 10, 12, 10, 11, 10, 10, 10, 13, 13, 11, 13, 11, 10, 13, 12, 12, 13, 11, 12, 10, 13, 12, 11], [10, 12, 13, 12, 13, 10, 10, 12, 13, 10, 12, 12, 12, 10, 10, 10, 13, 11, 13, 11, 12, 10, 12, 12, 13], [12, 11, 12, 11, 11, 11, 12, 12, 13, 12, 11, 10, 13, 11, 12, 13, 12, 12, 12, 13, 11, 13, 12, 12, 11], [13, 12, 12, 12, 10, 10, 12, 12, 13, 11, 10, 11, 13, 13, 11, 13, 12, 13, 11, 10, 10, 13, 12, 10, 12], [13, 13, 13, 11, 10, 11, 12, 13, 11, 13, 11, 11, 12, 10, 10, 10, 13, 11, 13, 13, 13, 12, 11, 11, 10], [12, 10, 12, 10, 12, 12, 11, 12, 12, 12, 12, 12, 11, 11, 13, 11, 11, 12, 12, 10, 11, 12, 10, 10, 13], [11, 12, 10, 13, 13, 12, 13, 10, 13, 13, 13, 12, 12, 11, 11, 12, 11, 10, 12, 13, 11, 11, 12, 13, 11], [11, 13, 11, 10, 12, 12, 12, 13, 11, 11, 12, 12, 11, 11, 11, 12, 11, 11, 13, 11, 12, 12, 10, 12, 13], [11, 11, 10, 10, 13, 13, 11, 12, 12, 12, 12, 11, 10, 12, 10, 10, 13, 13, 12, 11, 11, 11, 13, 13, 12], [10, 11, 13, 12, 10, 10, 10, 10, 13, 12, 11, 12, 11, 10, 11, 11, 11, 10, 12, 10, 10, 10, 10, 12, 10], [13, 12, 12, 12, 11, 13, 11, 12, 10, 12, 12, 10, 10, 12, 10, 10, 12, 10, 10, 11, 13, 10, 13, 10, 11], [12, 13, 11, 11, 13, 10, 11, 10, 10, 10, 10, 12, 13, 12, 11, 12, 10, 10, 10, 12, 13, 10, 13, 11, 12], [12, 11, 11, 12, 10, 12, 11, 11, 12, 11, 13, 11, 12, 10, 10, 12, 12, 12, 10, 10, 12, 13, 13, 10, 10], [10, 10, 13, 11, 12, 13, 10, 10, 11, 13, 12, 12, 12, 10, 12, 10, 12, 11, 12, 11, 10, 12, 10, 12, 12], [11, 11, 12, 12, 13, 10, 13, 12, 10, 11, 11, 11, 11, 13, 13, 10, 13, 12, 13, 10, 11, 10, 12, 12, 13], [13, 12, 12, 10, 13, 10, 11, 13, 13, 13, 10, 12, 11, 11, 12, 11, 11, 10, 10, 13, 12, 12, 12, 11, 13], [12, 13, 12, 13, 13, 10, 12, 11, 11, 11, 12, 11, 11, 12, 13, 13, 10, 12, 13, 13, 10, 13, 13, 10, 13], [13, 10, 13, 11, 11, 12, 11, 11, 12, 10, 10, 11, 11, 11, 11, 11, 11, 13, 12, 11, 11, 12, 12, 13, 10], [13, 11, 12, 10, 12, 10, 12, 12, 10, 11, 12, 10, 11, 13, 10, 12, 11, 12, 12, 11, 10, 12, 10, 12, 10], [12, 12, 13, 10, 12, 13, 10, 11, 11, 12, 13, 12, 11, 13, 13, 11, 10, 11, 13, 10, 10, 13, 13, 11, 11], [12, 12, 13, 12, 12, 12, 10, 12, 12, 10, 13, 13, 12, 11, 12, 11, 13, 12, 12, 11, 11, 13, 10, 13, 13], [11, 11, 11, 10, 12, 12, 10, 13, 13, 11, 11, 10, 10, 11, 12, 12, 10, 11, 10, 10, 10, 12, 10, 10, 12], [10, 12, 11, 10, 12, 10, 10, 12, 12, 10, 11, 12, 10, 10, 11, 12, 10, 12, 13, 12, 12, 11, 11, 11, 13], [12, 11, 13, 10, 11, 12, 13, 13, 10, 11, 10, 12, 13, 10, 11, 13, 13, 11, 11, 13, 13, 11, 12, 13, 10], [13, 13, 11, 10, 13, 11, 11, 10, 11, 12, 11, 13, 13, 10, 13, 11, 12, 11, 11, 10, 12, 12, 12, 11, 10], [10, 10, 11, 11, 11, 12, 12, 10, 13, 10, 10, 13, 10, 10, 12, 12, 12, 11, 10, 13, 11, 11, 12, 10, 11], [13, 10, 13, 13, 10, 10, 13, 10, 10, 10, 11, 11, 11, 10, 10, 10, 13, 10, 13, 12, 11, 10, 10, 10, 11], [11, 12, 10, 10, 10, 12, 10, 11, 10, 13, 11, 13, 13, 13, 12, 12, 10, 12, 12, 12, 12, 10, 10, 10, 13], [12, 13, 13, 12, 10, 12, 11, 11, 11, 13, 12, 11, 12, 10, 10, 10, 11, 13, 11, 10, 12, 12, 13, 12, 10], [11, 12, 11, 10, 11, 10, 12, 11, 13, 13, 10, 11, 11, 12, 10, 10, 12, 10, 12, 10, 13, 11, 13, 13, 12], [13, 13, 13, 13, 12, 11, 12, 13, 11, 11, 12, 13, 12, 13, 11, 10, 10, 13, 12, 13, 10, 10, 12, 13, 12], [12, 12, 11, 12, 12, 13, 13, 13, 10, 13, 13, 10, 13, 13, 10, 11, 12, 12, 12, 11, 12, 11, 12, 13, 12], [13, 11, 10, 12, 12, 11, 10, 10, 10, 12, 10, 13, 12, 11, 13, 12, 11, 13, 10, 11, 11, 11, 10, 11, 12], [12, 13, 12, 10, 11, 11, 13, 11, 10, 11, 11, 10, 13, 13, 13, 12, 10, 11, 13, 11, 10, 13, 13, 13, 10], [11, 12, 11, 12, 13, 10, 13, 12, 12, 11, 12, 12, 11, 12, 11, 11, 11, 13, 12, 13, 10, 13, 12, 11, 12], [12, 13, 10, 13, 13, 10, 12, 12, 12, 12, 12, 10, 10, 10, 13, 13, 12, 11, 13, 13, 11, 12, 10, 11, 13], [12, 10, 10, 12, 13, 12, 12, 13, 11, 12, 11, 10, 10, 13, 10, 10, 13, 12, 11, 12, 10, 11, 13, 10, 11], [13, 10, 11, 13, 12, 13, 11, 11, 13, 12, 10, 11, 10, 11, 13, 10, 13, 12, 12, 11, 12, 11, 12, 10, 10], [10, 13, 10, 10, 13, 10, 12, 10, 13, 13, 11, 13, 13, 10, 12, 10, 10, 11, 10, 13, 11, 11, 11, 11, 10], [11, 11, 11, 12, 11, 12, 11, 11, 11, 10, 10, 11, 13, 12, 11, 12, 10, 11, 13, 13, 11, 12, 10, 12, 13], [12, 12, 10, 10, 10, 10, 12, 12, 11, 13, 12, 11, 10, 12, 13, 12, 11, 13, 12, 12, 11, 10, 13, 11, 12], [11, 12, 13, 12, 12, 13, 11, 13, 10, 11, 13, 10, 11, 12, 12, 11, 10, 12, 10, 12, 11, 10, 12, 13, 11], [12, 13, 13, 12, 10, 11, 11, 10, 10, 12, 10, 11, 13, 12, 11, 10, 11, 12, 13, 12, 10, 12, 11, 11, 10], [12, 10, 11, 10, 13, 12, 11, 12, 11, 11, 11, 12, 11, 11, 13, 13, 10, 10, 13, 11, 11, 10, 13, 12, 10], [13, 11, 12, 13, 11, 13, 10, 13, 12, 12, 12, 11, 13, 11, 13, 12, 11, 10, 12, 12, 10, 12, 11, 13, 10], [10, 12, 12, 11, 10, 12, 11, 10, 10, 10, 10, 11, 12, 11, 13, 12, 12, 12, 12, 12, 10, 13, 12, 11, 13], [12, 12, 13, 11, 10, 13, 12, 13, 13, 13, 13, 11, 13, 10, 11, 10, 10, 13, 13, 13, 12, 12, 11, 13, 10], [11, 10, 13, 13, 12, 10, 11, 13, 11, 11, 12, 11, 10, 12, 10, 12, 10, 13, 11, 10, 10, 11, 10, 11, 10], [12, 10, 12, 10, 11, 12, 10, 11, 13, 10, 12, 10, 13, 13, 12, 11, 13, 12, 10, 13, 10, 13, 13, 10, 10], [10, 13, 10, 10, 10, 11, 12, 11, 10, 12, 12, 10, 10, 10, 12, 10, 12, 11, 10, 13, 12, 11, 12, 10, 13], [11, 13, 10, 10, 11, 10, 11, 13, 10, 12, 11, 11, 10, 13, 10, 10, 13, 13, 11, 13, 12, 13, 12, 13, 13], [12, 12, 10, 11, 13, 12, 11, 10, 12, 10, 12, 12, 10, 10, 12, 12, 11, 12, 13, 10, 13, 12, 10, 10, 12], [10, 11, 11, 13, 11, 13, 11, 10, 10, 13, 12, 13, 12, 13, 11, 10, 13, 12, 12, 11, 11, 10, 13, 13, 13], [13, 12, 13, 11, 12, 11, 11, 11, 13, 10, 10, 12, 13, 13, 13, 10, 12, 13, 10, 12, 12, 11, 13, 11, 10], [12, 13, 13, 13, 12, 10, 11, 12, 11, 11, 11, 10, 10, 13, 11, 10, 13, 11, 12, 10, 10, 13, 13, 12, 12], [10, 11, 10, 13, 13, 12, 11, 13, 13, 11, 10, 12, 12, 10, 12, 13, 13, 10, 11, 12, 13, 10, 12, 13, 13], [10, 12, 13, 10, 12, 13, 10, 10, 10, 12, 13, 13, 13, 12, 10, 13, 11, 13, 13, 13, 11, 12, 13, 13, 13], [12, 10, 10, 12, 10, 11, 11, 10, 10, 11, 12, 11, 10, 13, 12, 13, 13, 11, 10, 10, 12, 13, 11, 12, 10], [13, 13, 11, 10, 10, 11, 11, 11, 11, 11, 12, 12, 10, 12, 13, 11, 11, 10, 10, 10, 11, 12, 12, 13, 12], [12, 10, 10, 11, 13, 11, 12, 10, 13, 13, 12, 11, 13, 13, 11, 13, 10, 10, 12, 10, 12, 12, 10, 10, 11], [11, 11, 11, 12, 13, 10, 12, 13, 13, 11, 10, 13, 11, 13, 12, 12, 11, 13, 12, 11, 10, 11, 13, 13, 12], [13, 11, 11, 10, 12, 13, 10, 11, 12, 10, 13, 13, 11, 12, 13, 12, 13, 12, 12, 11, 13, 13, 13, 10, 13], [10, 12, 13, 10, 12, 11, 11, 12, 10, 12, 13, 12, 11, 11, 13, 12, 11, 10, 13, 12, 12, 10, 12, 12, 10], [12, 12, 12, 10, 11, 13, 11, 10, 11, 13, 11, 13, 13, 10, 13, 11, 10, 12, 13, 12, 11, 11, 13, 12, 13], [10, 13, 13, 11, 13, 10, 12, 12, 10, 10, 11, 11, 13, 11, 10, 13, 11, 12, 12, 10, 12, 10, 12, 13, 10], [10, 11, 12, 10, 13, 11, 11, 12, 13, 13, 11, 13, 11, 10, 11, 12, 10, 10, 10, 10, 12, 12, 13, 13, 11], [12, 11, 13, 12, 11, 10, 12, 12, 10, 12, 11, 10, 10, 13, 13, 11, 10, 11, 11, 11, 13, 10, 12, 11, 12], [12, 10, 11, 13, 11, 11, 11, 12, 12, 12, 12, 11, 10, 10, 10, 11, 10, 10, 11, 10, 11, 11, 12, 13, 11], [12, 12, 13, 13, 13, 11, 10, 11, 11, 12, 11, 13, 10, 12, 10, 10, 10, 10, 11, 12, 11, 11, 13, 10, 11], [11, 13, 13, 12, 13, 10, 10, 10, 13, 13, 11, 11, 13, 12, 11, 13, 10, 12, 10, 13, 11, 11, 12, 10, 13], [10, 11, 11, 13, 12, 13, 13, 13, 12, 11, 13, 12, 12, 13, 11, 11, 13, 11, 10, 13, 12, 10, 13, 13, 10], [12, 11, 13, 12, 10, 10, 11, 11, 12, 12, 10, 12, 11, 10, 12, 13, 10, 12, 10, 10, 10, 10, 12, 10, 13], [11, 10, 13, 10, 12, 11, 12, 12, 11, 13, 13, 11, 11, 12, 13, 10, 12, 10, 12, 13, 11, 10, 10, 10, 10], [12, 11, 13, 13, 10, 10, 12, 11, 12, 11, 11, 11, 12, 13, 12, 11, 10, 11, 11, 12, 10, 12, 10, 11, 12], [13, 10, 10, 12, 12, 11, 11, 10, 11, 12, 12, 13, 13, 13, 10, 12, 13, 11, 10, 10, 10, 10, 12, 13, 11], [12, 11, 12, 12, 12, 12, 11, 10, 11, 10, 12, 13, 10, 13, 12, 12, 11, 12, 11, 12, 13, 12, 11, 12, 11], [13, 10, 13, 10, 13, 11, 12, 10, 12, 10, 12, 13, 12, 12, 12, 10, 12, 12, 11, 10, 11, 10, 11, 11, 11], [13, 13, 11, 12, 12, 13, 10, 11, 13, 11, 11, 11, 11, 13, 12, 10, 10, 10, 10, 11, 10, 13, 11, 11, 12], [11, 10, 10, 11, 13, 10, 12, 12, 12, 11, 13, 12, 13, 12, 10, 11, 13, 10, 12, 11, 13, 12, 12, 11, 10], [13, 10, 12, 11, 13, 13, 11, 11, 11, 11, 10, 11, 11, 12, 12, 13, 12, 10, 10, 11, 12, 13, 13, 13, 11], [10, 10, 11, 12, 11, 13, 13, 10, 13, 13, 13, 11, 11, 10, 10, 13, 13, 10, 12, 10, 13, 13, 11, 13, 12], [12, 11, 12, 11, 13, 12, 11, 11, 11, 13, 13, 10, 13, 10, 10, 10, 13, 13, 13, 10, 11, 10, 13, 11, 12], [11, 13, 10, 10, 10, 12, 12, 11, 10, 11, 12, 13, 13, 13, 10, 12, 11, 10, 12, 11, 11, 12, 11, 11, 11], [13, 11, 10, 12, 13, 13, 11, 10, 10, 12, 12, 12, 13, 11, 13, 12, 11, 11, 13, 12, 12, 12, 11, 13, 13], [10, 10, 12, 12, 12, 12, 13, 12, 12, 12, 10, 10, 11, 12, 13, 12, 11, 12, 12, 10, 11, 11, 11, 12, 11], [11, 10, 12, 13, 12, 13, 13, 11, 11, 13, 12, 13, 10, 10, 13, 13, 12, 11, 12, 12, 10, 13, 11, 11, 12], [10, 12, 13, 13, 10, 13, 13, 13, 10, 11, 10, 10, 12, 11, 10, 13, 10, 11, 10, 11, 13, 13, 10, 11, 12], [12, 10, 13, 11, 10, 12, 11, 13, 11, 13, 10, 11, 13, 10, 12, 13, 12, 10, 10, 12, 12, 12, 12, 13, 10], [11, 12, 11, 12, 10, 11, 12, 13, 13, 12, 13, 10, 10, 10, 10, 10, 10, 13, 12, 11, 13, 12, 12, 10, 10], [11, 11, 13, 13, 13, 11, 12, 12, 11, 11, 12, 11, 13, 12, 11, 12, 12, 11, 13, 11, 13, 12, 13, 12, 10], [10, 10, 12, 11, 13, 10, 10, 10, 13, 12, 13, 10, 10, 13, 10, 10, 11, 12, 13, 10, 11, 10, 12, 12, 10], [11, 13, 10, 11, 11, 10, 11, 12, 10, 11, 13, 13, 10, 11, 11, 13, 12, 13, 11, 11, 11, 12, 11, 12, 13], [10, 11, 12, 12, 11, 10, 13, 12, 12, 13, 10, 13, 10, 12, 12, 12, 13, 12, 12, 13, 12, 12, 10, 10, 10], [13, 10, 10, 11, 12, 12, 11, 11, 10, 12, 13, 11, 11, 12, 10, 11, 10, 12, 12, 13, 11, 10, 10, 13, 11], [11, 10, 10, 12, 13, 11, 12, 10, 12, 13, 11, 12, 11, 12, 10, 10, 11, 11, 13, 12, 10, 11, 11, 12, 11], [13, 10, 13, 10, 11, 13, 10, 11, 13, 10, 11, 11, 13, 11, 12, 10, 10, 12, 11, 12, 13, 12, 11, 13, 11], [12, 12, 11, 11, 11, 11, 13, 10, 11, 13, 12, 12, 11, 13, 10, 10, 13, 12, 12, 10, 11, 10, 12, 11, 10], [10, 10, 11, 10, 10, 10, 13, 13, 11, 10, 11, 12, 13, 12, 13, 10, 12, 12, 13, 13, 13, 11, 13, 10, 10]]
Inventory holding cost per unit of each product by the end of each period h: 
[[6, 9, 7, 8, 5, 7, 5, 6, 5, 8, 5, 9, 9, 6, 9, 8, 8, 9, 7, 5, 6, 6, 5, 6, 7], [8, 7, 7, 6, 6, 5, 9, 7, 5, 7, 8, 9, 5, 7, 8, 9, 9, 7, 5, 5, 5, 5, 7, 9, 9], [6, 7, 7, 9, 6, 7, 9, 9, 8, 5, 9, 6, 7, 6, 9, 5, 8, 5, 9, 7, 5, 5, 6, 7, 6], [8, 6, 9, 6, 8, 7, 8, 9, 6, 5, 5, 6, 8, 9, 9, 8, 8, 8, 5, 9, 8, 8, 8, 7, 7], [9, 8, 5, 9, 5, 6, 6, 9, 9, 7, 7, 8, 5, 9, 5, 6, 9, 6, 5, 6, 8, 6, 8, 8, 8], [5, 5, 6, 9, 6, 8, 5, 9, 6, 9, 8, 5, 9, 8, 7, 8, 8, 8, 8, 8, 5, 6, 8, 8, 8], [8, 9, 9, 5, 7, 8, 6, 7, 5, 6, 5, 6, 6, 6, 9, 6, 5, 7, 6, 8, 6, 7, 9, 8, 7], [8, 5, 6, 9, 9, 5, 6, 7, 6, 7, 6, 9, 7, 8, 6, 7, 6, 8, 8, 7, 9, 9, 6, 5, 5], [6, 5, 8, 8, 5, 9, 7, 7, 7, 7, 8, 6, 7, 9, 5, 9, 8, 8, 5, 8, 6, 8, 8, 5, 8], [6, 9, 6, 9, 5, 9, 7, 6, 7, 9, 7, 9, 5, 9, 5, 9, 8, 5, 7, 6, 8, 5, 8, 5, 9], [5, 5, 6, 6, 7, 9, 9, 7, 8, 9, 6, 5, 6, 6, 9, 8, 6, 7, 5, 5, 8, 6, 8, 8, 9], [9, 5, 6, 8, 7, 8, 7, 8, 7, 8, 9, 6, 7, 9, 6, 9, 8, 9, 9, 8, 8, 9, 6, 6, 8], [8, 5, 9, 7, 7, 6, 5, 9, 9, 6, 6, 9, 9, 7, 8, 5, 6, 8, 7, 6, 8, 5, 8, 6, 5], [5, 6, 5, 6, 9, 7, 5, 9, 8, 8, 8, 9, 9, 9, 8, 8, 9, 9, 9, 6, 8, 8, 5, 6, 9], [5, 7, 5, 6, 8, 9, 9, 8, 7, 5, 9, 7, 9, 9, 8, 8, 5, 8, 9, 8, 6, 9, 8, 6, 6], [5, 5, 6, 5, 9, 9, 7, 6, 8, 7, 5, 8, 7, 9, 5, 6, 9, 5, 9, 6, 6, 9, 8, 8, 7], [6, 7, 9, 5, 6, 6, 8, 6, 8, 9, 8, 9, 8, 5, 6, 6, 6, 8, 8, 8, 9, 9, 7, 6, 7], [7, 5, 6, 8, 7, 9, 8, 5, 7, 5, 5, 7, 5, 6, 6, 5, 7, 8, 6, 6, 7, 5, 8, 5, 8], [6, 6, 6, 6, 9, 5, 6, 6, 7, 8, 7, 7, 5, 6, 8, 7, 7, 9, 5, 5, 9, 8, 5, 6, 5], [7, 8, 7, 6, 5, 6, 6, 5, 9, 9, 9, 9, 5, 9, 6, 5, 5, 8, 8, 7, 7, 5, 9, 8, 5], [7, 6, 5, 5, 6, 6, 9, 8, 6, 7, 6, 7, 6, 7, 9, 6, 5, 7, 9, 8, 8, 9, 7, 5, 9], [5, 6, 5, 9, 6, 5, 8, 8, 8, 6, 5, 7, 7, 5, 9, 7, 6, 5, 6, 8, 5, 6, 6, 6, 8], [8, 5, 8, 6, 7, 5, 9, 5, 9, 9, 5, 7, 8, 6, 5, 8, 6, 7, 6, 5, 6, 7, 5, 7, 6], [9, 6, 7, 5, 7, 7, 6, 7, 9, 5, 6, 8, 6, 9, 8, 9, 6, 8, 9, 7, 7, 6, 5, 8, 9], [8, 6, 8, 7, 9, 7, 9, 8, 7, 8, 9, 6, 5, 9, 8, 8, 8, 6, 9, 6, 8, 7, 8, 6, 8], [5, 8, 6, 9, 8, 8, 9, 6, 6, 9, 7, 5, 6, 7, 6, 9, 7, 5, 5, 7, 8, 7, 6, 8, 5], [9, 9, 6, 6, 9, 6, 6, 5, 6, 8, 7, 9, 6, 7, 9, 6, 5, 6, 9, 9, 5, 9, 6, 7, 8], [5, 5, 5, 9, 7, 7, 5, 6, 6, 8, 7, 8, 8, 8, 7, 6, 5, 5, 5, 8, 6, 7, 5, 7, 8], [8, 7, 5, 8, 6, 5, 6, 9, 5, 6, 9, 5, 6, 6, 8, 9, 5, 5, 7, 5, 5, 7, 5, 6, 5], [7, 8, 5, 6, 7, 5, 5, 5, 5, 5, 5, 9, 8, 8, 6, 9, 8, 5, 9, 7, 6, 6, 8, 9, 9], [8, 7, 5, 8, 9, 5, 9, 9, 9, 9, 6, 6, 8, 6, 9, 6, 5, 5, 6, 6, 6, 5, 7, 5, 8], [7, 7, 9, 6, 5, 9, 6, 5, 7, 7, 9, 6, 5, 9, 5, 9, 8, 9, 8, 8, 5, 6, 9, 8, 6], [5, 9, 8, 9, 5, 7, 9, 8, 8, 9, 5, 6, 6, 6, 6, 6, 5, 7, 5, 8, 9, 6, 9, 8, 7], [8, 8, 7, 5, 5, 8, 7, 6, 7, 5, 8, 9, 5, 6, 5, 5, 9, 7, 8, 5, 5, 6, 8, 6, 6], [8, 9, 8, 8, 5, 5, 5, 7, 9, 8, 9, 5, 9, 8, 9, 7, 8, 5, 7, 7, 7, 9, 9, 8, 5], [5, 5, 9, 9, 9, 9, 7, 8, 6, 6, 8, 7, 6, 6, 6, 7, 9, 7, 9, 5, 8, 5, 6, 9, 5], [5, 6, 5, 5, 8, 7, 5, 9, 8, 8, 9, 9, 6, 9, 8, 7, 7, 9, 9, 5, 5, 9, 7, 9, 8], [5, 8, 7, 8, 8, 6, 9, 6, 6, 5, 7, 5, 7, 6, 6, 7, 8, 7, 9, 6, 8, 9, 7, 8, 6], [5, 6, 8, 6, 5, 5, 9, 7, 5, 7, 8, 5, 9, 6, 6, 9, 6, 5, 9, 8, 8, 7, 9, 9, 5], [9, 6, 6, 6, 5, 7, 8, 5, 7, 9, 6, 5, 6, 5, 5, 6, 9, 9, 9, 8, 8, 9, 9, 8, 8], [8, 5, 9, 7, 7, 5, 8, 7, 5, 7, 6, 9, 6, 6, 9, 8, 8, 5, 9, 7, 9, 7, 6, 9, 5], [6, 5, 6, 8, 7, 8, 8, 9, 7, 9, 7, 5, 5, 8, 5, 7, 7, 5, 8, 7, 5, 6, 9, 7, 5], [5, 5, 9, 5, 6, 7, 5, 7, 8, 9, 6, 9, 8, 9, 5, 7, 6, 6, 8, 6, 7, 6, 5, 8, 5], [8, 8, 8, 7, 5, 9, 6, 6, 7, 8, 6, 8, 8, 7, 7, 9, 6, 6, 8, 9, 5, 8, 7, 5, 6], [8, 6, 8, 7, 8, 9, 5, 6, 5, 6, 7, 9, 5, 6, 5, 5, 7, 8, 8, 8, 6, 6, 7, 9, 5], [9, 6, 9, 7, 8, 6, 7, 9, 8, 6, 8, 8, 6, 8, 9, 6, 7, 6, 8, 8, 9, 5, 7, 5, 8], [5, 8, 5, 5, 9, 5, 8, 5, 7, 8, 5, 9, 9, 7, 7, 8, 7, 9, 7, 6, 9, 9, 6, 5, 7], [5, 5, 8, 9, 9, 6, 9, 9, 8, 5, 7, 8, 5, 9, 9, 6, 7, 5, 9, 5, 8, 9, 6, 8, 9], [9, 7, 9, 9, 6, 8, 8, 5, 8, 5, 7, 6, 9, 7, 5, 6, 9, 7, 8, 5, 9, 7, 7, 5, 8], [5, 7, 7, 6, 8, 7, 6, 7, 6, 7, 8, 9, 7, 6, 5, 5, 8, 5, 6, 6, 9, 5, 9, 5, 8], [7, 8, 5, 5, 9, 8, 9, 8, 6, 9, 7, 8, 5, 9, 9, 5, 6, 9, 5, 9, 9, 9, 7, 9, 8], [7, 7, 6, 6, 6, 8, 5, 9, 8, 6, 9, 9, 5, 5, 8, 6, 7, 7, 9, 9, 9, 6, 8, 7, 7], [9, 5, 9, 6, 5, 5, 9, 8, 5, 5, 6, 8, 8, 7, 6, 5, 7, 9, 7, 5, 8, 7, 7, 5, 8], [8, 5, 8, 9, 8, 6, 9, 6, 7, 5, 9, 5, 8, 6, 5, 5, 6, 6, 5, 9, 5, 8, 8, 7, 8], [6, 9, 9, 5, 7, 6, 6, 5, 7, 6, 9, 8, 8, 8, 6, 7, 5, 5, 7, 8, 5, 6, 6, 9, 5], [5, 6, 9, 5, 6, 5, 8, 6, 7, 7, 9, 7, 5, 7, 5, 8, 5, 7, 5, 6, 5, 6, 7, 7, 8], [9, 6, 7, 7, 7, 7, 6, 7, 7, 5, 8, 7, 8, 7, 8, 7, 5, 9, 8, 9, 6, 5, 9, 6, 9], [5, 7, 8, 5, 6, 9, 6, 5, 7, 9, 5, 7, 5, 5, 5, 5, 8, 5, 9, 9, 8, 7, 6, 9, 6], [7, 7, 6, 5, 6, 6, 7, 6, 5, 7, 8, 8, 7, 8, 8, 5, 7, 6, 8, 8, 8, 9, 8, 7, 5], [5, 5, 7, 5, 5, 7, 6, 7, 7, 5, 8, 5, 9, 9, 9, 8, 9, 9, 8, 7, 7, 5, 5, 6, 5], [7, 6, 9, 9, 5, 7, 8, 6, 7, 9, 8, 6, 5, 8, 5, 7, 9, 6, 8, 6, 9, 7, 5, 5, 6], [7, 5, 6, 6, 9, 7, 8, 7, 7, 9, 5, 9, 9, 9, 5, 5, 7, 9, 9, 8, 5, 6, 9, 5, 8], [8, 5, 6, 6, 9, 8, 8, 8, 6, 9, 8, 6, 9, 9, 5, 5, 6, 8, 8, 9, 6, 6, 8, 7, 6], [5, 7, 9, 8, 5, 9, 6, 6, 7, 9, 5, 7, 9, 8, 5, 5, 5, 7, 5, 7, 8, 9, 9, 6, 9], [7, 5, 8, 8, 6, 6, 6, 9, 6, 6, 8, 5, 9, 8, 6, 9, 7, 5, 5, 8, 6, 6, 8, 5, 9], [5, 7, 5, 8, 9, 5, 8, 7, 9, 7, 9, 5, 6, 6, 6, 9, 8, 5, 8, 8, 6, 5, 5, 9, 6], [5, 5, 9, 6, 5, 7, 6, 6, 6, 6, 7, 8, 8, 7, 6, 8, 5, 8, 8, 5, 6, 8, 6, 8, 5], [5, 7, 6, 9, 9, 9, 8, 5, 9, 7, 9, 5, 5, 7, 9, 8, 6, 8, 9, 8, 8, 5, 8, 8, 7], [8, 9, 7, 6, 6, 6, 8, 7, 9, 8, 5, 9, 5, 6, 6, 8, 5, 6, 9, 9, 5, 5, 5, 7, 5], [7, 9, 9, 8, 7, 6, 9, 8, 5, 5, 6, 5, 8, 9, 5, 7, 5, 7, 8, 6, 5, 8, 5, 5, 8], [6, 8, 9, 9, 5, 9, 9, 9, 7, 8, 7, 5, 8, 6, 9, 5, 9, 7, 7, 7, 7, 9, 6, 9, 6], [9, 7, 9, 9, 7, 7, 8, 6, 7, 6, 9, 7, 7, 6, 5, 6, 6, 7, 8, 6, 9, 7, 7, 9, 6], [5, 6, 7, 7, 8, 7, 9, 6, 8, 7, 7, 6, 8, 6, 5, 8, 9, 6, 6, 7, 7, 5, 7, 8, 7], [6, 5, 7, 9, 8, 9, 7, 5, 7, 6, 5, 6, 6, 7, 7, 7, 8, 8, 5, 7, 5, 5, 5, 7, 6], [6, 8, 9, 6, 6, 7, 5, 7, 9, 7, 7, 9, 9, 5, 9, 7, 9, 6, 5, 9, 7, 8, 7, 6, 8], [8, 7, 7, 5, 9, 5, 9, 6, 8, 7, 6, 8, 5, 9, 5, 5, 8, 5, 5, 9, 6, 8, 8, 6, 7], [7, 9, 7, 7, 8, 5, 5, 7, 6, 6, 5, 5, 8, 8, 7, 7, 8, 9, 6, 5, 7, 8, 5, 5, 8], [8, 7, 7, 9, 5, 5, 6, 6, 6, 5, 5, 5, 9, 5, 5, 5, 8, 5, 9, 8, 5, 6, 5, 8, 9], [8, 9, 5, 9, 6, 7, 6, 8, 6, 9, 5, 5, 9, 6, 6, 8, 5, 9, 6, 9, 7, 6, 5, 9, 9], [5, 6, 5, 9, 7, 9, 9, 9, 7, 8, 9, 8, 8, 5, 6, 8, 7, 9, 7, 9, 8, 9, 5, 6, 6], [6, 9, 6, 7, 7, 8, 8, 7, 9, 6, 8, 7, 6, 6, 6, 5, 9, 7, 7, 5, 8, 8, 8, 5, 6], [6, 8, 9, 6, 6, 8, 8, 5, 6, 5, 9, 9, 6, 8, 7, 9, 9, 6, 8, 9, 6, 7, 9, 5, 7], [8, 9, 7, 8, 7, 9, 7, 6, 6, 7, 7, 8, 7, 8, 9, 8, 9, 6, 8, 7, 6, 8, 5, 7, 9], [5, 9, 8, 5, 6, 8, 8, 6, 5, 6, 9, 6, 7, 7, 8, 5, 6, 5, 7, 6, 6, 8, 9, 6, 6], [5, 9, 7, 8, 6, 6, 5, 9, 7, 6, 9, 5, 9, 5, 6, 7, 7, 8, 5, 5, 8, 7, 8, 6, 6], [6, 9, 6, 9, 9, 8, 9, 6, 5, 5, 8, 5, 9, 9, 9, 6, 8, 7, 8, 8, 9, 6, 9, 6, 5], [8, 9, 7, 7, 6, 8, 6, 8, 6, 9, 9, 9, 8, 9, 7, 7, 7, 9, 9, 8, 5, 5, 8, 5, 8], [5, 5, 9, 6, 5, 8, 5, 5, 7, 6, 9, 5, 5, 7, 8, 6, 8, 6, 6, 9, 9, 8, 7, 6, 6], [6, 5, 7, 9, 8, 7, 9, 7, 7, 7, 8, 9, 9, 8, 7, 9, 9, 5, 6, 7, 6, 6, 5, 6, 6], [9, 6, 9, 5, 8, 7, 7, 9, 7, 5, 5, 9, 5, 7, 6, 7, 7, 6, 5, 6, 8, 5, 5, 8, 5], [5, 5, 5, 8, 5, 8, 9, 7, 8, 5, 8, 9, 9, 5, 7, 6, 8, 5, 7, 6, 6, 8, 7, 7, 7], [5, 6, 9, 9, 9, 7, 8, 7, 7, 6, 9, 9, 6, 7, 9, 6, 9, 5, 7, 5, 6, 7, 5, 9, 9], [8, 7, 8, 8, 5, 9, 8, 9, 8, 6, 5, 5, 6, 5, 9, 7, 8, 5, 5, 6, 7, 6, 5, 7, 7], [7, 5, 6, 7, 5, 6, 7, 5, 7, 9, 9, 8, 9, 6, 9, 5, 8, 6, 9, 8, 5, 7, 9, 5, 8], [7, 9, 9, 6, 5, 5, 9, 9, 7, 9, 5, 5, 5, 7, 5, 8, 8, 6, 6, 9, 5, 6, 6, 8, 5], [8, 6, 6, 9, 5, 8, 8, 6, 7, 9, 6, 8, 8, 8, 7, 5, 5, 6, 7, 7, 9, 8, 6, 8, 7], [8, 8, 7, 6, 7, 5, 8, 6, 5, 8, 7, 7, 7, 5, 8, 7, 7, 6, 7, 6, 5, 6, 8, 5, 9], [9, 8, 8, 5, 5, 8, 6, 6, 9, 7, 7, 6, 9, 6, 7, 5, 9, 6, 5, 8, 9, 7, 5, 8, 8], [6, 5, 5, 8, 7, 6, 5, 9, 5, 5, 9, 6, 8, 8, 7, 9, 5, 6, 8, 5, 7, 8, 5, 7, 8], [6, 9, 9, 7, 6, 6, 8, 5, 9, 5, 7, 8, 8, 8, 9, 7, 9, 6, 6, 9, 5, 5, 7, 6, 7]]
Demand for each product in each period d: 
[[13, 32, 31, 49, 19, 26, 17, 13, 27, 0, 41, 23, 15, 46, 32, 10, 15, 43, 28, 38, 20, 20, 0, 12, 26], [13, 24, 29, 11, 27, 13, 49, 36, 16, 34, 17, 0, 40, 32, 47, 21, 0, 26, 11, 27, 16, 12, 17, 20, 49], [11, 41, 45, 21, 22, 1, 22, 38, 47, 0, 9, 3, 17, 0, 40, 25, 42, 22, 7, 49, 26, 0, 45, 2, 9], [34, 41, 49, 1, 17, 34, 24, 15, 0, 16, 0, 1, 35, 45, 39, 36, 40, 34, 34, 22, 39, 49, 18, 24, 39], [0, 29, 25, 32, 31, 0, 32, 8, 0, 7, 25, 6, 34, 5, 40, 18, 24, 4, 0, 34, 31, 49, 10, 41, 20], [3, 34, 43, 4, 37, 4, 29, 49, 33, 29, 29, 24, 12, 31, 17, 0, 16, 49, 37, 15, 37, 23, 16, 13, 38], [27, 49, 23, 27, 19, 19, 29, 22, 7, 43, 16, 20, 22, 36, 42, 3, 3, 14, 38, 48, 46, 24, 31, 25, 17], [6, 17, 44, 42, 45, 24, 34, 42, 44, 48, 13, 30, 33, 19, 0, 0, 41, 24, 8, 47, 45, 26, 34, 35, 11], [9, 11, 33, 22, 19, 2, 18, 12, 23, 3, 33, 29, 31, 32, 2, 39, 28, 23, 16, 7, 48, 31, 30, 1, 6], [7, 37, 44, 38, 39, 4, 45, 4, 26, 8, 48, 25, 1, 43, 25, 3, 0, 7, 41, 5, 19, 43, 43, 9, 14], [47, 33, 6, 23, 4, 2, 0, 4, 0, 19, 27, 28, 14, 15, 46, 41, 40, 2, 28, 18, 16, 0, 34, 0, 5], [43, 2, 24, 43, 4, 45, 14, 49, 36, 26, 44, 10, 8, 17, 19, 28, 38, 1, 0, 4, 43, 22, 21, 16, 40], [21, 17, 21, 46, 10, 11, 9, 44, 44, 1, 34, 22, 17, 0, 22, 0, 47, 0, 42, 25, 49, 5, 0, 41, 14], [18, 44, 7, 25, 39, 20, 6, 28, 3, 36, 48, 12, 16, 28, 45, 14, 39, 16, 47, 32, 2, 11, 1, 37, 15], [39, 0, 9, 20, 35, 5, 34, 47, 48, 31, 29, 0, 32, 29, 30, 3, 39, 0, 39, 46, 18, 20, 17, 0, 46], [22, 27, 27, 4, 0, 6, 21, 0, 3, 1, 28, 4, 10, 12, 15, 0, 20, 26, 0, 15, 22, 2, 5, 18, 10], [8, 9, 8, 4, 27, 16, 21, 27, 0, 29, 1, 4, 1, 17, 17, 0, 13, 21, 0, 22, 28, 15, 19, 22, 20], [27, 1, 21, 0, 22, 18, 0, 7, 21, 6, 7, 17, 14, 27, 2, 4, 6, 22, 19, 0, 23, 0, 23, 14, 26], [5, 16, 2, 0, 10, 8, 9, 5, 29, 22, 7, 2, 23, 26, 0, 12, 0, 25, 0, 28, 0, 4, 17, 27, 16], [15, 29, 13, 10, 0, 29, 6, 15, 20, 8, 27, 18, 0, 0, 0, 13, 23, 29, 28, 27, 28, 27, 20, 2, 14], [12, 21, 0, 14, 4, 18, 12, 4, 14, 13, 2, 2, 10, 8, 13, 13, 12, 27, 16, 18, 4, 1, 25, 11, 16], [16, 1, 29, 16, 3, 25, 3, 19, 0, 28, 1, 26, 24, 7, 0, 3, 9, 7, 4, 24, 28, 20, 1, 9, 20], [13, 10, 24, 20, 7, 28, 27, 10, 3, 5, 22, 7, 6, 12, 26, 0, 2, 18, 2, 20, 10, 26, 28, 14, 9], [20, 4, 4, 26, 27, 19, 4, 23, 11, 2, 13, 15, 7, 8, 25, 26, 9, 20, 18, 0, 23, 0, 19, 4, 19], [0, 26, 29, 15, 24, 2, 3, 20, 17, 0, 22, 14, 25, 3, 3, 16, 19, 0, 1, 0, 16, 27, 15, 12, 25], [19, 15, 21, 12, 28, 10, 22, 20, 25, 22, 13, 28, 9, 2, 3, 5, 17, 7, 15, 16, 14, 1, 0, 0, 20], [14, 17, 20, 21, 22, 10, 0, 10, 15, 0, 0, 8, 8, 13, 3, 28, 22, 8, 6, 24, 25, 20, 11, 26, 15], [7, 29, 15, 0, 19, 18, 6, 5, 28, 18, 14, 5, 7, 17, 0, 24, 5, 27, 12, 26, 24, 0, 13, 1, 12], [7, 7, 1, 7, 3, 19, 22, 27, 18, 10, 8, 10, 17, 20, 17, 12, 22, 4, 0, 6, 13, 0, 0, 13, 25], [25, 24, 12, 18, 0, 17, 1, 3, 22, 4, 0, 6, 7, 20, 13, 16, 22, 14, 13, 23, 13, 0, 16, 16, 0], [5, 1, 16, 2, 10, 23, 0, 28, 24, 5, 0, 22, 5, 13, 14, 3, 20, 15, 26, 4, 14, 13, 15, 7, 0], [19, 21, 22, 0, 21, 13, 0, 18, 4, 6, 16, 6, 21, 17, 25, 15, 29, 28, 27, 28, 15, 14, 0, 1, 0], [9, 26, 4, 13, 21, 26, 14, 0, 6, 5, 16, 6, 13, 21, 29, 11, 7, 11, 16, 27, 5, 5, 22, 24, 25], [21, 29, 13, 10, 1, 24, 14, 10, 2, 18, 29, 13, 8, 15, 18, 27, 27, 12, 12, 2, 1, 9, 21, 27, 28], [5, 15, 17, 2, 24, 9, 0, 6, 21, 1, 27, 0, 18, 2, 5, 17, 9, 15, 26, 22, 3, 16, 17, 24, 26], [23, 6, 24, 11, 18, 22, 26, 14, 0, 26, 28, 4, 4, 17, 28, 1, 11, 1, 18, 11, 8, 17, 14, 28, 29], [4, 15, 0, 11, 20, 12, 0, 0, 5, 5, 29, 27, 21, 10, 26, 0, 3, 22, 27, 24, 5, 19, 21, 13, 6], [19, 15, 27, 27, 27, 2, 9, 1, 5, 8, 3, 9, 8, 0, 0, 16, 23, 1, 0, 6, 20, 11, 22, 8, 24], [14, 14, 21, 16, 9, 6, 28, 17, 6, 8, 9, 26, 16, 5, 8, 28, 19, 11, 7, 5, 19, 6, 13, 12, 21], [18, 19, 2, 0, 6, 0, 28, 11, 14, 11, 5, 0, 18, 12, 12, 4, 27, 0, 14, 28, 18, 8, 14, 20, 21], [6, 9, 0, 0, 2, 4, 2, 2, 4, 8, 2, 9, 1, 0, 5, 8, 6, 0, 0, 7, 9, 7, 5, 7, 2], [6, 7, 7, 7, 3, 0, 8, 4, 3, 5, 4, 2, 9, 8, 6, 9, 7, 1, 0, 1, 6, 6, 4, 8, 6], [3, 3, 2, 5, 3, 2, 1, 9, 4, 3, 2, 7, 8, 0, 4, 7, 1, 6, 1, 7, 4, 3, 1, 4, 8], [9, 2, 0, 8, 6, 6, 5, 8, 7, 9, 3, 0, 2, 5, 5, 1, 2, 2, 5, 2, 9, 4, 3, 3, 2], [0, 7, 4, 2, 5, 2, 6, 5, 0, 3, 0, 0, 3, 3, 1, 8, 9, 7, 3, 2, 2, 7, 5, 4, 1], [3, 0, 1, 5, 5, 2, 7, 5, 3, 6, 8, 9, 5, 4, 4, 5, 1, 8, 9, 0, 6, 0, 9, 4, 6], [4, 6, 4, 2, 5, 9, 8, 1, 8, 6, 5, 2, 1, 6, 2, 2, 9, 3, 9, 4, 9, 3, 0, 7, 3], [3, 2, 0, 2, 7, 1, 3, 3, 7, 8, 1, 6, 6, 6, 8, 2, 9, 2, 2, 1, 4, 3, 1, 8, 4], [7, 7, 6, 0, 4, 7, 2, 5, 9, 1, 5, 5, 0, 8, 2, 6, 6, 2, 2, 6, 9, 6, 9, 0, 6], [7, 1, 4, 1, 9, 3, 7, 2, 6, 7, 8, 8, 2, 2, 8, 0, 0, 8, 0, 0, 4, 0, 2, 4, 0], [6, 0, 0, 2, 6, 5, 6, 2, 1, 6, 4, 5, 9, 0, 0, 1, 1, 4, 1, 8, 4, 0, 5, 9, 5], [1, 5, 6, 8, 1, 7, 1, 7, 7, 0, 7, 0, 1, 1, 1, 3, 3, 8, 9, 7, 0, 3, 7, 5, 3], [8, 2, 6, 6, 7, 8, 7, 6, 1, 6, 0, 0, 9, 6, 2, 8, 3, 7, 4, 3, 7, 0, 0, 7, 5], [1, 2, 4, 5, 0, 0, 6, 5, 8, 7, 9, 5, 3, 0, 6, 4, 3, 0, 9, 1, 3, 9, 2, 0, 5], [6, 3, 2, 7, 2, 5, 8, 4, 3, 2, 2, 0, 2, 7, 0, 0, 4, 0, 1, 2, 3, 6, 6, 3, 0], [2, 5, 9, 1, 9, 8, 0, 5, 2, 8, 5, 6, 3, 8, 0, 8, 7, 1, 0, 9, 8, 0, 8, 2, 6], [4, 6, 2, 7, 1, 0, 7, 9, 3, 5, 6, 8, 4, 3, 9, 9, 1, 4, 9, 5, 3, 0, 1, 1, 5], [8, 7, 0, 0, 1, 0, 7, 7, 0, 3, 6, 7, 3, 2, 4, 4, 6, 9, 2, 3, 3, 0, 6, 0, 8], [8, 8, 2, 3, 0, 5, 4, 0, 6, 8, 2, 6, 9, 0, 2, 2, 9, 0, 6, 0, 0, 8, 2, 8, 6], [0, 8, 5, 6, 8, 5, 7, 4, 7, 4, 2, 7, 9, 9, 5, 5, 6, 0, 7, 3, 0, 5, 2, 8, 4], [9, 2, 5, 5, 5, 2, 0, 2, 1, 7, 7, 0, 0, 6, 1, 0, 8, 3, 0, 3, 4, 0, 5, 2, 0], [5, 7, 6, 7, 5, 8, 3, 7, 6, 6, 3, 0, 0, 3, 9, 2, 3, 0, 4, 2, 7, 2, 9, 6, 4], [2, 1, 7, 2, 7, 1, 7, 9, 7, 1, 6, 0, 4, 0, 5, 1, 4, 3, 0, 3, 2, 1, 5, 6, 8], [4, 0, 0, 3, 1, 0, 0, 3, 7, 2, 7, 3, 6, 8, 1, 5, 2, 0, 3, 3, 9, 1, 4, 8, 8], [5, 9, 4, 9, 6, 2, 2, 9, 9, 1, 6, 6, 5, 3, 1, 1, 6, 3, 5, 2, 8, 1, 6, 9, 9], [6, 1, 2, 0, 8, 0, 0, 4, 9, 6, 9, 2, 8, 2, 6, 4, 7, 5, 6, 2, 4, 2, 1, 5, 7], [4, 3, 6, 8, 7, 3, 0, 5, 9, 4, 9, 3, 1, 0, 0, 4, 3, 6, 6, 7, 0, 4, 5, 4, 5], [2, 6, 3, 5, 9, 8, 0, 7, 8, 0, 0, 4, 6, 1, 2, 6, 2, 5, 8, 5, 1, 5, 0, 2, 5], [1, 0, 5, 5, 9, 8, 4, 7, 2, 4, 6, 3, 4, 9, 0, 1, 5, 8, 2, 0, 2, 7, 8, 5, 4], [6, 9, 0, 7, 0, 4, 4, 2, 1, 6, 5, 6, 7, 0, 8, 3, 7, 0, 1, 8, 8, 4, 6, 1, 8], [3, 9, 1, 5, 2, 5, 1, 9, 0, 6, 4, 5, 3, 9, 3, 5, 6, 0, 8, 1, 9, 2, 5, 8, 9], [6, 3, 0, 6, 6, 5, 4, 0, 0, 7, 4, 4, 9, 3, 1, 8, 4, 9, 1, 7, 8, 5, 9, 2, 0], [5, 1, 0, 1, 9, 8, 0, 9, 4, 9, 9, 0, 1, 7, 8, 7, 0, 0, 4, 9, 4, 8, 3, 2, 7], [7, 4, 5, 0, 5, 0, 4, 0, 3, 7, 6, 0, 9, 0, 3, 7, 6, 2, 4, 5, 2, 1, 2, 5, 2], [4, 0, 2, 2, 7, 8, 2, 7, 9, 7, 1, 0, 1, 8, 9, 7, 1, 8, 0, 6, 4, 8, 8, 0, 8], [7, 2, 1, 2, 5, 7, 7, 1, 2, 8, 9, 6, 7, 9, 5, 9, 9, 8, 7, 7, 2, 0, 4, 6, 9], [7, 8, 3, 7, 7, 8, 5, 2, 4, 7, 1, 3, 5, 4, 0, 4, 2, 3, 6, 8, 6, 3, 2, 5, 5], [0, 0, 5, 0, 0, 6, 9, 3, 0, 0, 6, 1, 1, 5, 5, 5, 3, 6, 4, 0, 6, 2, 0, 1, 4], [5, 8, 2, 8, 5, 8, 1, 6, 2, 2, 5, 2, 3, 0, 0, 5, 6, 0, 5, 2, 1, 7, 3, 8, 5], [2, 0, 0, 1, 0, 3, 6, 6, 8, 3, 3, 2, 5, 2, 6, 2, 8, 7, 0, 7, 0, 7, 3, 7, 2], [4, 8, 5, 1, 0, 4, 7, 8, 8, 7, 0, 9, 6, 0, 8, 6, 8, 5, 2, 5, 0, 8, 3, 6, 8], [3, 1, 2, 8, 4, 1, 3, 8, 4, 3, 0, 8, 9, 6, 2, 5, 4, 0, 9, 4, 0, 9, 0, 9, 5], [0, 5, 5, 1, 7, 4, 2, 4, 9, 2, 9, 0, 6, 3, 7, 2, 4, 7, 3, 0, 1, 6, 2, 4, 6], [0, 1, 6, 5, 7, 1, 0, 7, 6, 3, 0, 5, 8, 1, 4, 6, 8, 5, 3, 2, 7, 0, 0, 0, 7], [5, 6, 5, 2, 6, 1, 8, 1, 0, 2, 3, 9, 5, 3, 6, 8, 4, 7, 4, 9, 8, 2, 6, 7, 0], [9, 4, 5, 4, 2, 0, 7, 7, 2, 7, 3, 8, 8, 0, 3, 4, 6, 3, 8, 4, 0, 1, 5, 5, 0], [2, 2, 0, 6, 2, 5, 1, 9, 5, 7, 8, 9, 5, 4, 0, 7, 1, 6, 0, 3, 1, 5, 1, 3, 7], [3, 0, 0, 9, 1, 4, 8, 2, 1, 5, 5, 0, 9, 0, 7, 0, 2, 0, 7, 8, 0, 8, 1, 0, 7], [6, 0, 4, 7, 1, 8, 1, 0, 6, 1, 4, 7, 0, 7, 7, 8, 0, 0, 1, 9, 7, 2, 0, 9, 5], [4, 3, 0, 1, 8, 7, 3, 1, 1, 9, 6, 7, 8, 3, 7, 1, 6, 3, 3, 1, 7, 1, 5, 6, 9], [1, 8, 8, 2, 9, 2, 4, 4, 6, 2, 4, 8, 7, 3, 7, 0, 1, 8, 7, 0, 8, 0, 5, 7, 9], [1, 5, 7, 8, 7, 0, 1, 7, 7, 0, 8, 3, 0, 0, 8, 5, 9, 0, 7, 0, 0, 7, 3, 3, 2], [9, 0, 0, 2, 9, 3, 2, 9, 5, 3, 9, 2, 0, 2, 6, 7, 7, 5, 5, 4, 4, 7, 0, 3, 3], [4, 3, 0, 6, 6, 5, 1, 2, 2, 4, 9, 7, 9, 5, 9, 5, 3, 3, 0, 0, 0, 4, 0, 1, 8], [8, 6, 9, 7, 5, 8, 0, 2, 0, 0, 9, 0, 0, 8, 4, 9, 8, 3, 2, 7, 1, 8, 6, 6, 6], [2, 1, 9, 3, 4, 3, 4, 7, 5, 9, 4, 7, 8, 0, 6, 2, 8, 9, 4, 2, 2, 9, 9, 0, 6], [1, 5, 0, 6, 3, 5, 5, 3, 7, 5, 0, 5, 7, 3, 0, 6, 2, 6, 1, 5, 3, 8, 1, 1, 2], [6, 9, 7, 5, 0, 0, 3, 3, 0, 0, 3, 9, 2, 1, 8, 3, 9, 7, 7, 0, 8, 0, 4, 9, 3], [3, 9, 0, 5, 1, 1, 5, 0, 8, 7, 6, 2, 5, 8, 6, 1, 9, 9, 1, 4, 9, 9, 4, 9, 4], [4, 1, 6, 1, 2, 7, 9, 4, 5, 0, 7, 6, 2, 0, 3, 9, 3, 7, 1, 0, 9, 9, 0, 4, 1]]
Maintenance cost in each period m: 
[12485, 11762, 9418, 8633, 10836, 12196, 9634, 11548, 11490, 10540, 12318, 10379, 11452, 9952, 9535, 11321, 10889, 9672, 9335, 11486, 8826, 12348, 11230, 8740, 11503]
Maximum capacity of the machine cmax: 
4800