Set of periods in the planning horizon T: 
5
Set of products P: 
50
Capacity reduction coefficient alpha: 
0.8
Relative decrease of capacity per set up gamma: 
0.35
Capacity reduction coefficient due to product types beta: 
[0.26, 0.27, 0.35, 0.21, 0.26, 0.23, 0.29, 0.35, 0.3, 0.23, 0.25, 0.38, 0.25, 0.38, 0.35, 0.23, 0.2, 0.2, 0.27, 0.29, 0.32, 0.33, 0.24, 0.21, 0.28, 0.38, 0.22, 0.38, 0.39, 0.21, 0.2, 0.37, 0.36, 0.37, 0.2, 0.33, 0.28, 0.26, 0.27, 0.36, 0.35, 0.21, 0.32, 0.35, 0.22, 0.35, 0.23, 0.25, 0.39, 0.39]
Fixed production cost of each product in each period f: 
[[882, 771, 944, 640, 720], [883, 899, 734, 713, 987], [785, 526, 717, 858, 883], [951, 540, 833, 831, 523], [623, 516, 763, 708, 957], [503, 852, 661, 979, 549], [787, 726, 915, 502, 781], [938, 926, 581, 766, 791], [521, 931, 847, 520, 770], [591, 975, 607, 963, 793], [815, 887, 937, 575, 525], [849, 802, 658, 803, 880], [664, 719, 672, 619, 865], [544, 862, 567, 601, 755], [839, 765, 538, 799, 761], [661, 543, 529, 848, 950], [515, 870, 560, 917, 766], [923, 628, 515, 779, 772], [611, 667, 881, 605, 917], [519, 908, 697, 506, 897], [770, 821, 764, 838, 965], [994, 926, 896, 725, 936], [591, 870, 510, 682, 970], [793, 850, 905, 719, 784], [988, 897, 871, 789, 520], [878, 808, 610, 675, 573], [714, 867, 556, 570, 955], [967, 835, 894, 809, 686], [686, 861, 735, 615, 965], [951, 627, 938, 851, 752], [917, 781, 778, 948, 635], [958, 734, 832, 887, 511], [622, 748, 667, 746, 854], [530, 607, 548, 639, 949], [515, 645, 850, 690, 622], [769, 953, 642, 883, 836], [697, 902, 763, 567, 519], [953, 574, 655, 749, 794], [554, 683, 716, 953, 648], [547, 673, 689, 513, 718], [820, 715, 578, 597, 617], [504, 971, 981, 598, 978], [788, 993, 769, 606, 605], [987, 910, 702, 729, 721], [611, 717, 988, 583, 511], [926, 791, 575, 523, 977], [522, 939, 993, 665, 517], [758, 950, 512, 666, 602], [722, 585, 603, 758, 727], [651, 659, 720, 746, 821]]
Variable production cost per unit of each product in each period p: 
[[12, 12, 12, 13, 11], [11, 10, 12, 10, 10], [10, 13, 10, 13, 10], [12, 11, 10, 10, 12], [11, 13, 13, 12, 13], [12, 12, 10, 13, 13], [12, 10, 12, 10, 12], [11, 13, 11, 11, 11], [10, 13, 10, 10, 10], [11, 11, 10, 10, 10], [10, 12, 10, 12, 11], [10, 11, 12, 12, 12], [10, 12, 10, 13, 10], [13, 12, 10, 13, 11], [10, 12, 10, 13, 10], [13, 11, 11, 13, 13], [10, 11, 13, 10, 10], [12, 13, 10, 13, 11], [10, 11, 13, 10, 10], [11, 13, 13, 12, 10], [11, 11, 12, 11, 11], [12, 13, 12, 11, 10], [10, 10, 12, 11, 12], [13, 12, 12, 13, 12], [11, 13, 13, 12, 13], [12, 13, 13, 12, 13], [10, 10, 12, 10, 12], [13, 10, 13, 11, 13], [12, 13, 11, 11, 12], [12, 11, 11, 12, 13], [13, 11, 13, 12, 13], [13, 10, 12, 12, 10], [11, 12, 10, 12, 12], [11, 12, 13, 13, 11], [13, 13, 12, 12, 12], [11, 13, 10, 12, 13], [13, 12, 13, 13, 10], [13, 11, 12, 10, 12], [12, 12, 13, 11, 13], [12, 12, 10, 12, 10], [12, 11, 12, 13, 10], [10, 11, 11, 11, 12], [13, 12, 11, 12, 12], [13, 13, 11, 12, 12], [11, 12, 10, 11, 13], [13, 10, 13, 10, 11], [10, 11, 13, 12, 10], [13, 11, 10, 10, 12], [13, 10, 12, 11, 11], [10, 13, 13, 11, 13]]
Inventory holding cost per unit of each product by the end of each period h: 
[[5, 9, 8, 9, 9], [8, 5, 7, 8, 8], [8, 5, 9, 7, 7], [6, 8, 7, 7, 5], [9, 5, 5, 8, 5], [5, 9, 9, 7, 9], [9, 8, 8, 5, 8], [7, 7, 5, 5, 5], [6, 6, 6, 7, 8], [8, 8, 8, 7, 6], [6, 5, 5, 6, 7], [7, 6, 7, 9, 6], [7, 7, 9, 5, 7], [8, 5, 6, 7, 5], [7, 5, 8, 6, 7], [9, 6, 9, 6, 6], [6, 5, 7, 7, 8], [5, 7, 7, 9, 6], [7, 6, 8, 6, 8], [5, 6, 5, 8, 8], [9, 7, 6, 8, 7], [6, 6, 6, 6, 9], [9, 8, 7, 7, 5], [9, 8, 7, 5, 7], [5, 5, 6, 9, 9], [6, 9, 8, 6, 7], [8, 9, 5, 8, 7], [6, 7, 8, 6, 7], [9, 6, 6, 7, 6], [5, 8, 5, 7, 6], [7, 7, 7, 6, 5], [6, 9, 9, 6, 9], [9, 7, 5, 7, 8], [8, 5, 6, 5, 7], [5, 7, 6, 6, 5], [9, 8, 9, 5, 7], [6, 8, 8, 7, 9], [7, 9, 9, 6, 5], [9, 5, 8, 7, 7], [9, 8, 8, 6, 8], [9, 7, 8, 8, 7], [6, 6, 7, 6, 7], [6, 7, 6, 7, 9], [9, 9, 8, 6, 8], [6, 5, 6, 8, 7], [6, 7, 8, 8, 7], [6, 7, 7, 9, 8], [7, 8, 8, 8, 6], [6, 7, 9, 8, 5], [6, 8, 5, 8, 5]]
Demand for each product in each period d: 
[[27, 0, 12, 15, 4], [9, 25, 25, 0, 37], [0, 38, 42, 49, 14], [37, 27, 30, 21, 28], [0, 0, 9, 21, 31], [34, 17, 44, 19, 30], [11, 0, 39, 41, 15], [27, 27, 9, 0, 7], [25, 19, 4, 21, 16], [19, 0, 6, 17, 4], [1, 15, 23, 5, 10], [9, 13, 25, 2, 4], [20, 23, 23, 23, 0], [16, 14, 15, 16, 14], [6, 0, 5, 0, 28], [8, 28, 22, 21, 11], [27, 15, 5, 22, 17], [13, 0, 0, 16, 12], [27, 1, 7, 22, 8], [0, 7, 3, 5, 6], [8, 8, 9, 6, 8], [4, 8, 1, 0, 3], [0, 3, 9, 4, 4], [6, 2, 0, 3, 5], [2, 5, 9, 2, 5], [0, 5, 2, 5, 0], [2, 5, 9, 3, 4], [7, 8, 5, 4, 7], [2, 4, 0, 2, 8], [3, 4, 0, 1, 9], [8, 4, 3, 2, 0], [1, 5, 0, 8, 4], [0, 3, 8, 7, 3], [5, 0, 1, 0, 1], [8, 1, 5, 6, 9], [0, 1, 9, 7, 2], [9, 4, 6, 6, 1], [9, 2, 6, 7, 0], [9, 4, 1, 7, 8], [7, 5, 5, 0, 9], [8, 7, 8, 4, 1], [9, 3, 4, 3, 3], [0, 3, 4, 4, 1], [0, 8, 1, 4, 7], [8, 3, 7, 1, 7], [8, 8, 3, 4, 2], [4, 0, 4, 0, 0], [6, 2, 6, 5, 3], [1, 3, 8, 1, 8], [4, 7, 0, 0, 6]]
Maintenance cost in each period m: 
[1940, 2618, 3811, 4806, 4436]
Maximum capacity of the machine cmax: 
2350