Set of periods in the planning horizon T: 
10
Set of products P: 
20
Capacity reduction coefficient alpha: 
0.8
Relative decrease of capacity per set up gamma: 
0.38
Capacity reduction coefficient due to product types beta: 
[0.25, 0.22, 0.34, 0.27, 0.29, 0.31, 0.37, 0.22, 0.27, 0.35, 0.38, 0.38, 0.22, 0.37, 0.34, 0.24, 0.37, 0.28, 0.22, 0.34]
Fixed production cost of each product in each period f: 
[[679, 838, 891, 817, 934, 554, 980, 513, 681, 519], [920, 943, 919, 676, 641, 943, 635, 959, 793, 589], [873, 874, 959, 857, 600, 829, 938, 916, 627, 570], [829, 998, 888, 885, 834, 863, 974, 642, 515, 768], [603, 633, 935, 993, 636, 941, 553, 581, 838, 827], [547, 799, 553, 713, 923, 541, 963, 844, 843, 969], [999, 813, 794, 938, 900, 957, 652, 731, 751, 769], [814, 710, 634, 806, 760, 576, 896, 922, 754, 934], [856, 937, 734, 768, 820, 879, 910, 873, 815, 984], [562, 805, 578, 933, 615, 722, 615, 851, 843, 644], [819, 928, 949, 742, 628, 565, 732, 785, 879, 523], [715, 771, 954, 968, 564, 639, 630, 831, 743, 925], [909, 685, 807, 990, 648, 503, 711, 863, 895, 977], [749, 825, 682, 594, 656, 752, 845, 877, 898, 588], [773, 612, 517, 838, 688, 750, 567, 727, 516, 885], [537, 740, 509, 569, 765, 845, 575, 720, 529, 620], [929, 629, 858, 670, 894, 736, 781, 644, 792, 636], [529, 802, 736, 713, 746, 747, 588, 811, 647, 681], [595, 559, 988, 769, 972, 903, 988, 713, 894, 585], [796, 525, 967, 793, 530, 687, 973, 630, 870, 580]]
Variable production cost per unit of each product in each period p: 
[[10, 13, 10, 12, 13, 11, 11, 11, 13, 11], [12, 13, 12, 10, 13, 12, 11, 13, 12, 13], [13, 10, 11, 13, 13, 13, 12, 13, 12, 10], [13, 11, 10, 13, 11, 11, 10, 10, 12, 10], [11, 10, 12, 11, 10, 11, 11, 11, 11, 12], [12, 10, 12, 12, 11, 11, 10, 13, 10, 12], [12, 13, 10, 10, 11, 11, 10, 12, 12, 12], [11, 12, 12, 11, 12, 12, 12, 12, 10, 12], [12, 11, 10, 11, 10, 11, 12, 12, 12, 10], [13, 13, 10, 11, 12, 13, 12, 11, 10, 10], [12, 10, 12, 12, 13, 11, 13, 13, 10, 12], [10, 10, 13, 10, 13, 13, 13, 10, 13, 12], [11, 11, 13, 11, 12, 10, 10, 10, 11, 12], [13, 10, 13, 12, 11, 10, 12, 10, 13, 11], [12, 13, 13, 10, 12, 10, 12, 10, 12, 13], [12, 13, 13, 10, 10, 11, 10, 10, 10, 10], [12, 11, 11, 12, 10, 11, 12, 12, 12, 10], [10, 13, 13, 12, 12, 10, 11, 10, 11, 12], [10, 12, 13, 12, 13, 11, 10, 12, 13, 13], [10, 10, 13, 11, 13, 10, 10, 13, 11, 11]]
Inventory holding cost per unit of each product by the end of each period h: 
[[5, 7, 6, 7, 6, 8, 5, 5, 5, 5], [7, 5, 8, 5, 6, 9, 8, 7, 7, 8], [6, 7, 5, 8, 6, 7, 5, 7, 7, 5], [5, 7, 8, 5, 6, 9, 6, 5, 5, 6], [7, 5, 5, 7, 9, 5, 6, 6, 6, 6], [7, 8, 8, 6, 6, 6, 8, 9, 8, 6], [8, 9, 5, 6, 6, 5, 7, 6, 8, 7], [5, 8, 5, 9, 9, 7, 7, 8, 8, 6], [8, 8, 8, 7, 5, 6, 7, 6, 5, 7], [8, 9, 9, 7, 5, 9, 5, 8, 6, 8], [5, 5, 6, 5, 5, 5, 7, 8, 6, 5], [8, 7, 6, 5, 9, 5, 6, 7, 6, 9], [5, 5, 8, 7, 7, 9, 6, 9, 5, 7], [8, 5, 8, 6, 8, 6, 9, 8, 9, 7], [5, 7, 7, 5, 7, 6, 9, 6, 8, 5], [5, 7, 8, 8, 7, 5, 5, 8, 8, 6], [7, 6, 5, 9, 7, 6, 5, 5, 9, 8], [6, 5, 7, 8, 5, 8, 7, 6, 6, 9], [9, 9, 9, 7, 8, 5, 5, 8, 9, 7], [7, 7, 7, 7, 6, 5, 8, 9, 9, 7]]
Demand for each product in each period d: 
[[19, 38, 16, 0, 35, 46, 40, 13, 17, 10], [22, 6, 6, 15, 12, 38, 9, 25, 38, 20], [8, 38, 20, 8, 12, 14, 2, 31, 15, 16], [2, 22, 5, 29, 8, 24, 27, 5, 24, 1], [11, 11, 16, 3, 22, 29, 17, 25, 26, 28], [22, 26, 18, 9, 0, 3, 0, 12, 25, 16], [5, 12, 24, 20, 22, 12, 9, 14, 1, 0], [0, 29, 23, 21, 11, 29, 8, 6, 14, 26], [2, 3, 8, 3, 1, 8, 5, 1, 3, 9], [5, 7, 7, 9, 9, 7, 1, 5, 0, 2], [6, 6, 7, 9, 5, 9, 7, 4, 4, 5], [6, 0, 7, 1, 4, 1, 7, 5, 9, 7], [1, 4, 0, 2, 6, 5, 0, 0, 6, 3], [0, 4, 8, 2, 0, 8, 4, 3, 7, 1], [1, 7, 0, 0, 0, 1, 0, 3, 9, 4], [3, 6, 1, 8, 5, 1, 6, 2, 3, 0], [0, 9, 0, 0, 2, 8, 2, 6, 0, 6], [7, 7, 2, 8, 9, 5, 0, 0, 7, 5], [0, 9, 4, 9, 0, 6, 1, 3, 6, 6], [5, 8, 7, 0, 0, 5, 5, 0, 7, 7]]
Maintenance cost in each period m: 
[3767, 1628, 2556, 5565, 2178, 3054, 2879, 3374, 3459, 4467]
Maximum capacity of the machine cmax: 
880