Set of periods in the planning horizon T: 
25
Set of products P: 
20
Capacity reduction coefficient alpha: 
0.8
Relative decrease of capacity per set up gamma: 
0.26
Capacity reduction coefficient due to product types beta: 
[0.33, 0.29, 0.25, 0.21, 0.22, 0.24, 0.21, 0.29, 0.35, 0.24, 0.33, 0.26, 0.2, 0.28, 0.25, 0.39, 0.3, 0.22, 0.32, 0.35]
Fixed production cost of each product in each period f: 
[[531, 505, 726, 941, 722, 804, 833, 613, 673, 553, 963, 918, 524, 940, 966, 968, 754, 859, 717, 782, 547, 930, 804, 681, 563], [569, 978, 777, 679, 873, 532, 827, 648, 950, 795, 585, 756, 652, 604, 890, 627, 801, 888, 756, 688, 829, 821, 660, 752, 752], [916, 733, 696, 903, 699, 889, 648, 673, 827, 818, 869, 732, 817, 805, 529, 964, 958, 910, 540, 995, 626, 899, 995, 762, 951], [550, 944, 946, 893, 895, 881, 655, 936, 945, 868, 772, 854, 781, 734, 652, 832, 737, 794, 504, 524, 518, 786, 555, 710, 814], [796, 887, 980, 703, 529, 797, 531, 656, 582, 547, 970, 793, 747, 861, 729, 788, 586, 661, 786, 674, 616, 650, 807, 765, 679], [811, 809, 511, 800, 609, 673, 782, 628, 879, 753, 823, 620, 812, 941, 711, 522, 501, 795, 678, 632, 990, 566, 511, 929, 794], [569, 969, 628, 886, 818, 612, 926, 501, 872, 884, 916, 776, 731, 809, 762, 779, 737, 655, 841, 943, 602, 965, 577, 990, 743], [947, 536, 763, 668, 906, 519, 860, 626, 718, 793, 747, 688, 729, 704, 922, 525, 886, 653, 785, 697, 531, 552, 957, 765, 741], [802, 612, 984, 998, 852, 704, 914, 998, 867, 538, 584, 690, 903, 613, 996, 865, 619, 706, 767, 905, 973, 896, 950, 866, 626], [626, 662, 880, 872, 901, 946, 685, 930, 920, 755, 788, 556, 567, 695, 603, 612, 724, 700, 563, 661, 817, 850, 839, 807, 873], [911, 682, 700, 811, 870, 670, 900, 831, 828, 584, 866, 753, 512, 867, 964, 811, 560, 861, 809, 914, 902, 620, 931, 674, 673], [844, 516, 904, 910, 605, 609, 611, 850, 610, 685, 714, 801, 525, 906, 722, 942, 546, 991, 812, 933, 741, 939, 849, 847, 509], [943, 565, 657, 639, 675, 794, 926, 832, 780, 558, 905, 840, 937, 729, 621, 522, 969, 796, 559, 572, 587, 889, 766, 660, 802], [551, 997, 764, 528, 632, 522, 526, 783, 990, 997, 713, 573, 999, 731, 705, 766, 560, 881, 508, 653, 669, 973, 833, 602, 538], [871, 708, 940, 532, 685, 573, 730, 704, 570, 649, 686, 629, 892, 793, 597, 978, 953, 834, 872, 621, 851, 605, 599, 769, 888], [522, 593, 608, 977, 710, 601, 862, 825, 608, 908, 829, 825, 746, 890, 980, 530, 869, 936, 944, 734, 950, 836, 974, 868, 889], [877, 856, 682, 844, 992, 749, 660, 867, 977, 720, 624, 715, 882, 938, 692, 817, 687, 790, 511, 608, 929, 664, 876, 771, 912], [632, 666, 882, 666, 962, 954, 799, 652, 986, 534, 811, 931, 585, 755, 675, 769, 934, 551, 859, 652, 624, 691, 644, 575, 609], [857, 958, 948, 792, 828, 879, 740, 615, 504, 817, 619, 626, 617, 750, 514, 772, 746, 840, 817, 925, 977, 749, 843, 839, 767], [627, 878, 626, 698, 630, 612, 680, 579, 838, 730, 678, 829, 738, 902, 718, 650, 738, 681, 726, 971, 562, 734, 663, 589, 550]]
Variable production cost per unit of each product in each period p: 
[[11, 13, 12, 11, 13, 11, 11, 13, 13, 13, 12, 10, 11, 13, 11, 10, 12, 12, 13, 13, 13, 11, 10, 10, 12], [11, 10, 10, 12, 12, 12, 10, 11, 13, 13, 11, 10, 12, 13, 12, 11, 10, 12, 10, 10, 12, 13, 10, 13, 12], [12, 13, 11, 13, 10, 12, 11, 12, 10, 11, 11, 11, 11, 11, 12, 13, 10, 12, 12, 13, 12, 13, 11, 12, 11], [10, 13, 13, 10, 13, 12, 12, 12, 11, 12, 11, 13, 11, 12, 11, 10, 13, 13, 12, 10, 11, 11, 13, 13, 10], [10, 11, 13, 11, 11, 13, 11, 13, 12, 13, 10, 11, 13, 13, 11, 11, 11, 11, 13, 10, 11, 12, 12, 11, 12], [11, 12, 10, 11, 10, 11, 10, 11, 11, 11, 13, 12, 10, 12, 12, 11, 11, 13, 11, 12, 13, 12, 12, 12, 12], [12, 10, 10, 12, 10, 10, 11, 10, 12, 10, 10, 13, 13, 10, 10, 13, 10, 13, 13, 11, 13, 10, 10, 11, 11], [12, 12, 10, 13, 10, 11, 10, 11, 12, 13, 12, 10, 10, 11, 10, 12, 12, 11, 13, 12, 11, 13, 11, 10, 13], [11, 10, 10, 13, 13, 11, 11, 12, 13, 12, 13, 11, 12, 13, 10, 13, 12, 13, 12, 10, 13, 11, 11, 11, 11], [10, 13, 10, 11, 12, 10, 11, 13, 10, 11, 10, 10, 12, 13, 10, 12, 10, 13, 11, 10, 13, 13, 10, 12, 10], [11, 11, 12, 12, 12, 12, 12, 13, 13, 11, 11, 10, 13, 12, 13, 11, 10, 13, 11, 10, 10, 12, 12, 11, 11], [13, 10, 12, 13, 10, 13, 10, 11, 11, 13, 13, 11, 10, 12, 10, 10, 12, 10, 11, 10, 13, 12, 10, 10, 13], [10, 13, 13, 11, 11, 13, 11, 10, 11, 13, 11, 12, 13, 12, 10, 12, 10, 10, 13, 10, 12, 12, 10, 12, 13], [13, 13, 10, 11, 12, 11, 13, 10, 13, 12, 13, 12, 11, 11, 11, 10, 10, 13, 13, 10, 13, 13, 12, 11, 11], [11, 12, 13, 13, 11, 10, 13, 12, 10, 11, 13, 11, 11, 11, 10, 12, 12, 12, 10, 11, 12, 10, 12, 11, 10], [11, 11, 13, 10, 13, 10, 12, 10, 13, 11, 10, 10, 12, 10, 12, 13, 12, 11, 13, 10, 13, 13, 11, 11, 12], [11, 13, 11, 12, 11, 10, 10, 10, 11, 11, 11, 10, 10, 12, 13, 11, 10, 11, 13, 11, 10, 10, 10, 13, 12], [13, 11, 11, 12, 10, 13, 12, 13, 13, 11, 10, 10, 13, 13, 13, 12, 13, 10, 12, 11, 13, 10, 11, 11, 13], [10, 11, 10, 12, 13, 11, 10, 13, 11, 12, 10, 11, 12, 10, 10, 12, 13, 13, 12, 12, 10, 13, 12, 13, 11], [12, 12, 11, 12, 12, 12, 12, 11, 11, 13, 10, 13, 11, 10, 13, 12, 10, 11, 11, 12, 10, 10, 13, 13, 13]]
Inventory holding cost per unit of each product by the end of each period h: 
[[9, 9, 7, 7, 9, 9, 5, 6, 6, 9, 6, 5, 7, 8, 7, 7, 5, 5, 9, 5, 5, 7, 8, 6, 7], [8, 7, 8, 7, 9, 8, 8, 5, 6, 6, 9, 9, 9, 8, 8, 9, 7, 5, 5, 6, 5, 9, 6, 7, 6], [9, 9, 5, 8, 7, 7, 8, 7, 8, 9, 9, 8, 6, 5, 9, 8, 6, 6, 9, 8, 7, 5, 8, 7, 6], [8, 8, 7, 7, 8, 5, 9, 8, 7, 5, 6, 8, 6, 9, 6, 5, 7, 9, 6, 8, 9, 9, 8, 9, 9], [5, 9, 5, 5, 7, 6, 8, 7, 7, 6, 8, 7, 8, 5, 5, 9, 7, 5, 6, 9, 7, 6, 7, 7, 7], [5, 7, 8, 8, 5, 8, 5, 8, 5, 5, 9, 7, 8, 6, 8, 5, 5, 9, 7, 9, 9, 7, 8, 8, 7], [7, 5, 6, 9, 7, 7, 9, 8, 9, 8, 8, 8, 7, 5, 9, 9, 6, 8, 9, 5, 9, 5, 6, 5, 7], [8, 6, 9, 6, 6, 8, 8, 6, 5, 5, 5, 7, 8, 5, 7, 9, 9, 6, 8, 9, 6, 7, 6, 9, 9], [8, 7, 5, 8, 5, 7, 8, 6, 7, 8, 9, 9, 7, 9, 8, 5, 7, 8, 7, 6, 7, 9, 9, 9, 9], [6, 7, 7, 5, 9, 8, 9, 8, 5, 9, 6, 7, 9, 7, 9, 8, 5, 5, 9, 9, 5, 9, 6, 5, 8], [8, 6, 9, 9, 5, 6, 7, 8, 9, 6, 6, 8, 5, 8, 6, 5, 8, 5, 7, 5, 7, 5, 9, 7, 8], [5, 9, 9, 8, 9, 8, 7, 6, 8, 6, 5, 5, 8, 6, 7, 8, 7, 8, 9, 8, 8, 8, 7, 9, 5], [7, 9, 8, 9, 6, 9, 5, 6, 5, 8, 8, 9, 7, 5, 6, 5, 9, 7, 5, 8, 6, 6, 7, 8, 7], [8, 6, 8, 7, 9, 5, 6, 8, 8, 9, 6, 5, 9, 9, 5, 5, 5, 5, 6, 5, 7, 9, 6, 9, 5], [6, 7, 9, 7, 9, 8, 5, 5, 6, 6, 6, 8, 7, 6, 6, 5, 5, 6, 8, 7, 5, 6, 5, 6, 6], [8, 5, 7, 7, 7, 9, 8, 9, 9, 7, 9, 9, 7, 6, 5, 8, 7, 7, 7, 7, 7, 6, 9, 6, 6], [6, 8, 6, 7, 6, 6, 5, 6, 5, 9, 6, 7, 6, 5, 9, 8, 6, 6, 5, 8, 9, 7, 8, 5, 5], [5, 5, 9, 5, 7, 7, 7, 7, 5, 6, 5, 9, 9, 7, 7, 5, 8, 5, 9, 8, 9, 6, 8, 7, 9], [6, 6, 6, 7, 5, 5, 8, 5, 9, 5, 8, 8, 5, 9, 7, 8, 5, 9, 8, 8, 8, 6, 5, 7, 6], [6, 9, 7, 8, 8, 6, 8, 8, 7, 5, 7, 9, 8, 6, 9, 9, 5, 8, 7, 9, 6, 5, 6, 8, 7]]
Demand for each product in each period d: 
[[0, 11, 28, 24, 37, 7, 19, 18, 0, 41, 32, 7, 2, 31, 30, 40, 6, 0, 30, 24, 33, 26, 37, 43, 17], [39, 9, 0, 46, 28, 19, 12, 39, 3, 47, 38, 23, 43, 31, 22, 33, 37, 41, 46, 19, 31, 0, 34, 0, 30], [28, 23, 29, 34, 25, 48, 11, 0, 3, 37, 16, 12, 14, 42, 42, 28, 37, 0, 7, 18, 44, 32, 10, 39, 33], [9, 18, 24, 0, 1, 12, 23, 0, 2, 6, 20, 18, 5, 14, 0, 17, 16, 24, 18, 2, 18, 4, 0, 27, 22], [1, 26, 12, 18, 27, 20, 21, 15, 1, 4, 2, 23, 13, 14, 24, 0, 9, 12, 13, 17, 24, 0, 13, 5, 22], [6, 16, 13, 4, 9, 0, 5, 20, 15, 27, 21, 18, 14, 5, 9, 23, 8, 23, 16, 4, 13, 5, 28, 11, 23], [16, 25, 3, 19, 1, 14, 1, 24, 18, 12, 17, 3, 0, 15, 18, 17, 2, 0, 2, 15, 25, 20, 3, 28, 2], [2, 18, 17, 20, 0, 3, 21, 3, 16, 7, 26, 19, 22, 18, 22, 26, 9, 12, 17, 5, 8, 8, 20, 23, 16], [5, 2, 7, 5, 9, 5, 7, 2, 6, 6, 8, 0, 3, 0, 1, 6, 3, 7, 1, 8, 7, 0, 2, 7, 8], [9, 8, 4, 3, 2, 7, 2, 4, 0, 5, 7, 8, 2, 6, 9, 5, 5, 1, 7, 5, 5, 1, 4, 6, 0], [9, 0, 2, 7, 8, 9, 4, 3, 9, 4, 3, 4, 4, 9, 9, 4, 0, 4, 9, 8, 8, 4, 5, 9, 5], [3, 0, 2, 9, 9, 7, 2, 3, 7, 3, 5, 9, 4, 9, 6, 8, 4, 9, 7, 7, 9, 9, 0, 0, 9], [3, 6, 9, 5, 3, 5, 8, 2, 1, 1, 6, 0, 1, 3, 3, 5, 3, 0, 2, 7, 9, 2, 7, 5, 7], [8, 1, 3, 0, 0, 7, 7, 0, 0, 7, 5, 0, 8, 3, 4, 6, 4, 0, 3, 9, 5, 3, 5, 7, 9], [3, 8, 3, 5, 5, 2, 2, 1, 4, 0, 4, 9, 9, 0, 7, 7, 9, 1, 3, 5, 7, 4, 3, 9, 8], [8, 0, 0, 0, 5, 7, 0, 0, 4, 7, 7, 1, 5, 9, 7, 6, 6, 1, 6, 7, 0, 7, 8, 0, 0], [4, 5, 6, 9, 5, 1, 9, 0, 4, 5, 2, 0, 0, 7, 4, 8, 9, 6, 6, 1, 5, 9, 8, 0, 2], [7, 2, 2, 5, 0, 4, 0, 4, 4, 7, 0, 9, 2, 3, 4, 4, 1, 3, 6, 5, 9, 7, 1, 4, 7], [5, 0, 5, 0, 8, 7, 7, 2, 1, 4, 8, 5, 8, 0, 1, 5, 4, 3, 0, 7, 1, 7, 5, 9, 0], [2, 5, 0, 3, 7, 2, 0, 7, 8, 2, 0, 5, 1, 7, 8, 4, 1, 6, 3, 1, 9, 5, 9, 9, 6]]
Maintenance cost in each period m: 
[2919, 3515, 5119, 5246, 4400, 2606, 3039, 2807, 2714, 6275, 5604, 6218, 3092, 2810, 3999, 3940, 3246, 6054, 3412, 3403, 2518, 5092, 2895, 2928, 3443]
Maximum capacity of the machine cmax: 
880