Set of periods in the planning horizon T: 
25
Set of products P: 
20
Capacity reduction coefficient alpha: 
0.8
Relative decrease of capacity per set up gamma: 
0.36
Capacity reduction coefficient due to product types beta: 
[0.4, 0.32, 0.29, 0.37, 0.23, 0.26, 0.39, 0.23, 0.32, 0.26, 0.3, 0.34, 0.25, 0.32, 0.25, 0.34, 0.27, 0.33, 0.3, 0.38]
Fixed production cost of each product in each period f: 
[[900, 977, 688, 681, 540, 954, 776, 733, 603, 712, 517, 605, 660, 828, 529, 759, 506, 914, 735, 645, 869, 502, 780, 804, 687], [862, 669, 683, 933, 948, 510, 939, 668, 764, 829, 628, 628, 516, 971, 566, 532, 767, 817, 799, 879, 850, 743, 674, 550, 977], [928, 632, 972, 566, 832, 836, 597, 848, 699, 662, 551, 794, 861, 901, 974, 671, 629, 526, 654, 996, 773, 705, 573, 671, 612], [624, 617, 810, 933, 968, 546, 801, 564, 769, 905, 833, 772, 855, 817, 658, 737, 612, 881, 691, 979, 563, 926, 653, 802, 714], [564, 935, 827, 603, 553, 720, 863, 810, 683, 603, 633, 734, 676, 846, 660, 643, 801, 538, 857, 943, 775, 551, 784, 724, 555], [840, 781, 576, 988, 531, 683, 902, 950, 684, 734, 538, 590, 962, 600, 792, 692, 698, 921, 568, 999, 758, 791, 627, 709, 838], [955, 865, 517, 607, 791, 613, 797, 702, 814, 985, 717, 964, 964, 705, 664, 621, 810, 630, 541, 800, 960, 675, 895, 841, 665], [963, 564, 598, 608, 867, 913, 987, 520, 806, 768, 516, 633, 524, 868, 846, 637, 502, 911, 774, 821, 635, 709, 568, 629, 605], [678, 659, 709, 985, 768, 797, 871, 813, 624, 823, 709, 568, 620, 567, 800, 700, 507, 864, 813, 738, 861, 858, 530, 796, 541], [839, 739, 604, 915, 979, 502, 768, 724, 631, 782, 932, 583, 923, 514, 506, 504, 726, 577, 774, 685, 906, 613, 761, 749, 876], [633, 988, 613, 531, 954, 581, 925, 858, 639, 690, 791, 917, 638, 923, 541, 991, 806, 570, 701, 544, 968, 960, 909, 788, 657], [550, 712, 802, 839, 954, 820, 717, 662, 528, 874, 703, 628, 786, 962, 983, 676, 518, 666, 521, 769, 903, 983, 699, 895, 616], [721, 855, 987, 986, 941, 611, 935, 892, 631, 563, 534, 915, 970, 941, 677, 940, 785, 905, 698, 871, 671, 684, 545, 764, 739], [632, 638, 978, 751, 725, 544, 983, 631, 970, 713, 888, 668, 846, 779, 839, 827, 707, 603, 629, 503, 970, 634, 950, 983, 976], [576, 731, 685, 652, 553, 602, 922, 637, 876, 646, 944, 747, 687, 656, 844, 874, 722, 743, 974, 997, 699, 550, 745, 688, 943], [720, 991, 539, 622, 654, 755, 951, 793, 850, 736, 763, 664, 521, 628, 938, 574, 813, 969, 549, 522, 942, 750, 595, 881, 763], [858, 508, 840, 918, 840, 777, 892, 805, 926, 700, 807, 829, 530, 813, 575, 905, 976, 823, 807, 859, 753, 733, 740, 873, 507], [932, 506, 783, 721, 864, 562, 678, 619, 572, 648, 503, 548, 976, 812, 897, 985, 887, 881, 754, 613, 847, 751, 813, 680, 737], [618, 807, 775, 789, 857, 759, 860, 621, 807, 912, 579, 831, 962, 737, 926, 595, 725, 658, 699, 664, 518, 752, 589, 726, 935], [921, 663, 528, 647, 833, 636, 621, 665, 954, 588, 900, 841, 506, 542, 904, 943, 544, 844, 526, 911, 771, 538, 515, 787, 755]]
Variable production cost per unit of each product in each period p: 
[[13, 10, 10, 10, 11, 11, 11, 12, 13, 11, 13, 12, 10, 10, 10, 13, 13, 12, 10, 12, 11, 10, 10, 12, 10], [10, 13, 12, 13, 10, 11, 11, 13, 11, 11, 12, 10, 13, 11, 10, 11, 13, 13, 11, 10, 10, 10, 11, 12, 13], [11, 10, 13, 13, 10, 11, 13, 13, 13, 10, 12, 10, 10, 12, 12, 13, 12, 11, 11, 11, 11, 12, 10, 12, 10], [12, 13, 12, 11, 13, 13, 10, 13, 13, 10, 11, 10, 11, 13, 11, 13, 11, 10, 12, 13, 13, 10, 12, 13, 13], [12, 11, 13, 13, 12, 13, 10, 12, 13, 12, 12, 11, 12, 12, 12, 12, 11, 12, 13, 11, 13, 11, 11, 12, 13], [10, 11, 13, 11, 11, 10, 10, 11, 12, 11, 10, 12, 12, 13, 11, 11, 13, 11, 11, 10, 12, 11, 11, 11, 12], [10, 12, 13, 13, 10, 10, 12, 12, 13, 13, 10, 13, 10, 10, 11, 10, 13, 11, 13, 12, 13, 13, 12, 12, 11], [13, 10, 11, 12, 11, 13, 11, 11, 12, 10, 12, 13, 13, 13, 12, 11, 12, 13, 11, 10, 10, 13, 11, 11, 10], [13, 10, 10, 11, 10, 12, 11, 13, 13, 13, 11, 13, 10, 12, 10, 13, 10, 12, 10, 12, 11, 13, 12, 11, 10], [11, 13, 12, 12, 12, 12, 11, 10, 13, 12, 12, 12, 13, 13, 10, 13, 11, 11, 10, 10, 12, 11, 10, 11, 12], [12, 13, 13, 11, 10, 11, 12, 13, 13, 13, 10, 12, 12, 13, 10, 11, 12, 10, 12, 10, 11, 11, 13, 12, 10], [12, 12, 10, 10, 12, 13, 13, 10, 12, 12, 11, 10, 13, 11, 10, 13, 10, 10, 11, 12, 11, 12, 10, 10, 12], [13, 11, 13, 12, 12, 11, 11, 11, 13, 12, 11, 13, 11, 12, 10, 10, 13, 13, 12, 13, 12, 12, 11, 11, 12], [10, 10, 11, 10, 12, 13, 13, 12, 10, 13, 11, 10, 11, 12, 11, 11, 12, 13, 13, 12, 10, 11, 11, 10, 12], [12, 11, 11, 13, 13, 10, 13, 13, 13, 12, 11, 13, 10, 10, 11, 13, 12, 13, 10, 12, 11, 11, 11, 12, 13], [13, 13, 11, 10, 10, 10, 13, 12, 13, 13, 13, 11, 12, 12, 11, 12, 11, 10, 13, 13, 13, 11, 12, 10, 12], [10, 12, 11, 12, 12, 11, 13, 10, 10, 12, 12, 13, 11, 10, 12, 10, 12, 12, 10, 12, 10, 13, 11, 12, 10], [11, 12, 11, 13, 12, 10, 11, 12, 11, 10, 12, 10, 13, 11, 12, 11, 11, 10, 10, 12, 12, 10, 12, 12, 11], [12, 10, 13, 11, 11, 13, 10, 11, 11, 13, 12, 12, 10, 11, 12, 12, 13, 12, 12, 10, 12, 13, 11, 10, 11], [13, 11, 13, 11, 13, 10, 11, 11, 10, 12, 13, 10, 11, 10, 12, 13, 11, 11, 12, 13, 10, 11, 12, 12, 11]]
Inventory holding cost per unit of each product by the end of each period h: 
[[7, 9, 8, 6, 9, 9, 7, 8, 5, 7, 9, 5, 5, 5, 6, 5, 5, 9, 5, 6, 5, 6, 8, 6, 7], [9, 5, 6, 7, 9, 5, 6, 5, 5, 5, 9, 9, 6, 6, 5, 7, 9, 8, 5, 6, 9, 9, 9, 5, 7], [6, 9, 6, 9, 8, 9, 6, 5, 6, 6, 8, 5, 6, 7, 5, 5, 7, 9, 7, 5, 7, 9, 5, 7, 6], [5, 8, 5, 7, 5, 9, 7, 5, 5, 6, 9, 7, 8, 8, 6, 8, 7, 5, 9, 5, 9, 7, 6, 7, 6], [6, 7, 8, 5, 9, 7, 5, 5, 9, 9, 8, 5, 7, 6, 7, 7, 8, 6, 8, 7, 7, 5, 6, 8, 6], [9, 6, 7, 5, 7, 8, 9, 7, 5, 6, 7, 7, 7, 8, 7, 7, 7, 5, 8, 9, 6, 9, 7, 6, 5], [8, 8, 8, 9, 5, 8, 8, 8, 8, 6, 8, 6, 6, 9, 6, 7, 5, 7, 5, 6, 7, 8, 6, 7, 6], [5, 6, 6, 5, 8, 6, 6, 5, 7, 8, 9, 6, 6, 6, 7, 7, 6, 8, 5, 5, 6, 5, 7, 7, 5], [7, 5, 8, 6, 5, 9, 5, 6, 6, 9, 9, 6, 8, 5, 8, 8, 9, 9, 6, 7, 6, 5, 7, 9, 6], [8, 8, 5, 6, 6, 7, 7, 9, 8, 9, 8, 9, 5, 8, 8, 8, 6, 8, 6, 6, 5, 7, 7, 6, 5], [9, 5, 5, 8, 9, 9, 8, 5, 7, 7, 7, 9, 8, 7, 9, 9, 6, 8, 7, 7, 9, 7, 6, 9, 6], [5, 5, 5, 8, 9, 6, 9, 8, 9, 6, 7, 5, 7, 5, 6, 5, 7, 8, 6, 9, 6, 7, 9, 6, 7], [7, 7, 9, 5, 9, 7, 8, 7, 6, 5, 7, 9, 5, 5, 5, 8, 9, 6, 5, 8, 7, 5, 8, 9, 7], [7, 6, 9, 8, 8, 8, 6, 5, 5, 5, 7, 8, 9, 8, 9, 9, 6, 7, 8, 9, 9, 7, 5, 7, 5], [8, 5, 8, 9, 9, 9, 9, 8, 5, 6, 7, 7, 6, 5, 5, 5, 9, 5, 5, 5, 7, 6, 5, 6, 6], [5, 7, 6, 6, 6, 8, 9, 6, 9, 5, 6, 8, 9, 7, 9, 5, 7, 5, 9, 7, 6, 8, 7, 5, 6], [9, 8, 9, 6, 7, 9, 8, 5, 8, 7, 8, 9, 5, 7, 6, 9, 5, 8, 5, 6, 8, 5, 6, 7, 8], [5, 9, 5, 8, 9, 9, 7, 9, 5, 9, 8, 9, 9, 5, 6, 7, 7, 6, 9, 8, 9, 8, 9, 7, 8], [6, 8, 7, 7, 9, 5, 6, 8, 7, 7, 8, 7, 6, 5, 9, 5, 6, 6, 5, 6, 7, 7, 8, 6, 6], [9, 8, 6, 7, 5, 5, 5, 9, 9, 6, 8, 8, 5, 9, 9, 8, 5, 7, 8, 8, 8, 9, 9, 5, 8]]
Demand for each product in each period d: 
[[17, 48, 22, 33, 41, 18, 49, 5, 28, 49, 24, 33, 37, 45, 41, 13, 15, 9, 41, 24, 0, 15, 42, 7, 26], [0, 42, 31, 34, 39, 22, 39, 26, 48, 2, 37, 31, 48, 46, 25, 33, 42, 27, 30, 19, 6, 39, 11, 30, 28], [40, 30, 20, 21, 1, 24, 34, 40, 5, 0, 16, 18, 12, 7, 36, 48, 37, 43, 42, 36, 1, 28, 16, 46, 11], [0, 27, 9, 14, 0, 3, 25, 6, 7, 14, 2, 22, 21, 15, 24, 15, 25, 3, 29, 24, 20, 17, 22, 20, 19], [26, 0, 3, 26, 21, 20, 4, 25, 28, 7, 5, 26, 26, 26, 7, 19, 0, 9, 4, 27, 3, 5, 0, 17, 12], [7, 7, 26, 25, 17, 14, 14, 25, 0, 7, 10, 24, 21, 2, 21, 5, 25, 0, 9, 20, 21, 21, 27, 14, 28], [8, 12, 26, 18, 11, 9, 18, 21, 28, 3, 16, 29, 17, 25, 5, 17, 2, 25, 23, 18, 9, 22, 3, 20, 22], [22, 15, 20, 3, 26, 8, 16, 17, 0, 26, 9, 4, 27, 24, 14, 24, 4, 9, 11, 0, 11, 7, 21, 12, 13], [5, 8, 0, 1, 2, 9, 7, 7, 7, 5, 6, 3, 0, 5, 6, 4, 8, 4, 8, 3, 4, 2, 3, 5, 7], [4, 0, 2, 4, 1, 4, 5, 6, 1, 4, 8, 2, 9, 4, 0, 3, 9, 6, 6, 0, 8, 5, 7, 7, 1], [6, 0, 8, 0, 4, 6, 2, 0, 0, 9, 9, 2, 6, 9, 3, 4, 9, 1, 2, 7, 3, 2, 3, 2, 6], [0, 2, 6, 8, 3, 0, 1, 0, 5, 0, 0, 1, 4, 4, 0, 9, 7, 5, 8, 3, 2, 1, 6, 2, 4], [1, 5, 6, 7, 3, 3, 9, 3, 5, 3, 5, 0, 6, 9, 1, 1, 7, 6, 7, 0, 4, 0, 3, 7, 0], [8, 6, 3, 6, 5, 9, 1, 6, 2, 1, 8, 2, 0, 7, 9, 1, 2, 7, 9, 4, 4, 8, 0, 1, 5], [8, 9, 9, 6, 5, 3, 1, 0, 1, 0, 7, 0, 3, 8, 9, 4, 6, 8, 8, 6, 7, 8, 8, 3, 1], [3, 8, 4, 8, 3, 1, 3, 3, 6, 7, 5, 3, 1, 9, 9, 8, 0, 6, 0, 7, 2, 9, 9, 6, 6], [4, 8, 2, 9, 6, 9, 3, 7, 8, 8, 5, 4, 1, 9, 7, 5, 1, 3, 9, 4, 1, 1, 0, 6, 3], [4, 2, 6, 0, 5, 7, 0, 4, 3, 4, 0, 4, 2, 6, 6, 4, 3, 1, 3, 2, 0, 5, 9, 3, 0], [7, 6, 1, 9, 9, 9, 3, 1, 9, 0, 9, 4, 9, 3, 0, 1, 6, 9, 9, 9, 8, 4, 8, 0, 2], [2, 1, 5, 1, 9, 7, 7, 2, 3, 4, 9, 5, 0, 1, 0, 2, 9, 2, 7, 9, 4, 4, 0, 7, 7]]
Maintenance cost in each period m: 
[6419, 2634, 4014, 4252, 3448, 5564, 5552, 3555, 3960, 5985, 2649, 5845, 5568, 5847, 5605, 3566, 5409, 2944, 4166, 3220, 3293, 3219, 5148, 3924, 6297]
Maximum capacity of the machine cmax: 
940