Set of periods in the planning horizon T: 
10
Set of products P: 
50
Capacity reduction coefficient alpha: 
0.8
Relative decrease of capacity per set up gamma: 
0.4
Capacity reduction coefficient due to product types beta: 
[0.23, 0.22, 0.39, 0.35, 0.26, 0.3, 0.37, 0.26, 0.35, 0.27, 0.4, 0.35, 0.3, 0.24, 0.39, 0.28, 0.33, 0.35, 0.22, 0.21, 0.38, 0.2, 0.2, 0.24, 0.23, 0.36, 0.32, 0.21, 0.35, 0.35, 0.29, 0.31, 0.3, 0.21, 0.25, 0.37, 0.3, 0.39, 0.33, 0.37, 0.35, 0.3, 0.29, 0.37, 0.28, 0.37, 0.36, 0.28, 0.36, 0.31]
Fixed production cost of each product in each period f: 
[[539, 979, 708, 741, 542, 677, 688, 995, 774, 769], [736, 760, 953, 626, 601, 782, 821, 739, 612, 733], [870, 576, 963, 861, 881, 648, 790, 672, 697, 905], [663, 954, 953, 543, 665, 557, 673, 635, 663, 784], [781, 690, 744, 676, 968, 839, 671, 617, 711, 576], [652, 821, 688, 528, 997, 689, 867, 846, 831, 831], [837, 700, 910, 934, 943, 594, 907, 981, 695, 575], [646, 947, 566, 733, 548, 788, 767, 668, 634, 721], [517, 543, 860, 594, 698, 899, 660, 504, 902, 612], [971, 650, 687, 956, 767, 870, 973, 800, 749, 682], [875, 943, 898, 941, 870, 738, 679, 577, 848, 603], [700, 758, 975, 941, 675, 899, 658, 676, 521, 849], [659, 564, 731, 593, 940, 826, 712, 760, 733, 957], [918, 569, 925, 825, 820, 882, 728, 712, 660, 716], [744, 541, 726, 939, 700, 588, 525, 812, 749, 657], [893, 825, 920, 728, 724, 667, 957, 611, 754, 610], [763, 501, 954, 529, 522, 763, 756, 765, 961, 518], [826, 815, 918, 783, 968, 860, 878, 664, 776, 940], [771, 911, 809, 753, 611, 892, 578, 846, 884, 918], [559, 888, 722, 877, 668, 972, 793, 694, 761, 523], [678, 550, 620, 686, 676, 564, 758, 915, 739, 862], [910, 573, 671, 998, 646, 642, 885, 503, 770, 936], [543, 545, 673, 591, 572, 970, 698, 959, 761, 771], [853, 762, 928, 663, 586, 951, 668, 982, 773, 672], [927, 977, 557, 710, 828, 689, 982, 639, 973, 620], [702, 753, 762, 855, 906, 589, 663, 967, 932, 809], [857, 778, 739, 791, 930, 888, 585, 799, 723, 594], [985, 743, 711, 772, 600, 814, 584, 852, 703, 574], [624, 806, 850, 527, 653, 753, 727, 537, 661, 834], [853, 996, 701, 706, 666, 547, 631, 692, 606, 513], [788, 533, 548, 647, 979, 936, 617, 699, 814, 887], [594, 862, 913, 701, 798, 618, 697, 907, 703, 579], [778, 871, 659, 507, 574, 740, 830, 650, 737, 791], [887, 738, 565, 648, 903, 832, 659, 812, 763, 994], [893, 856, 688, 827, 638, 662, 665, 999, 767, 874], [946, 711, 859, 633, 742, 980, 936, 638, 533, 677], [552, 793, 532, 718, 968, 685, 614, 737, 961, 657], [930, 949, 756, 785, 515, 987, 648, 503, 578, 572], [617, 551, 580, 878, 930, 659, 887, 885, 876, 982], [893, 727, 619, 762, 900, 566, 670, 584, 724, 643], [534, 940, 508, 594, 602, 931, 946, 684, 616, 679], [821, 923, 736, 546, 963, 559, 894, 521, 502, 792], [612, 559, 989, 878, 618, 850, 856, 949, 761, 930], [649, 634, 904, 930, 727, 952, 888, 984, 632, 791], [858, 992, 998, 944, 615, 817, 817, 624, 519, 611], [788, 798, 947, 920, 821, 952, 764, 873, 564, 876], [617, 672, 700, 922, 828, 997, 977, 807, 718, 618], [893, 983, 721, 579, 717, 920, 697, 913, 502, 859], [606, 969, 805, 843, 822, 661, 934, 556, 868, 673], [879, 949, 797, 745, 622, 640, 777, 557, 535, 786]]
Variable production cost per unit of each product in each period p: 
[[12, 10, 12, 12, 12, 12, 12, 10, 13, 13], [11, 10, 10, 13, 10, 10, 11, 13, 13, 10], [13, 13, 11, 11, 12, 11, 11, 10, 13, 11], [12, 10, 10, 12, 10, 10, 13, 13, 11, 11], [12, 10, 13, 11, 13, 13, 11, 12, 13, 10], [10, 10, 11, 11, 12, 13, 11, 10, 13, 12], [12, 11, 10, 10, 10, 13, 13, 12, 10, 13], [11, 13, 13, 13, 13, 10, 10, 11, 11, 11], [10, 13, 12, 13, 12, 12, 10, 12, 10, 11], [13, 13, 10, 12, 10, 12, 13, 13, 12, 13], [11, 13, 10, 11, 11, 13, 11, 12, 13, 12], [11, 13, 12, 10, 13, 11, 13, 11, 11, 13], [12, 10, 12, 10, 10, 10, 10, 11, 11, 10], [11, 10, 10, 12, 13, 11, 11, 10, 13, 10], [12, 12, 12, 12, 10, 13, 12, 13, 12, 11], [12, 10, 12, 12, 12, 10, 12, 12, 13, 10], [12, 12, 13, 13, 12, 13, 12, 13, 13, 12], [10, 13, 13, 13, 11, 13, 13, 12, 10, 11], [12, 11, 13, 10, 12, 10, 13, 13, 10, 12], [13, 12, 12, 10, 13, 11, 13, 10, 13, 11], [13, 13, 12, 12, 10, 12, 11, 12, 11, 12], [13, 11, 10, 13, 11, 10, 11, 13, 10, 10], [12, 11, 13, 10, 13, 13, 11, 10, 13, 12], [10, 10, 11, 11, 10, 11, 11, 12, 12, 12], [12, 12, 11, 12, 12, 12, 13, 12, 10, 13], [12, 12, 10, 11, 12, 10, 12, 11, 11, 12], [10, 12, 12, 12, 11, 11, 10, 11, 13, 13], [13, 13, 11, 11, 12, 10, 11, 10, 13, 10], [13, 10, 11, 12, 10, 13, 10, 12, 13, 13], [11, 10, 13, 10, 13, 10, 10, 10, 12, 13], [12, 10, 12, 12, 12, 11, 12, 13, 12, 13], [11, 11, 12, 13, 11, 13, 12, 12, 11, 10], [12, 11, 13, 12, 11, 13, 10, 11, 13, 10], [12, 12, 13, 13, 11, 11, 11, 10, 13, 12], [11, 11, 11, 12, 13, 10, 12, 12, 13, 11], [10, 10, 13, 10, 12, 13, 10, 13, 10, 11], [11, 10, 12, 13, 12, 13, 13, 10, 10, 10], [11, 10, 13, 13, 11, 12, 13, 12, 13, 12], [10, 13, 11, 13, 12, 12, 10, 10, 13, 13], [12, 11, 11, 12, 11, 10, 12, 13, 12, 13], [11, 13, 12, 13, 10, 12, 10, 12, 13, 11], [13, 10, 10, 11, 13, 13, 10, 12, 12, 13], [13, 11, 11, 11, 13, 12, 13, 13, 10, 12], [10, 10, 11, 10, 11, 11, 11, 10, 13, 12], [13, 11, 13, 13, 10, 12, 13, 10, 12, 10], [13, 13, 11, 12, 13, 12, 11, 12, 10, 11], [10, 12, 13, 11, 12, 11, 10, 11, 11, 12], [11, 10, 13, 13, 12, 11, 12, 12, 12, 13], [13, 13, 10, 12, 12, 12, 11, 10, 10, 10], [13, 11, 12, 11, 12, 13, 10, 13, 11, 10]]
Inventory holding cost per unit of each product by the end of each period h: 
[[5, 7, 9, 6, 6, 7, 5, 8, 5, 9], [5, 8, 9, 5, 5, 5, 6, 9, 9, 9], [8, 6, 5, 6, 5, 7, 8, 9, 5, 6], [7, 6, 9, 5, 9, 5, 7, 5, 6, 6], [6, 8, 5, 5, 5, 6, 9, 5, 5, 8], [8, 6, 7, 5, 7, 5, 8, 7, 5, 9], [6, 8, 8, 9, 5, 6, 7, 5, 7, 5], [9, 8, 9, 5, 6, 9, 7, 8, 8, 6], [7, 7, 8, 9, 5, 7, 7, 9, 9, 7], [6, 9, 7, 9, 5, 5, 6, 8, 9, 9], [6, 6, 7, 9, 8, 7, 9, 9, 7, 6], [8, 8, 7, 9, 6, 9, 6, 6, 5, 6], [6, 6, 9, 9, 7, 6, 7, 9, 5, 8], [5, 5, 7, 6, 8, 7, 5, 5, 5, 5], [8, 8, 7, 8, 5, 6, 9, 7, 9, 7], [7, 9, 9, 7, 8, 9, 8, 5, 5, 9], [8, 9, 7, 8, 7, 9, 5, 9, 9, 7], [9, 6, 5, 7, 6, 6, 5, 9, 6, 7], [6, 7, 9, 8, 7, 9, 5, 7, 9, 9], [7, 8, 6, 7, 7, 5, 5, 6, 6, 6], [9, 7, 5, 5, 5, 9, 6, 8, 5, 8], [8, 7, 7, 6, 8, 9, 6, 6, 6, 9], [8, 6, 9, 6, 9, 6, 6, 9, 9, 9], [8, 8, 5, 6, 9, 6, 7, 8, 8, 6], [7, 6, 8, 6, 9, 7, 8, 7, 7, 5], [7, 6, 6, 7, 5, 6, 9, 8, 6, 8], [8, 6, 5, 6, 8, 9, 6, 7, 8, 7], [8, 5, 9, 7, 7, 5, 7, 5, 8, 5], [7, 9, 7, 5, 9, 8, 5, 6, 6, 7], [7, 9, 7, 6, 8, 5, 9, 7, 5, 6], [9, 7, 8, 5, 9, 6, 5, 8, 5, 7], [6, 9, 8, 8, 9, 7, 5, 6, 7, 5], [6, 7, 5, 7, 6, 5, 6, 5, 8, 7], [9, 5, 8, 9, 6, 9, 5, 9, 6, 6], [5, 5, 8, 7, 9, 6, 6, 5, 9, 6], [9, 7, 9, 5, 5, 5, 9, 5, 6, 6], [6, 7, 6, 7, 9, 9, 8, 7, 7, 5], [9, 9, 7, 8, 5, 9, 7, 9, 6, 6], [9, 9, 8, 5, 9, 9, 8, 9, 6, 9], [9, 5, 8, 6, 5, 6, 7, 7, 6, 6], [8, 9, 7, 8, 7, 8, 8, 8, 6, 7], [9, 7, 5, 7, 6, 9, 6, 8, 7, 8], [6, 6, 8, 5, 7, 8, 8, 8, 5, 8], [8, 9, 8, 8, 7, 6, 8, 7, 6, 8], [9, 9, 7, 5, 6, 8, 9, 5, 5, 7], [5, 6, 5, 8, 8, 9, 7, 7, 8, 9], [5, 8, 7, 9, 6, 8, 8, 5, 6, 7], [6, 5, 8, 8, 6, 5, 9, 6, 5, 5], [9, 7, 5, 7, 8, 8, 8, 8, 7, 9], [5, 9, 7, 8, 9, 9, 5, 6, 9, 9]]
Demand for each product in each period d: 
[[0, 12, 13, 29, 27, 38, 29, 9, 3, 8], [38, 20, 7, 7, 34, 16, 14, 6, 48, 44], [44, 5, 43, 28, 40, 41, 12, 15, 41, 24], [11, 14, 3, 14, 9, 5, 27, 0, 21, 16], [10, 33, 26, 29, 27, 49, 18, 8, 5, 31], [13, 41, 35, 7, 2, 23, 4, 22, 32, 33], [46, 11, 4, 37, 0, 13, 43, 35, 4, 36], [20, 6, 0, 6, 16, 0, 7, 14, 22, 20], [18, 7, 10, 5, 11, 28, 24, 10, 24, 16], [13, 21, 5, 21, 6, 8, 28, 4, 6, 8], [3, 3, 5, 21, 29, 13, 2, 4, 28, 3], [13, 18, 3, 16, 0, 0, 29, 16, 20, 7], [4, 3, 1, 17, 9, 6, 21, 0, 0, 19], [7, 15, 13, 21, 16, 4, 9, 0, 10, 10], [12, 1, 16, 0, 24, 7, 5, 22, 14, 8], [0, 29, 2, 26, 27, 0, 4, 5, 28, 23], [2, 6, 20, 10, 21, 27, 1, 20, 10, 8], [7, 29, 6, 10, 14, 8, 22, 16, 3, 2], [26, 0, 0, 15, 1, 1, 19, 7, 17, 7], [7, 9, 0, 9, 5, 6, 9, 3, 3, 5], [8, 8, 7, 2, 8, 3, 3, 0, 1, 6], [7, 1, 0, 2, 3, 2, 2, 8, 7, 3], [8, 4, 2, 4, 6, 6, 5, 4, 2, 2], [7, 2, 8, 3, 9, 7, 2, 9, 6, 0], [2, 1, 2, 4, 9, 3, 7, 8, 7, 0], [0, 3, 3, 0, 9, 6, 5, 7, 2, 9], [5, 9, 0, 9, 3, 5, 4, 7, 9, 6], [0, 0, 8, 3, 5, 0, 5, 2, 5, 7], [1, 6, 5, 1, 0, 1, 2, 4, 5, 7], [6, 5, 3, 1, 1, 6, 1, 6, 5, 2], [0, 1, 4, 6, 2, 0, 2, 8, 2, 2], [6, 3, 2, 2, 7, 0, 3, 5, 7, 1], [7, 0, 4, 6, 4, 6, 1, 1, 4, 9], [1, 4, 6, 5, 6, 8, 0, 5, 1, 2], [9, 2, 0, 5, 9, 7, 8, 9, 9, 5], [7, 1, 1, 4, 3, 5, 6, 0, 6, 2], [8, 3, 1, 9, 4, 0, 3, 5, 2, 2], [8, 5, 2, 7, 4, 0, 7, 2, 2, 9], [5, 0, 8, 4, 0, 4, 1, 5, 9, 5], [4, 2, 3, 7, 9, 7, 0, 1, 4, 9], [7, 1, 7, 9, 9, 9, 0, 4, 5, 2], [8, 8, 4, 6, 7, 3, 9, 4, 0, 7], [8, 4, 3, 7, 5, 9, 4, 3, 0, 0], [0, 5, 8, 0, 0, 4, 3, 8, 2, 0], [7, 3, 4, 0, 0, 6, 4, 5, 5, 2], [9, 5, 2, 4, 7, 0, 9, 5, 8, 0], [8, 7, 1, 1, 3, 9, 9, 6, 3, 8], [7, 6, 1, 4, 9, 7, 3, 9, 4, 5], [7, 6, 0, 6, 2, 1, 3, 2, 2, 3], [6, 2, 9, 5, 7, 6, 6, 9, 2, 5]]
Maintenance cost in each period m: 
[5194, 4106, 3111, 5909, 3234, 3880, 5617, 3586, 4018, 3606]
Maximum capacity of the machine cmax: 
2200