Set of periods in the planning horizon T: 
25
Set of products P: 
5
Capacity reduction coefficient alpha: 
0.8
Relative decrease of capacity per set up gamma: 
0.26
Capacity reduction coefficient due to product types beta: 
[0.25, 0.34, 0.21, 0.38, 0.4]
Fixed production cost of each product in each period f: 
[[814, 544, 609, 593, 781, 981, 968, 989, 685, 799, 555, 845, 889, 781, 892, 638, 983, 501, 841, 569, 509, 571, 986, 512, 686], [504, 929, 982, 881, 573, 904, 540, 514, 608, 785, 737, 756, 633, 970, 628, 942, 724, 620, 563, 879, 730, 745, 845, 638, 820], [831, 957, 507, 664, 642, 565, 827, 599, 777, 528, 699, 835, 957, 746, 556, 787, 833, 822, 737, 628, 786, 563, 783, 750, 743], [897, 708, 528, 578, 935, 757, 878, 790, 772, 842, 865, 702, 598, 521, 700, 535, 697, 555, 839, 667, 846, 859, 676, 660, 881], [903, 583, 905, 838, 956, 826, 896, 872, 854, 824, 630, 693, 809, 559, 920, 562, 719, 658, 948, 760, 829, 741, 574, 739, 526]]
Variable production cost per unit of each product in each period p: 
[[12, 13, 11, 12, 10, 12, 13, 11, 10, 13, 12, 10, 11, 10, 12, 11, 13, 12, 10, 11, 13, 10, 13, 13, 10], [13, 12, 10, 12, 13, 12, 12, 13, 10, 12, 13, 13, 13, 13, 10, 10, 12, 11, 13, 11, 13, 12, 12, 13, 11], [12, 12, 13, 10, 12, 10, 12, 11, 12, 12, 12, 12, 13, 13, 10, 12, 11, 13, 12, 11, 10, 13, 13, 13, 12], [10, 11, 12, 13, 13, 10, 13, 12, 11, 10, 12, 12, 11, 12, 13, 12, 10, 13, 13, 11, 13, 10, 13, 11, 11], [13, 10, 11, 13, 13, 11, 12, 10, 10, 13, 13, 11, 10, 10, 13, 13, 10, 12, 12, 10, 11, 11, 10, 12, 13]]
Inventory holding cost per unit of each product by the end of each period h: 
[[5, 8, 6, 5, 8, 8, 7, 9, 9, 5, 5, 6, 8, 8, 6, 9, 5, 8, 7, 5, 5, 6, 9, 8, 6], [8, 5, 5, 5, 7, 7, 7, 5, 9, 8, 8, 8, 5, 9, 5, 5, 7, 9, 5, 8, 8, 5, 9, 8, 9], [5, 7, 6, 9, 8, 7, 5, 6, 5, 5, 8, 5, 8, 6, 5, 9, 9, 7, 5, 9, 7, 6, 7, 9, 8], [8, 7, 8, 7, 5, 5, 8, 5, 8, 6, 9, 5, 7, 9, 9, 9, 9, 5, 5, 9, 7, 9, 9, 7, 5], [5, 9, 9, 9, 5, 7, 6, 7, 7, 6, 6, 9, 7, 5, 7, 8, 6, 7, 7, 9, 5, 8, 6, 5, 6]]
Demand for each product in each period d: 
[[32, 0, 13, 17, 2, 0, 2, 7, 19, 41, 28, 16, 6, 36, 17, 49, 11, 44, 8, 16, 2, 6, 10, 14, 33], [3, 24, 28, 16, 13, 7, 25, 13, 20, 27, 12, 6, 29, 25, 11, 24, 3, 13, 5, 15, 15, 8, 1, 17, 11], [1, 0, 0, 4, 1, 4, 4, 8, 6, 2, 5, 7, 7, 0, 9, 6, 0, 4, 4, 8, 3, 5, 7, 5, 2], [8, 1, 0, 0, 3, 3, 8, 2, 1, 2, 7, 4, 8, 8, 8, 4, 5, 1, 1, 5, 1, 0, 0, 1, 3], [1, 0, 3, 4, 7, 7, 0, 0, 8, 1, 2, 5, 0, 7, 5, 2, 4, 1, 2, 2, 0, 3, 2, 4, 1]]
Maintenance cost in each period m: 
[5195, 2157, 4006, 2682, 3863, 2150, 4120, 1572, 1545, 4681, 2524, 2345, 3116, 2174, 3542, 2195, 2588, 3999, 4706, 2859, 4184, 2318, 3044, 3602, 3444]
Maximum capacity of the machine cmax: 
215