Set of periods in the planning horizon T: 
25
Set of products P: 
100
Capacity reduction coefficient alpha: 
0.8
Relative decrease of capacity per set up gamma: 
0.33
Capacity reduction coefficient due to product types beta: 
[0.38, 0.32, 0.33, 0.25, 0.32, 0.33, 0.28, 0.32, 0.33, 0.36, 0.26, 0.21, 0.39, 0.33, 0.35, 0.25, 0.24, 0.38, 0.39, 0.21, 0.25, 0.26, 0.35, 0.38, 0.28, 0.37, 0.21, 0.37, 0.36, 0.27, 0.22, 0.38, 0.31, 0.35, 0.38, 0.26, 0.36, 0.27, 0.32, 0.21, 0.23, 0.3, 0.38, 0.23, 0.32, 0.38, 0.37, 0.24, 0.26, 0.23, 0.24, 0.4, 0.23, 0.37, 0.28, 0.39, 0.28, 0.37, 0.3, 0.31, 0.28, 0.29, 0.32, 0.32, 0.32, 0.4, 0.24, 0.3, 0.27, 0.28, 0.22, 0.33, 0.23, 0.36, 0.23, 0.37, 0.34, 0.26, 0.22, 0.21, 0.33, 0.32, 0.32, 0.27, 0.35, 0.32, 0.3, 0.3, 0.32, 0.37, 0.38, 0.39, 0.38, 0.4, 0.22, 0.21, 0.26, 0.26, 0.25, 0.4]
Fixed production cost of each product in each period f: 
[[562, 619, 600, 761, 930, 953, 735, 953, 616, 690, 697, 718, 606, 745, 795, 788, 535, 603, 771, 857, 510, 928, 563, 506, 786], [971, 599, 645, 584, 697, 683, 501, 737, 833, 658, 509, 784, 718, 736, 808, 651, 900, 819, 599, 620, 577, 741, 993, 630, 808], [566, 835, 535, 684, 723, 600, 806, 866, 582, 804, 632, 728, 860, 611, 524, 550, 804, 957, 977, 935, 799, 976, 808, 866, 666], [609, 608, 693, 546, 663, 794, 656, 726, 681, 947, 845, 877, 632, 557, 969, 694, 827, 722, 549, 815, 618, 533, 982, 902, 710], [509, 642, 731, 572, 726, 793, 704, 850, 815, 830, 558, 557, 949, 918, 674, 895, 557, 956, 940, 670, 546, 679, 913, 639, 706], [762, 942, 911, 812, 560, 755, 926, 890, 982, 924, 518, 575, 669, 886, 582, 795, 993, 739, 911, 670, 901, 808, 920, 641, 868], [621, 533, 608, 556, 738, 653, 814, 825, 835, 914, 971, 622, 542, 792, 809, 588, 936, 706, 968, 996, 683, 916, 526, 683, 555], [612, 606, 660, 939, 802, 817, 735, 706, 778, 833, 997, 749, 929, 720, 860, 592, 544, 546, 860, 942, 529, 760, 663, 700, 638], [867, 500, 514, 504, 951, 561, 501, 947, 990, 641, 535, 721, 905, 770, 943, 504, 817, 806, 619, 733, 676, 517, 997, 870, 845], [700, 705, 618, 650, 844, 543, 692, 911, 932, 779, 944, 741, 833, 816, 566, 604, 780, 510, 643, 777, 560, 767, 962, 613, 883], [551, 858, 723, 917, 964, 807, 991, 679, 612, 815, 615, 713, 745, 875, 986, 690, 688, 622, 993, 950, 576, 831, 735, 835, 839], [640, 741, 725, 925, 504, 912, 590, 945, 600, 542, 813, 846, 751, 819, 549, 617, 668, 911, 511, 805, 980, 874, 901, 761, 616], [529, 750, 909, 898, 571, 607, 683, 610, 705, 520, 719, 755, 684, 554, 901, 979, 626, 606, 950, 841, 898, 894, 546, 776, 747], [645, 988, 750, 626, 949, 737, 868, 739, 789, 821, 674, 943, 955, 741, 601, 830, 505, 650, 801, 987, 782, 531, 775, 971, 866], [658, 994, 665, 930, 529, 919, 597, 979, 754, 561, 686, 907, 835, 782, 861, 643, 948, 780, 827, 905, 963, 715, 571, 505, 832], [712, 542, 932, 578, 676, 857, 882, 651, 705, 784, 918, 783, 772, 919, 718, 877, 867, 729, 584, 577, 624, 787, 835, 558, 986], [897, 907, 793, 554, 700, 964, 873, 574, 741, 832, 560, 606, 990, 885, 966, 504, 784, 898, 580, 578, 547, 896, 935, 856, 501], [779, 946, 971, 731, 760, 852, 886, 889, 503, 915, 608, 830, 626, 639, 665, 726, 789, 999, 675, 838, 682, 727, 570, 525, 722], [500, 964, 512, 867, 582, 703, 994, 839, 726, 583, 793, 978, 943, 771, 962, 752, 874, 564, 735, 823, 576, 536, 925, 883, 607], [726, 880, 874, 992, 933, 553, 555, 555, 529, 840, 799, 512, 931, 635, 681, 999, 675, 553, 765, 845, 972, 707, 636, 726, 637], [627, 820, 909, 807, 856, 820, 961, 820, 634, 973, 659, 589, 622, 545, 515, 650, 886, 647, 850, 931, 759, 515, 567, 719, 934], [913, 693, 777, 993, 932, 878, 604, 845, 557, 978, 809, 569, 809, 837, 571, 501, 985, 578, 651, 880, 738, 932, 662, 660, 813], [967, 909, 689, 924, 682, 620, 695, 905, 579, 603, 866, 577, 968, 833, 735, 635, 595, 547, 660, 978, 616, 783, 860, 858, 654], [938, 573, 672, 960, 575, 615, 626, 932, 819, 990, 755, 787, 996, 647, 524, 959, 997, 901, 944, 534, 515, 970, 753, 940, 604], [610, 592, 732, 964, 649, 882, 598, 602, 937, 770, 794, 688, 609, 551, 716, 982, 784, 539, 919, 620, 820, 512, 819, 875, 635], [571, 550, 612, 866, 683, 667, 914, 611, 939, 553, 559, 636, 599, 741, 730, 526, 863, 606, 854, 575, 628, 835, 888, 611, 593], [969, 959, 691, 932, 999, 553, 691, 518, 909, 776, 870, 801, 916, 823, 664, 784, 957, 752, 752, 529, 592, 768, 660, 962, 572], [890, 648, 779, 974, 563, 708, 723, 694, 882, 725, 995, 682, 970, 694, 900, 923, 677, 801, 525, 869, 705, 844, 905, 664, 858], [747, 834, 510, 629, 674, 615, 745, 606, 826, 891, 576, 701, 779, 736, 586, 822, 691, 639, 578, 503, 846, 794, 916, 519, 569], [626, 747, 917, 748, 548, 893, 724, 958, 857, 783, 960, 898, 732, 884, 517, 760, 679, 966, 729, 894, 938, 712, 916, 636, 916], [516, 703, 734, 919, 677, 805, 819, 850, 679, 930, 907, 941, 996, 960, 951, 726, 746, 825, 661, 830, 949, 649, 656, 949, 709], [660, 559, 582, 984, 609, 587, 735, 617, 643, 913, 826, 897, 657, 614, 872, 826, 697, 662, 745, 595, 705, 961, 563, 893, 798], [848, 508, 586, 969, 803, 724, 515, 546, 501, 797, 774, 911, 847, 951, 810, 766, 905, 625, 642, 748, 889, 802, 726, 846, 675], [590, 604, 813, 636, 847, 548, 869, 785, 891, 991, 558, 647, 548, 967, 940, 935, 653, 545, 665, 952, 949, 831, 633, 830, 671], [942, 677, 560, 735, 874, 725, 517, 661, 933, 704, 908, 969, 566, 915, 698, 556, 737, 752, 661, 792, 628, 580, 817, 636, 885], [544, 825, 690, 598, 571, 970, 570, 864, 804, 948, 579, 699, 625, 691, 690, 837, 789, 833, 935, 848, 565, 815, 770, 917, 939], [718, 747, 511, 633, 544, 604, 970, 596, 853, 512, 924, 650, 761, 641, 726, 695, 952, 946, 692, 838, 606, 631, 518, 673, 976], [975, 933, 515, 971, 514, 846, 630, 647, 740, 987, 812, 743, 612, 720, 627, 882, 941, 729, 886, 765, 750, 804, 700, 840, 962], [878, 540, 544, 804, 549, 625, 549, 663, 642, 517, 969, 959, 854, 997, 864, 807, 747, 824, 654, 704, 809, 628, 636, 649, 896], [895, 578, 504, 833, 769, 621, 971, 598, 570, 757, 579, 700, 526, 667, 859, 850, 501, 906, 662, 823, 554, 526, 772, 697, 760], [638, 928, 645, 543, 758, 876, 619, 566, 534, 895, 501, 766, 765, 977, 812, 672, 737, 964, 978, 754, 620, 690, 939, 884, 509], [802, 786, 855, 693, 535, 688, 998, 659, 663, 668, 527, 641, 724, 637, 832, 778, 825, 756, 711, 851, 591, 759, 829, 866, 620], [908, 884, 804, 688, 658, 990, 765, 623, 796, 869, 883, 904, 883, 903, 561, 541, 837, 641, 630, 661, 761, 559, 688, 946, 531], [803, 974, 696, 870, 880, 888, 672, 532, 832, 827, 613, 990, 548, 585, 697, 756, 908, 792, 633, 834, 616, 559, 628, 783, 817], [884, 845, 523, 606, 961, 730, 894, 763, 982, 535, 699, 825, 509, 848, 817, 738, 657, 838, 671, 695, 690, 823, 599, 760, 608], [618, 646, 874, 625, 982, 819, 703, 584, 713, 728, 881, 939, 730, 539, 833, 959, 960, 668, 790, 594, 517, 933, 844, 557, 872], [947, 736, 787, 963, 745, 774, 625, 611, 983, 589, 858, 512, 842, 727, 914, 952, 575, 957, 502, 777, 925, 847, 960, 927, 935], [863, 830, 532, 627, 516, 862, 796, 532, 752, 758, 500, 904, 923, 661, 844, 861, 956, 591, 591, 735, 641, 637, 869, 836, 659], [504, 747, 630, 550, 514, 629, 546, 997, 678, 659, 947, 853, 926, 687, 754, 682, 870, 573, 655, 607, 807, 847, 679, 834, 619], [509, 787, 661, 971, 530, 789, 950, 559, 519, 604, 670, 572, 667, 894, 766, 612, 764, 831, 594, 811, 561, 630, 583, 725, 950], [937, 748, 897, 834, 855, 741, 556, 707, 676, 804, 540, 833, 814, 855, 599, 744, 802, 851, 906, 669, 943, 985, 757, 948, 604], [919, 883, 957, 541, 824, 791, 910, 703, 723, 953, 927, 627, 642, 898, 993, 745, 632, 556, 600, 903, 516, 651, 947, 996, 653], [788, 750, 975, 882, 777, 644, 824, 619, 910, 928, 822, 697, 517, 659, 546, 581, 926, 737, 967, 856, 607, 683, 723, 835, 813], [723, 930, 766, 788, 894, 877, 811, 686, 808, 614, 518, 655, 791, 956, 933, 671, 952, 857, 634, 789, 668, 802, 581, 595, 736], [887, 792, 522, 717, 730, 826, 583, 535, 613, 850, 611, 586, 865, 744, 622, 830, 978, 970, 819, 593, 612, 949, 675, 716, 914], [847, 808, 846, 513, 900, 707, 762, 987, 928, 587, 913, 843, 982, 830, 545, 594, 756, 781, 502, 527, 721, 684, 508, 927, 815], [720, 775, 796, 658, 913, 507, 897, 531, 925, 985, 983, 579, 517, 721, 671, 992, 894, 946, 771, 898, 946, 810, 522, 584, 839], [535, 550, 792, 623, 734, 653, 795, 627, 564, 556, 727, 545, 634, 610, 749, 987, 860, 569, 727, 784, 519, 692, 922, 998, 950], [825, 621, 841, 726, 571, 811, 553, 726, 621, 648, 973, 663, 739, 884, 703, 906, 587, 909, 708, 786, 711, 687, 762, 882, 522], [763, 811, 944, 662, 961, 707, 726, 905, 576, 804, 577, 878, 559, 831, 558, 781, 775, 554, 715, 597, 802, 862, 720, 544, 789], [786, 554, 792, 862, 888, 539, 736, 915, 916, 849, 529, 796, 874, 771, 642, 717, 656, 916, 925, 814, 555, 942, 779, 649, 862], [572, 922, 848, 831, 601, 593, 765, 641, 500, 592, 912, 664, 853, 789, 921, 570, 655, 748, 620, 649, 742, 574, 686, 506, 645], [820, 569, 784, 693, 848, 681, 592, 789, 698, 664, 819, 540, 997, 654, 604, 712, 928, 584, 947, 618, 536, 751, 938, 897, 520], [552, 621, 902, 653, 647, 977, 765, 956, 535, 516, 823, 587, 695, 552, 746, 797, 763, 745, 607, 892, 928, 748, 500, 837, 697], [897, 925, 728, 947, 917, 723, 505, 587, 911, 656, 894, 946, 812, 946, 778, 706, 812, 831, 674, 543, 669, 510, 657, 717, 620], [693, 778, 757, 745, 603, 851, 851, 826, 923, 567, 557, 985, 961, 557, 936, 509, 578, 963, 561, 915, 644, 586, 580, 988, 514], [798, 527, 643, 571, 619, 984, 883, 968, 881, 607, 928, 926, 992, 902, 832, 730, 583, 588, 547, 849, 670, 624, 776, 598, 759], [751, 562, 926, 979, 582, 618, 524, 655, 520, 653, 871, 551, 879, 803, 974, 747, 929, 747, 598, 812, 657, 617, 586, 972, 693], [620, 711, 553, 646, 971, 547, 772, 630, 809, 936, 738, 695, 929, 896, 816, 685, 518, 999, 522, 728, 797, 723, 662, 888, 999], [677, 612, 915, 553, 961, 691, 715, 750, 560, 557, 570, 596, 735, 530, 928, 840, 754, 558, 629, 630, 886, 545, 567, 733, 562], [925, 725, 829, 604, 807, 631, 517, 892, 640, 697, 855, 801, 922, 898, 884, 634, 843, 606, 675, 828, 754, 581, 920, 519, 944], [752, 722, 931, 857, 657, 568, 604, 853, 656, 756, 741, 574, 707, 634, 802, 834, 815, 996, 516, 636, 558, 797, 886, 582, 830], [747, 699, 776, 827, 615, 782, 766, 890, 535, 637, 767, 612, 909, 788, 969, 913, 920, 959, 927, 703, 557, 967, 539, 800, 980], [918, 682, 662, 745, 789, 730, 901, 572, 860, 993, 714, 654, 932, 557, 779, 602, 800, 597, 941, 587, 773, 712, 958, 713, 943], [882, 590, 669, 995, 521, 926, 809, 531, 908, 581, 936, 843, 663, 816, 928, 976, 954, 528, 837, 788, 552, 708, 810, 879, 627], [603, 875, 571, 798, 987, 820, 893, 847, 959, 645, 527, 695, 619, 515, 767, 805, 549, 991, 765, 893, 633, 974, 541, 512, 758], [861, 585, 501, 819, 683, 911, 721, 976, 570, 596, 563, 612, 681, 534, 665, 508, 917, 965, 648, 997, 943, 607, 965, 822, 977], [596, 733, 790, 826, 852, 912, 862, 676, 851, 538, 609, 970, 646, 793, 877, 784, 531, 753, 609, 654, 801, 561, 772, 984, 858], [702, 853, 929, 831, 676, 894, 690, 885, 996, 859, 806, 545, 946, 976, 583, 595, 727, 915, 968, 963, 916, 604, 695, 981, 606], [668, 591, 908, 723, 696, 978, 595, 960, 719, 764, 667, 842, 631, 823, 648, 596, 750, 993, 973, 524, 989, 702, 804, 725, 939], [628, 927, 611, 523, 937, 728, 719, 878, 544, 903, 648, 741, 859, 692, 985, 958, 719, 698, 543, 763, 897, 996, 601, 976, 584], [907, 710, 716, 913, 531, 781, 711, 941, 976, 573, 642, 786, 712, 892, 969, 957, 710, 890, 651, 759, 639, 601, 898, 639, 767], [752, 847, 774, 728, 672, 661, 883, 618, 576, 712, 824, 516, 573, 543, 967, 727, 692, 664, 904, 766, 782, 930, 582, 519, 675], [863, 881, 726, 924, 887, 990, 733, 694, 523, 971, 862, 581, 789, 849, 680, 971, 694, 978, 929, 849, 632, 801, 881, 966, 799], [746, 716, 562, 532, 672, 824, 617, 515, 702, 749, 802, 504, 769, 818, 606, 573, 502, 857, 968, 681, 978, 910, 976, 635, 857], [602, 915, 558, 559, 514, 825, 880, 785, 553, 577, 821, 796, 629, 659, 594, 904, 995, 584, 715, 866, 864, 859, 605, 797, 747], [741, 851, 536, 596, 731, 985, 635, 973, 576, 902, 921, 977, 519, 680, 814, 724, 809, 952, 981, 579, 833, 887, 600, 810, 902], [672, 647, 842, 669, 862, 701, 846, 535, 664, 631, 727, 717, 806, 767, 595, 748, 869, 558, 615, 782, 720, 634, 774, 547, 662], [821, 935, 661, 616, 728, 603, 799, 730, 656, 903, 941, 758, 799, 935, 742, 982, 961, 771, 522, 947, 519, 776, 786, 953, 979], [985, 793, 590, 847, 953, 523, 995, 624, 969, 987, 539, 727, 535, 638, 890, 685, 599, 946, 865, 505, 700, 527, 875, 619, 871], [754, 619, 702, 696, 705, 855, 907, 522, 636, 570, 786, 954, 907, 886, 525, 763, 595, 572, 942, 774, 891, 752, 832, 596, 872], [878, 663, 742, 904, 834, 803, 868, 992, 691, 563, 792, 689, 505, 560, 907, 792, 532, 738, 718, 925, 578, 561, 851, 507, 958], [521, 594, 877, 969, 941, 501, 832, 945, 932, 856, 868, 698, 790, 710, 508, 978, 939, 904, 704, 776, 820, 798, 693, 570, 765], [538, 860, 792, 743, 509, 605, 861, 648, 823, 811, 882, 544, 850, 876, 913, 727, 554, 515, 846, 722, 793, 530, 805, 846, 898], [870, 919, 584, 706, 588, 564, 954, 621, 669, 817, 694, 845, 604, 692, 964, 697, 702, 671, 776, 653, 544, 987, 806, 906, 709], [851, 869, 934, 710, 771, 599, 913, 718, 663, 708, 984, 982, 903, 575, 538, 968, 725, 523, 536, 821, 543, 960, 509, 889, 987], [867, 940, 924, 739, 959, 898, 763, 808, 559, 522, 861, 611, 542, 792, 748, 612, 948, 648, 634, 987, 835, 899, 792, 979, 562], [863, 614, 988, 699, 877, 602, 931, 894, 643, 902, 503, 978, 805, 952, 744, 864, 556, 964, 666, 797, 566, 780, 949, 986, 661], [529, 638, 925, 716, 770, 582, 625, 800, 585, 995, 609, 789, 596, 634, 717, 942, 549, 950, 645, 676, 715, 778, 915, 917, 726], [941, 937, 965, 647, 863, 736, 780, 958, 906, 764, 538, 901, 738, 944, 711, 699, 874, 849, 911, 545, 576, 836, 641, 995, 894]]
Variable production cost per unit of each product in each period p: 
[[11, 13, 13, 12, 10, 10, 12, 13, 11, 11, 10, 12, 11, 11, 12, 12, 11, 12, 12, 10, 10, 11, 10, 10, 11], [12, 11, 10, 11, 10, 11, 10, 11, 10, 12, 12, 13, 13, 12, 12, 12, 10, 13, 13, 11, 12, 10, 10, 13, 10], [12, 10, 12, 13, 13, 11, 10, 13, 11, 10, 12, 10, 10, 13, 10, 10, 10, 12, 11, 11, 12, 10, 13, 12, 10], [13, 13, 11, 12, 12, 11, 13, 10, 13, 12, 10, 10, 11, 12, 12, 11, 11, 11, 12, 11, 13, 13, 11, 10, 11], [11, 13, 12, 13, 10, 10, 12, 12, 13, 10, 13, 10, 10, 11, 12, 11, 13, 12, 10, 10, 11, 12, 13, 12, 13], [10, 10, 13, 13, 10, 11, 10, 10, 10, 13, 13, 10, 11, 10, 13, 12, 11, 13, 11, 13, 11, 11, 13, 13, 11], [12, 11, 13, 12, 10, 11, 11, 12, 10, 10, 10, 12, 13, 11, 11, 13, 10, 12, 10, 11, 12, 13, 11, 11, 12], [13, 11, 10, 12, 10, 11, 13, 13, 11, 12, 12, 11, 12, 12, 13, 11, 11, 13, 13, 10, 11, 11, 13, 12, 13], [10, 13, 12, 11, 13, 10, 11, 10, 13, 11, 12, 10, 11, 12, 12, 13, 13, 13, 12, 12, 10, 13, 13, 10, 13], [10, 11, 10, 13, 11, 12, 10, 11, 11, 13, 12, 12, 10, 11, 13, 11, 10, 12, 11, 13, 10, 12, 10, 10, 13], [11, 11, 11, 10, 13, 12, 11, 12, 10, 10, 12, 12, 10, 11, 12, 11, 11, 11, 10, 12, 13, 11, 11, 13, 12], [11, 11, 11, 13, 13, 10, 11, 12, 12, 13, 11, 12, 10, 12, 12, 12, 12, 11, 13, 12, 10, 11, 12, 10, 10], [10, 11, 12, 10, 10, 13, 10, 10, 13, 10, 12, 12, 12, 11, 10, 12, 12, 12, 13, 11, 12, 12, 12, 11, 12], [12, 10, 12, 11, 13, 11, 13, 10, 11, 12, 13, 13, 13, 11, 13, 12, 12, 11, 13, 12, 10, 11, 12, 10, 10], [11, 12, 10, 12, 11, 10, 10, 11, 10, 12, 10, 10, 13, 12, 12, 10, 12, 13, 13, 12, 12, 13, 11, 10, 13], [13, 13, 13, 12, 13, 13, 10, 10, 11, 12, 13, 12, 12, 12, 10, 12, 13, 13, 11, 10, 10, 13, 10, 12, 11], [12, 10, 13, 13, 13, 13, 12, 13, 12, 11, 12, 10, 11, 12, 11, 11, 11, 11, 10, 10, 12, 11, 12, 10, 12], [13, 10, 13, 11, 10, 10, 11, 11, 10, 13, 11, 10, 11, 12, 10, 12, 10, 13, 11, 10, 12, 12, 13, 12, 10], [13, 13, 13, 13, 12, 13, 10, 12, 11, 11, 10, 10, 12, 13, 10, 13, 13, 12, 12, 11, 12, 12, 12, 13, 11], [13, 12, 10, 11, 13, 12, 12, 10, 13, 10, 12, 10, 11, 13, 13, 11, 11, 12, 10, 12, 13, 11, 10, 10, 12], [13, 12, 11, 11, 13, 10, 13, 12, 13, 12, 13, 13, 13, 12, 11, 11, 12, 13, 10, 11, 10, 11, 11, 12, 11], [11, 11, 10, 10, 11, 10, 12, 11, 12, 11, 13, 11, 10, 11, 11, 10, 10, 13, 13, 11, 10, 10, 13, 11, 13], [10, 12, 12, 12, 12, 12, 11, 13, 12, 13, 12, 13, 11, 13, 13, 10, 10, 12, 13, 11, 12, 10, 10, 13, 10], [13, 12, 13, 11, 10, 11, 10, 11, 13, 13, 11, 10, 12, 10, 12, 13, 13, 10, 12, 12, 10, 10, 11, 10, 11], [10, 12, 10, 12, 11, 13, 10, 13, 13, 13, 13, 10, 11, 10, 11, 13, 10, 10, 13, 11, 10, 13, 10, 11, 12], [12, 11, 12, 12, 11, 11, 12, 13, 13, 13, 11, 11, 10, 13, 11, 13, 13, 10, 11, 12, 11, 11, 11, 11, 11], [13, 11, 12, 12, 10, 11, 12, 10, 13, 12, 11, 13, 12, 10, 13, 11, 11, 13, 11, 11, 11, 11, 13, 12, 13], [11, 13, 10, 10, 13, 12, 10, 13, 11, 11, 11, 10, 11, 11, 12, 11, 12, 12, 10, 12, 13, 10, 13, 11, 13], [13, 11, 12, 12, 10, 10, 13, 12, 10, 13, 12, 10, 13, 13, 11, 13, 10, 13, 13, 12, 12, 11, 12, 10, 11], [11, 11, 12, 10, 11, 11, 11, 11, 11, 12, 11, 13, 12, 13, 12, 10, 10, 12, 11, 12, 11, 12, 13, 10, 13], [12, 11, 11, 11, 12, 12, 13, 11, 10, 12, 12, 11, 13, 10, 11, 10, 11, 10, 11, 12, 10, 10, 10, 11, 13], [13, 12, 11, 12, 11, 10, 12, 10, 13, 12, 10, 11, 13, 13, 12, 13, 11, 12, 11, 13, 10, 10, 13, 10, 13], [12, 13, 13, 12, 11, 12, 12, 11, 12, 11, 10, 12, 13, 12, 10, 10, 10, 12, 12, 13, 13, 13, 13, 10, 11], [13, 13, 12, 10, 13, 13, 10, 12, 11, 13, 11, 12, 11, 12, 12, 10, 12, 10, 13, 10, 12, 11, 11, 13, 13], [12, 13, 12, 10, 11, 13, 12, 11, 10, 10, 10, 10, 12, 13, 13, 10, 10, 12, 10, 13, 11, 11, 10, 12, 13], [11, 13, 13, 11, 13, 12, 13, 11, 13, 10, 10, 12, 11, 12, 12, 11, 12, 11, 12, 10, 13, 12, 10, 11, 12], [12, 13, 10, 13, 12, 12, 10, 10, 13, 12, 11, 10, 13, 10, 10, 11, 13, 13, 11, 12, 10, 10, 10, 10, 12], [12, 13, 13, 11, 13, 12, 10, 11, 11, 13, 11, 11, 11, 11, 10, 12, 13, 12, 10, 13, 10, 11, 10, 13, 11], [10, 10, 13, 11, 11, 13, 12, 12, 10, 10, 10, 13, 13, 13, 13, 10, 12, 12, 12, 13, 13, 11, 11, 10, 10], [13, 13, 11, 11, 12, 10, 12, 11, 13, 11, 11, 12, 10, 11, 12, 12, 10, 12, 11, 13, 13, 12, 13, 12, 10], [10, 12, 10, 13, 10, 10, 10, 10, 13, 11, 13, 11, 11, 13, 12, 13, 12, 12, 12, 12, 13, 13, 12, 10, 11], [13, 11, 11, 11, 12, 10, 12, 10, 11, 11, 13, 11, 11, 13, 10, 13, 11, 13, 13, 10, 11, 11, 11, 10, 13], [11, 12, 12, 13, 12, 12, 12, 12, 13, 13, 10, 12, 11, 12, 10, 13, 11, 10, 10, 13, 12, 13, 13, 13, 11], [10, 11, 13, 11, 13, 13, 13, 12, 13, 12, 11, 10, 10, 12, 10, 12, 13, 10, 10, 12, 11, 13, 12, 13, 11], [12, 10, 11, 13, 13, 13, 10, 10, 13, 10, 13, 11, 12, 10, 10, 13, 11, 10, 13, 13, 13, 11, 10, 10, 10], [12, 13, 10, 10, 10, 13, 10, 10, 11, 13, 10, 13, 10, 10, 12, 11, 11, 10, 10, 11, 12, 13, 13, 12, 12], [13, 10, 12, 11, 10, 12, 10, 12, 10, 12, 11, 10, 12, 12, 10, 12, 10, 10, 10, 10, 11, 11, 11, 10, 12], [13, 13, 12, 12, 12, 12, 10, 10, 13, 11, 11, 10, 11, 11, 10, 12, 13, 12, 12, 12, 11, 11, 13, 11, 10], [10, 10, 12, 12, 13, 12, 13, 13, 13, 11, 13, 13, 11, 10, 12, 11, 11, 11, 12, 13, 13, 13, 10, 13, 12], [11, 13, 10, 12, 10, 11, 12, 13, 11, 12, 10, 11, 11, 13, 11, 10, 13, 12, 11, 12, 13, 10, 10, 11, 11], [12, 10, 13, 11, 11, 10, 13, 10, 13, 13, 13, 13, 13, 13, 11, 11, 12, 13, 10, 10, 10, 12, 12, 11, 12], [10, 13, 12, 10, 12, 12, 12, 13, 12, 10, 10, 11, 12, 13, 12, 12, 12, 12, 11, 13, 10, 13, 12, 13, 10], [10, 10, 13, 12, 13, 10, 13, 10, 10, 13, 13, 10, 12, 11, 13, 12, 10, 12, 10, 12, 12, 10, 11, 13, 11], [10, 10, 10, 11, 12, 13, 10, 11, 11, 11, 12, 11, 13, 10, 11, 13, 13, 11, 10, 11, 10, 11, 12, 12, 11], [10, 11, 13, 11, 11, 12, 11, 11, 10, 13, 11, 11, 11, 13, 12, 12, 11, 11, 12, 12, 10, 12, 12, 11, 10], [11, 13, 11, 11, 12, 11, 11, 12, 13, 10, 10, 10, 11, 12, 12, 13, 13, 11, 13, 11, 11, 11, 12, 11, 13], [11, 12, 11, 13, 12, 11, 12, 10, 12, 10, 11, 10, 13, 11, 13, 11, 12, 13, 12, 11, 13, 10, 12, 12, 13], [11, 12, 13, 11, 12, 12, 10, 13, 10, 13, 10, 12, 10, 13, 13, 11, 10, 11, 12, 10, 10, 11, 11, 12, 12], [12, 11, 10, 11, 10, 12, 11, 12, 11, 10, 12, 12, 11, 13, 10, 11, 12, 10, 11, 12, 11, 13, 11, 12, 12], [12, 11, 13, 11, 10, 10, 12, 11, 12, 12, 11, 10, 13, 11, 11, 10, 12, 12, 12, 10, 10, 11, 10, 11, 12], [12, 13, 12, 11, 10, 13, 13, 11, 10, 11, 13, 12, 11, 13, 13, 11, 12, 10, 10, 12, 13, 13, 12, 12, 10], [11, 13, 11, 12, 11, 12, 13, 12, 11, 13, 12, 10, 12, 11, 12, 10, 12, 11, 12, 13, 10, 12, 13, 10, 11], [12, 11, 13, 11, 10, 10, 13, 13, 13, 11, 10, 13, 12, 11, 10, 11, 10, 12, 10, 10, 10, 12, 10, 10, 10], [13, 13, 12, 12, 11, 12, 10, 12, 10, 12, 10, 10, 12, 13, 13, 10, 11, 10, 11, 13, 11, 10, 13, 10, 11], [12, 13, 11, 11, 12, 13, 12, 13, 13, 13, 10, 11, 11, 11, 12, 11, 11, 11, 13, 10, 13, 10, 10, 12, 10], [13, 11, 13, 12, 10, 12, 11, 11, 12, 10, 11, 10, 12, 13, 10, 12, 12, 12, 13, 12, 11, 10, 12, 10, 13], [10, 10, 13, 11, 11, 11, 13, 10, 13, 10, 10, 12, 13, 13, 13, 10, 12, 11, 12, 11, 10, 10, 11, 11, 10], [12, 10, 12, 11, 12, 13, 11, 10, 10, 11, 11, 10, 11, 13, 13, 12, 13, 11, 13, 10, 11, 12, 12, 10, 11], [10, 12, 11, 10, 13, 13, 11, 12, 10, 13, 12, 13, 13, 11, 10, 13, 10, 13, 10, 12, 11, 12, 13, 12, 13], [12, 10, 10, 11, 11, 13, 11, 12, 13, 11, 10, 11, 11, 10, 13, 11, 10, 11, 13, 13, 13, 13, 11, 12, 10], [12, 13, 11, 11, 12, 13, 11, 13, 12, 10, 10, 11, 13, 11, 12, 11, 13, 11, 11, 11, 11, 10, 10, 13, 11], [13, 12, 13, 12, 10, 12, 13, 13, 10, 10, 13, 13, 12, 10, 10, 10, 13, 11, 11, 13, 10, 13, 13, 12, 13], [10, 11, 13, 11, 10, 11, 13, 13, 13, 10, 13, 12, 11, 13, 13, 10, 13, 11, 10, 11, 10, 13, 10, 11, 12], [13, 13, 11, 11, 11, 13, 13, 12, 11, 11, 13, 10, 11, 12, 10, 13, 10, 10, 13, 11, 11, 12, 11, 10, 13], [13, 10, 10, 13, 12, 10, 11, 11, 12, 13, 10, 11, 12, 10, 12, 11, 10, 11, 13, 10, 11, 11, 10, 11, 10], [12, 13, 11, 12, 13, 13, 13, 13, 10, 11, 12, 13, 12, 13, 10, 12, 13, 12, 13, 12, 10, 13, 11, 10, 11], [10, 10, 11, 13, 11, 12, 13, 12, 12, 13, 10, 10, 13, 12, 11, 13, 11, 13, 12, 13, 11, 11, 11, 13, 12], [12, 10, 12, 12, 11, 11, 13, 12, 10, 10, 13, 11, 12, 10, 11, 10, 10, 13, 12, 12, 10, 10, 12, 12, 13], [11, 11, 12, 13, 13, 12, 11, 13, 11, 10, 10, 12, 10, 12, 13, 10, 11, 13, 13, 12, 13, 12, 10, 10, 12], [11, 12, 10, 11, 13, 10, 11, 10, 10, 13, 12, 13, 10, 13, 13, 10, 11, 11, 12, 11, 10, 10, 13, 10, 12], [13, 12, 11, 13, 12, 13, 13, 10, 11, 10, 13, 13, 13, 11, 13, 12, 10, 13, 12, 10, 10, 11, 11, 13, 11], [12, 11, 10, 10, 13, 13, 13, 11, 12, 11, 12, 12, 13, 11, 11, 10, 13, 11, 10, 13, 10, 11, 13, 13, 13], [10, 12, 11, 10, 10, 12, 12, 10, 10, 11, 12, 10, 11, 13, 11, 10, 11, 12, 11, 11, 10, 13, 12, 11, 13], [10, 11, 10, 13, 11, 13, 11, 12, 11, 13, 12, 11, 13, 10, 12, 10, 10, 10, 13, 10, 12, 13, 12, 12, 10], [12, 13, 12, 12, 12, 11, 13, 11, 12, 12, 13, 12, 11, 10, 13, 11, 12, 10, 11, 12, 10, 13, 11, 12, 10], [12, 12, 10, 10, 12, 10, 12, 11, 12, 13, 11, 11, 10, 12, 12, 11, 12, 11, 11, 11, 11, 13, 13, 12, 10], [12, 10, 12, 10, 11, 11, 12, 12, 10, 10, 11, 13, 11, 10, 12, 12, 11, 12, 12, 12, 13, 12, 12, 13, 11], [11, 11, 12, 13, 10, 13, 11, 13, 11, 12, 13, 12, 11, 10, 10, 13, 13, 12, 11, 13, 13, 11, 11, 11, 13], [12, 13, 12, 10, 12, 13, 12, 13, 11, 12, 11, 10, 12, 13, 12, 11, 10, 12, 11, 12, 10, 11, 12, 10, 12], [12, 13, 13, 10, 13, 12, 12, 11, 13, 11, 12, 10, 13, 12, 11, 13, 13, 12, 12, 10, 10, 13, 11, 11, 12], [10, 10, 10, 10, 12, 12, 10, 12, 11, 13, 11, 12, 11, 13, 12, 13, 13, 13, 13, 11, 13, 10, 11, 12, 12], [12, 10, 10, 12, 12, 10, 10, 13, 11, 12, 12, 11, 12, 10, 13, 11, 13, 10, 13, 12, 12, 12, 13, 10, 12], [10, 12, 12, 10, 13, 10, 11, 13, 12, 13, 11, 12, 12, 11, 11, 11, 10, 13, 10, 13, 13, 13, 11, 10, 13], [11, 10, 13, 13, 13, 12, 11, 13, 13, 11, 12, 13, 11, 11, 12, 10, 10, 12, 11, 12, 13, 10, 13, 11, 13], [11, 13, 12, 10, 10, 10, 12, 13, 10, 13, 12, 11, 10, 12, 10, 13, 11, 12, 11, 10, 12, 10, 10, 10, 13], [10, 11, 11, 12, 10, 10, 11, 11, 11, 10, 13, 12, 13, 12, 12, 13, 12, 10, 13, 13, 10, 12, 11, 12, 12], [11, 10, 11, 11, 13, 12, 13, 13, 13, 13, 12, 13, 10, 13, 12, 11, 10, 12, 12, 10, 11, 12, 10, 11, 10], [11, 10, 11, 11, 13, 12, 12, 10, 11, 11, 10, 11, 11, 10, 10, 10, 11, 12, 13, 12, 11, 11, 13, 13, 13], [11, 12, 11, 11, 13, 10, 11, 10, 11, 13, 13, 10, 10, 13, 11, 10, 12, 10, 10, 13, 12, 10, 13, 10, 10], [12, 10, 12, 13, 11, 12, 11, 11, 13, 11, 11, 10, 11, 10, 12, 13, 10, 11, 11, 11, 13, 12, 12, 12, 13]]
Inventory holding cost per unit of each product by the end of each period h: 
[[9, 9, 5, 5, 6, 6, 7, 7, 7, 6, 8, 8, 6, 7, 6, 8, 6, 7, 7, 5, 9, 9, 7, 7, 9], [8, 7, 5, 5, 6, 7, 5, 9, 9, 7, 7, 7, 7, 5, 5, 6, 6, 8, 7, 7, 5, 6, 6, 5, 5], [7, 6, 9, 7, 8, 7, 9, 7, 5, 7, 5, 5, 6, 9, 5, 7, 5, 9, 9, 8, 5, 5, 6, 8, 8], [6, 7, 8, 9, 5, 9, 5, 8, 9, 7, 9, 7, 9, 5, 5, 9, 7, 7, 8, 5, 5, 7, 9, 5, 9], [5, 9, 6, 6, 8, 8, 7, 9, 9, 8, 7, 7, 9, 5, 8, 8, 5, 8, 5, 8, 9, 8, 6, 6, 7], [9, 6, 6, 7, 5, 6, 5, 6, 6, 8, 5, 7, 5, 8, 8, 6, 7, 9, 6, 8, 8, 6, 9, 9, 6], [9, 8, 9, 6, 7, 6, 6, 9, 7, 7, 5, 8, 7, 5, 7, 9, 5, 6, 5, 9, 9, 6, 6, 5, 8], [6, 5, 5, 9, 5, 8, 5, 5, 9, 5, 9, 5, 9, 6, 9, 8, 6, 9, 9, 8, 6, 6, 6, 5, 6], [8, 8, 6, 8, 7, 5, 9, 8, 5, 5, 7, 9, 6, 9, 5, 9, 7, 5, 7, 6, 5, 5, 8, 7, 9], [8, 6, 8, 5, 9, 8, 9, 5, 9, 6, 6, 5, 5, 9, 8, 9, 7, 8, 7, 9, 5, 9, 5, 6, 7], [7, 8, 5, 9, 7, 8, 6, 7, 6, 7, 8, 6, 7, 7, 8, 5, 6, 6, 6, 7, 7, 7, 8, 6, 8], [8, 8, 9, 5, 6, 6, 9, 7, 6, 8, 8, 9, 5, 6, 9, 8, 5, 8, 8, 8, 9, 8, 8, 8, 6], [8, 9, 8, 8, 5, 7, 7, 8, 5, 9, 6, 5, 6, 7, 7, 6, 9, 5, 8, 5, 5, 6, 9, 6, 7], [8, 7, 8, 7, 9, 8, 9, 8, 7, 9, 9, 5, 5, 9, 7, 6, 8, 6, 9, 9, 6, 9, 9, 5, 7], [9, 9, 6, 6, 6, 8, 7, 5, 6, 5, 5, 9, 7, 6, 9, 8, 6, 8, 9, 5, 6, 9, 9, 5, 7], [9, 5, 7, 8, 9, 5, 7, 9, 7, 8, 6, 8, 9, 9, 7, 6, 5, 7, 6, 6, 6, 7, 7, 5, 7], [7, 7, 7, 7, 9, 5, 6, 5, 7, 7, 6, 6, 5, 8, 6, 7, 5, 6, 9, 7, 9, 7, 6, 9, 7], [9, 9, 7, 9, 5, 6, 6, 7, 6, 7, 5, 8, 6, 7, 9, 7, 5, 6, 7, 5, 8, 7, 6, 8, 8], [8, 6, 5, 7, 9, 8, 7, 5, 8, 9, 9, 8, 7, 8, 7, 5, 9, 5, 6, 7, 8, 8, 6, 6, 5], [5, 7, 5, 7, 8, 7, 8, 6, 6, 9, 6, 8, 6, 9, 5, 5, 9, 5, 7, 9, 9, 9, 5, 7, 5], [5, 8, 9, 6, 8, 6, 9, 6, 7, 9, 9, 9, 8, 8, 8, 7, 5, 8, 8, 6, 6, 5, 7, 5, 5], [5, 5, 8, 8, 8, 8, 7, 6, 7, 5, 9, 6, 7, 8, 8, 5, 6, 9, 9, 5, 7, 8, 5, 8, 8], [6, 7, 7, 6, 6, 7, 8, 5, 7, 5, 5, 9, 7, 7, 9, 5, 9, 5, 9, 7, 6, 7, 7, 7, 7], [8, 9, 5, 6, 7, 7, 9, 9, 8, 8, 5, 5, 9, 7, 8, 7, 5, 9, 9, 5, 6, 7, 5, 6, 7], [7, 6, 7, 6, 9, 6, 9, 8, 6, 5, 9, 5, 9, 7, 9, 5, 9, 5, 8, 9, 6, 8, 7, 8, 6], [7, 5, 8, 9, 6, 6, 6, 5, 8, 7, 5, 7, 6, 7, 7, 5, 7, 6, 8, 7, 8, 9, 8, 7, 7], [8, 8, 9, 6, 8, 8, 9, 6, 8, 7, 9, 7, 8, 6, 8, 7, 8, 5, 7, 9, 7, 7, 6, 6, 7], [6, 6, 9, 5, 7, 6, 6, 7, 6, 7, 9, 6, 5, 5, 8, 9, 9, 6, 6, 6, 5, 9, 8, 7, 9], [7, 5, 6, 5, 9, 8, 7, 6, 9, 7, 7, 7, 6, 7, 5, 6, 6, 6, 8, 8, 8, 9, 8, 8, 9], [6, 9, 8, 5, 5, 6, 8, 8, 8, 6, 6, 8, 5, 8, 5, 9, 5, 9, 9, 9, 9, 8, 5, 6, 8], [6, 5, 7, 6, 9, 8, 7, 8, 6, 8, 8, 6, 9, 5, 6, 6, 6, 6, 7, 7, 6, 9, 5, 8, 8], [5, 6, 7, 7, 5, 8, 9, 8, 5, 6, 5, 7, 7, 5, 7, 5, 9, 9, 9, 6, 6, 6, 9, 9, 7], [5, 8, 7, 5, 8, 5, 5, 9, 8, 9, 6, 6, 7, 8, 6, 5, 7, 7, 7, 5, 5, 9, 8, 7, 6], [5, 8, 8, 6, 9, 8, 8, 5, 8, 7, 5, 8, 8, 5, 6, 7, 5, 7, 6, 8, 7, 7, 7, 5, 8], [9, 9, 5, 9, 6, 6, 5, 8, 9, 8, 9, 6, 7, 5, 6, 9, 7, 8, 5, 6, 7, 9, 9, 5, 9], [9, 7, 8, 9, 5, 6, 6, 7, 9, 9, 5, 5, 8, 8, 5, 5, 9, 8, 8, 8, 8, 6, 7, 5, 5], [5, 8, 7, 5, 5, 7, 9, 5, 5, 5, 8, 5, 5, 8, 7, 6, 5, 8, 8, 5, 7, 8, 9, 6, 8], [7, 9, 7, 7, 9, 6, 5, 5, 6, 8, 5, 7, 6, 7, 8, 5, 7, 8, 7, 6, 5, 5, 7, 9, 7], [8, 8, 8, 6, 8, 9, 5, 6, 5, 7, 9, 9, 5, 5, 9, 8, 8, 6, 9, 9, 8, 5, 8, 9, 9], [8, 7, 8, 5, 8, 7, 7, 5, 5, 8, 9, 7, 7, 8, 9, 9, 5, 7, 8, 7, 9, 6, 6, 5, 5], [9, 7, 6, 9, 7, 6, 8, 7, 7, 9, 8, 5, 7, 9, 8, 8, 9, 6, 6, 9, 9, 8, 9, 8, 9], [7, 8, 7, 7, 5, 6, 9, 7, 9, 9, 7, 6, 8, 9, 7, 8, 9, 8, 5, 6, 7, 5, 9, 8, 5], [6, 5, 5, 8, 5, 5, 5, 7, 5, 9, 5, 5, 6, 9, 6, 5, 6, 7, 6, 6, 9, 7, 9, 8, 9], [9, 6, 8, 9, 9, 7, 9, 7, 7, 7, 5, 9, 8, 6, 5, 7, 6, 9, 6, 7, 6, 5, 9, 7, 5], [7, 7, 5, 6, 6, 8, 7, 9, 8, 7, 7, 7, 9, 7, 5, 9, 6, 5, 8, 5, 6, 7, 5, 7, 8], [5, 9, 8, 7, 7, 7, 7, 5, 5, 8, 9, 9, 6, 7, 6, 8, 6, 7, 7, 5, 7, 5, 9, 7, 8], [7, 8, 5, 9, 6, 7, 8, 9, 5, 8, 7, 8, 6, 5, 6, 9, 8, 9, 5, 7, 5, 7, 6, 5, 9], [9, 7, 6, 5, 5, 8, 7, 8, 9, 9, 8, 9, 5, 9, 5, 5, 8, 8, 9, 6, 8, 5, 8, 5, 6], [8, 9, 8, 8, 5, 6, 9, 8, 8, 5, 9, 8, 9, 9, 7, 8, 9, 7, 7, 9, 7, 8, 6, 8, 5], [6, 9, 7, 6, 9, 6, 5, 5, 6, 6, 9, 6, 8, 6, 8, 9, 7, 6, 9, 6, 6, 5, 8, 7, 8], [5, 6, 8, 7, 8, 5, 7, 7, 8, 7, 8, 9, 6, 6, 7, 7, 6, 5, 8, 8, 6, 6, 6, 8, 7], [9, 8, 9, 6, 9, 8, 7, 5, 6, 7, 5, 9, 7, 5, 8, 6, 8, 9, 5, 6, 8, 9, 9, 5, 8], [6, 7, 6, 5, 7, 9, 7, 7, 9, 9, 5, 6, 6, 9, 8, 5, 7, 9, 6, 7, 6, 6, 8, 7, 9], [6, 5, 7, 7, 7, 5, 8, 5, 8, 8, 6, 5, 8, 6, 5, 9, 9, 9, 7, 6, 5, 6, 9, 9, 8], [9, 8, 9, 9, 8, 7, 8, 9, 9, 9, 6, 6, 5, 8, 5, 8, 6, 7, 8, 7, 9, 6, 9, 5, 7], [9, 7, 7, 6, 8, 6, 9, 6, 9, 8, 8, 8, 5, 5, 8, 5, 5, 5, 5, 8, 9, 8, 7, 7, 8], [7, 5, 5, 9, 8, 9, 5, 8, 7, 7, 7, 7, 7, 9, 6, 9, 5, 6, 9, 7, 9, 9, 5, 9, 9], [5, 9, 8, 6, 8, 5, 9, 9, 5, 5, 9, 9, 6, 8, 6, 6, 5, 7, 7, 8, 8, 7, 8, 8, 5], [9, 5, 8, 9, 8, 6, 9, 6, 8, 5, 9, 9, 6, 8, 8, 9, 8, 6, 5, 8, 6, 8, 8, 9, 9], [7, 5, 8, 8, 6, 9, 7, 8, 7, 8, 8, 7, 8, 8, 8, 8, 7, 8, 9, 7, 5, 8, 8, 5, 9], [5, 5, 6, 9, 7, 9, 7, 8, 8, 5, 9, 6, 9, 8, 9, 8, 6, 5, 7, 7, 9, 6, 5, 6, 5], [6, 9, 9, 9, 9, 8, 9, 7, 6, 8, 6, 9, 8, 6, 8, 7, 9, 9, 6, 9, 6, 7, 5, 7, 9], [7, 8, 5, 7, 6, 8, 6, 8, 7, 8, 5, 7, 5, 6, 7, 6, 8, 9, 8, 8, 9, 6, 6, 7, 6], [7, 6, 9, 9, 8, 7, 9, 9, 8, 7, 8, 9, 9, 5, 9, 5, 9, 7, 9, 8, 8, 9, 9, 6, 5], [9, 9, 8, 7, 7, 5, 8, 9, 7, 9, 8, 6, 9, 7, 6, 8, 7, 5, 9, 5, 9, 5, 9, 7, 6], [7, 9, 6, 7, 7, 8, 8, 7, 7, 6, 7, 5, 7, 5, 8, 8, 8, 8, 9, 6, 6, 5, 7, 7, 6], [7, 5, 9, 6, 5, 7, 8, 9, 5, 5, 7, 9, 6, 9, 7, 7, 9, 5, 8, 5, 8, 6, 6, 8, 6], [9, 9, 5, 9, 9, 7, 9, 7, 8, 7, 6, 6, 6, 8, 9, 9, 6, 9, 8, 9, 6, 5, 5, 6, 5], [8, 6, 8, 5, 9, 8, 8, 8, 7, 5, 8, 7, 5, 8, 9, 5, 9, 6, 8, 9, 6, 9, 9, 5, 6], [6, 6, 5, 7, 9, 5, 6, 6, 5, 6, 9, 6, 9, 5, 7, 5, 5, 5, 5, 6, 9, 8, 6, 7, 9], [6, 5, 6, 9, 7, 9, 9, 6, 9, 9, 6, 9, 9, 8, 8, 9, 9, 9, 8, 5, 6, 5, 5, 9, 6], [9, 5, 7, 7, 9, 9, 7, 7, 7, 5, 9, 5, 5, 9, 9, 7, 6, 9, 8, 9, 6, 7, 9, 8, 8], [7, 8, 7, 6, 6, 5, 7, 5, 9, 8, 8, 9, 8, 7, 9, 8, 8, 6, 6, 7, 7, 7, 7, 5, 5], [6, 5, 8, 5, 6, 6, 9, 8, 5, 7, 9, 7, 5, 6, 8, 5, 7, 6, 8, 7, 5, 9, 7, 8, 8], [5, 6, 6, 6, 9, 6, 5, 9, 9, 7, 7, 5, 6, 8, 9, 7, 9, 8, 6, 8, 9, 5, 5, 7, 6], [5, 8, 8, 5, 6, 6, 7, 8, 8, 6, 9, 8, 5, 8, 7, 8, 9, 9, 7, 8, 7, 6, 6, 7, 7], [8, 5, 8, 7, 5, 5, 7, 6, 6, 6, 7, 7, 7, 6, 5, 8, 7, 7, 6, 9, 5, 7, 9, 6, 9], [9, 7, 6, 9, 8, 6, 6, 9, 6, 5, 5, 7, 6, 9, 7, 5, 9, 6, 9, 9, 9, 7, 8, 8, 5], [5, 5, 6, 9, 7, 8, 6, 9, 8, 8, 7, 6, 5, 5, 6, 7, 7, 8, 8, 5, 8, 9, 7, 9, 9], [7, 7, 8, 9, 7, 9, 9, 6, 5, 9, 7, 9, 8, 5, 8, 8, 5, 9, 6, 6, 5, 5, 9, 7, 9], [8, 9, 5, 8, 9, 9, 7, 9, 8, 8, 9, 8, 5, 8, 6, 8, 9, 7, 8, 9, 7, 8, 5, 5, 6], [6, 8, 5, 7, 6, 8, 7, 5, 6, 5, 7, 9, 8, 5, 5, 9, 8, 7, 6, 5, 9, 7, 9, 8, 7], [6, 5, 7, 5, 9, 9, 9, 9, 8, 7, 8, 6, 5, 7, 5, 5, 6, 7, 5, 9, 5, 5, 9, 8, 8], [9, 5, 5, 6, 9, 9, 6, 6, 7, 6, 7, 9, 7, 7, 5, 9, 6, 6, 8, 8, 5, 7, 5, 9, 9], [7, 9, 7, 6, 7, 8, 5, 8, 7, 7, 6, 6, 9, 5, 5, 9, 6, 6, 9, 9, 6, 8, 6, 9, 8], [9, 6, 5, 5, 9, 9, 5, 5, 6, 7, 5, 6, 8, 7, 7, 6, 9, 9, 8, 7, 9, 8, 8, 6, 7], [8, 5, 6, 8, 9, 7, 9, 9, 8, 5, 6, 6, 9, 9, 6, 8, 6, 8, 6, 7, 7, 7, 8, 6, 9], [5, 9, 7, 5, 6, 7, 5, 5, 5, 5, 9, 8, 5, 5, 9, 5, 7, 7, 5, 8, 9, 8, 5, 9, 9], [9, 6, 9, 9, 8, 7, 6, 9, 5, 9, 8, 5, 9, 5, 6, 8, 6, 6, 5, 8, 5, 6, 9, 9, 6], [9, 8, 5, 5, 5, 9, 6, 8, 7, 5, 7, 8, 7, 5, 6, 6, 9, 5, 7, 9, 9, 8, 9, 6, 8], [5, 7, 7, 8, 5, 6, 8, 5, 7, 6, 5, 8, 5, 8, 8, 5, 9, 9, 5, 5, 8, 9, 6, 6, 6], [6, 8, 9, 5, 5, 7, 5, 8, 7, 8, 6, 7, 8, 6, 5, 9, 7, 8, 6, 8, 9, 6, 5, 6, 9], [8, 6, 8, 6, 7, 6, 7, 7, 8, 9, 7, 5, 7, 9, 7, 5, 9, 7, 5, 8, 5, 6, 6, 7, 8], [8, 8, 6, 5, 7, 8, 6, 9, 5, 6, 5, 6, 8, 6, 6, 8, 9, 8, 6, 8, 5, 8, 7, 9, 8], [7, 5, 5, 9, 6, 9, 6, 6, 9, 8, 6, 8, 6, 7, 8, 9, 5, 5, 6, 7, 8, 5, 6, 5, 7], [5, 7, 7, 6, 9, 9, 8, 5, 5, 9, 5, 8, 5, 9, 9, 8, 8, 7, 6, 7, 5, 9, 7, 8, 9], [8, 5, 9, 6, 8, 8, 8, 6, 6, 7, 7, 5, 7, 9, 9, 5, 7, 5, 7, 8, 7, 5, 9, 9, 5], [9, 5, 7, 5, 8, 7, 5, 5, 6, 7, 5, 6, 7, 6, 5, 9, 7, 7, 5, 5, 7, 8, 5, 8, 7], [9, 6, 9, 7, 6, 6, 6, 5, 8, 8, 6, 7, 5, 7, 9, 9, 6, 7, 6, 7, 7, 5, 7, 5, 7], [7, 8, 7, 9, 6, 6, 5, 8, 5, 8, 6, 5, 9, 8, 5, 9, 7, 5, 8, 5, 6, 5, 9, 9, 7]]
Demand for each product in each period d: 
[[0, 31, 13, 31, 29, 6, 27, 1, 38, 49, 29, 21, 5, 11, 34, 38, 15, 46, 9, 0, 34, 39, 9, 12, 35], [11, 27, 42, 27, 32, 2, 28, 34, 4, 6, 17, 22, 23, 25, 18, 42, 26, 45, 23, 18, 32, 17, 1, 28, 0], [13, 7, 11, 0, 0, 16, 49, 19, 40, 10, 26, 2, 47, 40, 35, 12, 6, 27, 36, 38, 45, 19, 16, 0, 26], [19, 25, 0, 28, 38, 9, 0, 0, 43, 19, 38, 49, 11, 38, 42, 9, 0, 40, 13, 2, 4, 33, 46, 18, 36], [10, 1, 48, 16, 4, 46, 17, 22, 35, 2, 20, 2, 28, 23, 7, 15, 34, 19, 27, 38, 8, 40, 40, 48, 45], [12, 2, 34, 47, 48, 42, 11, 46, 0, 37, 49, 6, 38, 12, 27, 27, 47, 23, 1, 43, 17, 0, 4, 38, 20], [21, 47, 3, 27, 15, 42, 42, 18, 0, 11, 12, 15, 48, 0, 14, 35, 19, 24, 45, 40, 18, 26, 11, 33, 16], [23, 0, 33, 20, 33, 8, 37, 24, 46, 10, 8, 40, 8, 27, 6, 14, 11, 3, 23, 29, 8, 19, 0, 20, 48], [36, 4, 5, 32, 28, 44, 19, 49, 3, 31, 6, 17, 8, 47, 38, 31, 3, 13, 5, 3, 8, 39, 34, 15, 29], [7, 21, 22, 34, 12, 11, 8, 45, 1, 34, 29, 27, 47, 35, 17, 17, 38, 22, 30, 7, 3, 36, 11, 32, 43], [17, 15, 0, 0, 27, 25, 12, 0, 40, 37, 21, 4, 26, 17, 0, 19, 42, 32, 43, 3, 22, 3, 1, 3, 16], [5, 8, 2, 25, 31, 47, 32, 46, 18, 19, 30, 6, 5, 8, 8, 21, 0, 4, 9, 14, 12, 25, 0, 45, 18], [27, 16, 10, 0, 20, 14, 0, 28, 48, 24, 31, 16, 44, 24, 22, 28, 34, 0, 20, 0, 38, 38, 1, 41, 15], [11, 7, 31, 49, 2, 21, 6, 43, 2, 40, 33, 43, 8, 2, 33, 0, 49, 9, 0, 45, 28, 24, 38, 16, 9], [17, 25, 29, 9, 47, 43, 10, 45, 0, 18, 46, 18, 18, 39, 29, 33, 34, 40, 44, 31, 31, 43, 43, 42, 11], [21, 1, 9, 12, 12, 10, 22, 0, 8, 28, 12, 8, 16, 2, 14, 10, 0, 17, 0, 19, 18, 23, 6, 12, 11], [15, 0, 23, 14, 12, 25, 21, 14, 28, 15, 10, 14, 16, 27, 26, 13, 3, 20, 12, 28, 11, 16, 27, 2, 13], [10, 17, 21, 20, 26, 20, 26, 26, 4, 4, 16, 13, 14, 15, 25, 11, 0, 0, 0, 7, 20, 17, 15, 4, 22], [28, 22, 16, 6, 3, 7, 25, 16, 29, 4, 20, 19, 24, 10, 4, 22, 24, 20, 24, 27, 12, 27, 29, 17, 4], [25, 5, 17, 17, 26, 26, 2, 25, 0, 4, 22, 17, 7, 12, 0, 0, 26, 3, 16, 17, 18, 2, 23, 5, 20], [28, 7, 24, 1, 22, 9, 17, 20, 2, 2, 6, 25, 16, 8, 29, 14, 9, 16, 12, 11, 21, 24, 23, 19, 6], [8, 28, 0, 15, 5, 18, 25, 5, 24, 20, 10, 17, 24, 19, 13, 5, 12, 26, 12, 15, 25, 1, 0, 1, 8], [6, 8, 22, 0, 15, 8, 12, 4, 12, 14, 14, 2, 7, 0, 17, 8, 8, 16, 13, 4, 26, 1, 18, 18, 23], [26, 24, 25, 19, 9, 7, 26, 0, 22, 26, 12, 2, 25, 10, 19, 11, 18, 22, 18, 8, 7, 26, 4, 17, 17], [14, 18, 3, 17, 21, 19, 19, 3, 25, 11, 5, 0, 13, 27, 9, 5, 15, 14, 1, 25, 26, 0, 28, 3, 16], [1, 23, 0, 1, 25, 22, 0, 3, 17, 5, 11, 7, 8, 0, 10, 27, 22, 12, 21, 29, 11, 26, 19, 5, 14], [6, 10, 6, 19, 11, 29, 7, 3, 28, 11, 16, 28, 18, 17, 0, 18, 28, 14, 8, 5, 23, 15, 7, 13, 0], [10, 21, 20, 5, 23, 15, 5, 25, 0, 24, 1, 23, 0, 0, 2, 9, 1, 21, 3, 10, 15, 0, 17, 10, 17], [19, 2, 0, 28, 16, 0, 6, 11, 0, 15, 9, 5, 11, 8, 8, 26, 6, 1, 7, 15, 0, 7, 0, 16, 0], [0, 1, 6, 14, 4, 0, 25, 8, 7, 11, 0, 15, 15, 3, 29, 19, 17, 20, 12, 23, 16, 16, 7, 17, 14], [20, 0, 28, 25, 6, 21, 26, 14, 4, 0, 20, 20, 29, 15, 21, 12, 18, 5, 12, 10, 10, 14, 3, 27, 17], [19, 23, 15, 10, 13, 0, 21, 4, 8, 27, 27, 1, 0, 11, 18, 27, 4, 3, 21, 11, 18, 26, 25, 26, 11], [29, 23, 10, 24, 5, 8, 7, 2, 22, 1, 19, 16, 6, 2, 19, 11, 5, 10, 2, 4, 2, 20, 9, 22, 3], [16, 0, 27, 25, 9, 16, 0, 6, 0, 22, 11, 21, 29, 22, 9, 0, 14, 18, 19, 10, 25, 9, 29, 18, 14], [21, 29, 10, 23, 24, 19, 4, 27, 9, 16, 0, 21, 20, 3, 0, 24, 26, 6, 1, 29, 26, 21, 4, 6, 22], [19, 25, 27, 13, 18, 29, 2, 10, 6, 23, 0, 26, 28, 22, 5, 5, 13, 5, 11, 1, 18, 0, 6, 0, 29], [14, 29, 0, 18, 25, 27, 9, 29, 6, 12, 14, 29, 19, 27, 0, 0, 29, 0, 25, 21, 0, 7, 29, 4, 0], [20, 29, 29, 20, 19, 3, 4, 0, 29, 5, 18, 5, 18, 16, 7, 11, 26, 29, 23, 3, 16, 25, 0, 23, 27], [29, 27, 26, 11, 2, 16, 27, 28, 3, 21, 5, 25, 21, 23, 6, 3, 29, 6, 28, 16, 13, 25, 20, 7, 21], [8, 12, 8, 6, 23, 13, 14, 16, 2, 16, 13, 20, 14, 28, 8, 21, 1, 26, 12, 19, 1, 0, 5, 21, 19], [6, 2, 0, 3, 8, 0, 1, 6, 3, 3, 5, 5, 6, 9, 8, 0, 5, 3, 6, 2, 0, 1, 7, 1, 7], [4, 2, 0, 8, 9, 5, 0, 5, 5, 4, 9, 0, 3, 0, 7, 1, 0, 6, 7, 5, 6, 5, 3, 9, 5], [0, 1, 5, 8, 0, 4, 0, 7, 0, 9, 5, 2, 3, 7, 4, 5, 1, 5, 0, 3, 9, 3, 4, 2, 5], [1, 2, 0, 8, 7, 8, 7, 7, 0, 5, 6, 4, 0, 1, 8, 7, 4, 5, 7, 0, 9, 1, 8, 9, 5], [8, 2, 0, 4, 5, 9, 0, 4, 9, 0, 0, 8, 5, 1, 5, 8, 0, 3, 5, 4, 5, 5, 6, 1, 0], [9, 0, 3, 5, 4, 1, 2, 0, 3, 0, 8, 6, 5, 7, 3, 3, 9, 2, 9, 4, 0, 8, 8, 7, 0], [3, 5, 3, 3, 2, 8, 3, 7, 1, 0, 5, 9, 3, 1, 2, 1, 6, 0, 9, 7, 9, 6, 4, 5, 1], [0, 0, 2, 5, 0, 6, 0, 4, 5, 9, 9, 2, 2, 7, 6, 2, 2, 5, 1, 2, 6, 9, 7, 2, 8], [6, 7, 0, 4, 5, 1, 0, 4, 0, 2, 4, 9, 3, 6, 3, 6, 4, 1, 3, 8, 2, 4, 3, 6, 6], [3, 8, 0, 4, 7, 0, 5, 0, 6, 2, 7, 4, 4, 1, 7, 5, 5, 3, 8, 5, 8, 5, 0, 7, 2], [7, 3, 0, 0, 5, 1, 5, 8, 5, 2, 1, 5, 5, 9, 9, 3, 0, 0, 8, 1, 8, 0, 2, 6, 4], [4, 0, 7, 6, 0, 1, 3, 5, 9, 2, 8, 8, 5, 9, 0, 1, 6, 4, 6, 6, 0, 2, 7, 2, 9], [4, 2, 9, 0, 2, 6, 1, 6, 6, 3, 4, 0, 1, 6, 3, 4, 4, 4, 7, 1, 4, 1, 2, 0, 5], [4, 0, 0, 0, 9, 7, 7, 8, 7, 1, 1, 8, 5, 4, 2, 4, 3, 0, 0, 2, 3, 2, 2, 1, 6], [4, 9, 5, 9, 3, 9, 5, 9, 9, 2, 9, 4, 2, 3, 6, 0, 5, 6, 3, 8, 9, 7, 6, 7, 9], [3, 6, 1, 4, 3, 6, 3, 4, 2, 8, 4, 0, 4, 0, 3, 2, 5, 0, 1, 0, 0, 3, 9, 0, 0], [7, 7, 2, 1, 8, 5, 4, 3, 7, 6, 6, 9, 3, 7, 6, 2, 2, 0, 9, 0, 6, 4, 0, 9, 8], [0, 1, 5, 2, 9, 2, 6, 6, 0, 2, 8, 9, 4, 5, 5, 3, 1, 2, 0, 2, 8, 0, 0, 8, 9], [5, 3, 2, 4, 9, 9, 2, 6, 1, 9, 7, 6, 7, 9, 4, 9, 4, 5, 4, 1, 0, 3, 1, 7, 8], [0, 7, 0, 1, 8, 3, 7, 4, 3, 0, 9, 5, 0, 5, 5, 3, 7, 8, 6, 3, 7, 0, 7, 1, 3], [6, 2, 1, 2, 5, 1, 5, 4, 2, 1, 0, 6, 6, 3, 1, 8, 1, 3, 3, 0, 6, 9, 7, 8, 3], [7, 3, 5, 3, 0, 5, 7, 0, 7, 7, 1, 2, 4, 8, 6, 6, 3, 9, 4, 4, 7, 2, 9, 0, 1], [9, 0, 3, 3, 5, 7, 1, 1, 5, 7, 2, 3, 7, 2, 9, 9, 7, 2, 8, 5, 2, 9, 9, 5, 9], [3, 8, 6, 8, 4, 5, 6, 0, 0, 8, 2, 8, 1, 4, 4, 9, 5, 0, 1, 0, 3, 6, 6, 7, 2], [8, 5, 6, 4, 6, 9, 6, 6, 8, 4, 9, 9, 2, 1, 5, 5, 9, 6, 4, 5, 8, 3, 7, 6, 7], [2, 0, 2, 5, 7, 1, 2, 8, 0, 6, 8, 3, 6, 0, 0, 6, 6, 3, 1, 7, 9, 4, 2, 2, 8], [1, 7, 6, 5, 0, 6, 4, 0, 0, 0, 2, 1, 5, 2, 8, 0, 1, 1, 3, 5, 9, 0, 9, 5, 0], [3, 2, 4, 0, 0, 4, 4, 3, 3, 7, 0, 9, 3, 1, 7, 5, 7, 3, 1, 8, 2, 5, 6, 9, 5], [1, 2, 4, 1, 4, 3, 7, 7, 2, 7, 6, 9, 9, 0, 7, 6, 8, 4, 6, 2, 7, 9, 0, 7, 8], [6, 2, 0, 8, 4, 4, 5, 5, 0, 6, 2, 5, 6, 6, 3, 2, 2, 7, 7, 2, 9, 4, 4, 1, 6], [7, 0, 0, 6, 1, 4, 1, 6, 0, 0, 4, 8, 0, 0, 1, 7, 4, 9, 3, 9, 5, 5, 0, 0, 6], [2, 1, 2, 3, 8, 3, 2, 2, 5, 4, 1, 3, 5, 6, 9, 0, 0, 7, 6, 5, 8, 1, 0, 2, 7], [5, 8, 1, 1, 9, 3, 4, 7, 8, 1, 5, 7, 5, 7, 9, 0, 4, 1, 8, 5, 0, 0, 8, 9, 5], [3, 0, 8, 3, 0, 3, 1, 6, 1, 8, 6, 4, 5, 0, 6, 3, 1, 2, 1, 9, 7, 1, 8, 4, 2], [2, 5, 9, 8, 8, 8, 4, 9, 1, 5, 3, 4, 0, 8, 8, 9, 8, 4, 4, 1, 9, 2, 8, 2, 5], [1, 2, 9, 9, 0, 5, 0, 2, 9, 2, 0, 8, 8, 7, 7, 6, 7, 3, 7, 5, 2, 0, 3, 2, 6], [4, 6, 9, 9, 3, 8, 8, 3, 0, 2, 4, 8, 7, 0, 2, 0, 1, 6, 3, 9, 5, 1, 9, 5, 1], [3, 6, 9, 2, 8, 5, 0, 6, 5, 5, 4, 4, 3, 2, 9, 0, 6, 0, 6, 2, 8, 8, 3, 6, 0], [6, 8, 9, 5, 7, 7, 4, 6, 6, 5, 9, 2, 4, 9, 2, 0, 0, 2, 4, 2, 6, 7, 2, 0, 8], [4, 6, 8, 7, 7, 1, 8, 7, 4, 3, 1, 7, 4, 9, 7, 3, 6, 1, 3, 4, 4, 0, 8, 1, 8], [1, 2, 4, 0, 9, 6, 3, 8, 6, 4, 7, 6, 4, 7, 6, 3, 5, 9, 5, 9, 0, 4, 0, 6, 3], [3, 9, 9, 7, 7, 9, 9, 3, 9, 3, 9, 6, 6, 1, 8, 0, 6, 1, 4, 1, 3, 1, 4, 8, 0], [9, 2, 3, 6, 1, 3, 7, 9, 6, 5, 8, 0, 5, 0, 0, 5, 2, 0, 5, 4, 5, 0, 5, 1, 6], [0, 9, 4, 5, 3, 8, 3, 2, 0, 1, 2, 5, 2, 6, 1, 3, 6, 1, 6, 4, 5, 0, 1, 7, 3], [5, 6, 6, 3, 1, 7, 3, 9, 4, 4, 1, 1, 2, 0, 7, 4, 1, 3, 7, 9, 8, 6, 0, 4, 7], [9, 5, 0, 7, 7, 3, 9, 5, 2, 5, 1, 1, 4, 6, 0, 0, 3, 6, 9, 8, 8, 3, 4, 6, 9], [5, 8, 9, 4, 6, 0, 3, 0, 0, 6, 0, 8, 5, 9, 5, 7, 1, 0, 6, 4, 7, 5, 5, 4, 1], [7, 2, 5, 1, 4, 2, 9, 4, 8, 3, 4, 0, 5, 8, 5, 1, 1, 1, 5, 9, 1, 7, 9, 7, 0], [5, 3, 8, 0, 0, 2, 2, 2, 7, 2, 9, 0, 0, 4, 6, 7, 2, 0, 7, 5, 8, 5, 9, 1, 3], [4, 4, 4, 5, 0, 2, 2, 2, 2, 9, 5, 5, 0, 4, 4, 7, 8, 6, 0, 1, 2, 2, 7, 2, 9], [1, 7, 3, 6, 3, 6, 3, 3, 6, 7, 3, 2, 8, 7, 9, 9, 9, 1, 8, 2, 0, 3, 0, 5, 2], [9, 1, 8, 9, 0, 3, 1, 6, 5, 4, 7, 7, 3, 3, 8, 1, 8, 2, 1, 6, 8, 2, 1, 8, 1], [3, 9, 7, 1, 5, 7, 0, 7, 0, 1, 8, 2, 9, 9, 0, 0, 1, 9, 6, 2, 8, 6, 6, 7, 4], [7, 1, 4, 0, 0, 2, 8, 5, 8, 0, 7, 2, 7, 6, 2, 9, 4, 1, 2, 8, 4, 6, 9, 6, 0], [3, 9, 8, 0, 9, 2, 7, 6, 3, 2, 9, 5, 7, 6, 8, 0, 5, 0, 9, 1, 6, 7, 2, 2, 0], [9, 2, 3, 4, 5, 9, 4, 7, 0, 3, 2, 1, 7, 6, 7, 3, 7, 1, 2, 9, 2, 5, 6, 9, 2], [5, 3, 0, 9, 1, 3, 0, 8, 1, 4, 2, 0, 0, 0, 8, 5, 7, 5, 4, 6, 4, 7, 0, 4, 8], [6, 7, 7, 0, 0, 7, 8, 8, 8, 4, 2, 8, 9, 0, 1, 5, 4, 4, 9, 0, 5, 1, 6, 7, 1], [4, 2, 3, 6, 9, 0, 0, 3, 0, 3, 0, 4, 8, 0, 0, 0, 1, 6, 0, 5, 7, 0, 8, 4, 4], [1, 6, 4, 4, 0, 9, 2, 2, 6, 8, 6, 6, 8, 4, 4, 4, 8, 6, 5, 8, 7, 8, 9, 5, 4]]
Maintenance cost in each period m: 
[9421, 8946, 11431, 10033, 11528, 8896, 10457, 12106, 10920, 9491, 12331, 9550, 12107, 9878, 9863, 11613, 11933, 9758, 8831, 9205, 11381, 9352, 11491, 12019, 9601]
Maximum capacity of the machine cmax: 
4700