Set of periods in the planning horizon T: 
10
Set of products P: 
20
Capacity reduction coefficient alpha: 
0.8
Relative decrease of capacity per set up gamma: 
0.22
Capacity reduction coefficient due to product types beta: 
[0.22, 0.4, 0.31, 0.23, 0.4, 0.27, 0.23, 0.33, 0.39, 0.28, 0.31, 0.39, 0.37, 0.35, 0.29, 0.21, 0.3, 0.25, 0.38, 0.33]
Fixed production cost of each product in each period f: 
[[963, 578, 867, 947, 785, 716, 735, 875, 870, 988], [839, 773, 612, 731, 621, 516, 782, 861, 943, 890], [643, 817, 976, 862, 575, 610, 550, 500, 726, 858], [806, 766, 746, 747, 571, 555, 698, 665, 886, 756], [969, 844, 811, 880, 697, 616, 971, 870, 669, 551], [851, 749, 710, 771, 739, 663, 920, 730, 945, 695], [683, 915, 941, 872, 696, 770, 668, 533, 720, 569], [700, 584, 734, 974, 765, 594, 758, 584, 839, 504], [575, 710, 804, 880, 758, 905, 821, 932, 593, 958], [526, 822, 792, 822, 947, 869, 865, 751, 596, 686], [766, 860, 910, 705, 525, 958, 578, 797, 635, 668], [575, 509, 913, 875, 832, 684, 646, 875, 896, 601], [897, 579, 857, 847, 559, 521, 804, 799, 607, 611], [949, 524, 551, 716, 877, 766, 759, 998, 519, 578], [811, 687, 788, 675, 519, 894, 975, 505, 518, 977], [967, 914, 692, 771, 568, 566, 560, 742, 992, 523], [805, 602, 846, 910, 928, 994, 598, 843, 867, 602], [918, 758, 874, 641, 787, 655, 982, 528, 886, 857], [818, 724, 576, 576, 904, 995, 525, 877, 500, 506], [945, 849, 917, 945, 843, 806, 654, 892, 564, 842]]
Variable production cost per unit of each product in each period p: 
[[11, 10, 12, 10, 11, 10, 13, 13, 11, 11], [12, 11, 12, 11, 10, 13, 13, 13, 10, 13], [11, 13, 12, 12, 11, 10, 13, 10, 10, 11], [13, 10, 12, 11, 13, 12, 10, 12, 13, 11], [13, 13, 13, 13, 10, 11, 10, 10, 11, 11], [10, 11, 13, 12, 11, 12, 11, 11, 11, 12], [11, 10, 10, 10, 11, 12, 11, 12, 12, 11], [11, 10, 11, 13, 11, 11, 13, 10, 10, 13], [13, 12, 10, 12, 12, 12, 13, 11, 10, 10], [10, 13, 13, 10, 10, 12, 12, 10, 11, 13], [10, 10, 10, 11, 10, 13, 13, 10, 10, 13], [12, 10, 10, 11, 10, 11, 12, 12, 11, 12], [10, 11, 12, 10, 10, 11, 10, 13, 11, 13], [13, 10, 13, 10, 11, 13, 12, 13, 13, 13], [11, 10, 12, 11, 11, 13, 10, 12, 10, 10], [11, 10, 10, 10, 10, 12, 11, 11, 13, 12], [12, 11, 11, 11, 10, 13, 12, 13, 13, 12], [11, 11, 12, 12, 13, 12, 12, 12, 11, 12], [11, 10, 13, 11, 11, 11, 11, 11, 12, 13], [12, 11, 13, 10, 11, 13, 13, 12, 11, 10]]
Inventory holding cost per unit of each product by the end of each period h: 
[[9, 6, 6, 6, 5, 9, 6, 5, 7, 9], [9, 9, 6, 8, 5, 7, 6, 5, 8, 7], [9, 7, 5, 6, 9, 8, 7, 7, 9, 5], [8, 9, 6, 7, 8, 7, 9, 8, 7, 8], [8, 7, 7, 5, 8, 5, 9, 8, 9, 7], [7, 5, 8, 8, 6, 7, 7, 6, 5, 7], [9, 5, 6, 6, 7, 9, 7, 9, 7, 9], [9, 6, 8, 5, 9, 8, 9, 9, 5, 7], [5, 5, 7, 8, 6, 5, 7, 5, 9, 6], [8, 7, 8, 8, 8, 8, 7, 9, 6, 9], [7, 8, 9, 8, 6, 6, 8, 5, 8, 9], [8, 5, 6, 5, 6, 8, 6, 6, 5, 9], [9, 5, 6, 5, 8, 9, 7, 6, 6, 9], [5, 8, 8, 6, 8, 6, 9, 7, 5, 9], [8, 9, 6, 5, 9, 8, 7, 8, 5, 8], [8, 7, 6, 6, 5, 8, 6, 8, 5, 6], [8, 7, 5, 8, 6, 8, 8, 6, 9, 5], [7, 6, 9, 8, 8, 5, 5, 5, 5, 5], [6, 9, 8, 9, 5, 8, 9, 7, 7, 5], [6, 5, 9, 7, 6, 9, 6, 5, 8, 7]]
Demand for each product in each period d: 
[[1, 11, 30, 43, 49, 21, 8, 24, 21, 12], [47, 13, 1, 38, 42, 0, 26, 4, 7, 18], [45, 1, 24, 46, 7, 35, 9, 22, 44, 2], [10, 14, 14, 5, 1, 4, 9, 13, 23, 23], [2, 17, 7, 7, 28, 0, 6, 6, 0, 20], [28, 28, 19, 23, 16, 14, 26, 11, 0, 16], [14, 8, 18, 14, 25, 19, 23, 11, 3, 17], [26, 18, 25, 28, 2, 18, 5, 19, 8, 3], [0, 5, 2, 3, 7, 7, 5, 2, 7, 4], [2, 0, 9, 9, 9, 6, 1, 4, 0, 1], [2, 2, 3, 4, 6, 8, 2, 9, 5, 7], [3, 4, 7, 7, 3, 4, 5, 5, 4, 7], [1, 5, 0, 0, 7, 1, 4, 0, 7, 4], [0, 0, 4, 3, 6, 4, 1, 6, 8, 2], [1, 8, 0, 9, 2, 8, 6, 8, 1, 4], [5, 7, 0, 4, 1, 8, 3, 5, 2, 4], [4, 8, 8, 2, 6, 7, 0, 6, 0, 6], [5, 8, 9, 6, 0, 0, 7, 1, 9, 0], [0, 0, 0, 0, 2, 2, 1, 1, 6, 0], [0, 1, 1, 4, 0, 5, 7, 6, 8, 2]]
Maintenance cost in each period m: 
[4582, 3857, 3566, 4470, 2328, 2837, 3891, 3506, 5534, 2830]
Maximum capacity of the machine cmax: 
940