Set of periods in the planning horizon T: 
5
Set of products P: 
50
Capacity reduction coefficient alpha: 
0.8
Relative decrease of capacity per set up gamma: 
0.3
Capacity reduction coefficient due to product types beta: 
[0.36, 0.2, 0.34, 0.33, 0.22, 0.28, 0.3, 0.38, 0.39, 0.3, 0.35, 0.33, 0.21, 0.23, 0.37, 0.26, 0.32, 0.26, 0.29, 0.36, 0.25, 0.26, 0.29, 0.26, 0.26, 0.3, 0.23, 0.36, 0.3, 0.38, 0.28, 0.23, 0.33, 0.36, 0.28, 0.25, 0.3, 0.29, 0.2, 0.25, 0.2, 0.24, 0.3, 0.29, 0.4, 0.3, 0.25, 0.28, 0.23, 0.25]
Fixed production cost of each product in each period f: 
[[527, 969, 779, 640, 625], [657, 965, 999, 519, 624], [964, 520, 716, 705, 897], [645, 574, 978, 534, 952], [513, 832, 652, 626, 529], [882, 896, 509, 527, 531], [927, 681, 534, 646, 707], [666, 855, 959, 540, 624], [580, 556, 859, 788, 688], [693, 726, 876, 578, 746], [881, 952, 525, 901, 939], [813, 681, 886, 893, 738], [636, 786, 625, 622, 762], [588, 943, 512, 618, 500], [850, 565, 890, 888, 934], [759, 912, 867, 548, 919], [518, 907, 793, 940, 822], [589, 541, 560, 641, 976], [660, 606, 548, 902, 535], [969, 920, 551, 683, 674], [864, 728, 539, 731, 534], [872, 979, 884, 756, 905], [731, 878, 901, 743, 756], [551, 944, 594, 988, 738], [789, 560, 954, 901, 972], [885, 907, 685, 891, 903], [575, 625, 554, 525, 507], [765, 864, 819, 823, 589], [920, 934, 889, 674, 545], [675, 790, 917, 508, 685], [731, 988, 925, 738, 526], [990, 583, 948, 505, 972], [638, 558, 656, 952, 607], [515, 518, 993, 870, 502], [541, 719, 857, 939, 934], [695, 702, 854, 953, 926], [723, 805, 637, 714, 609], [965, 657, 774, 525, 866], [788, 814, 994, 927, 957], [850, 588, 881, 991, 592], [996, 547, 874, 554, 712], [947, 672, 957, 853, 773], [605, 909, 920, 926, 881], [825, 575, 722, 701, 517], [974, 650, 995, 810, 669], [722, 893, 519, 509, 712], [690, 712, 942, 974, 964], [846, 783, 803, 990, 766], [966, 675, 908, 662, 692], [882, 831, 578, 705, 663]]
Variable production cost per unit of each product in each period p: 
[[11, 11, 11, 12, 11], [12, 11, 12, 10, 10], [13, 11, 11, 10, 10], [11, 13, 10, 10, 12], [12, 13, 13, 13, 10], [10, 12, 13, 12, 10], [10, 13, 10, 10, 13], [12, 13, 13, 11, 11], [12, 11, 11, 11, 10], [11, 10, 11, 11, 11], [11, 10, 11, 13, 12], [12, 13, 12, 11, 13], [11, 11, 11, 10, 12], [10, 12, 10, 12, 11], [10, 13, 11, 12, 11], [11, 12, 13, 10, 13], [13, 11, 12, 13, 11], [13, 11, 10, 10, 13], [13, 10, 10, 13, 12], [12, 12, 11, 13, 12], [13, 10, 12, 12, 11], [11, 12, 11, 10, 10], [11, 11, 12, 11, 11], [10, 12, 13, 10, 10], [10, 11, 13, 13, 11], [11, 11, 11, 13, 12], [12, 12, 10, 12, 11], [10, 10, 13, 12, 13], [13, 10, 11, 12, 13], [10, 13, 10, 13, 10], [13, 10, 12, 11, 10], [12, 10, 12, 12, 10], [10, 10, 11, 10, 11], [11, 13, 13, 11, 10], [12, 11, 12, 10, 13], [10, 13, 13, 12, 13], [10, 10, 10, 13, 11], [11, 10, 13, 12, 11], [11, 11, 12, 13, 13], [10, 13, 12, 10, 13], [10, 10, 10, 12, 10], [10, 13, 11, 13, 12], [10, 11, 12, 11, 11], [10, 11, 11, 13, 13], [13, 11, 12, 13, 12], [13, 11, 11, 12, 12], [12, 13, 12, 10, 13], [12, 10, 12, 12, 13], [12, 11, 12, 10, 11], [10, 11, 10, 10, 10]]
Inventory holding cost per unit of each product by the end of each period h: 
[[8, 7, 5, 6, 7], [9, 9, 9, 7, 5], [6, 8, 5, 9, 8], [5, 9, 9, 9, 6], [6, 8, 8, 7, 9], [6, 6, 5, 8, 7], [7, 6, 6, 6, 6], [8, 5, 6, 9, 7], [9, 7, 5, 8, 9], [9, 6, 5, 5, 8], [7, 7, 9, 6, 6], [9, 6, 5, 5, 5], [6, 5, 9, 8, 9], [8, 8, 7, 9, 9], [6, 7, 8, 5, 9], [7, 9, 5, 6, 9], [9, 7, 5, 9, 6], [7, 7, 8, 6, 5], [7, 5, 9, 5, 7], [7, 7, 8, 9, 6], [7, 9, 5, 8, 5], [9, 5, 5, 6, 7], [7, 8, 9, 8, 7], [5, 5, 5, 5, 9], [6, 9, 7, 7, 5], [8, 5, 6, 7, 6], [9, 7, 7, 6, 9], [7, 7, 9, 8, 5], [9, 5, 8, 6, 8], [5, 9, 6, 8, 6], [8, 6, 5, 6, 8], [7, 7, 6, 8, 9], [9, 7, 8, 9, 5], [7, 5, 7, 9, 7], [8, 5, 7, 5, 7], [5, 9, 8, 5, 7], [5, 9, 6, 8, 6], [6, 6, 8, 8, 6], [5, 6, 6, 6, 6], [9, 9, 8, 6, 5], [7, 7, 6, 7, 8], [8, 9, 5, 8, 7], [5, 5, 9, 7, 8], [6, 5, 9, 6, 5], [9, 5, 9, 7, 7], [5, 5, 9, 9, 6], [5, 9, 7, 5, 7], [5, 8, 9, 7, 5], [6, 7, 9, 7, 9], [9, 9, 5, 8, 9]]
Demand for each product in each period d: 
[[48, 39, 7, 8, 46], [20, 29, 36, 5, 0], [38, 39, 46, 44, 6], [5, 19, 48, 0, 41], [25, 44, 45, 14, 38], [7, 28, 44, 26, 6], [18, 0, 39, 34, 27], [6, 29, 29, 20, 7], [8, 27, 0, 11, 7], [19, 17, 0, 2, 29], [23, 20, 13, 15, 0], [19, 9, 21, 0, 14], [16, 26, 8, 12, 20], [11, 16, 20, 24, 3], [8, 10, 17, 29, 2], [5, 15, 3, 22, 27], [2, 6, 2, 10, 29], [18, 17, 10, 19, 6], [15, 0, 18, 15, 29], [1, 1, 8, 6, 5], [6, 8, 4, 5, 3], [0, 6, 0, 8, 4], [7, 0, 5, 3, 1], [8, 7, 3, 6, 0], [3, 4, 0, 6, 9], [5, 3, 7, 7, 0], [5, 1, 6, 8, 1], [4, 7, 7, 5, 1], [4, 5, 7, 7, 6], [7, 8, 2, 3, 1], [5, 8, 7, 9, 0], [5, 5, 9, 8, 2], [3, 7, 5, 8, 8], [2, 4, 2, 9, 4], [1, 0, 3, 9, 3], [6, 5, 4, 2, 6], [9, 1, 7, 0, 9], [9, 3, 9, 7, 3], [2, 9, 9, 7, 8], [2, 8, 4, 2, 6], [2, 1, 9, 1, 0], [2, 0, 9, 8, 2], [4, 1, 4, 8, 8], [7, 7, 0, 6, 4], [6, 2, 2, 3, 1], [3, 3, 4, 0, 8], [3, 2, 2, 4, 0], [2, 9, 4, 9, 8], [8, 0, 7, 6, 9], [1, 8, 8, 1, 9]]
Maintenance cost in each period m: 
[2027, 3945, 1909, 5563, 3804]
Maximum capacity of the machine cmax: 
2000