Set of periods in the planning horizon T: 
10
Set of products P: 
20
Capacity reduction coefficient alpha: 
0.8
Relative decrease of capacity per set up gamma: 
0.28
Capacity reduction coefficient due to product types beta: 
[0.35, 0.27, 0.31, 0.34, 0.25, 0.37, 0.25, 0.36, 0.26, 0.32, 0.33, 0.36, 0.22, 0.38, 0.28, 0.28, 0.22, 0.32, 0.25, 0.26]
Fixed production cost of each product in each period f: 
[[589, 796, 959, 725, 715, 812, 785, 791, 851, 965], [878, 656, 896, 567, 670, 619, 945, 737, 720, 792], [810, 577, 556, 647, 621, 620, 540, 706, 949, 670], [635, 610, 683, 978, 905, 611, 822, 652, 837, 740], [548, 901, 725, 797, 873, 511, 680, 734, 844, 858], [904, 933, 920, 969, 604, 573, 556, 986, 671, 729], [562, 753, 592, 758, 917, 522, 732, 800, 841, 808], [939, 580, 564, 955, 846, 701, 622, 929, 586, 838], [905, 792, 746, 922, 552, 948, 987, 856, 815, 608], [785, 595, 515, 877, 555, 781, 768, 744, 915, 599], [766, 686, 875, 759, 791, 994, 912, 882, 661, 927], [885, 534, 754, 993, 745, 588, 991, 967, 589, 951], [808, 960, 932, 636, 629, 902, 846, 783, 836, 855], [534, 656, 677, 904, 904, 964, 924, 874, 834, 647], [798, 514, 682, 741, 770, 812, 728, 726, 665, 827], [590, 516, 819, 669, 592, 693, 917, 923, 908, 704], [940, 517, 616, 897, 797, 800, 512, 893, 542, 812], [781, 975, 832, 718, 534, 747, 585, 972, 753, 977], [548, 938, 626, 622, 542, 863, 579, 813, 982, 838], [952, 506, 953, 589, 791, 856, 903, 751, 905, 864]]
Variable production cost per unit of each product in each period p: 
[[12, 13, 13, 11, 12, 12, 12, 13, 11, 10], [11, 12, 11, 11, 11, 11, 11, 11, 12, 11], [13, 13, 12, 11, 12, 10, 10, 10, 11, 10], [10, 12, 12, 11, 13, 13, 10, 10, 11, 11], [13, 12, 11, 13, 10, 11, 12, 13, 13, 11], [13, 12, 13, 12, 13, 11, 13, 10, 10, 10], [13, 10, 13, 11, 13, 13, 10, 12, 11, 10], [10, 13, 13, 10, 13, 13, 13, 11, 13, 13], [10, 11, 10, 11, 12, 13, 11, 11, 13, 10], [13, 10, 11, 13, 11, 10, 13, 13, 10, 10], [13, 12, 13, 13, 12, 13, 13, 13, 12, 13], [11, 11, 12, 10, 12, 12, 13, 10, 10, 12], [12, 10, 12, 12, 10, 13, 10, 11, 13, 11], [12, 11, 13, 10, 11, 11, 13, 13, 10, 12], [10, 13, 13, 12, 10, 10, 10, 13, 13, 13], [10, 12, 12, 10, 10, 12, 10, 10, 11, 13], [10, 13, 10, 10, 13, 13, 11, 10, 10, 12], [13, 13, 10, 12, 12, 13, 11, 12, 13, 10], [12, 12, 11, 12, 13, 10, 13, 10, 11, 13], [12, 10, 12, 12, 11, 10, 13, 11, 13, 13]]
Inventory holding cost per unit of each product by the end of each period h: 
[[5, 9, 5, 6, 8, 8, 9, 7, 7, 9], [8, 6, 9, 7, 6, 9, 9, 7, 5, 5], [9, 8, 5, 9, 7, 5, 7, 7, 7, 7], [8, 9, 9, 6, 6, 9, 6, 5, 7, 9], [9, 8, 5, 6, 8, 5, 7, 9, 9, 9], [7, 8, 7, 8, 5, 6, 7, 6, 8, 5], [6, 5, 7, 5, 9, 7, 7, 7, 7, 9], [9, 9, 5, 7, 9, 8, 9, 7, 5, 7], [5, 8, 8, 6, 7, 8, 5, 8, 8, 7], [6, 9, 8, 8, 5, 7, 7, 8, 8, 9], [9, 5, 6, 6, 8, 9, 8, 6, 7, 7], [8, 7, 7, 8, 6, 7, 8, 7, 7, 7], [6, 7, 8, 7, 6, 9, 8, 8, 7, 9], [7, 6, 6, 9, 7, 8, 9, 6, 6, 7], [9, 7, 6, 5, 7, 7, 9, 5, 6, 6], [8, 9, 9, 6, 7, 7, 5, 8, 5, 6], [9, 5, 9, 5, 5, 9, 9, 9, 7, 9], [7, 6, 9, 5, 7, 9, 8, 8, 8, 5], [5, 8, 9, 5, 9, 9, 6, 6, 5, 6], [6, 8, 9, 9, 8, 7, 9, 9, 9, 6]]
Demand for each product in each period d: 
[[42, 22, 2, 1, 11, 0, 11, 31, 27, 12], [36, 4, 31, 29, 23, 36, 38, 48, 3, 0], [11, 11, 48, 43, 43, 43, 9, 45, 10, 41], [21, 16, 10, 27, 5, 10, 25, 3, 21, 1], [5, 23, 28, 27, 29, 26, 11, 28, 3, 22], [7, 28, 18, 4, 3, 0, 24, 8, 23, 6], [18, 14, 23, 8, 3, 27, 21, 2, 0, 8], [28, 22, 19, 11, 9, 11, 15, 27, 0, 6], [3, 3, 5, 9, 4, 1, 2, 2, 4, 9], [7, 6, 1, 7, 1, 9, 5, 6, 4, 0], [8, 9, 8, 0, 2, 5, 2, 2, 3, 2], [1, 2, 9, 2, 7, 5, 6, 1, 3, 0], [1, 6, 4, 9, 0, 2, 8, 9, 7, 3], [3, 0, 1, 1, 5, 8, 1, 1, 9, 5], [3, 7, 3, 4, 8, 4, 0, 4, 7, 9], [7, 6, 6, 0, 4, 9, 3, 5, 8, 7], [3, 9, 7, 7, 9, 2, 6, 0, 2, 4], [6, 7, 3, 0, 0, 0, 3, 9, 9, 1], [9, 7, 6, 3, 6, 1, 1, 8, 4, 0], [7, 5, 5, 6, 6, 8, 9, 2, 6, 1]]
Maintenance cost in each period m: 
[5056, 3631, 3162, 4883, 2110, 3444, 4644, 5559, 4031, 4195]
Maximum capacity of the machine cmax: 
920