Set of periods in the planning horizon T: 
5
Set of products P: 
20
Capacity reduction coefficient alpha: 
0.8
Relative decrease of capacity per set up gamma: 
0.32
Capacity reduction coefficient due to product types beta: 
[0.22, 0.24, 0.35, 0.28, 0.24, 0.29, 0.27, 0.34, 0.32, 0.34, 0.37, 0.38, 0.29, 0.4, 0.28, 0.38, 0.36, 0.39, 0.34, 0.38]
Fixed production cost of each product in each period f: 
[[671, 758, 748, 814, 635], [681, 736, 662, 911, 628], [840, 655, 812, 649, 734], [972, 538, 981, 973, 888], [503, 971, 745, 622, 534], [879, 798, 719, 765, 830], [725, 980, 845, 985, 704], [990, 901, 764, 506, 579], [665, 858, 773, 817, 975], [635, 929, 750, 784, 543], [656, 782, 750, 841, 990], [618, 648, 878, 517, 913], [931, 924, 729, 724, 659], [744, 688, 818, 680, 678], [546, 559, 630, 761, 880], [666, 541, 760, 829, 896], [802, 608, 511, 528, 609], [865, 655, 613, 831, 897], [741, 538, 592, 629, 515], [812, 997, 794, 723, 916]]
Variable production cost per unit of each product in each period p: 
[[10, 12, 10, 10, 10], [13, 10, 13, 12, 12], [13, 10, 12, 10, 12], [10, 12, 11, 10, 13], [11, 10, 11, 12, 12], [12, 12, 12, 12, 10], [11, 12, 10, 12, 10], [12, 12, 11, 11, 13], [11, 10, 11, 11, 13], [12, 13, 13, 10, 12], [10, 12, 10, 11, 10], [12, 13, 13, 12, 11], [12, 10, 12, 10, 12], [13, 13, 13, 11, 10], [10, 10, 10, 11, 10], [13, 10, 11, 11, 12], [10, 12, 10, 10, 13], [12, 11, 10, 12, 10], [11, 13, 11, 12, 10], [11, 13, 11, 12, 10]]
Inventory holding cost per unit of each product by the end of each period h: 
[[6, 6, 6, 7, 9], [9, 5, 9, 6, 8], [6, 9, 6, 8, 5], [5, 6, 8, 8, 7], [9, 5, 5, 9, 8], [7, 6, 5, 6, 8], [8, 5, 8, 9, 5], [9, 7, 8, 6, 8], [7, 6, 7, 9, 6], [7, 7, 9, 7, 7], [9, 7, 7, 5, 6], [6, 8, 9, 7, 7], [8, 9, 6, 7, 9], [5, 9, 9, 9, 9], [6, 7, 9, 6, 6], [6, 6, 6, 9, 5], [5, 7, 6, 6, 9], [5, 9, 7, 9, 5], [5, 7, 9, 6, 6], [7, 5, 8, 9, 8]]
Demand for each product in each period d: 
[[36, 34, 34, 0, 22], [26, 46, 7, 38, 36], [3, 0, 30, 44, 26], [3, 0, 21, 5, 15], [16, 16, 20, 0, 20], [29, 1, 26, 26, 7], [23, 25, 15, 28, 9], [29, 13, 29, 4, 26], [4, 4, 0, 8, 3], [3, 1, 1, 1, 6], [0, 0, 9, 9, 7], [1, 5, 0, 5, 4], [6, 8, 0, 0, 1], [1, 4, 0, 5, 0], [8, 6, 0, 0, 3], [8, 1, 5, 7, 0], [4, 8, 5, 1, 4], [8, 1, 3, 1, 3], [5, 0, 0, 6, 8], [0, 0, 5, 2, 5]]
Maintenance cost in each period m: 
[5130, 2003, 3084, 3692, 1821]
Maximum capacity of the machine cmax: 
980