Set of periods in the planning horizon T: 
25
Set of products P: 
100
Capacity reduction coefficient alpha: 
0.8
Relative decrease of capacity per set up gamma: 
0.33
Capacity reduction coefficient due to product types beta: 
[0.37, 0.25, 0.32, 0.29, 0.36, 0.32, 0.23, 0.35, 0.22, 0.3, 0.36, 0.25, 0.23, 0.27, 0.33, 0.34, 0.25, 0.23, 0.33, 0.25, 0.23, 0.24, 0.33, 0.24, 0.21, 0.36, 0.36, 0.28, 0.38, 0.3, 0.39, 0.33, 0.21, 0.22, 0.2, 0.37, 0.22, 0.29, 0.34, 0.26, 0.28, 0.25, 0.29, 0.2, 0.31, 0.23, 0.29, 0.24, 0.32, 0.21, 0.34, 0.28, 0.31, 0.37, 0.36, 0.21, 0.24, 0.33, 0.28, 0.24, 0.35, 0.29, 0.39, 0.2, 0.38, 0.32, 0.29, 0.2, 0.21, 0.29, 0.35, 0.38, 0.39, 0.38, 0.26, 0.28, 0.25, 0.25, 0.22, 0.29, 0.31, 0.36, 0.37, 0.22, 0.39, 0.4, 0.33, 0.23, 0.26, 0.39, 0.2, 0.32, 0.35, 0.36, 0.21, 0.21, 0.24, 0.3, 0.3, 0.22]
Fixed production cost of each product in each period f: 
[[927, 718, 610, 753, 773, 901, 884, 689, 997, 775, 794, 959, 683, 983, 791, 575, 971, 988, 512, 689, 733, 734, 799, 798, 710], [529, 819, 516, 684, 602, 519, 855, 805, 722, 786, 580, 695, 831, 981, 663, 640, 536, 620, 858, 986, 691, 513, 756, 711, 696], [718, 816, 752, 757, 807, 852, 742, 830, 874, 504, 871, 584, 553, 653, 985, 834, 619, 786, 894, 625, 874, 935, 574, 801, 669], [531, 616, 631, 767, 651, 555, 809, 699, 877, 733, 919, 957, 601, 808, 669, 832, 749, 892, 876, 838, 671, 939, 622, 863, 869], [616, 864, 741, 661, 528, 609, 935, 986, 697, 699, 747, 932, 661, 693, 530, 630, 807, 603, 690, 647, 768, 580, 962, 896, 996], [863, 580, 839, 782, 847, 737, 510, 596, 841, 797, 746, 692, 819, 516, 844, 523, 932, 520, 731, 892, 540, 907, 726, 604, 892], [507, 782, 909, 931, 755, 645, 999, 949, 815, 620, 718, 905, 799, 830, 867, 933, 584, 896, 797, 576, 831, 803, 943, 666, 549], [576, 757, 899, 653, 746, 782, 955, 818, 870, 507, 653, 835, 570, 797, 832, 570, 805, 963, 656, 610, 662, 672, 538, 933, 610], [991, 831, 503, 805, 695, 834, 870, 597, 758, 796, 621, 541, 874, 954, 609, 859, 550, 760, 830, 749, 720, 522, 785, 598, 806], [881, 786, 800, 934, 892, 631, 769, 550, 540, 812, 722, 565, 973, 811, 816, 500, 587, 970, 599, 644, 809, 751, 937, 729, 734], [888, 831, 516, 822, 636, 892, 855, 608, 872, 885, 810, 673, 813, 874, 910, 899, 943, 624, 751, 839, 983, 999, 713, 998, 985], [926, 890, 915, 728, 748, 954, 746, 999, 766, 692, 887, 674, 849, 566, 681, 595, 579, 592, 664, 609, 916, 965, 944, 698, 965], [958, 579, 626, 732, 905, 658, 862, 862, 534, 925, 552, 541, 786, 879, 714, 679, 809, 683, 687, 692, 887, 526, 610, 574, 916], [932, 843, 796, 586, 742, 627, 845, 641, 873, 955, 900, 782, 630, 543, 938, 651, 680, 998, 967, 682, 709, 798, 618, 530, 693], [954, 526, 920, 513, 677, 987, 679, 732, 956, 869, 514, 543, 608, 907, 980, 797, 524, 944, 814, 997, 890, 699, 688, 714, 876], [971, 681, 664, 571, 979, 599, 645, 696, 675, 714, 728, 826, 736, 805, 762, 659, 596, 841, 509, 788, 852, 628, 854, 886, 915], [733, 618, 861, 569, 505, 750, 931, 806, 959, 852, 640, 732, 824, 889, 638, 814, 992, 616, 631, 650, 718, 789, 901, 580, 753], [849, 936, 581, 856, 546, 967, 667, 750, 518, 554, 954, 639, 781, 890, 759, 987, 609, 889, 749, 904, 692, 656, 958, 834, 599], [566, 981, 863, 822, 744, 522, 982, 795, 743, 545, 801, 875, 553, 767, 924, 656, 839, 875, 509, 619, 746, 992, 707, 597, 794], [804, 539, 598, 715, 949, 593, 751, 837, 892, 560, 815, 939, 540, 828, 704, 589, 546, 954, 829, 755, 589, 908, 588, 736, 611], [793, 891, 803, 931, 553, 896, 860, 529, 866, 757, 681, 802, 726, 621, 571, 983, 862, 830, 500, 882, 933, 746, 513, 761, 769], [540, 524, 905, 884, 847, 756, 522, 732, 721, 758, 601, 554, 852, 555, 770, 652, 706, 821, 762, 802, 595, 983, 528, 803, 865], [510, 702, 980, 892, 879, 679, 803, 680, 890, 720, 549, 588, 659, 891, 895, 552, 732, 989, 607, 582, 775, 780, 887, 791, 710], [899, 907, 628, 943, 932, 512, 823, 717, 913, 536, 984, 638, 687, 935, 884, 656, 990, 811, 997, 966, 830, 896, 631, 960, 578], [607, 993, 957, 807, 577, 677, 501, 858, 820, 675, 621, 599, 636, 753, 675, 818, 541, 697, 603, 792, 769, 918, 949, 976, 901], [855, 749, 942, 686, 697, 543, 537, 908, 936, 614, 915, 577, 907, 521, 668, 946, 793, 742, 576, 754, 549, 622, 702, 950, 627], [987, 760, 628, 786, 558, 717, 609, 908, 806, 641, 726, 630, 871, 668, 735, 926, 658, 909, 800, 914, 972, 893, 928, 833, 675], [965, 676, 799, 705, 617, 938, 691, 738, 676, 565, 728, 500, 698, 713, 521, 708, 509, 755, 872, 570, 565, 734, 689, 639, 809], [835, 559, 670, 990, 749, 620, 960, 799, 784, 543, 588, 891, 810, 529, 631, 616, 717, 822, 530, 950, 953, 618, 779, 754, 620], [641, 513, 909, 556, 680, 623, 501, 842, 861, 932, 644, 977, 556, 829, 843, 930, 922, 694, 620, 508, 968, 652, 742, 760, 551], [934, 782, 760, 887, 633, 991, 990, 902, 946, 612, 942, 581, 605, 711, 820, 543, 897, 790, 779, 608, 650, 802, 965, 537, 914], [969, 540, 796, 686, 683, 951, 902, 788, 929, 933, 866, 810, 506, 585, 647, 710, 525, 911, 624, 724, 739, 579, 858, 850, 780], [720, 773, 532, 910, 696, 935, 736, 780, 885, 799, 750, 506, 505, 729, 754, 780, 643, 832, 660, 535, 975, 812, 676, 513, 511], [654, 764, 829, 644, 521, 973, 565, 634, 799, 568, 866, 932, 892, 999, 614, 716, 513, 946, 597, 542, 875, 542, 637, 678, 927], [634, 650, 614, 594, 797, 591, 725, 931, 860, 788, 635, 820, 707, 888, 509, 663, 885, 938, 664, 581, 601, 549, 831, 522, 643], [511, 811, 815, 880, 755, 762, 790, 892, 863, 914, 620, 647, 767, 894, 523, 928, 915, 650, 867, 691, 984, 670, 813, 917, 726], [644, 769, 877, 985, 782, 902, 573, 536, 592, 890, 904, 822, 753, 547, 882, 887, 631, 941, 650, 837, 605, 922, 543, 626, 985], [619, 748, 837, 526, 830, 547, 926, 960, 665, 517, 738, 718, 923, 929, 786, 846, 990, 734, 972, 515, 588, 760, 575, 784, 720], [586, 625, 975, 636, 558, 783, 957, 960, 995, 622, 739, 650, 704, 903, 723, 759, 599, 552, 770, 682, 838, 751, 505, 971, 892], [826, 506, 543, 918, 819, 811, 692, 870, 655, 621, 638, 530, 769, 576, 924, 667, 947, 930, 876, 709, 563, 640, 647, 897, 600], [669, 847, 762, 924, 866, 937, 857, 530, 530, 717, 572, 802, 750, 735, 782, 769, 767, 812, 913, 698, 774, 960, 551, 827, 994], [864, 901, 916, 577, 913, 518, 698, 521, 779, 735, 741, 965, 675, 508, 762, 614, 853, 991, 684, 749, 681, 948, 833, 562, 833], [926, 712, 570, 611, 851, 844, 931, 633, 575, 815, 875, 930, 732, 823, 745, 959, 767, 847, 867, 846, 894, 726, 851, 545, 645], [731, 903, 678, 522, 889, 555, 707, 736, 609, 946, 746, 609, 727, 573, 515, 775, 971, 982, 500, 919, 501, 616, 985, 954, 841], [721, 762, 796, 548, 629, 785, 762, 920, 532, 916, 623, 507, 573, 851, 810, 564, 580, 607, 615, 689, 640, 508, 679, 954, 530], [821, 928, 921, 567, 718, 613, 951, 855, 886, 751, 629, 526, 892, 935, 942, 942, 564, 864, 636, 538, 737, 596, 722, 890, 632], [928, 713, 730, 912, 580, 606, 516, 952, 663, 676, 914, 817, 939, 823, 657, 722, 866, 948, 791, 558, 708, 760, 951, 592, 728], [528, 694, 512, 842, 861, 997, 791, 537, 561, 550, 826, 830, 868, 597, 893, 509, 720, 912, 671, 863, 780, 923, 525, 707, 696], [574, 783, 815, 732, 544, 781, 918, 830, 938, 595, 863, 762, 645, 958, 803, 941, 923, 853, 905, 811, 872, 769, 865, 961, 588], [687, 791, 649, 586, 583, 950, 511, 793, 943, 794, 513, 528, 897, 509, 544, 772, 987, 572, 680, 757, 974, 965, 959, 773, 966], [534, 629, 847, 877, 532, 842, 600, 904, 649, 906, 855, 694, 661, 936, 742, 831, 806, 754, 555, 804, 516, 512, 849, 774, 630], [816, 801, 698, 773, 746, 916, 690, 806, 702, 626, 907, 978, 507, 734, 953, 573, 780, 800, 610, 506, 819, 653, 979, 505, 847], [709, 664, 699, 667, 598, 610, 683, 796, 663, 772, 518, 899, 885, 932, 625, 702, 946, 777, 922, 896, 756, 513, 971, 789, 673], [677, 774, 950, 932, 561, 689, 697, 764, 659, 555, 934, 940, 809, 855, 601, 591, 975, 677, 854, 652, 865, 612, 724, 602, 836], [989, 801, 742, 835, 576, 868, 928, 685, 782, 969, 542, 636, 616, 868, 597, 588, 871, 809, 636, 891, 884, 623, 674, 811, 971], [604, 828, 929, 653, 921, 624, 797, 843, 754, 999, 956, 830, 742, 956, 849, 993, 738, 731, 831, 920, 993, 682, 923, 584, 514], [848, 775, 575, 878, 740, 643, 802, 970, 797, 751, 536, 802, 720, 952, 579, 938, 844, 806, 727, 539, 761, 671, 634, 606, 567], [919, 653, 826, 961, 962, 673, 824, 935, 802, 590, 619, 645, 822, 896, 689, 978, 907, 899, 609, 737, 613, 645, 932, 542, 836], [900, 639, 807, 761, 928, 556, 606, 561, 802, 843, 561, 737, 730, 947, 915, 948, 634, 717, 689, 513, 772, 599, 624, 991, 770], [808, 844, 771, 791, 755, 628, 776, 770, 564, 844, 572, 748, 750, 927, 789, 699, 517, 621, 946, 810, 981, 579, 694, 541, 869], [540, 920, 812, 991, 710, 564, 869, 997, 958, 709, 747, 893, 530, 987, 810, 883, 918, 744, 968, 706, 859, 918, 738, 958, 752], [625, 630, 513, 644, 874, 991, 702, 983, 542, 822, 569, 720, 906, 921, 818, 817, 625, 751, 850, 755, 743, 711, 655, 646, 833], [743, 981, 880, 578, 953, 705, 569, 932, 548, 839, 714, 868, 692, 746, 771, 814, 594, 708, 544, 527, 682, 944, 700, 554, 733], [795, 824, 815, 760, 894, 857, 880, 801, 563, 964, 817, 746, 862, 778, 605, 664, 842, 993, 968, 656, 593, 771, 980, 613, 656], [590, 961, 815, 767, 806, 769, 986, 937, 640, 585, 943, 961, 789, 632, 857, 568, 716, 941, 936, 736, 958, 703, 506, 647, 999], [686, 697, 807, 858, 862, 607, 692, 519, 848, 825, 676, 644, 755, 753, 871, 564, 502, 556, 975, 850, 765, 978, 604, 707, 793], [613, 523, 893, 524, 733, 917, 703, 844, 955, 784, 946, 992, 512, 770, 579, 719, 636, 682, 959, 601, 581, 883, 807, 850, 787], [984, 944, 896, 781, 636, 974, 892, 559, 916, 985, 671, 518, 635, 804, 935, 991, 757, 791, 827, 994, 937, 704, 630, 580, 742], [806, 836, 816, 528, 621, 847, 512, 783, 970, 501, 542, 897, 603, 644, 521, 767, 969, 634, 701, 745, 992, 686, 520, 723, 861], [664, 536, 949, 624, 816, 831, 568, 813, 806, 654, 687, 749, 810, 575, 852, 676, 759, 988, 932, 929, 713, 801, 667, 660, 713], [775, 717, 545, 722, 999, 567, 983, 678, 776, 665, 670, 650, 925, 697, 602, 545, 686, 767, 937, 967, 800, 552, 577, 715, 759], [672, 705, 846, 921, 597, 932, 876, 896, 754, 924, 705, 508, 738, 511, 795, 901, 853, 728, 939, 976, 895, 704, 600, 714, 838], [802, 599, 593, 657, 671, 654, 745, 928, 926, 823, 857, 638, 843, 584, 769, 997, 897, 609, 934, 548, 578, 814, 994, 885, 625], [695, 706, 651, 791, 730, 613, 861, 652, 935, 910, 724, 647, 596, 706, 562, 588, 714, 608, 728, 822, 824, 759, 664, 598, 621], [796, 607, 545, 634, 579, 804, 734, 927, 724, 747, 773, 750, 927, 869, 612, 636, 869, 709, 870, 797, 776, 785, 674, 828, 711], [721, 662, 817, 879, 849, 651, 917, 647, 761, 733, 807, 530, 596, 734, 885, 655, 619, 756, 965, 827, 630, 938, 527, 516, 924], [609, 590, 638, 594, 894, 554, 520, 663, 862, 935, 917, 742, 578, 702, 681, 705, 813, 558, 923, 997, 874, 709, 634, 516, 711], [834, 564, 565, 869, 861, 794, 962, 921, 783, 805, 731, 849, 737, 919, 738, 753, 763, 860, 791, 705, 737, 889, 581, 681, 994], [710, 942, 789, 864, 582, 820, 761, 748, 661, 637, 590, 961, 921, 559, 719, 897, 881, 935, 726, 682, 888, 956, 976, 515, 784], [560, 608, 904, 640, 530, 566, 694, 899, 943, 609, 522, 907, 669, 641, 644, 679, 826, 656, 896, 812, 953, 588, 913, 796, 727], [751, 584, 745, 654, 906, 926, 763, 710, 620, 968, 633, 590, 909, 590, 516, 825, 583, 634, 515, 745, 538, 653, 936, 689, 850], [905, 948, 931, 966, 748, 854, 780, 974, 671, 740, 516, 914, 633, 749, 580, 982, 732, 505, 698, 867, 844, 722, 766, 780, 953], [574, 931, 994, 829, 510, 522, 564, 533, 669, 805, 975, 636, 676, 686, 965, 614, 913, 582, 702, 725, 504, 509, 771, 563, 961], [973, 864, 865, 977, 968, 995, 798, 700, 704, 780, 626, 877, 722, 877, 556, 712, 924, 854, 550, 814, 640, 995, 983, 568, 542], [575, 894, 667, 916, 948, 919, 656, 833, 882, 914, 696, 670, 847, 621, 761, 822, 812, 773, 620, 874, 646, 826, 748, 694, 679], [868, 851, 545, 981, 914, 894, 602, 800, 566, 771, 903, 596, 811, 955, 867, 945, 823, 625, 913, 814, 837, 737, 860, 655, 614], [865, 971, 672, 901, 628, 503, 906, 513, 597, 928, 905, 924, 691, 875, 639, 880, 737, 943, 834, 624, 742, 759, 528, 846, 542], [740, 826, 587, 925, 910, 729, 908, 861, 599, 734, 708, 599, 853, 855, 888, 808, 641, 693, 907, 569, 801, 719, 863, 607, 835], [682, 807, 849, 675, 651, 562, 671, 892, 982, 646, 901, 857, 870, 868, 529, 944, 593, 641, 866, 747, 794, 768, 992, 891, 854], [988, 727, 773, 661, 524, 684, 886, 763, 899, 564, 531, 739, 700, 799, 515, 588, 845, 886, 816, 503, 884, 664, 946, 586, 500], [942, 763, 511, 609, 980, 615, 916, 988, 941, 514, 621, 908, 695, 547, 848, 644, 654, 835, 798, 808, 837, 769, 813, 605, 782], [587, 758, 792, 909, 769, 813, 721, 536, 925, 656, 910, 545, 864, 555, 765, 526, 658, 960, 787, 919, 914, 576, 942, 702, 691], [901, 728, 541, 657, 968, 995, 501, 650, 519, 949, 535, 532, 879, 619, 786, 538, 971, 724, 530, 737, 693, 575, 867, 709, 949], [826, 687, 712, 713, 657, 581, 783, 897, 859, 650, 812, 676, 629, 559, 879, 689, 592, 960, 785, 701, 696, 644, 919, 799, 796], [719, 919, 541, 528, 993, 933, 901, 790, 951, 735, 589, 700, 792, 875, 970, 678, 849, 857, 957, 596, 754, 717, 820, 542, 650], [615, 930, 837, 981, 704, 719, 535, 639, 979, 821, 678, 763, 928, 602, 976, 890, 799, 593, 787, 886, 938, 667, 556, 769, 673], [972, 955, 879, 856, 746, 662, 713, 608, 954, 804, 836, 516, 750, 860, 759, 550, 581, 601, 997, 686, 764, 632, 859, 601, 558], [865, 708, 612, 883, 754, 546, 645, 540, 632, 756, 687, 687, 719, 988, 950, 708, 656, 599, 736, 911, 675, 582, 571, 827, 785], [744, 922, 739, 592, 767, 795, 582, 587, 519, 627, 891, 695, 562, 961, 991, 971, 943, 680, 851, 577, 946, 855, 960, 669, 554], [760, 580, 932, 675, 908, 545, 611, 779, 677, 786, 828, 553, 551, 515, 904, 506, 515, 800, 678, 960, 782, 923, 935, 509, 995]]
Variable production cost per unit of each product in each period p: 
[[12, 13, 11, 12, 11, 12, 12, 12, 11, 10, 12, 11, 13, 13, 13, 13, 13, 11, 13, 13, 12, 12, 10, 12, 10], [11, 12, 13, 10, 12, 10, 12, 12, 10, 11, 10, 12, 10, 12, 12, 10, 11, 10, 12, 10, 10, 12, 10, 11, 12], [10, 13, 13, 13, 13, 10, 12, 12, 11, 12, 11, 10, 11, 12, 13, 13, 11, 11, 13, 13, 13, 13, 13, 12, 12], [10, 13, 11, 11, 11, 12, 10, 10, 11, 12, 12, 13, 10, 10, 12, 12, 13, 12, 10, 11, 12, 12, 10, 10, 12], [10, 12, 10, 11, 12, 12, 11, 12, 13, 10, 11, 11, 13, 12, 12, 11, 13, 13, 10, 13, 12, 12, 11, 13, 11], [13, 11, 12, 13, 12, 12, 10, 13, 10, 13, 13, 13, 10, 11, 11, 13, 11, 13, 11, 10, 12, 12, 10, 10, 10], [12, 11, 10, 12, 12, 12, 10, 10, 13, 11, 10, 11, 13, 11, 10, 10, 10, 11, 13, 10, 13, 10, 11, 11, 11], [11, 11, 10, 12, 13, 11, 10, 11, 11, 12, 13, 12, 11, 10, 12, 13, 10, 11, 10, 11, 11, 13, 12, 13, 11], [11, 12, 12, 12, 13, 13, 10, 11, 13, 12, 11, 12, 11, 11, 10, 11, 10, 10, 12, 11, 10, 13, 13, 10, 10], [12, 12, 13, 11, 12, 10, 10, 11, 13, 10, 10, 13, 11, 13, 12, 10, 11, 10, 10, 13, 13, 13, 12, 12, 13], [11, 12, 10, 13, 12, 11, 11, 12, 10, 13, 10, 11, 12, 11, 11, 12, 12, 12, 12, 10, 12, 11, 11, 10, 13], [11, 13, 11, 12, 13, 10, 10, 11, 10, 11, 13, 10, 11, 12, 10, 11, 12, 12, 13, 12, 11, 12, 10, 12, 10], [11, 12, 11, 11, 10, 13, 11, 12, 13, 11, 10, 13, 11, 13, 13, 13, 13, 10, 10, 12, 11, 11, 11, 10, 12], [10, 10, 11, 11, 11, 11, 10, 10, 10, 12, 13, 12, 13, 10, 11, 13, 10, 12, 13, 11, 13, 12, 13, 11, 12], [13, 13, 11, 12, 10, 11, 10, 12, 11, 13, 12, 11, 13, 10, 10, 12, 11, 13, 10, 10, 13, 12, 11, 13, 10], [11, 11, 10, 11, 12, 12, 13, 13, 10, 10, 10, 10, 12, 13, 12, 10, 10, 10, 12, 13, 10, 13, 13, 13, 12], [10, 11, 10, 12, 13, 10, 12, 11, 11, 13, 13, 12, 12, 13, 10, 12, 12, 10, 12, 11, 11, 10, 11, 11, 10], [10, 10, 12, 13, 13, 12, 13, 12, 10, 12, 12, 13, 13, 10, 11, 12, 13, 12, 13, 10, 11, 10, 11, 13, 12], [13, 13, 12, 11, 10, 10, 11, 13, 11, 10, 11, 10, 13, 12, 11, 13, 11, 11, 12, 12, 11, 11, 12, 13, 10], [11, 11, 11, 11, 13, 10, 11, 13, 12, 11, 10, 10, 13, 12, 13, 10, 13, 13, 12, 11, 11, 12, 12, 13, 13], [13, 11, 13, 13, 13, 12, 10, 10, 10, 13, 13, 13, 12, 13, 12, 10, 12, 10, 13, 11, 13, 11, 13, 11, 11], [13, 11, 12, 13, 11, 12, 12, 12, 11, 11, 12, 10, 12, 12, 11, 13, 10, 10, 12, 11, 10, 12, 12, 12, 13], [13, 12, 11, 12, 10, 10, 10, 13, 13, 12, 13, 13, 12, 11, 10, 11, 12, 12, 10, 11, 13, 12, 12, 12, 13], [13, 10, 10, 10, 13, 11, 10, 13, 10, 12, 11, 12, 10, 11, 11, 11, 11, 10, 12, 11, 10, 13, 13, 13, 12], [11, 10, 12, 12, 11, 12, 10, 11, 11, 11, 12, 11, 10, 10, 10, 13, 10, 11, 10, 13, 10, 10, 11, 13, 10], [13, 11, 11, 10, 10, 12, 10, 13, 10, 13, 12, 13, 10, 12, 10, 12, 11, 11, 12, 12, 12, 13, 13, 11, 12], [10, 12, 10, 10, 10, 10, 12, 12, 10, 13, 11, 10, 11, 13, 13, 10, 10, 10, 13, 11, 12, 10, 11, 11, 10], [11, 13, 11, 13, 11, 10, 11, 12, 12, 13, 12, 12, 11, 10, 12, 12, 11, 10, 10, 11, 13, 10, 12, 11, 13], [10, 10, 13, 13, 11, 10, 13, 10, 11, 11, 12, 11, 10, 12, 10, 12, 12, 11, 13, 13, 12, 10, 13, 12, 10], [10, 10, 10, 13, 13, 12, 12, 13, 13, 12, 10, 12, 12, 13, 12, 11, 11, 11, 13, 11, 10, 12, 12, 13, 13], [12, 12, 11, 13, 13, 13, 13, 13, 12, 11, 12, 11, 13, 13, 11, 13, 13, 12, 10, 13, 10, 12, 10, 12, 10], [13, 13, 11, 11, 12, 11, 13, 13, 11, 13, 11, 12, 10, 13, 10, 13, 12, 12, 12, 13, 11, 12, 11, 12, 10], [10, 10, 13, 11, 10, 11, 10, 10, 10, 10, 11, 10, 10, 13, 12, 11, 11, 10, 11, 11, 12, 10, 13, 13, 11], [12, 11, 11, 10, 13, 11, 12, 12, 10, 13, 12, 12, 12, 11, 12, 11, 10, 10, 13, 13, 11, 13, 10, 13, 10], [11, 13, 10, 12, 13, 11, 13, 13, 10, 11, 13, 13, 10, 11, 11, 12, 10, 11, 10, 10, 11, 12, 13, 10, 11], [11, 12, 12, 13, 10, 13, 11, 10, 13, 13, 11, 11, 11, 10, 13, 10, 11, 11, 10, 10, 12, 13, 11, 13, 11], [11, 13, 11, 12, 12, 10, 13, 11, 10, 13, 13, 10, 12, 10, 10, 11, 10, 10, 10, 11, 12, 10, 11, 12, 13], [11, 11, 13, 12, 12, 11, 13, 12, 12, 10, 12, 12, 11, 12, 13, 11, 12, 13, 10, 12, 12, 13, 11, 12, 13], [12, 12, 10, 10, 11, 13, 11, 10, 13, 11, 13, 11, 12, 12, 11, 12, 10, 10, 12, 12, 10, 13, 12, 11, 13], [13, 10, 12, 10, 12, 12, 10, 13, 13, 13, 11, 10, 11, 11, 10, 11, 13, 10, 11, 13, 11, 11, 10, 11, 12], [11, 13, 13, 12, 12, 11, 13, 11, 12, 11, 10, 12, 12, 13, 12, 11, 12, 13, 13, 13, 13, 10, 11, 11, 12], [12, 11, 12, 13, 12, 10, 10, 10, 11, 11, 13, 10, 12, 13, 11, 12, 11, 12, 13, 13, 10, 13, 12, 10, 11], [13, 12, 13, 11, 13, 11, 10, 10, 10, 10, 12, 10, 10, 10, 12, 11, 12, 10, 12, 11, 10, 10, 10, 13, 13], [11, 13, 10, 13, 11, 11, 12, 13, 12, 13, 10, 13, 13, 13, 13, 10, 10, 10, 11, 13, 11, 13, 10, 11, 12], [10, 11, 13, 11, 12, 12, 10, 13, 10, 11, 13, 13, 11, 13, 12, 12, 12, 10, 11, 10, 12, 12, 12, 12, 12], [12, 13, 11, 13, 10, 13, 11, 10, 12, 13, 11, 12, 10, 12, 10, 13, 12, 11, 12, 11, 13, 10, 11, 11, 11], [11, 12, 13, 13, 11, 13, 12, 12, 10, 13, 11, 10, 11, 11, 11, 13, 10, 12, 11, 11, 13, 10, 10, 11, 10], [12, 12, 10, 11, 10, 13, 13, 13, 10, 10, 13, 10, 12, 12, 12, 12, 11, 12, 10, 10, 13, 10, 13, 10, 11], [10, 12, 12, 13, 13, 11, 11, 11, 12, 13, 11, 13, 13, 13, 13, 13, 10, 13, 11, 12, 13, 13, 11, 11, 13], [13, 13, 12, 13, 10, 12, 13, 12, 13, 13, 10, 10, 11, 12, 10, 10, 10, 12, 11, 13, 11, 10, 11, 12, 11], [10, 10, 11, 11, 13, 11, 11, 12, 12, 11, 13, 13, 12, 10, 12, 10, 11, 11, 10, 13, 12, 13, 11, 13, 12], [12, 11, 13, 13, 10, 13, 12, 12, 10, 12, 12, 13, 10, 10, 10, 11, 11, 13, 11, 13, 11, 10, 13, 13, 12], [10, 13, 10, 13, 13, 12, 12, 10, 12, 10, 11, 13, 13, 11, 10, 10, 13, 11, 13, 12, 13, 11, 13, 11, 13], [12, 13, 10, 13, 12, 10, 13, 10, 13, 12, 12, 10, 13, 11, 13, 12, 11, 12, 10, 12, 11, 10, 10, 10, 13], [11, 11, 12, 11, 12, 11, 12, 13, 12, 13, 11, 10, 11, 10, 12, 10, 13, 11, 10, 10, 13, 13, 12, 13, 11], [10, 11, 11, 12, 10, 12, 13, 13, 12, 11, 10, 11, 12, 13, 10, 11, 12, 12, 11, 13, 12, 12, 10, 13, 13], [11, 12, 10, 13, 13, 11, 11, 13, 10, 13, 10, 11, 13, 11, 12, 11, 10, 11, 12, 11, 10, 13, 11, 11, 11], [12, 10, 13, 10, 13, 10, 13, 10, 13, 12, 13, 13, 11, 12, 11, 10, 12, 12, 13, 12, 12, 13, 10, 11, 11], [11, 13, 11, 10, 10, 13, 12, 13, 10, 10, 11, 11, 11, 10, 10, 11, 10, 11, 13, 12, 10, 10, 11, 12, 11], [11, 10, 12, 12, 10, 13, 11, 13, 11, 11, 11, 10, 13, 10, 11, 11, 12, 11, 13, 13, 11, 12, 13, 11, 13], [11, 13, 10, 12, 13, 11, 10, 13, 13, 12, 10, 13, 13, 13, 13, 10, 12, 11, 11, 11, 13, 12, 13, 12, 13], [11, 12, 11, 11, 11, 10, 11, 10, 10, 10, 12, 11, 11, 13, 13, 13, 11, 13, 13, 11, 12, 12, 12, 12, 10], [10, 10, 13, 11, 12, 11, 12, 10, 13, 12, 11, 11, 10, 12, 11, 10, 11, 11, 11, 10, 12, 11, 12, 10, 13], [10, 13, 13, 13, 11, 12, 13, 11, 12, 13, 10, 12, 13, 12, 10, 12, 12, 11, 10, 13, 10, 13, 11, 11, 13], [10, 12, 10, 11, 11, 11, 10, 12, 11, 12, 12, 13, 13, 11, 12, 11, 13, 12, 10, 12, 13, 12, 10, 12, 10], [12, 10, 12, 10, 10, 12, 10, 11, 12, 13, 12, 10, 12, 12, 11, 11, 13, 12, 13, 12, 12, 10, 10, 11, 12], [12, 11, 11, 10, 10, 11, 13, 11, 13, 10, 11, 11, 12, 12, 11, 10, 10, 12, 11, 13, 12, 11, 10, 10, 11], [13, 13, 13, 13, 13, 13, 13, 13, 11, 11, 11, 10, 13, 12, 12, 13, 10, 12, 13, 10, 13, 12, 10, 11, 11], [13, 13, 11, 10, 13, 13, 11, 12, 10, 10, 13, 12, 13, 10, 10, 11, 11, 13, 12, 12, 10, 13, 13, 12, 13], [11, 12, 13, 10, 11, 10, 13, 10, 13, 13, 12, 12, 10, 10, 10, 12, 12, 10, 10, 13, 13, 13, 11, 11, 13], [10, 10, 11, 10, 13, 13, 11, 12, 10, 11, 11, 11, 13, 13, 11, 12, 10, 12, 10, 13, 11, 11, 13, 10, 10], [10, 13, 12, 10, 11, 13, 10, 13, 10, 13, 12, 10, 11, 11, 13, 11, 11, 11, 10, 10, 11, 12, 11, 13, 10], [11, 11, 11, 11, 10, 12, 11, 12, 12, 12, 11, 11, 10, 12, 13, 12, 11, 12, 13, 11, 13, 12, 10, 10, 12], [12, 11, 13, 10, 13, 10, 13, 11, 11, 10, 12, 13, 10, 12, 11, 12, 11, 12, 13, 13, 11, 10, 12, 11, 13], [12, 10, 12, 10, 10, 10, 13, 12, 12, 13, 13, 10, 12, 13, 10, 11, 12, 13, 12, 10, 10, 10, 10, 13, 10], [10, 13, 13, 11, 12, 13, 13, 13, 11, 11, 13, 13, 13, 10, 12, 12, 10, 13, 12, 11, 10, 12, 13, 11, 13], [12, 13, 12, 10, 12, 12, 11, 12, 10, 12, 13, 10, 11, 13, 11, 11, 10, 13, 10, 13, 13, 12, 12, 11, 13], [13, 13, 10, 11, 10, 10, 10, 13, 10, 13, 10, 11, 13, 11, 13, 11, 10, 11, 12, 13, 12, 10, 10, 11, 10], [11, 10, 13, 12, 11, 11, 11, 10, 11, 12, 10, 13, 10, 13, 12, 10, 11, 12, 11, 10, 11, 11, 11, 11, 12], [11, 12, 12, 10, 13, 13, 13, 13, 11, 10, 13, 10, 11, 12, 13, 10, 11, 11, 11, 13, 12, 10, 13, 13, 10], [11, 11, 11, 13, 12, 12, 10, 12, 12, 12, 10, 10, 11, 13, 10, 11, 11, 10, 13, 11, 12, 12, 13, 13, 11], [11, 10, 10, 12, 11, 11, 11, 10, 12, 11, 13, 13, 10, 11, 10, 11, 10, 11, 12, 12, 10, 13, 11, 13, 12], [13, 13, 11, 11, 10, 12, 13, 13, 13, 11, 10, 11, 13, 11, 11, 10, 13, 11, 13, 11, 13, 12, 11, 11, 12], [13, 13, 11, 10, 13, 10, 13, 10, 11, 10, 11, 13, 11, 12, 12, 13, 13, 13, 11, 11, 12, 11, 12, 12, 11], [13, 13, 12, 11, 12, 11, 10, 13, 11, 12, 10, 12, 10, 11, 12, 10, 11, 10, 11, 11, 10, 10, 12, 12, 13], [11, 10, 13, 11, 11, 10, 13, 13, 11, 13, 12, 11, 10, 13, 12, 10, 10, 10, 12, 12, 10, 10, 11, 11, 11], [10, 12, 12, 10, 13, 11, 13, 11, 13, 12, 12, 11, 11, 13, 11, 11, 12, 11, 10, 10, 13, 13, 10, 12, 10], [10, 11, 12, 13, 11, 11, 10, 10, 12, 12, 10, 11, 12, 12, 13, 11, 13, 10, 12, 11, 10, 12, 10, 11, 12], [12, 11, 13, 11, 11, 13, 13, 10, 13, 10, 13, 12, 10, 12, 10, 12, 11, 11, 10, 10, 12, 10, 13, 11, 12], [11, 12, 12, 12, 10, 12, 12, 10, 13, 12, 11, 13, 13, 13, 11, 10, 11, 13, 12, 13, 11, 11, 10, 10, 13], [13, 13, 10, 10, 11, 11, 11, 12, 11, 13, 10, 12, 12, 12, 11, 11, 13, 13, 10, 11, 13, 11, 10, 11, 11], [11, 10, 11, 13, 12, 10, 13, 13, 11, 10, 10, 10, 10, 12, 12, 10, 13, 11, 11, 10, 10, 12, 10, 13, 12], [13, 13, 13, 12, 12, 13, 13, 13, 11, 11, 13, 12, 13, 10, 13, 13, 11, 10, 10, 11, 11, 13, 13, 10, 12], [10, 13, 12, 13, 11, 12, 10, 12, 13, 12, 12, 12, 10, 13, 10, 10, 11, 10, 13, 12, 13, 11, 11, 10, 13], [11, 13, 10, 11, 13, 12, 11, 13, 13, 13, 10, 13, 10, 12, 13, 10, 11, 11, 10, 13, 10, 13, 13, 12, 10], [11, 13, 13, 12, 11, 13, 13, 12, 13, 13, 10, 13, 10, 10, 13, 10, 12, 12, 11, 13, 12, 11, 13, 12, 13], [12, 13, 12, 12, 10, 10, 10, 12, 12, 11, 13, 13, 11, 12, 13, 10, 12, 10, 12, 12, 12, 11, 10, 10, 11], [13, 10, 10, 12, 13, 12, 13, 10, 12, 10, 11, 12, 10, 11, 11, 11, 13, 12, 10, 11, 12, 11, 12, 10, 13], [10, 10, 11, 12, 10, 10, 10, 13, 11, 10, 11, 12, 12, 10, 13, 13, 11, 10, 11, 10, 13, 12, 13, 12, 11], [10, 11, 11, 10, 11, 11, 13, 12, 13, 13, 13, 13, 12, 11, 11, 13, 12, 12, 13, 11, 13, 10, 11, 13, 12]]
Inventory holding cost per unit of each product by the end of each period h: 
[[9, 5, 5, 5, 6, 9, 8, 6, 9, 6, 9, 7, 5, 7, 5, 7, 8, 6, 5, 7, 8, 7, 8, 8, 9], [8, 7, 7, 8, 8, 9, 5, 9, 7, 7, 5, 5, 7, 7, 7, 5, 5, 5, 5, 5, 6, 8, 7, 8, 6], [9, 5, 5, 6, 8, 8, 6, 5, 9, 8, 6, 6, 6, 5, 5, 9, 8, 9, 8, 9, 7, 9, 8, 7, 8], [6, 7, 8, 8, 6, 7, 8, 7, 8, 9, 7, 7, 5, 6, 6, 7, 5, 6, 9, 6, 5, 5, 9, 9, 9], [8, 5, 5, 9, 9, 8, 9, 5, 5, 8, 9, 7, 6, 5, 8, 7, 6, 5, 8, 7, 7, 8, 8, 6, 8], [6, 8, 5, 6, 5, 5, 8, 9, 7, 8, 7, 6, 7, 6, 5, 9, 8, 7, 6, 7, 7, 5, 5, 8, 6], [8, 6, 7, 7, 5, 5, 7, 8, 6, 5, 9, 7, 8, 5, 7, 5, 6, 6, 8, 8, 6, 7, 5, 8, 9], [5, 8, 9, 8, 5, 6, 5, 8, 6, 8, 8, 5, 6, 8, 5, 8, 8, 8, 7, 8, 9, 7, 6, 7, 7], [5, 6, 6, 7, 6, 8, 7, 9, 9, 9, 7, 8, 5, 9, 6, 5, 5, 9, 5, 6, 6, 9, 6, 7, 6], [7, 9, 5, 7, 6, 6, 9, 9, 8, 5, 5, 5, 6, 5, 6, 8, 8, 8, 8, 6, 8, 7, 8, 6, 9], [8, 8, 7, 9, 5, 7, 5, 6, 7, 7, 7, 9, 9, 8, 9, 5, 7, 6, 9, 5, 5, 8, 8, 7, 5], [5, 9, 9, 5, 8, 9, 6, 6, 5, 8, 9, 5, 6, 9, 5, 8, 8, 5, 8, 6, 8, 6, 6, 7, 6], [8, 7, 8, 9, 5, 9, 8, 9, 5, 7, 8, 8, 5, 9, 8, 8, 8, 8, 5, 7, 6, 5, 7, 9, 7], [9, 9, 6, 6, 5, 9, 7, 7, 6, 5, 9, 8, 6, 6, 7, 9, 7, 9, 7, 9, 8, 9, 5, 8, 9], [7, 8, 9, 6, 5, 5, 9, 6, 7, 7, 6, 5, 8, 5, 7, 6, 8, 5, 8, 8, 7, 8, 7, 5, 7], [9, 6, 8, 8, 5, 9, 7, 6, 5, 5, 6, 7, 5, 9, 8, 8, 7, 8, 5, 9, 7, 6, 7, 5, 6], [9, 7, 8, 8, 8, 9, 9, 9, 7, 8, 6, 8, 8, 7, 7, 5, 7, 7, 5, 9, 9, 9, 5, 6, 8], [6, 7, 9, 5, 5, 5, 8, 6, 9, 8, 5, 9, 8, 8, 7, 7, 7, 7, 6, 7, 6, 6, 5, 6, 5], [6, 5, 6, 5, 5, 8, 5, 9, 9, 6, 9, 9, 7, 8, 6, 9, 6, 9, 6, 6, 5, 6, 6, 7, 8], [7, 9, 8, 9, 7, 8, 7, 9, 5, 6, 5, 7, 8, 6, 8, 8, 5, 5, 5, 6, 9, 6, 6, 5, 8], [8, 5, 7, 5, 5, 9, 8, 9, 7, 8, 7, 5, 5, 5, 8, 7, 8, 5, 7, 8, 7, 8, 7, 5, 6], [7, 5, 6, 5, 9, 8, 6, 9, 5, 6, 9, 8, 5, 7, 5, 8, 5, 6, 8, 9, 7, 6, 7, 6, 6], [9, 6, 7, 7, 6, 6, 9, 9, 5, 5, 9, 5, 8, 7, 9, 5, 5, 7, 9, 8, 7, 7, 8, 7, 6], [8, 8, 5, 9, 9, 7, 5, 7, 9, 6, 5, 5, 8, 9, 7, 8, 7, 7, 6, 9, 6, 6, 9, 9, 6], [8, 6, 9, 8, 6, 8, 5, 6, 6, 9, 7, 8, 6, 6, 9, 6, 6, 5, 8, 8, 7, 6, 6, 5, 9], [5, 5, 8, 6, 8, 5, 5, 5, 9, 9, 6, 8, 8, 7, 9, 9, 5, 7, 6, 9, 5, 6, 7, 5, 5], [6, 9, 8, 6, 6, 7, 8, 6, 6, 8, 8, 7, 8, 9, 9, 6, 7, 9, 6, 8, 8, 5, 9, 5, 7], [8, 8, 6, 6, 8, 5, 7, 8, 8, 5, 9, 6, 7, 7, 6, 9, 8, 9, 8, 5, 7, 6, 9, 5, 9], [9, 6, 6, 5, 9, 7, 5, 5, 6, 9, 5, 5, 6, 7, 7, 9, 8, 8, 8, 6, 8, 8, 6, 8, 5], [7, 6, 9, 9, 6, 6, 7, 6, 9, 7, 7, 5, 7, 5, 7, 8, 6, 6, 8, 9, 9, 6, 8, 9, 6], [8, 5, 9, 6, 8, 5, 8, 7, 9, 5, 6, 9, 8, 7, 8, 8, 5, 6, 5, 6, 9, 8, 5, 8, 8], [5, 8, 7, 5, 8, 7, 8, 9, 5, 9, 7, 7, 6, 7, 6, 7, 7, 9, 6, 8, 6, 6, 7, 7, 9], [7, 6, 9, 6, 9, 8, 7, 6, 5, 8, 5, 6, 7, 5, 7, 8, 6, 6, 5, 5, 9, 7, 9, 6, 6], [6, 8, 8, 7, 8, 7, 5, 6, 7, 9, 8, 5, 7, 7, 6, 8, 7, 8, 7, 8, 7, 7, 6, 9, 5], [6, 7, 9, 8, 5, 7, 6, 8, 8, 9, 6, 5, 7, 7, 9, 7, 7, 7, 9, 6, 6, 5, 6, 7, 6], [5, 7, 7, 5, 5, 6, 5, 9, 9, 9, 8, 5, 5, 6, 7, 5, 6, 9, 6, 9, 8, 6, 6, 9, 7], [7, 5, 6, 5, 6, 7, 5, 6, 6, 7, 8, 9, 5, 8, 6, 7, 5, 9, 8, 8, 7, 8, 6, 5, 8], [8, 8, 5, 6, 8, 7, 5, 8, 8, 6, 8, 9, 7, 7, 9, 5, 5, 7, 9, 5, 7, 7, 7, 9, 6], [7, 8, 6, 5, 5, 7, 9, 6, 8, 8, 7, 9, 9, 5, 7, 5, 5, 5, 5, 7, 9, 8, 9, 6, 7], [5, 6, 5, 7, 9, 9, 6, 8, 6, 9, 6, 6, 8, 7, 7, 9, 7, 9, 5, 9, 5, 5, 6, 8, 8], [6, 5, 8, 5, 6, 8, 6, 8, 8, 5, 8, 5, 9, 5, 5, 8, 6, 9, 9, 5, 9, 7, 6, 8, 6], [9, 5, 6, 6, 7, 8, 9, 9, 5, 9, 8, 9, 6, 8, 6, 9, 6, 5, 6, 8, 7, 8, 5, 9, 7], [7, 7, 8, 9, 5, 9, 5, 7, 6, 7, 8, 5, 6, 6, 7, 8, 9, 5, 9, 8, 5, 8, 6, 6, 7], [5, 8, 8, 8, 7, 7, 7, 6, 9, 8, 9, 7, 9, 7, 7, 6, 7, 7, 5, 9, 6, 6, 8, 6, 9], [9, 5, 7, 5, 8, 6, 8, 5, 6, 7, 8, 6, 7, 7, 6, 5, 5, 5, 8, 7, 5, 9, 8, 6, 6], [7, 6, 6, 9, 7, 8, 5, 5, 8, 9, 5, 6, 8, 9, 6, 9, 9, 7, 9, 5, 5, 5, 9, 7, 7], [9, 7, 5, 6, 8, 5, 7, 9, 7, 6, 6, 5, 6, 9, 9, 7, 9, 5, 8, 6, 9, 7, 5, 6, 8], [8, 6, 6, 9, 6, 7, 9, 9, 6, 8, 5, 8, 8, 8, 7, 9, 7, 7, 7, 7, 7, 8, 8, 8, 8], [6, 9, 5, 7, 7, 5, 7, 7, 6, 5, 9, 5, 8, 7, 8, 6, 5, 7, 6, 9, 9, 9, 5, 9, 5], [9, 7, 7, 9, 6, 6, 6, 9, 6, 8, 7, 9, 9, 5, 9, 8, 9, 9, 9, 7, 9, 9, 6, 7, 6], [9, 8, 5, 5, 7, 5, 5, 9, 8, 6, 6, 9, 8, 7, 6, 7, 8, 7, 8, 5, 5, 6, 8, 9, 7], [5, 8, 9, 5, 7, 5, 7, 5, 7, 5, 8, 9, 5, 5, 6, 8, 7, 6, 9, 6, 8, 6, 9, 7, 5], [6, 7, 8, 6, 7, 9, 8, 7, 5, 8, 9, 6, 6, 6, 7, 5, 8, 6, 6, 8, 8, 9, 7, 9, 6], [9, 8, 6, 8, 5, 9, 8, 7, 6, 6, 5, 7, 7, 5, 8, 6, 6, 5, 9, 9, 8, 7, 7, 7, 7], [8, 9, 6, 7, 8, 9, 8, 7, 5, 9, 8, 7, 5, 8, 8, 8, 9, 5, 8, 9, 7, 6, 6, 5, 9], [6, 5, 7, 8, 7, 6, 5, 5, 5, 8, 9, 7, 6, 5, 8, 5, 6, 6, 6, 6, 9, 9, 7, 8, 9], [6, 7, 7, 6, 9, 8, 9, 8, 8, 8, 5, 8, 7, 6, 8, 9, 8, 5, 8, 5, 6, 5, 8, 8, 6], [6, 7, 8, 8, 8, 8, 9, 8, 8, 7, 8, 6, 6, 7, 5, 5, 9, 5, 9, 7, 9, 9, 6, 5, 5], [5, 5, 8, 5, 6, 9, 6, 9, 8, 9, 5, 8, 5, 9, 9, 9, 8, 7, 9, 6, 7, 7, 5, 5, 8], [6, 7, 7, 5, 8, 8, 7, 9, 7, 8, 9, 5, 9, 6, 7, 9, 8, 5, 7, 5, 9, 7, 9, 9, 6], [8, 9, 6, 9, 7, 5, 5, 9, 6, 5, 8, 9, 6, 7, 7, 6, 7, 5, 5, 9, 6, 8, 7, 7, 5], [7, 9, 6, 7, 9, 6, 5, 8, 6, 7, 5, 7, 8, 9, 7, 6, 8, 7, 9, 8, 7, 5, 7, 9, 5], [6, 7, 8, 6, 7, 6, 6, 7, 5, 7, 6, 7, 6, 6, 7, 6, 8, 8, 5, 8, 7, 9, 6, 6, 9], [9, 6, 7, 9, 5, 6, 8, 8, 9, 8, 5, 9, 8, 6, 6, 8, 9, 8, 8, 8, 5, 9, 7, 7, 8], [5, 7, 6, 7, 6, 6, 6, 5, 9, 8, 7, 5, 9, 7, 5, 5, 9, 6, 7, 8, 8, 6, 7, 9, 9], [8, 9, 8, 7, 9, 9, 5, 5, 9, 5, 7, 7, 5, 5, 5, 8, 9, 5, 9, 7, 8, 7, 9, 8, 9], [6, 9, 7, 6, 5, 9, 6, 9, 7, 9, 6, 8, 8, 8, 7, 8, 7, 5, 7, 7, 7, 6, 7, 7, 7], [8, 6, 7, 7, 7, 7, 8, 5, 7, 7, 9, 7, 5, 6, 7, 5, 9, 6, 6, 8, 9, 6, 5, 6, 6], [5, 8, 9, 5, 5, 6, 7, 7, 5, 6, 6, 7, 8, 9, 8, 7, 9, 9, 6, 7, 9, 5, 8, 7, 8], [9, 7, 9, 6, 6, 7, 6, 8, 5, 9, 6, 9, 6, 6, 9, 5, 9, 9, 7, 8, 9, 5, 9, 7, 5], [5, 5, 8, 5, 6, 5, 8, 5, 9, 8, 8, 9, 7, 9, 6, 9, 8, 6, 6, 7, 6, 6, 6, 7, 6], [5, 5, 7, 6, 9, 7, 6, 9, 7, 5, 9, 5, 7, 6, 7, 5, 6, 9, 8, 6, 6, 6, 9, 7, 9], [7, 5, 9, 5, 6, 9, 9, 5, 7, 9, 8, 5, 6, 8, 8, 9, 8, 8, 9, 9, 7, 7, 9, 9, 6], [9, 6, 7, 5, 9, 6, 5, 7, 9, 7, 6, 5, 7, 5, 6, 9, 6, 8, 9, 9, 7, 9, 7, 8, 9], [7, 7, 8, 7, 6, 7, 6, 8, 8, 5, 9, 6, 5, 9, 6, 6, 7, 9, 7, 5, 8, 9, 9, 9, 6], [7, 8, 5, 9, 7, 9, 6, 6, 8, 5, 7, 7, 7, 9, 5, 6, 8, 9, 8, 9, 6, 7, 8, 6, 8], [6, 6, 7, 8, 8, 5, 7, 6, 6, 5, 5, 9, 5, 5, 7, 8, 9, 8, 6, 8, 6, 8, 9, 6, 5], [9, 8, 6, 8, 6, 7, 7, 7, 8, 8, 9, 8, 9, 6, 9, 5, 8, 9, 6, 9, 5, 5, 9, 6, 8], [9, 7, 6, 5, 5, 5, 8, 7, 5, 5, 8, 5, 7, 9, 9, 7, 9, 9, 7, 9, 6, 7, 8, 9, 5], [8, 7, 8, 7, 8, 9, 8, 5, 6, 6, 9, 7, 8, 6, 8, 6, 7, 9, 6, 7, 6, 9, 6, 9, 5], [7, 5, 6, 8, 7, 5, 6, 5, 7, 7, 6, 9, 8, 9, 7, 5, 5, 5, 7, 8, 9, 6, 6, 6, 9], [6, 6, 9, 6, 6, 8, 5, 8, 8, 6, 8, 8, 8, 7, 6, 7, 8, 6, 5, 7, 5, 7, 9, 6, 6], [8, 8, 6, 7, 9, 5, 6, 5, 8, 9, 5, 8, 9, 8, 9, 9, 7, 5, 5, 6, 9, 6, 6, 8, 7], [8, 9, 9, 9, 5, 9, 9, 8, 7, 9, 7, 6, 6, 8, 7, 9, 6, 8, 8, 6, 5, 9, 6, 9, 7], [6, 7, 5, 8, 6, 7, 7, 8, 6, 7, 8, 5, 8, 5, 5, 7, 9, 7, 9, 9, 9, 8, 6, 5, 8], [5, 8, 9, 6, 6, 7, 8, 7, 5, 5, 7, 8, 9, 9, 6, 5, 9, 7, 7, 6, 5, 8, 7, 9, 9], [6, 5, 8, 7, 7, 7, 8, 8, 9, 8, 8, 8, 8, 8, 6, 8, 9, 5, 5, 6, 8, 7, 6, 9, 5], [9, 9, 9, 6, 7, 8, 7, 9, 5, 7, 7, 8, 5, 5, 7, 6, 7, 8, 9, 9, 7, 8, 6, 6, 5], [7, 8, 5, 5, 5, 5, 5, 6, 5, 6, 8, 7, 5, 6, 8, 6, 7, 5, 9, 7, 8, 7, 8, 7, 6], [5, 6, 9, 9, 5, 5, 7, 5, 6, 5, 7, 6, 8, 7, 8, 6, 6, 6, 6, 5, 6, 8, 9, 9, 7], [5, 7, 8, 5, 6, 8, 5, 6, 7, 8, 5, 6, 6, 6, 7, 6, 5, 7, 7, 6, 8, 6, 9, 7, 7], [9, 6, 7, 5, 8, 5, 6, 9, 6, 8, 7, 8, 8, 6, 8, 5, 8, 5, 7, 6, 7, 6, 6, 9, 5], [6, 5, 8, 8, 5, 8, 9, 9, 9, 5, 7, 9, 6, 9, 8, 5, 8, 5, 5, 8, 7, 6, 8, 5, 5], [8, 7, 8, 6, 5, 5, 7, 7, 8, 5, 9, 8, 7, 5, 5, 8, 8, 8, 6, 5, 5, 7, 8, 6, 7], [6, 6, 6, 5, 8, 8, 5, 8, 8, 8, 7, 6, 6, 7, 6, 6, 7, 5, 7, 5, 9, 9, 5, 6, 6], [6, 5, 5, 6, 9, 6, 5, 5, 8, 5, 8, 8, 8, 7, 8, 8, 8, 9, 7, 8, 9, 6, 7, 6, 9], [9, 7, 7, 8, 6, 9, 7, 6, 9, 5, 8, 6, 9, 6, 5, 9, 7, 9, 8, 6, 5, 6, 6, 5, 5], [9, 6, 7, 6, 7, 6, 5, 9, 5, 7, 6, 5, 8, 9, 9, 6, 7, 9, 8, 8, 8, 7, 5, 7, 8], [6, 8, 8, 9, 5, 9, 9, 7, 5, 7, 5, 9, 7, 9, 9, 6, 7, 5, 9, 5, 9, 8, 5, 9, 5], [8, 8, 8, 6, 8, 7, 8, 9, 9, 7, 9, 8, 5, 8, 5, 9, 5, 7, 5, 5, 9, 9, 9, 9, 6]]
Demand for each product in each period d: 
[[6, 11, 32, 0, 10, 15, 21, 47, 9, 6, 41, 48, 39, 31, 42, 1, 14, 32, 47, 32, 15, 47, 4, 22, 19], [0, 28, 44, 37, 33, 9, 18, 0, 22, 12, 14, 25, 44, 5, 0, 0, 45, 29, 39, 35, 3, 0, 2, 29, 20], [30, 37, 8, 14, 10, 33, 10, 44, 44, 1, 23, 40, 15, 45, 37, 20, 40, 12, 38, 22, 24, 37, 11, 20, 0], [22, 48, 19, 39, 28, 13, 42, 12, 3, 7, 16, 0, 0, 47, 23, 13, 14, 32, 17, 12, 22, 10, 44, 37, 7], [36, 31, 6, 31, 23, 31, 37, 0, 47, 8, 30, 12, 30, 19, 15, 10, 6, 41, 9, 4, 45, 6, 36, 21, 9], [23, 33, 33, 30, 2, 7, 10, 0, 35, 34, 16, 47, 6, 10, 0, 24, 3, 32, 9, 48, 37, 33, 23, 0, 33], [49, 13, 11, 0, 14, 23, 39, 39, 9, 10, 8, 15, 44, 35, 26, 18, 20, 19, 16, 2, 37, 5, 13, 7, 48], [10, 42, 42, 24, 15, 4, 0, 21, 28, 40, 48, 26, 29, 40, 25, 23, 16, 33, 26, 43, 6, 38, 2, 20, 23], [45, 17, 28, 44, 13, 23, 30, 8, 43, 27, 10, 38, 42, 43, 30, 27, 22, 5, 25, 13, 0, 12, 7, 26, 16], [9, 3, 46, 41, 11, 15, 12, 1, 8, 37, 0, 33, 6, 48, 26, 31, 14, 33, 1, 31, 13, 49, 23, 25, 1], [26, 47, 15, 9, 29, 16, 18, 30, 28, 39, 15, 27, 6, 27, 29, 5, 1, 47, 37, 46, 31, 23, 38, 0, 14], [0, 15, 0, 7, 27, 48, 46, 44, 31, 1, 40, 49, 30, 17, 49, 11, 47, 46, 28, 27, 20, 14, 18, 15, 5], [15, 18, 17, 40, 0, 0, 0, 5, 29, 37, 21, 42, 18, 3, 46, 2, 26, 42, 44, 35, 11, 27, 38, 13, 45], [6, 22, 5, 17, 41, 35, 48, 6, 19, 6, 37, 31, 0, 31, 16, 46, 24, 42, 44, 38, 44, 19, 16, 32, 29], [14, 6, 34, 10, 24, 30, 35, 26, 34, 10, 8, 36, 0, 40, 32, 5, 33, 19, 13, 2, 48, 23, 24, 23, 9], [8, 7, 6, 3, 8, 14, 3, 3, 11, 12, 25, 2, 1, 5, 9, 6, 11, 28, 26, 10, 4, 23, 6, 21, 10], [25, 23, 14, 6, 17, 1, 2, 19, 0, 1, 20, 6, 21, 11, 25, 16, 7, 18, 21, 6, 24, 18, 6, 7, 19], [17, 25, 14, 2, 1, 19, 26, 20, 13, 21, 10, 0, 5, 26, 13, 20, 28, 18, 21, 7, 2, 0, 23, 23, 25], [23, 3, 26, 7, 17, 25, 20, 27, 5, 17, 10, 1, 11, 8, 12, 1, 1, 4, 7, 25, 6, 28, 0, 22, 14], [23, 12, 27, 22, 4, 14, 0, 1, 12, 22, 23, 27, 10, 0, 29, 1, 20, 13, 9, 26, 11, 7, 5, 21, 15], [1, 5, 6, 9, 0, 13, 27, 23, 29, 15, 29, 0, 22, 21, 29, 3, 1, 29, 21, 4, 19, 0, 27, 5, 21], [18, 3, 7, 16, 12, 28, 21, 14, 8, 11, 0, 5, 20, 14, 12, 10, 26, 21, 20, 21, 10, 25, 24, 15, 3], [3, 4, 9, 25, 10, 15, 4, 21, 4, 23, 11, 15, 16, 10, 12, 20, 17, 25, 22, 29, 10, 25, 2, 28, 9], [27, 24, 13, 1, 25, 26, 0, 18, 1, 27, 0, 5, 12, 23, 1, 4, 13, 20, 2, 20, 0, 0, 16, 0, 16], [17, 16, 25, 7, 24, 0, 19, 15, 28, 3, 5, 11, 3, 21, 3, 20, 22, 5, 10, 7, 0, 15, 21, 20, 22], [4, 25, 23, 23, 11, 15, 15, 19, 8, 9, 7, 20, 10, 23, 14, 13, 21, 11, 4, 5, 16, 6, 7, 23, 0], [0, 15, 13, 5, 19, 18, 5, 13, 9, 3, 16, 26, 10, 29, 18, 4, 2, 0, 27, 28, 3, 7, 15, 8, 22], [21, 25, 1, 24, 19, 0, 1, 11, 8, 28, 10, 18, 9, 29, 26, 1, 9, 10, 1, 1, 9, 29, 1, 25, 22], [22, 16, 11, 22, 8, 3, 25, 25, 8, 26, 10, 7, 18, 1, 1, 5, 28, 18, 9, 10, 24, 12, 15, 9, 23], [10, 0, 4, 12, 4, 5, 2, 21, 1, 20, 7, 2, 25, 13, 1, 7, 23, 27, 28, 26, 14, 20, 3, 22, 2], [26, 27, 23, 5, 17, 16, 4, 25, 4, 16, 23, 22, 25, 20, 14, 26, 2, 0, 1, 17, 6, 22, 0, 16, 19], [9, 1, 27, 27, 7, 22, 2, 5, 12, 25, 19, 21, 8, 21, 3, 21, 29, 21, 28, 11, 6, 16, 25, 0, 24], [25, 27, 26, 13, 12, 4, 21, 1, 7, 7, 17, 21, 9, 6, 27, 27, 25, 16, 2, 23, 24, 5, 27, 14, 8], [13, 20, 26, 7, 0, 18, 27, 23, 12, 27, 3, 2, 0, 2, 0, 4, 23, 4, 10, 7, 25, 13, 6, 15, 29], [17, 19, 8, 11, 29, 26, 26, 15, 21, 16, 26, 28, 13, 29, 0, 0, 26, 0, 10, 15, 13, 6, 29, 4, 4], [23, 11, 1, 11, 20, 22, 18, 3, 22, 27, 29, 2, 2, 16, 25, 22, 14, 0, 8, 15, 21, 0, 15, 29, 24], [0, 14, 17, 21, 10, 29, 17, 23, 7, 8, 17, 1, 26, 26, 7, 15, 24, 12, 9, 22, 10, 20, 19, 8, 28], [21, 24, 1, 25, 19, 29, 14, 8, 21, 29, 22, 12, 18, 22, 24, 29, 9, 9, 22, 7, 10, 6, 22, 0, 7], [22, 18, 27, 21, 12, 6, 16, 26, 17, 0, 27, 8, 1, 16, 14, 15, 18, 9, 24, 11, 15, 22, 13, 3, 16], [26, 0, 11, 17, 10, 19, 3, 18, 14, 6, 25, 22, 29, 0, 9, 12, 1, 20, 0, 22, 2, 13, 8, 19, 6], [2, 3, 6, 8, 3, 3, 0, 9, 5, 1, 7, 2, 2, 0, 0, 6, 9, 0, 3, 6, 7, 6, 0, 9, 3], [0, 5, 9, 0, 4, 3, 5, 8, 3, 5, 4, 9, 1, 0, 1, 4, 8, 0, 4, 5, 5, 0, 9, 7, 8], [3, 8, 1, 2, 4, 8, 2, 4, 1, 0, 3, 8, 9, 0, 9, 8, 0, 6, 6, 3, 8, 4, 8, 6, 9], [3, 9, 4, 5, 2, 2, 8, 0, 6, 9, 5, 2, 7, 6, 5, 3, 4, 5, 8, 6, 2, 7, 0, 9, 6], [0, 2, 3, 2, 2, 5, 1, 2, 8, 6, 8, 5, 7, 2, 4, 6, 4, 1, 5, 5, 5, 1, 0, 8, 8], [5, 8, 3, 6, 1, 1, 2, 9, 7, 2, 9, 5, 7, 7, 0, 2, 8, 4, 4, 2, 4, 2, 0, 0, 1], [1, 5, 7, 6, 7, 4, 7, 9, 7, 0, 3, 5, 5, 6, 2, 6, 8, 7, 9, 9, 4, 9, 0, 2, 2], [2, 1, 8, 8, 7, 6, 6, 9, 2, 6, 3, 9, 6, 0, 9, 9, 4, 9, 5, 5, 8, 8, 9, 7, 7], [9, 0, 0, 7, 0, 5, 6, 3, 2, 1, 6, 8, 0, 5, 2, 1, 5, 7, 1, 6, 3, 2, 7, 1, 3], [6, 5, 7, 4, 5, 9, 0, 4, 2, 8, 3, 2, 6, 2, 5, 9, 3, 2, 7, 0, 7, 7, 2, 4, 7], [0, 5, 8, 0, 7, 6, 3, 9, 1, 5, 4, 5, 0, 9, 6, 0, 4, 6, 9, 0, 3, 0, 0, 0, 5], [3, 5, 1, 8, 4, 1, 8, 8, 8, 0, 7, 4, 6, 7, 3, 0, 1, 0, 7, 8, 4, 3, 2, 1, 1], [5, 6, 9, 7, 9, 1, 8, 2, 2, 2, 2, 5, 6, 0, 3, 8, 1, 9, 4, 7, 6, 3, 7, 0, 3], [3, 0, 4, 4, 2, 1, 9, 4, 4, 0, 3, 4, 7, 3, 3, 8, 5, 3, 2, 3, 5, 6, 4, 0, 6], [2, 6, 7, 6, 9, 3, 2, 0, 6, 5, 9, 8, 2, 6, 8, 0, 0, 0, 0, 5, 2, 5, 2, 1, 0], [3, 5, 8, 7, 0, 7, 4, 4, 0, 0, 1, 6, 9, 9, 3, 3, 2, 1, 7, 5, 2, 1, 5, 7, 7], [7, 4, 7, 2, 9, 3, 3, 3, 1, 4, 4, 5, 0, 3, 0, 7, 7, 0, 9, 1, 2, 1, 9, 7, 4], [5, 3, 0, 4, 6, 7, 7, 8, 1, 8, 2, 4, 3, 4, 8, 5, 8, 4, 4, 2, 8, 6, 5, 7, 3], [5, 1, 3, 0, 9, 2, 8, 0, 4, 0, 9, 8, 5, 5, 7, 5, 0, 4, 1, 2, 7, 0, 0, 1, 1], [6, 8, 9, 0, 9, 6, 6, 5, 9, 8, 0, 8, 9, 6, 3, 0, 6, 5, 9, 4, 4, 1, 0, 8, 8], [9, 4, 8, 3, 3, 6, 7, 3, 4, 8, 6, 6, 4, 5, 1, 6, 3, 0, 1, 4, 6, 8, 7, 8, 1], [6, 7, 3, 0, 0, 6, 1, 0, 7, 0, 3, 5, 8, 8, 3, 0, 6, 9, 3, 7, 2, 1, 6, 5, 4], [0, 5, 6, 0, 1, 4, 5, 3, 3, 5, 2, 7, 4, 1, 6, 8, 1, 7, 1, 7, 7, 7, 6, 5, 2], [5, 2, 8, 2, 9, 1, 0, 8, 8, 9, 3, 8, 2, 6, 1, 6, 9, 7, 1, 9, 0, 2, 6, 0, 2], [8, 0, 2, 5, 8, 3, 7, 5, 2, 2, 1, 5, 0, 7, 5, 7, 4, 1, 0, 3, 0, 9, 9, 8, 8], [5, 6, 7, 3, 3, 0, 3, 5, 8, 5, 0, 9, 8, 5, 9, 9, 7, 2, 7, 7, 1, 3, 0, 0, 5], [0, 9, 0, 8, 2, 7, 0, 0, 0, 0, 0, 3, 1, 9, 8, 0, 2, 2, 9, 9, 9, 2, 2, 8, 9], [0, 7, 3, 5, 2, 9, 8, 8, 0, 0, 9, 2, 1, 0, 9, 1, 2, 4, 0, 0, 9, 8, 8, 8, 9], [8, 0, 3, 2, 2, 5, 9, 4, 1, 7, 5, 0, 3, 1, 1, 3, 6, 7, 8, 0, 2, 7, 7, 2, 4], [3, 4, 4, 6, 7, 0, 1, 9, 0, 3, 3, 8, 4, 8, 3, 9, 0, 8, 8, 2, 0, 2, 3, 2, 6], [3, 9, 0, 3, 8, 3, 1, 1, 3, 8, 8, 9, 9, 0, 4, 5, 1, 0, 0, 5, 1, 6, 2, 7, 7], [6, 4, 0, 1, 8, 6, 1, 7, 0, 9, 2, 4, 2, 6, 8, 4, 9, 1, 2, 5, 9, 5, 1, 0, 2], [2, 5, 5, 7, 6, 6, 7, 6, 0, 1, 5, 0, 7, 3, 0, 7, 2, 8, 2, 3, 5, 5, 8, 1, 2], [2, 9, 9, 0, 1, 1, 1, 0, 7, 2, 2, 5, 9, 7, 7, 4, 0, 9, 9, 6, 1, 1, 2, 8, 3], [8, 3, 2, 2, 0, 8, 0, 3, 8, 9, 8, 8, 3, 2, 7, 0, 6, 8, 1, 2, 0, 0, 3, 9, 9], [0, 3, 9, 8, 9, 4, 5, 7, 4, 3, 3, 0, 3, 1, 3, 4, 5, 9, 7, 3, 9, 8, 0, 0, 5], [6, 2, 6, 2, 1, 4, 1, 0, 4, 2, 9, 9, 2, 8, 6, 4, 8, 8, 5, 0, 0, 7, 3, 3, 2], [0, 4, 0, 3, 5, 1, 0, 8, 1, 9, 2, 4, 9, 1, 7, 4, 7, 3, 8, 5, 1, 7, 0, 0, 5], [0, 7, 1, 0, 9, 7, 0, 8, 4, 0, 0, 4, 5, 1, 4, 2, 9, 5, 3, 6, 0, 2, 7, 8, 8], [9, 8, 4, 0, 4, 1, 6, 3, 5, 2, 5, 5, 5, 0, 0, 8, 6, 0, 0, 9, 3, 2, 7, 6, 0], [8, 4, 6, 4, 1, 9, 7, 7, 5, 4, 0, 6, 7, 4, 2, 2, 7, 3, 7, 6, 3, 8, 6, 2, 6], [4, 7, 0, 2, 8, 5, 6, 1, 2, 1, 4, 6, 9, 7, 0, 6, 2, 0, 7, 1, 2, 8, 6, 0, 5], [3, 0, 5, 0, 7, 6, 0, 3, 2, 0, 2, 8, 2, 9, 8, 0, 5, 1, 3, 1, 7, 8, 6, 8, 3], [2, 7, 4, 5, 1, 7, 2, 7, 6, 1, 7, 8, 3, 7, 1, 7, 7, 4, 7, 0, 5, 7, 1, 0, 2], [7, 8, 9, 6, 5, 3, 1, 0, 1, 9, 2, 1, 4, 4, 3, 6, 2, 8, 3, 6, 8, 6, 2, 6, 0], [7, 2, 6, 8, 8, 6, 4, 0, 3, 5, 0, 9, 8, 0, 4, 4, 9, 3, 6, 4, 9, 4, 5, 8, 6], [8, 9, 1, 0, 0, 2, 3, 5, 0, 0, 2, 9, 2, 1, 0, 3, 6, 9, 5, 1, 7, 5, 0, 7, 0], [9, 1, 7, 9, 1, 8, 5, 2, 8, 6, 0, 7, 0, 9, 0, 7, 4, 5, 1, 2, 0, 4, 4, 7, 1], [1, 1, 1, 5, 9, 6, 0, 4, 6, 8, 2, 0, 4, 0, 0, 8, 9, 0, 3, 7, 1, 3, 6, 4, 8], [5, 4, 7, 8, 8, 5, 1, 6, 0, 3, 3, 8, 7, 9, 8, 7, 4, 2, 9, 3, 0, 3, 0, 9, 2], [0, 0, 4, 3, 2, 0, 3, 4, 4, 2, 0, 8, 4, 5, 0, 6, 5, 8, 3, 5, 3, 5, 0, 5, 5], [9, 0, 2, 4, 0, 4, 8, 5, 7, 0, 0, 3, 0, 3, 5, 3, 5, 4, 0, 0, 8, 5, 6, 2, 9], [2, 7, 9, 0, 2, 0, 6, 7, 4, 9, 4, 3, 2, 6, 5, 8, 6, 3, 2, 0, 2, 8, 3, 1, 7], [0, 0, 1, 8, 6, 0, 3, 5, 4, 3, 4, 1, 3, 1, 6, 3, 6, 3, 7, 0, 0, 5, 6, 6, 8], [8, 1, 8, 2, 1, 0, 6, 0, 8, 2, 8, 8, 6, 3, 5, 6, 6, 2, 0, 5, 4, 4, 2, 2, 9], [0, 1, 2, 2, 8, 6, 3, 0, 0, 2, 7, 4, 6, 7, 2, 1, 0, 2, 4, 5, 7, 7, 0, 8, 8], [7, 9, 5, 6, 2, 4, 4, 3, 0, 6, 1, 5, 3, 7, 8, 3, 3, 1, 2, 1, 5, 1, 4, 0, 9], [8, 0, 0, 9, 4, 0, 5, 9, 2, 9, 8, 8, 2, 3, 2, 9, 3, 5, 2, 4, 0, 0, 5, 7, 2], [0, 7, 1, 1, 2, 7, 3, 6, 9, 7, 5, 8, 5, 8, 2, 4, 6, 9, 3, 8, 0, 5, 1, 9, 5], [7, 8, 6, 7, 1, 0, 5, 1, 3, 7, 1, 9, 1, 0, 3, 7, 8, 3, 0, 0, 5, 3, 7, 6, 6]]
Maintenance cost in each period m: 
[10113, 8632, 8551, 11954, 9526, 9545, 8620, 12450, 11433, 10164, 9518, 11246, 10211, 11921, 9922, 9953, 10430, 10661, 12053, 9321, 8556, 11515, 11150, 8843, 12353]
Maximum capacity of the machine cmax: 
4100