Set of periods in the planning horizon T: 
10
Set of products P: 
100
Capacity reduction coefficient alpha: 
0.8
Relative decrease of capacity per set up gamma: 
0.28
Capacity reduction coefficient due to product types beta: 
[0.36, 0.33, 0.4, 0.37, 0.31, 0.28, 0.39, 0.35, 0.28, 0.3, 0.31, 0.37, 0.22, 0.29, 0.22, 0.24, 0.27, 0.36, 0.39, 0.29, 0.36, 0.37, 0.32, 0.33, 0.28, 0.3, 0.25, 0.31, 0.31, 0.29, 0.22, 0.31, 0.24, 0.4, 0.33, 0.39, 0.37, 0.38, 0.29, 0.33, 0.21, 0.28, 0.34, 0.33, 0.21, 0.27, 0.34, 0.34, 0.33, 0.22, 0.25, 0.26, 0.4, 0.35, 0.33, 0.31, 0.38, 0.37, 0.39, 0.23, 0.27, 0.37, 0.36, 0.35, 0.23, 0.38, 0.24, 0.39, 0.3, 0.32, 0.39, 0.25, 0.22, 0.24, 0.34, 0.37, 0.39, 0.26, 0.2, 0.38, 0.38, 0.2, 0.26, 0.21, 0.23, 0.3, 0.29, 0.27, 0.21, 0.31, 0.33, 0.3, 0.3, 0.28, 0.24, 0.21, 0.37, 0.21, 0.39, 0.4]
Fixed production cost of each product in each period f: 
[[752, 535, 765, 744, 893, 644, 675, 942, 641, 845], [953, 810, 881, 791, 637, 883, 564, 893, 620, 729], [729, 790, 638, 865, 711, 813, 703, 726, 960, 842], [511, 537, 501, 527, 530, 855, 669, 595, 885, 890], [984, 637, 896, 561, 713, 664, 737, 781, 853, 845], [728, 693, 527, 569, 818, 613, 848, 614, 843, 657], [639, 863, 855, 932, 720, 786, 533, 656, 739, 597], [755, 711, 766, 803, 607, 717, 720, 551, 787, 712], [922, 577, 849, 519, 738, 538, 524, 630, 555, 705], [660, 693, 922, 894, 647, 836, 678, 513, 855, 964], [818, 753, 800, 643, 623, 813, 803, 614, 785, 992], [686, 816, 969, 777, 922, 845, 946, 772, 775, 688], [798, 897, 568, 738, 585, 639, 915, 727, 552, 961], [880, 952, 971, 676, 835, 986, 990, 780, 694, 859], [698, 817, 572, 627, 759, 667, 906, 929, 819, 594], [595, 992, 796, 803, 976, 986, 785, 754, 505, 515], [873, 629, 892, 551, 707, 600, 985, 551, 999, 848], [539, 551, 697, 842, 771, 987, 803, 849, 885, 834], [804, 853, 809, 894, 855, 848, 848, 680, 934, 953], [541, 749, 700, 987, 919, 991, 776, 821, 826, 826], [555, 590, 729, 828, 742, 991, 861, 728, 568, 659], [953, 840, 630, 902, 578, 625, 877, 643, 693, 807], [679, 527, 651, 656, 804, 844, 713, 782, 518, 618], [874, 502, 595, 799, 850, 833, 811, 853, 928, 874], [832, 891, 637, 523, 993, 768, 875, 877, 928, 998], [746, 972, 704, 978, 905, 981, 558, 872, 544, 566], [569, 785, 744, 965, 758, 725, 894, 554, 700, 739], [951, 881, 715, 692, 818, 982, 716, 500, 516, 675], [815, 764, 501, 582, 682, 969, 622, 656, 769, 973], [868, 732, 868, 735, 599, 543, 824, 974, 634, 550], [672, 748, 799, 655, 793, 644, 931, 628, 589, 739], [548, 536, 680, 967, 870, 839, 533, 534, 808, 787], [962, 646, 879, 520, 604, 616, 929, 660, 565, 792], [996, 576, 797, 805, 989, 980, 612, 735, 965, 762], [667, 870, 953, 845, 734, 686, 840, 871, 540, 757], [711, 794, 511, 944, 888, 909, 564, 895, 919, 839], [929, 665, 513, 752, 787, 725, 531, 966, 500, 848], [680, 773, 668, 822, 795, 867, 838, 790, 511, 956], [519, 627, 519, 751, 584, 784, 513, 703, 948, 543], [631, 919, 648, 895, 696, 744, 679, 880, 913, 968], [940, 993, 629, 862, 621, 732, 932, 540, 963, 631], [891, 850, 940, 784, 944, 718, 551, 973, 857, 512], [882, 682, 855, 653, 606, 961, 592, 576, 778, 832], [795, 681, 598, 886, 533, 534, 831, 996, 611, 913], [880, 874, 727, 942, 603, 842, 981, 672, 953, 704], [727, 950, 805, 593, 934, 560, 915, 821, 980, 530], [921, 560, 565, 601, 539, 628, 533, 847, 944, 626], [564, 663, 741, 932, 730, 515, 524, 626, 862, 573], [903, 543, 883, 745, 644, 637, 721, 646, 650, 838], [791, 950, 962, 889, 533, 730, 675, 738, 994, 687], [629, 506, 863, 897, 571, 910, 855, 688, 670, 840], [957, 974, 605, 874, 527, 665, 562, 674, 690, 853], [920, 556, 728, 706, 704, 971, 920, 512, 637, 654], [787, 855, 940, 954, 890, 774, 918, 989, 989, 744], [547, 628, 979, 969, 673, 919, 785, 911, 717, 625], [706, 716, 751, 937, 944, 863, 916, 668, 753, 738], [677, 837, 776, 977, 683, 979, 626, 604, 911, 944], [837, 637, 509, 667, 891, 795, 952, 992, 879, 843], [987, 706, 532, 515, 896, 956, 891, 715, 569, 665], [712, 841, 974, 695, 836, 825, 580, 845, 684, 842], [878, 974, 796, 971, 796, 796, 501, 779, 530, 866], [930, 802, 961, 794, 926, 551, 821, 805, 598, 974], [961, 797, 564, 781, 670, 997, 757, 928, 924, 641], [630, 606, 665, 980, 906, 831, 827, 514, 646, 502], [993, 788, 925, 681, 631, 550, 916, 906, 900, 718], [995, 624, 604, 736, 997, 586, 566, 873, 841, 565], [908, 802, 856, 773, 938, 589, 948, 680, 973, 704], [805, 788, 654, 818, 621, 517, 577, 728, 680, 583], [522, 737, 888, 728, 984, 519, 737, 585, 811, 672], [867, 784, 877, 658, 589, 899, 769, 696, 567, 605], [816, 672, 645, 718, 600, 682, 954, 833, 914, 946], [951, 884, 944, 896, 757, 721, 657, 762, 900, 972], [828, 901, 909, 966, 639, 970, 822, 743, 950, 668], [601, 518, 512, 781, 957, 861, 911, 894, 935, 908], [933, 928, 599, 965, 683, 977, 623, 801, 742, 750], [967, 594, 592, 823, 767, 988, 966, 592, 709, 811], [921, 643, 636, 725, 938, 811, 874, 663, 738, 909], [958, 967, 599, 968, 594, 561, 891, 752, 736, 983], [652, 964, 911, 897, 981, 559, 829, 912, 859, 546], [569, 603, 621, 845, 567, 709, 549, 689, 758, 862], [995, 908, 704, 655, 974, 822, 885, 854, 586, 966], [672, 752, 648, 761, 594, 859, 746, 878, 563, 766], [631, 582, 627, 764, 877, 893, 850, 998, 617, 742], [561, 543, 793, 595, 857, 891, 905, 934, 633, 701], [669, 590, 511, 623, 788, 715, 621, 664, 519, 622], [804, 732, 595, 951, 800, 619, 696, 900, 513, 745], [779, 598, 988, 977, 531, 813, 931, 945, 715, 998], [810, 543, 993, 520, 774, 833, 590, 571, 857, 785], [895, 760, 990, 950, 816, 513, 805, 625, 733, 676], [959, 652, 963, 786, 711, 679, 968, 988, 629, 599], [740, 878, 923, 648, 627, 652, 997, 582, 556, 570], [943, 523, 962, 567, 751, 965, 589, 633, 626, 780], [855, 710, 886, 822, 709, 595, 746, 843, 503, 704], [521, 559, 602, 587, 874, 815, 779, 642, 599, 574], [709, 912, 872, 565, 612, 576, 678, 854, 520, 818], [749, 856, 521, 666, 757, 632, 804, 925, 858, 628], [754, 992, 788, 793, 583, 920, 637, 952, 799, 717], [943, 947, 690, 939, 541, 552, 516, 618, 828, 626], [541, 544, 575, 566, 876, 743, 899, 812, 680, 861], [985, 808, 509, 620, 757, 525, 955, 734, 836, 669]]
Variable production cost per unit of each product in each period p: 
[[11, 12, 10, 13, 12, 11, 12, 10, 12, 12], [13, 13, 13, 10, 10, 13, 12, 13, 11, 12], [11, 10, 11, 11, 12, 10, 10, 10, 11, 12], [13, 10, 11, 10, 11, 11, 10, 10, 10, 13], [13, 11, 11, 13, 12, 13, 12, 10, 11, 13], [12, 13, 13, 10, 10, 13, 11, 12, 10, 13], [10, 12, 13, 11, 13, 10, 13, 13, 10, 13], [12, 11, 11, 11, 12, 10, 13, 13, 11, 11], [13, 10, 13, 12, 11, 13, 12, 12, 11, 12], [11, 12, 12, 12, 10, 13, 12, 10, 10, 10], [10, 13, 11, 10, 13, 11, 10, 10, 11, 12], [10, 12, 13, 13, 10, 13, 12, 13, 12, 13], [11, 10, 12, 12, 12, 11, 10, 11, 13, 12], [11, 11, 12, 12, 10, 13, 11, 11, 11, 11], [12, 10, 10, 11, 12, 12, 13, 10, 12, 11], [11, 10, 10, 10, 12, 10, 13, 12, 11, 13], [12, 13, 13, 11, 13, 11, 12, 13, 11, 12], [13, 13, 10, 10, 11, 11, 13, 10, 13, 13], [11, 12, 11, 11, 11, 10, 10, 13, 11, 10], [11, 11, 13, 10, 11, 11, 13, 13, 13, 12], [12, 11, 10, 10, 11, 11, 13, 12, 10, 11], [12, 11, 11, 12, 13, 10, 13, 13, 11, 13], [13, 10, 10, 13, 13, 13, 12, 12, 11, 10], [11, 11, 13, 11, 13, 13, 10, 12, 13, 13], [10, 11, 12, 11, 11, 10, 11, 10, 11, 13], [10, 13, 10, 13, 10, 11, 12, 13, 10, 12], [10, 10, 12, 13, 12, 12, 13, 10, 12, 10], [12, 13, 11, 12, 12, 12, 12, 12, 13, 10], [12, 12, 13, 13, 12, 12, 11, 13, 12, 12], [13, 10, 10, 12, 10, 11, 12, 10, 10, 13], [13, 11, 12, 12, 12, 10, 13, 11, 13, 12], [12, 13, 13, 11, 11, 11, 12, 13, 13, 12], [10, 13, 13, 13, 10, 11, 10, 11, 11, 12], [13, 13, 12, 12, 11, 13, 13, 10, 12, 12], [12, 10, 12, 13, 13, 13, 12, 10, 11, 11], [13, 13, 12, 10, 10, 12, 12, 10, 12, 10], [11, 13, 10, 11, 12, 11, 12, 10, 11, 13], [12, 12, 13, 11, 11, 11, 13, 13, 11, 12], [13, 12, 10, 12, 10, 12, 12, 10, 10, 10], [10, 12, 13, 11, 11, 11, 10, 10, 13, 11], [12, 13, 11, 13, 11, 13, 12, 12, 13, 12], [11, 13, 11, 11, 10, 12, 12, 13, 10, 13], [11, 13, 12, 12, 10, 12, 11, 13, 10, 13], [13, 11, 10, 11, 10, 11, 11, 10, 11, 12], [11, 10, 10, 12, 12, 12, 11, 13, 11, 11], [11, 12, 11, 11, 10, 13, 11, 11, 10, 11], [13, 11, 11, 12, 10, 10, 11, 13, 12, 13], [11, 10, 12, 12, 12, 11, 13, 12, 12, 11], [11, 11, 10, 12, 10, 11, 11, 11, 10, 12], [13, 12, 12, 13, 10, 10, 11, 13, 12, 11], [11, 10, 10, 11, 10, 10, 13, 12, 11, 11], [11, 12, 12, 10, 12, 12, 11, 10, 10, 11], [12, 12, 11, 12, 12, 13, 10, 13, 12, 12], [10, 11, 11, 11, 13, 11, 11, 13, 13, 11], [11, 10, 11, 11, 10, 13, 10, 12, 10, 12], [12, 10, 10, 12, 12, 13, 11, 11, 13, 13], [11, 10, 11, 10, 11, 12, 11, 10, 10, 10], [13, 13, 12, 10, 10, 12, 10, 11, 13, 12], [10, 12, 11, 11, 12, 11, 10, 11, 11, 11], [13, 13, 10, 13, 11, 10, 13, 12, 11, 12], [10, 11, 12, 12, 11, 10, 13, 13, 12, 12], [11, 10, 13, 10, 11, 11, 12, 10, 12, 13], [11, 11, 10, 12, 13, 10, 12, 10, 12, 12], [13, 12, 11, 10, 12, 12, 13, 12, 10, 13], [11, 12, 10, 12, 12, 13, 11, 11, 10, 13], [12, 13, 12, 11, 12, 10, 13, 13, 11, 13], [12, 10, 12, 10, 13, 12, 11, 13, 13, 11], [12, 13, 11, 12, 13, 12, 13, 13, 11, 11], [12, 10, 11, 10, 13, 11, 10, 11, 11, 13], [12, 11, 13, 12, 11, 12, 13, 10, 13, 11], [12, 12, 11, 10, 11, 13, 13, 13, 10, 13], [10, 12, 10, 13, 10, 11, 10, 10, 10, 13], [11, 11, 12, 10, 13, 10, 13, 10, 12, 11], [13, 13, 10, 12, 12, 10, 11, 13, 11, 10], [10, 10, 13, 12, 13, 12, 13, 11, 11, 13], [10, 10, 11, 12, 10, 11, 12, 10, 12, 12], [13, 12, 11, 12, 11, 10, 12, 13, 10, 13], [10, 13, 11, 10, 13, 10, 12, 13, 12, 10], [11, 12, 12, 11, 10, 10, 11, 13, 11, 13], [11, 12, 10, 13, 10, 12, 12, 11, 13, 11], [12, 12, 12, 12, 12, 13, 13, 11, 11, 12], [10, 11, 12, 10, 10, 13, 11, 12, 13, 11], [10, 10, 12, 10, 11, 10, 10, 13, 12, 11], [10, 11, 10, 10, 12, 10, 12, 11, 13, 10], [13, 13, 10, 13, 12, 12, 10, 10, 11, 13], [12, 12, 13, 12, 11, 13, 12, 12, 12, 10], [12, 13, 13, 10, 13, 11, 10, 13, 11, 13], [12, 12, 10, 12, 12, 13, 11, 10, 13, 12], [11, 10, 12, 10, 12, 11, 11, 10, 12, 13], [10, 11, 12, 11, 10, 13, 10, 13, 13, 13], [10, 11, 13, 10, 10, 12, 11, 12, 12, 11], [10, 13, 13, 10, 12, 13, 11, 10, 10, 12], [12, 10, 10, 11, 12, 12, 10, 13, 10, 13], [10, 10, 11, 10, 10, 12, 13, 12, 13, 12], [12, 11, 12, 12, 10, 11, 10, 11, 10, 10], [13, 10, 11, 11, 11, 10, 13, 12, 10, 10], [12, 12, 11, 13, 13, 13, 10, 10, 10, 10], [13, 10, 10, 12, 12, 13, 13, 10, 12, 11], [10, 11, 13, 13, 10, 10, 11, 11, 12, 10], [10, 12, 13, 11, 10, 12, 12, 12, 11, 12]]
Inventory holding cost per unit of each product by the end of each period h: 
[[7, 7, 6, 7, 9, 8, 7, 6, 8, 8], [9, 6, 6, 5, 5, 5, 6, 5, 8, 7], [6, 9, 9, 5, 7, 6, 5, 6, 5, 6], [7, 8, 8, 7, 9, 8, 9, 7, 8, 5], [6, 8, 7, 7, 8, 7, 9, 9, 6, 5], [9, 5, 6, 9, 9, 5, 7, 8, 9, 7], [5, 6, 5, 8, 9, 6, 6, 6, 8, 9], [9, 9, 5, 7, 5, 8, 7, 7, 5, 6], [7, 8, 5, 7, 5, 5, 7, 7, 5, 9], [8, 8, 8, 5, 7, 5, 8, 6, 8, 7], [6, 8, 7, 5, 8, 6, 8, 5, 8, 7], [9, 9, 7, 6, 8, 6, 6, 7, 5, 8], [5, 6, 5, 6, 8, 7, 5, 7, 9, 9], [7, 5, 6, 8, 7, 6, 5, 5, 7, 9], [9, 8, 5, 7, 7, 5, 9, 6, 5, 5], [5, 5, 6, 6, 6, 7, 7, 8, 8, 5], [5, 5, 5, 6, 5, 7, 6, 5, 7, 5], [9, 5, 8, 8, 5, 6, 8, 5, 6, 8], [9, 7, 9, 8, 5, 9, 9, 5, 5, 7], [6, 7, 5, 6, 5, 7, 7, 9, 9, 6], [6, 8, 9, 6, 9, 5, 5, 9, 9, 9], [8, 5, 6, 5, 8, 7, 5, 7, 8, 7], [7, 5, 8, 6, 6, 6, 7, 9, 7, 9], [9, 6, 7, 7, 5, 9, 5, 9, 8, 5], [8, 8, 9, 5, 8, 9, 8, 7, 7, 9], [9, 8, 5, 6, 8, 7, 9, 9, 6, 7], [7, 6, 9, 8, 9, 5, 8, 5, 6, 5], [7, 5, 8, 6, 6, 7, 9, 5, 7, 9], [7, 8, 9, 8, 5, 7, 7, 7, 7, 7], [5, 8, 8, 5, 7, 9, 7, 7, 7, 9], [6, 8, 9, 8, 5, 5, 9, 5, 8, 5], [7, 6, 7, 8, 9, 9, 9, 6, 9, 6], [8, 8, 8, 9, 7, 5, 5, 6, 9, 6], [8, 7, 7, 8, 7, 5, 8, 9, 9, 8], [8, 6, 7, 8, 9, 8, 9, 8, 5, 6], [6, 9, 5, 5, 8, 6, 6, 6, 8, 6], [5, 7, 5, 5, 5, 9, 6, 7, 8, 9], [5, 8, 6, 6, 5, 6, 7, 7, 5, 6], [9, 9, 5, 8, 8, 5, 8, 7, 8, 7], [7, 9, 6, 8, 5, 5, 5, 9, 6, 7], [9, 9, 7, 8, 7, 5, 5, 5, 7, 5], [7, 8, 7, 5, 9, 6, 8, 7, 8, 8], [7, 7, 5, 5, 7, 9, 7, 5, 7, 8], [6, 5, 9, 6, 9, 6, 8, 9, 6, 7], [6, 8, 5, 5, 8, 8, 7, 8, 8, 7], [7, 8, 8, 6, 9, 5, 5, 9, 5, 8], [7, 8, 6, 9, 8, 8, 7, 8, 6, 8], [5, 5, 8, 9, 6, 7, 5, 6, 6, 6], [9, 6, 6, 6, 5, 8, 6, 5, 6, 9], [8, 6, 7, 5, 7, 9, 7, 7, 7, 8], [6, 6, 6, 9, 6, 5, 7, 8, 6, 6], [9, 8, 9, 7, 5, 8, 6, 8, 7, 8], [6, 8, 7, 5, 8, 8, 8, 9, 8, 9], [8, 9, 8, 7, 6, 7, 7, 6, 5, 6], [6, 8, 9, 5, 5, 9, 5, 7, 8, 9], [5, 6, 5, 6, 9, 8, 7, 6, 7, 6], [5, 6, 8, 5, 5, 6, 6, 7, 6, 6], [9, 5, 7, 8, 7, 6, 7, 6, 9, 5], [6, 7, 6, 8, 9, 5, 9, 6, 5, 7], [8, 8, 5, 6, 7, 8, 8, 5, 6, 6], [9, 7, 8, 5, 8, 8, 6, 6, 7, 6], [8, 5, 9, 9, 8, 6, 7, 6, 8, 8], [9, 5, 8, 7, 6, 9, 5, 5, 5, 5], [6, 7, 7, 5, 9, 9, 7, 5, 7, 6], [6, 7, 9, 6, 9, 5, 5, 9, 9, 8], [6, 8, 5, 6, 7, 8, 5, 7, 6, 7], [5, 5, 7, 9, 8, 6, 7, 9, 8, 6], [5, 9, 8, 6, 9, 5, 5, 6, 6, 5], [9, 6, 7, 5, 7, 6, 9, 5, 9, 6], [9, 5, 8, 6, 6, 6, 8, 6, 8, 5], [6, 9, 8, 9, 9, 8, 8, 6, 7, 6], [5, 6, 5, 6, 9, 6, 5, 7, 9, 5], [6, 8, 9, 7, 8, 9, 6, 5, 8, 9], [5, 5, 9, 5, 7, 6, 6, 7, 5, 7], [6, 7, 6, 7, 9, 8, 7, 8, 5, 8], [5, 5, 5, 6, 9, 8, 5, 5, 8, 7], [9, 9, 7, 7, 5, 7, 5, 8, 8, 6], [6, 6, 8, 8, 6, 5, 9, 7, 8, 8], [5, 6, 5, 9, 9, 5, 8, 6, 7, 8], [9, 9, 6, 6, 6, 6, 8, 7, 8, 9], [6, 9, 9, 7, 9, 9, 9, 9, 5, 8], [7, 8, 7, 9, 7, 9, 8, 8, 8, 7], [6, 9, 5, 5, 5, 9, 9, 5, 5, 8], [5, 5, 8, 6, 5, 9, 6, 8, 9, 7], [6, 9, 6, 5, 6, 7, 7, 7, 6, 9], [7, 5, 5, 5, 5, 9, 8, 7, 9, 8], [5, 8, 8, 7, 6, 8, 7, 6, 6, 9], [9, 6, 5, 5, 5, 7, 8, 5, 7, 5], [6, 8, 5, 8, 9, 6, 8, 6, 8, 6], [9, 5, 9, 5, 8, 6, 6, 5, 9, 5], [8, 6, 8, 5, 8, 5, 5, 7, 5, 6], [6, 6, 9, 7, 6, 6, 8, 5, 9, 5], [8, 9, 5, 5, 7, 8, 7, 6, 5, 6], [7, 7, 9, 8, 5, 5, 7, 8, 9, 8], [7, 6, 8, 5, 9, 6, 8, 5, 5, 5], [9, 6, 9, 6, 6, 9, 5, 8, 8, 6], [5, 5, 9, 6, 6, 6, 9, 5, 6, 6], [7, 8, 5, 9, 6, 7, 8, 8, 5, 6], [6, 6, 7, 6, 8, 6, 5, 9, 8, 6], [5, 5, 9, 9, 7, 6, 5, 9, 9, 6]]
Demand for each product in each period d: 
[[2, 21, 0, 24, 48, 38, 2, 24, 26, 6], [22, 9, 35, 9, 20, 22, 45, 34, 14, 45], [4, 6, 48, 4, 1, 43, 17, 18, 41, 4], [0, 33, 5, 23, 4, 26, 13, 45, 18, 12], [11, 4, 18, 18, 12, 24, 10, 42, 34, 35], [33, 20, 1, 0, 24, 8, 17, 11, 37, 23], [30, 49, 34, 7, 27, 0, 47, 45, 7, 20], [13, 44, 31, 14, 4, 14, 17, 9, 5, 43], [24, 2, 34, 30, 6, 35, 45, 36, 32, 20], [26, 25, 5, 12, 34, 38, 42, 32, 22, 27], [13, 17, 23, 18, 41, 8, 27, 40, 6, 42], [15, 32, 27, 44, 9, 42, 43, 27, 5, 0], [12, 25, 26, 25, 44, 30, 45, 19, 22, 27], [36, 46, 34, 30, 0, 30, 5, 16, 15, 0], [0, 20, 36, 12, 46, 37, 44, 41, 19, 2], [10, 5, 22, 17, 26, 4, 11, 27, 4, 0], [7, 1, 7, 11, 24, 25, 9, 21, 15, 21], [22, 28, 7, 24, 20, 26, 3, 29, 7, 14], [0, 3, 0, 2, 28, 6, 0, 25, 3, 10], [6, 9, 4, 23, 29, 23, 17, 21, 26, 7], [29, 21, 18, 1, 21, 13, 19, 21, 28, 28], [28, 0, 12, 0, 1, 8, 23, 11, 26, 0], [22, 2, 14, 29, 0, 5, 27, 21, 1, 18], [29, 20, 27, 0, 20, 7, 0, 19, 11, 15], [20, 10, 29, 0, 7, 18, 14, 4, 27, 12], [7, 28, 20, 16, 28, 18, 18, 0, 25, 7], [16, 0, 20, 7, 21, 7, 28, 0, 6, 12], [5, 6, 9, 23, 16, 26, 13, 26, 8, 5], [7, 9, 18, 0, 21, 24, 26, 4, 3, 20], [8, 23, 13, 4, 18, 9, 14, 4, 21, 23], [7, 28, 2, 27, 28, 19, 26, 12, 21, 12], [11, 27, 29, 18, 12, 1, 2, 2, 7, 4], [26, 7, 7, 0, 5, 1, 18, 13, 27, 2], [19, 0, 0, 21, 24, 3, 0, 4, 16, 14], [12, 28, 23, 4, 6, 16, 26, 27, 10, 3], [22, 19, 5, 0, 0, 28, 17, 0, 8, 15], [1, 3, 4, 2, 1, 14, 2, 21, 23, 22], [4, 19, 9, 3, 9, 13, 21, 10, 18, 11], [9, 2, 18, 14, 0, 20, 24, 9, 23, 24], [21, 14, 10, 27, 4, 24, 25, 28, 19, 12], [4, 1, 2, 1, 5, 0, 3, 7, 3, 5], [9, 3, 1, 0, 1, 2, 7, 5, 8, 8], [5, 3, 4, 2, 1, 9, 5, 7, 1, 0], [1, 2, 2, 8, 6, 4, 7, 6, 6, 1], [0, 5, 4, 6, 8, 0, 0, 6, 3, 3], [0, 0, 2, 3, 0, 1, 3, 0, 9, 8], [5, 0, 7, 0, 3, 9, 0, 5, 3, 7], [7, 9, 5, 2, 5, 8, 5, 2, 7, 8], [0, 8, 7, 7, 2, 3, 1, 5, 8, 2], [0, 0, 2, 9, 7, 6, 3, 4, 9, 8], [1, 8, 6, 3, 2, 0, 0, 0, 9, 7], [4, 2, 6, 3, 3, 9, 2, 0, 3, 2], [8, 5, 3, 1, 3, 0, 1, 0, 4, 1], [1, 0, 0, 6, 0, 3, 7, 0, 3, 3], [5, 8, 8, 1, 9, 0, 3, 4, 5, 7], [9, 6, 0, 8, 3, 2, 8, 0, 2, 2], [2, 4, 4, 2, 8, 0, 9, 0, 5, 0], [0, 3, 6, 9, 2, 5, 0, 1, 0, 7], [2, 1, 8, 4, 9, 8, 1, 1, 6, 1], [5, 7, 2, 8, 6, 8, 3, 3, 4, 6], [1, 2, 1, 1, 3, 5, 7, 1, 0, 0], [0, 4, 4, 2, 0, 3, 4, 1, 4, 8], [8, 8, 2, 7, 2, 4, 4, 9, 5, 5], [7, 9, 5, 6, 7, 4, 4, 8, 5, 9], [6, 1, 7, 2, 0, 5, 5, 2, 5, 1], [1, 7, 8, 5, 3, 9, 1, 9, 8, 6], [8, 0, 8, 2, 2, 7, 0, 2, 4, 1], [5, 0, 7, 6, 3, 7, 1, 8, 0, 8], [6, 7, 4, 0, 8, 6, 8, 1, 6, 0], [1, 6, 4, 2, 4, 9, 4, 6, 2, 8], [3, 0, 8, 8, 0, 8, 3, 6, 5, 0], [4, 8, 2, 1, 1, 4, 7, 8, 3, 8], [2, 5, 5, 8, 3, 9, 3, 5, 3, 7], [3, 8, 7, 4, 3, 1, 5, 6, 8, 8], [4, 0, 6, 4, 3, 0, 7, 0, 3, 4], [8, 5, 8, 9, 1, 5, 0, 6, 0, 8], [2, 6, 1, 1, 8, 4, 2, 9, 9, 1], [8, 0, 0, 5, 5, 7, 6, 6, 0, 2], [5, 3, 0, 0, 8, 6, 9, 5, 0, 8], [2, 7, 5, 0, 8, 1, 9, 3, 6, 1], [5, 8, 5, 5, 3, 3, 6, 8, 0, 7], [7, 3, 4, 9, 2, 8, 9, 8, 2, 9], [9, 6, 0, 4, 9, 4, 1, 5, 0, 8], [0, 9, 3, 0, 6, 2, 3, 0, 0, 6], [3, 8, 5, 6, 2, 0, 0, 5, 1, 5], [7, 6, 7, 9, 0, 7, 6, 6, 6, 7], [5, 7, 2, 6, 9, 9, 8, 2, 4, 6], [2, 1, 5, 5, 7, 7, 4, 4, 9, 6], [4, 0, 7, 9, 8, 1, 6, 3, 0, 7], [2, 7, 0, 3, 9, 8, 3, 0, 8, 5], [9, 5, 8, 2, 1, 3, 6, 2, 4, 3], [8, 0, 6, 3, 0, 5, 3, 3, 4, 5], [5, 0, 3, 1, 8, 8, 9, 1, 9, 4], [8, 5, 6, 0, 6, 1, 9, 0, 8, 7], [5, 4, 2, 0, 0, 0, 9, 9, 0, 5], [3, 7, 8, 9, 2, 9, 5, 0, 3, 5], [0, 5, 6, 0, 1, 9, 8, 2, 0, 3], [2, 4, 5, 0, 2, 7, 0, 4, 1, 8], [6, 0, 4, 8, 6, 9, 3, 7, 0, 7], [6, 8, 0, 3, 2, 2, 9, 4, 7, 3]]
Maintenance cost in each period m: 
[6854, 4654, 6068, 7675, 7997, 6015, 6765, 5360, 7774, 6695]
Maximum capacity of the machine cmax: 
4100