Set of periods in the planning horizon T: 
5
Set of products P: 
100
Capacity reduction coefficient alpha: 
0.8
Relative decrease of capacity per set up gamma: 
0.25
Capacity reduction coefficient due to product types beta: 
[0.31, 0.24, 0.32, 0.22, 0.28, 0.35, 0.27, 0.27, 0.35, 0.34, 0.35, 0.4, 0.31, 0.35, 0.4, 0.34, 0.36, 0.27, 0.29, 0.36, 0.28, 0.35, 0.32, 0.35, 0.27, 0.4, 0.32, 0.38, 0.37, 0.27, 0.22, 0.36, 0.37, 0.29, 0.38, 0.38, 0.33, 0.38, 0.22, 0.39, 0.2, 0.21, 0.3, 0.31, 0.21, 0.28, 0.26, 0.24, 0.32, 0.34, 0.35, 0.22, 0.25, 0.2, 0.33, 0.35, 0.32, 0.27, 0.23, 0.32, 0.23, 0.28, 0.25, 0.34, 0.35, 0.34, 0.37, 0.4, 0.35, 0.25, 0.35, 0.34, 0.27, 0.3, 0.25, 0.34, 0.36, 0.29, 0.24, 0.28, 0.39, 0.38, 0.25, 0.24, 0.32, 0.3, 0.36, 0.22, 0.32, 0.24, 0.28, 0.22, 0.34, 0.25, 0.33, 0.34, 0.4, 0.37, 0.35, 0.32]
Fixed production cost of each product in each period f: 
[[627, 638, 845, 655, 574], [936, 660, 980, 567, 818], [821, 576, 963, 793, 736], [639, 528, 675, 801, 760], [645, 830, 911, 533, 617], [675, 589, 500, 709, 882], [946, 838, 796, 550, 751], [756, 893, 976, 662, 561], [746, 533, 634, 663, 866], [593, 506, 770, 670, 790], [534, 712, 723, 955, 948], [710, 991, 695, 618, 602], [868, 843, 628, 731, 695], [848, 954, 675, 850, 658], [578, 613, 811, 623, 887], [631, 604, 614, 688, 611], [594, 805, 505, 513, 826], [518, 951, 980, 761, 914], [755, 959, 819, 653, 501], [782, 824, 900, 823, 782], [540, 740, 699, 529, 584], [954, 677, 563, 505, 831], [932, 665, 539, 886, 977], [739, 561, 691, 802, 881], [975, 662, 792, 609, 993], [799, 706, 709, 871, 889], [979, 978, 694, 939, 773], [665, 580, 569, 620, 606], [792, 658, 623, 872, 564], [763, 757, 741, 760, 588], [735, 814, 572, 906, 976], [514, 805, 605, 646, 638], [844, 756, 894, 887, 945], [612, 941, 712, 782, 810], [869, 571, 833, 540, 958], [702, 549, 680, 986, 692], [743, 944, 687, 592, 604], [599, 794, 685, 957, 922], [903, 647, 806, 925, 731], [587, 659, 611, 719, 951], [605, 650, 623, 651, 974], [996, 713, 879, 676, 736], [943, 955, 758, 635, 576], [958, 788, 580, 581, 551], [787, 501, 511, 893, 686], [851, 848, 564, 639, 536], [574, 603, 721, 886, 665], [717, 664, 687, 550, 770], [765, 830, 557, 692, 844], [738, 845, 884, 965, 755], [607, 556, 560, 950, 742], [686, 760, 701, 530, 880], [823, 789, 641, 555, 582], [686, 688, 962, 938, 504], [751, 910, 607, 695, 522], [508, 543, 874, 662, 536], [576, 849, 934, 843, 552], [897, 805, 754, 872, 615], [995, 792, 872, 581, 501], [587, 569, 990, 774, 542], [601, 979, 572, 556, 850], [755, 574, 754, 810, 604], [557, 723, 904, 739, 822], [611, 537, 861, 688, 951], [853, 508, 841, 838, 820], [977, 774, 588, 510, 905], [625, 884, 923, 500, 797], [927, 927, 709, 709, 670], [599, 872, 708, 928, 505], [567, 705, 820, 933, 786], [616, 695, 945, 557, 683], [908, 695, 539, 970, 572], [617, 641, 567, 597, 545], [657, 623, 915, 836, 929], [622, 836, 611, 651, 697], [590, 901, 681, 964, 572], [614, 649, 821, 920, 538], [668, 552, 973, 519, 885], [605, 512, 578, 662, 890], [857, 621, 798, 501, 634], [625, 786, 559, 632, 817], [769, 955, 561, 649, 676], [537, 950, 961, 507, 790], [760, 700, 681, 684, 719], [568, 603, 886, 597, 787], [601, 785, 839, 557, 846], [799, 960, 636, 700, 757], [882, 870, 669, 821, 939], [844, 754, 630, 818, 521], [642, 573, 650, 555, 508], [924, 684, 894, 873, 781], [714, 606, 991, 668, 693], [997, 771, 589, 712, 635], [648, 841, 539, 963, 522], [962, 549, 518, 858, 796], [529, 870, 648, 933, 559], [918, 706, 952, 940, 712], [621, 558, 602, 944, 765], [692, 870, 511, 917, 539], [527, 868, 982, 728, 792]]
Variable production cost per unit of each product in each period p: 
[[12, 12, 13, 13, 13], [10, 10, 12, 10, 13], [11, 12, 12, 12, 11], [12, 10, 13, 11, 10], [10, 10, 12, 11, 13], [13, 12, 13, 11, 11], [13, 11, 10, 10, 11], [13, 10, 12, 13, 12], [10, 12, 10, 11, 12], [11, 10, 10, 12, 12], [11, 11, 10, 12, 10], [13, 11, 11, 10, 13], [12, 12, 12, 13, 13], [13, 11, 11, 11, 10], [11, 10, 10, 12, 13], [11, 10, 10, 11, 13], [10, 12, 13, 11, 11], [11, 13, 12, 11, 11], [12, 12, 11, 11, 11], [12, 11, 13, 12, 11], [10, 10, 11, 13, 12], [12, 10, 10, 10, 12], [11, 13, 11, 13, 12], [11, 10, 12, 10, 13], [11, 13, 12, 11, 12], [13, 13, 10, 13, 12], [13, 13, 12, 11, 11], [10, 13, 10, 10, 12], [11, 13, 11, 11, 12], [12, 12, 13, 11, 11], [10, 13, 12, 12, 13], [10, 11, 13, 10, 10], [12, 13, 12, 10, 10], [12, 13, 10, 11, 11], [13, 10, 10, 10, 10], [12, 11, 13, 13, 12], [13, 13, 12, 12, 10], [13, 12, 12, 10, 11], [11, 10, 12, 13, 10], [11, 12, 13, 12, 12], [10, 11, 10, 12, 13], [12, 12, 13, 12, 11], [11, 10, 11, 11, 12], [13, 10, 11, 10, 13], [13, 13, 13, 11, 13], [10, 12, 12, 13, 13], [10, 12, 10, 10, 13], [11, 10, 12, 12, 10], [12, 13, 13, 13, 11], [13, 11, 13, 10, 13], [10, 10, 11, 11, 10], [10, 11, 13, 10, 13], [11, 10, 13, 12, 13], [11, 12, 13, 13, 11], [13, 12, 12, 13, 11], [11, 10, 12, 13, 11], [12, 11, 10, 10, 10], [11, 10, 12, 11, 13], [11, 12, 11, 11, 12], [10, 11, 12, 11, 10], [13, 10, 13, 12, 13], [12, 11, 13, 10, 10], [10, 10, 10, 11, 12], [12, 13, 10, 10, 13], [13, 12, 13, 12, 12], [13, 11, 13, 13, 12], [12, 13, 13, 12, 10], [10, 13, 11, 11, 13], [11, 12, 11, 13, 13], [13, 10, 11, 12, 12], [13, 10, 13, 13, 11], [10, 11, 13, 11, 10], [12, 12, 11, 12, 13], [12, 11, 12, 10, 12], [13, 11, 13, 10, 13], [13, 12, 12, 13, 11], [12, 10, 11, 12, 10], [12, 10, 10, 13, 10], [13, 13, 12, 10, 11], [10, 12, 12, 12, 10], [11, 10, 13, 10, 13], [12, 13, 12, 10, 11], [12, 11, 12, 11, 13], [12, 11, 11, 12, 11], [10, 13, 13, 13, 11], [12, 12, 11, 12, 11], [11, 10, 13, 10, 11], [11, 12, 13, 12, 12], [12, 11, 13, 12, 12], [10, 13, 10, 13, 13], [10, 10, 13, 13, 10], [13, 13, 13, 10, 10], [13, 13, 12, 12, 13], [11, 11, 10, 11, 11], [10, 12, 10, 11, 12], [13, 11, 10, 13, 13], [11, 11, 10, 12, 10], [10, 12, 13, 13, 13], [12, 12, 11, 12, 13], [13, 13, 13, 11, 13]]
Inventory holding cost per unit of each product by the end of each period h: 
[[8, 5, 8, 5, 5], [8, 9, 5, 8, 7], [6, 6, 6, 8, 6], [7, 5, 7, 6, 6], [8, 6, 8, 7, 6], [7, 5, 9, 8, 9], [9, 8, 6, 9, 7], [9, 6, 6, 8, 8], [5, 9, 9, 6, 8], [7, 8, 5, 8, 8], [5, 7, 9, 9, 8], [9, 9, 9, 9, 8], [8, 9, 9, 9, 6], [9, 9, 9, 8, 6], [5, 6, 7, 5, 6], [5, 9, 9, 8, 6], [9, 8, 7, 8, 7], [8, 8, 6, 6, 5], [8, 8, 8, 9, 9], [6, 8, 5, 7, 9], [8, 5, 8, 9, 9], [6, 5, 5, 9, 7], [5, 6, 8, 7, 8], [8, 9, 6, 9, 6], [5, 6, 9, 5, 8], [7, 8, 5, 8, 7], [7, 5, 9, 9, 6], [8, 9, 8, 5, 8], [8, 9, 7, 5, 7], [8, 7, 5, 7, 8], [8, 9, 9, 9, 5], [8, 5, 5, 6, 7], [6, 7, 9, 5, 7], [8, 6, 6, 5, 5], [6, 9, 7, 9, 5], [5, 8, 5, 9, 9], [5, 9, 5, 5, 8], [5, 8, 9, 5, 5], [5, 8, 8, 9, 5], [7, 7, 7, 9, 7], [5, 9, 7, 9, 7], [5, 8, 8, 5, 5], [6, 6, 8, 9, 9], [6, 7, 8, 6, 5], [8, 7, 7, 7, 7], [8, 5, 8, 6, 7], [5, 7, 8, 8, 5], [7, 5, 8, 9, 5], [5, 6, 7, 8, 6], [6, 7, 9, 6, 8], [6, 5, 9, 9, 8], [8, 8, 6, 9, 9], [9, 6, 5, 5, 7], [6, 8, 6, 8, 9], [5, 7, 8, 9, 7], [6, 8, 7, 6, 6], [5, 6, 8, 5, 8], [8, 8, 8, 8, 5], [7, 6, 5, 8, 8], [8, 5, 5, 5, 5], [6, 9, 8, 9, 8], [9, 7, 6, 7, 9], [7, 7, 5, 9, 7], [6, 9, 6, 5, 8], [7, 7, 7, 8, 8], [6, 6, 8, 6, 8], [5, 5, 7, 5, 7], [7, 5, 5, 6, 6], [5, 5, 6, 6, 6], [8, 6, 6, 6, 6], [7, 6, 5, 6, 5], [9, 6, 7, 5, 9], [5, 9, 8, 6, 5], [6, 7, 8, 8, 5], [7, 8, 5, 7, 7], [9, 6, 6, 9, 9], [6, 8, 9, 9, 9], [8, 6, 6, 6, 7], [6, 7, 9, 5, 7], [7, 9, 7, 5, 5], [7, 9, 8, 9, 7], [7, 5, 9, 7, 8], [7, 5, 6, 5, 5], [5, 8, 6, 8, 7], [9, 8, 9, 6, 5], [7, 5, 6, 7, 7], [8, 7, 8, 8, 8], [9, 6, 7, 9, 8], [9, 8, 8, 6, 7], [8, 9, 6, 6, 8], [7, 9, 9, 6, 6], [7, 6, 5, 9, 9], [7, 9, 9, 6, 6], [8, 7, 7, 7, 8], [8, 9, 5, 7, 6], [6, 7, 6, 6, 9], [5, 9, 5, 8, 9], [6, 5, 9, 9, 8], [6, 7, 9, 8, 7], [5, 6, 9, 8, 6]]
Demand for each product in each period d: 
[[27, 1, 20, 49, 17], [3, 49, 41, 19, 45], [17, 38, 43, 30, 16], [23, 40, 32, 46, 7], [40, 45, 49, 39, 18], [0, 49, 0, 25, 21], [42, 38, 42, 8, 4], [49, 6, 9, 0, 0], [6, 20, 23, 29, 44], [12, 0, 45, 45, 30], [34, 44, 42, 42, 19], [4, 37, 28, 35, 11], [8, 19, 42, 49, 1], [17, 19, 2, 14, 18], [32, 49, 48, 0, 11], [23, 2, 6, 6, 0], [24, 11, 7, 29, 10], [2, 27, 6, 23, 27], [6, 12, 6, 13, 1], [29, 12, 22, 0, 24], [13, 0, 6, 24, 22], [15, 13, 14, 22, 20], [28, 18, 27, 6, 5], [22, 25, 6, 8, 17], [6, 19, 5, 12, 0], [18, 0, 4, 0, 0], [13, 11, 3, 2, 23], [14, 25, 4, 6, 13], [2, 25, 4, 16, 15], [20, 10, 0, 7, 23], [2, 22, 3, 3, 8], [28, 17, 0, 22, 7], [13, 27, 18, 23, 18], [27, 15, 8, 4, 29], [26, 19, 20, 24, 24], [24, 16, 7, 26, 4], [17, 25, 12, 11, 3], [18, 28, 24, 20, 13], [26, 22, 2, 7, 16], [19, 20, 8, 24, 27], [2, 0, 1, 1, 0], [3, 7, 0, 7, 7], [5, 6, 6, 6, 1], [4, 1, 7, 1, 7], [4, 9, 3, 0, 9], [6, 7, 0, 4, 7], [5, 0, 5, 8, 6], [3, 0, 2, 9, 9], [4, 9, 3, 0, 7], [0, 6, 9, 8, 0], [5, 4, 5, 1, 7], [5, 0, 0, 4, 3], [1, 1, 6, 7, 1], [3, 8, 4, 8, 9], [8, 4, 5, 1, 1], [9, 5, 1, 2, 4], [9, 3, 7, 2, 0], [8, 7, 3, 7, 4], [1, 3, 3, 4, 4], [2, 4, 0, 6, 0], [8, 5, 3, 1, 3], [0, 7, 1, 4, 3], [1, 1, 0, 8, 5], [4, 9, 7, 4, 1], [4, 5, 0, 8, 6], [2, 7, 1, 2, 7], [8, 7, 9, 0, 2], [2, 4, 3, 3, 1], [7, 9, 9, 4, 2], [7, 9, 3, 0, 9], [8, 2, 6, 4, 4], [0, 9, 7, 5, 9], [5, 7, 4, 8, 0], [2, 6, 4, 4, 5], [3, 0, 3, 7, 0], [9, 3, 2, 0, 2], [1, 1, 2, 4, 1], [9, 3, 3, 4, 8], [1, 7, 6, 4, 2], [2, 7, 2, 2, 4], [0, 2, 3, 2, 9], [1, 4, 0, 4, 8], [2, 8, 4, 8, 7], [9, 5, 3, 8, 3], [8, 7, 0, 9, 0], [1, 6, 4, 2, 5], [8, 3, 3, 2, 5], [0, 9, 4, 5, 8], [8, 8, 0, 2, 3], [3, 7, 1, 6, 4], [3, 3, 7, 4, 1], [0, 4, 8, 0, 5], [6, 4, 8, 6, 4], [5, 2, 8, 9, 9], [2, 8, 9, 3, 1], [4, 1, 2, 9, 3], [7, 9, 1, 3, 1], [6, 8, 3, 1, 7], [0, 8, 4, 0, 4], [3, 5, 6, 7, 0]]
Maintenance cost in each period m: 
[4190, 4258, 6392, 2978, 4162]
Maximum capacity of the machine cmax: 
4200