Set of periods in the planning horizon T: 
5
Set of products P: 
100
Capacity reduction coefficient alpha: 
0.8
Relative decrease of capacity per set up gamma: 
0.27
Capacity reduction coefficient due to product types beta: 
[0.2, 0.22, 0.32, 0.32, 0.29, 0.36, 0.32, 0.26, 0.38, 0.3, 0.36, 0.23, 0.35, 0.2, 0.31, 0.24, 0.35, 0.33, 0.23, 0.38, 0.23, 0.38, 0.3, 0.36, 0.37, 0.31, 0.38, 0.28, 0.33, 0.33, 0.34, 0.35, 0.26, 0.25, 0.24, 0.3, 0.4, 0.25, 0.32, 0.33, 0.34, 0.4, 0.39, 0.33, 0.3, 0.27, 0.23, 0.29, 0.31, 0.37, 0.37, 0.29, 0.22, 0.27, 0.27, 0.32, 0.31, 0.25, 0.25, 0.31, 0.36, 0.39, 0.37, 0.2, 0.29, 0.22, 0.2, 0.37, 0.38, 0.23, 0.33, 0.36, 0.39, 0.27, 0.3, 0.25, 0.29, 0.33, 0.4, 0.3, 0.27, 0.3, 0.24, 0.24, 0.36, 0.24, 0.29, 0.3, 0.26, 0.33, 0.22, 0.23, 0.21, 0.31, 0.3, 0.35, 0.26, 0.33, 0.3, 0.31]
Fixed production cost of each product in each period f: 
[[607, 517, 899, 783, 849], [889, 546, 611, 849, 915], [852, 735, 973, 829, 690], [810, 663, 696, 857, 620], [589, 654, 514, 606, 617], [957, 729, 883, 722, 901], [706, 972, 623, 591, 766], [920, 887, 782, 933, 783], [942, 749, 790, 795, 991], [614, 788, 627, 629, 774], [944, 541, 628, 707, 516], [804, 810, 550, 606, 500], [595, 888, 502, 538, 575], [541, 942, 538, 519, 510], [945, 814, 971, 704, 586], [851, 909, 693, 836, 819], [627, 885, 661, 697, 579], [866, 798, 626, 896, 595], [798, 883, 906, 916, 715], [507, 587, 839, 985, 523], [990, 664, 717, 704, 962], [829, 965, 954, 540, 588], [611, 764, 902, 944, 981], [977, 873, 668, 977, 887], [724, 990, 661, 825, 913], [855, 979, 766, 724, 688], [912, 601, 608, 646, 512], [798, 910, 548, 578, 781], [680, 998, 901, 733, 608], [542, 855, 509, 666, 582], [657, 644, 709, 971, 897], [562, 570, 752, 588, 528], [775, 543, 910, 876, 941], [812, 682, 645, 670, 788], [846, 823, 798, 590, 903], [824, 735, 590, 929, 943], [977, 677, 620, 597, 978], [702, 943, 944, 960, 637], [586, 860, 692, 566, 553], [621, 990, 720, 522, 822], [668, 741, 678, 698, 553], [895, 616, 805, 573, 637], [874, 592, 602, 959, 991], [755, 798, 891, 876, 509], [661, 904, 680, 568, 631], [921, 925, 578, 515, 717], [826, 879, 933, 724, 975], [799, 527, 820, 627, 626], [884, 773, 973, 699, 634], [594, 634, 599, 569, 889], [527, 650, 817, 916, 596], [844, 788, 509, 535, 570], [660, 879, 610, 769, 666], [753, 980, 937, 847, 682], [745, 691, 652, 688, 950], [628, 553, 542, 637, 662], [696, 606, 792, 668, 600], [631, 632, 855, 752, 674], [754, 713, 753, 831, 879], [774, 807, 840, 686, 746], [600, 504, 755, 771, 688], [574, 559, 773, 583, 910], [669, 996, 502, 886, 810], [577, 659, 943, 767, 739], [520, 552, 802, 728, 513], [564, 890, 984, 524, 988], [732, 514, 968, 947, 596], [700, 968, 609, 825, 545], [522, 515, 736, 613, 739], [534, 590, 986, 895, 767], [827, 943, 632, 952, 635], [518, 616, 643, 735, 508], [948, 827, 558, 909, 944], [730, 952, 520, 565, 565], [525, 914, 997, 639, 794], [720, 555, 899, 826, 807], [633, 789, 752, 780, 624], [688, 936, 517, 512, 833], [505, 776, 630, 894, 554], [814, 554, 621, 516, 771], [844, 796, 527, 885, 929], [736, 561, 758, 710, 944], [920, 872, 811, 974, 752], [616, 686, 564, 588, 793], [938, 691, 725, 523, 798], [556, 550, 582, 938, 520], [641, 587, 568, 725, 732], [773, 916, 553, 875, 564], [503, 863, 851, 598, 762], [656, 965, 663, 807, 517], [994, 624, 529, 886, 583], [683, 828, 797, 652, 576], [675, 898, 950, 525, 952], [911, 568, 795, 939, 583], [688, 650, 915, 814, 550], [874, 548, 605, 650, 798], [745, 974, 687, 618, 858], [757, 660, 794, 515, 902], [748, 817, 907, 882, 754], [521, 866, 675, 537, 812]]
Variable production cost per unit of each product in each period p: 
[[11, 11, 11, 13, 12], [10, 11, 10, 12, 12], [11, 13, 13, 13, 11], [10, 10, 10, 13, 13], [12, 11, 12, 11, 11], [10, 10, 11, 11, 10], [12, 11, 12, 11, 11], [11, 11, 13, 13, 12], [12, 11, 13, 12, 13], [10, 11, 11, 11, 12], [13, 10, 12, 13, 13], [10, 12, 10, 13, 11], [10, 12, 12, 12, 13], [12, 10, 11, 13, 13], [13, 13, 13, 11, 11], [13, 11, 12, 12, 10], [10, 13, 11, 13, 13], [13, 11, 10, 13, 13], [12, 13, 12, 11, 12], [13, 12, 12, 12, 12], [13, 11, 13, 11, 11], [11, 11, 11, 11, 12], [13, 12, 13, 12, 10], [13, 11, 13, 11, 11], [13, 13, 11, 10, 12], [12, 12, 13, 13, 10], [12, 10, 10, 10, 12], [10, 12, 12, 11, 10], [11, 13, 11, 12, 10], [11, 10, 11, 10, 13], [10, 13, 11, 11, 10], [11, 12, 10, 11, 11], [10, 13, 13, 13, 12], [10, 12, 10, 13, 11], [11, 12, 12, 12, 13], [13, 11, 12, 13, 10], [12, 10, 10, 10, 12], [13, 12, 12, 12, 11], [13, 10, 11, 10, 13], [11, 10, 13, 10, 11], [13, 11, 12, 11, 13], [11, 13, 13, 11, 12], [10, 10, 11, 12, 10], [11, 11, 13, 12, 12], [13, 10, 13, 11, 10], [12, 10, 10, 12, 11], [11, 11, 12, 13, 11], [12, 10, 13, 13, 13], [10, 13, 11, 13, 13], [10, 12, 11, 13, 13], [10, 10, 10, 12, 13], [13, 12, 12, 11, 10], [11, 13, 12, 12, 10], [10, 12, 10, 10, 13], [10, 10, 12, 11, 13], [13, 11, 11, 13, 11], [13, 12, 13, 10, 10], [13, 12, 11, 11, 13], [13, 12, 12, 12, 13], [13, 12, 11, 13, 12], [11, 13, 12, 10, 13], [10, 11, 12, 13, 12], [12, 12, 12, 12, 12], [11, 11, 13, 10, 11], [12, 12, 10, 12, 10], [10, 12, 13, 12, 12], [13, 12, 11, 11, 12], [13, 10, 12, 12, 12], [12, 13, 13, 11, 13], [10, 12, 10, 11, 10], [11, 10, 11, 10, 11], [13, 13, 12, 11, 13], [12, 10, 12, 13, 10], [13, 13, 11, 13, 11], [10, 12, 10, 11, 12], [12, 10, 11, 10, 13], [13, 12, 13, 10, 11], [13, 12, 10, 13, 13], [13, 10, 13, 12, 12], [11, 12, 12, 13, 12], [13, 11, 13, 12, 10], [13, 10, 11, 10, 10], [11, 13, 13, 11, 10], [11, 10, 13, 13, 12], [13, 10, 13, 12, 10], [13, 10, 10, 13, 12], [13, 13, 11, 13, 13], [13, 12, 10, 12, 12], [10, 12, 12, 12, 10], [11, 12, 10, 13, 13], [10, 13, 11, 12, 10], [11, 12, 10, 12, 10], [12, 12, 10, 12, 10], [10, 10, 10, 12, 11], [13, 10, 10, 12, 11], [11, 10, 10, 13, 10], [12, 11, 10, 13, 13], [13, 11, 10, 12, 13], [12, 12, 10, 13, 12], [10, 10, 12, 11, 12]]
Inventory holding cost per unit of each product by the end of each period h: 
[[8, 5, 5, 9, 6], [5, 7, 6, 6, 8], [9, 6, 7, 5, 8], [5, 8, 7, 8, 7], [8, 8, 9, 8, 6], [5, 6, 8, 8, 9], [6, 9, 5, 9, 7], [8, 7, 9, 9, 8], [7, 6, 6, 7, 7], [7, 5, 5, 6, 7], [9, 9, 7, 9, 9], [5, 7, 8, 5, 6], [8, 7, 9, 7, 9], [6, 7, 8, 5, 9], [9, 7, 5, 7, 6], [7, 7, 5, 5, 9], [6, 6, 7, 5, 9], [7, 7, 9, 5, 6], [9, 6, 9, 5, 7], [6, 7, 5, 7, 7], [6, 8, 7, 9, 7], [5, 8, 5, 9, 8], [5, 9, 9, 5, 5], [6, 9, 7, 9, 7], [5, 9, 5, 5, 5], [8, 6, 9, 5, 8], [5, 5, 6, 8, 9], [8, 8, 5, 7, 9], [7, 9, 8, 9, 7], [6, 7, 8, 8, 9], [6, 5, 9, 5, 5], [8, 5, 9, 5, 7], [7, 8, 6, 5, 8], [6, 8, 7, 8, 6], [6, 9, 6, 6, 9], [5, 7, 6, 9, 8], [5, 5, 7, 5, 9], [6, 7, 9, 5, 5], [6, 7, 8, 8, 6], [8, 9, 7, 5, 9], [8, 9, 5, 6, 6], [8, 5, 5, 7, 8], [7, 5, 7, 5, 5], [9, 5, 9, 9, 6], [5, 9, 5, 7, 7], [8, 7, 9, 7, 5], [8, 7, 9, 6, 9], [9, 9, 9, 5, 7], [9, 9, 8, 8, 5], [9, 8, 9, 5, 6], [5, 7, 9, 5, 7], [9, 9, 7, 7, 8], [8, 8, 9, 9, 9], [8, 9, 5, 7, 5], [6, 7, 6, 9, 9], [9, 7, 6, 8, 9], [6, 9, 6, 9, 5], [8, 6, 6, 9, 7], [9, 6, 9, 9, 7], [8, 9, 6, 9, 6], [8, 8, 9, 9, 9], [5, 5, 7, 9, 7], [7, 5, 6, 6, 6], [6, 5, 8, 9, 6], [5, 9, 9, 5, 8], [5, 6, 9, 9, 8], [8, 6, 8, 7, 5], [6, 6, 9, 8, 8], [5, 8, 9, 8, 7], [5, 9, 9, 9, 5], [9, 7, 9, 5, 5], [6, 9, 7, 6, 6], [5, 8, 5, 9, 5], [8, 5, 9, 6, 7], [5, 8, 6, 9, 5], [6, 5, 6, 6, 5], [9, 8, 9, 6, 9], [7, 9, 8, 8, 6], [5, 6, 9, 6, 6], [5, 6, 5, 6, 8], [6, 9, 7, 5, 5], [6, 9, 5, 8, 7], [7, 8, 7, 7, 5], [7, 7, 9, 9, 9], [6, 6, 6, 8, 5], [7, 6, 8, 6, 9], [6, 8, 6, 6, 8], [6, 9, 9, 6, 6], [6, 5, 7, 8, 7], [5, 6, 8, 7, 6], [5, 7, 9, 5, 7], [6, 7, 7, 8, 5], [6, 9, 8, 7, 9], [6, 9, 8, 8, 7], [8, 5, 8, 6, 8], [9, 9, 6, 7, 9], [9, 9, 6, 9, 7], [6, 5, 6, 8, 6], [6, 8, 9, 5, 7], [8, 9, 7, 7, 6]]
Demand for each product in each period d: 
[[8, 35, 40, 45, 46], [25, 38, 22, 37, 13], [42, 13, 42, 30, 20], [28, 11, 41, 0, 17], [35, 19, 30, 31, 20], [10, 13, 32, 8, 0], [44, 47, 16, 7, 35], [2, 46, 31, 17, 24], [45, 39, 18, 49, 0], [13, 11, 6, 11, 0], [36, 36, 42, 10, 2], [25, 28, 9, 22, 13], [38, 31, 11, 11, 14], [8, 24, 12, 2, 15], [0, 27, 33, 13, 27], [17, 10, 6, 29, 24], [1, 25, 0, 5, 24], [29, 25, 1, 15, 11], [28, 27, 20, 6, 20], [0, 26, 13, 2, 14], [19, 7, 2, 29, 9], [28, 23, 20, 23, 15], [24, 2, 5, 18, 12], [12, 1, 23, 19, 26], [19, 14, 1, 21, 3], [4, 20, 3, 0, 2], [22, 13, 12, 17, 21], [4, 14, 21, 22, 5], [5, 11, 0, 21, 28], [18, 0, 12, 24, 0], [1, 0, 25, 19, 1], [24, 12, 19, 3, 18], [22, 11, 19, 24, 23], [24, 23, 20, 11, 17], [9, 5, 22, 12, 26], [28, 17, 20, 11, 6], [0, 22, 21, 19, 22], [24, 12, 16, 8, 15], [13, 21, 4, 6, 24], [0, 25, 22, 2, 17], [8, 2, 2, 6, 8], [9, 0, 5, 1, 2], [8, 3, 6, 3, 3], [1, 9, 6, 2, 0], [0, 9, 3, 5, 3], [9, 2, 0, 2, 4], [3, 4, 8, 8, 6], [3, 7, 5, 1, 1], [4, 3, 5, 2, 1], [7, 7, 6, 9, 1], [6, 3, 1, 4, 8], [8, 2, 0, 9, 7], [2, 6, 6, 4, 4], [1, 5, 0, 1, 1], [1, 9, 4, 8, 0], [6, 1, 0, 2, 9], [0, 8, 1, 9, 4], [0, 2, 8, 9, 8], [1, 3, 7, 6, 5], [9, 2, 3, 0, 4], [1, 0, 0, 5, 8], [6, 0, 0, 4, 0], [9, 1, 1, 0, 4], [2, 4, 9, 5, 4], [1, 5, 9, 8, 4], [0, 8, 8, 4, 3], [6, 0, 8, 6, 4], [0, 3, 6, 5, 4], [3, 3, 6, 2, 1], [8, 4, 3, 4, 4], [3, 4, 3, 9, 3], [8, 1, 2, 8, 3], [9, 4, 0, 0, 0], [1, 6, 8, 0, 0], [8, 0, 0, 3, 6], [4, 1, 5, 1, 2], [6, 4, 3, 6, 6], [0, 0, 0, 5, 3], [7, 3, 4, 7, 8], [3, 5, 4, 7, 8], [7, 0, 7, 4, 4], [6, 4, 5, 6, 2], [3, 1, 6, 7, 7], [0, 6, 4, 9, 7], [1, 7, 6, 3, 3], [1, 1, 0, 1, 0], [3, 8, 8, 0, 1], [0, 8, 6, 0, 5], [1, 7, 0, 5, 4], [0, 0, 5, 0, 0], [2, 8, 9, 3, 4], [5, 0, 1, 0, 4], [0, 2, 7, 0, 4], [0, 7, 3, 6, 4], [5, 2, 7, 2, 8], [1, 5, 6, 2, 4], [0, 2, 4, 1, 6], [7, 3, 1, 8, 7], [7, 2, 7, 8, 8], [9, 6, 3, 0, 1]]
Maintenance cost in each period m: 
[6351, 3648, 4708, 3233, 2906]
Maximum capacity of the machine cmax: 
4400