Set of periods in the planning horizon T: 
10
Set of products P: 
20
Capacity reduction coefficient alpha: 
0.8
Relative decrease of capacity per set up gamma: 
0.39
Capacity reduction coefficient due to product types beta: 
[0.33, 0.35, 0.26, 0.35, 0.29, 0.36, 0.4, 0.33, 0.25, 0.2, 0.21, 0.36, 0.22, 0.39, 0.4, 0.32, 0.24, 0.26, 0.34, 0.28]
Fixed production cost of each product in each period f: 
[[695, 698, 998, 508, 763, 588, 778, 910, 733, 590], [832, 918, 715, 561, 999, 852, 926, 603, 743, 912], [515, 907, 804, 927, 721, 509, 617, 883, 632, 525], [758, 923, 712, 960, 770, 549, 873, 620, 510, 842], [763, 765, 866, 593, 936, 922, 975, 698, 673, 508], [560, 968, 888, 873, 565, 782, 697, 898, 625, 834], [593, 899, 972, 895, 688, 977, 907, 840, 527, 906], [994, 726, 711, 686, 966, 927, 784, 810, 554, 630], [842, 661, 975, 646, 702, 799, 939, 601, 820, 674], [967, 774, 566, 703, 721, 920, 651, 661, 641, 804], [908, 509, 925, 857, 762, 505, 922, 528, 597, 588], [662, 872, 546, 769, 667, 777, 683, 860, 639, 581], [813, 776, 555, 934, 529, 928, 702, 927, 979, 783], [612, 930, 645, 557, 520, 829, 776, 573, 799, 816], [864, 540, 864, 705, 960, 629, 961, 588, 619, 601], [690, 742, 919, 654, 814, 639, 681, 668, 941, 843], [534, 528, 907, 644, 740, 798, 524, 555, 756, 634], [712, 597, 782, 663, 851, 874, 520, 554, 627, 784], [688, 521, 665, 509, 765, 725, 750, 939, 675, 783], [529, 892, 522, 659, 854, 523, 946, 622, 529, 838]]
Variable production cost per unit of each product in each period p: 
[[10, 13, 13, 12, 10, 11, 11, 10, 11, 13], [12, 12, 13, 13, 10, 10, 12, 11, 11, 10], [12, 11, 10, 11, 11, 13, 11, 11, 11, 12], [10, 12, 13, 13, 12, 11, 10, 11, 10, 10], [11, 10, 12, 10, 12, 10, 11, 12, 10, 11], [11, 13, 12, 13, 10, 10, 13, 12, 13, 11], [10, 10, 11, 10, 13, 10, 11, 13, 13, 12], [10, 12, 12, 12, 11, 13, 12, 12, 13, 12], [10, 13, 10, 12, 13, 11, 10, 12, 10, 10], [12, 12, 11, 13, 10, 13, 12, 10, 13, 10], [10, 13, 11, 13, 11, 11, 10, 12, 12, 10], [11, 12, 13, 12, 11, 13, 13, 10, 13, 11], [13, 11, 11, 13, 13, 10, 13, 11, 13, 10], [12, 11, 11, 12, 12, 12, 10, 11, 12, 10], [10, 13, 12, 10, 13, 13, 10, 11, 11, 11], [11, 10, 11, 12, 10, 11, 13, 11, 10, 12], [12, 10, 12, 11, 11, 10, 11, 12, 12, 11], [11, 10, 13, 12, 13, 11, 11, 11, 11, 12], [11, 11, 12, 10, 13, 11, 12, 12, 12, 11], [13, 13, 13, 12, 12, 12, 11, 13, 11, 12]]
Inventory holding cost per unit of each product by the end of each period h: 
[[6, 6, 7, 8, 6, 8, 6, 9, 8, 7], [6, 7, 7, 8, 7, 6, 7, 5, 9, 8], [7, 7, 8, 6, 7, 9, 7, 5, 9, 9], [6, 8, 7, 6, 5, 5, 6, 5, 8, 9], [8, 8, 5, 8, 6, 6, 6, 6, 8, 8], [7, 6, 7, 8, 7, 5, 6, 5, 6, 9], [9, 6, 8, 7, 8, 6, 9, 5, 9, 9], [9, 8, 5, 5, 7, 5, 6, 7, 9, 5], [6, 9, 9, 9, 9, 6, 9, 9, 8, 9], [5, 5, 6, 9, 5, 9, 5, 5, 8, 5], [8, 8, 6, 8, 7, 6, 5, 9, 6, 7], [6, 8, 5, 6, 9, 9, 5, 6, 5, 6], [7, 6, 6, 9, 7, 5, 5, 5, 7, 9], [9, 6, 9, 5, 7, 7, 7, 7, 7, 5], [7, 9, 7, 6, 8, 5, 8, 6, 9, 6], [6, 7, 7, 9, 8, 6, 8, 8, 6, 7], [7, 8, 9, 8, 7, 7, 7, 6, 5, 6], [6, 5, 7, 8, 7, 5, 5, 7, 8, 7], [5, 7, 7, 6, 8, 7, 8, 5, 9, 7], [6, 9, 8, 5, 7, 7, 5, 8, 5, 7]]
Demand for each product in each period d: 
[[48, 35, 16, 40, 22, 47, 17, 48, 3, 19], [10, 9, 34, 3, 10, 3, 24, 0, 27, 47], [4, 43, 0, 0, 37, 49, 38, 26, 2, 39], [6, 19, 19, 18, 0, 17, 27, 5, 5, 23], [8, 20, 22, 27, 11, 17, 10, 17, 18, 0], [21, 12, 11, 11, 0, 4, 6, 10, 10, 9], [29, 7, 24, 7, 17, 20, 27, 24, 23, 27], [5, 29, 7, 15, 28, 29, 5, 18, 8, 21], [9, 5, 7, 8, 3, 1, 4, 2, 0, 7], [7, 0, 1, 1, 5, 5, 7, 8, 5, 9], [0, 6, 5, 5, 0, 7, 2, 3, 3, 6], [8, 5, 8, 0, 7, 7, 1, 1, 0, 9], [0, 2, 3, 0, 8, 6, 4, 0, 8, 4], [7, 5, 5, 6, 6, 1, 0, 2, 3, 2], [7, 2, 5, 2, 0, 7, 4, 8, 7, 9], [8, 5, 2, 2, 7, 3, 6, 7, 8, 2], [4, 5, 9, 2, 9, 0, 1, 4, 5, 2], [4, 8, 9, 1, 0, 0, 5, 9, 0, 1], [0, 0, 5, 2, 6, 0, 4, 2, 9, 8], [9, 0, 8, 2, 3, 9, 6, 8, 0, 0]]
Maintenance cost in each period m: 
[5463, 2155, 3116, 4040, 5303, 5557, 4613, 3702, 4524, 2214]
Maximum capacity of the machine cmax: 
840