Set of periods in the planning horizon T: 
25
Set of products P: 
50
Capacity reduction coefficient alpha: 
0.8
Relative decrease of capacity per set up gamma: 
0.34
Capacity reduction coefficient due to product types beta: 
[0.33, 0.37, 0.27, 0.26, 0.36, 0.23, 0.39, 0.32, 0.36, 0.27, 0.21, 0.39, 0.38, 0.28, 0.35, 0.32, 0.22, 0.4, 0.39, 0.25, 0.24, 0.22, 0.34, 0.28, 0.29, 0.22, 0.25, 0.29, 0.24, 0.22, 0.25, 0.25, 0.22, 0.23, 0.28, 0.39, 0.37, 0.26, 0.22, 0.3, 0.38, 0.24, 0.35, 0.37, 0.3, 0.39, 0.21, 0.33, 0.21, 0.21]
Fixed production cost of each product in each period f: 
[[993, 906, 823, 799, 923, 950, 740, 611, 535, 999, 573, 962, 641, 617, 983, 936, 744, 718, 636, 913, 895, 727, 913, 507, 719], [527, 991, 980, 755, 824, 905, 670, 939, 923, 822, 740, 886, 584, 590, 505, 889, 756, 520, 533, 675, 730, 656, 723, 614, 552], [857, 903, 975, 933, 584, 813, 550, 744, 686, 678, 923, 596, 641, 542, 750, 883, 743, 578, 897, 958, 656, 671, 634, 689, 709], [612, 899, 510, 893, 923, 630, 741, 638, 926, 709, 744, 950, 710, 960, 560, 973, 587, 602, 955, 749, 765, 680, 797, 925, 968], [752, 847, 923, 958, 614, 501, 517, 645, 582, 523, 776, 590, 721, 832, 531, 885, 878, 990, 907, 851, 564, 802, 835, 542, 772], [629, 502, 608, 711, 848, 657, 893, 510, 716, 505, 621, 681, 997, 565, 634, 992, 641, 863, 670, 518, 980, 843, 958, 503, 578], [819, 631, 886, 529, 856, 982, 555, 818, 953, 762, 794, 848, 684, 679, 620, 830, 524, 661, 967, 758, 878, 669, 609, 517, 629], [976, 620, 814, 616, 960, 540, 936, 756, 902, 844, 613, 584, 627, 646, 972, 914, 561, 922, 650, 791, 592, 879, 511, 574, 541], [990, 792, 967, 617, 804, 738, 870, 766, 683, 834, 958, 633, 812, 718, 668, 763, 726, 751, 997, 547, 648, 865, 527, 894, 807], [606, 873, 869, 706, 668, 844, 556, 800, 668, 917, 872, 999, 639, 624, 737, 636, 790, 592, 614, 528, 602, 691, 979, 814, 837], [647, 838, 524, 766, 952, 616, 515, 962, 581, 575, 592, 826, 952, 534, 730, 700, 908, 746, 672, 502, 825, 973, 726, 544, 906], [708, 763, 649, 628, 552, 827, 756, 541, 720, 937, 916, 841, 526, 628, 739, 653, 580, 528, 688, 664, 508, 979, 566, 705, 885], [551, 562, 907, 656, 994, 699, 734, 582, 875, 716, 735, 539, 880, 584, 976, 861, 540, 546, 592, 560, 704, 756, 982, 916, 907], [590, 510, 807, 523, 569, 546, 853, 822, 798, 544, 702, 979, 878, 513, 948, 673, 533, 820, 752, 793, 519, 525, 867, 816, 973], [994, 691, 541, 959, 756, 802, 804, 742, 645, 982, 517, 833, 704, 780, 728, 580, 648, 726, 962, 790, 606, 649, 640, 784, 857], [932, 932, 733, 522, 804, 803, 546, 819, 817, 836, 527, 516, 719, 723, 585, 742, 967, 934, 788, 959, 642, 700, 660, 616, 687], [786, 787, 720, 559, 841, 869, 506, 957, 924, 554, 776, 613, 507, 895, 535, 830, 614, 772, 547, 690, 721, 924, 989, 652, 786], [608, 884, 627, 818, 868, 976, 533, 565, 684, 681, 504, 511, 651, 739, 505, 541, 682, 650, 939, 726, 930, 770, 955, 712, 506], [806, 772, 881, 896, 516, 837, 525, 988, 500, 915, 572, 925, 527, 865, 891, 763, 641, 667, 633, 910, 807, 859, 623, 632, 965], [800, 560, 990, 511, 532, 658, 607, 911, 867, 643, 800, 749, 546, 569, 522, 824, 812, 859, 970, 727, 515, 853, 563, 501, 826], [649, 800, 763, 919, 917, 694, 572, 825, 571, 735, 778, 791, 670, 993, 698, 789, 682, 823, 845, 825, 629, 625, 514, 943, 975], [503, 969, 780, 924, 581, 734, 561, 513, 741, 697, 553, 871, 598, 646, 550, 731, 521, 551, 982, 680, 759, 550, 590, 561, 526], [805, 917, 535, 737, 581, 884, 812, 843, 729, 941, 581, 676, 844, 556, 839, 569, 775, 569, 639, 744, 930, 839, 954, 977, 734], [950, 544, 792, 970, 882, 905, 627, 962, 619, 724, 660, 620, 858, 715, 803, 546, 873, 903, 620, 942, 958, 902, 559, 926, 728], [904, 775, 739, 937, 564, 613, 660, 513, 967, 574, 694, 894, 924, 980, 597, 668, 706, 562, 940, 716, 587, 815, 785, 605, 843], [989, 834, 829, 863, 839, 834, 594, 620, 911, 891, 590, 827, 768, 902, 988, 516, 856, 756, 722, 794, 548, 839, 868, 836, 509], [506, 961, 656, 587, 917, 603, 780, 699, 903, 882, 907, 785, 808, 795, 500, 936, 997, 703, 595, 966, 887, 541, 855, 800, 852], [656, 936, 501, 854, 744, 729, 846, 559, 606, 764, 704, 867, 852, 595, 595, 566, 766, 795, 699, 922, 937, 696, 628, 825, 929], [639, 590, 636, 982, 905, 611, 850, 902, 729, 875, 504, 829, 567, 743, 601, 680, 523, 771, 799, 504, 612, 621, 858, 830, 669], [520, 825, 807, 787, 747, 949, 902, 751, 770, 884, 797, 903, 657, 743, 661, 928, 932, 543, 619, 526, 547, 831, 607, 530, 594], [637, 545, 636, 548, 672, 630, 822, 557, 605, 736, 703, 766, 848, 593, 690, 781, 572, 684, 757, 623, 860, 888, 636, 600, 537], [652, 934, 786, 902, 749, 739, 965, 949, 897, 708, 971, 839, 634, 618, 691, 686, 728, 993, 859, 772, 617, 616, 533, 859, 939], [625, 557, 783, 752, 849, 699, 830, 847, 699, 976, 535, 584, 980, 813, 678, 916, 547, 546, 512, 638, 573, 900, 545, 744, 564], [912, 587, 716, 695, 534, 521, 902, 585, 899, 631, 984, 557, 638, 649, 959, 906, 996, 823, 590, 606, 787, 928, 671, 767, 961], [837, 789, 821, 705, 983, 539, 798, 505, 776, 581, 873, 763, 613, 501, 605, 507, 876, 966, 933, 519, 628, 963, 663, 728, 988], [929, 790, 803, 768, 880, 831, 937, 758, 876, 943, 791, 823, 676, 538, 958, 608, 576, 967, 976, 992, 531, 807, 902, 969, 523], [987, 553, 678, 874, 568, 777, 654, 601, 747, 665, 521, 683, 774, 618, 867, 668, 698, 894, 813, 766, 997, 713, 956, 507, 842], [847, 861, 626, 724, 662, 842, 644, 558, 846, 783, 560, 753, 844, 843, 580, 585, 879, 657, 677, 957, 534, 649, 791, 637, 690], [532, 561, 699, 636, 853, 982, 611, 549, 545, 899, 525, 923, 947, 647, 665, 514, 825, 515, 526, 929, 833, 774, 599, 922, 980], [959, 524, 765, 930, 944, 740, 993, 624, 699, 504, 992, 683, 895, 998, 916, 929, 892, 629, 878, 554, 517, 514, 820, 510, 584], [543, 650, 722, 544, 756, 917, 983, 762, 960, 604, 857, 699, 805, 537, 985, 881, 955, 987, 665, 530, 663, 628, 631, 733, 743], [992, 808, 897, 816, 669, 640, 864, 635, 931, 931, 523, 944, 924, 758, 912, 753, 592, 838, 626, 649, 931, 937, 798, 615, 736], [896, 939, 674, 734, 710, 686, 576, 802, 561, 748, 830, 712, 957, 904, 530, 730, 562, 627, 765, 504, 938, 685, 514, 661, 698], [913, 512, 700, 999, 720, 590, 666, 597, 761, 606, 724, 710, 782, 899, 974, 974, 803, 539, 640, 589, 575, 689, 994, 819, 743], [679, 696, 553, 959, 941, 517, 895, 905, 915, 749, 909, 592, 629, 941, 679, 886, 595, 655, 836, 923, 823, 764, 681, 541, 964], [586, 876, 742, 942, 687, 640, 545, 620, 825, 742, 668, 535, 744, 983, 786, 556, 709, 609, 819, 729, 768, 625, 627, 543, 554], [644, 695, 623, 647, 874, 758, 604, 714, 559, 904, 723, 835, 978, 555, 926, 745, 768, 904, 922, 667, 568, 749, 629, 941, 886], [988, 749, 789, 805, 577, 539, 995, 741, 625, 610, 881, 815, 613, 640, 599, 524, 643, 842, 661, 682, 638, 728, 505, 656, 523], [922, 800, 833, 929, 911, 544, 654, 754, 629, 933, 948, 899, 917, 619, 542, 656, 878, 592, 975, 848, 844, 937, 738, 986, 901], [743, 780, 903, 605, 886, 914, 940, 968, 722, 566, 844, 572, 992, 667, 958, 847, 692, 658, 634, 927, 549, 570, 811, 617, 996]]
Variable production cost per unit of each product in each period p: 
[[10, 10, 11, 12, 13, 10, 10, 13, 13, 10, 12, 10, 12, 12, 12, 11, 10, 11, 10, 12, 11, 10, 12, 10, 11], [13, 10, 10, 13, 10, 12, 13, 13, 12, 13, 13, 13, 13, 12, 12, 13, 10, 13, 10, 10, 13, 10, 10, 12, 12], [13, 10, 12, 10, 13, 11, 13, 12, 13, 13, 12, 13, 11, 12, 11, 11, 11, 10, 10, 11, 12, 13, 12, 10, 10], [10, 10, 13, 12, 12, 12, 13, 10, 11, 11, 13, 12, 10, 11, 11, 10, 11, 10, 11, 12, 10, 13, 13, 13, 10], [10, 10, 13, 11, 10, 12, 11, 11, 10, 13, 10, 10, 12, 10, 11, 12, 12, 12, 13, 10, 13, 11, 12, 13, 10], [10, 11, 11, 11, 13, 11, 11, 10, 13, 12, 11, 10, 10, 10, 13, 12, 12, 10, 11, 13, 12, 13, 11, 13, 13], [13, 12, 13, 13, 11, 13, 12, 12, 11, 13, 12, 10, 13, 10, 12, 11, 12, 13, 11, 13, 13, 12, 13, 13, 12], [11, 12, 13, 13, 12, 12, 10, 10, 11, 10, 11, 10, 11, 13, 11, 11, 10, 12, 10, 12, 12, 12, 10, 13, 11], [10, 11, 12, 13, 11, 10, 12, 10, 12, 12, 13, 13, 12, 13, 13, 13, 12, 13, 12, 11, 11, 13, 13, 10, 12], [12, 13, 13, 10, 10, 10, 11, 10, 10, 11, 12, 10, 13, 13, 10, 12, 11, 12, 13, 11, 10, 10, 11, 11, 12], [13, 11, 12, 12, 13, 10, 11, 13, 12, 10, 12, 10, 13, 10, 12, 11, 11, 12, 11, 10, 12, 12, 13, 11, 12], [11, 10, 12, 11, 11, 12, 12, 13, 11, 13, 10, 12, 13, 12, 10, 11, 12, 10, 11, 11, 13, 12, 13, 13, 11], [10, 11, 13, 10, 13, 10, 13, 10, 10, 13, 10, 12, 10, 10, 12, 12, 11, 10, 10, 12, 11, 10, 10, 13, 11], [10, 11, 11, 11, 11, 11, 10, 11, 12, 10, 12, 13, 10, 10, 11, 12, 11, 12, 10, 11, 13, 11, 13, 10, 10], [13, 11, 12, 11, 10, 10, 12, 10, 10, 12, 11, 11, 13, 12, 10, 12, 10, 12, 12, 11, 12, 10, 10, 10, 13], [12, 12, 13, 10, 13, 11, 13, 10, 10, 11, 10, 12, 10, 12, 11, 10, 12, 12, 11, 12, 11, 10, 12, 10, 10], [13, 11, 12, 12, 10, 11, 11, 12, 10, 12, 13, 13, 11, 13, 13, 12, 10, 12, 12, 11, 13, 12, 12, 11, 13], [12, 11, 10, 11, 10, 11, 10, 10, 12, 12, 12, 10, 12, 10, 11, 13, 10, 11, 10, 11, 11, 11, 13, 11, 12], [12, 11, 13, 12, 11, 11, 12, 13, 10, 12, 11, 11, 13, 11, 10, 12, 12, 11, 12, 10, 13, 10, 11, 11, 10], [12, 11, 11, 11, 10, 12, 13, 11, 12, 13, 12, 12, 11, 13, 10, 11, 13, 12, 10, 10, 10, 10, 13, 12, 12], [12, 10, 10, 11, 11, 12, 13, 12, 13, 12, 10, 11, 12, 11, 11, 12, 10, 10, 11, 13, 13, 12, 13, 10, 12], [11, 13, 11, 11, 10, 10, 12, 12, 11, 12, 10, 12, 10, 12, 13, 12, 11, 13, 11, 12, 12, 10, 12, 10, 12], [10, 10, 10, 10, 10, 11, 12, 10, 13, 12, 11, 10, 12, 10, 13, 13, 10, 10, 11, 11, 10, 12, 11, 10, 10], [12, 11, 13, 10, 12, 13, 13, 13, 11, 13, 12, 12, 12, 12, 13, 10, 11, 11, 13, 11, 13, 12, 10, 11, 10], [12, 13, 12, 13, 10, 13, 13, 13, 12, 10, 12, 12, 10, 13, 10, 10, 12, 11, 13, 13, 11, 13, 11, 12, 12], [11, 12, 12, 12, 11, 13, 10, 13, 13, 11, 12, 13, 13, 13, 13, 10, 13, 10, 12, 10, 11, 11, 11, 13, 11], [11, 13, 12, 11, 10, 13, 12, 13, 10, 11, 11, 11, 13, 10, 11, 13, 11, 13, 11, 12, 10, 11, 11, 12, 10], [11, 12, 11, 10, 12, 11, 10, 10, 10, 13, 13, 13, 13, 12, 11, 13, 11, 11, 12, 11, 13, 13, 10, 13, 12], [10, 10, 10, 11, 10, 10, 13, 12, 13, 12, 10, 10, 11, 12, 12, 12, 11, 12, 13, 10, 13, 11, 12, 11, 13], [13, 13, 10, 12, 10, 12, 10, 10, 12, 11, 11, 12, 13, 10, 12, 11, 13, 12, 12, 12, 10, 12, 10, 11, 10], [10, 10, 13, 12, 11, 11, 11, 12, 10, 10, 11, 11, 11, 10, 10, 13, 13, 11, 10, 12, 13, 10, 13, 13, 12], [10, 11, 11, 11, 11, 12, 11, 11, 13, 10, 11, 10, 10, 12, 10, 11, 11, 11, 12, 12, 13, 10, 13, 13, 12], [12, 12, 13, 12, 10, 10, 10, 12, 10, 11, 12, 13, 10, 11, 13, 12, 11, 12, 12, 10, 12, 11, 13, 10, 12], [10, 10, 10, 12, 13, 11, 10, 12, 12, 13, 13, 10, 10, 10, 13, 11, 10, 12, 12, 12, 13, 10, 13, 11, 11], [12, 13, 11, 13, 12, 10, 11, 12, 11, 12, 12, 12, 11, 13, 10, 10, 12, 12, 11, 12, 13, 11, 10, 12, 11], [12, 13, 12, 13, 13, 12, 12, 11, 12, 12, 10, 12, 10, 11, 10, 13, 12, 11, 10, 12, 13, 11, 12, 10, 13], [11, 11, 13, 11, 11, 11, 12, 13, 11, 11, 12, 10, 10, 11, 11, 13, 12, 10, 13, 12, 13, 13, 12, 11, 12], [12, 10, 11, 12, 12, 13, 10, 11, 11, 12, 12, 11, 12, 10, 10, 13, 11, 12, 11, 10, 11, 10, 13, 12, 11], [11, 10, 12, 12, 11, 11, 10, 10, 13, 12, 12, 13, 11, 11, 13, 10, 12, 12, 10, 11, 13, 13, 11, 12, 13], [12, 12, 10, 11, 12, 13, 13, 10, 11, 10, 10, 10, 12, 10, 13, 11, 13, 12, 10, 12, 10, 10, 12, 12, 12], [12, 10, 11, 13, 12, 10, 10, 10, 13, 11, 13, 12, 12, 13, 11, 10, 10, 12, 12, 13, 12, 12, 10, 11, 13], [10, 13, 10, 12, 11, 12, 12, 10, 10, 13, 13, 10, 12, 11, 11, 13, 12, 10, 10, 11, 12, 11, 11, 12, 12], [10, 11, 10, 10, 10, 10, 11, 13, 11, 12, 11, 10, 13, 10, 12, 12, 12, 13, 11, 12, 11, 10, 12, 12, 10], [11, 13, 10, 12, 10, 10, 13, 10, 13, 12, 10, 10, 10, 13, 11, 10, 11, 13, 13, 10, 10, 12, 10, 11, 13], [13, 10, 11, 13, 12, 10, 12, 12, 10, 11, 11, 11, 13, 10, 13, 13, 13, 10, 13, 13, 13, 11, 10, 12, 11], [12, 13, 12, 13, 10, 10, 12, 11, 12, 13, 13, 11, 12, 12, 13, 11, 10, 10, 13, 10, 13, 11, 13, 10, 13], [13, 10, 10, 13, 10, 10, 11, 12, 12, 10, 11, 10, 12, 11, 12, 12, 10, 13, 10, 13, 10, 12, 13, 12, 13], [13, 13, 12, 13, 13, 10, 13, 12, 10, 10, 13, 11, 12, 12, 10, 10, 13, 10, 11, 12, 13, 12, 13, 12, 11], [12, 12, 13, 13, 11, 10, 12, 11, 12, 12, 13, 10, 11, 10, 13, 12, 13, 10, 10, 11, 12, 13, 10, 12, 13], [10, 13, 12, 13, 13, 10, 10, 13, 13, 12, 10, 13, 12, 10, 10, 12, 10, 13, 13, 10, 13, 10, 10, 11, 12]]
Inventory holding cost per unit of each product by the end of each period h: 
[[7, 7, 6, 5, 7, 7, 5, 8, 8, 9, 7, 9, 9, 7, 9, 8, 7, 9, 5, 6, 7, 6, 5, 8, 8], [6, 9, 9, 8, 6, 8, 9, 7, 6, 7, 6, 8, 9, 9, 7, 9, 7, 8, 8, 7, 5, 7, 5, 7, 5], [9, 8, 7, 9, 8, 7, 9, 8, 6, 6, 5, 9, 7, 7, 7, 6, 7, 8, 5, 9, 8, 8, 5, 9, 5], [6, 5, 8, 6, 9, 7, 9, 7, 6, 6, 6, 6, 8, 8, 7, 8, 9, 5, 7, 7, 5, 6, 9, 9, 5], [8, 8, 8, 9, 7, 6, 5, 8, 5, 9, 5, 6, 8, 7, 6, 5, 9, 6, 7, 7, 8, 7, 9, 8, 5], [9, 7, 7, 9, 8, 9, 5, 6, 7, 7, 6, 5, 7, 5, 9, 8, 6, 7, 9, 7, 8, 8, 9, 9, 8], [5, 6, 7, 8, 9, 6, 8, 8, 9, 9, 9, 5, 6, 7, 5, 9, 7, 5, 9, 5, 7, 9, 8, 5, 5], [7, 7, 6, 8, 6, 8, 8, 8, 9, 5, 5, 7, 7, 7, 9, 7, 5, 7, 9, 9, 5, 9, 9, 5, 5], [5, 7, 5, 9, 7, 6, 8, 8, 9, 8, 8, 6, 7, 5, 5, 5, 5, 5, 9, 8, 7, 6, 7, 6, 8], [9, 6, 8, 7, 6, 5, 7, 9, 5, 6, 5, 5, 8, 6, 7, 7, 9, 6, 7, 8, 6, 9, 9, 5, 9], [8, 9, 9, 9, 8, 9, 9, 5, 7, 7, 9, 5, 9, 8, 7, 6, 5, 5, 7, 9, 5, 7, 6, 8, 8], [9, 9, 5, 6, 8, 7, 5, 9, 5, 9, 8, 5, 7, 9, 5, 9, 8, 5, 8, 5, 9, 9, 9, 6, 5], [9, 7, 9, 7, 9, 5, 9, 9, 5, 6, 9, 7, 6, 7, 8, 5, 5, 7, 8, 5, 9, 5, 8, 8, 9], [7, 6, 9, 5, 6, 7, 5, 6, 9, 7, 8, 6, 8, 9, 9, 9, 6, 6, 7, 8, 6, 7, 5, 8, 9], [5, 6, 6, 7, 7, 8, 5, 9, 9, 9, 9, 5, 8, 6, 5, 9, 6, 5, 8, 6, 6, 5, 9, 5, 7], [6, 6, 9, 8, 9, 6, 8, 9, 6, 8, 6, 7, 5, 9, 5, 9, 5, 9, 9, 9, 6, 5, 7, 8, 5], [6, 5, 6, 6, 5, 9, 7, 7, 8, 6, 8, 6, 5, 5, 6, 9, 5, 6, 5, 6, 7, 8, 9, 9, 9], [6, 8, 7, 5, 5, 9, 7, 7, 5, 7, 8, 6, 8, 7, 5, 6, 7, 8, 7, 7, 8, 7, 7, 5, 6], [8, 5, 5, 9, 5, 8, 8, 9, 7, 5, 6, 9, 6, 9, 7, 8, 6, 8, 5, 5, 8, 5, 9, 8, 6], [5, 6, 5, 6, 5, 7, 7, 5, 5, 6, 8, 7, 9, 9, 8, 9, 8, 5, 8, 6, 6, 7, 7, 6, 8], [9, 8, 9, 5, 9, 7, 9, 5, 5, 7, 8, 5, 5, 9, 6, 5, 6, 8, 9, 8, 7, 8, 9, 6, 5], [6, 5, 5, 5, 7, 9, 8, 9, 7, 7, 8, 7, 6, 5, 9, 7, 5, 9, 7, 7, 8, 5, 8, 6, 9], [7, 9, 7, 7, 6, 7, 5, 7, 7, 7, 8, 9, 5, 7, 7, 8, 8, 6, 5, 6, 9, 6, 5, 5, 6], [5, 6, 8, 8, 7, 5, 6, 6, 9, 8, 5, 9, 8, 8, 8, 9, 5, 6, 5, 7, 9, 9, 9, 9, 6], [6, 7, 9, 7, 6, 8, 6, 7, 6, 5, 7, 7, 7, 7, 6, 7, 9, 7, 8, 7, 8, 6, 5, 7, 9], [5, 6, 6, 9, 7, 7, 6, 9, 7, 9, 6, 6, 9, 7, 8, 6, 7, 6, 8, 5, 9, 8, 8, 5, 6], [7, 9, 8, 7, 6, 9, 5, 7, 9, 7, 7, 6, 5, 6, 5, 8, 6, 8, 8, 9, 8, 5, 7, 9, 9], [9, 9, 6, 6, 5, 6, 5, 7, 7, 7, 7, 5, 6, 8, 7, 5, 7, 6, 5, 8, 7, 6, 7, 6, 5], [7, 9, 8, 9, 6, 9, 6, 8, 7, 8, 5, 9, 8, 5, 9, 7, 5, 7, 8, 7, 8, 5, 8, 6, 5], [6, 7, 5, 5, 5, 7, 9, 6, 5, 8, 7, 6, 7, 7, 5, 5, 7, 6, 5, 7, 6, 9, 6, 7, 8], [7, 9, 8, 8, 7, 7, 8, 9, 5, 5, 8, 7, 5, 8, 6, 7, 5, 7, 7, 5, 5, 7, 5, 8, 7], [9, 8, 9, 8, 9, 8, 6, 9, 9, 6, 5, 8, 7, 7, 8, 5, 5, 6, 9, 6, 9, 7, 7, 5, 7], [6, 5, 6, 8, 8, 8, 6, 8, 8, 8, 9, 5, 9, 9, 6, 8, 8, 7, 7, 9, 6, 7, 8, 8, 6], [6, 9, 8, 6, 6, 5, 7, 6, 6, 7, 8, 9, 7, 7, 8, 5, 7, 5, 7, 7, 9, 5, 6, 5, 9], [9, 5, 9, 9, 5, 5, 8, 5, 7, 5, 6, 7, 7, 8, 8, 6, 7, 9, 6, 7, 5, 6, 7, 7, 8], [5, 7, 9, 8, 8, 6, 8, 5, 9, 6, 9, 9, 5, 8, 8, 9, 7, 5, 7, 8, 7, 6, 5, 8, 7], [6, 6, 7, 7, 8, 5, 7, 9, 6, 9, 9, 9, 5, 9, 7, 7, 6, 6, 8, 6, 9, 6, 8, 9, 8], [6, 6, 7, 7, 9, 7, 8, 8, 9, 7, 5, 9, 6, 7, 6, 6, 7, 5, 9, 9, 8, 5, 9, 6, 6], [9, 6, 6, 8, 6, 6, 6, 5, 5, 8, 7, 9, 9, 9, 5, 6, 5, 8, 9, 5, 5, 6, 6, 7, 7], [7, 7, 5, 8, 7, 5, 7, 5, 7, 9, 8, 9, 6, 7, 5, 5, 9, 5, 8, 6, 7, 6, 7, 6, 8], [5, 9, 6, 8, 7, 5, 8, 7, 8, 9, 7, 5, 9, 5, 6, 6, 8, 6, 5, 9, 7, 7, 5, 5, 8], [5, 8, 9, 9, 7, 6, 9, 9, 8, 8, 9, 9, 6, 6, 6, 9, 7, 8, 8, 5, 6, 9, 5, 7, 5], [6, 9, 5, 6, 7, 9, 7, 5, 5, 9, 6, 6, 6, 8, 9, 5, 9, 6, 5, 8, 9, 5, 6, 7, 5], [7, 5, 5, 9, 5, 9, 7, 6, 9, 7, 7, 5, 7, 8, 9, 9, 5, 7, 7, 6, 5, 5, 5, 9, 5], [6, 8, 7, 6, 5, 5, 7, 7, 6, 9, 5, 7, 9, 9, 5, 8, 9, 8, 6, 8, 8, 5, 9, 5, 7], [6, 6, 9, 8, 5, 9, 7, 8, 7, 7, 9, 7, 7, 6, 9, 7, 6, 6, 6, 6, 5, 5, 5, 8, 9], [6, 9, 7, 9, 6, 8, 5, 5, 5, 9, 7, 8, 8, 7, 6, 7, 8, 5, 6, 9, 6, 8, 6, 6, 8], [6, 7, 5, 7, 5, 5, 9, 6, 8, 6, 7, 5, 6, 7, 7, 5, 6, 9, 6, 6, 9, 9, 6, 5, 6], [7, 7, 5, 8, 5, 8, 5, 7, 7, 7, 6, 8, 6, 9, 6, 7, 6, 5, 6, 5, 5, 6, 7, 8, 6], [5, 6, 8, 5, 6, 5, 6, 5, 9, 8, 7, 8, 5, 6, 9, 5, 8, 5, 9, 9, 5, 6, 9, 5, 6]]
Demand for each product in each period d: 
[[31, 43, 23, 1, 13, 15, 44, 7, 16, 19, 43, 45, 8, 0, 17, 0, 25, 35, 0, 24, 45, 46, 17, 6, 30], [25, 14, 2, 33, 28, 5, 41, 24, 27, 0, 15, 33, 40, 43, 16, 2, 48, 18, 17, 0, 11, 9, 17, 19, 25], [39, 26, 39, 47, 19, 5, 28, 15, 6, 29, 18, 11, 25, 22, 42, 10, 12, 43, 25, 15, 47, 0, 39, 31, 32], [19, 40, 28, 42, 21, 25, 16, 41, 9, 1, 38, 18, 36, 16, 9, 44, 18, 46, 36, 39, 4, 29, 32, 49, 20], [33, 17, 22, 41, 37, 5, 34, 36, 0, 47, 20, 1, 35, 30, 1, 2, 38, 6, 33, 24, 26, 0, 49, 2, 48], [27, 0, 11, 8, 42, 0, 37, 14, 42, 46, 24, 18, 49, 13, 15, 1, 13, 46, 14, 28, 24, 20, 12, 43, 33], [14, 40, 44, 34, 43, 7, 40, 42, 21, 28, 40, 20, 40, 41, 20, 2, 25, 27, 28, 28, 3, 27, 7, 16, 47], [9, 9, 0, 3, 21, 17, 24, 21, 0, 28, 10, 29, 26, 15, 8, 23, 14, 15, 0, 0, 1, 20, 0, 16, 0], [18, 17, 21, 10, 5, 0, 6, 28, 24, 15, 15, 0, 7, 4, 4, 18, 24, 11, 29, 28, 0, 25, 12, 12, 23], [5, 22, 19, 0, 10, 10, 16, 29, 10, 22, 21, 13, 7, 13, 12, 20, 7, 17, 7, 13, 0, 5, 1, 21, 26], [26, 0, 25, 13, 19, 13, 13, 16, 14, 15, 8, 16, 17, 12, 23, 22, 15, 5, 5, 21, 12, 27, 14, 5, 13], [11, 20, 6, 29, 17, 5, 11, 27, 8, 15, 11, 27, 23, 14, 26, 1, 5, 0, 12, 4, 21, 1, 0, 25, 9], [2, 6, 4, 25, 11, 1, 25, 18, 1, 24, 15, 12, 28, 2, 28, 9, 12, 22, 23, 16, 19, 0, 15, 24, 17], [10, 0, 9, 4, 7, 18, 13, 16, 27, 20, 23, 29, 28, 27, 29, 0, 18, 5, 26, 25, 10, 17, 23, 8, 2], [5, 0, 21, 29, 10, 21, 0, 12, 8, 29, 18, 4, 4, 3, 20, 13, 24, 22, 8, 21, 4, 9, 11, 16, 8], [29, 7, 7, 0, 10, 8, 14, 4, 3, 5, 29, 17, 16, 22, 0, 12, 12, 14, 8, 26, 0, 3, 3, 14, 24], [1, 23, 14, 6, 21, 6, 23, 24, 14, 21, 25, 1, 3, 10, 0, 23, 20, 19, 0, 25, 8, 4, 9, 25, 4], [19, 2, 7, 5, 8, 10, 27, 29, 16, 12, 14, 20, 10, 0, 22, 9, 24, 9, 13, 29, 17, 14, 4, 22, 25], [27, 4, 14, 10, 2, 18, 2, 29, 21, 13, 0, 4, 25, 16, 25, 26, 12, 4, 13, 21, 20, 24, 0, 18, 25], [4, 4, 1, 0, 7, 4, 3, 7, 3, 6, 4, 0, 0, 8, 2, 8, 3, 3, 5, 3, 3, 2, 9, 7, 3], [0, 1, 4, 8, 0, 1, 9, 7, 8, 7, 3, 1, 0, 3, 6, 9, 2, 7, 1, 7, 0, 5, 0, 7, 5], [3, 0, 4, 9, 8, 6, 1, 3, 6, 6, 5, 8, 8, 4, 5, 1, 1, 5, 1, 4, 7, 5, 0, 8, 3], [7, 2, 0, 5, 8, 1, 4, 0, 1, 1, 2, 1, 1, 8, 5, 5, 5, 6, 5, 9, 3, 6, 2, 2, 4], [0, 4, 7, 0, 8, 5, 1, 8, 0, 1, 3, 3, 5, 3, 2, 2, 8, 4, 6, 7, 3, 6, 6, 1, 5], [6, 1, 2, 8, 0, 4, 5, 3, 4, 3, 8, 4, 7, 0, 5, 3, 3, 5, 1, 4, 0, 2, 3, 4, 3], [3, 6, 1, 0, 8, 2, 6, 0, 5, 0, 0, 9, 1, 2, 0, 8, 4, 7, 4, 4, 9, 5, 8, 0, 1], [2, 5, 5, 1, 3, 2, 6, 4, 8, 6, 3, 3, 6, 6, 1, 9, 4, 8, 3, 0, 1, 8, 6, 1, 6], [0, 8, 7, 2, 9, 7, 0, 7, 5, 8, 5, 2, 2, 2, 0, 4, 6, 8, 5, 2, 1, 3, 2, 0, 9], [6, 1, 5, 0, 8, 2, 6, 6, 4, 0, 6, 0, 9, 6, 1, 1, 8, 9, 8, 8, 3, 1, 6, 7, 3], [0, 9, 2, 8, 5, 3, 1, 0, 4, 4, 1, 4, 3, 2, 3, 3, 3, 2, 7, 7, 6, 2, 7, 4, 3], [8, 7, 9, 2, 9, 1, 0, 1, 8, 2, 3, 2, 9, 1, 3, 5, 8, 0, 7, 3, 3, 1, 8, 7, 7], [1, 7, 5, 0, 3, 2, 0, 7, 3, 5, 1, 2, 9, 4, 6, 9, 3, 8, 9, 3, 7, 6, 4, 9, 9], [7, 2, 7, 9, 5, 0, 0, 5, 1, 6, 5, 7, 4, 5, 7, 9, 9, 3, 8, 7, 7, 5, 7, 3, 5], [0, 4, 7, 1, 7, 9, 4, 4, 0, 0, 4, 6, 9, 4, 2, 1, 3, 4, 2, 7, 5, 1, 1, 4, 3], [8, 7, 6, 2, 4, 2, 6, 0, 8, 4, 1, 9, 9, 9, 0, 6, 8, 0, 6, 1, 4, 2, 4, 4, 9], [1, 1, 8, 6, 6, 2, 0, 9, 3, 9, 4, 8, 0, 1, 8, 5, 0, 4, 0, 5, 5, 5, 0, 3, 9], [3, 5, 4, 3, 6, 0, 4, 6, 3, 5, 8, 0, 2, 0, 9, 7, 9, 0, 1, 0, 7, 3, 6, 2, 1], [8, 3, 6, 4, 5, 2, 5, 3, 8, 2, 5, 8, 3, 1, 7, 4, 2, 3, 3, 8, 3, 2, 1, 8, 8], [0, 5, 4, 8, 8, 8, 7, 4, 5, 2, 3, 9, 3, 0, 5, 2, 7, 1, 3, 3, 6, 8, 9, 4, 5], [1, 7, 6, 8, 7, 6, 7, 2, 2, 9, 7, 0, 0, 4, 2, 8, 6, 9, 9, 9, 0, 8, 2, 8, 1], [9, 9, 8, 4, 0, 9, 9, 1, 0, 4, 3, 6, 5, 2, 5, 0, 4, 3, 0, 8, 7, 0, 2, 5, 0], [1, 0, 5, 4, 5, 6, 2, 3, 0, 0, 1, 2, 8, 8, 7, 5, 6, 3, 3, 4, 6, 3, 3, 6, 4], [0, 0, 0, 6, 9, 5, 8, 3, 1, 4, 4, 4, 3, 1, 3, 0, 7, 1, 2, 9, 4, 0, 4, 9, 5], [2, 2, 5, 4, 3, 7, 4, 0, 2, 6, 2, 6, 2, 2, 0, 5, 7, 1, 5, 7, 6, 5, 8, 1, 3], [4, 9, 5, 0, 2, 2, 9, 1, 0, 7, 1, 3, 6, 4, 0, 9, 9, 0, 9, 1, 8, 8, 5, 6, 7], [2, 4, 9, 3, 1, 1, 2, 1, 1, 5, 6, 5, 3, 1, 3, 5, 4, 2, 8, 8, 8, 4, 9, 7, 5], [0, 7, 7, 5, 6, 4, 6, 0, 8, 5, 0, 4, 3, 5, 5, 5, 9, 2, 0, 4, 5, 3, 7, 0, 3], [5, 0, 8, 2, 3, 0, 5, 7, 0, 5, 7, 3, 4, 9, 0, 4, 2, 4, 9, 1, 0, 4, 5, 0, 0], [7, 9, 9, 5, 3, 6, 2, 0, 2, 1, 9, 0, 1, 3, 2, 1, 1, 7, 2, 1, 2, 9, 9, 4, 7], [2, 7, 4, 4, 0, 0, 4, 3, 5, 6, 2, 0, 3, 8, 7, 5, 1, 8, 6, 5, 5, 7, 6, 5, 1]]
Maintenance cost in each period m: 
[8522, 6294, 7891, 8531, 6225, 5054, 8203, 7975, 7040, 8488, 8178, 7338, 5527, 8693, 6340, 4942, 5558, 6890, 6625, 5351, 8692, 8408, 6819, 8729, 5008]
Maximum capacity of the machine cmax: 
2000