Set of periods in the planning horizon T: 
5
Set of products P: 
50
Capacity reduction coefficient alpha: 
0.8
Relative decrease of capacity per set up gamma: 
0.24
Capacity reduction coefficient due to product types beta: 
[0.4, 0.22, 0.26, 0.25, 0.24, 0.22, 0.22, 0.33, 0.35, 0.24, 0.35, 0.37, 0.29, 0.31, 0.2, 0.39, 0.31, 0.35, 0.36, 0.37, 0.26, 0.25, 0.36, 0.26, 0.29, 0.33, 0.22, 0.34, 0.3, 0.38, 0.3, 0.2, 0.27, 0.26, 0.37, 0.34, 0.33, 0.22, 0.26, 0.23, 0.35, 0.35, 0.28, 0.23, 0.33, 0.24, 0.37, 0.23, 0.26, 0.21]
Fixed production cost of each product in each period f: 
[[964, 843, 779, 657, 986], [794, 916, 756, 858, 561], [647, 672, 691, 957, 750], [922, 941, 666, 787, 965], [747, 868, 978, 561, 991], [524, 540, 520, 922, 733], [962, 940, 677, 576, 551], [942, 538, 570, 864, 597], [949, 833, 599, 714, 694], [606, 687, 647, 701, 746], [688, 562, 778, 968, 851], [748, 867, 910, 512, 697], [803, 604, 959, 507, 501], [940, 770, 982, 526, 781], [565, 909, 983, 617, 524], [542, 911, 982, 694, 744], [860, 539, 584, 763, 603], [841, 830, 539, 845, 580], [559, 891, 847, 885, 718], [503, 987, 584, 641, 870], [573, 584, 514, 519, 838], [624, 798, 522, 807, 850], [804, 828, 802, 537, 614], [812, 565, 803, 513, 717], [768, 883, 837, 650, 924], [744, 965, 643, 772, 672], [549, 954, 793, 541, 965], [632, 767, 616, 695, 957], [664, 574, 536, 671, 670], [587, 983, 592, 751, 556], [953, 822, 847, 751, 959], [933, 772, 580, 892, 668], [843, 840, 899, 596, 710], [826, 804, 539, 888, 565], [898, 559, 647, 685, 606], [859, 523, 992, 732, 730], [834, 532, 902, 819, 611], [976, 696, 703, 780, 684], [539, 541, 570, 723, 959], [841, 722, 826, 813, 709], [856, 648, 834, 791, 671], [876, 946, 625, 581, 514], [748, 525, 934, 756, 901], [899, 829, 597, 805, 993], [546, 732, 931, 880, 574], [905, 811, 610, 902, 829], [548, 515, 632, 923, 958], [932, 627, 784, 514, 974], [672, 638, 883, 845, 886], [960, 673, 935, 547, 932]]
Variable production cost per unit of each product in each period p: 
[[10, 13, 12, 13, 11], [10, 12, 13, 11, 13], [10, 12, 11, 11, 11], [13, 13, 10, 13, 12], [10, 10, 10, 10, 10], [11, 13, 12, 10, 13], [13, 10, 10, 11, 11], [12, 10, 13, 11, 10], [12, 13, 13, 12, 13], [10, 10, 12, 10, 10], [11, 13, 12, 11, 12], [10, 12, 10, 13, 13], [13, 10, 11, 10, 13], [10, 10, 11, 10, 10], [11, 12, 11, 11, 11], [12, 10, 11, 12, 10], [13, 10, 12, 10, 10], [13, 13, 13, 10, 11], [13, 12, 10, 12, 11], [10, 13, 10, 10, 11], [13, 10, 13, 11, 13], [10, 10, 10, 11, 10], [13, 11, 10, 13, 12], [12, 11, 10, 10, 10], [12, 10, 13, 13, 13], [13, 12, 12, 13, 10], [13, 11, 11, 12, 13], [11, 11, 11, 11, 10], [12, 10, 10, 11, 12], [11, 12, 13, 12, 13], [10, 12, 11, 11, 13], [10, 10, 11, 13, 13], [13, 10, 13, 12, 12], [13, 10, 11, 13, 10], [10, 11, 12, 13, 11], [13, 12, 10, 13, 11], [11, 10, 10, 10, 11], [13, 12, 11, 12, 11], [10, 10, 12, 11, 13], [13, 10, 10, 13, 12], [10, 12, 11, 13, 10], [13, 10, 13, 10, 11], [13, 11, 11, 13, 11], [13, 13, 12, 10, 10], [12, 12, 12, 10, 11], [10, 13, 13, 10, 10], [12, 10, 13, 11, 10], [12, 10, 12, 12, 12], [10, 12, 12, 13, 12], [10, 13, 10, 11, 12]]
Inventory holding cost per unit of each product by the end of each period h: 
[[9, 7, 7, 9, 7], [5, 7, 5, 7, 8], [6, 5, 8, 7, 5], [9, 5, 9, 6, 8], [7, 8, 6, 8, 7], [9, 6, 8, 5, 8], [8, 5, 8, 8, 8], [6, 5, 5, 8, 5], [5, 9, 9, 8, 9], [7, 8, 9, 5, 8], [9, 7, 5, 7, 9], [9, 8, 8, 6, 9], [8, 6, 6, 6, 7], [9, 7, 9, 6, 6], [8, 5, 5, 8, 7], [7, 5, 6, 9, 9], [8, 6, 8, 9, 6], [8, 8, 7, 6, 7], [9, 8, 9, 5, 9], [7, 9, 8, 8, 9], [5, 9, 8, 7, 9], [5, 6, 7, 7, 7], [6, 5, 5, 6, 6], [7, 9, 8, 9, 5], [9, 9, 5, 9, 7], [8, 5, 9, 9, 6], [8, 7, 5, 8, 6], [9, 8, 7, 8, 7], [9, 5, 8, 7, 5], [8, 9, 8, 6, 7], [5, 9, 9, 6, 6], [5, 9, 9, 5, 6], [6, 9, 9, 6, 9], [8, 7, 7, 7, 5], [7, 7, 8, 5, 6], [5, 8, 9, 7, 7], [8, 6, 8, 8, 5], [7, 5, 6, 8, 6], [7, 8, 8, 8, 9], [9, 9, 6, 8, 5], [9, 8, 6, 5, 7], [8, 9, 9, 9, 6], [5, 5, 7, 7, 8], [8, 9, 8, 5, 8], [5, 8, 7, 8, 9], [8, 8, 7, 8, 5], [6, 7, 8, 5, 6], [9, 5, 5, 5, 5], [9, 8, 8, 5, 9], [8, 7, 6, 9, 8]]
Demand for each product in each period d: 
[[48, 24, 2, 21, 15], [27, 4, 20, 32, 41], [48, 0, 28, 21, 44], [24, 15, 10, 35, 34], [28, 0, 10, 45, 12], [38, 14, 46, 45, 17], [40, 27, 12, 16, 49], [11, 14, 10, 24, 1], [25, 23, 3, 3, 22], [19, 4, 2, 10, 10], [26, 25, 14, 29, 26], [0, 10, 0, 6, 22], [6, 3, 4, 15, 29], [3, 25, 25, 12, 11], [7, 6, 25, 26, 20], [9, 14, 7, 1, 6], [21, 20, 12, 12, 26], [26, 6, 1, 0, 0], [0, 21, 23, 15, 11], [2, 7, 3, 7, 8], [9, 5, 7, 1, 9], [0, 6, 4, 5, 9], [9, 3, 3, 5, 8], [1, 5, 9, 2, 3], [2, 0, 1, 5, 2], [5, 0, 3, 4, 4], [5, 4, 2, 2, 3], [1, 5, 2, 1, 2], [9, 4, 0, 5, 6], [6, 9, 0, 4, 2], [3, 8, 6, 0, 1], [7, 9, 6, 3, 1], [8, 7, 1, 9, 3], [6, 1, 8, 3, 7], [9, 4, 1, 3, 6], [0, 0, 9, 5, 6], [9, 3, 2, 9, 8], [2, 7, 7, 8, 2], [5, 1, 0, 1, 7], [1, 5, 8, 0, 2], [8, 5, 7, 0, 5], [5, 9, 9, 6, 4], [9, 4, 3, 4, 0], [7, 5, 5, 3, 4], [7, 0, 4, 1, 2], [7, 2, 3, 7, 1], [4, 7, 0, 7, 1], [0, 2, 1, 7, 1], [5, 1, 8, 6, 9], [2, 5, 4, 8, 1]]
Maintenance cost in each period m: 
[1962, 3779, 3745, 2233, 4068]
Maximum capacity of the machine cmax: 
2400