Set of periods in the planning horizon T: 
10
Set of products P: 
100
Capacity reduction coefficient alpha: 
0.8
Relative decrease of capacity per set up gamma: 
0.35
Capacity reduction coefficient due to product types beta: 
[0.38, 0.38, 0.3, 0.22, 0.32, 0.27, 0.36, 0.38, 0.22, 0.4, 0.22, 0.34, 0.34, 0.3, 0.37, 0.3, 0.24, 0.39, 0.21, 0.36, 0.36, 0.26, 0.36, 0.26, 0.23, 0.3, 0.29, 0.26, 0.37, 0.34, 0.26, 0.29, 0.37, 0.27, 0.35, 0.39, 0.33, 0.36, 0.23, 0.27, 0.4, 0.31, 0.37, 0.25, 0.38, 0.32, 0.29, 0.32, 0.38, 0.34, 0.35, 0.38, 0.21, 0.33, 0.34, 0.24, 0.33, 0.25, 0.27, 0.28, 0.38, 0.33, 0.3, 0.34, 0.39, 0.39, 0.33, 0.26, 0.29, 0.25, 0.39, 0.38, 0.27, 0.38, 0.33, 0.29, 0.35, 0.28, 0.29, 0.25, 0.27, 0.26, 0.2, 0.23, 0.28, 0.36, 0.28, 0.23, 0.26, 0.25, 0.33, 0.35, 0.26, 0.38, 0.25, 0.27, 0.34, 0.29, 0.33, 0.26]
Fixed production cost of each product in each period f: 
[[548, 800, 587, 733, 724, 892, 862, 845, 548, 745], [505, 603, 595, 613, 861, 544, 503, 841, 942, 879], [523, 847, 553, 799, 655, 565, 808, 737, 559, 963], [914, 585, 559, 653, 846, 978, 570, 731, 577, 548], [536, 933, 554, 550, 876, 928, 629, 933, 918, 505], [996, 845, 913, 680, 810, 953, 501, 862, 843, 798], [713, 623, 617, 985, 960, 906, 988, 876, 623, 688], [767, 972, 642, 868, 879, 931, 764, 772, 812, 525], [551, 556, 801, 704, 869, 952, 738, 673, 940, 698], [832, 571, 950, 674, 848, 915, 682, 764, 548, 826], [730, 705, 507, 698, 871, 934, 990, 931, 722, 561], [806, 519, 809, 841, 507, 707, 522, 697, 953, 907], [593, 933, 590, 774, 585, 896, 725, 575, 746, 535], [686, 904, 985, 634, 767, 759, 784, 906, 636, 785], [730, 871, 528, 649, 610, 658, 849, 707, 735, 860], [821, 580, 645, 629, 884, 652, 947, 661, 796, 849], [772, 887, 747, 987, 908, 994, 740, 999, 969, 890], [620, 647, 763, 811, 656, 718, 927, 855, 647, 906], [646, 826, 512, 756, 802, 876, 805, 687, 826, 675], [906, 799, 668, 932, 648, 557, 752, 725, 810, 879], [719, 579, 676, 903, 950, 961, 878, 800, 503, 837], [517, 517, 574, 783, 840, 626, 525, 830, 606, 794], [511, 527, 999, 922, 815, 635, 990, 960, 820, 711], [667, 852, 679, 895, 819, 784, 555, 838, 981, 557], [912, 510, 937, 963, 690, 877, 713, 878, 609, 794], [801, 519, 701, 729, 572, 680, 606, 905, 559, 674], [601, 905, 865, 938, 653, 810, 929, 824, 589, 758], [569, 535, 918, 626, 643, 864, 529, 912, 808, 700], [754, 626, 543, 853, 694, 502, 989, 808, 957, 993], [870, 806, 712, 873, 799, 805, 711, 804, 625, 865], [964, 763, 713, 725, 563, 630, 808, 675, 821, 860], [996, 647, 722, 648, 592, 687, 547, 946, 973, 552], [965, 599, 997, 525, 859, 767, 828, 663, 589, 800], [793, 753, 846, 822, 553, 540, 773, 869, 555, 588], [995, 989, 850, 606, 793, 920, 827, 827, 645, 512], [686, 927, 800, 838, 564, 717, 891, 550, 517, 691], [584, 954, 691, 934, 536, 592, 794, 574, 869, 674], [799, 548, 961, 982, 904, 910, 523, 836, 876, 717], [776, 965, 760, 907, 682, 914, 591, 549, 648, 950], [945, 545, 813, 612, 607, 776, 657, 890, 565, 694], [535, 777, 687, 721, 938, 746, 648, 678, 607, 686], [991, 810, 845, 523, 824, 652, 857, 803, 655, 910], [781, 533, 908, 918, 720, 655, 885, 598, 821, 631], [883, 890, 569, 805, 638, 526, 854, 641, 765, 716], [690, 842, 512, 837, 887, 809, 961, 546, 533, 782], [551, 550, 875, 577, 730, 625, 757, 691, 909, 561], [695, 637, 829, 615, 745, 639, 531, 847, 665, 516], [937, 934, 936, 663, 550, 718, 681, 610, 870, 706], [800, 510, 584, 721, 855, 839, 997, 877, 584, 738], [506, 741, 783, 816, 749, 523, 642, 652, 845, 520], [854, 773, 523, 702, 666, 559, 717, 782, 653, 650], [967, 769, 504, 625, 876, 765, 718, 627, 893, 715], [519, 600, 635, 719, 842, 597, 899, 815, 882, 785], [917, 534, 593, 819, 583, 943, 549, 808, 524, 859], [801, 850, 946, 554, 678, 994, 897, 885, 927, 946], [542, 721, 531, 592, 958, 895, 972, 553, 684, 634], [976, 871, 502, 972, 987, 839, 623, 787, 724, 768], [512, 665, 953, 822, 635, 783, 782, 535, 776, 977], [656, 639, 826, 971, 887, 814, 888, 728, 982, 910], [682, 955, 612, 651, 525, 693, 536, 525, 824, 648], [936, 781, 599, 540, 882, 667, 567, 610, 994, 700], [581, 633, 972, 947, 612, 740, 994, 921, 614, 599], [755, 915, 811, 877, 731, 529, 699, 556, 807, 554], [958, 978, 603, 963, 715, 999, 690, 661, 573, 723], [547, 648, 844, 799, 850, 773, 976, 566, 967, 649], [727, 594, 705, 961, 804, 559, 971, 703, 986, 501], [901, 510, 524, 571, 525, 741, 771, 637, 771, 556], [724, 821, 974, 838, 634, 568, 872, 834, 635, 991], [702, 797, 898, 584, 672, 784, 924, 793, 696, 645], [659, 787, 713, 937, 539, 911, 514, 920, 518, 831], [713, 661, 955, 614, 624, 820, 750, 731, 968, 630], [696, 571, 793, 579, 966, 554, 798, 769, 511, 574], [681, 732, 691, 608, 804, 563, 806, 524, 592, 708], [698, 633, 981, 882, 575, 708, 771, 836, 697, 511], [850, 526, 741, 801, 902, 542, 563, 560, 720, 763], [593, 642, 904, 679, 697, 982, 785, 895, 590, 817], [675, 937, 816, 942, 641, 502, 842, 784, 656, 971], [513, 572, 516, 721, 752, 678, 617, 601, 640, 966], [692, 929, 907, 509, 714, 943, 854, 606, 841, 843], [811, 875, 569, 914, 658, 957, 617, 961, 613, 730], [562, 893, 812, 623, 696, 906, 538, 742, 760, 547], [520, 700, 997, 773, 549, 588, 880, 908, 877, 743], [544, 935, 772, 737, 815, 919, 823, 671, 704, 651], [715, 551, 941, 921, 522, 817, 776, 905, 513, 990], [713, 502, 561, 877, 866, 977, 705, 959, 953, 839], [947, 810, 549, 742, 605, 688, 507, 700, 523, 572], [572, 569, 860, 693, 744, 515, 898, 922, 853, 789], [871, 783, 509, 824, 959, 705, 939, 605, 626, 515], [956, 829, 842, 673, 867, 996, 786, 835, 581, 507], [581, 779, 589, 589, 803, 909, 980, 858, 522, 606], [849, 577, 873, 756, 990, 878, 661, 567, 727, 964], [549, 583, 520, 787, 551, 705, 654, 651, 679, 716], [848, 725, 593, 826, 793, 985, 681, 968, 913, 743], [869, 718, 930, 673, 631, 739, 558, 666, 836, 957], [809, 713, 909, 888, 918, 833, 647, 688, 749, 519], [829, 826, 668, 868, 531, 896, 898, 565, 857, 738], [644, 723, 673, 713, 872, 748, 636, 796, 706, 843], [997, 887, 914, 634, 543, 699, 649, 606, 585, 693], [502, 645, 530, 660, 571, 635, 877, 523, 801, 778], [869, 572, 811, 810, 724, 598, 573, 534, 579, 906]]
Variable production cost per unit of each product in each period p: 
[[11, 13, 10, 10, 12, 13, 11, 12, 10, 13], [11, 12, 11, 10, 13, 12, 10, 11, 11, 11], [11, 10, 11, 13, 10, 12, 11, 11, 10, 11], [11, 10, 13, 13, 10, 13, 11, 12, 12, 11], [12, 12, 11, 13, 12, 12, 10, 11, 12, 12], [10, 10, 13, 12, 10, 13, 12, 13, 13, 10], [10, 10, 12, 11, 12, 12, 13, 12, 10, 12], [11, 10, 11, 10, 13, 13, 12, 11, 10, 12], [11, 10, 13, 11, 11, 13, 12, 11, 10, 13], [10, 13, 13, 13, 10, 10, 10, 10, 10, 12], [13, 12, 10, 10, 13, 12, 12, 12, 10, 10], [10, 10, 13, 11, 12, 13, 12, 11, 11, 10], [11, 11, 10, 11, 10, 11, 11, 11, 10, 12], [10, 13, 10, 11, 10, 11, 11, 13, 13, 12], [13, 12, 10, 13, 10, 13, 11, 12, 10, 13], [11, 10, 10, 10, 12, 13, 11, 13, 13, 12], [12, 12, 11, 13, 11, 11, 13, 11, 11, 11], [12, 10, 11, 10, 13, 11, 13, 13, 12, 13], [12, 12, 10, 12, 12, 10, 10, 12, 12, 13], [10, 13, 11, 13, 12, 11, 12, 12, 13, 11], [12, 10, 13, 13, 11, 13, 12, 10, 12, 13], [10, 10, 13, 13, 11, 13, 11, 11, 10, 12], [12, 13, 10, 10, 10, 12, 11, 11, 10, 12], [11, 13, 12, 10, 13, 10, 10, 10, 13, 11], [10, 13, 10, 10, 13, 10, 10, 10, 13, 10], [12, 13, 11, 10, 12, 10, 11, 13, 13, 13], [11, 11, 10, 13, 10, 12, 10, 12, 13, 12], [13, 11, 11, 13, 13, 10, 11, 13, 10, 11], [10, 12, 13, 12, 12, 11, 11, 11, 11, 12], [10, 11, 13, 10, 11, 11, 10, 12, 13, 11], [12, 10, 13, 12, 13, 10, 11, 11, 11, 12], [11, 13, 10, 10, 13, 11, 10, 13, 12, 13], [13, 12, 12, 10, 10, 11, 10, 13, 13, 12], [11, 10, 12, 10, 12, 10, 12, 10, 13, 12], [11, 12, 12, 12, 12, 12, 11, 10, 10, 10], [12, 10, 13, 13, 11, 12, 12, 10, 12, 10], [13, 11, 13, 12, 11, 13, 10, 12, 10, 13], [10, 12, 10, 13, 10, 10, 11, 10, 10, 10], [13, 13, 11, 12, 11, 12, 10, 13, 11, 13], [13, 10, 11, 13, 11, 11, 12, 10, 11, 11], [11, 11, 13, 10, 10, 12, 11, 12, 13, 13], [12, 13, 12, 11, 10, 13, 12, 13, 10, 10], [10, 13, 13, 13, 11, 11, 10, 12, 10, 10], [13, 10, 13, 11, 11, 12, 10, 13, 10, 11], [10, 13, 10, 13, 13, 12, 10, 10, 12, 11], [13, 11, 11, 11, 10, 10, 10, 10, 10, 13], [11, 13, 12, 13, 13, 13, 10, 12, 11, 13], [12, 11, 10, 13, 10, 11, 13, 10, 11, 12], [11, 12, 11, 10, 13, 10, 13, 13, 13, 13], [12, 13, 13, 11, 13, 12, 12, 11, 13, 10], [12, 12, 13, 11, 10, 13, 12, 11, 10, 10], [12, 13, 12, 11, 11, 13, 10, 10, 10, 11], [11, 11, 11, 12, 13, 13, 10, 11, 11, 13], [10, 13, 13, 11, 12, 10, 12, 12, 12, 13], [11, 11, 10, 11, 13, 11, 13, 11, 11, 12], [10, 10, 13, 13, 13, 11, 13, 11, 10, 10], [10, 10, 13, 12, 10, 10, 12, 12, 10, 10], [13, 13, 13, 11, 12, 11, 13, 10, 13, 11], [12, 10, 12, 10, 11, 11, 10, 11, 10, 12], [11, 12, 11, 12, 13, 10, 12, 11, 12, 11], [13, 10, 10, 10, 10, 11, 13, 10, 10, 13], [10, 13, 12, 13, 11, 12, 10, 10, 12, 11], [13, 12, 12, 12, 12, 12, 12, 13, 12, 10], [13, 13, 13, 12, 10, 10, 11, 11, 13, 11], [12, 10, 10, 11, 12, 11, 10, 13, 12, 10], [12, 12, 10, 13, 10, 11, 10, 13, 11, 12], [12, 12, 12, 11, 10, 10, 11, 11, 10, 12], [13, 13, 13, 11, 10, 10, 12, 10, 11, 11], [13, 12, 12, 10, 10, 10, 10, 13, 12, 12], [13, 12, 13, 10, 11, 12, 11, 13, 10, 13], [10, 10, 13, 12, 10, 13, 12, 10, 13, 12], [11, 13, 10, 10, 10, 10, 10, 11, 11, 11], [10, 13, 12, 10, 10, 12, 12, 12, 12, 10], [11, 13, 13, 11, 12, 13, 10, 11, 12, 10], [11, 13, 10, 13, 13, 10, 13, 11, 13, 11], [12, 12, 11, 12, 11, 12, 12, 13, 12, 12], [13, 11, 12, 12, 13, 12, 13, 12, 12, 10], [10, 12, 13, 11, 10, 10, 11, 10, 11, 13], [13, 12, 13, 13, 12, 11, 12, 11, 10, 11], [12, 10, 10, 13, 10, 13, 13, 13, 10, 12], [12, 13, 10, 13, 12, 13, 13, 12, 11, 11], [13, 13, 10, 11, 10, 12, 12, 10, 13, 12], [13, 13, 10, 11, 11, 11, 13, 10, 11, 11], [13, 13, 10, 12, 11, 11, 10, 10, 10, 12], [13, 10, 10, 11, 10, 11, 10, 13, 11, 13], [13, 13, 13, 13, 12, 12, 13, 11, 13, 10], [10, 11, 10, 11, 11, 12, 13, 11, 11, 12], [10, 11, 10, 11, 12, 13, 10, 11, 13, 12], [13, 11, 10, 10, 13, 13, 13, 10, 13, 10], [13, 11, 13, 11, 13, 12, 11, 13, 11, 13], [10, 10, 13, 13, 10, 11, 12, 11, 12, 13], [12, 12, 11, 10, 11, 10, 11, 11, 10, 10], [12, 10, 12, 13, 11, 10, 10, 13, 11, 13], [11, 10, 13, 12, 11, 10, 10, 10, 11, 10], [10, 10, 10, 11, 10, 12, 11, 10, 13, 10], [12, 13, 12, 11, 13, 10, 12, 12, 12, 12], [10, 12, 12, 13, 11, 13, 11, 10, 12, 12], [12, 13, 10, 13, 11, 10, 12, 11, 12, 11], [11, 12, 12, 13, 11, 13, 10, 12, 10, 13], [12, 10, 13, 11, 12, 12, 11, 12, 11, 11]]
Inventory holding cost per unit of each product by the end of each period h: 
[[7, 8, 9, 6, 6, 6, 8, 6, 8, 6], [7, 8, 7, 6, 6, 5, 7, 5, 8, 7], [5, 6, 8, 8, 9, 7, 9, 6, 8, 5], [5, 5, 6, 9, 6, 9, 5, 5, 5, 9], [5, 5, 8, 5, 9, 9, 7, 6, 7, 6], [6, 6, 9, 9, 8, 5, 9, 8, 7, 5], [6, 5, 7, 7, 9, 9, 9, 5, 9, 6], [9, 7, 9, 7, 8, 6, 8, 9, 7, 8], [9, 7, 8, 7, 5, 6, 8, 9, 8, 8], [5, 9, 7, 7, 6, 7, 8, 7, 5, 6], [5, 5, 5, 6, 6, 6, 6, 6, 9, 9], [7, 8, 6, 6, 7, 8, 5, 6, 7, 8], [8, 7, 7, 5, 7, 7, 8, 6, 5, 6], [8, 8, 5, 8, 7, 5, 8, 9, 7, 7], [6, 7, 9, 9, 5, 9, 5, 7, 5, 5], [7, 9, 7, 8, 6, 6, 5, 9, 6, 8], [6, 6, 5, 7, 9, 5, 6, 7, 7, 8], [9, 7, 8, 7, 8, 7, 6, 7, 6, 6], [5, 8, 8, 6, 8, 7, 6, 8, 9, 8], [7, 7, 7, 6, 6, 8, 9, 8, 7, 6], [7, 7, 6, 6, 6, 6, 8, 6, 8, 5], [8, 6, 9, 6, 8, 8, 7, 8, 9, 8], [5, 5, 8, 8, 9, 9, 9, 5, 7, 9], [6, 9, 6, 5, 5, 7, 6, 8, 9, 6], [6, 7, 9, 6, 5, 9, 7, 8, 7, 7], [7, 9, 7, 7, 8, 7, 7, 5, 7, 8], [5, 8, 6, 9, 6, 6, 9, 6, 6, 5], [6, 8, 8, 7, 5, 6, 7, 8, 9, 9], [8, 8, 9, 5, 8, 6, 9, 9, 6, 7], [6, 7, 8, 7, 6, 5, 9, 5, 6, 8], [9, 7, 7, 6, 9, 8, 5, 7, 8, 8], [7, 6, 8, 5, 7, 5, 6, 7, 9, 8], [7, 6, 6, 8, 6, 7, 9, 7, 9, 5], [9, 8, 7, 6, 8, 9, 5, 6, 7, 7], [9, 7, 9, 7, 9, 6, 7, 6, 5, 5], [5, 5, 8, 8, 7, 5, 9, 8, 5, 5], [9, 8, 7, 7, 6, 7, 9, 7, 5, 7], [8, 5, 8, 8, 9, 6, 8, 6, 8, 8], [9, 6, 9, 5, 9, 7, 9, 9, 8, 6], [6, 8, 7, 8, 9, 6, 8, 8, 7, 7], [5, 6, 5, 7, 8, 9, 6, 5, 9, 5], [5, 7, 6, 6, 9, 6, 8, 6, 9, 7], [6, 7, 5, 8, 9, 6, 7, 5, 5, 8], [8, 8, 9, 5, 5, 6, 9, 9, 5, 8], [8, 6, 6, 7, 8, 7, 8, 5, 9, 9], [8, 5, 7, 5, 5, 8, 6, 9, 5, 6], [5, 6, 9, 5, 9, 7, 8, 8, 7, 8], [9, 7, 5, 5, 5, 5, 9, 8, 8, 8], [6, 9, 9, 9, 6, 9, 7, 7, 9, 6], [7, 6, 9, 8, 5, 5, 8, 9, 6, 6], [6, 8, 7, 8, 6, 6, 5, 6, 8, 7], [5, 6, 8, 6, 9, 6, 7, 7, 8, 6], [9, 6, 7, 9, 6, 8, 5, 8, 5, 5], [5, 7, 6, 7, 5, 5, 8, 9, 8, 7], [6, 6, 6, 5, 9, 9, 7, 8, 9, 9], [9, 8, 7, 8, 6, 7, 7, 8, 5, 7], [9, 9, 5, 5, 9, 8, 7, 6, 5, 5], [5, 7, 9, 7, 9, 5, 5, 5, 8, 9], [6, 7, 9, 8, 6, 9, 8, 6, 9, 9], [8, 7, 6, 5, 9, 8, 9, 6, 9, 5], [9, 6, 6, 8, 9, 9, 5, 9, 8, 5], [5, 8, 7, 7, 5, 7, 9, 5, 7, 8], [9, 9, 7, 8, 9, 9, 8, 8, 7, 8], [7, 8, 6, 7, 9, 9, 6, 5, 5, 5], [8, 5, 6, 6, 5, 9, 8, 8, 7, 6], [9, 5, 6, 7, 5, 7, 8, 6, 5, 6], [6, 6, 8, 6, 9, 7, 9, 7, 7, 9], [9, 6, 5, 5, 6, 5, 7, 5, 6, 9], [9, 5, 6, 5, 7, 5, 5, 6, 5, 6], [8, 9, 9, 6, 6, 9, 6, 6, 8, 7], [7, 8, 5, 8, 9, 8, 6, 7, 7, 5], [7, 6, 8, 8, 5, 7, 6, 9, 7, 6], [6, 7, 6, 9, 6, 6, 7, 8, 6, 9], [7, 7, 7, 5, 7, 9, 5, 9, 9, 6], [8, 9, 8, 9, 7, 6, 7, 7, 6, 8], [8, 5, 9, 6, 9, 7, 6, 7, 7, 7], [5, 7, 7, 7, 6, 6, 8, 6, 8, 7], [6, 9, 9, 8, 6, 6, 6, 8, 8, 5], [8, 9, 9, 8, 6, 5, 8, 5, 8, 7], [7, 9, 6, 7, 8, 5, 6, 8, 7, 6], [7, 6, 9, 8, 6, 7, 5, 5, 5, 9], [6, 8, 7, 9, 9, 7, 5, 5, 6, 6], [9, 6, 8, 6, 5, 8, 7, 6, 9, 9], [5, 9, 5, 9, 5, 6, 7, 9, 6, 7], [7, 6, 6, 8, 5, 7, 8, 9, 7, 6], [7, 7, 6, 8, 6, 8, 6, 9, 5, 9], [8, 5, 9, 7, 8, 5, 8, 9, 7, 6], [9, 7, 6, 5, 9, 9, 6, 6, 5, 9], [6, 6, 9, 9, 6, 9, 7, 5, 5, 9], [8, 7, 7, 9, 5, 7, 7, 5, 8, 6], [5, 6, 7, 7, 7, 5, 6, 8, 5, 6], [7, 7, 7, 9, 6, 6, 7, 9, 6, 5], [8, 7, 6, 6, 9, 6, 9, 8, 9, 7], [8, 9, 5, 8, 9, 9, 8, 7, 5, 7], [8, 5, 5, 9, 7, 8, 7, 5, 8, 9], [5, 6, 7, 5, 9, 6, 9, 6, 5, 5], [5, 5, 8, 8, 6, 6, 7, 5, 5, 9], [5, 9, 9, 7, 9, 9, 5, 5, 6, 5], [6, 5, 9, 6, 9, 5, 9, 8, 7, 7], [9, 8, 5, 5, 6, 9, 6, 7, 6, 9]]
Demand for each product in each period d: 
[[25, 19, 9, 42, 5, 13, 41, 26, 22, 16], [45, 18, 19, 8, 39, 31, 0, 3, 39, 35], [41, 6, 6, 7, 48, 44, 5, 11, 32, 41], [37, 14, 45, 26, 26, 26, 16, 2, 5, 0], [24, 0, 43, 48, 8, 31, 7, 41, 36, 5], [46, 1, 39, 39, 41, 0, 15, 13, 40, 22], [25, 0, 19, 8, 49, 42, 22, 22, 20, 23], [9, 3, 10, 8, 13, 23, 21, 44, 24, 21], [14, 47, 24, 5, 6, 10, 43, 47, 21, 33], [42, 12, 38, 7, 3, 30, 20, 37, 13, 20], [30, 25, 8, 29, 24, 37, 12, 41, 27, 7], [40, 4, 0, 28, 31, 23, 14, 40, 20, 19], [31, 40, 43, 44, 29, 13, 48, 18, 41, 12], [43, 30, 37, 5, 36, 46, 31, 26, 36, 46], [47, 32, 2, 20, 42, 0, 32, 5, 49, 13], [11, 29, 0, 11, 9, 29, 1, 1, 0, 8], [28, 22, 6, 29, 16, 10, 26, 28, 5, 23], [15, 7, 0, 28, 5, 18, 21, 24, 22, 24], [9, 21, 28, 17, 12, 17, 20, 14, 0, 3], [16, 28, 13, 25, 14, 27, 12, 0, 29, 27], [27, 21, 21, 20, 1, 12, 29, 27, 0, 6], [23, 11, 27, 20, 3, 21, 29, 12, 8, 3], [2, 0, 19, 14, 23, 11, 12, 8, 11, 22], [9, 13, 21, 25, 27, 13, 0, 24, 25, 13], [27, 0, 0, 23, 23, 24, 24, 26, 17, 5], [7, 5, 26, 18, 5, 0, 20, 26, 6, 19], [14, 26, 8, 16, 29, 1, 2, 14, 24, 4], [4, 26, 7, 22, 13, 27, 23, 0, 3, 29], [0, 10, 1, 8, 11, 6, 23, 14, 9, 18], [0, 11, 4, 21, 26, 4, 9, 21, 16, 26], [12, 22, 2, 26, 28, 0, 6, 6, 3, 14], [13, 26, 15, 0, 11, 4, 2, 17, 28, 3], [17, 19, 6, 18, 18, 5, 17, 15, 23, 28], [23, 0, 0, 6, 23, 4, 3, 22, 7, 1], [13, 15, 26, 1, 12, 22, 28, 18, 9, 0], [20, 17, 2, 19, 9, 8, 29, 3, 11, 8], [6, 0, 26, 24, 24, 24, 8, 20, 22, 6], [0, 20, 0, 16, 6, 16, 29, 1, 20, 12], [8, 6, 0, 28, 19, 21, 12, 27, 4, 0], [24, 21, 24, 0, 23, 4, 14, 6, 28, 15], [9, 4, 5, 5, 7, 5, 9, 3, 0, 6], [7, 0, 2, 9, 3, 0, 8, 4, 4, 1], [2, 7, 0, 0, 3, 2, 3, 4, 5, 1], [4, 8, 0, 3, 0, 0, 4, 7, 8, 8], [2, 9, 6, 1, 5, 7, 5, 0, 8, 7], [0, 1, 0, 0, 4, 1, 6, 9, 4, 5], [7, 6, 8, 0, 0, 6, 1, 7, 6, 1], [6, 9, 6, 1, 6, 8, 5, 6, 4, 0], [8, 7, 5, 5, 4, 4, 2, 2, 6, 0], [0, 0, 8, 2, 2, 4, 1, 5, 4, 2], [0, 5, 2, 5, 0, 2, 1, 4, 3, 0], [1, 3, 9, 9, 5, 1, 0, 6, 8, 8], [9, 3, 2, 7, 3, 4, 1, 6, 4, 3], [2, 9, 2, 2, 1, 0, 6, 3, 2, 1], [7, 0, 1, 1, 7, 8, 9, 2, 4, 8], [1, 0, 2, 7, 1, 3, 7, 7, 8, 3], [5, 2, 0, 0, 7, 3, 1, 3, 1, 2], [5, 8, 2, 7, 6, 2, 5, 7, 7, 5], [9, 3, 8, 0, 3, 3, 0, 6, 7, 7], [1, 0, 7, 4, 0, 0, 0, 2, 4, 8], [8, 2, 8, 0, 0, 7, 0, 6, 3, 2], [6, 3, 9, 6, 9, 3, 0, 8, 0, 9], [0, 9, 6, 2, 4, 1, 2, 1, 9, 1], [7, 9, 3, 9, 3, 0, 3, 0, 5, 2], [2, 2, 8, 9, 8, 5, 6, 1, 0, 1], [0, 3, 9, 6, 6, 9, 8, 9, 9, 9], [0, 1, 7, 8, 2, 4, 0, 0, 9, 0], [9, 7, 7, 3, 7, 8, 4, 5, 8, 6], [8, 1, 2, 7, 0, 8, 4, 8, 6, 0], [3, 4, 4, 0, 5, 3, 0, 6, 5, 2], [9, 3, 7, 5, 8, 7, 3, 7, 3, 6], [2, 9, 6, 7, 3, 1, 3, 5, 9, 8], [0, 5, 0, 4, 8, 5, 1, 3, 8, 9], [1, 2, 1, 0, 0, 0, 0, 4, 1, 0], [0, 3, 5, 5, 3, 7, 5, 4, 2, 8], [7, 3, 2, 9, 1, 3, 8, 8, 5, 0], [1, 1, 0, 0, 2, 3, 6, 0, 8, 0], [7, 7, 6, 8, 6, 7, 9, 9, 7, 6], [4, 7, 0, 3, 2, 8, 1, 7, 8, 1], [7, 1, 7, 0, 8, 3, 8, 2, 2, 0], [6, 9, 4, 9, 6, 5, 8, 3, 6, 9], [3, 1, 6, 0, 0, 6, 1, 0, 3, 3], [3, 5, 3, 8, 5, 3, 9, 6, 5, 5], [1, 1, 6, 5, 2, 1, 7, 5, 1, 2], [6, 6, 9, 8, 2, 9, 9, 5, 9, 5], [6, 8, 8, 8, 7, 3, 2, 0, 4, 4], [9, 8, 4, 4, 0, 4, 7, 5, 0, 4], [5, 4, 3, 1, 2, 4, 5, 8, 1, 8], [1, 0, 5, 6, 3, 7, 9, 4, 0, 5], [0, 3, 5, 9, 0, 5, 8, 4, 1, 7], [8, 1, 6, 6, 8, 3, 2, 2, 5, 3], [6, 9, 1, 2, 7, 8, 2, 8, 0, 9], [0, 0, 0, 5, 8, 8, 3, 7, 6, 5], [7, 8, 5, 8, 4, 0, 4, 8, 5, 6], [6, 2, 3, 5, 7, 4, 4, 0, 6, 5], [2, 4, 5, 2, 8, 6, 5, 8, 4, 4], [4, 2, 1, 3, 2, 4, 8, 5, 4, 8], [8, 5, 2, 5, 0, 5, 5, 3, 2, 1], [3, 0, 5, 0, 6, 7, 8, 5, 8, 3], [0, 7, 7, 0, 6, 4, 8, 6, 0, 8]]
Maintenance cost in each period m: 
[7556, 5416, 6241, 4090, 7968, 4795, 7229, 5482, 5235, 6443]
Maximum capacity of the machine cmax: 
4900