Set of periods in the planning horizon T: 
5
Set of products P: 
20
Capacity reduction coefficient alpha: 
0.8
Relative decrease of capacity per set up gamma: 
0.38
Capacity reduction coefficient due to product types beta: 
[0.32, 0.33, 0.35, 0.25, 0.22, 0.29, 0.36, 0.26, 0.21, 0.21, 0.33, 0.3, 0.32, 0.34, 0.28, 0.39, 0.24, 0.23, 0.35, 0.26]
Fixed production cost of each product in each period f: 
[[530, 622, 924, 819, 622], [752, 935, 578, 891, 842], [870, 754, 852, 743, 741], [836, 548, 781, 760, 887], [529, 860, 620, 660, 698], [610, 600, 786, 679, 615], [903, 952, 857, 607, 727], [743, 588, 708, 506, 804], [986, 938, 583, 500, 547], [609, 843, 852, 530, 735], [625, 847, 803, 981, 661], [940, 685, 925, 928, 609], [624, 873, 695, 775, 508], [890, 509, 739, 887, 882], [741, 665, 859, 602, 532], [532, 696, 552, 803, 784], [687, 784, 889, 644, 719], [674, 694, 551, 715, 748], [798, 644, 663, 580, 935], [762, 786, 806, 917, 503]]
Variable production cost per unit of each product in each period p: 
[[10, 11, 13, 10, 12], [10, 11, 10, 10, 13], [12, 12, 11, 13, 11], [12, 10, 12, 13, 12], [13, 13, 10, 12, 13], [10, 12, 11, 13, 13], [12, 12, 10, 12, 10], [13, 13, 10, 12, 11], [10, 12, 12, 12, 12], [13, 11, 12, 11, 12], [12, 13, 11, 11, 10], [10, 13, 11, 10, 13], [11, 12, 12, 13, 10], [10, 11, 10, 13, 10], [12, 11, 12, 10, 10], [13, 13, 12, 13, 13], [13, 11, 13, 11, 13], [13, 13, 13, 10, 11], [13, 11, 10, 10, 10], [10, 13, 13, 10, 13]]
Inventory holding cost per unit of each product by the end of each period h: 
[[9, 6, 5, 6, 6], [7, 5, 6, 8, 8], [6, 9, 7, 7, 5], [5, 6, 7, 7, 5], [7, 7, 7, 6, 8], [7, 9, 7, 6, 8], [6, 5, 5, 6, 6], [5, 8, 8, 7, 7], [7, 6, 8, 8, 5], [6, 5, 7, 6, 8], [6, 6, 9, 7, 6], [7, 6, 9, 7, 7], [9, 5, 6, 6, 6], [8, 8, 5, 6, 8], [5, 9, 7, 9, 9], [5, 5, 8, 8, 5], [7, 8, 8, 9, 5], [5, 9, 5, 8, 5], [6, 9, 6, 6, 9], [8, 8, 9, 6, 7]]
Demand for each product in each period d: 
[[24, 16, 33, 33, 34], [37, 6, 35, 12, 37], [20, 10, 20, 3, 49], [0, 6, 0, 3, 5], [26, 15, 0, 9, 7], [28, 10, 14, 16, 7], [12, 9, 5, 19, 2], [26, 6, 13, 3, 1], [0, 5, 4, 3, 2], [6, 9, 4, 0, 6], [7, 0, 0, 7, 6], [0, 3, 3, 1, 8], [3, 1, 3, 3, 0], [8, 1, 0, 4, 6], [8, 1, 1, 3, 9], [0, 9, 2, 0, 4], [6, 8, 0, 2, 6], [9, 2, 3, 2, 9], [3, 6, 5, 0, 5], [0, 2, 0, 2, 0]]
Maintenance cost in each period m: 
[1700, 4376, 5195, 5018, 4857]
Maximum capacity of the machine cmax: 
840