Set of periods in the planning horizon T: 
25
Set of products P: 
100
Capacity reduction coefficient alpha: 
0.8
Relative decrease of capacity per set up gamma: 
0.29
Capacity reduction coefficient due to product types beta: 
[0.27, 0.31, 0.26, 0.37, 0.38, 0.35, 0.26, 0.36, 0.37, 0.28, 0.26, 0.38, 0.25, 0.36, 0.36, 0.32, 0.21, 0.2, 0.2, 0.35, 0.37, 0.26, 0.23, 0.27, 0.24, 0.2, 0.28, 0.34, 0.21, 0.39, 0.35, 0.24, 0.38, 0.36, 0.23, 0.34, 0.38, 0.26, 0.25, 0.31, 0.27, 0.29, 0.29, 0.25, 0.37, 0.27, 0.34, 0.34, 0.3, 0.33, 0.25, 0.2, 0.31, 0.32, 0.2, 0.39, 0.21, 0.36, 0.31, 0.21, 0.35, 0.21, 0.37, 0.25, 0.37, 0.4, 0.22, 0.32, 0.38, 0.33, 0.39, 0.23, 0.36, 0.31, 0.37, 0.32, 0.28, 0.4, 0.28, 0.36, 0.32, 0.2, 0.36, 0.27, 0.31, 0.25, 0.27, 0.35, 0.31, 0.34, 0.21, 0.26, 0.39, 0.27, 0.22, 0.32, 0.32, 0.4, 0.24, 0.29]
Fixed production cost of each product in each period f: 
[[766, 688, 942, 737, 860, 675, 955, 772, 682, 728, 642, 779, 799, 767, 730, 640, 617, 589, 845, 975, 911, 663, 526, 949, 924], [757, 719, 782, 568, 910, 648, 799, 508, 948, 967, 861, 932, 817, 890, 881, 865, 881, 867, 746, 514, 811, 561, 572, 947, 980], [787, 729, 802, 626, 717, 591, 964, 717, 895, 817, 861, 910, 909, 583, 827, 731, 757, 878, 633, 946, 688, 712, 790, 967, 951], [818, 643, 954, 604, 982, 518, 676, 952, 663, 566, 859, 523, 805, 560, 694, 617, 955, 583, 692, 725, 921, 882, 733, 809, 714], [941, 677, 566, 802, 559, 937, 913, 533, 979, 727, 682, 758, 786, 578, 893, 586, 683, 813, 908, 972, 570, 913, 791, 843, 601], [976, 682, 894, 843, 835, 954, 628, 803, 686, 566, 551, 693, 571, 961, 589, 658, 500, 563, 648, 789, 874, 767, 948, 948, 934], [688, 833, 839, 635, 628, 543, 577, 654, 812, 781, 877, 530, 659, 573, 515, 932, 526, 736, 894, 831, 973, 613, 856, 939, 727], [979, 580, 537, 764, 725, 527, 762, 598, 838, 898, 956, 650, 813, 692, 692, 904, 833, 685, 697, 694, 565, 729, 786, 510, 701], [904, 744, 694, 752, 919, 975, 695, 531, 961, 659, 980, 620, 731, 805, 511, 651, 537, 997, 995, 769, 963, 772, 710, 617, 608], [815, 907, 747, 740, 501, 524, 897, 557, 546, 681, 878, 769, 950, 790, 877, 633, 966, 710, 898, 981, 653, 750, 556, 644, 585], [844, 580, 789, 925, 677, 802, 526, 549, 555, 857, 598, 721, 537, 671, 876, 769, 636, 979, 703, 793, 640, 879, 871, 979, 582], [919, 549, 621, 895, 688, 676, 671, 671, 824, 552, 818, 953, 848, 886, 573, 546, 986, 516, 734, 520, 633, 856, 635, 925, 977], [933, 839, 752, 901, 934, 734, 772, 520, 863, 634, 558, 688, 852, 592, 991, 997, 550, 663, 765, 923, 585, 932, 564, 841, 803], [685, 518, 583, 770, 768, 505, 785, 664, 587, 824, 990, 881, 733, 940, 567, 606, 965, 759, 561, 867, 901, 788, 823, 927, 763], [948, 806, 764, 855, 532, 864, 852, 564, 520, 818, 950, 827, 889, 507, 540, 704, 614, 539, 502, 617, 834, 580, 934, 544, 947], [530, 776, 821, 868, 835, 694, 561, 850, 664, 854, 946, 930, 723, 948, 990, 708, 713, 884, 655, 924, 684, 587, 988, 878, 732], [932, 828, 588, 573, 523, 611, 710, 772, 552, 860, 731, 678, 706, 705, 877, 648, 538, 883, 805, 870, 524, 861, 520, 891, 772], [758, 974, 511, 583, 805, 568, 941, 925, 801, 614, 739, 501, 595, 932, 770, 764, 971, 754, 840, 853, 677, 811, 998, 658, 927], [593, 959, 953, 625, 576, 998, 942, 658, 606, 940, 771, 897, 587, 980, 901, 806, 821, 750, 845, 977, 570, 870, 665, 996, 573], [820, 806, 554, 561, 981, 564, 828, 631, 950, 755, 892, 625, 721, 684, 623, 885, 700, 680, 691, 698, 734, 785, 516, 829, 534], [696, 728, 893, 504, 907, 632, 833, 514, 890, 500, 925, 976, 900, 719, 803, 978, 694, 609, 688, 667, 895, 853, 555, 986, 979], [926, 726, 609, 503, 566, 591, 511, 608, 732, 655, 587, 582, 735, 845, 550, 863, 540, 586, 866, 584, 513, 511, 511, 767, 708], [597, 875, 598, 581, 656, 827, 583, 581, 556, 843, 857, 601, 683, 544, 836, 663, 918, 718, 766, 535, 743, 894, 986, 637, 764], [774, 627, 738, 501, 822, 665, 993, 850, 681, 923, 975, 807, 731, 950, 970, 767, 987, 704, 599, 640, 788, 573, 618, 753, 839], [986, 860, 867, 564, 910, 852, 835, 841, 556, 574, 666, 580, 879, 712, 876, 908, 703, 802, 578, 522, 686, 602, 562, 792, 744], [704, 639, 811, 809, 535, 794, 788, 543, 802, 661, 590, 828, 850, 511, 679, 775, 827, 713, 824, 872, 622, 831, 945, 591, 597], [904, 545, 611, 766, 521, 601, 515, 532, 811, 858, 763, 661, 946, 767, 951, 686, 500, 573, 952, 930, 809, 760, 797, 922, 901], [608, 862, 676, 689, 996, 888, 572, 692, 969, 596, 779, 622, 758, 630, 708, 633, 676, 642, 660, 953, 810, 689, 989, 975, 769], [637, 609, 619, 940, 619, 691, 532, 686, 674, 630, 953, 675, 836, 714, 824, 513, 888, 709, 886, 621, 767, 638, 518, 680, 504], [513, 524, 618, 587, 832, 523, 706, 592, 927, 855, 704, 892, 725, 685, 689, 580, 756, 505, 905, 581, 843, 528, 630, 764, 656], [741, 629, 932, 779, 617, 693, 651, 830, 967, 726, 938, 753, 862, 641, 785, 614, 863, 509, 509, 582, 772, 746, 723, 657, 727], [560, 625, 768, 820, 738, 636, 608, 555, 541, 690, 907, 977, 790, 802, 625, 661, 539, 605, 611, 526, 918, 664, 627, 609, 613], [826, 569, 566, 842, 658, 813, 691, 593, 750, 843, 883, 521, 833, 909, 735, 551, 933, 954, 540, 708, 848, 641, 896, 943, 702], [915, 772, 774, 569, 545, 793, 960, 851, 765, 963, 908, 943, 743, 592, 923, 684, 523, 628, 693, 516, 527, 777, 780, 929, 893], [553, 907, 765, 759, 606, 867, 989, 511, 839, 723, 690, 836, 658, 537, 598, 942, 986, 739, 769, 804, 769, 851, 847, 682, 969], [848, 975, 698, 873, 744, 747, 690, 756, 795, 824, 743, 899, 676, 665, 525, 536, 630, 661, 691, 559, 887, 684, 859, 856, 894], [691, 542, 925, 577, 857, 516, 661, 511, 773, 518, 683, 944, 539, 550, 554, 748, 846, 522, 574, 765, 633, 596, 697, 600, 613], [919, 768, 982, 758, 832, 908, 561, 959, 617, 840, 838, 871, 799, 597, 769, 942, 812, 815, 942, 854, 967, 627, 513, 801, 632], [728, 515, 570, 891, 696, 952, 582, 699, 752, 879, 937, 924, 934, 757, 802, 863, 853, 985, 721, 585, 624, 858, 738, 604, 631], [738, 710, 692, 766, 971, 727, 547, 877, 819, 616, 723, 669, 693, 537, 646, 573, 994, 846, 688, 971, 655, 559, 807, 608, 671], [602, 875, 513, 844, 614, 595, 724, 533, 704, 512, 991, 856, 894, 991, 644, 682, 801, 823, 632, 525, 858, 609, 894, 548, 999], [916, 643, 944, 769, 849, 607, 855, 775, 893, 576, 628, 704, 558, 596, 759, 948, 800, 568, 770, 617, 725, 919, 837, 857, 849], [555, 927, 949, 782, 990, 675, 994, 900, 566, 836, 531, 580, 736, 608, 804, 939, 794, 672, 690, 830, 938, 966, 899, 826, 713], [678, 501, 589, 591, 727, 817, 553, 670, 807, 953, 777, 651, 686, 557, 589, 856, 940, 720, 590, 615, 767, 983, 792, 509, 823], [618, 903, 699, 963, 740, 925, 543, 547, 695, 957, 913, 702, 879, 553, 556, 877, 586, 866, 973, 921, 972, 564, 550, 829, 913], [699, 868, 609, 657, 559, 570, 646, 804, 819, 907, 624, 566, 793, 925, 822, 864, 974, 875, 513, 934, 734, 728, 659, 892, 607], [669, 591, 773, 937, 904, 924, 981, 977, 597, 595, 782, 572, 771, 537, 810, 841, 750, 634, 997, 513, 895, 672, 593, 838, 637], [506, 899, 501, 876, 825, 735, 523, 992, 548, 599, 663, 623, 837, 841, 561, 635, 767, 638, 797, 520, 596, 562, 766, 506, 883], [999, 918, 676, 538, 816, 592, 974, 873, 942, 714, 896, 978, 947, 648, 961, 504, 683, 604, 627, 811, 949, 963, 629, 505, 961], [533, 585, 542, 576, 809, 746, 610, 522, 645, 792, 543, 833, 986, 908, 749, 980, 553, 710, 831, 806, 764, 590, 715, 973, 516], [562, 960, 511, 604, 768, 744, 732, 876, 782, 979, 660, 638, 990, 604, 896, 858, 822, 804, 818, 643, 678, 839, 542, 774, 738], [829, 586, 558, 886, 920, 888, 695, 740, 631, 700, 970, 713, 795, 541, 741, 658, 995, 531, 754, 698, 556, 688, 864, 902, 739], [566, 705, 543, 759, 674, 825, 655, 904, 744, 636, 550, 883, 650, 984, 669, 849, 703, 557, 904, 711, 834, 629, 953, 608, 839], [747, 910, 782, 790, 601, 587, 672, 632, 521, 769, 835, 675, 710, 820, 761, 630, 608, 527, 847, 680, 837, 750, 635, 771, 923], [893, 628, 502, 506, 517, 927, 612, 852, 523, 933, 737, 567, 682, 787, 858, 625, 570, 832, 627, 695, 727, 602, 671, 608, 562], [827, 543, 915, 517, 689, 833, 567, 669, 780, 888, 887, 698, 599, 903, 658, 510, 674, 838, 508, 888, 546, 848, 519, 557, 639], [657, 679, 613, 939, 669, 649, 641, 693, 834, 742, 888, 981, 903, 618, 976, 843, 674, 846, 658, 842, 712, 869, 607, 992, 794], [971, 868, 563, 904, 575, 780, 662, 833, 926, 668, 611, 920, 863, 647, 889, 798, 886, 888, 941, 772, 665, 753, 985, 725, 987], [764, 667, 787, 565, 623, 705, 926, 870, 947, 585, 561, 606, 850, 864, 880, 652, 710, 907, 895, 523, 955, 641, 996, 708, 916], [683, 874, 831, 646, 645, 944, 856, 821, 740, 659, 832, 529, 508, 749, 775, 655, 680, 985, 802, 830, 994, 850, 669, 979, 946], [585, 606, 684, 673, 955, 671, 585, 661, 680, 651, 852, 923, 604, 585, 742, 952, 645, 636, 555, 706, 544, 859, 860, 523, 903], [718, 511, 607, 636, 619, 587, 783, 941, 971, 669, 715, 547, 505, 670, 557, 889, 589, 815, 693, 698, 873, 995, 957, 518, 954], [833, 905, 647, 961, 928, 605, 833, 764, 894, 562, 767, 569, 611, 874, 732, 715, 537, 893, 848, 524, 805, 654, 522, 537, 681], [941, 952, 817, 985, 978, 960, 621, 781, 529, 975, 534, 791, 649, 633, 574, 841, 914, 508, 866, 805, 543, 620, 572, 657, 873], [659, 680, 867, 595, 999, 941, 899, 539, 552, 609, 518, 835, 606, 856, 959, 505, 944, 848, 672, 587, 631, 775, 875, 613, 903], [803, 567, 762, 613, 768, 602, 731, 879, 841, 761, 821, 651, 818, 758, 819, 736, 511, 794, 836, 842, 875, 867, 603, 970, 502], [516, 575, 877, 504, 928, 858, 530, 588, 677, 869, 942, 559, 903, 762, 625, 614, 911, 804, 639, 586, 500, 861, 743, 616, 843], [672, 838, 687, 582, 892, 831, 796, 509, 690, 842, 612, 934, 757, 570, 677, 704, 843, 805, 686, 993, 657, 813, 716, 936, 944], [591, 723, 615, 804, 724, 605, 783, 658, 761, 896, 934, 610, 763, 661, 560, 667, 538, 705, 586, 659, 543, 530, 961, 932, 798], [794, 871, 680, 837, 978, 551, 757, 504, 675, 833, 660, 672, 966, 701, 918, 656, 675, 858, 952, 826, 779, 596, 566, 818, 723], [928, 530, 751, 953, 872, 601, 787, 976, 766, 953, 943, 849, 784, 550, 994, 651, 675, 585, 961, 509, 753, 963, 565, 540, 764], [816, 728, 518, 802, 738, 959, 750, 561, 697, 766, 938, 762, 947, 526, 685, 515, 641, 715, 757, 944, 557, 924, 803, 971, 680], [616, 763, 665, 820, 742, 628, 842, 536, 864, 786, 660, 728, 827, 696, 974, 899, 568, 598, 984, 547, 588, 843, 748, 530, 622], [661, 711, 590, 690, 775, 537, 873, 642, 825, 822, 961, 654, 597, 840, 687, 526, 650, 684, 960, 556, 731, 794, 976, 871, 786], [702, 683, 539, 819, 695, 553, 599, 927, 675, 579, 883, 768, 962, 674, 598, 994, 772, 691, 946, 526, 909, 964, 570, 582, 703], [659, 545, 730, 803, 655, 838, 941, 520, 883, 807, 909, 779, 771, 640, 766, 573, 962, 881, 969, 974, 836, 704, 562, 963, 713], [770, 769, 772, 951, 517, 835, 929, 686, 557, 675, 694, 581, 649, 652, 516, 701, 938, 802, 659, 571, 819, 584, 602, 552, 699], [793, 731, 595, 960, 554, 666, 519, 898, 728, 503, 628, 714, 834, 935, 779, 627, 854, 896, 634, 551, 925, 748, 546, 909, 631], [727, 904, 937, 500, 714, 589, 722, 566, 903, 906, 644, 649, 584, 867, 782, 865, 802, 595, 848, 617, 538, 530, 780, 694, 820], [696, 945, 824, 926, 624, 610, 809, 674, 781, 696, 908, 672, 823, 542, 737, 602, 533, 959, 954, 885, 562, 701, 845, 734, 675], [599, 668, 782, 685, 662, 823, 778, 964, 683, 716, 825, 767, 525, 976, 674, 814, 783, 933, 688, 843, 976, 600, 537, 748, 653], [584, 808, 918, 783, 610, 826, 955, 592, 952, 791, 878, 965, 571, 604, 958, 567, 950, 691, 961, 551, 656, 859, 535, 903, 620], [685, 900, 636, 697, 927, 570, 765, 614, 596, 707, 587, 827, 828, 909, 652, 593, 608, 642, 922, 745, 559, 949, 904, 777, 681], [932, 502, 823, 513, 550, 579, 612, 974, 561, 701, 866, 578, 516, 953, 854, 506, 768, 630, 722, 810, 746, 525, 861, 899, 513], [930, 761, 744, 944, 613, 664, 973, 746, 924, 641, 501, 546, 638, 698, 732, 634, 951, 557, 693, 922, 682, 830, 555, 636, 640], [706, 863, 778, 848, 939, 984, 676, 711, 736, 909, 834, 982, 772, 914, 690, 773, 809, 942, 501, 891, 541, 560, 738, 793, 945], [566, 736, 518, 631, 892, 908, 855, 763, 562, 766, 859, 957, 752, 586, 899, 797, 773, 549, 638, 705, 560, 740, 888, 531, 682], [599, 722, 732, 511, 972, 950, 644, 905, 505, 895, 916, 849, 680, 612, 948, 963, 991, 524, 877, 760, 509, 686, 699, 592, 520], [726, 763, 902, 597, 907, 646, 802, 913, 973, 648, 641, 899, 594, 551, 816, 689, 739, 781, 904, 929, 571, 561, 630, 959, 916], [857, 809, 718, 528, 600, 952, 509, 534, 719, 565, 667, 509, 924, 820, 725, 841, 907, 824, 779, 988, 752, 958, 874, 527, 602], [874, 771, 633, 684, 879, 724, 590, 610, 895, 758, 828, 948, 569, 973, 623, 654, 923, 832, 672, 890, 528, 922, 868, 517, 736], [611, 650, 891, 863, 893, 675, 674, 839, 582, 500, 523, 967, 959, 957, 608, 762, 781, 815, 930, 809, 620, 606, 791, 916, 702], [610, 990, 964, 917, 669, 748, 568, 720, 944, 652, 541, 720, 678, 874, 869, 578, 714, 753, 978, 886, 968, 604, 719, 518, 887], [639, 606, 687, 594, 737, 612, 554, 536, 580, 724, 989, 877, 509, 527, 585, 901, 546, 951, 831, 941, 786, 989, 863, 502, 629], [985, 860, 796, 783, 915, 731, 959, 607, 857, 902, 776, 619, 987, 990, 693, 576, 566, 570, 571, 654, 643, 547, 608, 949, 898], [847, 623, 597, 589, 577, 945, 657, 754, 687, 563, 828, 970, 741, 701, 821, 829, 939, 649, 991, 870, 883, 584, 754, 875, 676], [739, 533, 910, 805, 776, 610, 539, 705, 717, 541, 696, 974, 516, 655, 612, 737, 864, 817, 761, 933, 878, 684, 573, 773, 700], [572, 956, 813, 680, 655, 536, 750, 511, 567, 986, 539, 532, 911, 922, 845, 682, 512, 621, 879, 762, 683, 825, 539, 767, 507], [917, 713, 862, 841, 953, 577, 668, 571, 953, 625, 799, 658, 948, 716, 893, 907, 635, 837, 658, 767, 738, 807, 711, 826, 920], [854, 915, 824, 933, 983, 959, 833, 638, 522, 887, 914, 506, 574, 730, 645, 914, 689, 894, 790, 544, 534, 994, 901, 821, 635]]
Variable production cost per unit of each product in each period p: 
[[11, 11, 12, 12, 12, 12, 12, 10, 13, 12, 11, 11, 12, 10, 11, 13, 13, 13, 10, 10, 13, 12, 12, 11, 13], [13, 13, 13, 12, 12, 11, 11, 13, 11, 12, 11, 10, 12, 10, 13, 13, 10, 11, 10, 10, 11, 13, 11, 13, 13], [10, 12, 10, 11, 13, 10, 13, 13, 11, 12, 12, 10, 11, 10, 10, 11, 11, 10, 11, 13, 10, 12, 11, 11, 12], [10, 10, 11, 11, 13, 11, 13, 12, 11, 11, 13, 13, 13, 12, 10, 10, 11, 11, 11, 12, 11, 10, 13, 13, 12], [11, 10, 12, 13, 10, 10, 11, 12, 10, 10, 13, 12, 10, 13, 11, 12, 12, 13, 11, 12, 11, 13, 13, 10, 13], [11, 12, 10, 13, 11, 12, 12, 10, 10, 11, 13, 11, 13, 10, 12, 10, 11, 13, 13, 10, 13, 10, 10, 12, 12], [10, 10, 12, 13, 13, 13, 12, 12, 13, 13, 11, 12, 11, 12, 13, 13, 12, 12, 13, 12, 12, 10, 13, 13, 10], [10, 13, 11, 10, 10, 10, 10, 10, 12, 10, 10, 13, 13, 11, 11, 13, 11, 11, 13, 11, 11, 13, 11, 11, 12], [12, 10, 11, 12, 13, 13, 12, 13, 13, 10, 13, 12, 10, 12, 12, 12, 13, 10, 13, 11, 10, 11, 10, 10, 13], [13, 13, 11, 11, 12, 12, 10, 11, 12, 13, 11, 12, 12, 11, 10, 13, 11, 11, 13, 10, 12, 10, 13, 13, 12], [12, 12, 12, 12, 13, 13, 13, 10, 10, 13, 12, 13, 10, 11, 10, 13, 12, 12, 10, 10, 10, 10, 11, 10, 12], [12, 11, 11, 13, 10, 12, 10, 13, 11, 12, 10, 12, 13, 12, 13, 10, 13, 12, 11, 12, 10, 10, 11, 11, 13], [13, 12, 13, 11, 12, 12, 10, 12, 11, 11, 11, 11, 11, 12, 13, 13, 11, 11, 10, 13, 10, 13, 10, 11, 13], [10, 12, 10, 13, 13, 11, 12, 10, 12, 11, 10, 10, 11, 12, 12, 13, 13, 11, 12, 13, 12, 10, 12, 10, 13], [10, 13, 12, 11, 13, 12, 11, 13, 10, 12, 12, 13, 12, 12, 11, 13, 11, 12, 12, 12, 10, 12, 13, 11, 10], [10, 11, 11, 11, 11, 10, 11, 12, 11, 13, 13, 10, 12, 10, 11, 12, 10, 13, 11, 12, 11, 10, 11, 11, 13], [11, 10, 10, 12, 13, 13, 13, 12, 10, 10, 11, 13, 10, 11, 10, 12, 13, 13, 12, 11, 10, 10, 13, 10, 12], [10, 11, 11, 10, 12, 11, 11, 13, 13, 11, 10, 10, 13, 11, 11, 11, 10, 10, 11, 11, 11, 10, 10, 10, 10], [11, 11, 12, 13, 10, 10, 13, 13, 11, 13, 12, 10, 12, 10, 13, 12, 10, 12, 12, 13, 12, 13, 12, 10, 12], [11, 11, 10, 11, 11, 11, 13, 12, 13, 13, 13, 12, 10, 10, 12, 11, 12, 10, 10, 10, 11, 12, 12, 10, 12], [11, 10, 13, 12, 10, 12, 12, 11, 12, 10, 12, 12, 13, 10, 10, 11, 12, 13, 12, 10, 12, 12, 10, 12, 10], [10, 10, 11, 12, 13, 13, 12, 13, 11, 12, 11, 10, 13, 13, 10, 11, 10, 12, 10, 10, 11, 11, 10, 10, 13], [12, 13, 13, 11, 13, 10, 12, 12, 10, 10, 12, 13, 10, 13, 10, 12, 12, 11, 11, 10, 13, 11, 10, 12, 13], [10, 10, 12, 12, 13, 12, 11, 11, 13, 10, 13, 13, 12, 10, 13, 10, 11, 10, 13, 12, 11, 11, 10, 12, 12], [12, 11, 11, 12, 13, 11, 12, 11, 11, 12, 10, 11, 10, 12, 12, 10, 11, 11, 11, 12, 11, 10, 10, 12, 11], [11, 12, 12, 12, 12, 13, 11, 11, 13, 12, 10, 13, 13, 11, 12, 12, 10, 10, 12, 11, 12, 10, 10, 12, 11], [12, 11, 12, 12, 12, 11, 13, 11, 10, 11, 10, 10, 11, 12, 12, 12, 10, 13, 13, 13, 11, 13, 11, 12, 10], [13, 12, 10, 10, 12, 13, 13, 13, 13, 10, 11, 12, 13, 10, 10, 10, 13, 10, 13, 10, 11, 11, 10, 13, 13], [10, 11, 12, 10, 13, 13, 11, 10, 10, 11, 10, 11, 10, 13, 10, 11, 13, 12, 10, 11, 10, 11, 10, 10, 12], [13, 13, 13, 11, 11, 10, 12, 12, 12, 11, 10, 11, 11, 12, 13, 12, 10, 10, 12, 11, 12, 10, 10, 12, 11], [13, 12, 10, 11, 12, 11, 11, 10, 13, 10, 13, 11, 12, 10, 13, 12, 11, 12, 12, 10, 11, 10, 10, 13, 12], [11, 12, 11, 11, 10, 13, 10, 11, 13, 11, 12, 12, 10, 13, 11, 10, 11, 10, 13, 12, 13, 13, 12, 10, 12], [12, 11, 10, 10, 12, 11, 11, 11, 13, 11, 10, 10, 11, 11, 13, 13, 12, 13, 13, 10, 12, 13, 13, 11, 13], [13, 13, 11, 10, 13, 12, 13, 10, 11, 11, 10, 13, 11, 10, 13, 10, 12, 11, 13, 12, 13, 13, 10, 13, 11], [11, 12, 13, 12, 10, 10, 11, 12, 10, 10, 12, 12, 12, 12, 10, 13, 11, 12, 13, 13, 13, 13, 11, 11, 13], [12, 10, 11, 12, 10, 13, 11, 12, 12, 10, 10, 10, 10, 10, 12, 13, 13, 11, 11, 12, 13, 10, 11, 12, 12], [12, 12, 10, 12, 13, 10, 12, 11, 10, 10, 12, 12, 12, 10, 12, 10, 13, 10, 13, 10, 10, 10, 11, 12, 11], [10, 11, 12, 11, 10, 13, 11, 12, 13, 12, 12, 12, 10, 12, 12, 12, 13, 12, 11, 12, 11, 11, 10, 12, 13], [12, 13, 11, 10, 11, 10, 11, 10, 13, 10, 12, 13, 10, 11, 10, 10, 11, 12, 11, 13, 13, 10, 12, 13, 11], [11, 13, 13, 12, 13, 11, 10, 11, 12, 13, 12, 10, 11, 12, 11, 12, 13, 12, 11, 11, 13, 12, 10, 13, 13], [11, 12, 12, 13, 13, 13, 10, 10, 11, 11, 13, 10, 11, 10, 10, 11, 11, 12, 12, 13, 11, 13, 12, 10, 13], [10, 12, 12, 13, 10, 11, 12, 12, 12, 12, 10, 12, 10, 10, 11, 13, 10, 10, 11, 11, 10, 13, 12, 12, 11], [12, 12, 13, 13, 10, 12, 11, 12, 11, 11, 13, 11, 10, 11, 12, 13, 13, 13, 12, 10, 12, 11, 13, 10, 11], [12, 10, 11, 13, 10, 12, 13, 12, 11, 10, 13, 13, 10, 11, 10, 13, 11, 10, 12, 13, 12, 10, 12, 11, 11], [13, 12, 13, 10, 11, 11, 11, 12, 11, 13, 12, 10, 13, 10, 12, 11, 10, 13, 13, 10, 10, 11, 10, 12, 10], [10, 11, 12, 10, 11, 11, 13, 11, 10, 12, 10, 13, 12, 10, 13, 10, 10, 11, 13, 12, 10, 10, 10, 12, 11], [10, 13, 11, 13, 13, 11, 11, 10, 13, 13, 11, 13, 11, 10, 13, 11, 10, 12, 10, 11, 12, 10, 13, 13, 10], [13, 13, 12, 11, 13, 11, 12, 10, 11, 10, 11, 13, 13, 11, 13, 10, 10, 10, 12, 12, 11, 11, 10, 13, 12], [12, 13, 11, 10, 10, 11, 11, 12, 13, 12, 13, 12, 13, 13, 12, 11, 13, 12, 12, 10, 12, 13, 11, 11, 13], [11, 11, 13, 10, 13, 12, 13, 12, 10, 13, 13, 11, 11, 12, 12, 12, 10, 10, 11, 11, 12, 10, 10, 11, 10], [12, 10, 10, 11, 11, 13, 12, 13, 10, 10, 13, 13, 11, 13, 12, 13, 13, 13, 10, 12, 10, 12, 11, 10, 13], [10, 11, 11, 10, 13, 13, 10, 10, 11, 10, 12, 12, 12, 10, 11, 10, 10, 10, 11, 13, 10, 11, 10, 10, 13], [10, 10, 11, 13, 11, 12, 13, 11, 11, 12, 12, 11, 10, 10, 11, 11, 10, 12, 12, 13, 11, 13, 13, 13, 12], [11, 12, 11, 12, 11, 10, 10, 12, 10, 11, 13, 12, 11, 12, 13, 13, 12, 12, 12, 10, 12, 11, 13, 12, 10], [10, 11, 12, 13, 12, 12, 13, 12, 11, 12, 11, 11, 10, 10, 10, 11, 13, 11, 10, 13, 11, 12, 13, 10, 10], [10, 10, 11, 11, 13, 11, 13, 10, 11, 10, 12, 10, 11, 10, 11, 13, 10, 11, 10, 11, 13, 13, 10, 12, 10], [10, 13, 13, 10, 12, 10, 11, 11, 10, 12, 13, 10, 13, 12, 12, 10, 13, 13, 12, 10, 11, 12, 11, 11, 12], [11, 13, 10, 11, 11, 11, 10, 13, 12, 12, 11, 11, 11, 13, 13, 10, 13, 10, 13, 12, 10, 12, 12, 11, 10], [11, 10, 13, 12, 12, 11, 10, 13, 10, 11, 10, 13, 12, 10, 10, 13, 12, 13, 12, 12, 11, 12, 13, 10, 11], [11, 11, 13, 11, 12, 13, 11, 13, 10, 11, 12, 13, 11, 13, 12, 12, 10, 10, 13, 11, 13, 13, 10, 11, 10], [13, 10, 10, 12, 11, 13, 10, 13, 10, 12, 11, 12, 10, 13, 13, 13, 12, 12, 13, 11, 13, 11, 11, 11, 12], [10, 12, 13, 10, 10, 13, 13, 11, 10, 13, 13, 12, 12, 10, 12, 10, 12, 10, 13, 10, 10, 12, 12, 11, 11], [12, 13, 12, 12, 12, 11, 10, 13, 13, 11, 12, 11, 11, 11, 13, 13, 10, 11, 11, 11, 12, 10, 12, 12, 11], [11, 13, 12, 10, 13, 12, 13, 10, 12, 11, 12, 12, 13, 11, 13, 10, 13, 11, 11, 12, 13, 11, 10, 12, 11], [13, 11, 11, 10, 12, 11, 13, 10, 13, 12, 10, 11, 12, 13, 10, 12, 13, 10, 13, 11, 12, 11, 12, 12, 12], [12, 12, 13, 13, 12, 11, 11, 11, 12, 10, 13, 11, 11, 10, 10, 10, 13, 10, 12, 11, 13, 10, 10, 10, 12], [13, 10, 12, 10, 12, 11, 10, 13, 12, 10, 12, 11, 13, 13, 10, 12, 11, 10, 12, 12, 11, 11, 13, 10, 12], [11, 13, 11, 12, 12, 13, 13, 12, 11, 13, 12, 12, 10, 12, 13, 13, 12, 10, 10, 12, 12, 13, 11, 13, 10], [11, 12, 10, 13, 13, 10, 10, 10, 12, 10, 12, 13, 10, 13, 13, 10, 11, 12, 10, 12, 11, 12, 10, 11, 11], [12, 10, 11, 10, 13, 13, 12, 11, 10, 10, 13, 10, 10, 12, 11, 11, 12, 11, 11, 12, 12, 11, 10, 13, 13], [10, 11, 13, 13, 13, 13, 13, 13, 12, 12, 13, 11, 12, 13, 10, 13, 10, 12, 10, 10, 10, 11, 11, 10, 13], [11, 13, 12, 13, 11, 13, 11, 11, 11, 10, 12, 12, 13, 12, 12, 10, 12, 10, 10, 11, 11, 12, 10, 13, 11], [11, 12, 13, 11, 10, 13, 13, 11, 10, 11, 11, 10, 11, 13, 11, 10, 12, 10, 11, 10, 10, 10, 12, 11, 13], [13, 10, 13, 12, 10, 11, 12, 11, 10, 12, 13, 13, 11, 10, 12, 12, 13, 11, 10, 10, 10, 10, 12, 12, 13], [12, 10, 12, 12, 13, 11, 11, 10, 10, 10, 13, 13, 13, 12, 13, 13, 13, 13, 11, 10, 10, 13, 11, 12, 10], [10, 13, 10, 11, 10, 10, 10, 12, 10, 10, 12, 12, 11, 12, 13, 13, 12, 12, 11, 12, 11, 13, 10, 13, 10], [10, 13, 13, 10, 12, 11, 11, 12, 11, 11, 11, 13, 12, 12, 11, 13, 12, 10, 10, 10, 11, 10, 11, 12, 13], [10, 10, 11, 13, 10, 11, 10, 12, 10, 10, 11, 12, 10, 11, 13, 10, 13, 11, 13, 12, 10, 13, 11, 11, 11], [13, 12, 10, 10, 13, 10, 13, 10, 13, 11, 12, 13, 13, 12, 12, 10, 13, 11, 11, 12, 12, 13, 10, 12, 11], [13, 12, 11, 10, 12, 11, 13, 10, 12, 10, 10, 12, 13, 10, 12, 12, 11, 10, 12, 12, 11, 10, 12, 13, 11], [10, 11, 12, 10, 13, 11, 13, 12, 13, 13, 12, 11, 10, 10, 10, 11, 12, 11, 11, 12, 13, 12, 12, 13, 10], [11, 13, 12, 12, 13, 12, 10, 10, 12, 10, 10, 12, 11, 13, 12, 11, 11, 13, 11, 13, 12, 13, 10, 13, 12], [13, 11, 13, 12, 11, 12, 13, 10, 10, 10, 10, 10, 10, 13, 13, 10, 13, 10, 11, 11, 13, 10, 13, 13, 10], [10, 11, 12, 12, 10, 12, 10, 11, 11, 10, 10, 12, 13, 11, 10, 10, 12, 10, 12, 12, 10, 13, 11, 12, 13], [11, 12, 11, 12, 10, 12, 13, 10, 13, 11, 10, 13, 10, 12, 12, 12, 11, 12, 11, 13, 12, 10, 13, 13, 12], [11, 13, 11, 13, 12, 12, 10, 11, 10, 13, 13, 12, 12, 12, 10, 12, 10, 10, 10, 11, 12, 11, 13, 11, 11], [11, 10, 10, 13, 10, 11, 13, 12, 12, 12, 10, 13, 11, 10, 12, 10, 12, 11, 13, 10, 12, 11, 11, 12, 12], [10, 10, 10, 12, 12, 10, 11, 12, 13, 11, 13, 13, 10, 11, 10, 11, 13, 13, 10, 13, 13, 12, 13, 10, 11], [12, 11, 13, 12, 11, 12, 13, 11, 10, 10, 10, 12, 10, 12, 12, 11, 10, 10, 10, 10, 11, 13, 12, 11, 13], [13, 11, 10, 13, 13, 11, 11, 11, 13, 11, 13, 12, 12, 10, 10, 13, 12, 10, 12, 10, 12, 12, 10, 10, 10], [13, 10, 10, 13, 12, 10, 12, 11, 11, 12, 12, 11, 13, 12, 13, 13, 12, 11, 12, 10, 13, 13, 13, 10, 12], [13, 11, 10, 10, 10, 12, 12, 11, 11, 11, 13, 12, 13, 10, 13, 12, 13, 11, 10, 12, 13, 10, 12, 13, 12], [10, 11, 13, 12, 11, 10, 13, 10, 13, 13, 12, 11, 12, 10, 12, 11, 13, 12, 12, 12, 10, 12, 13, 12, 12], [12, 11, 10, 13, 10, 13, 11, 10, 10, 10, 12, 10, 12, 10, 12, 11, 11, 10, 12, 10, 13, 12, 10, 12, 10], [12, 12, 13, 13, 13, 13, 13, 10, 10, 13, 12, 10, 12, 13, 12, 12, 11, 13, 11, 13, 10, 10, 12, 10, 11], [12, 13, 10, 12, 12, 13, 12, 11, 12, 13, 11, 13, 11, 11, 12, 12, 10, 12, 11, 11, 12, 10, 11, 12, 11], [13, 10, 13, 11, 12, 11, 12, 13, 11, 11, 12, 10, 10, 12, 10, 10, 11, 11, 10, 13, 11, 10, 10, 13, 13], [11, 11, 11, 11, 10, 11, 13, 11, 12, 11, 12, 10, 13, 10, 13, 13, 11, 13, 13, 13, 12, 13, 10, 11, 12], [10, 12, 11, 11, 13, 11, 13, 10, 11, 12, 13, 13, 13, 13, 11, 11, 11, 11, 10, 10, 10, 11, 12, 10, 12], [10, 13, 13, 12, 13, 13, 11, 11, 10, 12, 12, 12, 13, 13, 12, 10, 11, 12, 10, 11, 10, 13, 13, 10, 10]]
Inventory holding cost per unit of each product by the end of each period h: 
[[5, 9, 9, 5, 6, 7, 9, 6, 9, 5, 9, 6, 5, 9, 8, 7, 7, 9, 5, 7, 6, 9, 8, 5, 8], [8, 6, 9, 8, 8, 9, 9, 6, 5, 5, 5, 7, 9, 8, 5, 7, 8, 5, 7, 5, 9, 6, 8, 5, 8], [6, 9, 8, 6, 5, 9, 6, 7, 8, 7, 5, 8, 6, 7, 6, 8, 7, 7, 8, 9, 7, 9, 5, 6, 8], [6, 8, 8, 7, 9, 5, 9, 7, 6, 6, 6, 9, 5, 6, 8, 6, 8, 6, 5, 6, 9, 5, 7, 7, 9], [5, 9, 5, 9, 5, 7, 6, 5, 8, 6, 9, 8, 9, 7, 6, 6, 9, 7, 7, 7, 7, 8, 7, 5, 8], [9, 6, 8, 7, 6, 6, 6, 5, 8, 8, 8, 6, 5, 9, 6, 7, 8, 6, 9, 8, 7, 9, 8, 7, 6], [5, 8, 9, 7, 6, 9, 8, 6, 9, 6, 8, 7, 5, 7, 5, 8, 8, 7, 8, 5, 9, 6, 8, 7, 7], [6, 5, 7, 6, 8, 8, 7, 8, 5, 6, 5, 9, 7, 6, 9, 6, 5, 6, 8, 9, 5, 7, 9, 7, 6], [8, 9, 6, 5, 6, 9, 9, 5, 7, 7, 7, 8, 5, 7, 5, 6, 9, 9, 6, 5, 6, 5, 9, 6, 5], [6, 9, 7, 8, 6, 5, 5, 8, 5, 6, 9, 5, 8, 9, 9, 5, 7, 6, 5, 6, 5, 5, 5, 9, 5], [7, 6, 8, 8, 6, 9, 8, 6, 6, 9, 5, 7, 5, 8, 7, 9, 6, 6, 5, 5, 5, 6, 7, 5, 8], [5, 7, 6, 7, 6, 9, 8, 7, 6, 6, 9, 8, 8, 9, 6, 5, 6, 9, 6, 8, 5, 5, 6, 6, 5], [5, 5, 5, 9, 5, 8, 6, 9, 8, 9, 7, 5, 5, 7, 6, 5, 6, 9, 7, 7, 8, 6, 9, 7, 8], [7, 8, 9, 7, 8, 8, 5, 5, 8, 6, 6, 7, 8, 9, 8, 7, 9, 5, 9, 5, 6, 5, 5, 5, 9], [5, 9, 5, 7, 6, 5, 8, 6, 5, 8, 9, 9, 6, 6, 5, 6, 9, 9, 8, 8, 9, 6, 9, 6, 7], [6, 7, 7, 6, 5, 7, 7, 8, 7, 8, 5, 9, 9, 9, 9, 5, 8, 9, 9, 8, 8, 8, 8, 5, 6], [6, 7, 8, 9, 5, 7, 7, 8, 6, 8, 9, 5, 6, 9, 9, 9, 6, 7, 8, 5, 7, 8, 7, 8, 7], [9, 9, 5, 9, 5, 9, 9, 6, 8, 6, 8, 6, 6, 9, 8, 9, 9, 5, 8, 7, 6, 9, 5, 6, 5], [6, 5, 8, 6, 8, 6, 5, 9, 7, 6, 7, 9, 5, 5, 6, 6, 9, 6, 9, 7, 9, 8, 8, 7, 5], [9, 7, 8, 8, 8, 7, 5, 5, 7, 6, 9, 5, 9, 9, 5, 8, 6, 8, 8, 6, 8, 6, 5, 9, 8], [6, 5, 6, 9, 9, 5, 5, 5, 8, 9, 7, 5, 8, 9, 6, 5, 7, 7, 6, 8, 8, 8, 8, 8, 5], [7, 7, 8, 9, 8, 5, 5, 6, 6, 6, 7, 8, 9, 6, 9, 5, 8, 5, 7, 7, 7, 7, 8, 8, 5], [5, 7, 7, 8, 8, 8, 5, 5, 8, 9, 9, 6, 5, 7, 8, 7, 7, 7, 5, 9, 7, 7, 7, 9, 6], [8, 5, 8, 8, 8, 8, 5, 8, 6, 5, 6, 5, 9, 7, 8, 8, 5, 9, 6, 5, 7, 6, 7, 7, 9], [5, 9, 7, 5, 9, 7, 8, 9, 8, 8, 8, 6, 8, 8, 9, 8, 9, 8, 9, 6, 8, 9, 9, 5, 9], [5, 7, 8, 6, 8, 6, 9, 8, 9, 7, 5, 9, 7, 6, 6, 6, 9, 8, 8, 7, 5, 6, 6, 8, 7], [5, 8, 7, 6, 6, 5, 5, 5, 7, 5, 5, 7, 5, 8, 8, 7, 9, 6, 8, 6, 8, 7, 7, 9, 5], [5, 7, 9, 9, 9, 6, 6, 5, 7, 6, 6, 5, 7, 8, 9, 5, 8, 8, 5, 8, 8, 5, 8, 8, 9], [6, 5, 9, 8, 7, 7, 8, 7, 5, 5, 8, 6, 5, 7, 6, 9, 9, 6, 6, 5, 8, 8, 8, 7, 9], [9, 9, 7, 6, 5, 6, 9, 6, 6, 7, 8, 7, 9, 7, 7, 6, 9, 5, 7, 8, 5, 9, 8, 5, 6], [8, 7, 6, 9, 8, 7, 9, 5, 6, 6, 9, 7, 7, 5, 7, 8, 7, 6, 6, 7, 7, 5, 6, 8, 9], [8, 8, 6, 6, 7, 6, 7, 9, 5, 7, 7, 5, 8, 9, 6, 7, 6, 8, 5, 9, 8, 9, 6, 7, 9], [7, 7, 6, 6, 9, 7, 7, 5, 5, 6, 9, 8, 7, 7, 8, 9, 5, 6, 8, 5, 8, 9, 8, 8, 6], [6, 5, 5, 6, 6, 9, 5, 5, 8, 8, 9, 9, 5, 9, 9, 6, 6, 5, 9, 8, 9, 7, 5, 6, 9], [8, 7, 8, 9, 7, 7, 5, 7, 7, 9, 5, 7, 7, 8, 8, 7, 9, 7, 8, 8, 7, 9, 5, 5, 8], [7, 9, 5, 9, 9, 7, 5, 5, 6, 7, 8, 7, 9, 5, 7, 7, 7, 8, 7, 8, 9, 5, 8, 9, 7], [5, 8, 6, 9, 7, 8, 6, 5, 5, 5, 5, 7, 5, 7, 5, 6, 6, 7, 8, 6, 9, 7, 8, 5, 8], [8, 5, 8, 5, 7, 9, 6, 7, 7, 5, 8, 7, 5, 7, 6, 9, 5, 6, 7, 8, 9, 5, 8, 6, 9], [5, 9, 5, 8, 7, 5, 5, 8, 8, 6, 8, 9, 8, 6, 9, 5, 6, 8, 5, 5, 6, 5, 5, 8, 6], [6, 6, 6, 6, 6, 9, 8, 6, 8, 5, 5, 8, 5, 9, 5, 6, 6, 7, 7, 9, 8, 8, 5, 5, 7], [9, 5, 5, 8, 7, 9, 8, 8, 6, 9, 8, 8, 5, 5, 9, 8, 5, 6, 8, 5, 9, 5, 9, 8, 6], [6, 8, 9, 7, 5, 5, 5, 8, 6, 6, 6, 6, 9, 7, 6, 5, 6, 9, 5, 6, 6, 7, 6, 5, 8], [8, 7, 9, 8, 5, 7, 8, 8, 7, 7, 5, 7, 6, 5, 9, 8, 9, 8, 9, 8, 6, 7, 8, 8, 9], [5, 5, 5, 5, 9, 7, 6, 8, 7, 8, 6, 6, 7, 5, 6, 7, 7, 6, 6, 9, 6, 6, 8, 5, 5], [5, 5, 9, 5, 5, 9, 8, 6, 6, 7, 7, 7, 9, 8, 7, 6, 9, 7, 9, 5, 5, 9, 7, 6, 7], [8, 6, 5, 6, 7, 6, 5, 6, 6, 9, 5, 7, 7, 9, 7, 7, 7, 9, 9, 8, 7, 9, 5, 8, 9], [9, 8, 5, 9, 9, 9, 6, 9, 8, 6, 9, 5, 7, 9, 8, 9, 5, 5, 9, 7, 9, 5, 8, 8, 5], [6, 9, 8, 6, 5, 8, 7, 5, 5, 7, 6, 5, 8, 9, 9, 7, 5, 9, 7, 7, 7, 6, 7, 7, 8], [8, 9, 9, 9, 7, 5, 5, 9, 8, 6, 5, 9, 8, 9, 7, 6, 9, 9, 8, 6, 7, 5, 6, 8, 9], [9, 7, 5, 8, 7, 7, 5, 9, 6, 9, 8, 6, 8, 6, 8, 5, 8, 8, 6, 6, 5, 7, 7, 8, 9], [7, 5, 7, 6, 6, 8, 9, 5, 6, 9, 6, 7, 8, 9, 6, 6, 8, 6, 7, 9, 5, 6, 9, 6, 8], [6, 6, 5, 8, 5, 8, 8, 5, 5, 7, 9, 6, 7, 6, 8, 5, 7, 9, 6, 7, 6, 9, 6, 7, 6], [6, 5, 8, 5, 7, 7, 8, 7, 8, 7, 8, 7, 5, 9, 5, 5, 5, 8, 7, 9, 9, 9, 7, 9, 9], [6, 6, 7, 6, 6, 7, 8, 8, 6, 6, 7, 5, 7, 9, 6, 9, 6, 7, 5, 6, 8, 9, 5, 5, 5], [6, 7, 8, 7, 7, 6, 7, 6, 6, 6, 5, 6, 9, 5, 5, 6, 8, 7, 9, 5, 9, 9, 6, 8, 8], [9, 6, 6, 7, 7, 5, 5, 5, 9, 8, 8, 9, 8, 6, 9, 7, 9, 5, 6, 7, 6, 7, 6, 6, 8], [7, 9, 5, 9, 9, 7, 5, 9, 6, 5, 6, 5, 5, 9, 5, 5, 5, 6, 8, 7, 6, 9, 9, 8, 5], [5, 9, 7, 8, 9, 5, 6, 8, 5, 7, 8, 6, 6, 8, 5, 8, 6, 8, 7, 8, 5, 7, 7, 6, 8], [5, 6, 5, 6, 6, 8, 7, 9, 9, 6, 5, 6, 6, 8, 5, 8, 6, 7, 5, 5, 5, 6, 8, 6, 5], [9, 7, 9, 7, 8, 6, 6, 9, 9, 7, 5, 9, 9, 7, 6, 8, 9, 6, 9, 5, 7, 9, 7, 6, 9], [9, 7, 6, 6, 7, 5, 6, 7, 9, 5, 9, 6, 8, 5, 6, 6, 5, 5, 6, 5, 9, 6, 6, 8, 6], [9, 7, 8, 5, 9, 8, 7, 8, 7, 6, 9, 7, 8, 9, 6, 7, 6, 7, 5, 5, 6, 9, 8, 5, 5], [5, 8, 7, 9, 9, 6, 9, 8, 7, 5, 8, 8, 5, 6, 8, 9, 6, 6, 8, 8, 9, 7, 9, 6, 5], [5, 8, 6, 8, 9, 6, 8, 5, 8, 5, 5, 9, 5, 8, 8, 6, 5, 9, 8, 8, 5, 9, 7, 6, 6], [8, 5, 7, 8, 5, 8, 6, 6, 8, 8, 6, 9, 9, 7, 8, 9, 6, 7, 9, 6, 8, 5, 8, 9, 5], [5, 6, 5, 8, 6, 9, 6, 6, 6, 8, 5, 5, 9, 8, 8, 9, 7, 9, 9, 6, 9, 5, 6, 5, 5], [8, 6, 8, 9, 8, 9, 6, 9, 8, 8, 9, 5, 9, 9, 9, 6, 8, 7, 7, 8, 5, 9, 5, 5, 9], [8, 8, 6, 9, 5, 5, 9, 9, 9, 7, 9, 8, 7, 6, 5, 6, 6, 6, 9, 8, 8, 8, 7, 9, 6], [6, 6, 9, 8, 7, 9, 7, 9, 7, 6, 5, 9, 6, 6, 9, 7, 8, 5, 7, 7, 9, 8, 9, 8, 5], [5, 5, 5, 6, 9, 9, 9, 6, 6, 7, 5, 8, 6, 6, 9, 8, 5, 6, 6, 6, 9, 7, 6, 7, 6], [5, 9, 9, 9, 9, 5, 6, 5, 6, 6, 6, 8, 8, 5, 5, 6, 5, 9, 6, 6, 6, 8, 8, 8, 6], [6, 8, 8, 8, 6, 5, 7, 9, 7, 8, 6, 5, 8, 7, 8, 7, 8, 9, 6, 7, 8, 8, 9, 5, 6], [5, 7, 7, 9, 6, 6, 5, 9, 6, 6, 8, 5, 7, 5, 7, 9, 9, 9, 8, 7, 6, 6, 8, 6, 8], [5, 7, 7, 6, 9, 7, 7, 7, 5, 5, 8, 6, 5, 6, 6, 5, 8, 5, 7, 7, 5, 6, 6, 9, 9], [6, 7, 8, 9, 5, 5, 8, 5, 6, 6, 8, 6, 9, 9, 6, 9, 8, 6, 8, 6, 9, 5, 6, 9, 7], [6, 8, 5, 8, 5, 8, 8, 7, 8, 9, 7, 8, 8, 5, 7, 5, 6, 7, 8, 8, 7, 9, 9, 7, 8], [6, 6, 5, 5, 9, 5, 8, 6, 9, 6, 9, 5, 9, 5, 5, 9, 7, 5, 8, 6, 6, 9, 5, 6, 9], [5, 6, 8, 6, 9, 6, 8, 6, 6, 5, 8, 8, 9, 5, 5, 6, 7, 8, 7, 9, 9, 9, 6, 7, 9], [8, 7, 7, 6, 6, 8, 5, 6, 6, 7, 5, 7, 5, 7, 5, 9, 8, 8, 5, 7, 8, 6, 8, 7, 8], [6, 7, 5, 9, 5, 9, 7, 8, 9, 7, 8, 6, 8, 5, 9, 8, 7, 9, 7, 5, 9, 9, 5, 6, 6], [7, 5, 7, 7, 9, 5, 6, 6, 8, 7, 7, 6, 6, 9, 7, 9, 6, 5, 6, 6, 7, 8, 6, 5, 8], [8, 8, 8, 9, 5, 7, 7, 6, 9, 8, 8, 5, 8, 8, 5, 7, 7, 9, 8, 6, 7, 7, 7, 6, 6], [7, 6, 9, 9, 5, 7, 5, 6, 9, 5, 9, 5, 8, 9, 6, 5, 7, 9, 7, 9, 9, 8, 8, 5, 5], [8, 7, 9, 8, 6, 7, 9, 9, 9, 8, 9, 5, 8, 8, 5, 6, 9, 6, 5, 5, 8, 6, 6, 6, 5], [5, 7, 5, 7, 7, 6, 9, 8, 6, 8, 9, 8, 7, 6, 5, 7, 7, 9, 7, 8, 7, 6, 8, 9, 8], [9, 9, 7, 5, 6, 6, 7, 5, 5, 9, 7, 5, 7, 9, 8, 9, 8, 6, 6, 8, 5, 7, 7, 8, 7], [9, 5, 6, 9, 6, 8, 8, 6, 9, 7, 9, 8, 8, 7, 8, 8, 7, 7, 6, 8, 8, 6, 7, 8, 9], [8, 6, 6, 8, 9, 6, 7, 5, 8, 7, 5, 8, 7, 8, 7, 7, 7, 7, 6, 9, 6, 9, 8, 7, 5], [6, 6, 9, 9, 8, 7, 5, 6, 9, 8, 9, 8, 6, 9, 5, 8, 6, 9, 6, 6, 9, 8, 9, 5, 8], [5, 6, 9, 9, 6, 9, 5, 9, 7, 9, 6, 7, 9, 5, 7, 7, 8, 9, 7, 6, 6, 6, 6, 8, 7], [5, 8, 7, 6, 9, 5, 7, 5, 5, 5, 8, 5, 8, 7, 5, 9, 7, 9, 5, 8, 9, 9, 9, 8, 6], [6, 8, 9, 9, 8, 5, 5, 8, 7, 8, 9, 5, 5, 6, 6, 5, 5, 8, 9, 7, 6, 8, 8, 8, 8], [7, 6, 5, 8, 7, 7, 6, 5, 6, 9, 9, 6, 5, 5, 9, 6, 7, 6, 7, 9, 8, 7, 6, 8, 5], [8, 5, 9, 6, 8, 8, 9, 6, 8, 6, 8, 8, 8, 5, 9, 7, 9, 8, 7, 9, 8, 9, 9, 8, 5], [7, 5, 6, 8, 5, 7, 5, 8, 9, 9, 8, 8, 7, 6, 7, 7, 8, 5, 6, 6, 5, 8, 9, 6, 5], [6, 5, 7, 6, 7, 9, 7, 8, 5, 7, 9, 9, 8, 5, 5, 7, 9, 6, 7, 7, 9, 7, 7, 9, 5], [9, 9, 5, 9, 7, 9, 7, 8, 7, 9, 9, 6, 5, 9, 8, 7, 9, 7, 5, 5, 7, 5, 8, 6, 7], [7, 7, 6, 8, 6, 7, 7, 7, 5, 8, 9, 6, 5, 6, 9, 9, 7, 5, 8, 7, 7, 7, 9, 9, 9], [9, 9, 5, 5, 8, 5, 7, 5, 7, 6, 7, 5, 8, 6, 9, 7, 6, 6, 8, 6, 7, 7, 7, 9, 7], [6, 5, 6, 7, 7, 8, 9, 9, 8, 6, 5, 7, 7, 9, 6, 7, 8, 7, 9, 8, 8, 9, 8, 6, 5]]
Demand for each product in each period d: 
[[0, 15, 14, 0, 48, 6, 3, 36, 5, 0, 10, 9, 0, 29, 21, 27, 37, 44, 0, 24, 37, 39, 37, 21, 30], [43, 11, 46, 24, 45, 10, 37, 24, 13, 11, 38, 26, 37, 25, 26, 31, 5, 43, 49, 33, 25, 22, 44, 15, 10], [9, 44, 5, 28, 6, 0, 45, 42, 24, 9, 7, 40, 22, 14, 3, 49, 48, 14, 32, 0, 49, 11, 13, 39, 2], [43, 16, 34, 22, 43, 41, 30, 33, 49, 6, 0, 48, 0, 39, 1, 26, 46, 3, 2, 35, 26, 30, 46, 34, 25], [9, 24, 0, 2, 23, 29, 15, 37, 10, 11, 15, 43, 6, 42, 0, 0, 13, 10, 0, 19, 23, 36, 39, 21, 7], [14, 18, 4, 19, 0, 10, 13, 46, 20, 40, 20, 31, 1, 7, 33, 1, 39, 12, 20, 29, 15, 12, 38, 47, 44], [36, 41, 32, 0, 28, 23, 17, 38, 37, 3, 37, 15, 11, 9, 44, 38, 0, 5, 18, 43, 31, 34, 41, 42, 6], [35, 10, 9, 27, 11, 13, 46, 17, 7, 33, 9, 16, 0, 18, 23, 30, 23, 29, 9, 26, 44, 44, 9, 15, 1], [24, 9, 5, 21, 15, 45, 38, 5, 1, 12, 15, 25, 49, 34, 29, 1, 31, 32, 26, 3, 49, 44, 48, 6, 33], [43, 38, 18, 14, 22, 29, 41, 10, 47, 8, 38, 24, 3, 2, 19, 20, 39, 31, 32, 0, 11, 5, 6, 0, 40], [46, 31, 21, 43, 10, 22, 10, 45, 49, 10, 46, 17, 49, 31, 48, 48, 0, 35, 46, 32, 49, 28, 13, 38, 7], [18, 19, 43, 37, 27, 8, 4, 29, 1, 39, 7, 35, 14, 1, 0, 0, 31, 0, 37, 30, 0, 28, 1, 11, 0], [2, 2, 11, 12, 25, 38, 48, 0, 26, 47, 2, 47, 15, 5, 45, 48, 5, 38, 25, 44, 22, 9, 43, 35, 37], [12, 39, 42, 0, 4, 33, 33, 9, 44, 24, 48, 0, 32, 0, 21, 14, 7, 35, 8, 6, 28, 4, 8, 11, 15], [15, 39, 43, 25, 0, 22, 12, 12, 11, 38, 26, 22, 12, 43, 18, 11, 27, 9, 3, 38, 15, 38, 42, 2, 19], [8, 28, 0, 18, 12, 29, 12, 16, 0, 4, 17, 26, 9, 27, 6, 8, 28, 15, 26, 26, 0, 9, 13, 28, 12], [27, 17, 9, 10, 16, 3, 9, 13, 6, 27, 2, 4, 17, 14, 13, 24, 24, 25, 0, 10, 25, 22, 16, 26, 11], [3, 29, 16, 9, 16, 0, 0, 10, 15, 0, 0, 27, 3, 4, 2, 0, 1, 21, 20, 0, 12, 2, 7, 13, 14], [19, 2, 17, 11, 21, 7, 2, 22, 16, 21, 24, 17, 21, 5, 3, 18, 17, 7, 4, 2, 16, 13, 8, 21, 14], [27, 27, 5, 20, 2, 12, 3, 9, 18, 17, 17, 4, 22, 11, 19, 3, 19, 25, 9, 8, 10, 13, 22, 11, 29], [12, 22, 14, 25, 3, 11, 14, 11, 4, 0, 8, 7, 3, 4, 1, 20, 4, 1, 24, 18, 27, 3, 0, 26, 3], [23, 9, 22, 1, 11, 16, 10, 23, 6, 26, 14, 3, 13, 8, 7, 27, 17, 15, 7, 18, 20, 15, 16, 29, 12], [2, 27, 25, 29, 26, 3, 18, 20, 27, 19, 0, 28, 25, 21, 1, 5, 4, 18, 5, 23, 26, 17, 0, 12, 6], [20, 4, 15, 15, 28, 3, 28, 25, 17, 29, 3, 24, 13, 3, 27, 7, 22, 21, 12, 11, 22, 3, 26, 29, 15], [17, 7, 15, 21, 19, 25, 18, 0, 0, 24, 18, 3, 20, 1, 3, 0, 22, 1, 10, 23, 4, 5, 6, 14, 5], [11, 14, 27, 10, 16, 0, 4, 10, 15, 26, 9, 0, 12, 14, 19, 26, 0, 5, 20, 4, 1, 16, 1, 18, 28], [4, 25, 1, 6, 0, 28, 23, 14, 0, 24, 0, 23, 21, 6, 20, 22, 13, 2, 22, 0, 0, 14, 3, 19, 4], [26, 1, 17, 27, 25, 2, 27, 9, 16, 24, 16, 7, 28, 0, 4, 2, 20, 19, 8, 16, 1, 5, 12, 0, 3], [19, 11, 28, 22, 13, 8, 8, 23, 0, 17, 8, 2, 20, 14, 7, 2, 5, 21, 12, 21, 7, 12, 3, 29, 3], [29, 27, 4, 0, 0, 3, 20, 24, 0, 20, 18, 0, 0, 27, 13, 6, 4, 17, 25, 3, 12, 0, 7, 27, 4], [8, 10, 20, 24, 13, 2, 27, 25, 23, 8, 27, 13, 7, 23, 14, 15, 29, 17, 20, 6, 24, 26, 26, 17, 26], [26, 19, 18, 1, 7, 13, 25, 21, 28, 22, 5, 11, 29, 14, 12, 1, 25, 1, 0, 8, 7, 6, 1, 4, 22], [20, 16, 21, 6, 3, 24, 25, 1, 23, 17, 26, 10, 14, 11, 28, 16, 10, 12, 24, 9, 8, 13, 18, 29, 28], [0, 9, 11, 1, 16, 18, 16, 27, 17, 0, 28, 4, 21, 4, 25, 25, 1, 19, 12, 10, 12, 7, 5, 24, 22], [0, 22, 0, 3, 22, 22, 22, 5, 10, 25, 14, 25, 3, 12, 6, 22, 28, 18, 15, 10, 0, 13, 0, 8, 4], [0, 23, 15, 16, 13, 0, 4, 10, 0, 10, 21, 16, 19, 12, 17, 0, 26, 14, 15, 11, 8, 28, 4, 20, 2], [12, 0, 12, 20, 3, 19, 1, 14, 22, 16, 7, 17, 2, 6, 15, 12, 20, 12, 23, 16, 14, 1, 27, 8, 12], [2, 8, 0, 0, 13, 11, 0, 29, 2, 16, 16, 0, 2, 0, 18, 3, 8, 21, 25, 21, 22, 26, 10, 23, 13], [5, 3, 27, 24, 6, 2, 29, 15, 18, 9, 7, 15, 16, 27, 12, 4, 1, 23, 11, 0, 0, 23, 21, 21, 23], [8, 28, 20, 24, 17, 20, 18, 22, 7, 9, 4, 29, 18, 25, 17, 0, 10, 17, 5, 1, 0, 29, 24, 21, 28], [0, 9, 8, 8, 6, 3, 1, 1, 0, 7, 2, 3, 7, 8, 2, 2, 8, 1, 0, 7, 2, 5, 3, 0, 4], [9, 1, 9, 9, 5, 9, 9, 6, 2, 0, 0, 0, 3, 0, 7, 8, 5, 5, 9, 1, 9, 9, 8, 8, 6], [7, 2, 9, 0, 3, 3, 8, 1, 1, 0, 3, 4, 8, 0, 0, 1, 9, 1, 3, 8, 6, 6, 0, 9, 3], [4, 3, 2, 6, 4, 0, 2, 5, 4, 8, 4, 4, 6, 5, 9, 2, 7, 8, 8, 0, 7, 2, 9, 5, 8], [1, 9, 4, 1, 2, 0, 6, 7, 8, 9, 8, 5, 5, 0, 3, 6, 4, 5, 4, 0, 7, 1, 9, 4, 0], [0, 6, 1, 4, 2, 8, 4, 2, 0, 0, 2, 6, 4, 5, 1, 9, 5, 4, 8, 3, 1, 3, 0, 2, 3], [6, 4, 2, 5, 4, 0, 1, 9, 2, 2, 3, 1, 9, 0, 5, 1, 2, 0, 4, 4, 5, 8, 4, 7, 6], [7, 5, 0, 1, 6, 9, 5, 3, 0, 0, 1, 6, 3, 5, 0, 3, 1, 5, 4, 1, 7, 9, 8, 9, 6], [0, 7, 8, 2, 8, 7, 1, 6, 1, 5, 6, 3, 5, 9, 7, 1, 4, 5, 3, 7, 5, 1, 3, 9, 5], [2, 7, 0, 7, 1, 7, 7, 9, 9, 0, 2, 1, 2, 1, 5, 9, 8, 2, 6, 4, 3, 9, 7, 1, 6], [4, 1, 6, 5, 0, 9, 3, 1, 1, 0, 4, 5, 8, 4, 9, 4, 4, 8, 0, 3, 0, 4, 9, 8, 2], [7, 8, 9, 1, 1, 2, 4, 9, 7, 3, 0, 0, 6, 0, 1, 4, 3, 8, 6, 6, 3, 4, 2, 6, 3], [8, 0, 6, 0, 4, 3, 6, 3, 2, 2, 9, 1, 8, 2, 6, 7, 7, 8, 9, 3, 3, 7, 3, 3, 0], [9, 0, 0, 9, 0, 1, 0, 0, 9, 4, 6, 9, 4, 9, 9, 3, 6, 7, 0, 7, 0, 8, 4, 5, 5], [5, 4, 6, 3, 4, 1, 1, 7, 9, 7, 4, 5, 1, 0, 1, 6, 9, 8, 3, 4, 4, 8, 0, 7, 8], [9, 2, 4, 9, 3, 6, 2, 1, 6, 4, 1, 1, 0, 9, 9, 0, 4, 5, 6, 4, 0, 1, 1, 4, 0], [5, 6, 3, 9, 6, 9, 2, 0, 4, 6, 1, 2, 7, 5, 9, 7, 5, 0, 7, 0, 0, 0, 6, 5, 5], [4, 0, 4, 8, 7, 7, 3, 9, 8, 1, 8, 8, 4, 5, 6, 4, 8, 6, 3, 9, 5, 0, 0, 5, 0], [0, 1, 5, 0, 5, 0, 1, 8, 0, 8, 8, 0, 3, 2, 3, 2, 5, 3, 6, 0, 8, 1, 9, 1, 2], [1, 0, 6, 7, 6, 6, 4, 4, 9, 3, 4, 5, 6, 2, 9, 7, 5, 0, 4, 3, 0, 1, 2, 4, 6], [9, 3, 6, 5, 5, 7, 8, 0, 8, 2, 0, 2, 3, 8, 2, 5, 2, 9, 0, 4, 0, 5, 2, 6, 3], [6, 9, 7, 5, 2, 0, 5, 7, 8, 8, 9, 4, 5, 8, 6, 4, 5, 2, 8, 8, 7, 3, 3, 8, 5], [0, 5, 3, 7, 3, 2, 1, 9, 3, 1, 3, 2, 6, 6, 0, 9, 7, 8, 0, 4, 7, 0, 2, 1, 8], [6, 7, 8, 0, 7, 8, 0, 6, 0, 5, 3, 9, 4, 0, 5, 3, 0, 5, 8, 2, 8, 9, 7, 5, 0], [0, 9, 3, 0, 4, 9, 7, 3, 8, 7, 0, 6, 1, 4, 1, 0, 1, 5, 5, 7, 0, 7, 7, 2, 8], [9, 5, 0, 8, 3, 2, 4, 4, 4, 5, 0, 5, 2, 6, 0, 4, 8, 3, 3, 4, 0, 5, 9, 4, 9], [3, 8, 1, 3, 0, 0, 7, 5, 4, 1, 3, 8, 9, 4, 0, 2, 5, 8, 7, 1, 0, 8, 8, 7, 5], [5, 2, 6, 5, 1, 8, 0, 8, 7, 6, 5, 1, 0, 6, 3, 9, 2, 9, 0, 0, 7, 0, 4, 7, 8], [2, 4, 3, 1, 9, 9, 8, 7, 4, 7, 3, 7, 2, 5, 3, 4, 1, 4, 6, 5, 0, 9, 6, 6, 5], [0, 0, 4, 7, 6, 2, 5, 1, 1, 3, 7, 5, 0, 6, 0, 4, 2, 6, 2, 5, 9, 1, 5, 0, 1], [5, 7, 2, 9, 8, 4, 8, 4, 2, 1, 1, 3, 9, 5, 2, 7, 3, 3, 7, 8, 3, 3, 0, 6, 5], [7, 2, 3, 2, 5, 9, 7, 0, 4, 9, 8, 7, 1, 5, 5, 6, 4, 4, 2, 5, 1, 6, 6, 8, 2], [3, 9, 5, 1, 2, 3, 4, 6, 8, 4, 3, 6, 0, 9, 5, 4, 8, 8, 2, 3, 5, 2, 0, 2, 7], [7, 2, 0, 8, 2, 8, 1, 7, 7, 2, 2, 9, 5, 1, 3, 8, 4, 6, 8, 4, 7, 8, 1, 1, 0], [0, 0, 9, 2, 9, 3, 7, 6, 9, 3, 0, 5, 3, 2, 0, 9, 5, 5, 7, 6, 1, 2, 9, 4, 6], [9, 0, 4, 0, 2, 3, 0, 6, 3, 0, 7, 0, 5, 2, 7, 2, 0, 8, 8, 3, 0, 7, 4, 2, 9], [1, 7, 5, 5, 1, 7, 9, 5, 5, 3, 1, 4, 6, 4, 6, 2, 8, 0, 2, 8, 0, 1, 0, 8, 2], [7, 2, 0, 5, 1, 5, 7, 8, 0, 1, 3, 7, 6, 8, 0, 1, 6, 8, 0, 2, 2, 9, 9, 3, 7], [7, 1, 4, 8, 6, 4, 0, 2, 0, 6, 7, 5, 1, 4, 1, 0, 3, 9, 3, 1, 6, 9, 7, 2, 0], [7, 9, 2, 3, 9, 8, 5, 6, 4, 0, 6, 1, 7, 7, 0, 3, 5, 0, 3, 0, 8, 3, 0, 1, 4], [3, 2, 0, 4, 2, 0, 1, 2, 0, 1, 0, 1, 9, 7, 0, 9, 8, 2, 6, 5, 0, 2, 1, 6, 8], [7, 5, 9, 7, 3, 6, 0, 3, 7, 8, 6, 5, 9, 5, 0, 6, 1, 5, 1, 8, 9, 7, 7, 2, 0], [1, 8, 3, 2, 8, 0, 5, 2, 6, 4, 1, 9, 4, 1, 2, 9, 9, 6, 0, 6, 9, 6, 8, 1, 2], [5, 5, 9, 7, 8, 7, 8, 0, 9, 0, 9, 8, 2, 1, 9, 6, 2, 7, 4, 5, 5, 7, 5, 0, 5], [6, 0, 2, 5, 3, 1, 2, 8, 6, 8, 9, 5, 8, 0, 6, 0, 1, 5, 4, 5, 0, 3, 9, 4, 9], [1, 0, 8, 1, 9, 6, 4, 5, 0, 2, 0, 2, 7, 5, 6, 9, 8, 4, 8, 4, 6, 0, 9, 6, 0], [7, 2, 1, 6, 6, 8, 4, 6, 6, 4, 5, 6, 9, 7, 3, 6, 9, 8, 3, 8, 3, 6, 5, 8, 8], [3, 3, 0, 8, 2, 1, 0, 2, 1, 7, 8, 0, 3, 1, 6, 4, 2, 6, 8, 3, 7, 9, 4, 1, 5], [0, 7, 5, 7, 3, 0, 2, 7, 0, 1, 8, 9, 6, 9, 2, 3, 8, 2, 3, 4, 9, 9, 8, 2, 2], [0, 1, 9, 2, 7, 2, 1, 2, 4, 7, 4, 4, 6, 2, 2, 1, 3, 1, 8, 3, 9, 6, 0, 1, 4], [5, 0, 4, 7, 3, 7, 9, 3, 0, 9, 7, 3, 5, 1, 8, 9, 2, 7, 0, 9, 0, 0, 8, 2, 6], [0, 9, 3, 0, 6, 1, 7, 4, 3, 0, 2, 4, 9, 7, 5, 8, 7, 4, 5, 0, 2, 5, 4, 9, 1], [3, 7, 1, 0, 7, 0, 7, 9, 0, 0, 1, 0, 0, 1, 5, 5, 3, 8, 7, 6, 9, 8, 8, 3, 3], [8, 9, 1, 3, 5, 8, 5, 9, 6, 2, 5, 0, 1, 3, 5, 9, 6, 5, 8, 9, 0, 3, 2, 2, 3], [7, 4, 5, 1, 4, 2, 9, 1, 4, 2, 3, 8, 7, 9, 2, 0, 0, 8, 0, 7, 0, 8, 8, 8, 1], [1, 4, 1, 2, 3, 5, 3, 1, 9, 7, 6, 6, 8, 9, 1, 1, 9, 2, 6, 8, 9, 8, 6, 5, 5], [0, 8, 8, 4, 0, 8, 9, 0, 3, 4, 0, 5, 2, 8, 5, 0, 5, 1, 8, 5, 6, 1, 7, 6, 5], [3, 8, 8, 7, 0, 9, 8, 5, 2, 0, 1, 3, 8, 3, 6, 0, 9, 0, 4, 1, 0, 0, 3, 1, 9], [7, 6, 4, 0, 7, 3, 7, 2, 8, 7, 7, 4, 5, 7, 6, 2, 8, 8, 4, 3, 4, 5, 1, 7, 0], [0, 0, 5, 2, 7, 7, 5, 6, 7, 0, 5, 1, 8, 0, 4, 8, 7, 7, 1, 6, 8, 0, 5, 5, 5]]
Maintenance cost in each period m: 
[10207, 11526, 9658, 12278, 9790, 9240, 11216, 11140, 8921, 11726, 10643, 8778, 10564, 12328, 11405, 12298, 12484, 11886, 9336, 11431, 11613, 11012, 8510, 11301, 11873]
Maximum capacity of the machine cmax: 
4100