Set of periods in the planning horizon T: 
25
Set of products P: 
100
Capacity reduction coefficient alpha: 
0.8
Relative decrease of capacity per set up gamma: 
0.29
Capacity reduction coefficient due to product types beta: 
[0.32, 0.39, 0.29, 0.35, 0.23, 0.36, 0.3, 0.31, 0.38, 0.34, 0.24, 0.36, 0.3, 0.3, 0.34, 0.36, 0.38, 0.37, 0.38, 0.34, 0.27, 0.22, 0.4, 0.37, 0.3, 0.37, 0.33, 0.2, 0.21, 0.35, 0.37, 0.3, 0.36, 0.34, 0.22, 0.33, 0.21, 0.32, 0.32, 0.21, 0.31, 0.33, 0.27, 0.33, 0.36, 0.21, 0.21, 0.31, 0.24, 0.33, 0.22, 0.4, 0.29, 0.35, 0.21, 0.26, 0.22, 0.32, 0.35, 0.31, 0.26, 0.32, 0.4, 0.24, 0.28, 0.22, 0.25, 0.29, 0.27, 0.28, 0.4, 0.22, 0.37, 0.34, 0.24, 0.31, 0.35, 0.23, 0.31, 0.21, 0.23, 0.21, 0.27, 0.33, 0.27, 0.23, 0.35, 0.4, 0.2, 0.2, 0.26, 0.23, 0.4, 0.37, 0.21, 0.27, 0.23, 0.35, 0.22, 0.39]
Fixed production cost of each product in each period f: 
[[579, 748, 830, 988, 805, 870, 789, 800, 982, 747, 963, 671, 794, 667, 803, 580, 568, 854, 964, 929, 803, 715, 718, 661, 969], [732, 977, 848, 609, 509, 687, 958, 683, 550, 511, 937, 687, 811, 714, 785, 932, 793, 653, 821, 581, 588, 658, 761, 634, 524], [909, 637, 915, 665, 923, 590, 951, 808, 885, 817, 515, 833, 813, 708, 830, 843, 817, 984, 890, 842, 930, 725, 891, 952, 857], [786, 854, 547, 692, 559, 701, 970, 698, 782, 665, 901, 923, 608, 513, 625, 821, 695, 885, 852, 930, 987, 892, 699, 864, 921], [861, 846, 748, 618, 887, 869, 565, 856, 514, 744, 569, 569, 654, 520, 951, 657, 927, 846, 623, 926, 947, 998, 944, 924, 979], [553, 954, 772, 537, 773, 602, 676, 611, 787, 651, 955, 785, 627, 751, 810, 709, 920, 953, 604, 975, 988, 586, 799, 665, 517], [531, 905, 969, 866, 620, 881, 603, 672, 885, 539, 940, 518, 685, 613, 762, 676, 957, 695, 910, 987, 738, 814, 698, 695, 983], [508, 887, 570, 794, 536, 901, 678, 981, 556, 981, 579, 559, 616, 601, 769, 943, 859, 933, 686, 747, 838, 902, 548, 669, 887], [592, 804, 662, 572, 987, 693, 744, 769, 836, 825, 878, 503, 874, 664, 999, 941, 810, 932, 502, 603, 725, 527, 727, 742, 508], [759, 989, 944, 968, 502, 882, 970, 895, 829, 580, 653, 738, 880, 611, 707, 634, 883, 515, 862, 588, 673, 685, 976, 571, 724], [668, 781, 547, 901, 698, 586, 766, 928, 697, 848, 865, 988, 887, 835, 600, 559, 625, 676, 833, 933, 598, 626, 622, 765, 901], [955, 605, 906, 577, 967, 722, 868, 738, 585, 711, 872, 571, 820, 920, 886, 693, 906, 523, 640, 688, 828, 844, 719, 650, 655], [757, 851, 802, 728, 732, 625, 922, 505, 535, 701, 971, 956, 568, 555, 713, 900, 780, 535, 876, 959, 948, 656, 630, 504, 891], [777, 539, 532, 650, 883, 688, 668, 740, 546, 607, 646, 614, 928, 969, 521, 779, 775, 889, 783, 900, 677, 560, 662, 986, 885], [767, 593, 704, 683, 558, 960, 779, 751, 708, 585, 608, 527, 587, 678, 681, 784, 944, 953, 990, 956, 996, 592, 809, 556, 602], [778, 894, 964, 570, 602, 860, 638, 697, 953, 654, 787, 941, 946, 831, 589, 863, 714, 864, 808, 658, 647, 924, 908, 768, 784], [657, 935, 632, 952, 715, 516, 642, 880, 560, 832, 911, 888, 750, 731, 545, 598, 702, 885, 753, 669, 563, 808, 923, 966, 692], [606, 703, 967, 953, 999, 876, 861, 898, 721, 836, 750, 991, 796, 804, 943, 504, 639, 511, 706, 696, 736, 728, 601, 892, 685], [955, 692, 650, 782, 573, 785, 690, 774, 778, 937, 992, 781, 706, 738, 909, 722, 913, 625, 624, 731, 615, 656, 607, 582, 969], [663, 811, 614, 817, 831, 843, 880, 865, 996, 741, 870, 695, 798, 560, 742, 591, 979, 548, 793, 503, 609, 914, 894, 715, 610], [884, 798, 909, 672, 670, 954, 650, 878, 813, 785, 859, 677, 600, 619, 804, 882, 791, 833, 982, 707, 813, 633, 742, 999, 555], [566, 815, 838, 853, 975, 560, 934, 530, 689, 786, 644, 677, 787, 649, 943, 567, 582, 729, 645, 728, 897, 718, 572, 636, 866], [572, 926, 762, 870, 528, 985, 912, 523, 857, 674, 974, 954, 540, 618, 696, 746, 689, 555, 853, 633, 568, 988, 721, 968, 586], [581, 654, 898, 502, 646, 509, 638, 868, 769, 832, 596, 692, 984, 964, 621, 897, 804, 738, 914, 568, 925, 690, 659, 940, 911], [512, 647, 789, 661, 710, 840, 917, 944, 730, 763, 866, 589, 881, 972, 720, 591, 542, 575, 962, 760, 771, 753, 805, 802, 629], [979, 523, 694, 897, 901, 567, 519, 941, 868, 538, 866, 781, 796, 885, 720, 934, 719, 509, 686, 932, 904, 657, 616, 981, 514], [530, 511, 528, 701, 503, 813, 502, 868, 525, 718, 975, 984, 944, 691, 852, 755, 917, 865, 859, 669, 770, 840, 718, 551, 520], [886, 799, 567, 956, 772, 994, 625, 500, 789, 527, 968, 515, 752, 657, 549, 773, 829, 766, 998, 966, 709, 764, 536, 872, 706], [694, 761, 614, 909, 750, 532, 683, 717, 911, 608, 619, 822, 661, 697, 542, 735, 918, 727, 938, 889, 605, 758, 713, 680, 712], [758, 845, 922, 961, 585, 914, 619, 563, 838, 798, 530, 997, 565, 863, 983, 641, 864, 912, 599, 936, 593, 685, 711, 603, 582], [735, 544, 670, 820, 540, 825, 572, 658, 624, 813, 589, 779, 609, 699, 786, 824, 703, 882, 719, 996, 604, 723, 520, 769, 898], [554, 775, 933, 904, 620, 891, 848, 640, 629, 843, 740, 637, 567, 862, 877, 570, 907, 616, 894, 935, 560, 909, 542, 768, 876], [779, 729, 524, 810, 621, 787, 756, 684, 995, 718, 807, 756, 626, 841, 732, 908, 873, 574, 567, 669, 535, 768, 981, 547, 994], [716, 938, 875, 720, 644, 742, 711, 688, 797, 954, 682, 555, 780, 566, 791, 944, 783, 975, 656, 516, 568, 695, 624, 922, 835], [943, 723, 729, 743, 841, 828, 826, 627, 610, 520, 609, 926, 910, 694, 754, 820, 584, 640, 650, 548, 724, 652, 564, 773, 519], [861, 930, 988, 908, 752, 745, 978, 640, 778, 943, 509, 663, 610, 926, 735, 591, 923, 974, 817, 521, 937, 939, 864, 773, 960], [527, 538, 633, 782, 797, 780, 776, 571, 761, 638, 772, 581, 639, 820, 703, 540, 792, 582, 936, 987, 532, 531, 803, 883, 789], [605, 842, 641, 714, 917, 979, 520, 614, 917, 754, 948, 967, 782, 923, 694, 891, 645, 611, 869, 649, 835, 757, 819, 917, 884], [940, 604, 906, 974, 911, 985, 798, 712, 547, 734, 559, 901, 705, 960, 834, 796, 926, 947, 996, 647, 678, 904, 572, 834, 707], [790, 776, 786, 648, 624, 885, 927, 585, 942, 646, 914, 703, 781, 905, 695, 903, 604, 823, 612, 808, 593, 900, 717, 533, 906], [621, 597, 544, 553, 815, 683, 594, 725, 778, 847, 927, 839, 673, 901, 788, 827, 920, 745, 981, 929, 709, 887, 723, 585, 675], [892, 867, 627, 707, 696, 984, 504, 944, 874, 776, 840, 646, 972, 749, 846, 828, 546, 830, 805, 778, 895, 617, 919, 630, 520], [809, 676, 695, 744, 923, 865, 886, 965, 769, 535, 766, 544, 935, 874, 612, 740, 520, 576, 965, 896, 786, 917, 882, 681, 734], [742, 518, 723, 952, 591, 920, 768, 589, 515, 958, 543, 789, 852, 875, 717, 890, 571, 759, 550, 761, 725, 929, 993, 560, 901], [874, 992, 654, 953, 909, 537, 790, 546, 941, 912, 912, 734, 589, 778, 517, 573, 821, 860, 696, 733, 539, 709, 630, 519, 792], [797, 848, 671, 828, 695, 669, 806, 798, 984, 885, 709, 884, 700, 636, 788, 911, 602, 548, 642, 883, 708, 545, 523, 821, 811], [622, 817, 540, 564, 622, 516, 952, 982, 744, 973, 564, 939, 654, 814, 755, 577, 752, 996, 971, 565, 834, 722, 701, 552, 843], [628, 803, 752, 719, 525, 913, 636, 858, 820, 754, 807, 839, 974, 945, 855, 956, 816, 756, 987, 923, 550, 518, 623, 814, 648], [844, 814, 695, 668, 542, 725, 780, 622, 800, 901, 840, 838, 843, 686, 997, 949, 973, 957, 838, 500, 824, 556, 979, 990, 946], [656, 564, 715, 673, 653, 607, 817, 765, 756, 746, 922, 535, 866, 818, 619, 592, 790, 555, 582, 739, 593, 842, 625, 671, 651], [534, 769, 849, 542, 951, 721, 742, 716, 627, 856, 569, 934, 744, 518, 558, 892, 932, 809, 913, 716, 719, 699, 553, 756, 705], [658, 705, 751, 860, 764, 901, 932, 646, 912, 837, 696, 656, 616, 876, 994, 654, 861, 770, 540, 952, 607, 916, 690, 850, 502], [860, 911, 765, 994, 776, 883, 642, 975, 834, 712, 765, 879, 964, 910, 974, 749, 904, 953, 683, 515, 664, 790, 628, 836, 911], [619, 804, 819, 960, 768, 849, 728, 547, 876, 968, 681, 821, 864, 681, 548, 942, 786, 821, 909, 711, 706, 606, 710, 504, 898], [995, 674, 550, 571, 825, 876, 628, 965, 743, 845, 622, 633, 621, 736, 735, 674, 980, 509, 502, 525, 842, 975, 542, 523, 663], [990, 926, 521, 897, 856, 561, 696, 676, 729, 672, 884, 607, 619, 853, 704, 924, 634, 812, 787, 576, 610, 807, 655, 946, 722], [788, 566, 817, 979, 604, 530, 832, 651, 549, 867, 913, 780, 532, 913, 706, 963, 530, 991, 788, 749, 559, 885, 789, 779, 752], [912, 546, 757, 912, 947, 692, 743, 840, 531, 825, 856, 626, 753, 826, 952, 542, 693, 931, 629, 501, 839, 535, 748, 733, 821], [977, 811, 983, 825, 848, 568, 655, 615, 810, 934, 696, 970, 951, 653, 691, 986, 869, 964, 598, 656, 574, 552, 812, 778, 831], [769, 927, 572, 948, 665, 655, 559, 718, 890, 965, 564, 704, 892, 530, 549, 588, 521, 842, 989, 779, 732, 671, 858, 571, 801], [661, 874, 879, 922, 552, 817, 857, 919, 917, 544, 748, 688, 604, 815, 927, 983, 633, 530, 995, 539, 555, 597, 772, 777, 544], [789, 933, 850, 833, 998, 504, 937, 696, 839, 853, 945, 803, 950, 875, 766, 861, 887, 600, 855, 579, 562, 696, 741, 562, 543], [558, 681, 741, 983, 747, 898, 774, 624, 994, 670, 606, 977, 922, 909, 883, 888, 669, 939, 794, 689, 922, 556, 897, 648, 727], [835, 917, 717, 875, 574, 720, 696, 750, 759, 821, 763, 540, 635, 793, 552, 878, 635, 808, 932, 655, 704, 655, 643, 918, 619], [535, 557, 707, 552, 618, 586, 984, 800, 582, 859, 657, 971, 808, 851, 877, 604, 596, 820, 890, 531, 966, 746, 956, 513, 713], [556, 670, 584, 697, 708, 958, 643, 514, 609, 531, 683, 573, 603, 803, 811, 622, 711, 798, 562, 777, 843, 723, 899, 615, 764], [882, 591, 718, 797, 866, 755, 964, 713, 550, 925, 727, 981, 719, 606, 747, 938, 867, 749, 572, 503, 601, 908, 814, 573, 533], [549, 784, 977, 524, 758, 637, 623, 881, 573, 937, 998, 858, 931, 959, 906, 802, 832, 655, 758, 702, 999, 940, 706, 899, 995], [891, 876, 936, 899, 930, 900, 794, 521, 508, 810, 691, 632, 938, 957, 517, 714, 878, 830, 944, 998, 649, 917, 633, 769, 896], [600, 726, 763, 579, 600, 611, 871, 528, 839, 779, 650, 954, 547, 994, 539, 813, 650, 682, 565, 776, 647, 821, 660, 616, 638], [922, 601, 712, 934, 954, 888, 657, 732, 855, 906, 961, 674, 819, 983, 806, 518, 669, 655, 517, 653, 966, 788, 867, 985, 561], [675, 828, 787, 964, 516, 657, 747, 623, 788, 735, 976, 585, 713, 655, 967, 768, 664, 712, 968, 648, 794, 798, 657, 982, 847], [867, 515, 799, 502, 556, 521, 516, 737, 873, 940, 876, 669, 788, 879, 840, 506, 564, 768, 843, 990, 624, 917, 535, 713, 521], [813, 991, 729, 797, 832, 889, 592, 699, 624, 649, 594, 970, 982, 658, 798, 595, 772, 984, 710, 722, 783, 793, 888, 586, 911], [816, 702, 700, 512, 645, 740, 934, 976, 913, 937, 694, 725, 534, 993, 634, 595, 731, 940, 884, 822, 567, 538, 740, 882, 870], [878, 695, 743, 646, 991, 634, 648, 786, 830, 840, 614, 946, 553, 971, 709, 883, 804, 535, 783, 634, 693, 646, 906, 988, 767], [860, 762, 543, 908, 710, 989, 706, 791, 534, 960, 865, 593, 816, 898, 768, 600, 646, 943, 575, 849, 702, 647, 830, 862, 705], [784, 660, 939, 717, 714, 602, 831, 996, 854, 718, 817, 998, 552, 523, 540, 896, 997, 659, 875, 854, 853, 683, 966, 628, 870], [515, 884, 905, 967, 831, 946, 929, 758, 848, 541, 507, 678, 761, 965, 712, 587, 824, 939, 897, 977, 557, 679, 530, 851, 686], [604, 817, 617, 625, 905, 714, 959, 855, 799, 813, 710, 914, 585, 551, 648, 572, 671, 892, 739, 652, 857, 559, 751, 959, 828], [926, 716, 650, 925, 870, 802, 584, 761, 949, 554, 754, 574, 639, 799, 828, 748, 769, 708, 897, 707, 885, 976, 809, 569, 756], [544, 646, 737, 942, 935, 665, 977, 673, 687, 780, 780, 616, 941, 805, 679, 680, 538, 995, 886, 519, 543, 640, 722, 735, 965], [507, 998, 894, 980, 521, 751, 677, 695, 793, 910, 680, 600, 609, 562, 990, 610, 680, 634, 772, 941, 994, 919, 635, 789, 798], [525, 772, 654, 775, 593, 747, 662, 791, 881, 655, 647, 645, 997, 800, 773, 775, 603, 665, 618, 987, 635, 635, 746, 565, 871], [642, 774, 788, 616, 582, 855, 584, 829, 758, 745, 578, 925, 747, 729, 857, 620, 612, 863, 708, 792, 687, 972, 930, 819, 618], [904, 674, 753, 573, 861, 990, 691, 540, 888, 522, 668, 553, 876, 701, 914, 621, 774, 534, 798, 735, 605, 741, 808, 654, 725], [791, 507, 552, 913, 948, 847, 784, 633, 848, 790, 795, 557, 679, 612, 791, 735, 898, 790, 636, 870, 810, 527, 771, 628, 864], [775, 786, 741, 954, 737, 641, 571, 766, 968, 573, 880, 977, 747, 684, 908, 758, 700, 548, 917, 854, 946, 859, 842, 712, 749], [775, 824, 784, 965, 916, 796, 716, 691, 837, 723, 620, 522, 621, 568, 606, 594, 747, 548, 646, 517, 956, 919, 764, 742, 807], [691, 823, 805, 708, 613, 658, 623, 540, 817, 799, 811, 746, 762, 833, 807, 859, 968, 842, 605, 772, 934, 792, 811, 928, 976], [767, 524, 503, 739, 843, 726, 515, 906, 789, 899, 624, 911, 558, 563, 980, 955, 872, 768, 852, 918, 867, 894, 503, 598, 983], [944, 645, 751, 681, 664, 818, 975, 819, 602, 672, 585, 719, 963, 962, 672, 807, 785, 587, 761, 556, 550, 717, 730, 721, 613], [666, 644, 633, 901, 691, 502, 999, 908, 776, 983, 765, 851, 667, 967, 550, 704, 682, 856, 949, 992, 807, 519, 599, 975, 710], [709, 938, 867, 616, 657, 821, 555, 545, 644, 920, 873, 502, 561, 675, 924, 543, 825, 552, 760, 736, 818, 545, 899, 530, 996], [902, 990, 761, 843, 856, 843, 578, 586, 540, 851, 590, 856, 803, 957, 625, 680, 589, 995, 579, 682, 945, 513, 804, 976, 632], [830, 543, 995, 996, 882, 524, 801, 753, 802, 859, 791, 781, 593, 763, 788, 523, 846, 516, 666, 785, 664, 823, 829, 559, 745], [629, 779, 591, 753, 871, 954, 877, 983, 643, 743, 834, 594, 768, 930, 911, 986, 732, 734, 939, 827, 955, 622, 541, 804, 843], [821, 755, 567, 992, 940, 805, 730, 692, 889, 668, 828, 529, 603, 702, 596, 764, 633, 923, 519, 819, 731, 950, 667, 836, 817], [798, 595, 520, 702, 959, 903, 590, 857, 646, 513, 599, 745, 814, 820, 675, 585, 785, 622, 528, 701, 621, 713, 511, 861, 927], [995, 672, 906, 934, 780, 733, 732, 655, 611, 845, 659, 871, 953, 601, 819, 985, 875, 663, 946, 851, 730, 912, 829, 632, 831]]
Variable production cost per unit of each product in each period p: 
[[13, 13, 12, 12, 10, 13, 13, 10, 10, 13, 12, 11, 13, 11, 13, 10, 13, 12, 13, 12, 10, 11, 13, 13, 12], [11, 12, 12, 10, 13, 13, 12, 12, 10, 13, 10, 13, 10, 11, 13, 10, 10, 13, 11, 13, 10, 13, 10, 11, 13], [12, 12, 11, 12, 10, 13, 10, 12, 10, 10, 11, 11, 11, 10, 13, 12, 10, 10, 12, 13, 12, 13, 11, 13, 10], [12, 13, 10, 10, 12, 13, 10, 13, 10, 10, 12, 10, 10, 10, 11, 12, 12, 13, 12, 13, 13, 10, 11, 10, 11], [12, 10, 12, 11, 13, 13, 12, 10, 11, 12, 13, 10, 13, 11, 13, 13, 12, 12, 11, 12, 12, 12, 12, 13, 10], [13, 12, 13, 10, 11, 12, 10, 12, 12, 10, 10, 12, 10, 13, 12, 11, 11, 13, 11, 12, 10, 13, 10, 12, 12], [10, 10, 10, 13, 13, 10, 10, 11, 13, 11, 13, 12, 12, 12, 11, 13, 12, 11, 13, 10, 10, 12, 11, 11, 13], [11, 11, 12, 10, 10, 10, 12, 13, 13, 13, 12, 10, 10, 12, 10, 11, 12, 11, 12, 12, 11, 11, 12, 11, 13], [12, 13, 12, 13, 12, 13, 11, 10, 11, 10, 10, 12, 12, 13, 11, 10, 11, 11, 10, 13, 11, 13, 13, 12, 10], [11, 13, 13, 12, 10, 10, 11, 12, 12, 13, 10, 12, 12, 10, 11, 10, 12, 11, 12, 12, 10, 13, 10, 13, 12], [11, 12, 12, 12, 13, 11, 12, 12, 12, 10, 12, 11, 12, 10, 13, 13, 11, 13, 10, 10, 12, 13, 10, 11, 12], [12, 12, 12, 13, 12, 11, 12, 10, 11, 12, 10, 10, 12, 13, 10, 12, 12, 11, 13, 13, 12, 12, 10, 11, 10], [13, 11, 13, 13, 10, 11, 11, 11, 11, 10, 11, 12, 10, 11, 10, 10, 12, 13, 10, 10, 13, 11, 10, 10, 10], [11, 13, 10, 13, 11, 13, 13, 12, 13, 12, 13, 13, 10, 13, 11, 11, 12, 13, 10, 10, 13, 10, 11, 12, 10], [12, 10, 12, 10, 11, 11, 12, 12, 11, 10, 12, 11, 13, 13, 12, 12, 12, 10, 12, 13, 12, 13, 13, 12, 11], [12, 13, 11, 12, 11, 13, 11, 11, 10, 11, 10, 13, 12, 11, 12, 13, 12, 10, 13, 13, 12, 12, 13, 11, 13], [11, 13, 12, 10, 10, 12, 10, 11, 12, 10, 13, 12, 11, 10, 13, 11, 13, 13, 11, 13, 11, 13, 11, 13, 10], [13, 12, 10, 10, 12, 10, 13, 10, 13, 12, 11, 11, 11, 11, 12, 13, 13, 11, 11, 10, 11, 12, 12, 11, 10], [11, 13, 13, 10, 13, 12, 11, 10, 11, 12, 11, 13, 11, 13, 13, 10, 11, 11, 10, 12, 12, 12, 12, 12, 10], [12, 12, 11, 12, 10, 11, 12, 10, 13, 11, 13, 13, 12, 10, 12, 12, 10, 10, 12, 12, 12, 10, 10, 11, 11], [12, 13, 12, 13, 13, 12, 13, 13, 10, 13, 13, 11, 13, 11, 13, 13, 10, 11, 10, 12, 13, 13, 13, 11, 13], [10, 12, 11, 12, 10, 11, 11, 13, 12, 11, 13, 13, 12, 11, 12, 11, 10, 11, 10, 12, 12, 11, 12, 10, 12], [13, 13, 10, 10, 10, 10, 12, 12, 13, 12, 13, 13, 10, 11, 13, 12, 12, 11, 13, 11, 13, 10, 11, 13, 11], [10, 12, 13, 11, 10, 11, 13, 13, 13, 12, 10, 13, 13, 10, 13, 11, 10, 13, 10, 13, 10, 13, 11, 13, 10], [13, 13, 11, 13, 11, 10, 10, 12, 13, 10, 10, 12, 12, 13, 12, 11, 10, 12, 11, 12, 13, 12, 12, 10, 10], [11, 10, 10, 13, 10, 12, 12, 10, 10, 12, 13, 10, 11, 10, 12, 13, 12, 12, 13, 13, 12, 13, 12, 12, 10], [12, 12, 13, 12, 13, 13, 10, 11, 12, 10, 13, 12, 12, 11, 12, 10, 12, 12, 12, 12, 11, 13, 12, 13, 10], [13, 11, 10, 13, 10, 13, 13, 12, 13, 12, 11, 11, 11, 12, 10, 10, 12, 10, 13, 12, 10, 11, 11, 11, 12], [12, 12, 12, 10, 10, 11, 13, 13, 11, 13, 11, 10, 11, 11, 12, 13, 11, 11, 11, 13, 12, 12, 13, 12, 10], [13, 13, 10, 11, 12, 12, 13, 12, 13, 10, 12, 10, 13, 10, 13, 12, 10, 11, 10, 11, 10, 10, 10, 10, 11], [11, 12, 12, 10, 10, 10, 11, 13, 12, 10, 11, 11, 13, 12, 13, 10, 12, 10, 10, 10, 10, 13, 10, 13, 10], [13, 13, 11, 10, 10, 13, 11, 11, 12, 13, 11, 12, 13, 13, 10, 12, 13, 12, 13, 13, 13, 12, 13, 10, 12], [11, 13, 11, 12, 11, 10, 13, 13, 12, 13, 11, 13, 13, 12, 10, 13, 10, 10, 11, 10, 13, 12, 13, 12, 11], [13, 13, 13, 11, 10, 12, 13, 12, 11, 12, 11, 10, 13, 11, 10, 13, 11, 12, 11, 12, 10, 12, 13, 13, 12], [12, 13, 11, 13, 11, 13, 11, 10, 12, 10, 13, 10, 10, 11, 11, 12, 13, 11, 10, 10, 10, 12, 10, 10, 12], [13, 13, 13, 11, 11, 10, 11, 13, 12, 10, 11, 10, 13, 10, 12, 12, 12, 10, 10, 12, 13, 12, 10, 11, 10], [10, 11, 12, 13, 11, 10, 12, 13, 11, 10, 11, 10, 12, 10, 10, 11, 12, 13, 13, 12, 10, 13, 11, 10, 11], [11, 12, 12, 13, 12, 12, 10, 11, 12, 12, 11, 12, 11, 12, 12, 10, 12, 10, 10, 13, 11, 11, 10, 11, 12], [12, 13, 13, 13, 11, 11, 11, 13, 11, 11, 12, 11, 11, 10, 10, 13, 10, 11, 10, 13, 10, 11, 10, 12, 12], [11, 11, 13, 10, 12, 11, 12, 13, 11, 10, 13, 10, 13, 10, 10, 11, 10, 10, 10, 12, 10, 13, 12, 11, 13], [11, 11, 13, 12, 10, 11, 10, 12, 11, 10, 11, 10, 12, 12, 12, 11, 10, 10, 13, 11, 13, 13, 11, 13, 12], [10, 11, 10, 13, 11, 12, 13, 12, 12, 11, 10, 10, 13, 12, 12, 10, 10, 12, 11, 11, 11, 13, 12, 12, 11], [10, 11, 10, 13, 10, 12, 11, 10, 12, 10, 10, 10, 13, 11, 12, 11, 11, 11, 11, 11, 11, 10, 11, 11, 12], [11, 11, 10, 12, 11, 10, 13, 13, 10, 13, 11, 12, 11, 12, 12, 11, 11, 13, 12, 11, 10, 13, 10, 10, 12], [10, 12, 10, 10, 13, 11, 12, 11, 13, 12, 10, 12, 10, 12, 11, 10, 12, 11, 13, 13, 12, 13, 10, 13, 12], [10, 11, 13, 10, 11, 10, 10, 12, 11, 13, 10, 11, 13, 10, 12, 13, 13, 13, 13, 11, 13, 12, 11, 12, 13], [11, 10, 12, 11, 11, 11, 11, 13, 11, 12, 11, 10, 13, 11, 11, 10, 10, 10, 13, 13, 12, 10, 13, 12, 12], [11, 10, 10, 10, 11, 11, 11, 10, 12, 10, 13, 11, 13, 11, 13, 11, 12, 13, 13, 12, 11, 10, 12, 13, 13], [10, 11, 13, 13, 10, 12, 12, 10, 12, 11, 11, 13, 12, 13, 10, 11, 12, 13, 13, 12, 12, 11, 12, 10, 11], [10, 13, 13, 10, 10, 11, 11, 10, 12, 10, 10, 10, 13, 13, 11, 11, 11, 13, 13, 11, 12, 10, 11, 11, 10], [10, 10, 10, 10, 11, 13, 11, 13, 10, 10, 11, 13, 12, 10, 11, 13, 11, 13, 10, 11, 13, 13, 10, 12, 11], [11, 11, 11, 12, 13, 11, 13, 13, 13, 12, 11, 12, 12, 12, 10, 10, 12, 13, 12, 13, 12, 11, 11, 13, 11], [11, 13, 11, 11, 13, 11, 13, 11, 13, 10, 12, 12, 11, 11, 11, 13, 10, 10, 12, 13, 13, 12, 10, 12, 11], [11, 13, 13, 13, 10, 11, 11, 13, 12, 13, 13, 12, 13, 13, 11, 11, 12, 11, 13, 13, 11, 13, 10, 11, 12], [11, 11, 10, 13, 12, 11, 12, 10, 11, 12, 13, 13, 11, 13, 12, 11, 12, 11, 12, 10, 12, 11, 10, 12, 13], [11, 10, 11, 13, 12, 12, 12, 12, 13, 10, 11, 12, 12, 12, 10, 12, 13, 13, 10, 12, 11, 12, 11, 12, 12], [13, 10, 12, 12, 10, 10, 12, 11, 10, 13, 12, 10, 11, 13, 10, 11, 11, 12, 10, 11, 13, 13, 10, 10, 11], [12, 12, 12, 10, 12, 10, 11, 12, 12, 12, 11, 12, 12, 13, 12, 13, 12, 11, 12, 11, 11, 10, 12, 12, 13], [12, 12, 13, 12, 12, 11, 13, 10, 12, 13, 10, 13, 11, 11, 10, 10, 12, 10, 13, 11, 10, 11, 11, 12, 13], [13, 10, 13, 11, 10, 12, 10, 10, 10, 11, 10, 12, 13, 13, 11, 13, 10, 13, 10, 12, 10, 10, 13, 13, 12], [13, 10, 12, 10, 13, 10, 12, 12, 12, 11, 13, 11, 11, 10, 13, 13, 11, 13, 12, 10, 13, 12, 10, 10, 12], [12, 12, 13, 13, 10, 13, 11, 11, 12, 13, 12, 13, 12, 10, 10, 13, 12, 11, 13, 11, 12, 11, 11, 10, 11], [13, 13, 13, 12, 13, 13, 10, 10, 13, 12, 13, 11, 12, 12, 10, 13, 12, 11, 13, 13, 12, 13, 10, 13, 10], [13, 12, 12, 12, 12, 10, 11, 11, 10, 12, 12, 10, 10, 13, 13, 12, 11, 12, 10, 11, 13, 13, 11, 10, 11], [10, 12, 10, 13, 10, 10, 10, 10, 10, 11, 12, 13, 12, 12, 12, 10, 13, 12, 13, 12, 10, 11, 10, 12, 11], [10, 13, 12, 12, 11, 10, 10, 11, 13, 12, 10, 12, 13, 11, 12, 13, 12, 11, 10, 13, 13, 12, 12, 10, 11], [13, 10, 12, 11, 10, 12, 12, 12, 13, 11, 12, 10, 10, 12, 10, 13, 11, 11, 10, 13, 11, 10, 13, 11, 13], [13, 12, 10, 11, 12, 10, 11, 13, 11, 10, 12, 12, 12, 13, 10, 13, 10, 13, 11, 11, 12, 10, 13, 13, 10], [10, 12, 13, 13, 10, 10, 11, 13, 10, 10, 13, 11, 13, 12, 12, 11, 10, 10, 12, 10, 10, 11, 13, 11, 10], [10, 13, 13, 13, 11, 10, 13, 12, 10, 10, 12, 11, 10, 12, 11, 13, 13, 12, 12, 13, 11, 12, 10, 12, 12], [11, 12, 11, 13, 13, 13, 13, 11, 12, 12, 13, 12, 13, 12, 12, 11, 12, 13, 13, 12, 11, 10, 12, 13, 13], [12, 12, 12, 12, 11, 10, 13, 12, 11, 12, 10, 11, 11, 13, 12, 11, 12, 12, 10, 12, 11, 10, 10, 13, 10], [12, 11, 12, 11, 10, 13, 12, 12, 10, 13, 10, 13, 12, 10, 13, 10, 12, 11, 12, 10, 10, 10, 11, 13, 12], [10, 11, 11, 10, 12, 13, 11, 12, 11, 10, 13, 11, 11, 10, 12, 12, 10, 12, 11, 10, 13, 13, 12, 13, 13], [12, 13, 11, 12, 11, 12, 12, 13, 12, 13, 12, 11, 13, 12, 11, 12, 12, 12, 12, 13, 13, 11, 13, 11, 13], [10, 11, 12, 13, 12, 11, 13, 11, 11, 11, 12, 11, 13, 12, 10, 10, 11, 10, 11, 10, 12, 12, 10, 12, 13], [11, 12, 12, 10, 10, 10, 11, 13, 10, 11, 13, 13, 10, 11, 13, 11, 11, 11, 10, 13, 13, 12, 12, 12, 12], [12, 11, 10, 11, 12, 13, 11, 12, 12, 11, 12, 11, 10, 10, 12, 11, 13, 13, 13, 10, 12, 12, 12, 12, 13], [10, 11, 11, 12, 13, 13, 13, 10, 13, 11, 10, 10, 10, 12, 10, 11, 13, 11, 10, 10, 10, 11, 12, 11, 12], [11, 13, 11, 10, 11, 10, 10, 13, 13, 11, 12, 13, 12, 10, 10, 12, 12, 10, 12, 12, 11, 12, 12, 12, 10], [11, 12, 12, 11, 12, 12, 13, 13, 12, 12, 13, 10, 13, 11, 11, 12, 13, 13, 11, 10, 13, 10, 11, 10, 10], [12, 10, 13, 11, 11, 12, 13, 12, 11, 10, 11, 10, 12, 12, 11, 13, 13, 10, 11, 12, 11, 12, 10, 12, 13], [12, 12, 10, 11, 11, 13, 12, 10, 13, 12, 13, 10, 11, 12, 13, 12, 11, 10, 11, 11, 13, 11, 12, 11, 13], [11, 12, 12, 10, 13, 11, 11, 12, 12, 10, 13, 12, 11, 12, 11, 13, 13, 10, 11, 11, 13, 13, 13, 12, 12], [11, 13, 10, 13, 10, 11, 11, 13, 13, 12, 13, 12, 12, 11, 11, 10, 10, 13, 11, 11, 13, 13, 13, 12, 12], [11, 13, 11, 11, 12, 10, 11, 10, 11, 11, 11, 12, 11, 12, 11, 10, 11, 12, 13, 13, 13, 13, 13, 10, 12], [12, 11, 13, 10, 10, 11, 10, 11, 13, 12, 11, 13, 11, 10, 11, 10, 13, 11, 12, 10, 10, 10, 13, 12, 10], [13, 10, 10, 12, 12, 12, 10, 13, 10, 13, 13, 13, 10, 13, 11, 10, 10, 13, 12, 12, 11, 12, 13, 13, 13], [13, 11, 10, 13, 10, 13, 12, 13, 10, 11, 11, 13, 12, 10, 11, 10, 11, 11, 10, 10, 13, 11, 12, 13, 11], [13, 11, 10, 13, 10, 12, 11, 11, 13, 10, 11, 10, 11, 13, 11, 10, 10, 11, 11, 10, 12, 13, 12, 12, 13], [11, 13, 11, 12, 13, 13, 13, 10, 12, 13, 10, 12, 10, 13, 12, 13, 13, 11, 10, 12, 10, 12, 13, 10, 13], [13, 12, 12, 10, 10, 13, 11, 12, 12, 11, 11, 10, 11, 12, 11, 12, 12, 12, 11, 11, 11, 10, 13, 11, 10], [12, 11, 12, 10, 13, 13, 10, 12, 11, 10, 13, 13, 12, 12, 10, 11, 13, 12, 10, 10, 12, 10, 11, 11, 12], [10, 12, 13, 11, 11, 13, 11, 10, 12, 11, 13, 13, 12, 10, 13, 11, 12, 13, 10, 13, 13, 10, 10, 12, 13], [11, 10, 11, 10, 10, 12, 13, 11, 13, 13, 10, 13, 10, 12, 12, 12, 10, 12, 10, 13, 12, 11, 13, 12, 12], [11, 11, 11, 10, 10, 11, 11, 11, 10, 11, 11, 10, 11, 12, 10, 13, 13, 12, 10, 13, 13, 10, 11, 11, 12], [11, 11, 12, 10, 13, 13, 13, 11, 12, 10, 12, 12, 12, 12, 10, 12, 13, 10, 13, 11, 12, 10, 12, 12, 13], [11, 11, 12, 11, 13, 12, 12, 13, 12, 12, 11, 13, 12, 10, 10, 11, 11, 13, 10, 12, 13, 12, 13, 11, 10], [12, 13, 11, 10, 13, 10, 10, 12, 11, 12, 11, 11, 11, 13, 11, 10, 10, 13, 10, 11, 10, 12, 12, 11, 13], [13, 11, 11, 12, 13, 11, 10, 11, 13, 11, 11, 11, 12, 12, 11, 13, 11, 12, 11, 12, 10, 10, 13, 13, 11]]
Inventory holding cost per unit of each product by the end of each period h: 
[[8, 7, 9, 8, 5, 5, 5, 5, 6, 9, 9, 6, 6, 7, 7, 6, 7, 6, 6, 9, 9, 6, 7, 6, 8], [5, 7, 9, 7, 7, 8, 6, 5, 9, 7, 7, 9, 5, 5, 8, 6, 5, 6, 8, 5, 6, 9, 6, 7, 7], [9, 7, 7, 5, 6, 8, 5, 5, 8, 7, 6, 9, 5, 6, 5, 9, 6, 5, 9, 5, 5, 5, 5, 6, 9], [9, 9, 9, 9, 9, 5, 7, 9, 8, 9, 5, 5, 7, 9, 8, 6, 6, 7, 8, 6, 9, 5, 6, 5, 6], [7, 6, 8, 8, 7, 7, 8, 7, 9, 8, 8, 7, 5, 5, 6, 5, 8, 7, 6, 9, 8, 9, 5, 5, 8], [8, 8, 7, 7, 6, 6, 6, 5, 8, 6, 5, 6, 7, 7, 9, 6, 6, 9, 6, 9, 9, 7, 8, 5, 8], [8, 7, 9, 5, 5, 7, 5, 5, 5, 9, 9, 8, 5, 5, 5, 5, 9, 7, 9, 8, 9, 6, 8, 5, 9], [7, 8, 6, 5, 6, 7, 7, 9, 5, 5, 9, 9, 9, 9, 6, 8, 7, 6, 6, 5, 6, 6, 8, 7, 9], [5, 8, 7, 7, 5, 8, 6, 6, 6, 8, 6, 8, 6, 9, 5, 8, 6, 8, 8, 9, 8, 9, 8, 9, 9], [5, 9, 8, 6, 8, 5, 7, 7, 5, 6, 5, 8, 7, 7, 5, 7, 6, 9, 6, 9, 6, 6, 5, 8, 9], [6, 8, 9, 7, 7, 8, 9, 9, 8, 8, 8, 9, 5, 8, 5, 5, 6, 7, 6, 5, 8, 8, 5, 9, 6], [6, 6, 9, 5, 7, 5, 7, 8, 8, 8, 9, 9, 8, 8, 6, 5, 9, 8, 7, 7, 7, 9, 7, 5, 5], [8, 5, 8, 9, 7, 9, 7, 6, 7, 6, 7, 9, 8, 5, 7, 9, 5, 8, 7, 6, 5, 8, 6, 5, 6], [9, 5, 9, 5, 9, 7, 8, 6, 9, 6, 5, 8, 9, 5, 7, 5, 8, 6, 6, 6, 7, 7, 9, 5, 5], [9, 5, 7, 7, 5, 9, 9, 7, 7, 7, 5, 7, 5, 5, 5, 8, 8, 9, 7, 6, 8, 9, 9, 7, 9], [9, 9, 7, 7, 7, 5, 7, 6, 9, 6, 5, 9, 6, 9, 9, 8, 7, 8, 7, 9, 8, 5, 8, 8, 6], [7, 8, 5, 6, 9, 5, 5, 6, 6, 6, 5, 8, 5, 9, 8, 5, 8, 9, 5, 6, 9, 9, 6, 7, 9], [7, 5, 6, 5, 6, 8, 6, 7, 5, 7, 9, 9, 5, 6, 9, 5, 9, 5, 9, 7, 5, 5, 5, 8, 8], [9, 9, 8, 6, 5, 8, 7, 9, 7, 6, 5, 8, 5, 9, 6, 5, 9, 8, 8, 9, 7, 9, 5, 9, 9], [8, 8, 9, 9, 8, 9, 8, 7, 7, 9, 8, 9, 8, 8, 8, 5, 7, 7, 6, 5, 8, 7, 6, 7, 9], [6, 5, 9, 8, 9, 7, 7, 7, 7, 6, 9, 9, 5, 6, 6, 6, 9, 6, 9, 9, 6, 8, 6, 5, 8], [9, 6, 5, 5, 8, 8, 6, 7, 8, 8, 5, 6, 7, 8, 9, 8, 9, 6, 8, 9, 6, 7, 9, 6, 5], [8, 5, 6, 8, 5, 9, 9, 7, 7, 8, 8, 6, 5, 6, 7, 5, 7, 7, 8, 9, 5, 6, 6, 8, 5], [9, 9, 7, 8, 9, 7, 9, 5, 7, 8, 6, 6, 6, 8, 9, 9, 6, 7, 7, 8, 7, 6, 5, 5, 9], [7, 7, 9, 6, 7, 5, 6, 5, 8, 5, 7, 6, 8, 8, 5, 7, 6, 5, 9, 8, 7, 8, 6, 6, 5], [5, 8, 6, 9, 9, 9, 9, 5, 6, 8, 5, 7, 7, 6, 5, 5, 6, 9, 6, 5, 5, 8, 9, 6, 9], [8, 5, 7, 9, 5, 8, 9, 6, 7, 7, 5, 9, 9, 6, 7, 6, 7, 6, 8, 9, 7, 8, 6, 7, 5], [8, 9, 7, 5, 9, 6, 8, 6, 9, 9, 7, 9, 9, 7, 9, 8, 7, 7, 7, 8, 5, 8, 6, 9, 6], [7, 8, 6, 9, 7, 8, 8, 8, 7, 9, 5, 5, 5, 9, 6, 7, 6, 5, 5, 8, 7, 6, 9, 5, 9], [7, 9, 8, 8, 6, 6, 5, 5, 8, 5, 8, 9, 5, 7, 6, 8, 9, 9, 7, 7, 8, 5, 6, 8, 9], [9, 7, 9, 7, 5, 7, 5, 6, 8, 9, 8, 9, 7, 6, 7, 7, 8, 5, 8, 8, 8, 9, 8, 8, 9], [7, 5, 6, 5, 7, 6, 8, 8, 8, 8, 6, 6, 5, 7, 5, 8, 6, 6, 5, 6, 7, 9, 9, 9, 8], [9, 7, 5, 7, 5, 9, 8, 9, 9, 9, 7, 7, 5, 8, 6, 5, 8, 5, 9, 7, 8, 6, 7, 5, 9], [8, 8, 8, 9, 7, 9, 7, 5, 5, 6, 6, 5, 7, 5, 5, 8, 6, 9, 6, 9, 8, 5, 8, 8, 8], [6, 5, 5, 8, 9, 6, 6, 9, 9, 6, 6, 8, 5, 6, 8, 9, 6, 6, 8, 7, 7, 8, 8, 9, 7], [5, 6, 9, 5, 5, 5, 9, 5, 7, 5, 8, 8, 6, 9, 5, 6, 6, 7, 6, 8, 7, 6, 8, 6, 8], [8, 9, 7, 9, 9, 6, 5, 8, 6, 7, 6, 6, 8, 5, 9, 9, 7, 5, 6, 7, 9, 7, 8, 5, 9], [7, 8, 7, 7, 8, 6, 7, 8, 8, 8, 9, 6, 7, 8, 5, 6, 5, 5, 7, 8, 8, 5, 6, 6, 9], [5, 9, 7, 7, 8, 9, 6, 7, 6, 9, 7, 9, 7, 6, 6, 8, 6, 5, 9, 7, 8, 6, 5, 7, 9], [7, 9, 7, 5, 9, 9, 7, 8, 6, 7, 9, 7, 8, 7, 6, 6, 6, 6, 6, 8, 7, 6, 6, 5, 8], [6, 6, 8, 5, 8, 7, 5, 7, 6, 5, 8, 5, 5, 8, 7, 8, 5, 7, 6, 6, 5, 8, 9, 9, 5], [9, 9, 5, 9, 7, 8, 9, 7, 6, 6, 7, 6, 5, 5, 8, 9, 6, 7, 7, 6, 7, 9, 6, 6, 8], [6, 5, 8, 6, 9, 5, 5, 8, 8, 5, 9, 8, 6, 6, 6, 6, 9, 5, 9, 7, 9, 6, 6, 6, 9], [7, 7, 9, 7, 8, 5, 7, 5, 8, 5, 7, 8, 6, 5, 6, 6, 8, 9, 9, 8, 8, 7, 8, 9, 5], [9, 6, 7, 8, 6, 9, 5, 8, 8, 6, 6, 6, 5, 7, 5, 5, 7, 6, 8, 8, 6, 9, 8, 6, 7], [8, 5, 6, 8, 8, 7, 5, 5, 6, 5, 6, 8, 6, 9, 5, 9, 7, 7, 7, 8, 8, 8, 6, 6, 9], [5, 6, 7, 8, 6, 7, 6, 8, 9, 7, 8, 7, 6, 9, 8, 5, 7, 5, 5, 9, 6, 6, 8, 8, 7], [8, 9, 6, 8, 8, 6, 9, 7, 7, 8, 6, 6, 9, 7, 5, 6, 6, 5, 6, 5, 9, 9, 5, 9, 7], [6, 7, 9, 5, 9, 5, 6, 5, 8, 9, 8, 5, 9, 6, 5, 5, 6, 9, 5, 7, 7, 8, 8, 6, 6], [5, 8, 9, 9, 5, 8, 8, 9, 6, 8, 5, 7, 7, 8, 9, 5, 7, 9, 9, 8, 7, 5, 9, 6, 5], [6, 8, 9, 6, 6, 9, 7, 6, 6, 7, 8, 9, 5, 7, 6, 7, 6, 8, 7, 5, 7, 8, 8, 6, 5], [5, 9, 8, 8, 6, 7, 6, 9, 7, 7, 6, 5, 8, 5, 7, 9, 9, 8, 6, 7, 9, 5, 6, 6, 9], [7, 8, 5, 9, 9, 8, 7, 9, 9, 5, 5, 5, 6, 6, 7, 6, 6, 5, 6, 5, 9, 7, 7, 6, 7], [5, 6, 6, 8, 6, 5, 9, 8, 9, 8, 6, 6, 7, 5, 8, 9, 9, 5, 9, 5, 7, 7, 9, 6, 8], [7, 8, 7, 8, 8, 8, 5, 8, 6, 6, 6, 6, 6, 8, 9, 5, 5, 7, 9, 9, 8, 6, 9, 5, 8], [7, 8, 6, 8, 7, 6, 8, 6, 7, 8, 8, 5, 7, 7, 5, 6, 8, 8, 6, 6, 8, 6, 5, 8, 6], [7, 9, 7, 6, 7, 8, 8, 7, 9, 9, 8, 5, 7, 5, 8, 8, 6, 5, 5, 6, 7, 9, 5, 5, 5], [8, 6, 7, 7, 8, 6, 9, 8, 7, 8, 5, 9, 5, 6, 5, 6, 7, 9, 7, 8, 9, 9, 5, 8, 8], [5, 7, 8, 5, 8, 6, 7, 8, 9, 8, 8, 7, 8, 7, 9, 5, 7, 6, 9, 6, 9, 6, 8, 7, 9], [8, 8, 8, 5, 5, 9, 9, 6, 7, 7, 8, 6, 9, 7, 9, 6, 8, 9, 6, 6, 9, 6, 9, 5, 6], [9, 8, 9, 6, 7, 7, 7, 6, 6, 6, 9, 6, 7, 6, 6, 9, 7, 5, 7, 5, 9, 6, 7, 7, 9], [9, 6, 9, 5, 9, 9, 5, 7, 9, 7, 9, 6, 5, 5, 7, 7, 9, 7, 5, 5, 5, 9, 5, 7, 9], [8, 7, 5, 5, 7, 5, 7, 5, 6, 7, 8, 7, 8, 9, 7, 5, 8, 8, 8, 6, 5, 7, 9, 7, 8], [7, 7, 9, 9, 9, 6, 8, 6, 6, 9, 5, 6, 9, 9, 7, 6, 6, 5, 8, 6, 5, 6, 8, 8, 7], [9, 9, 6, 9, 5, 7, 6, 7, 9, 7, 6, 9, 5, 5, 5, 6, 5, 5, 5, 6, 6, 6, 8, 7, 9], [7, 9, 5, 9, 9, 8, 5, 7, 7, 5, 9, 6, 9, 6, 8, 5, 7, 6, 8, 9, 7, 6, 5, 9, 9], [5, 7, 7, 8, 8, 8, 8, 5, 7, 9, 6, 7, 5, 9, 7, 7, 5, 5, 5, 8, 8, 7, 8, 8, 7], [6, 9, 8, 5, 5, 8, 7, 7, 5, 7, 8, 9, 6, 8, 7, 5, 8, 8, 7, 8, 8, 9, 6, 5, 5], [9, 5, 9, 9, 5, 7, 9, 6, 6, 7, 7, 7, 7, 8, 7, 9, 5, 7, 8, 5, 9, 9, 6, 8, 5], [8, 8, 8, 7, 6, 9, 9, 5, 5, 8, 6, 7, 7, 9, 7, 6, 7, 7, 6, 9, 5, 8, 6, 5, 9], [6, 8, 8, 6, 8, 7, 9, 7, 5, 9, 6, 7, 9, 7, 8, 7, 7, 6, 7, 7, 9, 7, 5, 8, 8], [6, 6, 7, 8, 5, 7, 9, 5, 9, 7, 8, 9, 9, 7, 9, 8, 5, 7, 7, 6, 8, 7, 9, 7, 9], [7, 8, 6, 9, 9, 5, 6, 8, 5, 7, 8, 8, 7, 7, 9, 8, 5, 7, 5, 6, 9, 5, 7, 9, 6], [9, 6, 6, 7, 5, 8, 6, 7, 8, 7, 7, 9, 5, 9, 8, 8, 6, 6, 7, 5, 9, 7, 5, 8, 9], [8, 7, 6, 5, 7, 9, 6, 5, 5, 6, 8, 6, 8, 5, 5, 6, 6, 7, 8, 8, 5, 6, 7, 7, 6], [8, 9, 9, 5, 6, 6, 6, 7, 9, 9, 7, 7, 7, 7, 7, 7, 5, 5, 7, 9, 6, 5, 9, 9, 9], [9, 6, 7, 6, 7, 8, 9, 5, 6, 6, 6, 8, 6, 6, 7, 8, 6, 6, 7, 6, 8, 5, 9, 8, 7], [5, 5, 8, 6, 9, 6, 6, 9, 9, 7, 8, 6, 6, 5, 5, 9, 7, 8, 5, 9, 6, 5, 7, 6, 9], [5, 9, 7, 8, 7, 8, 8, 9, 7, 6, 9, 5, 6, 5, 9, 7, 8, 9, 9, 8, 7, 8, 7, 8, 6], [5, 9, 6, 8, 8, 6, 9, 9, 7, 5, 7, 7, 6, 5, 7, 6, 9, 7, 9, 8, 7, 5, 5, 9, 8], [9, 6, 9, 5, 9, 7, 9, 7, 9, 9, 5, 8, 5, 7, 6, 5, 6, 5, 9, 8, 8, 5, 9, 5, 6], [8, 6, 5, 8, 8, 5, 7, 9, 8, 8, 6, 5, 5, 5, 6, 5, 9, 9, 6, 5, 5, 6, 6, 5, 7], [6, 5, 8, 9, 5, 9, 8, 5, 9, 6, 7, 7, 7, 6, 5, 9, 7, 6, 5, 7, 8, 9, 8, 9, 5], [8, 8, 6, 8, 5, 7, 7, 8, 7, 8, 9, 7, 6, 9, 8, 9, 9, 6, 5, 5, 5, 5, 9, 8, 5], [6, 7, 8, 7, 8, 6, 8, 5, 6, 5, 7, 5, 9, 5, 5, 5, 8, 8, 7, 9, 6, 6, 6, 5, 8], [5, 6, 9, 8, 5, 9, 5, 8, 9, 7, 8, 5, 8, 7, 8, 6, 8, 5, 9, 8, 7, 8, 6, 9, 9], [7, 7, 5, 9, 7, 8, 8, 9, 7, 5, 7, 9, 6, 9, 6, 8, 9, 6, 6, 7, 9, 6, 6, 9, 6], [9, 7, 6, 5, 7, 7, 8, 6, 8, 5, 6, 6, 9, 9, 5, 6, 8, 7, 5, 9, 5, 8, 7, 9, 8], [5, 8, 7, 8, 5, 5, 9, 9, 5, 7, 5, 9, 5, 7, 8, 6, 6, 7, 6, 9, 6, 7, 9, 8, 8], [5, 8, 7, 6, 8, 8, 7, 6, 9, 7, 7, 7, 8, 6, 6, 7, 5, 7, 8, 5, 7, 8, 6, 7, 9], [9, 8, 5, 7, 6, 9, 5, 5, 8, 8, 9, 7, 8, 5, 5, 6, 8, 6, 6, 6, 8, 8, 6, 6, 7], [6, 6, 6, 7, 6, 7, 5, 9, 9, 7, 5, 8, 9, 7, 5, 9, 8, 6, 7, 8, 7, 7, 6, 7, 9], [7, 9, 8, 8, 5, 7, 6, 6, 5, 9, 9, 5, 5, 7, 5, 8, 8, 7, 8, 8, 7, 6, 7, 9, 5], [9, 9, 5, 8, 6, 8, 8, 5, 8, 7, 8, 5, 8, 6, 5, 6, 5, 5, 7, 6, 7, 9, 6, 8, 7], [8, 9, 8, 7, 5, 8, 5, 7, 9, 8, 6, 6, 9, 8, 6, 9, 8, 8, 5, 9, 5, 9, 5, 9, 5], [5, 7, 7, 8, 6, 5, 8, 7, 6, 8, 6, 7, 7, 5, 9, 9, 6, 8, 8, 8, 9, 6, 7, 6, 6], [7, 5, 8, 6, 9, 6, 6, 6, 8, 9, 5, 8, 9, 7, 9, 6, 9, 8, 5, 6, 6, 5, 6, 5, 6], [5, 7, 7, 8, 6, 6, 9, 6, 7, 8, 6, 7, 8, 8, 9, 8, 9, 5, 6, 7, 5, 6, 9, 8, 7], [9, 6, 7, 9, 5, 5, 7, 9, 9, 6, 6, 6, 5, 7, 7, 7, 6, 9, 8, 5, 6, 7, 7, 5, 6], [8, 7, 8, 6, 7, 6, 7, 6, 8, 7, 8, 6, 5, 7, 5, 6, 5, 7, 8, 6, 5, 9, 5, 9, 7]]
Demand for each product in each period d: 
[[0, 20, 20, 38, 32, 1, 15, 39, 8, 22, 44, 34, 21, 49, 31, 21, 19, 38, 38, 24, 0, 16, 40, 20, 25], [14, 20, 36, 0, 24, 42, 47, 28, 24, 26, 0, 37, 8, 25, 25, 46, 45, 23, 28, 8, 6, 0, 22, 4, 40], [23, 15, 25, 38, 23, 47, 0, 37, 6, 14, 21, 5, 12, 30, 29, 27, 29, 21, 12, 4, 0, 43, 25, 36, 34], [16, 33, 40, 35, 19, 11, 7, 2, 1, 0, 29, 29, 4, 19, 28, 38, 32, 37, 4, 11, 19, 17, 15, 22, 37], [47, 42, 1, 16, 1, 21, 38, 16, 42, 38, 45, 36, 10, 27, 28, 41, 8, 15, 48, 41, 2, 8, 39, 43, 48], [30, 20, 31, 44, 48, 26, 1, 0, 23, 47, 43, 21, 16, 36, 18, 42, 34, 14, 20, 47, 31, 2, 41, 29, 18], [4, 43, 6, 27, 6, 43, 46, 33, 12, 46, 12, 0, 41, 36, 32, 12, 38, 0, 43, 16, 33, 35, 13, 23, 11], [18, 24, 0, 0, 19, 14, 3, 20, 26, 18, 26, 48, 16, 26, 38, 49, 26, 30, 49, 38, 12, 37, 15, 19, 15], [29, 48, 11, 35, 8, 45, 38, 7, 30, 16, 8, 28, 38, 17, 11, 8, 6, 49, 44, 2, 21, 32, 36, 0, 19], [16, 0, 48, 16, 0, 3, 32, 42, 16, 17, 40, 42, 27, 44, 38, 46, 18, 3, 18, 7, 10, 26, 2, 17, 7], [30, 31, 3, 35, 44, 7, 15, 14, 0, 39, 49, 26, 38, 7, 19, 28, 7, 24, 44, 25, 24, 36, 21, 32, 23], [0, 38, 22, 36, 20, 3, 39, 41, 45, 0, 13, 0, 18, 23, 5, 12, 49, 44, 12, 34, 47, 44, 45, 22, 47], [6, 2, 49, 40, 14, 39, 0, 47, 40, 25, 21, 12, 23, 5, 28, 49, 3, 37, 0, 24, 19, 42, 49, 30, 2], [8, 32, 15, 39, 39, 5, 0, 9, 14, 28, 44, 16, 35, 18, 19, 29, 15, 49, 15, 40, 24, 27, 35, 34, 5], [35, 21, 21, 46, 12, 12, 20, 4, 3, 0, 25, 36, 48, 42, 43, 3, 20, 42, 19, 0, 20, 23, 29, 43, 26], [20, 9, 13, 27, 8, 0, 13, 0, 6, 15, 14, 0, 19, 16, 29, 4, 12, 20, 18, 0, 28, 0, 5, 24, 0], [13, 15, 7, 15, 28, 4, 2, 16, 9, 17, 16, 15, 23, 2, 28, 22, 11, 1, 29, 14, 21, 23, 20, 14, 11], [28, 10, 4, 0, 1, 14, 25, 12, 24, 17, 4, 10, 23, 22, 21, 26, 18, 7, 24, 13, 19, 8, 14, 8, 22], [25, 22, 24, 1, 6, 11, 17, 6, 20, 11, 12, 5, 25, 27, 5, 20, 14, 25, 28, 12, 13, 23, 5, 4, 17], [4, 0, 17, 14, 13, 9, 12, 20, 6, 25, 3, 5, 21, 9, 19, 29, 9, 26, 1, 3, 19, 0, 17, 8, 7], [25, 28, 10, 27, 23, 28, 7, 0, 0, 16, 22, 1, 26, 5, 27, 27, 5, 8, 0, 0, 7, 0, 2, 23, 21], [7, 9, 11, 15, 13, 11, 9, 5, 13, 13, 6, 3, 4, 15, 3, 12, 22, 6, 13, 26, 16, 26, 11, 0, 0], [3, 27, 11, 1, 9, 4, 7, 25, 1, 13, 21, 10, 7, 1, 0, 0, 0, 18, 18, 8, 12, 22, 23, 0, 25], [4, 29, 8, 7, 18, 28, 5, 4, 19, 7, 13, 13, 16, 9, 9, 0, 0, 5, 16, 17, 12, 26, 15, 0, 29], [21, 1, 16, 10, 0, 4, 29, 13, 7, 4, 16, 25, 12, 13, 11, 7, 3, 14, 4, 17, 17, 3, 6, 10, 26], [25, 0, 19, 5, 9, 2, 27, 6, 21, 14, 15, 16, 29, 28, 5, 18, 18, 14, 1, 13, 2, 8, 27, 10, 11], [8, 1, 24, 18, 20, 27, 22, 24, 11, 20, 14, 9, 24, 26, 22, 22, 25, 21, 0, 0, 8, 11, 18, 24, 9], [0, 20, 2, 26, 25, 10, 27, 7, 0, 27, 4, 23, 29, 22, 26, 1, 0, 22, 6, 8, 22, 16, 24, 26, 27], [9, 24, 4, 9, 2, 25, 0, 20, 8, 20, 29, 26, 10, 1, 19, 8, 0, 28, 7, 12, 7, 7, 27, 22, 13], [0, 0, 16, 17, 27, 7, 3, 0, 0, 8, 16, 22, 26, 13, 17, 23, 17, 15, 7, 19, 16, 21, 27, 8, 18], [15, 23, 13, 0, 19, 10, 11, 25, 2, 5, 0, 6, 7, 11, 0, 3, 12, 10, 27, 18, 1, 10, 20, 25, 15], [18, 29, 2, 20, 10, 10, 19, 15, 14, 24, 28, 9, 21, 11, 0, 6, 4, 9, 3, 11, 0, 16, 6, 19, 24], [29, 6, 8, 26, 28, 14, 29, 10, 8, 10, 10, 8, 14, 10, 20, 10, 14, 29, 2, 29, 20, 28, 2, 0, 11], [7, 0, 16, 14, 3, 24, 7, 2, 9, 23, 28, 6, 3, 28, 19, 13, 0, 23, 24, 1, 4, 0, 8, 18, 28], [11, 0, 18, 19, 18, 0, 24, 15, 9, 2, 29, 4, 0, 15, 24, 7, 8, 26, 26, 26, 26, 15, 27, 13, 16], [1, 10, 0, 21, 8, 21, 27, 13, 19, 16, 0, 0, 0, 0, 13, 9, 29, 20, 7, 3, 12, 2, 4, 0, 26], [15, 0, 2, 0, 4, 28, 2, 10, 23, 8, 1, 12, 5, 19, 17, 25, 25, 15, 0, 9, 8, 2, 2, 29, 27], [20, 13, 25, 3, 23, 17, 23, 5, 8, 2, 21, 5, 11, 2, 8, 11, 0, 11, 21, 0, 20, 16, 23, 13, 27], [0, 5, 5, 21, 17, 7, 11, 10, 0, 10, 26, 3, 1, 27, 23, 20, 0, 20, 10, 0, 22, 0, 16, 6, 8], [25, 26, 21, 24, 18, 2, 19, 15, 4, 25, 12, 7, 1, 1, 14, 7, 13, 5, 2, 6, 14, 23, 24, 3, 7], [6, 7, 9, 8, 2, 5, 1, 4, 6, 6, 1, 3, 0, 7, 4, 8, 1, 4, 3, 2, 0, 0, 3, 9, 0], [0, 3, 4, 6, 0, 7, 9, 4, 9, 1, 1, 5, 1, 5, 6, 7, 0, 1, 3, 7, 9, 5, 0, 1, 6], [0, 0, 0, 0, 0, 8, 1, 5, 9, 9, 0, 8, 9, 2, 0, 4, 2, 0, 0, 0, 5, 3, 6, 3, 0], [7, 8, 5, 1, 6, 5, 3, 3, 7, 5, 8, 1, 0, 6, 8, 4, 2, 4, 4, 7, 9, 0, 0, 7, 5], [8, 0, 9, 3, 3, 6, 3, 5, 8, 2, 4, 3, 0, 0, 6, 6, 7, 2, 3, 4, 5, 0, 0, 4, 6], [8, 6, 9, 6, 1, 6, 7, 7, 6, 8, 2, 1, 8, 0, 6, 6, 4, 5, 5, 9, 7, 4, 2, 6, 4], [7, 4, 8, 3, 2, 3, 5, 4, 0, 9, 1, 3, 1, 9, 4, 2, 7, 6, 9, 3, 3, 2, 3, 1, 1], [1, 6, 4, 0, 3, 8, 0, 7, 3, 0, 6, 3, 7, 3, 4, 0, 0, 3, 9, 8, 7, 9, 6, 4, 1], [0, 4, 8, 9, 3, 1, 7, 6, 9, 0, 2, 8, 4, 7, 8, 0, 9, 9, 6, 0, 8, 0, 8, 5, 9], [0, 9, 9, 1, 8, 2, 5, 5, 1, 5, 2, 3, 5, 2, 4, 2, 9, 6, 5, 7, 0, 6, 5, 8, 7], [6, 5, 3, 4, 3, 0, 8, 9, 1, 3, 1, 0, 6, 9, 2, 2, 5, 6, 6, 6, 8, 6, 5, 8, 0], [0, 9, 6, 0, 2, 3, 0, 9, 0, 7, 4, 2, 8, 3, 6, 5, 0, 3, 5, 8, 3, 0, 8, 0, 4], [0, 7, 9, 2, 7, 8, 7, 2, 0, 8, 7, 5, 1, 8, 5, 6, 1, 3, 1, 1, 4, 3, 4, 7, 6], [1, 0, 6, 9, 5, 7, 0, 6, 5, 5, 9, 7, 5, 6, 5, 7, 8, 0, 4, 3, 6, 0, 9, 8, 9], [1, 8, 1, 6, 8, 8, 6, 5, 3, 9, 6, 0, 8, 0, 5, 8, 8, 4, 6, 4, 6, 5, 5, 7, 2], [5, 0, 4, 2, 0, 1, 2, 8, 4, 5, 3, 9, 9, 9, 2, 7, 5, 4, 1, 1, 2, 8, 0, 8, 0], [4, 9, 4, 4, 0, 3, 5, 8, 8, 0, 3, 0, 7, 4, 1, 7, 0, 6, 0, 5, 0, 0, 5, 2, 6], [1, 7, 3, 2, 4, 9, 0, 0, 5, 0, 8, 2, 3, 8, 9, 9, 5, 1, 6, 4, 1, 0, 6, 0, 3], [0, 4, 5, 3, 7, 6, 9, 7, 4, 0, 3, 9, 8, 8, 3, 6, 0, 6, 4, 6, 0, 7, 6, 3, 3], [7, 6, 4, 8, 0, 8, 2, 2, 9, 4, 4, 5, 5, 7, 3, 2, 0, 3, 2, 6, 3, 0, 5, 4, 6], [6, 8, 4, 5, 1, 3, 5, 2, 0, 2, 5, 6, 1, 4, 6, 7, 0, 6, 7, 0, 9, 1, 5, 7, 4], [4, 5, 4, 4, 5, 9, 0, 5, 5, 0, 6, 1, 0, 9, 8, 4, 9, 3, 2, 3, 9, 9, 7, 5, 9], [0, 7, 9, 6, 9, 8, 3, 0, 9, 6, 0, 7, 0, 1, 4, 3, 7, 7, 0, 0, 0, 9, 0, 6, 4], [8, 2, 7, 9, 7, 2, 7, 6, 6, 0, 2, 0, 0, 8, 6, 8, 2, 3, 9, 2, 5, 0, 1, 4, 3], [3, 0, 2, 9, 6, 8, 3, 7, 9, 0, 7, 6, 3, 9, 5, 3, 2, 3, 4, 0, 9, 9, 2, 7, 3], [0, 6, 5, 7, 3, 5, 0, 9, 8, 2, 5, 5, 1, 9, 7, 4, 3, 7, 7, 6, 9, 0, 6, 4, 4], [3, 1, 9, 7, 1, 4, 9, 9, 1, 6, 0, 5, 0, 1, 3, 2, 0, 9, 5, 5, 4, 4, 7, 8, 8], [9, 6, 3, 4, 0, 0, 3, 3, 8, 8, 4, 5, 8, 2, 2, 4, 8, 6, 6, 5, 6, 0, 6, 1, 7], [1, 5, 9, 5, 2, 0, 3, 7, 7, 6, 7, 5, 1, 0, 8, 0, 8, 4, 3, 3, 5, 1, 1, 3, 3], [1, 2, 6, 6, 2, 9, 5, 7, 9, 9, 5, 1, 7, 7, 1, 0, 8, 4, 8, 6, 0, 3, 7, 0, 0], [9, 5, 7, 9, 0, 3, 0, 5, 9, 0, 2, 6, 7, 2, 2, 4, 7, 6, 7, 1, 5, 9, 1, 2, 0], [6, 0, 0, 2, 2, 1, 9, 8, 2, 6, 0, 1, 1, 2, 7, 8, 0, 6, 5, 1, 3, 4, 0, 0, 7], [2, 6, 2, 8, 8, 6, 0, 0, 0, 9, 5, 1, 6, 3, 4, 5, 0, 5, 5, 4, 1, 8, 0, 8, 9], [8, 4, 6, 9, 8, 5, 2, 9, 3, 3, 6, 8, 4, 8, 6, 8, 4, 1, 2, 9, 9, 0, 1, 0, 2], [2, 2, 2, 2, 7, 1, 3, 0, 8, 9, 6, 2, 0, 8, 0, 0, 4, 8, 6, 8, 3, 9, 9, 7, 3], [4, 5, 0, 8, 0, 3, 5, 3, 0, 0, 9, 6, 9, 6, 4, 2, 0, 6, 4, 2, 1, 1, 2, 9, 3], [0, 6, 3, 4, 7, 6, 6, 2, 2, 3, 4, 7, 8, 5, 4, 1, 5, 5, 2, 8, 2, 7, 2, 3, 6], [0, 4, 9, 1, 3, 6, 7, 2, 4, 3, 0, 7, 9, 3, 0, 9, 8, 9, 2, 9, 2, 6, 6, 0, 0], [0, 4, 4, 5, 5, 3, 3, 9, 4, 7, 0, 5, 1, 5, 3, 2, 0, 2, 2, 7, 6, 4, 9, 0, 0], [6, 1, 0, 4, 3, 2, 8, 5, 5, 4, 4, 4, 1, 4, 6, 7, 2, 3, 2, 0, 1, 1, 4, 6, 4], [9, 3, 0, 6, 0, 2, 4, 7, 3, 5, 9, 4, 9, 0, 1, 3, 5, 5, 6, 6, 6, 2, 8, 7, 9], [3, 0, 5, 8, 0, 4, 5, 3, 4, 5, 9, 0, 6, 6, 8, 6, 7, 3, 4, 1, 6, 4, 5, 9, 0], [0, 6, 8, 0, 7, 3, 7, 5, 3, 3, 9, 0, 9, 2, 3, 8, 8, 8, 6, 4, 5, 2, 3, 6, 6], [2, 1, 6, 7, 0, 2, 9, 4, 9, 6, 3, 2, 9, 5, 0, 5, 6, 6, 3, 0, 9, 5, 8, 0, 8], [8, 7, 8, 1, 7, 8, 9, 5, 3, 9, 4, 6, 1, 4, 1, 6, 5, 5, 3, 3, 7, 4, 1, 2, 0], [0, 3, 8, 7, 2, 0, 2, 9, 8, 3, 0, 1, 7, 7, 9, 2, 1, 9, 4, 2, 9, 8, 4, 4, 1], [9, 2, 7, 7, 0, 5, 9, 8, 1, 0, 5, 7, 1, 9, 7, 0, 1, 1, 4, 8, 3, 5, 0, 8, 4], [9, 6, 5, 1, 8, 3, 7, 7, 1, 7, 4, 0, 6, 3, 0, 5, 2, 4, 8, 0, 4, 9, 1, 2, 0], [4, 0, 1, 1, 9, 4, 6, 0, 0, 6, 3, 6, 3, 4, 6, 7, 1, 8, 7, 9, 9, 8, 6, 0, 3], [7, 2, 1, 4, 5, 8, 2, 8, 7, 6, 0, 3, 3, 9, 4, 4, 9, 2, 9, 7, 4, 0, 0, 6, 6], [9, 6, 3, 0, 0, 2, 3, 1, 0, 2, 9, 5, 3, 6, 1, 6, 8, 1, 4, 2, 6, 1, 8, 8, 2], [9, 8, 1, 2, 0, 4, 0, 8, 5, 1, 4, 6, 1, 1, 6, 5, 4, 9, 3, 8, 9, 7, 9, 9, 2], [8, 6, 9, 6, 1, 0, 5, 3, 5, 0, 1, 5, 0, 3, 5, 0, 8, 9, 8, 6, 2, 4, 8, 4, 1], [1, 7, 3, 6, 7, 1, 4, 1, 9, 1, 0, 6, 9, 2, 2, 1, 3, 9, 0, 1, 8, 4, 6, 1, 1], [0, 5, 4, 3, 8, 3, 9, 0, 0, 1, 4, 8, 4, 0, 4, 2, 6, 4, 0, 1, 0, 8, 3, 2, 9], [5, 6, 1, 7, 0, 5, 4, 9, 4, 9, 1, 5, 8, 3, 5, 6, 8, 1, 6, 6, 5, 0, 3, 2, 0], [6, 2, 7, 7, 3, 3, 2, 1, 1, 1, 6, 7, 0, 8, 0, 4, 9, 9, 5, 3, 2, 5, 2, 2, 1], [6, 5, 8, 2, 4, 8, 8, 9, 3, 5, 9, 9, 1, 5, 4, 8, 9, 8, 6, 5, 0, 2, 1, 1, 6], [6, 8, 0, 7, 0, 4, 1, 7, 2, 2, 6, 0, 0, 9, 9, 0, 4, 8, 4, 0, 7, 5, 3, 3, 2], [7, 4, 5, 8, 0, 8, 0, 0, 3, 3, 0, 9, 6, 7, 1, 5, 6, 1, 0, 0, 2, 0, 9, 8, 4]]
Maintenance cost in each period m: 
[11966, 8684, 12076, 11797, 11118, 11381, 9367, 10074, 10406, 11693, 11815, 9157, 10040, 10366, 9121, 8577, 9092, 10594, 9735, 9372, 10584, 12347, 10508, 11895, 10044]
Maximum capacity of the machine cmax: 
4700