Set of periods in the planning horizon T: 
10
Set of products P: 
100
Capacity reduction coefficient alpha: 
0.8
Relative decrease of capacity per set up gamma: 
0.34
Capacity reduction coefficient due to product types beta: 
[0.32, 0.39, 0.28, 0.29, 0.31, 0.28, 0.22, 0.24, 0.22, 0.22, 0.34, 0.3, 0.37, 0.23, 0.24, 0.29, 0.25, 0.23, 0.31, 0.38, 0.24, 0.25, 0.29, 0.35, 0.37, 0.33, 0.38, 0.37, 0.29, 0.34, 0.39, 0.31, 0.32, 0.33, 0.35, 0.3, 0.22, 0.26, 0.26, 0.22, 0.22, 0.36, 0.28, 0.25, 0.27, 0.22, 0.25, 0.3, 0.34, 0.33, 0.25, 0.24, 0.3, 0.38, 0.31, 0.33, 0.37, 0.27, 0.33, 0.35, 0.38, 0.34, 0.34, 0.29, 0.26, 0.29, 0.33, 0.37, 0.33, 0.3, 0.25, 0.24, 0.39, 0.22, 0.27, 0.35, 0.3, 0.32, 0.35, 0.24, 0.23, 0.35, 0.26, 0.37, 0.21, 0.35, 0.4, 0.3, 0.21, 0.39, 0.35, 0.21, 0.21, 0.33, 0.27, 0.31, 0.3, 0.39, 0.37, 0.23]
Fixed production cost of each product in each period f: 
[[945, 990, 997, 993, 691, 766, 819, 750, 608, 539], [795, 597, 535, 961, 721, 956, 631, 969, 635, 848], [823, 629, 894, 933, 941, 570, 972, 530, 966, 772], [810, 556, 915, 663, 671, 881, 903, 747, 863, 887], [790, 521, 540, 543, 784, 583, 799, 582, 698, 815], [748, 664, 894, 653, 605, 674, 675, 759, 680, 967], [623, 846, 920, 870, 725, 514, 555, 589, 760, 925], [694, 764, 925, 519, 745, 612, 852, 656, 646, 989], [797, 686, 744, 961, 646, 529, 663, 645, 662, 577], [722, 738, 768, 755, 721, 968, 843, 690, 568, 605], [752, 798, 778, 702, 787, 721, 545, 533, 977, 529], [525, 837, 557, 746, 640, 992, 975, 868, 796, 521], [678, 689, 513, 625, 637, 984, 620, 639, 901, 653], [706, 971, 729, 911, 503, 945, 669, 743, 728, 878], [914, 749, 747, 805, 980, 774, 622, 875, 785, 918], [570, 679, 959, 931, 737, 943, 911, 989, 621, 817], [702, 795, 639, 537, 507, 975, 985, 872, 800, 618], [628, 676, 505, 743, 603, 960, 870, 565, 753, 963], [903, 847, 590, 546, 723, 694, 795, 818, 567, 757], [555, 973, 830, 755, 710, 919, 532, 588, 550, 979], [510, 730, 908, 745, 501, 817, 754, 843, 817, 773], [652, 564, 618, 514, 798, 691, 517, 574, 583, 891], [747, 988, 860, 868, 669, 673, 747, 919, 670, 615], [634, 990, 911, 645, 531, 595, 510, 803, 513, 525], [625, 866, 705, 908, 698, 591, 834, 734, 868, 900], [906, 780, 906, 906, 743, 651, 952, 640, 992, 771], [711, 723, 685, 524, 556, 563, 649, 556, 749, 789], [736, 715, 908, 613, 740, 770, 649, 791, 563, 712], [638, 503, 803, 624, 881, 747, 768, 842, 878, 705], [988, 762, 517, 741, 542, 758, 645, 717, 862, 661], [773, 930, 957, 855, 806, 754, 802, 667, 951, 842], [770, 664, 560, 834, 547, 821, 633, 558, 790, 543], [757, 801, 960, 730, 725, 721, 938, 568, 678, 787], [920, 725, 861, 990, 530, 746, 970, 677, 752, 870], [679, 922, 568, 789, 779, 725, 573, 516, 734, 868], [927, 848, 629, 569, 938, 966, 895, 550, 648, 798], [817, 715, 859, 758, 729, 963, 950, 515, 968, 576], [743, 659, 844, 551, 767, 798, 945, 980, 977, 519], [988, 599, 670, 781, 651, 989, 609, 622, 587, 961], [741, 759, 955, 690, 737, 988, 722, 545, 938, 548], [939, 989, 992, 573, 587, 638, 752, 608, 803, 501], [817, 636, 871, 852, 615, 863, 756, 812, 989, 602], [765, 794, 778, 505, 616, 596, 680, 682, 659, 583], [506, 550, 897, 911, 914, 655, 961, 985, 787, 536], [566, 720, 614, 735, 832, 754, 804, 746, 756, 992], [973, 510, 640, 965, 718, 688, 531, 656, 949, 794], [817, 841, 604, 886, 854, 970, 710, 866, 962, 633], [541, 620, 588, 608, 969, 698, 938, 787, 758, 936], [758, 993, 845, 936, 648, 984, 848, 996, 628, 610], [978, 585, 893, 803, 762, 600, 538, 702, 633, 887], [672, 996, 781, 785, 793, 776, 559, 969, 681, 888], [665, 502, 900, 608, 626, 534, 589, 818, 530, 813], [740, 536, 605, 974, 948, 805, 583, 735, 924, 716], [526, 967, 738, 969, 501, 949, 519, 814, 788, 658], [630, 797, 582, 977, 730, 907, 650, 874, 994, 786], [526, 954, 572, 995, 980, 621, 853, 625, 746, 909], [860, 823, 961, 513, 674, 724, 859, 771, 890, 967], [965, 932, 751, 866, 966, 964, 646, 700, 707, 573], [793, 941, 709, 999, 656, 834, 740, 513, 943, 530], [841, 766, 860, 644, 887, 835, 643, 934, 540, 727], [579, 969, 711, 596, 713, 705, 691, 844, 775, 950], [990, 713, 581, 656, 787, 856, 528, 977, 891, 555], [662, 823, 580, 624, 706, 597, 802, 903, 503, 574], [882, 615, 765, 865, 650, 597, 789, 737, 931, 743], [745, 531, 997, 739, 672, 531, 623, 500, 766, 619], [620, 944, 736, 526, 722, 579, 925, 536, 555, 500], [667, 989, 902, 960, 927, 833, 887, 705, 751, 937], [856, 557, 875, 715, 523, 531, 828, 553, 957, 756], [802, 939, 972, 945, 612, 668, 971, 979, 687, 907], [694, 652, 899, 791, 502, 848, 628, 728, 660, 912], [643, 630, 953, 622, 953, 574, 849, 572, 853, 742], [567, 531, 938, 965, 713, 758, 670, 537, 954, 826], [908, 950, 763, 521, 926, 519, 831, 940, 710, 817], [700, 930, 968, 682, 520, 765, 950, 594, 550, 736], [963, 871, 976, 753, 817, 857, 600, 924, 953, 773], [878, 823, 506, 564, 712, 571, 698, 822, 732, 749], [966, 977, 887, 550, 789, 925, 584, 837, 534, 790], [742, 960, 863, 940, 937, 765, 874, 568, 850, 745], [676, 986, 826, 966, 622, 631, 917, 576, 581, 580], [713, 552, 978, 617, 713, 763, 819, 983, 616, 937], [567, 621, 779, 664, 740, 774, 667, 981, 660, 532], [833, 712, 895, 561, 931, 669, 981, 586, 802, 991], [930, 570, 711, 718, 713, 533, 897, 686, 728, 520], [955, 520, 824, 885, 744, 902, 736, 626, 718, 554], [987, 949, 705, 586, 705, 767, 857, 772, 558, 787], [541, 701, 700, 752, 718, 914, 767, 721, 802, 549], [851, 854, 905, 692, 978, 556, 610, 631, 614, 584], [664, 505, 885, 904, 630, 896, 649, 987, 742, 527], [805, 956, 929, 713, 873, 504, 927, 594, 844, 708], [702, 902, 620, 834, 537, 615, 780, 640, 851, 940], [649, 610, 704, 744, 800, 695, 697, 727, 522, 725], [719, 741, 812, 635, 642, 538, 506, 541, 752, 834], [957, 586, 663, 722, 810, 867, 833, 586, 628, 657], [729, 938, 605, 991, 763, 714, 839, 949, 520, 736], [921, 923, 706, 840, 791, 525, 893, 972, 825, 773], [784, 976, 506, 974, 844, 505, 877, 995, 760, 963], [805, 638, 630, 844, 883, 735, 565, 889, 977, 841], [543, 838, 928, 583, 671, 562, 780, 688, 636, 594], [618, 609, 641, 518, 737, 975, 582, 820, 979, 952], [811, 917, 747, 957, 762, 978, 780, 971, 889, 882]]
Variable production cost per unit of each product in each period p: 
[[10, 12, 12, 13, 11, 12, 11, 11, 11, 13], [11, 13, 10, 12, 11, 10, 10, 10, 10, 13], [12, 12, 10, 10, 11, 12, 11, 12, 12, 11], [11, 13, 10, 12, 11, 13, 10, 11, 13, 12], [13, 10, 11, 11, 12, 10, 13, 12, 13, 13], [12, 13, 10, 11, 13, 10, 13, 11, 13, 11], [10, 13, 13, 12, 13, 10, 10, 11, 11, 11], [12, 13, 10, 12, 13, 10, 11, 10, 11, 11], [13, 13, 11, 13, 12, 10, 11, 13, 12, 12], [11, 10, 12, 13, 13, 11, 12, 13, 11, 13], [11, 10, 12, 10, 12, 13, 10, 13, 10, 12], [12, 11, 11, 11, 13, 12, 13, 10, 10, 13], [11, 13, 13, 11, 10, 13, 13, 11, 10, 12], [10, 10, 11, 10, 12, 13, 10, 10, 11, 12], [12, 11, 11, 10, 13, 12, 11, 11, 10, 10], [12, 13, 12, 12, 12, 11, 10, 12, 11, 13], [13, 10, 11, 13, 11, 11, 11, 11, 12, 11], [10, 11, 12, 10, 11, 10, 12, 10, 10, 10], [13, 11, 11, 13, 13, 12, 10, 11, 11, 13], [13, 12, 11, 12, 12, 11, 13, 10, 13, 12], [11, 10, 11, 11, 12, 13, 13, 12, 11, 13], [12, 10, 12, 11, 10, 12, 11, 13, 10, 10], [13, 13, 13, 10, 12, 13, 12, 12, 11, 10], [10, 10, 11, 12, 11, 12, 11, 11, 11, 12], [11, 11, 13, 13, 10, 12, 11, 12, 13, 12], [13, 12, 10, 12, 11, 13, 10, 11, 11, 13], [13, 10, 11, 13, 11, 10, 11, 13, 12, 12], [12, 10, 12, 13, 13, 13, 10, 12, 12, 10], [10, 11, 13, 10, 11, 11, 11, 11, 12, 11], [11, 10, 13, 10, 11, 11, 10, 13, 13, 11], [10, 13, 13, 10, 13, 12, 11, 11, 13, 11], [11, 11, 12, 11, 10, 12, 10, 13, 11, 11], [11, 13, 12, 10, 11, 12, 12, 11, 10, 13], [11, 10, 10, 11, 13, 11, 10, 12, 10, 13], [10, 12, 10, 13, 12, 10, 10, 13, 10, 11], [12, 12, 10, 11, 11, 11, 12, 11, 11, 11], [11, 10, 12, 10, 13, 11, 11, 13, 12, 11], [10, 11, 12, 12, 12, 11, 13, 10, 11, 11], [13, 11, 10, 10, 11, 10, 11, 12, 12, 11], [11, 13, 12, 12, 12, 13, 11, 11, 13, 11], [12, 10, 12, 12, 13, 13, 13, 11, 13, 11], [11, 11, 13, 10, 12, 12, 13, 10, 10, 12], [10, 12, 12, 11, 13, 11, 10, 13, 13, 11], [10, 11, 12, 12, 11, 10, 11, 13, 13, 12], [12, 12, 12, 11, 10, 11, 13, 12, 11, 11], [10, 10, 13, 13, 11, 13, 13, 12, 13, 13], [12, 11, 10, 11, 10, 12, 11, 13, 10, 13], [13, 13, 10, 10, 10, 13, 10, 11, 10, 12], [12, 12, 10, 13, 10, 12, 10, 12, 11, 10], [13, 10, 12, 12, 13, 11, 11, 10, 12, 12], [10, 12, 10, 13, 13, 13, 13, 11, 11, 11], [13, 10, 11, 13, 13, 10, 10, 11, 10, 11], [11, 10, 11, 13, 13, 12, 11, 11, 13, 13], [12, 12, 12, 13, 13, 12, 11, 10, 12, 10], [12, 13, 11, 11, 10, 10, 12, 10, 11, 11], [13, 13, 11, 12, 10, 13, 10, 12, 13, 13], [10, 11, 11, 10, 11, 13, 13, 12, 10, 13], [12, 13, 10, 12, 10, 10, 13, 13, 12, 13], [10, 11, 11, 12, 11, 11, 11, 11, 13, 12], [11, 13, 10, 11, 11, 10, 12, 11, 12, 13], [10, 11, 11, 13, 10, 11, 10, 11, 12, 11], [13, 10, 12, 12, 13, 13, 12, 10, 11, 11], [10, 13, 12, 13, 13, 13, 10, 10, 10, 12], [12, 13, 13, 13, 13, 11, 10, 12, 11, 12], [10, 12, 13, 11, 13, 12, 10, 13, 11, 13], [12, 13, 11, 11, 11, 12, 13, 12, 12, 11], [10, 10, 11, 11, 12, 12, 11, 11, 11, 12], [11, 13, 11, 10, 13, 12, 11, 12, 10, 11], [12, 13, 13, 13, 11, 11, 11, 12, 11, 13], [10, 12, 11, 13, 10, 10, 12, 11, 12, 11], [11, 11, 11, 10, 13, 13, 12, 11, 13, 13], [12, 13, 12, 10, 13, 13, 11, 12, 10, 10], [13, 11, 12, 12, 10, 13, 12, 13, 13, 10], [13, 11, 10, 10, 13, 11, 13, 10, 10, 13], [11, 10, 13, 13, 11, 10, 12, 13, 12, 12], [13, 11, 11, 11, 10, 10, 13, 13, 13, 10], [13, 10, 13, 11, 11, 13, 11, 13, 10, 12], [11, 11, 11, 13, 11, 10, 13, 12, 12, 13], [12, 13, 12, 11, 12, 10, 11, 10, 10, 13], [10, 12, 10, 10, 11, 11, 12, 11, 13, 11], [12, 12, 12, 11, 10, 11, 11, 12, 13, 13], [11, 12, 13, 11, 13, 11, 12, 10, 12, 11], [12, 11, 11, 12, 11, 10, 11, 13, 10, 11], [10, 11, 13, 11, 12, 13, 12, 10, 13, 13], [10, 11, 13, 10, 11, 11, 12, 10, 12, 10], [11, 12, 10, 10, 10, 10, 11, 13, 10, 10], [13, 13, 10, 12, 13, 12, 10, 10, 11, 13], [12, 10, 13, 12, 10, 10, 13, 12, 10, 11], [13, 13, 13, 10, 11, 12, 11, 11, 12, 12], [12, 10, 13, 13, 10, 13, 10, 13, 10, 10], [11, 10, 13, 12, 10, 13, 11, 10, 13, 12], [13, 13, 11, 10, 13, 10, 13, 11, 12, 13], [12, 10, 13, 11, 11, 11, 10, 13, 10, 12], [13, 11, 12, 10, 12, 11, 12, 11, 13, 12], [12, 11, 10, 10, 11, 10, 10, 13, 11, 12], [10, 12, 13, 13, 13, 10, 13, 12, 13, 10], [13, 13, 13, 10, 13, 13, 10, 11, 10, 12], [10, 10, 11, 12, 11, 13, 11, 12, 12, 10], [11, 13, 10, 12, 10, 10, 10, 13, 13, 10], [11, 12, 12, 13, 12, 11, 10, 13, 11, 10]]
Inventory holding cost per unit of each product by the end of each period h: 
[[6, 5, 5, 5, 5, 8, 5, 8, 9, 5], [5, 9, 9, 6, 7, 9, 6, 8, 7, 7], [7, 8, 7, 9, 9, 6, 5, 8, 6, 8], [7, 7, 5, 7, 7, 7, 7, 7, 6, 9], [5, 9, 8, 9, 9, 7, 7, 5, 8, 5], [9, 5, 8, 6, 5, 6, 5, 8, 6, 6], [8, 8, 9, 8, 5, 9, 8, 7, 7, 9], [9, 9, 7, 6, 5, 6, 7, 5, 8, 7], [6, 7, 9, 8, 5, 6, 6, 5, 9, 8], [9, 8, 7, 6, 6, 5, 8, 5, 9, 5], [6, 9, 7, 5, 5, 8, 7, 5, 7, 5], [7, 8, 9, 8, 6, 8, 9, 8, 8, 8], [5, 5, 5, 5, 5, 7, 9, 9, 5, 6], [9, 5, 8, 8, 8, 8, 8, 8, 6, 5], [5, 8, 6, 5, 7, 7, 7, 7, 5, 6], [8, 8, 9, 5, 8, 8, 5, 5, 9, 5], [6, 9, 6, 5, 9, 9, 8, 5, 8, 7], [9, 9, 9, 7, 7, 5, 7, 5, 7, 8], [9, 7, 7, 6, 6, 5, 5, 7, 6, 5], [9, 7, 8, 9, 5, 9, 6, 5, 5, 7], [8, 8, 9, 9, 7, 8, 8, 7, 9, 5], [6, 9, 6, 9, 7, 7, 7, 6, 8, 6], [8, 5, 6, 8, 9, 8, 8, 5, 9, 9], [9, 9, 5, 6, 6, 6, 7, 9, 7, 6], [5, 5, 7, 6, 9, 6, 5, 7, 5, 9], [7, 7, 9, 5, 8, 9, 5, 5, 9, 9], [9, 7, 5, 9, 8, 9, 7, 9, 6, 8], [8, 8, 7, 5, 6, 9, 8, 9, 6, 9], [7, 8, 7, 9, 6, 8, 5, 6, 6, 7], [7, 5, 7, 5, 5, 9, 8, 5, 5, 5], [9, 5, 5, 7, 6, 7, 6, 5, 7, 7], [6, 6, 9, 8, 9, 6, 5, 5, 6, 6], [9, 5, 8, 7, 9, 9, 9, 7, 8, 6], [8, 5, 9, 6, 8, 7, 6, 9, 5, 6], [6, 9, 5, 8, 7, 8, 5, 6, 5, 5], [8, 8, 9, 8, 6, 5, 8, 6, 5, 6], [6, 9, 7, 8, 8, 8, 7, 9, 8, 8], [6, 8, 7, 9, 9, 9, 9, 5, 7, 5], [9, 7, 7, 6, 8, 5, 9, 5, 8, 8], [6, 9, 7, 6, 9, 6, 8, 9, 5, 9], [8, 8, 9, 9, 7, 8, 5, 9, 8, 8], [9, 8, 6, 9, 8, 7, 9, 9, 9, 7], [6, 7, 8, 7, 9, 7, 9, 5, 5, 6], [6, 6, 6, 8, 7, 5, 5, 6, 7, 6], [9, 8, 9, 7, 9, 9, 7, 9, 8, 9], [8, 8, 7, 7, 8, 6, 6, 9, 5, 8], [5, 9, 8, 8, 6, 7, 5, 7, 6, 5], [5, 5, 9, 5, 6, 8, 7, 5, 7, 7], [7, 6, 5, 8, 7, 9, 8, 6, 8, 8], [9, 6, 5, 5, 8, 7, 7, 7, 7, 5], [7, 8, 9, 5, 9, 7, 5, 6, 6, 5], [8, 8, 7, 8, 9, 9, 8, 7, 9, 9], [9, 6, 9, 5, 9, 7, 6, 9, 9, 6], [8, 6, 6, 9, 5, 6, 5, 5, 6, 7], [6, 8, 6, 5, 7, 5, 8, 7, 6, 5], [6, 7, 5, 6, 9, 8, 6, 9, 5, 5], [8, 8, 7, 7, 5, 7, 5, 5, 8, 9], [8, 7, 5, 7, 5, 5, 5, 8, 6, 6], [8, 5, 7, 8, 7, 8, 7, 6, 6, 8], [5, 9, 7, 6, 9, 8, 5, 9, 7, 7], [6, 5, 5, 8, 9, 9, 8, 7, 8, 7], [7, 6, 9, 5, 8, 7, 9, 6, 9, 6], [9, 7, 7, 8, 7, 8, 5, 5, 8, 6], [8, 7, 5, 8, 5, 8, 5, 6, 8, 8], [9, 7, 7, 7, 7, 7, 9, 9, 8, 5], [6, 8, 7, 9, 5, 6, 5, 8, 6, 9], [9, 5, 5, 7, 7, 8, 9, 7, 8, 8], [7, 7, 8, 9, 7, 8, 9, 6, 9, 5], [9, 7, 8, 6, 8, 6, 9, 9, 6, 8], [5, 8, 6, 9, 6, 7, 9, 5, 5, 7], [8, 5, 9, 9, 5, 5, 9, 7, 6, 5], [9, 9, 6, 7, 8, 7, 6, 8, 8, 8], [5, 5, 7, 9, 7, 9, 8, 5, 5, 7], [5, 5, 8, 6, 8, 7, 8, 9, 9, 9], [8, 9, 9, 8, 7, 5, 9, 8, 9, 9], [8, 6, 7, 5, 5, 5, 5, 6, 9, 7], [7, 6, 7, 5, 9, 5, 8, 6, 9, 6], [7, 5, 6, 7, 6, 8, 7, 9, 6, 7], [5, 6, 8, 9, 5, 7, 9, 9, 5, 5], [9, 9, 7, 5, 7, 7, 9, 9, 8, 8], [5, 7, 8, 8, 9, 6, 7, 9, 5, 5], [8, 8, 9, 9, 9, 6, 7, 5, 6, 8], [7, 9, 6, 9, 6, 9, 7, 6, 9, 8], [8, 8, 6, 6, 8, 8, 5, 7, 5, 5], [9, 8, 6, 5, 8, 7, 6, 8, 5, 9], [9, 5, 7, 6, 9, 5, 9, 8, 8, 7], [8, 5, 5, 6, 7, 7, 7, 9, 8, 6], [9, 8, 7, 8, 9, 6, 9, 6, 6, 6], [8, 7, 9, 8, 9, 7, 7, 6, 8, 6], [7, 6, 7, 9, 7, 6, 5, 7, 7, 9], [9, 8, 5, 6, 8, 5, 5, 5, 5, 5], [9, 7, 6, 7, 6, 7, 8, 8, 6, 8], [6, 7, 8, 8, 7, 6, 5, 7, 7, 5], [9, 6, 9, 9, 5, 7, 7, 5, 6, 5], [7, 6, 5, 9, 7, 7, 8, 8, 6, 9], [6, 7, 9, 7, 8, 7, 7, 9, 8, 6], [7, 9, 7, 7, 7, 9, 8, 8, 5, 5], [7, 8, 9, 7, 7, 5, 7, 5, 7, 6], [7, 6, 8, 8, 5, 8, 7, 6, 8, 9], [5, 6, 9, 7, 5, 9, 6, 9, 5, 5]]
Demand for each product in each period d: 
[[31, 0, 45, 32, 17, 42, 26, 45, 46, 17], [25, 45, 42, 35, 19, 17, 31, 1, 3, 24], [40, 36, 0, 21, 27, 15, 38, 11, 0, 43], [24, 38, 36, 25, 22, 14, 38, 0, 24, 22], [30, 26, 38, 25, 5, 34, 46, 25, 12, 29], [47, 20, 18, 27, 9, 27, 48, 35, 10, 33], [13, 47, 24, 26, 3, 12, 9, 11, 15, 11], [37, 45, 27, 2, 48, 20, 20, 40, 4, 46], [14, 37, 2, 19, 42, 2, 42, 11, 30, 3], [26, 10, 30, 32, 10, 14, 16, 4, 10, 32], [10, 19, 27, 11, 9, 32, 44, 19, 45, 38], [5, 3, 0, 11, 0, 25, 3, 13, 38, 15], [30, 19, 25, 13, 36, 22, 44, 31, 45, 30], [1, 40, 7, 34, 20, 1, 4, 27, 28, 4], [16, 18, 38, 45, 1, 48, 30, 0, 45, 6], [23, 6, 22, 0, 3, 5, 20, 16, 0, 23], [18, 7, 21, 26, 26, 23, 9, 20, 26, 0], [19, 29, 22, 10, 1, 24, 8, 21, 24, 28], [16, 28, 22, 4, 28, 13, 10, 6, 11, 4], [21, 0, 9, 4, 11, 1, 26, 13, 28, 13], [28, 8, 27, 3, 29, 7, 11, 3, 26, 29], [19, 12, 29, 16, 26, 2, 15, 8, 12, 11], [0, 8, 28, 9, 11, 12, 12, 9, 27, 0], [19, 8, 23, 27, 19, 22, 5, 3, 9, 3], [14, 28, 0, 4, 14, 25, 29, 12, 2, 0], [7, 6, 0, 23, 10, 20, 17, 1, 21, 14], [7, 25, 29, 0, 5, 17, 9, 26, 9, 0], [5, 5, 17, 7, 29, 9, 27, 5, 0, 7], [12, 4, 23, 5, 19, 24, 0, 9, 27, 22], [18, 17, 14, 20, 17, 6, 26, 11, 19, 4], [15, 25, 2, 22, 18, 17, 16, 17, 24, 0], [8, 20, 28, 9, 7, 19, 20, 3, 25, 11], [17, 16, 25, 0, 16, 0, 7, 18, 29, 12], [3, 24, 27, 11, 8, 3, 25, 29, 9, 16], [20, 1, 14, 11, 1, 25, 18, 4, 5, 18], [18, 9, 26, 1, 29, 0, 23, 0, 14, 17], [6, 15, 19, 0, 19, 6, 22, 11, 10, 27], [5, 10, 26, 21, 23, 5, 22, 11, 7, 15], [21, 27, 27, 25, 0, 14, 7, 1, 29, 10], [20, 17, 24, 13, 26, 13, 0, 4, 1, 17], [3, 0, 6, 7, 7, 3, 2, 2, 0, 1], [2, 0, 1, 5, 5, 6, 7, 3, 2, 3], [6, 3, 4, 2, 2, 8, 0, 6, 3, 6], [0, 1, 4, 8, 9, 0, 7, 6, 1, 7], [2, 8, 8, 5, 6, 0, 0, 1, 9, 5], [2, 9, 0, 2, 5, 2, 9, 9, 7, 2], [3, 9, 9, 1, 1, 5, 8, 9, 5, 7], [0, 0, 8, 3, 2, 4, 5, 0, 5, 9], [0, 6, 0, 4, 0, 4, 0, 0, 1, 2], [6, 9, 1, 5, 1, 6, 2, 1, 3, 5], [0, 3, 1, 6, 1, 0, 0, 5, 9, 1], [2, 0, 8, 9, 6, 5, 9, 2, 4, 9], [9, 8, 9, 3, 9, 7, 9, 5, 2, 5], [8, 2, 6, 4, 8, 4, 9, 4, 4, 4], [0, 6, 7, 5, 3, 2, 9, 0, 2, 1], [3, 1, 5, 5, 6, 9, 2, 6, 5, 3], [6, 5, 0, 4, 9, 0, 4, 8, 9, 1], [9, 7, 9, 0, 4, 8, 5, 0, 6, 6], [8, 5, 0, 1, 8, 5, 5, 4, 0, 5], [3, 3, 7, 1, 8, 1, 8, 5, 5, 4], [7, 8, 2, 6, 8, 3, 4, 6, 8, 0], [0, 6, 9, 0, 2, 3, 6, 3, 0, 1], [8, 4, 2, 8, 2, 3, 1, 5, 4, 0], [6, 5, 2, 4, 5, 9, 0, 2, 3, 1], [7, 5, 7, 1, 3, 8, 8, 3, 4, 1], [3, 5, 9, 0, 0, 3, 7, 4, 8, 6], [6, 0, 2, 0, 3, 0, 9, 8, 4, 5], [9, 9, 6, 4, 9, 7, 4, 4, 3, 7], [0, 8, 7, 1, 8, 3, 7, 8, 0, 5], [4, 2, 5, 5, 3, 4, 2, 7, 0, 7], [5, 7, 0, 7, 2, 8, 4, 1, 8, 9], [1, 8, 8, 0, 7, 8, 2, 9, 0, 6], [0, 8, 7, 7, 3, 0, 3, 9, 1, 1], [4, 0, 5, 8, 9, 3, 0, 4, 1, 2], [1, 1, 6, 5, 8, 8, 7, 5, 3, 0], [0, 0, 4, 1, 4, 1, 6, 6, 7, 0], [8, 5, 6, 0, 0, 3, 3, 0, 9, 2], [0, 5, 7, 1, 2, 5, 5, 0, 1, 0], [7, 6, 5, 8, 2, 2, 2, 1, 6, 7], [7, 0, 4, 1, 8, 0, 7, 0, 4, 7], [8, 3, 4, 3, 6, 0, 5, 0, 9, 9], [7, 1, 3, 3, 5, 0, 0, 3, 2, 3], [2, 1, 6, 9, 2, 3, 7, 0, 0, 8], [6, 9, 2, 7, 6, 5, 4, 0, 9, 7], [7, 9, 8, 7, 0, 5, 1, 2, 1, 9], [2, 0, 0, 7, 9, 4, 1, 0, 1, 2], [1, 0, 0, 7, 9, 1, 9, 3, 1, 8], [9, 1, 1, 4, 2, 9, 2, 5, 9, 8], [2, 9, 4, 7, 7, 3, 0, 2, 3, 7], [5, 8, 5, 8, 8, 0, 1, 2, 5, 0], [7, 3, 4, 0, 8, 6, 2, 4, 8, 7], [8, 6, 1, 7, 8, 7, 4, 5, 6, 1], [0, 6, 3, 6, 4, 0, 0, 4, 1, 7], [6, 4, 2, 3, 9, 6, 8, 1, 2, 3], [1, 0, 2, 5, 8, 0, 8, 8, 7, 3], [1, 6, 9, 3, 6, 7, 8, 8, 7, 8], [0, 3, 8, 0, 1, 7, 5, 5, 3, 8], [9, 2, 4, 0, 1, 4, 9, 3, 6, 9], [2, 4, 5, 0, 9, 0, 0, 0, 5, 3], [0, 4, 4, 1, 4, 5, 4, 6, 0, 0]]
Maintenance cost in each period m: 
[5328, 4091, 7298, 4390, 7120, 4491, 4616, 6372, 7286, 7906]
Maximum capacity of the machine cmax: 
4900