Set of periods in the planning horizon T: 
25
Set of products P: 
20
Capacity reduction coefficient alpha: 
0.8
Relative decrease of capacity per set up gamma: 
0.29
Capacity reduction coefficient due to product types beta: 
[0.4, 0.28, 0.28, 0.22, 0.33, 0.38, 0.27, 0.24, 0.23, 0.32, 0.27, 0.36, 0.33, 0.25, 0.3, 0.25, 0.37, 0.24, 0.21, 0.21]
Fixed production cost of each product in each period f: 
[[929, 616, 969, 968, 853, 889, 635, 795, 618, 990, 684, 594, 896, 586, 798, 650, 570, 859, 936, 662, 997, 799, 873, 852, 764], [539, 725, 750, 600, 537, 873, 827, 696, 665, 574, 604, 666, 981, 883, 774, 962, 800, 683, 628, 988, 618, 910, 815, 529, 879], [927, 773, 670, 627, 839, 874, 756, 641, 716, 717, 882, 642, 676, 827, 555, 979, 813, 644, 934, 613, 616, 824, 891, 994, 598], [842, 702, 738, 861, 948, 635, 765, 561, 873, 616, 501, 885, 795, 737, 849, 993, 832, 875, 832, 779, 748, 516, 707, 717, 804], [959, 747, 613, 753, 903, 723, 701, 806, 540, 585, 946, 786, 951, 995, 669, 966, 511, 817, 794, 601, 981, 987, 547, 949, 813], [731, 544, 614, 662, 512, 837, 640, 889, 510, 719, 880, 908, 593, 834, 885, 877, 557, 528, 627, 549, 810, 736, 786, 802, 536], [780, 677, 793, 999, 529, 592, 772, 684, 948, 715, 917, 991, 825, 594, 711, 652, 886, 716, 690, 888, 636, 972, 881, 788, 592], [520, 824, 986, 858, 895, 691, 920, 516, 982, 977, 977, 751, 616, 921, 701, 931, 930, 867, 799, 519, 812, 964, 530, 604, 749], [968, 853, 793, 683, 730, 900, 639, 771, 683, 738, 704, 857, 563, 955, 681, 939, 790, 880, 986, 595, 712, 911, 848, 898, 642], [818, 798, 559, 571, 886, 728, 514, 547, 629, 831, 987, 509, 651, 923, 799, 838, 709, 500, 592, 724, 986, 902, 991, 808, 648], [683, 627, 775, 636, 951, 538, 686, 783, 576, 715, 591, 523, 704, 701, 733, 846, 669, 510, 783, 736, 565, 990, 788, 513, 785], [556, 820, 666, 540, 665, 969, 896, 575, 859, 642, 567, 553, 658, 842, 547, 529, 587, 828, 899, 626, 542, 891, 779, 545, 835], [764, 773, 867, 961, 853, 722, 824, 749, 984, 998, 538, 705, 712, 887, 586, 963, 765, 787, 748, 937, 647, 593, 529, 753, 797], [887, 688, 735, 544, 745, 556, 762, 948, 872, 907, 971, 840, 669, 582, 937, 840, 770, 828, 571, 581, 531, 992, 788, 701, 639], [828, 768, 857, 793, 813, 894, 954, 580, 723, 704, 787, 652, 559, 711, 679, 766, 529, 566, 540, 639, 521, 814, 858, 709, 535], [647, 965, 884, 734, 820, 898, 613, 665, 807, 551, 532, 725, 776, 628, 569, 555, 865, 743, 928, 998, 710, 692, 920, 778, 656], [949, 588, 980, 564, 771, 840, 682, 530, 719, 683, 931, 860, 697, 757, 644, 829, 581, 535, 667, 824, 894, 966, 528, 959, 560], [861, 720, 576, 749, 975, 559, 820, 948, 944, 509, 935, 684, 948, 963, 635, 898, 612, 547, 932, 837, 761, 820, 687, 718, 881], [666, 762, 759, 699, 677, 582, 756, 601, 773, 834, 926, 795, 694, 559, 823, 740, 883, 550, 792, 791, 847, 620, 650, 643, 933], [709, 793, 660, 749, 769, 995, 714, 996, 608, 751, 630, 958, 742, 535, 883, 658, 852, 666, 544, 529, 786, 635, 827, 949, 891]]
Variable production cost per unit of each product in each period p: 
[[12, 11, 12, 11, 13, 10, 13, 11, 13, 13, 13, 10, 11, 12, 10, 12, 12, 13, 12, 12, 11, 13, 11, 12, 10], [10, 11, 13, 12, 12, 10, 11, 12, 13, 10, 13, 11, 11, 12, 12, 11, 10, 13, 11, 13, 12, 12, 11, 13, 10], [13, 11, 11, 13, 11, 12, 11, 11, 10, 10, 13, 10, 13, 13, 13, 12, 13, 13, 10, 11, 12, 10, 11, 10, 11], [11, 13, 10, 13, 11, 11, 13, 10, 13, 10, 13, 12, 13, 13, 12, 13, 10, 10, 11, 12, 13, 10, 10, 13, 13], [13, 10, 10, 10, 11, 13, 10, 13, 10, 13, 10, 12, 11, 10, 11, 10, 10, 12, 12, 13, 10, 13, 10, 10, 10], [10, 13, 12, 13, 12, 12, 11, 13, 13, 13, 11, 10, 11, 11, 12, 12, 10, 13, 13, 11, 11, 10, 13, 12, 12], [12, 10, 12, 13, 10, 12, 13, 10, 10, 12, 12, 11, 13, 13, 13, 11, 12, 11, 13, 10, 13, 13, 13, 13, 12], [10, 11, 13, 10, 11, 10, 10, 10, 13, 12, 11, 10, 10, 12, 10, 11, 10, 10, 13, 13, 10, 10, 13, 13, 11], [10, 12, 11, 11, 12, 10, 11, 12, 10, 13, 12, 10, 13, 11, 10, 10, 12, 12, 10, 13, 11, 11, 11, 11, 10], [12, 10, 11, 13, 11, 13, 12, 11, 13, 11, 11, 11, 11, 10, 12, 11, 10, 13, 13, 12, 12, 12, 13, 11, 13], [12, 13, 13, 12, 10, 11, 13, 11, 11, 12, 11, 11, 12, 13, 12, 10, 12, 10, 12, 11, 11, 10, 10, 10, 11], [13, 11, 13, 11, 13, 13, 10, 12, 10, 13, 13, 10, 12, 13, 10, 10, 10, 10, 11, 12, 12, 10, 11, 12, 13], [10, 11, 13, 12, 13, 13, 11, 13, 11, 13, 13, 10, 12, 10, 11, 12, 13, 12, 10, 11, 10, 12, 10, 11, 11], [13, 12, 10, 13, 13, 10, 12, 12, 10, 10, 12, 10, 13, 12, 11, 10, 11, 12, 12, 10, 10, 13, 12, 13, 12], [13, 12, 12, 12, 11, 11, 13, 12, 11, 11, 13, 10, 12, 10, 11, 10, 13, 10, 10, 11, 13, 10, 10, 10, 10], [11, 13, 10, 13, 10, 12, 13, 10, 10, 10, 11, 12, 12, 10, 11, 10, 13, 12, 13, 13, 12, 12, 12, 13, 11], [11, 13, 12, 12, 12, 12, 10, 13, 13, 12, 13, 12, 13, 11, 12, 10, 11, 12, 10, 10, 12, 12, 13, 13, 13], [11, 11, 13, 12, 12, 11, 13, 12, 13, 13, 12, 12, 10, 12, 11, 12, 11, 10, 13, 11, 13, 13, 10, 10, 13], [12, 10, 13, 11, 10, 11, 13, 11, 11, 11, 10, 12, 10, 12, 12, 12, 13, 13, 12, 11, 11, 11, 13, 12, 10], [12, 13, 13, 11, 12, 13, 10, 10, 10, 10, 11, 11, 13, 12, 11, 13, 12, 12, 11, 13, 11, 12, 10, 11, 11]]
Inventory holding cost per unit of each product by the end of each period h: 
[[7, 8, 8, 7, 9, 6, 6, 7, 6, 7, 6, 8, 5, 8, 5, 7, 5, 9, 8, 6, 6, 6, 6, 5, 7], [5, 7, 8, 8, 7, 5, 9, 5, 8, 9, 8, 7, 7, 9, 6, 9, 7, 7, 9, 6, 8, 5, 5, 9, 9], [7, 6, 8, 9, 5, 5, 8, 9, 9, 7, 5, 8, 8, 7, 8, 6, 7, 5, 7, 8, 9, 7, 6, 8, 9], [9, 8, 8, 8, 7, 6, 6, 8, 9, 9, 5, 5, 8, 6, 7, 5, 7, 6, 6, 8, 7, 5, 6, 7, 7], [8, 5, 5, 9, 7, 5, 7, 6, 6, 5, 6, 8, 9, 8, 8, 6, 6, 7, 9, 8, 7, 7, 6, 9, 7], [6, 5, 6, 6, 6, 9, 9, 8, 5, 8, 9, 7, 9, 8, 5, 8, 5, 6, 5, 7, 8, 9, 6, 5, 5], [7, 9, 8, 6, 5, 9, 8, 7, 9, 6, 6, 7, 6, 6, 6, 8, 6, 6, 8, 5, 7, 8, 9, 6, 7], [8, 7, 8, 5, 8, 9, 7, 7, 9, 6, 6, 5, 9, 7, 7, 8, 9, 7, 8, 5, 8, 9, 9, 8, 9], [6, 8, 5, 8, 5, 7, 6, 6, 7, 7, 8, 7, 7, 6, 8, 5, 7, 5, 7, 9, 5, 6, 8, 6, 5], [7, 6, 7, 6, 6, 6, 5, 9, 7, 8, 5, 5, 8, 6, 7, 7, 6, 7, 5, 5, 6, 7, 6, 8, 7], [9, 5, 8, 9, 7, 9, 9, 9, 8, 5, 5, 9, 8, 8, 5, 7, 9, 5, 5, 8, 7, 6, 5, 7, 9], [7, 8, 8, 9, 7, 8, 5, 5, 7, 8, 8, 7, 7, 5, 8, 9, 5, 5, 5, 8, 5, 6, 8, 7, 8], [6, 7, 7, 8, 7, 7, 7, 8, 5, 5, 5, 8, 5, 9, 8, 7, 7, 6, 6, 8, 9, 8, 8, 9, 5], [5, 6, 7, 8, 7, 5, 9, 5, 7, 8, 7, 7, 9, 5, 6, 9, 7, 7, 6, 7, 8, 5, 6, 9, 9], [8, 5, 8, 6, 8, 5, 8, 8, 8, 8, 8, 8, 6, 5, 8, 8, 7, 5, 5, 7, 5, 7, 6, 5, 5], [5, 5, 9, 8, 5, 9, 9, 9, 8, 6, 5, 8, 9, 7, 6, 8, 6, 5, 8, 8, 5, 5, 5, 8, 9], [8, 6, 5, 9, 6, 8, 9, 5, 8, 5, 8, 9, 8, 7, 9, 5, 8, 8, 7, 7, 9, 9, 7, 5, 7], [8, 9, 7, 6, 9, 5, 9, 9, 6, 7, 7, 6, 6, 6, 8, 9, 6, 8, 6, 9, 7, 8, 8, 5, 7], [6, 7, 6, 6, 6, 5, 9, 7, 5, 5, 7, 9, 6, 5, 5, 6, 5, 5, 7, 6, 7, 7, 8, 5, 9], [9, 7, 6, 6, 9, 6, 8, 7, 5, 5, 5, 8, 7, 6, 8, 7, 8, 6, 6, 7, 5, 5, 6, 5, 5]]
Demand for each product in each period d: 
[[7, 39, 0, 33, 12, 35, 0, 14, 7, 7, 8, 26, 27, 31, 0, 25, 9, 27, 7, 42, 28, 14, 0, 33, 36], [39, 9, 4, 24, 45, 11, 43, 39, 45, 6, 0, 1, 30, 42, 19, 6, 45, 15, 10, 18, 11, 25, 27, 43, 48], [48, 4, 47, 2, 0, 4, 9, 4, 40, 4, 44, 11, 31, 12, 10, 48, 43, 6, 34, 40, 41, 47, 20, 37, 39], [19, 7, 29, 9, 9, 27, 0, 25, 26, 28, 4, 0, 22, 11, 2, 22, 13, 27, 7, 22, 9, 12, 26, 17, 24], [10, 2, 6, 19, 7, 17, 27, 3, 27, 13, 8, 23, 5, 28, 12, 1, 22, 25, 1, 14, 28, 0, 29, 29, 16], [17, 2, 12, 6, 29, 10, 27, 10, 8, 15, 23, 9, 23, 21, 20, 11, 21, 10, 7, 21, 11, 16, 28, 3, 26], [9, 13, 27, 6, 28, 29, 8, 21, 0, 29, 12, 20, 4, 25, 7, 9, 27, 3, 11, 20, 5, 13, 4, 20, 8], [19, 12, 22, 17, 3, 1, 2, 23, 27, 21, 24, 13, 21, 14, 28, 24, 9, 2, 9, 10, 27, 10, 5, 6, 4], [9, 7, 1, 0, 1, 9, 2, 9, 5, 0, 6, 4, 2, 4, 8, 6, 2, 5, 5, 0, 0, 8, 0, 8, 3], [6, 1, 5, 6, 6, 6, 8, 6, 7, 5, 0, 2, 3, 1, 2, 4, 6, 1, 9, 1, 3, 8, 8, 0, 7], [9, 3, 7, 6, 2, 4, 6, 0, 2, 4, 9, 5, 4, 5, 0, 1, 9, 7, 0, 9, 0, 0, 4, 8, 0], [7, 6, 9, 0, 9, 0, 2, 3, 0, 2, 7, 5, 3, 5, 3, 6, 4, 8, 3, 4, 0, 6, 1, 1, 2], [1, 8, 6, 5, 7, 3, 0, 5, 4, 9, 9, 2, 0, 5, 9, 3, 0, 1, 1, 3, 6, 0, 7, 6, 7], [1, 2, 5, 2, 1, 0, 0, 9, 5, 3, 0, 9, 0, 6, 4, 9, 5, 9, 5, 6, 4, 4, 2, 0, 0], [6, 3, 1, 9, 7, 3, 6, 0, 7, 9, 6, 5, 6, 9, 5, 8, 4, 9, 5, 9, 2, 1, 1, 9, 1], [6, 7, 0, 4, 6, 3, 0, 1, 1, 6, 3, 8, 3, 2, 3, 0, 1, 3, 9, 0, 7, 5, 8, 4, 3], [5, 1, 7, 4, 7, 7, 3, 5, 3, 0, 7, 7, 4, 1, 4, 9, 1, 1, 1, 6, 3, 0, 9, 1, 3], [9, 4, 0, 1, 2, 2, 9, 6, 4, 1, 3, 7, 0, 1, 2, 0, 3, 4, 1, 0, 0, 8, 2, 9, 2], [0, 4, 5, 4, 1, 0, 2, 5, 2, 8, 2, 4, 8, 5, 0, 7, 4, 4, 9, 1, 9, 1, 0, 6, 2], [4, 2, 8, 6, 7, 1, 1, 0, 5, 7, 2, 7, 2, 6, 4, 8, 5, 3, 2, 4, 1, 9, 9, 1, 5]]
Maintenance cost in each period m: 
[5226, 2657, 5013, 4074, 3469, 6421, 5080, 3487, 5470, 6238, 4546, 4809, 3823, 3121, 2832, 5600, 5465, 2703, 5326, 4772, 6351, 4658, 5945, 5040, 5426]
Maximum capacity of the machine cmax: 
900