Set of periods in the planning horizon T: 
25
Set of products P: 
5
Capacity reduction coefficient alpha: 
0.8
Relative decrease of capacity per set up gamma: 
0.25
Capacity reduction coefficient due to product types beta: 
[0.2, 0.23, 0.22, 0.21, 0.27]
Fixed production cost of each product in each period f: 
[[539, 735, 799, 952, 908, 864, 673, 581, 941, 605, 689, 671, 640, 869, 694, 752, 865, 750, 502, 958, 759, 997, 628, 643, 689], [808, 828, 826, 795, 801, 840, 637, 998, 727, 526, 550, 818, 844, 516, 518, 592, 957, 832, 556, 672, 743, 623, 901, 943, 653], [725, 669, 556, 681, 855, 816, 780, 682, 886, 526, 928, 603, 525, 840, 868, 841, 826, 863, 751, 885, 998, 965, 659, 756, 533], [685, 676, 590, 834, 590, 777, 552, 627, 862, 872, 952, 689, 741, 734, 866, 818, 864, 851, 921, 914, 548, 601, 767, 713, 667], [832, 655, 584, 871, 795, 595, 913, 963, 740, 666, 779, 977, 691, 690, 839, 679, 594, 760, 936, 645, 531, 662, 834, 607, 534]]
Variable production cost per unit of each product in each period p: 
[[13, 10, 12, 10, 10, 10, 12, 11, 13, 12, 12, 10, 11, 10, 13, 12, 13, 13, 10, 11, 13, 10, 11, 12, 12], [12, 13, 13, 11, 10, 12, 10, 12, 13, 13, 12, 13, 13, 10, 10, 12, 12, 12, 11, 10, 10, 10, 10, 12, 10], [12, 10, 10, 12, 12, 12, 11, 10, 13, 13, 13, 13, 10, 12, 10, 11, 13, 13, 13, 11, 12, 13, 10, 12, 11], [11, 10, 10, 13, 11, 11, 11, 13, 13, 12, 13, 12, 13, 11, 10, 12, 11, 10, 10, 11, 13, 13, 12, 12, 10], [10, 11, 10, 12, 12, 12, 12, 10, 10, 11, 13, 10, 12, 13, 12, 13, 11, 11, 12, 13, 12, 10, 12, 13, 10]]
Inventory holding cost per unit of each product by the end of each period h: 
[[7, 8, 5, 8, 8, 9, 7, 7, 5, 8, 8, 9, 7, 5, 7, 9, 8, 6, 7, 6, 6, 5, 5, 8, 5], [8, 9, 5, 6, 6, 8, 9, 9, 5, 5, 9, 5, 6, 8, 8, 9, 7, 8, 7, 5, 7, 6, 6, 8, 6], [7, 5, 6, 8, 9, 7, 9, 9, 8, 8, 6, 6, 9, 8, 9, 6, 6, 5, 8, 5, 7, 7, 5, 8, 9], [8, 6, 8, 5, 7, 9, 5, 6, 6, 5, 7, 7, 8, 8, 5, 9, 7, 9, 5, 6, 6, 8, 8, 9, 7], [5, 6, 8, 5, 5, 5, 6, 9, 6, 8, 8, 9, 8, 6, 5, 9, 7, 9, 9, 7, 7, 7, 9, 8, 8]]
Demand for each product in each period d: 
[[24, 24, 36, 12, 42, 25, 41, 16, 32, 38, 40, 34, 2, 30, 37, 0, 33, 13, 10, 0, 45, 28, 0, 25, 35], [18, 18, 19, 4, 0, 11, 27, 0, 0, 0, 15, 18, 23, 2, 7, 14, 2, 20, 3, 10, 7, 23, 22, 3, 0], [3, 3, 4, 8, 3, 9, 2, 7, 4, 5, 7, 0, 4, 9, 4, 2, 2, 1, 3, 8, 9, 9, 6, 7, 5], [2, 6, 2, 9, 7, 2, 2, 0, 6, 6, 7, 0, 0, 6, 2, 8, 0, 1, 6, 5, 6, 5, 5, 0, 7], [7, 3, 2, 9, 8, 5, 0, 9, 5, 7, 0, 1, 7, 6, 3, 5, 7, 7, 9, 9, 6, 0, 6, 4, 9]]
Maintenance cost in each period m: 
[2085, 1434, 5200, 2513, 4932, 5274, 3023, 4520, 2818, 4191, 4394, 3166, 3926, 2851, 3418, 1795, 4991, 4971, 1760, 2398, 3347, 4749, 2676, 4009, 2262]
Maximum capacity of the machine cmax: 
240