Set of periods in the planning horizon T: 
10
Set of products P: 
100
Capacity reduction coefficient alpha: 
0.8
Relative decrease of capacity per set up gamma: 
0.26
Capacity reduction coefficient due to product types beta: 
[0.3, 0.37, 0.22, 0.25, 0.24, 0.23, 0.32, 0.28, 0.28, 0.39, 0.34, 0.22, 0.4, 0.33, 0.33, 0.32, 0.21, 0.21, 0.22, 0.36, 0.22, 0.29, 0.35, 0.34, 0.21, 0.32, 0.26, 0.34, 0.4, 0.22, 0.26, 0.35, 0.3, 0.32, 0.32, 0.39, 0.22, 0.34, 0.34, 0.25, 0.23, 0.36, 0.37, 0.32, 0.21, 0.32, 0.32, 0.21, 0.25, 0.31, 0.32, 0.33, 0.27, 0.38, 0.32, 0.36, 0.23, 0.37, 0.37, 0.24, 0.27, 0.35, 0.22, 0.34, 0.34, 0.35, 0.35, 0.29, 0.22, 0.22, 0.24, 0.22, 0.26, 0.39, 0.28, 0.36, 0.29, 0.27, 0.23, 0.38, 0.39, 0.23, 0.24, 0.38, 0.23, 0.21, 0.26, 0.37, 0.26, 0.31, 0.34, 0.32, 0.21, 0.22, 0.32, 0.37, 0.26, 0.3, 0.28, 0.38]
Fixed production cost of each product in each period f: 
[[650, 684, 646, 818, 885, 505, 978, 985, 960, 997], [778, 782, 703, 823, 610, 982, 725, 617, 913, 698], [614, 901, 584, 544, 850, 737, 692, 867, 908, 871], [849, 628, 777, 578, 943, 839, 955, 905, 919, 679], [553, 690, 859, 855, 861, 842, 876, 950, 969, 913], [783, 964, 561, 813, 581, 635, 831, 932, 915, 824], [586, 963, 568, 730, 545, 559, 937, 948, 990, 868], [635, 792, 518, 517, 965, 665, 643, 982, 973, 805], [576, 976, 932, 835, 768, 529, 978, 898, 761, 519], [972, 572, 916, 586, 972, 974, 868, 956, 996, 946], [529, 890, 908, 861, 904, 502, 601, 583, 661, 820], [543, 602, 796, 681, 798, 892, 695, 552, 587, 826], [557, 989, 968, 894, 797, 826, 588, 597, 980, 852], [617, 595, 771, 536, 629, 653, 707, 514, 857, 780], [604, 812, 921, 653, 904, 547, 826, 784, 502, 890], [524, 863, 726, 619, 679, 794, 890, 929, 813, 577], [745, 806, 571, 938, 820, 943, 922, 991, 606, 712], [530, 835, 735, 752, 918, 912, 889, 554, 684, 899], [566, 698, 815, 907, 882, 748, 904, 898, 866, 587], [570, 669, 941, 627, 684, 629, 801, 829, 714, 793], [817, 563, 844, 881, 906, 968, 833, 815, 688, 581], [638, 632, 639, 967, 868, 891, 901, 569, 632, 539], [878, 739, 805, 790, 544, 798, 513, 645, 813, 858], [668, 954, 957, 709, 528, 616, 549, 951, 902, 933], [613, 608, 752, 986, 987, 831, 698, 861, 621, 605], [918, 567, 680, 910, 742, 799, 679, 549, 762, 589], [886, 740, 942, 837, 800, 916, 517, 876, 744, 786], [545, 894, 510, 762, 651, 530, 866, 859, 933, 684], [579, 564, 696, 944, 649, 625, 864, 820, 836, 527], [939, 779, 758, 931, 972, 731, 832, 712, 942, 870], [817, 538, 924, 819, 857, 729, 996, 861, 514, 958], [795, 691, 697, 712, 585, 818, 752, 507, 514, 615], [686, 823, 588, 707, 700, 929, 764, 919, 808, 995], [530, 704, 678, 715, 595, 567, 721, 533, 789, 814], [784, 818, 909, 897, 803, 895, 670, 554, 745, 572], [596, 966, 978, 752, 682, 823, 504, 603, 550, 905], [917, 761, 940, 841, 570, 817, 768, 609, 702, 642], [792, 595, 802, 531, 608, 850, 647, 956, 753, 529], [693, 724, 756, 969, 525, 597, 759, 553, 710, 885], [525, 972, 561, 740, 555, 942, 746, 608, 792, 728], [748, 625, 835, 617, 702, 704, 981, 545, 780, 511], [764, 743, 696, 617, 995, 677, 508, 703, 710, 974], [918, 871, 559, 966, 821, 571, 670, 876, 735, 972], [955, 579, 686, 506, 724, 520, 958, 638, 979, 820], [584, 556, 966, 635, 905, 935, 816, 625, 662, 872], [551, 623, 568, 948, 637, 655, 749, 973, 819, 679], [561, 594, 648, 879, 820, 633, 874, 955, 501, 979], [660, 885, 863, 809, 871, 990, 606, 889, 687, 774], [501, 535, 708, 520, 730, 680, 718, 643, 874, 676], [863, 769, 510, 786, 988, 817, 778, 799, 917, 560], [904, 734, 546, 748, 610, 910, 614, 567, 527, 651], [837, 982, 903, 820, 842, 679, 975, 953, 998, 652], [916, 619, 767, 921, 758, 659, 992, 562, 721, 972], [525, 589, 860, 586, 958, 951, 846, 693, 628, 589], [851, 787, 957, 920, 903, 927, 606, 726, 954, 679], [884, 838, 518, 969, 824, 521, 821, 650, 944, 679], [614, 689, 856, 593, 872, 985, 729, 992, 977, 890], [655, 896, 836, 707, 578, 515, 960, 753, 630, 619], [926, 577, 605, 561, 798, 961, 973, 760, 579, 592], [711, 805, 858, 890, 712, 668, 875, 762, 561, 922], [893, 863, 974, 907, 644, 844, 749, 656, 917, 661], [633, 892, 917, 797, 789, 883, 673, 621, 875, 921], [654, 873, 570, 596, 695, 963, 911, 565, 627, 793], [611, 580, 817, 841, 775, 680, 889, 651, 886, 631], [678, 713, 626, 561, 696, 814, 933, 960, 902, 558], [748, 797, 944, 957, 536, 929, 888, 867, 688, 571], [713, 708, 571, 552, 762, 767, 943, 666, 630, 567], [723, 676, 532, 775, 541, 829, 504, 847, 918, 527], [860, 653, 881, 574, 745, 785, 700, 506, 819, 552], [919, 958, 822, 822, 666, 877, 940, 721, 677, 543], [986, 575, 842, 539, 942, 718, 675, 841, 997, 871], [926, 886, 577, 697, 560, 818, 504, 646, 739, 897], [579, 819, 662, 694, 919, 965, 783, 834, 513, 861], [907, 675, 667, 963, 742, 536, 952, 557, 890, 991], [721, 901, 979, 636, 527, 864, 971, 771, 646, 657], [644, 511, 661, 736, 742, 615, 590, 755, 500, 554], [773, 740, 607, 685, 848, 599, 856, 721, 511, 655], [727, 805, 639, 520, 877, 955, 960, 539, 792, 733], [657, 887, 633, 597, 633, 551, 817, 787, 939, 624], [668, 639, 904, 797, 912, 649, 875, 766, 790, 504], [718, 786, 623, 652, 920, 654, 606, 547, 975, 548], [683, 684, 589, 751, 950, 947, 621, 588, 763, 555], [708, 886, 785, 767, 536, 894, 779, 955, 599, 673], [501, 588, 758, 728, 852, 509, 505, 538, 729, 906], [979, 631, 991, 827, 839, 638, 934, 733, 797, 667], [980, 773, 772, 613, 864, 842, 818, 533, 969, 514], [787, 956, 690, 971, 909, 547, 873, 662, 711, 673], [950, 736, 967, 592, 764, 806, 710, 990, 557, 855], [961, 669, 723, 746, 984, 907, 995, 789, 575, 869], [769, 607, 756, 671, 571, 868, 610, 927, 646, 909], [651, 631, 711, 957, 737, 805, 863, 825, 906, 667], [652, 529, 536, 515, 663, 607, 911, 830, 677, 892], [710, 606, 586, 585, 953, 715, 825, 698, 590, 680], [658, 683, 964, 588, 829, 736, 536, 970, 575, 949], [882, 625, 976, 842, 971, 504, 996, 636, 629, 800], [730, 968, 878, 841, 559, 915, 864, 923, 831, 566], [696, 748, 882, 527, 902, 984, 746, 934, 763, 521], [737, 952, 590, 736, 504, 879, 935, 819, 735, 738], [864, 979, 893, 640, 633, 988, 530, 631, 849, 686], [870, 504, 796, 633, 540, 921, 828, 841, 704, 778]]
Variable production cost per unit of each product in each period p: 
[[11, 12, 12, 10, 11, 13, 12, 11, 10, 11], [13, 12, 13, 11, 12, 12, 12, 13, 10, 10], [11, 13, 11, 12, 12, 13, 11, 10, 12, 11], [13, 10, 11, 10, 13, 12, 11, 11, 13, 13], [11, 12, 12, 12, 13, 12, 11, 11, 12, 12], [10, 12, 11, 12, 12, 12, 11, 12, 13, 13], [12, 12, 13, 13, 10, 13, 11, 12, 11, 10], [12, 13, 11, 11, 11, 13, 12, 13, 13, 10], [11, 13, 13, 11, 13, 12, 11, 11, 13, 12], [12, 13, 13, 13, 10, 12, 10, 13, 12, 10], [13, 10, 11, 10, 10, 13, 10, 13, 13, 10], [10, 13, 11, 13, 13, 12, 13, 11, 13, 13], [12, 13, 11, 13, 11, 10, 11, 12, 11, 11], [11, 12, 12, 13, 11, 11, 12, 10, 13, 12], [10, 13, 12, 13, 11, 12, 10, 13, 10, 10], [13, 12, 12, 11, 10, 11, 13, 10, 11, 13], [10, 11, 10, 13, 12, 12, 13, 12, 12, 13], [12, 11, 11, 11, 12, 11, 10, 10, 10, 11], [11, 11, 12, 13, 10, 11, 11, 10, 13, 10], [10, 10, 10, 12, 10, 13, 12, 13, 10, 10], [10, 11, 13, 11, 11, 13, 10, 11, 13, 11], [12, 10, 13, 12, 13, 10, 13, 12, 10, 12], [11, 13, 11, 11, 11, 10, 10, 13, 13, 10], [10, 13, 10, 13, 10, 12, 11, 11, 11, 13], [11, 10, 12, 10, 11, 13, 12, 11, 10, 11], [12, 11, 12, 13, 13, 13, 12, 12, 12, 10], [13, 13, 13, 13, 13, 10, 13, 13, 12, 11], [12, 11, 13, 10, 12, 11, 10, 13, 11, 10], [10, 10, 12, 11, 11, 13, 11, 11, 12, 11], [10, 10, 11, 12, 12, 13, 13, 11, 10, 13], [12, 12, 11, 12, 12, 10, 10, 11, 11, 10], [10, 11, 12, 13, 12, 12, 12, 10, 13, 11], [13, 13, 10, 11, 13, 13, 11, 12, 13, 10], [13, 12, 10, 10, 13, 10, 11, 11, 13, 10], [11, 12, 12, 13, 13, 10, 12, 12, 10, 10], [13, 10, 10, 11, 11, 13, 13, 12, 13, 12], [12, 13, 12, 10, 13, 11, 12, 13, 10, 11], [12, 12, 10, 12, 11, 11, 10, 10, 13, 13], [13, 12, 13, 11, 11, 13, 11, 13, 10, 12], [13, 13, 10, 13, 10, 12, 12, 11, 11, 10], [10, 10, 12, 13, 13, 11, 10, 10, 10, 13], [11, 10, 10, 13, 11, 10, 10, 10, 13, 12], [11, 12, 11, 10, 12, 11, 13, 10, 12, 13], [13, 13, 11, 12, 10, 12, 10, 10, 10, 12], [10, 13, 12, 10, 13, 10, 10, 11, 13, 10], [10, 10, 12, 12, 11, 12, 13, 13, 11, 13], [13, 11, 10, 10, 10, 11, 13, 10, 11, 10], [12, 13, 11, 10, 10, 13, 10, 12, 11, 12], [12, 12, 12, 12, 13, 12, 12, 12, 12, 13], [11, 13, 12, 10, 13, 12, 13, 13, 11, 11], [10, 10, 13, 13, 12, 10, 10, 11, 12, 13], [10, 11, 10, 10, 11, 12, 12, 11, 10, 12], [11, 11, 12, 11, 13, 11, 13, 10, 12, 13], [10, 11, 12, 11, 11, 11, 13, 12, 10, 12], [10, 12, 12, 11, 12, 10, 13, 11, 13, 11], [13, 10, 13, 13, 13, 12, 11, 13, 10, 11], [11, 12, 11, 10, 13, 12, 11, 10, 12, 12], [12, 13, 13, 10, 10, 12, 11, 11, 10, 10], [13, 13, 12, 13, 10, 13, 10, 12, 11, 10], [10, 13, 10, 11, 10, 13, 10, 12, 11, 11], [11, 11, 10, 12, 11, 13, 10, 12, 10, 13], [13, 10, 13, 12, 10, 11, 10, 10, 12, 10], [10, 10, 11, 11, 12, 12, 12, 12, 13, 13], [12, 11, 11, 10, 10, 12, 10, 10, 13, 10], [13, 11, 13, 10, 11, 12, 12, 11, 12, 10], [12, 12, 10, 12, 12, 11, 12, 12, 12, 11], [12, 10, 10, 10, 11, 11, 12, 12, 11, 10], [13, 13, 12, 12, 11, 12, 11, 13, 11, 13], [12, 10, 11, 10, 11, 10, 13, 13, 12, 13], [10, 10, 12, 13, 12, 12, 12, 10, 13, 11], [13, 11, 12, 12, 12, 12, 10, 13, 10, 11], [12, 10, 13, 10, 13, 13, 12, 10, 11, 10], [12, 10, 13, 12, 13, 12, 11, 13, 13, 10], [10, 13, 11, 10, 11, 12, 11, 10, 10, 10], [11, 12, 12, 10, 13, 10, 10, 11, 12, 11], [11, 13, 10, 11, 13, 10, 13, 11, 13, 10], [11, 11, 13, 12, 10, 11, 12, 10, 13, 10], [10, 10, 10, 13, 11, 11, 10, 13, 10, 10], [10, 11, 10, 12, 10, 12, 11, 13, 11, 11], [10, 11, 11, 11, 11, 13, 10, 12, 10, 13], [13, 11, 10, 11, 13, 10, 10, 10, 12, 13], [10, 10, 12, 10, 13, 11, 13, 12, 13, 10], [11, 12, 13, 13, 13, 13, 12, 11, 13, 12], [13, 12, 10, 13, 11, 11, 10, 12, 12, 11], [12, 12, 13, 11, 13, 11, 10, 11, 10, 12], [10, 10, 10, 12, 10, 11, 10, 11, 11, 10], [10, 11, 13, 11, 12, 11, 10, 12, 10, 13], [12, 10, 12, 11, 12, 11, 13, 13, 13, 13], [10, 13, 10, 12, 12, 13, 13, 10, 11, 12], [10, 10, 10, 11, 10, 13, 11, 10, 10, 13], [11, 11, 11, 12, 10, 13, 13, 12, 12, 13], [13, 13, 12, 10, 10, 11, 10, 11, 12, 12], [11, 10, 10, 10, 10, 13, 11, 12, 11, 12], [13, 10, 13, 11, 13, 11, 10, 13, 10, 12], [10, 10, 13, 11, 10, 13, 12, 10, 13, 11], [11, 13, 13, 13, 12, 13, 11, 11, 13, 12], [13, 12, 10, 12, 12, 13, 10, 10, 13, 11], [13, 11, 12, 11, 13, 11, 13, 11, 10, 13], [10, 13, 11, 12, 12, 13, 13, 13, 10, 11], [11, 12, 11, 13, 11, 11, 11, 10, 13, 10]]
Inventory holding cost per unit of each product by the end of each period h: 
[[9, 7, 5, 7, 9, 9, 9, 6, 9, 5], [8, 8, 6, 5, 8, 8, 8, 5, 8, 7], [7, 9, 7, 5, 7, 7, 6, 8, 6, 7], [8, 5, 7, 5, 7, 9, 7, 6, 8, 9], [7, 9, 5, 6, 6, 5, 9, 7, 6, 8], [9, 5, 9, 7, 6, 6, 6, 8, 5, 8], [5, 7, 6, 6, 8, 5, 8, 7, 9, 7], [9, 5, 5, 5, 7, 7, 6, 6, 5, 5], [5, 5, 6, 7, 8, 7, 9, 7, 9, 8], [5, 9, 8, 6, 6, 6, 8, 8, 6, 6], [5, 9, 9, 8, 9, 8, 9, 9, 7, 6], [9, 8, 7, 5, 7, 8, 5, 6, 9, 9], [7, 9, 8, 5, 7, 8, 6, 9, 7, 5], [5, 5, 5, 7, 5, 9, 7, 8, 9, 6], [8, 7, 5, 8, 7, 7, 8, 8, 9, 9], [9, 7, 9, 5, 5, 7, 8, 6, 9, 7], [9, 7, 8, 9, 7, 6, 9, 5, 9, 5], [9, 8, 5, 6, 5, 5, 7, 6, 5, 7], [8, 7, 7, 6, 9, 5, 9, 6, 5, 7], [5, 8, 7, 9, 7, 6, 9, 8, 7, 8], [5, 9, 9, 6, 7, 5, 9, 9, 9, 6], [7, 6, 6, 6, 6, 8, 9, 9, 7, 7], [6, 7, 8, 7, 9, 6, 6, 8, 8, 9], [6, 5, 5, 9, 9, 7, 6, 6, 7, 8], [8, 8, 9, 7, 6, 9, 9, 8, 5, 7], [6, 7, 8, 6, 7, 9, 5, 6, 8, 5], [6, 8, 6, 6, 5, 8, 6, 9, 7, 9], [6, 5, 8, 7, 8, 7, 5, 5, 8, 8], [7, 5, 6, 6, 7, 8, 9, 9, 5, 6], [7, 6, 8, 7, 9, 5, 9, 5, 7, 9], [9, 9, 5, 9, 5, 8, 6, 8, 7, 8], [7, 6, 6, 9, 6, 7, 6, 5, 8, 6], [9, 9, 5, 9, 9, 7, 9, 9, 7, 7], [8, 9, 7, 8, 8, 5, 5, 5, 5, 6], [5, 9, 7, 7, 6, 6, 6, 8, 5, 9], [7, 9, 8, 5, 9, 9, 7, 9, 8, 9], [6, 5, 7, 7, 9, 6, 5, 8, 7, 8], [8, 5, 5, 5, 9, 8, 5, 8, 9, 9], [7, 8, 8, 6, 7, 6, 6, 8, 5, 6], [6, 7, 8, 8, 8, 5, 6, 8, 7, 8], [9, 5, 5, 8, 9, 9, 5, 5, 5, 7], [8, 8, 7, 9, 9, 8, 9, 9, 6, 7], [8, 8, 9, 7, 7, 6, 6, 8, 9, 9], [7, 5, 6, 9, 6, 9, 7, 9, 8, 9], [7, 7, 7, 7, 8, 6, 8, 6, 7, 7], [9, 5, 7, 8, 7, 5, 7, 9, 6, 7], [6, 8, 9, 5, 8, 8, 7, 6, 5, 8], [5, 8, 9, 6, 9, 7, 6, 7, 8, 9], [6, 5, 8, 7, 8, 8, 5, 9, 7, 6], [5, 8, 7, 5, 9, 5, 9, 6, 7, 6], [8, 8, 5, 9, 6, 7, 8, 6, 8, 6], [5, 6, 5, 9, 9, 7, 5, 7, 6, 9], [6, 8, 5, 7, 5, 5, 6, 8, 6, 5], [6, 7, 7, 7, 5, 9, 6, 7, 5, 5], [5, 9, 6, 6, 8, 9, 9, 8, 5, 8], [9, 7, 7, 6, 8, 5, 6, 7, 6, 5], [5, 6, 8, 6, 5, 9, 5, 5, 7, 7], [6, 7, 6, 9, 9, 8, 6, 6, 6, 5], [8, 6, 9, 9, 7, 6, 9, 8, 7, 5], [6, 5, 8, 6, 6, 9, 7, 7, 9, 5], [9, 7, 6, 7, 7, 8, 5, 8, 6, 8], [5, 7, 9, 7, 5, 5, 9, 9, 7, 7], [7, 5, 9, 6, 8, 7, 5, 7, 6, 6], [9, 5, 7, 9, 9, 7, 7, 7, 8, 9], [5, 5, 6, 8, 6, 9, 9, 6, 7, 6], [8, 7, 5, 8, 9, 8, 5, 7, 6, 6], [7, 5, 7, 5, 8, 9, 7, 7, 6, 6], [6, 7, 9, 8, 8, 8, 9, 5, 7, 6], [6, 8, 6, 9, 7, 9, 5, 7, 5, 7], [6, 9, 9, 9, 9, 8, 5, 5, 8, 5], [6, 7, 7, 8, 7, 6, 7, 5, 5, 9], [6, 6, 7, 9, 9, 9, 9, 8, 5, 9], [7, 7, 9, 9, 5, 7, 8, 6, 5, 5], [7, 5, 7, 9, 9, 8, 8, 9, 5, 7], [7, 6, 9, 9, 9, 8, 7, 7, 7, 7], [9, 8, 5, 8, 7, 9, 6, 8, 8, 7], [5, 9, 7, 5, 5, 8, 7, 5, 5, 7], [9, 6, 6, 5, 5, 5, 8, 5, 7, 7], [5, 7, 5, 6, 7, 9, 8, 6, 8, 9], [9, 5, 6, 7, 9, 6, 6, 5, 8, 9], [5, 5, 7, 8, 9, 7, 7, 9, 8, 8], [8, 8, 5, 9, 9, 6, 9, 6, 8, 7], [5, 7, 7, 9, 8, 9, 8, 8, 8, 7], [5, 8, 5, 9, 7, 7, 7, 7, 5, 6], [9, 7, 9, 5, 6, 7, 5, 9, 5, 8], [5, 8, 6, 8, 8, 7, 9, 5, 5, 5], [9, 8, 5, 8, 5, 5, 7, 9, 6, 6], [6, 5, 5, 7, 6, 8, 6, 9, 6, 5], [5, 8, 7, 6, 5, 5, 9, 5, 8, 9], [9, 9, 6, 8, 9, 6, 8, 7, 8, 8], [9, 9, 8, 6, 6, 8, 5, 9, 5, 7], [7, 5, 6, 7, 6, 5, 9, 5, 7, 5], [7, 8, 8, 7, 9, 6, 5, 9, 6, 8], [6, 9, 8, 7, 9, 8, 6, 6, 7, 6], [7, 5, 6, 6, 6, 8, 8, 7, 6, 5], [8, 8, 7, 6, 9, 8, 5, 5, 8, 7], [8, 5, 9, 8, 8, 5, 7, 8, 7, 9], [5, 9, 9, 9, 8, 7, 5, 8, 8, 8], [7, 6, 8, 9, 9, 9, 8, 8, 6, 8], [8, 9, 7, 5, 6, 6, 8, 9, 6, 7]]
Demand for each product in each period d: 
[[49, 11, 18, 28, 33, 38, 11, 23, 20, 0], [35, 25, 15, 44, 42, 47, 28, 0, 33, 46], [45, 37, 28, 32, 37, 20, 24, 20, 48, 17], [12, 39, 9, 47, 40, 1, 6, 31, 41, 30], [15, 44, 31, 22, 4, 16, 33, 42, 32, 10], [48, 28, 12, 39, 7, 19, 24, 31, 22, 9], [22, 0, 47, 38, 23, 12, 44, 31, 15, 29], [37, 23, 25, 44, 42, 39, 25, 32, 40, 43], [48, 9, 25, 10, 4, 41, 0, 21, 44, 35], [29, 46, 13, 12, 45, 24, 21, 6, 36, 14], [35, 48, 25, 12, 30, 0, 0, 35, 23, 35], [15, 46, 7, 0, 16, 41, 46, 22, 21, 18], [12, 36, 14, 7, 20, 45, 15, 5, 26, 26], [44, 14, 21, 17, 10, 43, 0, 1, 12, 22], [31, 10, 48, 7, 32, 11, 4, 8, 11, 35], [9, 21, 10, 22, 29, 15, 2, 26, 28, 5], [1, 28, 4, 10, 16, 13, 28, 23, 12, 3], [9, 14, 13, 0, 24, 25, 22, 0, 9, 20], [4, 6, 8, 2, 16, 0, 19, 24, 24, 12], [21, 8, 13, 6, 17, 12, 0, 21, 10, 18], [7, 1, 26, 5, 12, 17, 23, 19, 8, 23], [12, 28, 0, 16, 22, 11, 21, 29, 0, 0], [17, 5, 15, 28, 14, 13, 0, 16, 7, 4], [20, 6, 19, 23, 26, 28, 25, 2, 18, 11], [9, 1, 0, 11, 5, 26, 11, 11, 6, 0], [21, 26, 16, 25, 5, 8, 7, 5, 0, 2], [9, 19, 17, 0, 18, 2, 6, 15, 17, 15], [9, 0, 6, 5, 28, 27, 23, 11, 27, 5], [3, 21, 6, 18, 5, 5, 4, 0, 24, 0], [0, 6, 22, 18, 17, 4, 9, 6, 22, 22], [23, 6, 19, 16, 26, 8, 27, 0, 27, 5], [23, 0, 6, 8, 11, 8, 23, 6, 7, 10], [23, 27, 20, 9, 11, 28, 5, 22, 26, 0], [24, 17, 29, 21, 0, 7, 3, 2, 21, 29], [6, 0, 4, 3, 1, 13, 29, 24, 3, 29], [16, 0, 10, 15, 25, 18, 12, 18, 0, 6], [8, 9, 28, 14, 2, 14, 13, 14, 15, 26], [16, 1, 5, 7, 27, 10, 25, 7, 11, 24], [3, 7, 25, 9, 4, 13, 19, 18, 4, 19], [1, 22, 27, 24, 22, 24, 20, 20, 18, 9], [1, 2, 1, 0, 4, 8, 7, 5, 8, 4], [7, 0, 0, 2, 2, 9, 4, 3, 7, 1], [3, 8, 3, 6, 2, 6, 1, 6, 8, 0], [0, 0, 5, 9, 6, 8, 2, 0, 2, 7], [7, 6, 5, 3, 0, 9, 1, 7, 3, 0], [8, 6, 4, 5, 1, 5, 1, 5, 8, 7], [7, 3, 2, 8, 1, 1, 9, 6, 3, 9], [7, 3, 9, 5, 4, 1, 0, 1, 5, 4], [1, 4, 8, 1, 3, 9, 4, 1, 9, 8], [5, 7, 3, 2, 0, 3, 9, 7, 6, 5], [4, 7, 7, 8, 3, 2, 3, 3, 5, 3], [4, 5, 0, 3, 7, 7, 5, 8, 4, 0], [8, 4, 1, 0, 0, 6, 3, 5, 9, 6], [2, 5, 9, 0, 2, 9, 0, 4, 5, 9], [0, 9, 6, 8, 4, 0, 4, 2, 9, 0], [2, 0, 0, 6, 3, 6, 5, 2, 6, 8], [9, 8, 8, 4, 4, 3, 9, 5, 7, 6], [0, 5, 3, 5, 7, 4, 1, 0, 0, 5], [0, 0, 9, 4, 0, 7, 4, 8, 0, 2], [0, 0, 4, 8, 9, 9, 5, 8, 1, 7], [7, 9, 5, 8, 0, 5, 0, 4, 6, 0], [5, 5, 3, 0, 8, 8, 8, 0, 2, 1], [3, 6, 1, 8, 8, 9, 8, 3, 2, 8], [2, 7, 2, 1, 7, 0, 4, 6, 1, 9], [4, 5, 8, 7, 6, 4, 3, 0, 8, 0], [2, 7, 5, 5, 0, 5, 9, 6, 2, 9], [8, 5, 2, 1, 2, 9, 2, 0, 2, 8], [8, 8, 4, 4, 7, 7, 3, 0, 6, 8], [5, 6, 8, 7, 4, 9, 0, 9, 2, 1], [5, 8, 9, 0, 1, 1, 1, 0, 5, 3], [9, 9, 8, 0, 3, 7, 3, 4, 2, 0], [6, 0, 8, 4, 3, 2, 9, 9, 7, 0], [2, 8, 1, 0, 2, 1, 1, 8, 7, 8], [8, 6, 3, 4, 1, 6, 6, 6, 5, 5], [6, 2, 8, 3, 5, 0, 0, 0, 0, 4], [2, 2, 6, 1, 4, 9, 2, 6, 6, 0], [4, 3, 2, 0, 1, 0, 4, 0, 6, 2], [2, 1, 9, 8, 8, 9, 4, 7, 7, 5], [2, 2, 7, 3, 6, 5, 1, 8, 0, 5], [4, 1, 5, 0, 0, 8, 3, 6, 2, 0], [4, 6, 0, 6, 8, 9, 4, 6, 2, 2], [0, 9, 7, 9, 8, 4, 9, 5, 0, 0], [0, 0, 6, 5, 3, 1, 2, 9, 0, 9], [9, 8, 9, 7, 5, 9, 1, 3, 5, 2], [2, 3, 5, 9, 7, 6, 0, 6, 7, 6], [5, 6, 4, 6, 9, 1, 9, 3, 6, 0], [0, 0, 3, 2, 9, 0, 8, 7, 8, 0], [9, 8, 9, 8, 8, 2, 4, 9, 3, 9], [2, 3, 8, 3, 4, 8, 6, 6, 0, 5], [0, 5, 6, 7, 2, 0, 7, 8, 4, 4], [4, 4, 1, 2, 0, 1, 7, 8, 5, 2], [6, 9, 8, 4, 9, 1, 0, 6, 6, 6], [1, 4, 3, 1, 0, 7, 5, 1, 8, 3], [4, 7, 7, 4, 1, 0, 4, 9, 1, 5], [9, 6, 3, 0, 2, 4, 8, 7, 4, 0], [6, 9, 0, 2, 2, 4, 0, 4, 2, 1], [0, 2, 4, 0, 5, 1, 8, 7, 7, 8], [1, 1, 5, 3, 3, 8, 8, 7, 0, 0], [3, 8, 8, 7, 4, 6, 5, 6, 3, 2], [5, 6, 1, 7, 5, 1, 8, 3, 5, 8]]
Maintenance cost in each period m: 
[5887, 7574, 7987, 6316, 6999, 4038, 5911, 7249, 4509, 4958]
Maximum capacity of the machine cmax: 
4500