Set of periods in the planning horizon T: 
15
Set of products P: 
15
Capacity reduction coefficient alpha: 
0.67
Relative decrease of capacity per set up gamma: 
0.33
Capacity reduction coefficient due to product types beta: 
[0.39, 0.33, 0.28, 0.32, 0.35, 0.33, 0.21, 0.35, 0.36, 0.27, 0.32, 0.27, 0.21, 0.22, 0.33]
Fixed production cost of each product in each period f: 
[[896, 532, 995, 756, 900, 992, 668, 717, 511, 675, 776, 890, 911, 809, 556], [848, 880, 529, 525, 918, 973, 819, 932, 542, 521, 820, 856, 897, 506, 707], [637, 507, 935, 899, 549, 773, 958, 704, 534, 904, 720, 865, 701, 898, 756], [555, 624, 731, 853, 852, 774, 952, 503, 608, 955, 797, 684, 615, 569, 813], [951, 818, 711, 557, 898, 534, 810, 542, 815, 570, 981, 758, 850, 943, 816], [714, 530, 620, 566, 598, 536, 661, 844, 908, 765, 700, 813, 768, 592, 735], [513, 623, 854, 604, 763, 668, 950, 811, 867, 994, 521, 949, 784, 854, 823], [917, 913, 842, 539, 837, 930, 876, 967, 747, 585, 796, 995, 518, 709, 556], [832, 845, 616, 785, 545, 934, 651, 568, 771, 781, 666, 989, 942, 961, 683], [920, 818, 730, 631, 890, 846, 985, 671, 880, 669, 523, 636, 905, 570, 948], [982, 604, 948, 788, 754, 842, 572, 891, 906, 676, 895, 736, 599, 796, 865], [514, 744, 682, 783, 713, 849, 741, 653, 883, 571, 609, 862, 962, 736, 840], [570, 960, 910, 645, 545, 813, 648, 567, 581, 885, 771, 806, 533, 709, 542], [663, 766, 575, 703, 560, 900, 664, 537, 621, 596, 504, 821, 788, 743, 654], [688, 594, 533, 709, 850, 807, 755, 630, 762, 991, 814, 634, 545, 719, 690]]
Variable production cost per unit of each product in each period p: 
[[12, 10, 10, 10, 11, 13, 12, 13, 12, 12, 11, 13, 10, 13, 11], [13, 11, 10, 13, 12, 12, 13, 13, 10, 12, 10, 11, 13, 13, 10], [13, 10, 11, 10, 12, 13, 11, 11, 11, 11, 11, 12, 11, 10, 11], [10, 11, 11, 10, 13, 12, 10, 13, 10, 12, 10, 11, 11, 11, 10], [10, 11, 12, 10, 13, 10, 13, 12, 10, 12, 12, 12, 11, 10, 10], [10, 13, 11, 12, 10, 10, 13, 13, 13, 12, 13, 11, 13, 10, 10], [10, 11, 10, 10, 12, 11, 11, 13, 13, 13, 11, 10, 11, 11, 13], [11, 11, 12, 10, 10, 11, 12, 13, 13, 11, 10, 10, 10, 12, 10], [10, 12, 10, 10, 10, 13, 13, 10, 13, 10, 11, 12, 12, 13, 11], [10, 12, 10, 10, 11, 11, 12, 11, 10, 13, 10, 13, 13, 13, 12], [12, 13, 13, 10, 10, 12, 12, 10, 13, 10, 10, 11, 12, 11, 12], [10, 12, 11, 13, 13, 13, 11, 13, 10, 11, 12, 12, 13, 13, 13], [13, 11, 10, 12, 10, 10, 11, 13, 12, 13, 12, 13, 13, 11, 13], [13, 13, 11, 10, 13, 13, 11, 13, 10, 10, 10, 10, 12, 12, 10], [12, 12, 12, 13, 10, 11, 12, 12, 12, 11, 10, 11, 10, 11, 12]]
Inventory holding cost per unit of each product by the end of each period h: 
[[9, 5, 5, 5, 9, 7, 5, 5, 8, 5, 6, 8, 9, 9, 7], [5, 7, 9, 7, 5, 9, 7, 6, 5, 6, 7, 7, 9, 9, 8], [5, 7, 9, 6, 7, 5, 9, 9, 8, 9, 5, 9, 7, 7, 5], [8, 9, 9, 5, 7, 8, 6, 6, 7, 8, 8, 9, 9, 6, 5], [5, 7, 8, 7, 6, 8, 5, 5, 8, 8, 9, 5, 8, 8, 6], [9, 8, 7, 8, 9, 6, 6, 7, 7, 7, 9, 8, 9, 9, 7], [9, 6, 7, 6, 8, 7, 5, 5, 6, 7, 8, 5, 5, 6, 9], [8, 5, 6, 5, 7, 9, 7, 8, 7, 8, 5, 8, 8, 6, 7], [8, 5, 9, 9, 5, 8, 5, 8, 9, 6, 9, 8, 6, 9, 6], [8, 5, 7, 8, 9, 7, 6, 5, 5, 6, 8, 6, 7, 5, 5], [8, 6, 8, 7, 7, 8, 9, 9, 5, 6, 7, 7, 8, 8, 8], [9, 9, 6, 6, 7, 6, 5, 9, 5, 7, 6, 9, 9, 7, 6], [5, 7, 7, 6, 9, 7, 7, 5, 8, 9, 7, 7, 5, 6, 6], [6, 6, 7, 9, 9, 8, 8, 5, 8, 9, 7, 9, 7, 5, 9], [6, 7, 5, 5, 9, 7, 9, 5, 5, 5, 8, 5, 9, 8, 9]]
Demand for each product in each period d: 
[[26, 16, 12, 27, 45, 4, 3, 37, 19, 43, 24, 33, 12, 10, 26], [18, 22, 25, 42, 30, 0, 0, 16, 25, 32, 9, 8, 47, 2, 9], [7, 0, 9, 15, 0, 36, 20, 39, 27, 24, 28, 15, 12, 12, 11], [27, 0, 35, 33, 3, 32, 9, 26, 16, 4, 38, 44, 39, 47, 34], [41, 7, 32, 5, 14, 20, 48, 17, 9, 36, 41, 3, 35, 34, 0], [0, 18, 37, 26, 29, 19, 41, 46, 20, 21, 12, 40, 17, 49, 15], [42, 6, 7, 34, 14, 38, 40, 27, 20, 0, 46, 40, 45, 13, 41], [25, 33, 3, 5, 11, 4, 42, 29, 11, 39, 28, 26, 30, 41, 17], [18, 20, 12, 12, 11, 9, 18, 40, 11, 27, 0, 10, 7, 43, 43], [23, 18, 42, 19, 9, 0, 40, 22, 33, 42, 21, 4, 26, 9, 48], [46, 47, 34, 48, 4, 44, 33, 0, 22, 8, 14, 49, 0, 26, 20], [0, 15, 5, 6, 10, 18, 6, 44, 27, 39, 13, 6, 8, 28, 28], [26, 9, 22, 10, 45, 24, 48, 19, 21, 20, 42, 30, 6, 33, 41], [37, 11, 5, 23, 46, 46, 16, 44, 5, 38, 25, 10, 23, 15, 8], [28, 10, 48, 18, 30, 42, 3, 40, 29, 39, 10, 5, 0, 3, 20]]
Maintenance cost in each period m: 
[5608, 4525, 5363, 5479, 1826, 3203, 4272, 1857, 3318, 3942, 2707, 2272, 4083, 2243, 4079]
Maximum capacity of the machine cmax: 
675