Set of periods in the planning horizon T: 
20
Set of products P: 
15
Capacity reduction coefficient alpha: 
0.71
Relative decrease of capacity per set up gamma: 
0.25
Capacity reduction coefficient due to product types beta: 
[0.3, 0.28, 0.32, 0.28, 0.38, 0.37, 0.37, 0.34, 0.35, 0.33, 0.26, 0.32, 0.34, 0.4, 0.29]
Fixed production cost of each product in each period f: 
[[554, 879, 573, 639, 623, 802, 788, 893, 983, 782, 679, 926, 688, 768, 883, 999, 806, 624, 994, 862], [553, 932, 588, 745, 619, 554, 530, 555, 926, 772, 549, 590, 699, 615, 876, 640, 828, 622, 688, 617], [981, 985, 588, 807, 762, 804, 694, 756, 728, 961, 778, 568, 795, 611, 847, 635, 748, 773, 811, 939], [998, 689, 662, 771, 772, 608, 903, 610, 906, 798, 893, 768, 761, 618, 513, 815, 627, 835, 668, 531], [528, 947, 767, 868, 657, 532, 969, 690, 615, 609, 562, 979, 516, 601, 616, 950, 528, 741, 985, 899], [762, 628, 885, 814, 554, 540, 923, 584, 986, 770, 994, 820, 888, 708, 867, 713, 905, 716, 604, 547], [684, 600, 811, 974, 735, 529, 835, 610, 541, 753, 572, 641, 598, 827, 514, 528, 831, 948, 665, 782], [825, 801, 598, 876, 599, 609, 938, 955, 916, 951, 543, 981, 622, 778, 828, 744, 612, 819, 931, 617], [781, 903, 534, 942, 746, 797, 616, 568, 752, 898, 546, 668, 842, 795, 832, 558, 743, 548, 805, 792], [922, 680, 635, 718, 863, 632, 974, 877, 911, 531, 570, 694, 523, 510, 530, 542, 689, 516, 549, 607], [645, 766, 515, 954, 602, 768, 503, 528, 763, 972, 828, 907, 869, 995, 805, 911, 510, 742, 565, 832], [524, 796, 924, 911, 621, 848, 533, 788, 882, 943, 664, 692, 956, 552, 701, 735, 850, 668, 820, 583], [842, 818, 613, 558, 526, 540, 988, 921, 562, 728, 696, 734, 823, 654, 886, 631, 953, 730, 688, 825], [831, 709, 707, 932, 693, 609, 880, 672, 992, 805, 584, 662, 872, 618, 772, 522, 525, 540, 532, 942], [716, 705, 842, 685, 603, 746, 973, 967, 810, 858, 908, 841, 528, 576, 514, 889, 732, 984, 823, 691]]
Variable production cost per unit of each product in each period p: 
[[11, 13, 13, 13, 10, 13, 13, 13, 10, 10, 13, 12, 13, 10, 10, 13, 13, 13, 12, 12], [13, 13, 13, 12, 13, 10, 13, 12, 13, 13, 12, 10, 13, 13, 10, 13, 13, 12, 11, 11], [12, 12, 11, 12, 10, 12, 10, 10, 11, 12, 13, 13, 12, 12, 12, 11, 10, 11, 13, 10], [13, 10, 12, 10, 12, 11, 10, 12, 10, 10, 12, 13, 11, 12, 12, 10, 11, 12, 13, 10], [13, 13, 12, 10, 10, 10, 10, 11, 10, 13, 12, 13, 10, 10, 10, 12, 12, 11, 10, 13], [13, 11, 12, 12, 12, 13, 11, 12, 11, 13, 10, 13, 11, 11, 13, 10, 11, 12, 11, 13], [13, 10, 12, 13, 12, 11, 11, 13, 12, 11, 11, 10, 11, 12, 13, 10, 13, 13, 12, 11], [10, 12, 13, 10, 12, 12, 12, 11, 13, 10, 13, 10, 11, 11, 11, 11, 11, 13, 12, 13], [12, 12, 10, 11, 11, 10, 12, 12, 13, 11, 12, 12, 13, 12, 12, 10, 11, 10, 11, 12], [13, 13, 13, 13, 10, 13, 11, 13, 13, 11, 11, 13, 13, 13, 10, 13, 10, 10, 13, 10], [12, 12, 10, 13, 13, 13, 13, 12, 10, 12, 12, 12, 13, 13, 12, 11, 12, 10, 13, 11], [10, 12, 11, 11, 11, 12, 12, 12, 10, 11, 12, 13, 13, 12, 11, 12, 10, 11, 10, 12], [12, 13, 13, 11, 12, 11, 13, 10, 13, 12, 11, 11, 13, 13, 11, 10, 13, 11, 12, 11], [13, 10, 10, 10, 13, 12, 11, 13, 11, 13, 10, 13, 11, 10, 12, 13, 10, 11, 11, 12], [13, 11, 12, 12, 10, 12, 11, 11, 11, 13, 11, 12, 10, 11, 12, 10, 11, 12, 13, 12]]
Inventory holding cost per unit of each product by the end of each period h: 
[[9, 5, 5, 6, 5, 8, 9, 9, 7, 9, 6, 7, 8, 7, 9, 8, 7, 8, 9, 8], [9, 5, 6, 9, 8, 8, 8, 8, 5, 5, 9, 9, 5, 9, 9, 8, 5, 5, 5, 5], [5, 8, 8, 7, 8, 7, 7, 6, 8, 5, 7, 6, 5, 9, 5, 6, 9, 8, 8, 6], [5, 7, 5, 8, 6, 6, 9, 9, 7, 6, 6, 5, 9, 8, 8, 7, 6, 5, 6, 5], [7, 8, 7, 5, 7, 7, 8, 6, 5, 8, 8, 7, 8, 7, 6, 5, 6, 7, 9, 6], [5, 5, 9, 8, 5, 7, 6, 9, 9, 5, 9, 5, 8, 6, 5, 6, 5, 7, 6, 5], [9, 7, 6, 9, 9, 7, 9, 8, 5, 6, 8, 8, 8, 8, 5, 5, 7, 8, 5, 6], [9, 6, 7, 6, 9, 6, 7, 7, 7, 6, 8, 7, 5, 8, 5, 9, 9, 8, 6, 6], [6, 9, 7, 9, 8, 9, 9, 6, 7, 7, 5, 8, 7, 8, 5, 9, 8, 5, 6, 9], [9, 7, 9, 8, 7, 8, 9, 9, 5, 9, 6, 7, 9, 6, 7, 5, 7, 6, 7, 6], [5, 5, 5, 5, 8, 5, 8, 5, 9, 8, 9, 8, 8, 6, 5, 9, 5, 6, 5, 6], [8, 8, 6, 9, 9, 9, 6, 6, 5, 5, 7, 5, 6, 5, 5, 8, 7, 6, 8, 8], [9, 7, 5, 5, 7, 6, 7, 5, 6, 6, 7, 5, 6, 8, 7, 9, 7, 9, 5, 8], [7, 9, 9, 6, 7, 6, 5, 5, 5, 8, 7, 7, 9, 9, 7, 9, 5, 8, 9, 6], [8, 8, 8, 7, 9, 6, 7, 9, 8, 5, 8, 7, 8, 8, 7, 5, 9, 8, 5, 8]]
Demand for each product in each period d: 
[[13, 23, 43, 44, 0, 1, 48, 5, 45, 18, 10, 35, 25, 10, 7, 31, 0, 1, 6, 23], [3, 40, 26, 14, 31, 24, 4, 26, 31, 31, 40, 4, 31, 14, 49, 26, 28, 0, 35, 37], [18, 44, 45, 8, 38, 48, 27, 31, 8, 26, 9, 15, 43, 34, 38, 47, 36, 18, 48, 13], [35, 19, 9, 43, 36, 35, 20, 0, 47, 5, 0, 8, 5, 0, 3, 34, 22, 21, 48, 24], [38, 36, 0, 9, 28, 8, 47, 30, 35, 29, 20, 6, 10, 37, 4, 25, 0, 37, 11, 34], [11, 27, 24, 7, 19, 0, 38, 38, 11, 25, 26, 47, 38, 0, 24, 39, 0, 6, 4, 14], [6, 24, 15, 48, 47, 1, 36, 11, 43, 13, 41, 37, 4, 41, 12, 25, 45, 28, 2, 23], [10, 32, 38, 45, 26, 2, 10, 46, 23, 43, 30, 9, 16, 19, 31, 29, 22, 0, 42, 40], [31, 11, 23, 39, 18, 8, 15, 1, 42, 31, 42, 29, 40, 30, 13, 6, 20, 21, 43, 18], [39, 13, 6, 31, 32, 45, 33, 32, 38, 15, 13, 38, 19, 13, 35, 27, 42, 35, 49, 45], [3, 19, 28, 31, 30, 2, 19, 19, 39, 44, 23, 11, 16, 36, 16, 12, 49, 40, 28, 9], [46, 12, 38, 48, 32, 30, 37, 33, 8, 22, 19, 23, 21, 45, 30, 26, 42, 14, 14, 37], [24, 33, 40, 38, 44, 31, 38, 17, 25, 36, 2, 12, 22, 11, 33, 48, 17, 44, 12, 17], [7, 3, 38, 26, 0, 0, 20, 35, 5, 36, 43, 43, 36, 3, 32, 49, 29, 33, 24, 12], [26, 20, 0, 44, 23, 10, 31, 14, 40, 47, 11, 3, 17, 44, 4, 16, 46, 44, 11, 27]]
Maintenance cost in each period m: 
[3718, 4157, 2211, 3309, 4927, 5111, 5622, 3013, 2866, 4868, 2804, 2159, 2259, 2159, 3565, 3777, 2107, 5515, 3156, 4380]
Maximum capacity of the machine cmax: 
600