Set of periods in the planning horizon T: 
20
Set of products P: 
15
Capacity reduction coefficient alpha: 
0.62
Relative decrease of capacity per set up gamma: 
0.27
Capacity reduction coefficient due to product types beta: 
[0.34, 0.3, 0.29, 0.4, 0.38, 0.24, 0.4, 0.23, 0.23, 0.24, 0.36, 0.38, 0.21, 0.33, 0.33]
Fixed production cost of each product in each period f: 
[[587, 776, 935, 989, 829, 633, 977, 702, 908, 570, 854, 855, 550, 771, 591, 578, 909, 596, 676, 920], [713, 617, 574, 717, 860, 675, 860, 543, 907, 506, 934, 542, 600, 850, 769, 783, 542, 911, 676, 969], [875, 819, 717, 783, 764, 971, 984, 850, 557, 593, 701, 517, 991, 599, 706, 525, 719, 816, 851, 875], [985, 953, 620, 862, 739, 822, 528, 608, 820, 901, 614, 828, 928, 524, 610, 644, 573, 621, 625, 781], [516, 616, 728, 984, 986, 762, 771, 862, 834, 570, 774, 652, 922, 764, 990, 873, 643, 912, 595, 926], [716, 730, 987, 623, 734, 755, 578, 676, 921, 723, 518, 809, 934, 544, 985, 833, 606, 880, 550, 679], [811, 530, 825, 633, 695, 635, 640, 730, 998, 692, 685, 758, 740, 745, 656, 802, 674, 897, 706, 573], [892, 979, 916, 933, 745, 566, 840, 560, 824, 712, 909, 569, 666, 537, 733, 645, 513, 680, 619, 913], [620, 607, 697, 716, 729, 966, 687, 886, 603, 540, 614, 792, 823, 519, 720, 973, 508, 771, 521, 511], [886, 684, 644, 995, 561, 754, 763, 944, 951, 866, 989, 670, 587, 811, 985, 851, 648, 500, 579, 885], [549, 823, 880, 589, 635, 595, 521, 739, 751, 866, 517, 582, 693, 576, 970, 777, 705, 547, 600, 582], [659, 585, 555, 701, 830, 612, 613, 605, 683, 801, 846, 694, 599, 698, 522, 647, 924, 969, 681, 547], [862, 639, 848, 525, 744, 994, 739, 575, 904, 857, 750, 593, 989, 736, 692, 802, 870, 786, 917, 752], [578, 629, 578, 816, 637, 708, 896, 740, 602, 770, 730, 522, 650, 868, 523, 775, 517, 542, 982, 538], [546, 935, 743, 829, 606, 900, 827, 545, 717, 772, 731, 533, 976, 876, 749, 900, 706, 953, 659, 567]]
Variable production cost per unit of each product in each period p: 
[[11, 12, 11, 13, 13, 13, 11, 13, 11, 10, 12, 10, 11, 12, 12, 12, 13, 13, 11, 13], [10, 13, 10, 12, 10, 12, 10, 13, 10, 12, 13, 13, 13, 13, 12, 12, 13, 10, 12, 10], [10, 10, 13, 12, 10, 11, 10, 13, 13, 10, 10, 10, 11, 11, 13, 10, 12, 12, 12, 13], [10, 13, 11, 10, 10, 13, 11, 10, 13, 13, 10, 12, 10, 12, 10, 12, 11, 13, 11, 11], [13, 12, 11, 11, 10, 13, 13, 10, 10, 11, 13, 11, 11, 13, 10, 11, 13, 11, 13, 10], [11, 13, 12, 12, 10, 13, 13, 10, 12, 13, 12, 12, 11, 10, 12, 13, 11, 10, 10, 13], [10, 12, 12, 12, 11, 10, 10, 10, 12, 11, 10, 12, 13, 10, 12, 13, 13, 13, 13, 13], [10, 13, 11, 12, 11, 13, 12, 10, 11, 13, 13, 13, 10, 10, 11, 11, 11, 10, 10, 10], [13, 12, 10, 13, 13, 12, 13, 12, 11, 13, 11, 13, 12, 12, 11, 12, 13, 12, 13, 10], [11, 10, 12, 11, 10, 12, 13, 11, 12, 10, 13, 11, 10, 10, 13, 13, 11, 10, 12, 13], [11, 10, 13, 11, 11, 12, 13, 10, 10, 13, 13, 12, 11, 13, 10, 13, 12, 11, 11, 10], [11, 11, 12, 13, 13, 10, 10, 10, 12, 10, 13, 13, 12, 12, 13, 13, 11, 13, 12, 13], [10, 13, 13, 12, 11, 13, 10, 11, 13, 10, 11, 10, 13, 12, 11, 11, 13, 12, 10, 11], [13, 13, 11, 12, 13, 10, 10, 10, 11, 11, 12, 11, 11, 10, 10, 12, 13, 11, 11, 11], [11, 13, 11, 10, 12, 13, 13, 13, 10, 10, 11, 11, 13, 13, 13, 12, 10, 10, 13, 13]]
Inventory holding cost per unit of each product by the end of each period h: 
[[9, 6, 9, 7, 9, 6, 5, 8, 9, 7, 8, 9, 6, 6, 6, 6, 6, 9, 9, 5], [7, 6, 6, 8, 9, 6, 9, 9, 7, 8, 8, 5, 6, 5, 9, 6, 7, 7, 5, 7], [6, 9, 6, 9, 6, 5, 6, 9, 9, 6, 8, 6, 5, 7, 8, 8, 8, 7, 6, 7], [8, 8, 5, 6, 5, 5, 5, 9, 8, 6, 6, 9, 9, 6, 6, 5, 7, 9, 5, 7], [7, 9, 7, 5, 8, 9, 5, 7, 8, 6, 9, 9, 7, 6, 6, 6, 8, 6, 6, 5], [7, 9, 7, 9, 5, 9, 8, 9, 8, 8, 6, 7, 5, 9, 9, 9, 9, 6, 8, 6], [6, 6, 6, 9, 6, 9, 6, 7, 6, 9, 7, 9, 7, 5, 8, 6, 8, 5, 6, 9], [7, 5, 8, 5, 9, 7, 6, 8, 8, 7, 8, 5, 8, 7, 6, 7, 9, 8, 6, 5], [7, 8, 9, 9, 8, 5, 9, 9, 6, 8, 5, 5, 8, 8, 7, 6, 9, 9, 9, 8], [7, 8, 7, 7, 9, 8, 6, 9, 8, 8, 5, 6, 8, 8, 8, 6, 9, 8, 7, 8], [9, 5, 8, 8, 7, 7, 6, 8, 8, 6, 6, 9, 5, 6, 6, 8, 7, 9, 7, 7], [9, 6, 6, 5, 7, 5, 7, 6, 9, 8, 9, 8, 9, 9, 6, 5, 6, 9, 9, 5], [5, 5, 7, 8, 6, 6, 8, 7, 6, 6, 6, 8, 5, 7, 5, 8, 5, 5, 9, 5], [6, 9, 7, 9, 8, 6, 5, 8, 5, 8, 5, 8, 6, 6, 7, 9, 6, 5, 7, 9], [9, 7, 8, 6, 8, 6, 8, 8, 6, 8, 8, 8, 9, 7, 7, 8, 6, 7, 8, 8]]
Demand for each product in each period d: 
[[37, 12, 27, 17, 6, 36, 17, 43, 35, 4, 5, 5, 35, 3, 12, 7, 22, 14, 15, 6], [13, 32, 25, 23, 26, 23, 38, 3, 41, 23, 1, 46, 6, 30, 21, 28, 39, 21, 25, 43], [48, 0, 17, 22, 13, 0, 20, 47, 47, 23, 20, 43, 46, 0, 17, 47, 38, 3, 10, 28], [30, 31, 30, 13, 5, 39, 10, 22, 28, 5, 17, 24, 22, 36, 17, 31, 11, 23, 0, 29], [19, 20, 35, 24, 13, 15, 2, 45, 5, 44, 19, 4, 36, 13, 2, 35, 28, 32, 36, 36], [17, 46, 6, 19, 44, 38, 46, 48, 22, 12, 20, 0, 4, 48, 6, 26, 46, 2, 11, 9], [47, 29, 1, 16, 18, 20, 30, 30, 5, 39, 48, 16, 31, 12, 32, 22, 26, 33, 11, 49], [41, 16, 49, 31, 0, 14, 0, 23, 19, 44, 14, 5, 8, 15, 11, 23, 27, 25, 39, 43], [41, 3, 31, 24, 36, 37, 31, 18, 3, 44, 26, 49, 0, 44, 27, 30, 9, 9, 29, 16], [39, 36, 12, 0, 8, 13, 10, 25, 21, 17, 28, 36, 36, 8, 5, 22, 23, 47, 14, 1], [7, 41, 1, 12, 1, 16, 24, 32, 16, 17, 3, 47, 30, 20, 0, 39, 18, 26, 45, 9], [0, 15, 41, 10, 2, 37, 24, 22, 49, 27, 11, 20, 41, 13, 8, 0, 39, 31, 34, 23], [22, 8, 35, 43, 0, 20, 49, 44, 36, 31, 5, 38, 36, 45, 36, 5, 40, 0, 15, 20], [49, 27, 16, 0, 31, 19, 21, 16, 49, 47, 26, 0, 34, 46, 42, 33, 12, 3, 23, 5], [49, 3, 29, 47, 7, 25, 35, 12, 29, 0, 33, 0, 43, 39, 0, 1, 7, 46, 1, 22]]
Maintenance cost in each period m: 
[2192, 1931, 1933, 2476, 3085, 2560, 3248, 4791, 3922, 4591, 4385, 2305, 5746, 4254, 4094, 4134, 2635, 4356, 4870, 4799]
Maximum capacity of the machine cmax: 
615