Set of periods in the planning horizon T: 
25
Set of products P: 
25
Capacity reduction coefficient alpha: 
0.61
Relative decrease of capacity per set up gamma: 
0.36
Capacity reduction coefficient due to product types beta: 
[0.23, 0.36, 0.31, 0.23, 0.37, 0.27, 0.29, 0.2, 0.26, 0.34, 0.22, 0.21, 0.27, 0.22, 0.29, 0.31, 0.27, 0.21, 0.26, 0.23, 0.21, 0.31, 0.35, 0.27, 0.3]
Fixed production cost of each product in each period f: 
[[601, 591, 780, 627, 558, 618, 970, 970, 861, 738, 559, 971, 702, 591, 872, 745, 559, 548, 791, 637, 523, 708, 972, 909, 985], [874, 615, 584, 652, 684, 993, 649, 957, 740, 818, 832, 755, 984, 964, 597, 846, 629, 741, 763, 669, 749, 916, 801, 976, 740], [796, 521, 661, 994, 717, 654, 520, 972, 695, 829, 504, 800, 920, 554, 887, 976, 936, 589, 838, 502, 983, 670, 700, 776, 839], [588, 672, 907, 644, 866, 538, 845, 761, 665, 714, 681, 621, 588, 713, 690, 686, 644, 981, 954, 652, 879, 839, 616, 661, 785], [801, 976, 794, 528, 561, 930, 688, 750, 580, 868, 631, 702, 721, 921, 717, 999, 605, 733, 900, 713, 626, 974, 954, 680, 586], [840, 692, 966, 785, 556, 842, 794, 924, 797, 513, 784, 973, 561, 688, 706, 923, 592, 564, 616, 854, 993, 684, 673, 549, 609], [751, 924, 533, 936, 661, 938, 768, 857, 842, 514, 746, 699, 947, 556, 634, 718, 999, 872, 630, 513, 609, 543, 834, 725, 794], [523, 933, 747, 714, 750, 619, 604, 515, 504, 973, 637, 747, 672, 789, 836, 678, 501, 817, 593, 891, 914, 736, 890, 904, 723], [955, 586, 724, 513, 615, 656, 962, 909, 722, 895, 792, 935, 577, 874, 735, 597, 771, 997, 767, 688, 517, 887, 921, 950, 930], [645, 746, 508, 647, 680, 775, 549, 842, 747, 543, 606, 796, 771, 577, 869, 596, 817, 772, 875, 594, 753, 546, 883, 606, 914], [733, 813, 703, 598, 928, 720, 879, 930, 715, 762, 963, 714, 933, 791, 761, 960, 603, 802, 831, 853, 947, 697, 506, 761, 878], [507, 583, 533, 516, 905, 757, 752, 888, 948, 740, 514, 746, 838, 722, 692, 910, 829, 679, 668, 581, 806, 794, 977, 791, 915], [701, 974, 574, 733, 742, 719, 811, 781, 515, 581, 586, 642, 933, 507, 829, 748, 739, 856, 769, 923, 812, 660, 535, 817, 770], [797, 979, 897, 784, 558, 518, 575, 615, 569, 886, 570, 794, 961, 961, 757, 605, 707, 964, 504, 527, 774, 677, 528, 631, 755], [835, 846, 646, 552, 722, 643, 840, 630, 748, 846, 643, 967, 680, 775, 667, 717, 692, 901, 987, 898, 692, 607, 790, 914, 968], [819, 601, 677, 982, 550, 794, 804, 893, 652, 699, 890, 938, 836, 603, 976, 756, 618, 636, 912, 556, 686, 530, 964, 832, 677], [966, 654, 608, 710, 948, 623, 869, 914, 717, 681, 884, 645, 719, 684, 837, 760, 829, 764, 610, 609, 874, 861, 561, 786, 705], [875, 621, 707, 884, 563, 623, 935, 561, 558, 814, 977, 867, 707, 959, 938, 784, 758, 583, 556, 598, 778, 833, 780, 902, 674], [699, 984, 903, 643, 716, 606, 563, 847, 701, 620, 869, 776, 914, 879, 914, 731, 610, 561, 668, 894, 682, 562, 726, 759, 685], [570, 941, 894, 736, 870, 973, 558, 939, 670, 872, 749, 833, 974, 683, 574, 808, 910, 956, 778, 675, 691, 873, 805, 619, 551], [511, 978, 797, 976, 970, 649, 680, 880, 645, 518, 991, 874, 713, 750, 536, 966, 718, 834, 747, 524, 817, 852, 955, 698, 719], [631, 974, 809, 877, 500, 900, 644, 903, 851, 835, 786, 880, 528, 521, 621, 872, 848, 727, 682, 683, 994, 771, 561, 591, 922], [890, 859, 887, 829, 727, 783, 648, 602, 874, 888, 797, 802, 825, 647, 588, 565, 770, 743, 979, 804, 997, 805, 787, 517, 545], [947, 663, 767, 632, 680, 624, 761, 861, 566, 729, 740, 699, 995, 819, 570, 813, 728, 512, 748, 711, 743, 567, 635, 721, 502], [838, 623, 842, 871, 878, 849, 844, 620, 853, 989, 962, 681, 544, 621, 885, 991, 892, 989, 678, 568, 964, 891, 752, 839, 852]]
Variable production cost per unit of each product in each period p: 
[[10, 10, 13, 13, 10, 12, 10, 10, 11, 13, 11, 11, 12, 10, 10, 10, 11, 11, 11, 10, 13, 11, 11, 11, 13], [11, 12, 10, 11, 12, 12, 13, 12, 11, 13, 10, 13, 13, 11, 12, 12, 10, 13, 13, 13, 10, 11, 10, 11, 10], [12, 13, 10, 12, 11, 11, 11, 13, 13, 11, 12, 10, 13, 12, 12, 13, 11, 13, 12, 11, 13, 11, 12, 11, 10], [12, 11, 10, 13, 13, 10, 13, 10, 12, 11, 10, 13, 11, 13, 12, 13, 11, 12, 12, 13, 11, 11, 12, 10, 12], [10, 10, 12, 10, 12, 11, 10, 11, 11, 11, 12, 10, 13, 11, 11, 11, 13, 12, 10, 12, 10, 13, 13, 10, 13], [11, 13, 10, 10, 11, 11, 11, 12, 11, 12, 10, 10, 13, 13, 10, 10, 13, 12, 12, 13, 13, 12, 11, 12, 11], [13, 12, 12, 13, 12, 10, 11, 12, 10, 12, 10, 13, 10, 12, 13, 12, 11, 11, 11, 11, 12, 11, 12, 12, 12], [12, 12, 11, 12, 11, 12, 12, 11, 11, 10, 11, 11, 11, 10, 12, 13, 11, 10, 11, 12, 13, 13, 13, 12, 12], [11, 11, 12, 12, 11, 10, 11, 10, 11, 11, 11, 11, 11, 11, 10, 10, 12, 12, 13, 12, 11, 12, 13, 11, 13], [13, 10, 13, 12, 11, 13, 12, 10, 11, 10, 10, 11, 11, 10, 10, 10, 13, 13, 11, 11, 11, 10, 12, 13, 10], [13, 13, 13, 12, 12, 11, 13, 10, 13, 13, 10, 10, 10, 13, 13, 11, 12, 12, 12, 13, 10, 11, 10, 12, 12], [10, 10, 13, 13, 10, 12, 11, 11, 11, 13, 13, 12, 12, 13, 11, 13, 13, 10, 10, 12, 13, 13, 11, 11, 12], [13, 11, 11, 11, 11, 10, 13, 12, 13, 10, 12, 13, 11, 10, 13, 10, 13, 10, 13, 10, 13, 11, 10, 11, 10], [10, 12, 11, 10, 10, 10, 10, 10, 12, 13, 13, 13, 13, 11, 12, 13, 10, 13, 11, 10, 10, 12, 10, 10, 11], [12, 10, 13, 12, 10, 13, 13, 11, 11, 11, 10, 13, 12, 12, 13, 13, 13, 13, 10, 11, 11, 13, 11, 10, 11], [10, 11, 10, 13, 12, 10, 10, 10, 11, 12, 13, 13, 10, 10, 10, 10, 13, 13, 10, 13, 13, 11, 10, 11, 11], [13, 10, 13, 11, 10, 11, 10, 11, 12, 13, 11, 11, 12, 13, 12, 13, 10, 13, 12, 10, 13, 11, 11, 10, 13], [11, 13, 13, 11, 10, 13, 10, 11, 10, 13, 12, 13, 11, 10, 13, 11, 12, 13, 10, 13, 10, 12, 10, 13, 10], [10, 11, 11, 12, 12, 13, 13, 12, 11, 12, 12, 10, 13, 10, 10, 13, 13, 12, 11, 12, 10, 12, 10, 12, 11], [10, 13, 10, 11, 13, 13, 12, 12, 12, 12, 12, 12, 13, 10, 12, 11, 12, 11, 13, 12, 11, 10, 12, 10, 10], [13, 10, 12, 13, 11, 11, 12, 10, 12, 10, 13, 10, 11, 11, 13, 11, 12, 12, 11, 13, 11, 10, 11, 11, 11], [13, 12, 10, 13, 11, 10, 13, 10, 13, 11, 10, 10, 12, 11, 12, 12, 11, 11, 12, 12, 10, 13, 11, 11, 11], [11, 10, 11, 11, 11, 12, 13, 13, 10, 13, 13, 13, 12, 11, 13, 10, 13, 13, 10, 11, 11, 12, 11, 11, 11], [12, 13, 10, 12, 11, 10, 10, 11, 13, 12, 13, 13, 11, 12, 11, 11, 12, 10, 11, 12, 12, 10, 11, 12, 10], [12, 10, 13, 13, 10, 13, 12, 13, 10, 12, 13, 13, 12, 13, 11, 13, 11, 10, 12, 10, 12, 12, 12, 10, 12]]
Inventory holding cost per unit of each product by the end of each period h: 
[[7, 5, 8, 5, 7, 7, 7, 9, 6, 5, 5, 5, 9, 9, 8, 9, 5, 5, 6, 5, 9, 8, 7, 5, 5], [5, 8, 7, 5, 9, 8, 5, 6, 8, 8, 6, 8, 6, 5, 5, 7, 6, 8, 6, 7, 5, 5, 9, 5, 7], [8, 8, 8, 6, 6, 6, 6, 5, 9, 5, 8, 7, 9, 6, 9, 8, 8, 5, 8, 8, 9, 5, 9, 9, 7], [5, 9, 9, 7, 8, 5, 8, 9, 7, 9, 9, 6, 6, 9, 9, 9, 9, 5, 6, 6, 6, 9, 6, 7, 7], [7, 5, 9, 8, 6, 9, 5, 8, 6, 6, 8, 7, 5, 5, 5, 8, 8, 6, 9, 7, 5, 5, 7, 9, 7], [9, 5, 5, 9, 6, 6, 5, 6, 8, 8, 7, 5, 5, 9, 7, 6, 8, 6, 5, 9, 8, 9, 9, 8, 6], [5, 9, 8, 6, 5, 6, 8, 8, 9, 5, 7, 8, 6, 8, 6, 5, 5, 7, 7, 9, 9, 9, 9, 6, 7], [6, 5, 8, 6, 5, 9, 8, 6, 6, 5, 9, 8, 5, 9, 7, 5, 6, 9, 5, 6, 6, 6, 9, 8, 7], [6, 9, 7, 6, 6, 6, 6, 8, 7, 9, 6, 9, 5, 5, 5, 8, 7, 6, 6, 7, 6, 7, 9, 5, 6], [9, 8, 5, 8, 8, 9, 6, 5, 9, 6, 8, 8, 8, 5, 7, 5, 5, 7, 5, 6, 5, 9, 9, 6, 6], [6, 7, 9, 9, 8, 8, 8, 9, 6, 9, 9, 8, 5, 9, 8, 5, 6, 5, 7, 6, 6, 6, 9, 6, 9], [9, 5, 5, 6, 7, 9, 6, 8, 5, 5, 9, 9, 6, 9, 8, 8, 9, 7, 6, 6, 7, 5, 5, 7, 9], [8, 8, 6, 6, 7, 7, 6, 9, 5, 6, 9, 6, 7, 8, 9, 5, 7, 9, 8, 5, 8, 7, 6, 8, 6], [5, 9, 7, 5, 6, 7, 8, 6, 9, 8, 5, 6, 7, 5, 5, 7, 7, 8, 6, 9, 9, 7, 6, 7, 7], [5, 7, 9, 8, 6, 6, 5, 7, 7, 7, 6, 7, 6, 5, 5, 6, 5, 5, 5, 6, 8, 9, 6, 9, 6], [8, 8, 7, 8, 8, 5, 7, 7, 6, 5, 5, 5, 6, 9, 9, 8, 9, 7, 6, 5, 5, 7, 5, 8, 5], [7, 8, 7, 7, 8, 6, 9, 5, 7, 6, 7, 9, 9, 7, 5, 8, 7, 9, 9, 8, 9, 7, 8, 7, 8], [6, 6, 6, 5, 9, 5, 7, 8, 6, 9, 5, 7, 7, 9, 9, 7, 9, 6, 7, 8, 6, 6, 7, 6, 5], [8, 9, 5, 5, 8, 8, 7, 9, 8, 7, 6, 5, 5, 7, 8, 6, 8, 9, 8, 8, 9, 5, 7, 8, 7], [6, 9, 7, 7, 6, 5, 5, 8, 6, 8, 8, 6, 8, 7, 5, 5, 8, 7, 7, 9, 8, 5, 7, 7, 6], [6, 9, 7, 6, 5, 9, 7, 8, 8, 8, 6, 5, 5, 9, 8, 5, 5, 5, 5, 7, 9, 6, 5, 7, 6], [8, 7, 8, 8, 5, 6, 9, 8, 6, 5, 8, 7, 9, 7, 8, 9, 9, 6, 9, 6, 6, 7, 9, 6, 6], [9, 7, 8, 8, 9, 9, 7, 9, 5, 8, 8, 7, 5, 5, 7, 9, 7, 6, 7, 7, 6, 6, 7, 6, 9], [5, 5, 8, 6, 9, 7, 6, 7, 6, 9, 8, 5, 6, 5, 9, 6, 6, 6, 5, 5, 7, 5, 6, 7, 6], [7, 7, 6, 8, 6, 7, 7, 6, 5, 7, 5, 8, 9, 5, 6, 5, 7, 7, 9, 7, 9, 6, 5, 8, 7]]
Demand for each product in each period d: 
[[9, 11, 1, 0, 6, 29, 9, 32, 17, 24, 47, 25, 26, 9, 4, 12, 13, 42, 38, 0, 14, 37, 31, 8, 9], [32, 49, 48, 49, 27, 20, 49, 45, 31, 6, 42, 31, 46, 16, 27, 42, 35, 23, 24, 29, 20, 43, 30, 27, 38], [9, 33, 19, 24, 39, 15, 19, 47, 12, 0, 3, 0, 12, 25, 14, 11, 49, 38, 22, 31, 35, 30, 13, 0, 16], [5, 27, 7, 33, 22, 2, 12, 14, 13, 34, 43, 30, 12, 39, 46, 14, 46, 37, 15, 19, 17, 43, 49, 30, 36], [0, 49, 23, 0, 10, 40, 11, 22, 41, 0, 36, 41, 13, 16, 41, 5, 25, 46, 2, 17, 3, 44, 10, 31, 46], [7, 21, 9, 15, 29, 33, 0, 38, 13, 19, 42, 41, 23, 49, 0, 26, 8, 1, 41, 1, 45, 42, 24, 11, 34], [1, 18, 17, 39, 38, 9, 25, 26, 33, 17, 21, 22, 12, 0, 0, 37, 33, 49, 0, 45, 4, 24, 32, 7, 6], [19, 13, 18, 19, 28, 36, 39, 21, 22, 12, 20, 20, 24, 31, 38, 29, 0, 47, 46, 48, 37, 3, 23, 49, 42], [8, 28, 8, 0, 49, 23, 0, 8, 21, 30, 13, 0, 38, 8, 0, 30, 30, 7, 31, 44, 48, 29, 34, 12, 11], [7, 21, 44, 25, 11, 42, 44, 5, 18, 15, 0, 27, 37, 32, 28, 49, 4, 46, 2, 13, 26, 22, 17, 22, 21], [16, 35, 2, 44, 16, 14, 18, 33, 13, 41, 4, 0, 25, 27, 39, 30, 8, 35, 47, 33, 29, 24, 13, 11, 8], [2, 5, 43, 47, 22, 28, 11, 0, 38, 27, 0, 41, 21, 39, 26, 19, 10, 26, 8, 37, 28, 15, 24, 41, 39], [45, 6, 23, 31, 36, 21, 3, 48, 29, 0, 46, 13, 41, 40, 38, 32, 16, 26, 35, 24, 19, 14, 0, 8, 31], [21, 29, 18, 7, 47, 1, 31, 47, 25, 4, 45, 42, 34, 9, 30, 49, 24, 15, 49, 37, 17, 0, 37, 0, 33], [37, 49, 44, 3, 7, 39, 4, 1, 43, 5, 33, 44, 0, 20, 30, 20, 39, 40, 34, 4, 15, 0, 6, 25, 6], [49, 2, 35, 2, 19, 42, 8, 13, 4, 17, 37, 33, 22, 24, 21, 35, 11, 48, 18, 36, 36, 8, 32, 0, 0], [24, 28, 13, 19, 28, 15, 33, 38, 0, 28, 46, 44, 48, 2, 38, 14, 12, 21, 10, 13, 10, 25, 5, 43, 45], [0, 1, 5, 18, 9, 14, 47, 38, 0, 46, 6, 0, 1, 35, 40, 16, 33, 10, 27, 16, 46, 42, 21, 36, 21], [0, 33, 20, 29, 12, 21, 7, 34, 17, 47, 11, 43, 5, 14, 16, 15, 32, 20, 14, 2, 42, 24, 1, 14, 7], [16, 40, 4, 1, 25, 43, 1, 5, 4, 46, 30, 21, 12, 43, 43, 11, 11, 26, 33, 28, 43, 16, 12, 18, 15], [49, 18, 3, 28, 0, 39, 34, 12, 36, 43, 18, 36, 31, 24, 14, 43, 1, 49, 11, 37, 17, 43, 4, 5, 5], [9, 11, 21, 33, 9, 35, 17, 25, 28, 19, 0, 11, 27, 9, 22, 1, 20, 44, 39, 12, 7, 17, 8, 36, 16], [11, 2, 27, 30, 31, 6, 13, 11, 30, 6, 35, 38, 26, 0, 17, 5, 45, 18, 42, 22, 0, 12, 47, 26, 5], [32, 15, 49, 22, 19, 47, 45, 4, 22, 11, 27, 49, 3, 40, 28, 26, 31, 17, 16, 21, 36, 33, 6, 38, 49], [26, 18, 18, 30, 26, 0, 48, 47, 18, 48, 28, 0, 27, 25, 6, 44, 0, 21, 42, 31, 43, 3, 41, 48, 27]]
Maintenance cost in each period m: 
[6253, 3942, 6178, 3825, 6006, 4486, 6816, 3955, 5888, 5013, 3505, 5065, 4353, 6114, 5217, 3203, 3834, 2980, 6665, 6462, 4172, 3539, 6213, 3853, 5368]
Maximum capacity of the machine cmax: 
1000