Set of periods in the planning horizon T: 
15
Set of products P: 
10
Capacity reduction coefficient alpha: 
0.76
Relative decrease of capacity per set up gamma: 
0.39
Capacity reduction coefficient due to product types beta: 
[0.26, 0.23, 0.34, 0.3, 0.32, 0.25, 0.24, 0.21, 0.22, 0.22]
Fixed production cost of each product in each period f: 
[[701, 871, 990, 925, 921, 828, 963, 939, 831, 621, 834, 875, 767, 842, 525], [548, 877, 866, 997, 790, 880, 711, 936, 826, 578, 776, 919, 586, 608, 804], [775, 580, 693, 780, 703, 582, 885, 725, 729, 821, 790, 625, 925, 759, 690], [672, 946, 873, 647, 810, 503, 682, 840, 880, 648, 787, 553, 525, 539, 564], [501, 700, 876, 984, 962, 718, 530, 658, 655, 900, 927, 951, 680, 683, 969], [679, 879, 831, 663, 625, 910, 805, 552, 781, 633, 665, 859, 769, 832, 821], [586, 577, 575, 582, 671, 678, 529, 514, 795, 802, 924, 891, 612, 963, 878], [579, 979, 862, 606, 669, 780, 719, 503, 520, 857, 506, 546, 667, 587, 772], [850, 800, 768, 797, 877, 981, 732, 861, 858, 622, 550, 557, 862, 702, 658], [960, 873, 685, 760, 626, 760, 739, 965, 738, 916, 521, 814, 569, 986, 878]]
Variable production cost per unit of each product in each period p: 
[[11, 12, 10, 12, 12, 10, 13, 13, 13, 12, 10, 11, 13, 10, 13], [11, 12, 10, 12, 10, 13, 11, 10, 13, 12, 10, 13, 11, 13, 11], [11, 10, 10, 10, 10, 10, 13, 12, 11, 11, 13, 11, 10, 10, 12], [11, 12, 10, 11, 10, 10, 11, 12, 12, 10, 12, 11, 10, 12, 13], [12, 13, 12, 12, 10, 11, 10, 12, 13, 10, 13, 13, 13, 13, 10], [11, 11, 12, 11, 11, 10, 12, 11, 12, 13, 10, 10, 10, 11, 11], [13, 13, 13, 11, 12, 13, 10, 11, 10, 12, 10, 13, 12, 12, 11], [11, 10, 12, 13, 10, 13, 10, 10, 11, 13, 10, 11, 12, 10, 10], [13, 13, 10, 10, 11, 10, 12, 12, 12, 11, 12, 11, 10, 13, 10], [10, 13, 10, 10, 13, 11, 12, 11, 12, 10, 11, 12, 12, 13, 13]]
Inventory holding cost per unit of each product by the end of each period h: 
[[7, 7, 5, 5, 7, 5, 9, 8, 9, 5, 7, 8, 8, 7, 8], [9, 7, 7, 8, 7, 8, 7, 5, 6, 7, 7, 8, 5, 8, 7], [5, 7, 9, 6, 6, 7, 6, 6, 9, 7, 9, 7, 8, 7, 7], [5, 7, 6, 6, 6, 7, 6, 9, 8, 8, 6, 8, 6, 6, 7], [8, 8, 9, 6, 7, 5, 9, 9, 8, 7, 7, 5, 7, 7, 7], [6, 7, 5, 9, 7, 5, 5, 6, 8, 7, 9, 7, 6, 6, 5], [9, 7, 9, 7, 6, 6, 6, 8, 7, 7, 8, 5, 9, 6, 8], [5, 5, 6, 7, 9, 7, 6, 6, 6, 8, 5, 9, 5, 7, 7], [6, 8, 9, 5, 8, 5, 8, 9, 6, 8, 6, 6, 9, 8, 7], [8, 8, 9, 8, 6, 9, 5, 9, 5, 8, 8, 5, 5, 6, 9]]
Demand for each product in each period d: 
[[12, 8, 24, 29, 49, 23, 4, 0, 13, 18, 17, 44, 0, 14, 39], [36, 49, 11, 14, 41, 27, 2, 1, 1, 1, 0, 42, 28, 30, 40], [13, 20, 15, 26, 32, 8, 42, 17, 27, 6, 24, 48, 16, 0, 8], [44, 37, 46, 13, 31, 38, 19, 15, 43, 40, 45, 2, 39, 33, 5], [8, 17, 35, 4, 34, 18, 8, 17, 0, 9, 48, 49, 4, 45, 42], [14, 12, 3, 47, 23, 2, 44, 21, 18, 17, 6, 0, 40, 31, 26], [3, 33, 32, 18, 38, 29, 27, 40, 46, 34, 30, 19, 33, 8, 41], [2, 47, 7, 11, 33, 5, 7, 17, 6, 22, 1, 4, 2, 6, 24], [0, 13, 48, 20, 23, 22, 40, 41, 48, 6, 0, 44, 34, 40, 24], [48, 8, 9, 5, 33, 16, 26, 8, 22, 8, 10, 2, 24, 34, 34]]
Maintenance cost in each period m: 
[4416, 3791, 1978, 4943, 4910, 3681, 2090, 5400, 3437, 3176, 5324, 2853, 3966, 1624, 1620]
Maximum capacity of the machine cmax: 
470