Set of periods in the planning horizon T: 
15
Set of products P: 
15
Capacity reduction coefficient alpha: 
0.86
Relative decrease of capacity per set up gamma: 
0.32
Capacity reduction coefficient due to product types beta: 
[0.32, 0.22, 0.3, 0.33, 0.3, 0.35, 0.24, 0.34, 0.24, 0.2, 0.2, 0.4, 0.28, 0.28, 0.34]
Fixed production cost of each product in each period f: 
[[633, 667, 635, 944, 824, 862, 880, 826, 763, 681, 500, 937, 572, 819, 796], [501, 643, 905, 953, 701, 873, 935, 595, 702, 560, 786, 987, 500, 601, 723], [680, 916, 538, 513, 763, 942, 651, 518, 787, 725, 613, 744, 768, 997, 835], [705, 888, 976, 781, 918, 967, 580, 856, 765, 797, 775, 683, 634, 801, 695], [808, 967, 512, 939, 923, 648, 725, 558, 621, 842, 698, 510, 538, 540, 785], [840, 587, 763, 866, 603, 880, 982, 672, 524, 824, 836, 628, 861, 863, 877], [507, 712, 587, 941, 786, 710, 752, 563, 536, 816, 967, 631, 932, 882, 673], [879, 691, 777, 597, 629, 949, 970, 840, 999, 682, 510, 630, 545, 891, 733], [842, 551, 820, 533, 925, 781, 855, 517, 858, 514, 851, 681, 804, 974, 728], [812, 655, 807, 793, 950, 628, 542, 559, 835, 733, 641, 793, 746, 563, 687], [774, 862, 960, 731, 675, 594, 819, 656, 818, 500, 685, 772, 674, 823, 505], [884, 609, 741, 639, 822, 931, 679, 799, 738, 897, 971, 979, 720, 890, 552], [963, 671, 626, 909, 654, 796, 978, 758, 781, 922, 535, 657, 521, 725, 508], [523, 736, 751, 976, 625, 547, 622, 640, 646, 771, 792, 876, 773, 758, 629], [820, 702, 755, 612, 797, 755, 692, 950, 929, 756, 665, 665, 896, 943, 973]]
Variable production cost per unit of each product in each period p: 
[[12, 10, 11, 11, 12, 12, 13, 13, 11, 13, 10, 11, 13, 10, 11], [10, 10, 11, 12, 13, 11, 10, 10, 11, 13, 11, 11, 13, 12, 10], [11, 12, 10, 12, 12, 13, 11, 11, 11, 12, 12, 10, 13, 10, 12], [13, 10, 11, 10, 13, 11, 10, 10, 10, 10, 10, 10, 13, 11, 10], [12, 11, 12, 13, 13, 13, 12, 10, 11, 10, 10, 10, 13, 10, 12], [10, 10, 12, 10, 12, 13, 10, 11, 12, 10, 12, 11, 10, 10, 11], [10, 11, 11, 13, 10, 10, 13, 10, 10, 11, 10, 11, 10, 12, 10], [11, 10, 12, 13, 11, 13, 13, 13, 10, 11, 12, 10, 11, 11, 10], [10, 10, 12, 10, 10, 11, 11, 11, 10, 13, 12, 10, 12, 12, 13], [13, 10, 12, 12, 11, 11, 11, 11, 11, 10, 13, 13, 11, 10, 13], [10, 11, 11, 13, 13, 13, 11, 13, 12, 10, 12, 11, 13, 12, 12], [12, 12, 12, 11, 13, 13, 11, 10, 10, 10, 13, 11, 10, 10, 13], [10, 11, 13, 13, 13, 12, 13, 13, 11, 13, 13, 10, 11, 10, 13], [13, 12, 10, 12, 11, 11, 11, 10, 13, 12, 11, 11, 12, 10, 13], [13, 12, 11, 13, 12, 10, 12, 13, 11, 12, 10, 13, 12, 11, 12]]
Inventory holding cost per unit of each product by the end of each period h: 
[[5, 7, 9, 8, 7, 6, 9, 9, 9, 5, 6, 9, 6, 9, 5], [6, 9, 6, 6, 7, 8, 7, 7, 9, 6, 5, 9, 8, 6, 8], [6, 6, 8, 7, 7, 5, 6, 6, 6, 6, 6, 8, 8, 8, 9], [6, 7, 7, 5, 8, 9, 7, 7, 9, 7, 7, 6, 5, 9, 7], [5, 5, 6, 7, 5, 7, 8, 5, 5, 9, 8, 8, 6, 5, 8], [8, 5, 5, 6, 8, 8, 8, 5, 7, 8, 6, 5, 6, 8, 7], [7, 6, 8, 8, 8, 9, 6, 8, 6, 5, 9, 7, 9, 9, 5], [7, 6, 6, 9, 6, 9, 6, 8, 8, 8, 7, 9, 5, 6, 8], [5, 7, 8, 5, 8, 9, 6, 7, 8, 7, 6, 8, 7, 5, 9], [8, 5, 6, 8, 7, 5, 9, 7, 9, 8, 6, 5, 6, 6, 9], [9, 6, 9, 8, 5, 7, 8, 7, 5, 8, 6, 5, 8, 6, 6], [7, 9, 5, 6, 5, 6, 5, 7, 5, 8, 6, 5, 5, 9, 5], [5, 7, 7, 8, 5, 7, 9, 9, 6, 9, 6, 6, 6, 9, 7], [5, 9, 7, 7, 5, 9, 8, 8, 9, 5, 5, 6, 6, 6, 8], [8, 8, 7, 6, 7, 5, 5, 8, 8, 8, 7, 8, 8, 8, 5]]
Demand for each product in each period d: 
[[10, 0, 0, 17, 2, 4, 40, 35, 18, 41, 2, 21, 1, 32, 6], [23, 49, 13, 25, 30, 10, 0, 23, 19, 28, 0, 0, 17, 25, 7], [27, 30, 44, 3, 11, 20, 22, 42, 19, 31, 42, 37, 0, 12, 5], [11, 26, 41, 14, 8, 7, 21, 28, 34, 17, 23, 41, 47, 21, 0], [6, 43, 12, 9, 39, 39, 38, 35, 49, 49, 31, 37, 16, 49, 23], [15, 27, 0, 29, 8, 20, 6, 8, 7, 1, 35, 4, 10, 41, 33], [39, 1, 48, 8, 29, 15, 45, 15, 20, 49, 47, 0, 41, 0, 6], [49, 14, 10, 36, 13, 26, 47, 20, 1, 16, 41, 49, 11, 38, 32], [15, 22, 32, 17, 39, 0, 30, 0, 12, 41, 35, 11, 0, 0, 47], [26, 0, 47, 40, 44, 21, 3, 49, 26, 17, 18, 21, 21, 16, 46], [23, 23, 41, 25, 0, 8, 33, 0, 12, 11, 22, 36, 14, 21, 19], [45, 18, 15, 24, 37, 36, 0, 0, 40, 8, 13, 21, 0, 20, 19], [19, 28, 21, 30, 5, 15, 19, 32, 28, 19, 26, 28, 0, 46, 49], [30, 38, 0, 32, 19, 25, 17, 35, 36, 24, 14, 11, 23, 5, 28], [30, 49, 13, 30, 49, 38, 45, 44, 35, 0, 33, 38, 28, 47, 3]]
Maintenance cost in each period m: 
[4296, 3432, 4994, 2838, 2035, 3314, 3770, 4375, 1916, 4569, 1699, 5049, 5121, 4565, 5503]
Maximum capacity of the machine cmax: 
615