Set of periods in the planning horizon T: 
15
Set of products P: 
15
Capacity reduction coefficient alpha: 
0.63
Relative decrease of capacity per set up gamma: 
0.28
Capacity reduction coefficient due to product types beta: 
[0.32, 0.2, 0.34, 0.25, 0.33, 0.24, 0.2, 0.24, 0.39, 0.31, 0.2, 0.22, 0.34, 0.24, 0.33]
Fixed production cost of each product in each period f: 
[[900, 915, 950, 896, 608, 694, 997, 887, 534, 883, 504, 575, 993, 931, 671], [975, 530, 688, 901, 929, 988, 916, 554, 932, 896, 921, 619, 580, 896, 537], [917, 990, 989, 723, 861, 950, 647, 689, 564, 761, 730, 669, 521, 970, 785], [651, 696, 751, 522, 666, 731, 986, 923, 720, 983, 500, 669, 625, 709, 765], [864, 842, 890, 636, 970, 962, 846, 680, 798, 850, 975, 824, 566, 711, 839], [885, 831, 689, 776, 898, 884, 817, 804, 997, 806, 739, 911, 819, 569, 576], [605, 694, 983, 592, 733, 982, 504, 640, 751, 953, 801, 916, 819, 552, 737], [889, 569, 794, 977, 660, 976, 732, 606, 730, 909, 550, 730, 812, 527, 919], [710, 604, 931, 862, 811, 629, 643, 649, 772, 576, 606, 959, 705, 990, 689], [957, 808, 537, 655, 907, 979, 696, 853, 608, 797, 849, 729, 820, 730, 973], [510, 868, 850, 960, 663, 906, 951, 925, 858, 517, 779, 693, 903, 822, 811], [946, 771, 611, 883, 764, 923, 561, 999, 989, 568, 785, 678, 506, 795, 833], [926, 977, 624, 921, 808, 985, 830, 538, 995, 906, 507, 654, 595, 549, 865], [945, 920, 640, 642, 974, 939, 705, 519, 658, 789, 694, 826, 944, 694, 918], [556, 865, 686, 759, 844, 728, 658, 953, 891, 640, 848, 877, 879, 788, 547]]
Variable production cost per unit of each product in each period p: 
[[12, 12, 12, 10, 10, 10, 12, 10, 10, 13, 13, 10, 12, 11, 11], [10, 12, 10, 12, 10, 11, 13, 13, 13, 11, 10, 10, 11, 13, 10], [13, 10, 11, 13, 11, 12, 12, 12, 10, 11, 12, 12, 10, 12, 11], [13, 12, 10, 10, 12, 12, 12, 13, 10, 13, 11, 13, 10, 10, 10], [10, 10, 10, 12, 12, 12, 13, 11, 11, 13, 12, 11, 10, 12, 13], [11, 11, 13, 12, 13, 11, 13, 10, 13, 13, 13, 10, 11, 11, 12], [10, 10, 12, 13, 10, 12, 10, 10, 11, 12, 11, 11, 13, 10, 11], [11, 11, 10, 10, 12, 11, 12, 12, 12, 13, 11, 11, 10, 10, 13], [13, 10, 11, 13, 12, 13, 11, 13, 11, 10, 11, 11, 11, 11, 11], [12, 13, 10, 12, 11, 10, 12, 13, 12, 12, 13, 11, 13, 10, 11], [10, 12, 10, 12, 10, 10, 12, 10, 12, 10, 13, 10, 12, 13, 13], [11, 13, 10, 13, 13, 13, 13, 10, 13, 12, 13, 12, 10, 13, 11], [11, 13, 12, 10, 10, 11, 10, 11, 11, 12, 13, 12, 13, 11, 10], [12, 13, 11, 13, 13, 11, 13, 11, 11, 11, 13, 13, 13, 12, 13], [12, 13, 12, 13, 10, 13, 13, 11, 10, 10, 11, 12, 13, 13, 13]]
Inventory holding cost per unit of each product by the end of each period h: 
[[8, 6, 8, 8, 8, 6, 6, 9, 6, 7, 7, 6, 6, 8, 9], [6, 6, 5, 7, 5, 5, 8, 6, 9, 9, 7, 9, 5, 6, 7], [8, 9, 9, 9, 7, 7, 8, 5, 7, 5, 5, 5, 8, 9, 7], [6, 7, 5, 7, 9, 6, 8, 5, 9, 9, 8, 8, 5, 8, 5], [7, 6, 6, 5, 7, 5, 6, 6, 5, 7, 9, 9, 9, 8, 5], [6, 6, 7, 7, 5, 5, 5, 5, 7, 7, 6, 8, 7, 6, 8], [7, 7, 9, 6, 8, 5, 6, 6, 9, 5, 8, 5, 7, 9, 6], [9, 9, 7, 8, 6, 8, 7, 9, 9, 8, 8, 6, 8, 8, 6], [6, 5, 7, 7, 5, 6, 8, 7, 5, 7, 5, 5, 5, 9, 8], [8, 8, 7, 9, 9, 7, 6, 5, 8, 5, 6, 9, 7, 9, 9], [6, 7, 5, 9, 7, 6, 5, 5, 5, 6, 6, 5, 6, 9, 6], [9, 6, 5, 5, 5, 8, 5, 7, 7, 9, 6, 9, 7, 7, 6], [6, 5, 6, 5, 6, 6, 5, 5, 8, 6, 6, 6, 8, 5, 7], [9, 7, 6, 7, 5, 7, 6, 7, 5, 6, 6, 9, 6, 9, 6], [5, 5, 6, 8, 7, 8, 8, 8, 6, 6, 6, 6, 8, 7, 8]]
Demand for each product in each period d: 
[[39, 4, 12, 10, 27, 1, 45, 19, 31, 48, 8, 0, 25, 45, 44], [0, 46, 42, 32, 45, 38, 23, 13, 29, 0, 25, 2, 49, 8, 32], [37, 0, 48, 7, 29, 43, 25, 7, 20, 48, 30, 48, 0, 8, 29], [6, 32, 48, 13, 12, 12, 16, 21, 7, 11, 40, 44, 35, 9, 39], [25, 4, 34, 48, 43, 43, 6, 16, 35, 0, 40, 5, 16, 15, 16], [24, 37, 44, 15, 9, 37, 48, 39, 31, 24, 20, 43, 2, 15, 10], [13, 25, 0, 9, 14, 42, 37, 0, 23, 0, 30, 19, 42, 0, 28], [12, 35, 38, 31, 47, 10, 41, 13, 36, 44, 46, 44, 44, 47, 24], [4, 7, 30, 20, 33, 1, 48, 31, 33, 2, 35, 19, 3, 8, 0], [0, 14, 42, 1, 11, 29, 0, 39, 32, 26, 2, 38, 17, 48, 14], [27, 42, 46, 10, 14, 20, 4, 29, 36, 43, 36, 24, 12, 49, 22], [0, 23, 26, 43, 34, 42, 5, 25, 27, 38, 48, 44, 26, 1, 7], [11, 25, 16, 9, 38, 49, 12, 47, 29, 7, 6, 35, 24, 17, 2], [29, 1, 16, 21, 26, 31, 36, 19, 26, 26, 30, 29, 4, 11, 11], [10, 12, 47, 32, 26, 4, 34, 26, 49, 9, 45, 0, 45, 24, 41]]
Maintenance cost in each period m: 
[4512, 5235, 2553, 5349, 3621, 2791, 5027, 4554, 4423, 3447, 4099, 4872, 3042, 3620, 3647]
Maximum capacity of the machine cmax: 
705