Set of periods in the planning horizon T: 
15
Set of products P: 
15
Capacity reduction coefficient alpha: 
0.61
Relative decrease of capacity per set up gamma: 
0.23
Capacity reduction coefficient due to product types beta: 
[0.21, 0.38, 0.22, 0.38, 0.27, 0.23, 0.22, 0.32, 0.39, 0.35, 0.29, 0.3, 0.28, 0.38, 0.34]
Fixed production cost of each product in each period f: 
[[592, 996, 795, 745, 956, 810, 808, 908, 548, 539, 694, 507, 743, 802, 555], [863, 809, 795, 898, 762, 821, 765, 729, 787, 773, 814, 583, 511, 733, 606], [658, 919, 761, 892, 714, 818, 543, 709, 959, 545, 890, 570, 777, 866, 721], [665, 854, 677, 675, 773, 797, 607, 645, 578, 806, 637, 755, 776, 671, 545], [640, 854, 851, 912, 595, 621, 665, 556, 721, 815, 702, 607, 793, 634, 832], [706, 946, 902, 996, 878, 911, 534, 585, 955, 578, 711, 790, 788, 947, 547], [749, 791, 727, 964, 995, 923, 763, 769, 613, 956, 915, 808, 734, 805, 890], [973, 830, 778, 597, 784, 739, 636, 792, 601, 607, 602, 648, 946, 553, 725], [645, 979, 963, 642, 708, 609, 633, 630, 639, 970, 567, 806, 730, 871, 662], [696, 688, 587, 648, 714, 730, 691, 922, 827, 838, 555, 953, 882, 872, 630], [834, 501, 645, 531, 591, 824, 554, 758, 619, 614, 558, 565, 775, 951, 950], [556, 588, 506, 855, 701, 773, 807, 630, 708, 732, 975, 655, 795, 660, 875], [663, 611, 683, 900, 607, 753, 967, 928, 786, 653, 680, 814, 872, 798, 883], [975, 505, 973, 788, 949, 533, 576, 957, 570, 698, 828, 538, 826, 951, 716], [919, 724, 671, 692, 524, 942, 921, 927, 561, 875, 826, 815, 548, 740, 798]]
Variable production cost per unit of each product in each period p: 
[[10, 13, 13, 12, 13, 10, 10, 11, 12, 13, 13, 13, 12, 13, 11], [11, 12, 12, 10, 11, 11, 13, 12, 12, 11, 13, 12, 12, 12, 12], [12, 12, 13, 10, 10, 10, 13, 13, 11, 11, 10, 10, 11, 11, 10], [11, 12, 13, 13, 13, 11, 11, 10, 11, 11, 11, 10, 10, 11, 12], [10, 12, 13, 12, 12, 10, 11, 13, 12, 12, 10, 13, 13, 10, 10], [11, 11, 12, 10, 12, 11, 13, 12, 13, 11, 11, 10, 10, 12, 10], [11, 11, 10, 10, 10, 13, 10, 12, 11, 11, 13, 10, 10, 11, 12], [10, 10, 12, 10, 11, 13, 12, 10, 10, 11, 10, 11, 11, 10, 11], [11, 12, 10, 11, 13, 12, 11, 11, 11, 11, 10, 11, 13, 11, 11], [11, 11, 12, 13, 12, 10, 11, 10, 13, 10, 10, 12, 13, 10, 11], [10, 11, 13, 11, 12, 13, 12, 11, 13, 13, 11, 12, 10, 13, 11], [11, 11, 10, 11, 11, 12, 10, 11, 13, 10, 10, 12, 11, 10, 12], [12, 13, 13, 12, 10, 12, 12, 11, 13, 12, 10, 12, 10, 10, 13], [12, 13, 11, 13, 10, 10, 13, 13, 10, 13, 11, 10, 12, 13, 13], [13, 10, 12, 13, 13, 11, 11, 13, 10, 13, 11, 13, 13, 11, 11]]
Inventory holding cost per unit of each product by the end of each period h: 
[[6, 9, 7, 9, 6, 8, 9, 6, 7, 5, 8, 5, 5, 9, 6], [5, 6, 7, 7, 8, 8, 7, 7, 7, 5, 9, 9, 5, 5, 8], [8, 5, 8, 8, 9, 8, 8, 6, 9, 7, 6, 8, 5, 5, 6], [5, 5, 7, 8, 5, 6, 7, 5, 6, 8, 6, 9, 9, 8, 7], [6, 8, 9, 5, 8, 9, 7, 6, 8, 6, 7, 7, 7, 7, 7], [9, 6, 6, 6, 7, 8, 8, 6, 5, 6, 7, 6, 9, 5, 5], [6, 9, 5, 9, 8, 5, 6, 6, 5, 8, 8, 8, 5, 8, 9], [7, 7, 5, 7, 7, 5, 6, 9, 8, 5, 8, 8, 9, 5, 9], [9, 6, 5, 6, 9, 5, 9, 9, 6, 9, 5, 9, 5, 8, 6], [9, 8, 6, 6, 8, 6, 5, 6, 5, 5, 6, 7, 6, 9, 9], [8, 6, 5, 7, 8, 7, 9, 7, 9, 9, 8, 6, 7, 7, 6], [9, 9, 7, 7, 9, 9, 5, 5, 5, 9, 5, 5, 5, 8, 5], [5, 8, 9, 9, 7, 6, 6, 9, 8, 7, 7, 6, 8, 5, 6], [6, 6, 5, 6, 8, 5, 9, 7, 6, 8, 9, 5, 5, 8, 7], [7, 8, 7, 7, 9, 5, 7, 8, 8, 7, 7, 9, 5, 9, 7]]
Demand for each product in each period d: 
[[32, 46, 35, 39, 45, 35, 41, 30, 7, 33, 23, 5, 10, 0, 24], [39, 35, 27, 34, 27, 12, 19, 43, 25, 44, 3, 0, 27, 19, 0], [46, 4, 35, 19, 24, 44, 12, 5, 11, 19, 11, 0, 17, 11, 24], [0, 20, 37, 32, 15, 49, 12, 15, 42, 16, 0, 37, 45, 48, 21], [12, 0, 1, 0, 39, 39, 22, 33, 31, 24, 9, 31, 21, 46, 45], [47, 29, 6, 27, 26, 30, 4, 38, 24, 36, 4, 20, 42, 46, 46], [1, 16, 17, 1, 19, 41, 11, 10, 4, 18, 47, 27, 15, 40, 34], [6, 32, 37, 39, 4, 39, 20, 37, 0, 32, 28, 20, 25, 30, 25], [2, 28, 32, 28, 48, 9, 28, 4, 17, 32, 49, 48, 22, 38, 12], [15, 47, 48, 30, 3, 19, 49, 5, 19, 31, 33, 21, 30, 34, 37], [35, 8, 1, 30, 49, 33, 28, 1, 7, 0, 14, 0, 24, 37, 40], [19, 26, 21, 16, 8, 14, 9, 8, 36, 2, 0, 34, 35, 2, 0], [15, 28, 48, 39, 0, 38, 4, 21, 47, 23, 31, 30, 14, 8, 12], [33, 35, 30, 26, 17, 19, 24, 39, 34, 0, 16, 37, 8, 12, 41], [22, 48, 42, 15, 11, 5, 34, 11, 36, 2, 42, 0, 10, 16, 47]]
Maintenance cost in each period m: 
[3544, 2757, 4352, 4147, 1756, 5078, 2335, 3399, 3475, 2196, 3194, 1839, 1826, 5557, 4272]
Maximum capacity of the machine cmax: 
660