Set of periods in the planning horizon T: 
20
Set of products P: 
15
Capacity reduction coefficient alpha: 
0.85
Relative decrease of capacity per set up gamma: 
0.34
Capacity reduction coefficient due to product types beta: 
[0.34, 0.39, 0.26, 0.24, 0.29, 0.24, 0.36, 0.36, 0.29, 0.2, 0.32, 0.2, 0.34, 0.31, 0.24]
Fixed production cost of each product in each period f: 
[[979, 739, 582, 712, 644, 994, 557, 813, 874, 951, 590, 813, 729, 567, 760, 728, 723, 959, 978, 741], [507, 555, 670, 571, 807, 652, 892, 927, 735, 808, 836, 669, 813, 790, 773, 938, 867, 656, 704, 696], [508, 996, 691, 732, 625, 543, 668, 913, 748, 723, 904, 937, 838, 555, 505, 590, 731, 798, 975, 606], [697, 557, 888, 536, 533, 962, 778, 618, 895, 976, 682, 871, 879, 613, 999, 947, 588, 651, 742, 696], [928, 697, 857, 822, 584, 893, 835, 630, 666, 670, 508, 845, 928, 765, 717, 666, 879, 718, 932, 830], [721, 909, 579, 543, 662, 780, 527, 571, 958, 624, 606, 918, 603, 516, 722, 513, 873, 549, 774, 610], [871, 755, 910, 853, 557, 870, 748, 508, 732, 934, 687, 590, 889, 576, 593, 931, 887, 811, 568, 819], [569, 526, 857, 566, 840, 917, 920, 881, 771, 518, 949, 869, 784, 758, 710, 642, 635, 984, 651, 598], [506, 652, 522, 657, 831, 887, 727, 714, 770, 530, 693, 551, 783, 759, 601, 987, 883, 623, 590, 669], [925, 527, 939, 612, 687, 731, 915, 838, 763, 770, 822, 516, 834, 654, 764, 843, 680, 912, 804, 587], [853, 950, 641, 784, 860, 869, 686, 878, 942, 639, 886, 959, 905, 551, 572, 785, 959, 760, 803, 613], [714, 809, 549, 857, 515, 855, 655, 507, 706, 846, 896, 661, 507, 924, 528, 971, 655, 626, 908, 890], [989, 673, 710, 954, 867, 713, 637, 506, 549, 620, 979, 675, 630, 782, 650, 808, 606, 784, 896, 675], [977, 852, 610, 924, 745, 711, 840, 558, 776, 788, 688, 595, 888, 855, 788, 584, 595, 801, 735, 684], [961, 584, 898, 587, 545, 720, 616, 619, 973, 639, 794, 999, 543, 835, 769, 542, 899, 552, 631, 929]]
Variable production cost per unit of each product in each period p: 
[[13, 12, 13, 11, 11, 11, 12, 11, 13, 13, 13, 12, 13, 13, 12, 11, 12, 13, 12, 13], [10, 12, 13, 12, 10, 11, 11, 12, 12, 10, 12, 10, 11, 11, 12, 10, 12, 11, 11, 10], [10, 13, 13, 10, 10, 13, 12, 10, 12, 13, 11, 12, 11, 10, 12, 12, 10, 13, 11, 13], [12, 11, 10, 12, 12, 13, 13, 10, 13, 11, 10, 10, 12, 12, 11, 10, 13, 10, 10, 13], [13, 11, 10, 12, 10, 13, 11, 12, 13, 11, 10, 11, 10, 10, 12, 11, 11, 12, 13, 10], [10, 12, 10, 11, 11, 12, 11, 12, 12, 13, 10, 11, 10, 13, 12, 13, 10, 11, 10, 12], [10, 11, 11, 13, 10, 13, 11, 12, 10, 12, 10, 12, 12, 13, 11, 12, 13, 11, 13, 10], [11, 12, 11, 13, 11, 12, 10, 11, 10, 12, 13, 11, 10, 12, 10, 13, 12, 12, 13, 11], [12, 13, 10, 10, 10, 13, 10, 12, 12, 12, 10, 12, 10, 11, 10, 11, 13, 11, 10, 12], [13, 13, 12, 10, 10, 13, 10, 13, 12, 10, 12, 12, 10, 13, 13, 11, 11, 11, 13, 12], [12, 13, 10, 11, 12, 12, 12, 12, 12, 11, 13, 13, 11, 11, 12, 13, 13, 11, 13, 13], [13, 13, 10, 12, 12, 10, 13, 11, 11, 10, 11, 11, 13, 12, 13, 11, 11, 11, 11, 11], [13, 12, 11, 12, 12, 11, 13, 11, 11, 13, 13, 13, 10, 11, 12, 13, 11, 11, 10, 13], [12, 12, 12, 10, 12, 10, 12, 12, 12, 11, 10, 10, 12, 13, 11, 12, 13, 10, 13, 10], [13, 12, 10, 11, 12, 13, 13, 12, 10, 10, 12, 12, 12, 11, 12, 12, 11, 10, 13, 11]]
Inventory holding cost per unit of each product by the end of each period h: 
[[6, 9, 6, 6, 6, 6, 6, 7, 5, 7, 5, 9, 7, 8, 5, 8, 5, 5, 5, 9], [6, 5, 6, 9, 6, 7, 9, 6, 7, 9, 9, 9, 9, 8, 8, 7, 7, 9, 9, 9], [9, 5, 6, 9, 7, 6, 8, 8, 5, 5, 6, 5, 6, 8, 7, 5, 5, 9, 6, 7], [9, 5, 9, 7, 6, 6, 5, 8, 5, 6, 7, 6, 8, 8, 7, 8, 5, 6, 6, 7], [7, 5, 7, 5, 6, 7, 5, 6, 6, 8, 5, 8, 5, 7, 6, 7, 8, 9, 5, 9], [7, 7, 7, 8, 8, 8, 8, 6, 7, 7, 5, 5, 8, 9, 7, 7, 9, 8, 5, 9], [8, 9, 9, 6, 7, 7, 7, 7, 7, 9, 5, 5, 5, 8, 8, 9, 9, 9, 7, 9], [5, 6, 9, 8, 6, 6, 7, 8, 9, 9, 8, 9, 9, 8, 8, 7, 8, 7, 8, 7], [7, 7, 6, 5, 9, 9, 7, 9, 6, 5, 9, 5, 7, 8, 8, 5, 9, 8, 5, 9], [8, 7, 7, 7, 5, 5, 7, 8, 5, 9, 9, 8, 8, 5, 6, 5, 8, 8, 9, 6], [7, 7, 9, 7, 6, 7, 5, 9, 9, 6, 9, 9, 5, 7, 7, 9, 6, 8, 7, 7], [6, 8, 7, 5, 5, 5, 5, 8, 7, 8, 9, 6, 7, 9, 5, 8, 5, 7, 5, 6], [5, 8, 9, 9, 8, 6, 8, 7, 6, 8, 8, 9, 6, 7, 6, 7, 6, 8, 8, 6], [5, 9, 6, 7, 8, 7, 7, 9, 7, 6, 8, 8, 9, 8, 9, 7, 6, 9, 6, 8], [5, 9, 5, 7, 5, 9, 5, 6, 5, 6, 8, 8, 7, 8, 6, 9, 6, 5, 6, 8]]
Demand for each product in each period d: 
[[10, 40, 19, 19, 27, 37, 0, 43, 27, 17, 38, 16, 27, 26, 0, 49, 36, 0, 33, 29], [7, 45, 40, 37, 33, 22, 36, 16, 41, 7, 45, 38, 7, 20, 30, 42, 19, 2, 15, 21], [2, 14, 44, 24, 0, 38, 36, 37, 32, 44, 6, 46, 29, 34, 12, 43, 0, 32, 8, 19], [6, 21, 38, 35, 48, 14, 23, 18, 13, 22, 34, 39, 19, 11, 15, 19, 17, 43, 26, 36], [34, 12, 41, 32, 33, 31, 19, 35, 29, 37, 49, 16, 22, 13, 0, 40, 27, 27, 1, 34], [20, 41, 33, 1, 36, 33, 23, 36, 7, 48, 45, 13, 7, 19, 1, 6, 40, 40, 38, 47], [0, 48, 21, 43, 11, 16, 2, 14, 6, 21, 31, 27, 1, 20, 29, 17, 21, 37, 2, 9], [33, 16, 9, 28, 26, 40, 6, 23, 0, 31, 43, 5, 14, 7, 13, 23, 1, 20, 5, 32], [8, 47, 11, 7, 3, 4, 30, 48, 30, 31, 47, 16, 15, 25, 47, 14, 18, 12, 24, 44], [13, 45, 45, 28, 29, 21, 3, 30, 47, 48, 45, 35, 0, 5, 36, 47, 3, 27, 18, 45], [0, 37, 10, 8, 30, 32, 26, 25, 32, 32, 47, 3, 21, 34, 36, 41, 33, 1, 0, 24], [15, 2, 43, 13, 18, 40, 45, 44, 5, 10, 19, 14, 6, 0, 2, 39, 8, 0, 15, 42], [39, 5, 11, 44, 44, 40, 6, 10, 0, 38, 19, 14, 5, 17, 24, 14, 0, 25, 4, 35], [12, 14, 21, 26, 47, 4, 31, 35, 30, 31, 0, 24, 0, 28, 6, 7, 0, 33, 2, 13], [46, 44, 32, 39, 11, 14, 44, 44, 29, 41, 47, 47, 41, 31, 11, 25, 9, 39, 4, 12]]
Maintenance cost in each period m: 
[2730, 3721, 2218, 4285, 4830, 1917, 3230, 5858, 3998, 3561, 3207, 4430, 2885, 4128, 2190, 2932, 4674, 2705, 2510, 4479]
Maximum capacity of the machine cmax: 
645