Set of periods in the planning horizon T: 
15
Set of products P: 
15
Capacity reduction coefficient alpha: 
0.74
Relative decrease of capacity per set up gamma: 
0.24
Capacity reduction coefficient due to product types beta: 
[0.3, 0.22, 0.4, 0.3, 0.26, 0.28, 0.24, 0.24, 0.33, 0.3, 0.33, 0.21, 0.32, 0.24, 0.27]
Fixed production cost of each product in each period f: 
[[622, 566, 514, 534, 953, 558, 553, 514, 639, 911, 938, 609, 877, 852, 554], [622, 931, 642, 740, 609, 942, 924, 775, 937, 814, 770, 867, 534, 567, 847], [549, 657, 749, 519, 674, 794, 640, 727, 919, 826, 694, 744, 684, 781, 541], [742, 928, 848, 537, 839, 710, 764, 720, 662, 915, 589, 710, 540, 903, 742], [742, 832, 987, 878, 945, 940, 591, 636, 594, 983, 766, 536, 910, 957, 696], [732, 557, 536, 813, 860, 774, 522, 798, 572, 988, 633, 902, 896, 700, 880], [658, 822, 626, 726, 695, 841, 728, 546, 917, 802, 521, 963, 745, 844, 946], [642, 784, 683, 886, 699, 827, 909, 858, 828, 830, 911, 889, 603, 731, 832], [934, 999, 674, 922, 512, 810, 897, 580, 611, 776, 806, 513, 829, 600, 871], [983, 600, 791, 758, 687, 917, 643, 930, 584, 812, 522, 718, 815, 864, 857], [576, 778, 502, 512, 946, 548, 611, 930, 690, 592, 895, 838, 645, 596, 698], [508, 604, 504, 506, 998, 988, 817, 736, 969, 874, 928, 543, 906, 665, 597], [746, 702, 666, 662, 637, 829, 701, 602, 532, 863, 715, 740, 664, 598, 966], [866, 696, 543, 716, 973, 744, 507, 575, 934, 865, 813, 900, 588, 652, 840], [801, 809, 788, 721, 934, 672, 970, 730, 537, 811, 969, 617, 795, 974, 583]]
Variable production cost per unit of each product in each period p: 
[[12, 13, 12, 11, 10, 10, 10, 11, 10, 12, 10, 11, 10, 11, 11], [10, 13, 11, 10, 12, 12, 12, 12, 12, 12, 12, 10, 13, 12, 11], [13, 13, 12, 12, 13, 10, 10, 11, 10, 11, 11, 11, 13, 12, 12], [11, 12, 10, 10, 12, 10, 13, 13, 10, 12, 11, 10, 12, 13, 10], [11, 12, 11, 10, 13, 12, 13, 11, 11, 12, 11, 13, 10, 11, 12], [12, 10, 13, 13, 10, 13, 13, 12, 11, 11, 10, 11, 11, 10, 12], [12, 13, 12, 11, 13, 10, 13, 11, 10, 13, 12, 11, 10, 12, 12], [11, 13, 10, 11, 11, 10, 10, 10, 13, 10, 13, 12, 12, 10, 13], [12, 11, 12, 10, 11, 12, 11, 12, 13, 10, 11, 13, 12, 10, 11], [11, 10, 13, 12, 12, 12, 10, 10, 10, 12, 12, 11, 10, 13, 12], [13, 13, 13, 11, 11, 11, 10, 11, 13, 10, 11, 12, 13, 12, 10], [13, 12, 10, 13, 12, 10, 13, 10, 11, 12, 13, 12, 12, 10, 12], [11, 12, 13, 11, 12, 11, 11, 10, 11, 12, 10, 13, 12, 11, 11], [10, 12, 12, 10, 12, 10, 10, 10, 10, 12, 13, 12, 12, 13, 13], [10, 11, 10, 12, 13, 12, 12, 10, 12, 10, 11, 11, 10, 11, 10]]
Inventory holding cost per unit of each product by the end of each period h: 
[[9, 7, 9, 9, 5, 9, 5, 8, 7, 8, 9, 6, 8, 7, 8], [5, 9, 9, 5, 6, 5, 9, 6, 7, 5, 9, 9, 8, 6, 5], [5, 5, 7, 8, 6, 5, 6, 5, 8, 7, 9, 6, 7, 5, 5], [9, 6, 9, 7, 5, 8, 8, 6, 5, 9, 6, 8, 5, 9, 7], [7, 8, 7, 8, 7, 7, 8, 6, 8, 9, 7, 5, 6, 9, 5], [8, 9, 9, 6, 6, 9, 8, 7, 8, 7, 9, 5, 8, 6, 9], [8, 9, 8, 6, 9, 5, 6, 9, 8, 7, 9, 8, 5, 8, 5], [6, 5, 9, 7, 9, 8, 5, 9, 8, 8, 5, 7, 5, 5, 9], [5, 6, 9, 9, 7, 5, 8, 5, 5, 7, 6, 6, 5, 9, 6], [6, 5, 7, 8, 5, 7, 6, 7, 9, 5, 6, 8, 7, 9, 5], [6, 9, 5, 8, 7, 7, 8, 5, 7, 5, 6, 6, 8, 5, 6], [6, 8, 6, 7, 5, 8, 5, 7, 7, 6, 5, 8, 5, 8, 6], [9, 5, 9, 9, 7, 6, 6, 6, 6, 8, 5, 9, 6, 7, 8], [8, 5, 8, 7, 8, 9, 7, 5, 8, 9, 8, 5, 6, 7, 7], [9, 8, 8, 5, 6, 9, 6, 7, 8, 6, 8, 6, 5, 7, 9]]
Demand for each product in each period d: 
[[30, 40, 7, 0, 28, 13, 29, 35, 4, 23, 29, 31, 21, 25, 37], [4, 19, 37, 38, 13, 28, 0, 0, 32, 27, 41, 7, 29, 23, 36], [0, 46, 0, 27, 47, 6, 28, 36, 3, 7, 40, 40, 40, 30, 23], [12, 7, 45, 44, 24, 39, 35, 2, 9, 40, 35, 0, 43, 9, 12], [46, 32, 13, 27, 17, 36, 9, 26, 14, 46, 32, 22, 24, 2, 13], [5, 17, 35, 26, 48, 34, 0, 6, 40, 8, 3, 11, 49, 35, 27], [13, 18, 0, 22, 3, 11, 0, 6, 0, 28, 0, 49, 26, 37, 14], [14, 18, 13, 25, 47, 26, 0, 45, 30, 14, 49, 37, 17, 15, 28], [17, 40, 38, 47, 14, 18, 47, 41, 34, 0, 23, 29, 18, 4, 28], [21, 23, 22, 47, 22, 0, 28, 31, 2, 28, 42, 0, 0, 34, 20], [0, 24, 24, 34, 25, 14, 31, 2, 9, 47, 12, 46, 24, 13, 38], [16, 22, 16, 1, 6, 1, 44, 30, 17, 32, 28, 38, 14, 38, 1], [35, 23, 15, 33, 47, 35, 6, 33, 23, 49, 46, 8, 18, 44, 40], [16, 25, 0, 49, 19, 7, 36, 25, 49, 42, 40, 13, 25, 40, 29], [12, 23, 44, 26, 47, 5, 38, 43, 30, 40, 47, 42, 22, 12, 13]]
Maintenance cost in each period m: 
[4400, 4181, 5106, 4328, 2988, 2218, 2564, 3727, 5404, 4918, 2728, 4273, 2243, 4925, 4590]
Maximum capacity of the machine cmax: 
630