Set of periods in the planning horizon T: 
10
Set of products P: 
10
Capacity reduction coefficient alpha: 
0.86
Relative decrease of capacity per set up gamma: 
0.24
Capacity reduction coefficient due to product types beta: 
[0.28, 0.38, 0.2, 0.34, 0.32, 0.23, 0.24, 0.27, 0.29, 0.21]
Fixed production cost of each product in each period f: 
[[905, 532, 688, 930, 645, 984, 808, 666, 687, 711], [974, 885, 563, 753, 771, 703, 879, 835, 945, 836], [641, 937, 729, 741, 869, 749, 598, 770, 504, 888], [699, 533, 628, 992, 993, 925, 531, 766, 500, 943], [761, 643, 568, 817, 970, 535, 601, 686, 815, 501], [928, 796, 951, 524, 857, 944, 924, 743, 785, 979], [819, 578, 649, 546, 808, 634, 736, 606, 767, 707], [504, 668, 807, 904, 646, 834, 914, 685, 685, 502], [634, 694, 934, 776, 655, 641, 632, 590, 806, 776], [683, 524, 750, 788, 900, 717, 771, 588, 751, 988]]
Variable production cost per unit of each product in each period p: 
[[12, 11, 12, 11, 13, 12, 12, 11, 11, 13], [11, 13, 10, 12, 11, 11, 11, 13, 13, 10], [12, 10, 13, 11, 10, 11, 11, 11, 13, 12], [13, 12, 10, 10, 11, 10, 13, 10, 12, 13], [10, 10, 13, 10, 13, 13, 13, 12, 12, 10], [12, 13, 10, 10, 12, 11, 10, 11, 10, 12], [12, 10, 13, 12, 13, 10, 11, 13, 13, 12], [13, 13, 11, 12, 12, 11, 10, 10, 13, 10], [12, 12, 12, 11, 13, 10, 11, 13, 13, 12], [12, 12, 13, 10, 11, 11, 13, 13, 11, 12]]
Inventory holding cost per unit of each product by the end of each period h: 
[[7, 8, 7, 5, 6, 9, 6, 9, 9, 8], [8, 9, 6, 6, 8, 5, 9, 8, 8, 5], [6, 7, 7, 7, 7, 8, 6, 8, 6, 6], [6, 5, 5, 9, 8, 9, 6, 8, 7, 8], [6, 5, 7, 7, 5, 8, 9, 5, 5, 8], [6, 5, 7, 9, 5, 8, 5, 7, 5, 8], [9, 6, 7, 8, 5, 8, 8, 6, 6, 5], [6, 8, 7, 5, 7, 6, 6, 9, 6, 5], [7, 9, 7, 5, 9, 5, 8, 8, 7, 5], [6, 9, 8, 5, 6, 5, 8, 8, 9, 6]]
Demand for each product in each period d: 
[[0, 27, 33, 16, 33, 48, 36, 22, 0, 20], [28, 31, 0, 0, 23, 0, 25, 45, 3, 27], [11, 32, 13, 37, 19, 37, 13, 27, 23, 0], [41, 36, 13, 29, 26, 35, 47, 8, 45, 21], [1, 24, 20, 26, 13, 49, 13, 45, 11, 39], [11, 12, 36, 16, 24, 40, 15, 31, 12, 26], [20, 32, 18, 46, 21, 38, 0, 0, 2, 49], [34, 32, 5, 4, 2, 46, 0, 11, 22, 37], [36, 46, 35, 14, 6, 42, 40, 7, 1, 38], [8, 17, 37, 18, 10, 17, 21, 8, 38, 18]]
Maintenance cost in each period m: 
[3135, 2223, 2082, 3120, 2594, 2048, 1494, 3745, 3807, 2017]
Maximum capacity of the machine cmax: 
470