Set of periods in the planning horizon T: 
20
Set of products P: 
15
Capacity reduction coefficient alpha: 
0.68
Relative decrease of capacity per set up gamma: 
0.35
Capacity reduction coefficient due to product types beta: 
[0.36, 0.38, 0.36, 0.25, 0.25, 0.4, 0.2, 0.31, 0.25, 0.32, 0.22, 0.34, 0.25, 0.24, 0.37]
Fixed production cost of each product in each period f: 
[[914, 878, 842, 817, 535, 674, 562, 717, 777, 900, 939, 569, 651, 764, 967, 630, 710, 631, 900, 605], [658, 622, 727, 938, 847, 822, 676, 934, 812, 981, 512, 642, 941, 578, 567, 646, 708, 707, 892, 762], [741, 981, 747, 584, 718, 525, 890, 900, 851, 566, 991, 990, 536, 688, 536, 706, 757, 746, 521, 766], [649, 990, 698, 830, 911, 533, 584, 519, 794, 768, 635, 667, 755, 744, 534, 548, 718, 788, 729, 658], [837, 676, 779, 942, 806, 622, 883, 757, 765, 547, 757, 838, 812, 674, 840, 577, 732, 856, 623, 894], [950, 669, 745, 523, 824, 570, 937, 620, 527, 594, 595, 950, 754, 961, 500, 622, 767, 714, 634, 985], [990, 886, 553, 835, 980, 777, 772, 534, 931, 778, 813, 699, 584, 990, 983, 798, 592, 998, 763, 759], [507, 585, 963, 984, 545, 616, 981, 715, 731, 669, 906, 558, 922, 827, 709, 963, 912, 525, 981, 630], [603, 542, 962, 610, 908, 639, 772, 589, 780, 680, 849, 854, 939, 975, 929, 505, 543, 806, 692, 883], [588, 802, 911, 912, 737, 750, 590, 542, 784, 847, 612, 520, 755, 743, 878, 962, 966, 887, 550, 837], [699, 563, 860, 990, 526, 638, 814, 947, 856, 806, 867, 857, 704, 672, 609, 709, 682, 662, 983, 990], [903, 867, 887, 895, 704, 762, 999, 523, 934, 629, 829, 729, 828, 669, 613, 667, 736, 804, 647, 913], [728, 781, 755, 796, 939, 901, 732, 530, 520, 864, 957, 767, 666, 766, 625, 853, 707, 787, 957, 781], [753, 815, 898, 874, 903, 615, 815, 700, 857, 980, 527, 758, 874, 848, 855, 728, 935, 799, 962, 542], [895, 613, 754, 864, 952, 563, 879, 570, 530, 759, 762, 576, 763, 795, 518, 658, 606, 782, 805, 971]]
Variable production cost per unit of each product in each period p: 
[[10, 11, 12, 11, 11, 11, 12, 13, 12, 11, 11, 12, 12, 12, 10, 10, 13, 11, 10, 10], [11, 12, 11, 10, 10, 13, 10, 12, 13, 13, 10, 13, 13, 11, 12, 11, 11, 12, 11, 13], [10, 11, 10, 12, 11, 12, 12, 13, 13, 13, 11, 13, 11, 10, 13, 10, 11, 12, 12, 11], [10, 11, 13, 12, 10, 12, 12, 11, 11, 12, 12, 10, 11, 12, 13, 13, 12, 12, 10, 10], [13, 13, 12, 11, 12, 11, 11, 12, 12, 11, 11, 13, 13, 10, 11, 13, 13, 10, 10, 13], [11, 10, 13, 11, 11, 10, 13, 11, 13, 11, 13, 11, 13, 13, 12, 10, 10, 10, 10, 12], [10, 10, 10, 10, 10, 12, 11, 12, 10, 11, 10, 13, 10, 13, 10, 13, 11, 10, 11, 12], [11, 10, 13, 13, 11, 10, 10, 12, 12, 10, 11, 10, 11, 12, 10, 12, 12, 11, 12, 12], [13, 10, 10, 11, 13, 13, 11, 12, 13, 10, 12, 12, 13, 13, 12, 13, 13, 11, 12, 10], [13, 13, 10, 12, 10, 11, 11, 13, 12, 13, 10, 13, 10, 13, 12, 12, 13, 11, 13, 13], [11, 13, 10, 13, 13, 12, 11, 11, 12, 10, 13, 11, 11, 11, 10, 13, 10, 13, 13, 11], [10, 10, 13, 11, 11, 13, 13, 13, 10, 11, 13, 10, 13, 11, 10, 13, 13, 12, 11, 11], [10, 11, 11, 12, 12, 13, 12, 12, 12, 12, 13, 10, 13, 11, 10, 10, 11, 10, 12, 13], [10, 11, 12, 11, 10, 10, 10, 13, 13, 12, 12, 12, 11, 11, 12, 12, 10, 11, 11, 12], [12, 10, 11, 10, 11, 13, 10, 10, 13, 13, 11, 10, 13, 10, 12, 12, 12, 11, 12, 12]]
Inventory holding cost per unit of each product by the end of each period h: 
[[7, 6, 7, 5, 6, 5, 9, 8, 6, 7, 8, 6, 7, 9, 7, 6, 8, 5, 5, 5], [9, 9, 9, 7, 5, 9, 8, 7, 5, 8, 7, 5, 9, 7, 8, 6, 7, 9, 8, 7], [9, 9, 9, 6, 8, 7, 8, 8, 7, 8, 6, 5, 9, 8, 6, 8, 8, 8, 8, 8], [5, 6, 7, 9, 9, 5, 5, 5, 6, 5, 9, 7, 6, 8, 6, 9, 8, 7, 8, 6], [5, 9, 7, 9, 7, 6, 6, 9, 5, 9, 7, 9, 7, 5, 7, 7, 6, 7, 8, 7], [6, 6, 6, 5, 7, 7, 8, 5, 9, 5, 8, 5, 7, 7, 7, 8, 6, 5, 8, 7], [6, 7, 6, 8, 5, 8, 5, 9, 7, 8, 5, 8, 7, 9, 7, 7, 7, 7, 5, 8], [9, 9, 6, 8, 9, 6, 5, 8, 9, 9, 9, 6, 8, 8, 6, 8, 5, 5, 9, 8], [5, 6, 6, 7, 5, 6, 9, 8, 8, 6, 9, 8, 5, 8, 6, 8, 5, 5, 9, 7], [8, 8, 7, 5, 6, 5, 9, 9, 6, 7, 5, 5, 6, 6, 7, 5, 7, 8, 6, 8], [6, 7, 6, 8, 6, 9, 6, 9, 6, 8, 9, 5, 5, 9, 8, 6, 7, 8, 5, 8], [7, 9, 7, 9, 6, 8, 9, 8, 6, 7, 9, 7, 8, 6, 7, 5, 7, 5, 9, 7], [5, 5, 9, 7, 9, 5, 7, 6, 9, 5, 8, 6, 9, 8, 9, 5, 7, 6, 9, 6], [5, 7, 6, 9, 5, 7, 7, 9, 5, 8, 6, 7, 9, 8, 6, 8, 8, 9, 7, 8], [7, 7, 8, 5, 7, 5, 7, 9, 5, 5, 8, 9, 9, 5, 6, 6, 9, 9, 8, 7]]
Demand for each product in each period d: 
[[39, 6, 37, 48, 25, 1, 49, 28, 33, 28, 16, 30, 42, 33, 13, 27, 25, 3, 2, 47], [20, 25, 39, 38, 9, 1, 8, 14, 7, 15, 0, 16, 38, 3, 0, 47, 27, 47, 37, 13], [14, 31, 0, 42, 30, 14, 24, 13, 16, 44, 9, 31, 47, 15, 47, 32, 35, 49, 33, 4], [35, 34, 20, 16, 0, 5, 5, 16, 43, 34, 48, 4, 27, 1, 47, 11, 21, 11, 40, 19], [34, 12, 33, 0, 12, 13, 5, 29, 35, 30, 38, 33, 37, 2, 10, 16, 7, 22, 33, 14], [31, 47, 4, 45, 19, 28, 1, 26, 4, 37, 13, 38, 37, 29, 48, 45, 18, 4, 33, 25], [20, 3, 10, 32, 10, 39, 44, 17, 40, 48, 8, 29, 3, 23, 30, 17, 18, 47, 13, 11], [0, 0, 5, 34, 36, 19, 0, 0, 40, 49, 41, 8, 1, 7, 18, 33, 25, 0, 34, 20], [39, 43, 8, 20, 8, 7, 16, 44, 0, 11, 40, 27, 3, 36, 45, 19, 4, 10, 21, 0], [29, 39, 12, 35, 46, 24, 22, 9, 0, 15, 46, 0, 30, 45, 2, 37, 9, 29, 40, 3], [1, 1, 12, 1, 30, 24, 11, 2, 35, 35, 0, 1, 25, 7, 13, 18, 32, 42, 27, 30], [18, 42, 19, 16, 34, 25, 39, 4, 14, 32, 33, 28, 2, 1, 42, 46, 6, 7, 0, 28], [46, 45, 0, 0, 41, 3, 33, 37, 33, 21, 22, 10, 16, 40, 10, 0, 5, 12, 0, 45], [30, 48, 36, 36, 21, 44, 7, 16, 14, 28, 0, 45, 44, 9, 39, 10, 2, 22, 30, 14], [24, 34, 3, 2, 12, 38, 41, 13, 13, 36, 43, 44, 9, 39, 22, 27, 24, 8, 22, 42]]
Maintenance cost in each period m: 
[5817, 4588, 3082, 4854, 4618, 5245, 4894, 4552, 2470, 2603, 3833, 4799, 3030, 4362, 4177, 3301, 1996, 3219, 3150, 4032]
Maximum capacity of the machine cmax: 
600