Set of periods in the planning horizon T: 
10
Set of products P: 
10
Capacity reduction coefficient alpha: 
0.64
Relative decrease of capacity per set up gamma: 
0.27
Capacity reduction coefficient due to product types beta: 
[0.37, 0.21, 0.36, 0.3, 0.25, 0.29, 0.21, 0.37, 0.34, 0.25]
Fixed production cost of each product in each period f: 
[[843, 563, 601, 645, 600, 978, 564, 615, 692, 799], [572, 708, 922, 876, 615, 867, 715, 781, 594, 883], [592, 915, 816, 583, 539, 923, 997, 958, 927, 550], [569, 664, 537, 847, 617, 574, 819, 996, 978, 551], [892, 931, 566, 850, 528, 689, 838, 750, 555, 813], [564, 736, 834, 793, 975, 555, 564, 887, 830, 531], [898, 586, 981, 754, 526, 639, 636, 541, 644, 751], [508, 873, 919, 811, 697, 526, 996, 980, 654, 985], [729, 910, 815, 761, 874, 832, 997, 508, 635, 679], [837, 513, 586, 886, 806, 965, 500, 956, 870, 726]]
Variable production cost per unit of each product in each period p: 
[[13, 13, 11, 11, 11, 12, 11, 10, 12, 11], [10, 13, 13, 13, 11, 10, 10, 12, 11, 11], [13, 11, 10, 10, 12, 13, 11, 12, 13, 11], [13, 12, 13, 10, 11, 13, 13, 11, 11, 13], [11, 13, 11, 13, 11, 10, 11, 12, 13, 10], [12, 11, 12, 11, 10, 10, 11, 10, 10, 10], [10, 10, 13, 10, 12, 12, 12, 13, 13, 13], [12, 12, 11, 12, 10, 13, 10, 11, 11, 11], [10, 11, 11, 12, 12, 12, 12, 10, 11, 10], [10, 13, 12, 13, 12, 13, 12, 12, 12, 13]]
Inventory holding cost per unit of each product by the end of each period h: 
[[9, 9, 7, 7, 6, 5, 9, 8, 5, 6], [8, 5, 9, 5, 6, 7, 7, 9, 7, 5], [5, 9, 7, 5, 9, 6, 9, 7, 5, 8], [5, 5, 8, 6, 5, 5, 6, 7, 9, 7], [7, 7, 7, 6, 7, 7, 5, 9, 8, 6], [6, 8, 7, 8, 6, 6, 5, 8, 9, 6], [6, 8, 9, 6, 8, 9, 5, 6, 7, 5], [9, 5, 8, 5, 5, 5, 7, 7, 7, 7], [5, 8, 5, 5, 8, 6, 7, 5, 9, 7], [7, 5, 7, 7, 5, 8, 7, 6, 8, 6]]
Demand for each product in each period d: 
[[26, 13, 17, 0, 25, 13, 42, 41, 14, 10], [11, 38, 43, 46, 27, 0, 45, 19, 18, 6], [30, 23, 14, 34, 0, 32, 14, 27, 18, 33], [15, 43, 5, 45, 41, 33, 38, 24, 5, 2], [38, 16, 4, 30, 4, 42, 4, 30, 11, 43], [4, 15, 6, 9, 0, 49, 46, 9, 25, 0], [21, 39, 14, 41, 15, 36, 14, 11, 32, 4], [4, 23, 17, 33, 25, 3, 48, 1, 16, 18], [12, 41, 22, 5, 3, 17, 30, 33, 10, 10], [42, 27, 40, 5, 22, 42, 1, 17, 26, 2]]
Maintenance cost in each period m: 
[4667, 3963, 2572, 3555, 1653, 1886, 1346, 3173, 2188, 3917]
Maximum capacity of the machine cmax: 
430