Set of periods in the planning horizon T: 
15
Set of products P: 
15
Capacity reduction coefficient alpha: 
0.68
Relative decrease of capacity per set up gamma: 
0.29
Capacity reduction coefficient due to product types beta: 
[0.37, 0.34, 0.23, 0.37, 0.34, 0.37, 0.21, 0.27, 0.31, 0.34, 0.25, 0.38, 0.38, 0.35, 0.38]
Fixed production cost of each product in each period f: 
[[592, 748, 766, 520, 794, 875, 857, 538, 564, 942, 719, 712, 945, 755, 602], [869, 946, 674, 870, 723, 820, 807, 981, 503, 729, 849, 693, 512, 798, 756], [889, 725, 669, 620, 742, 897, 533, 951, 973, 852, 635, 872, 542, 723, 567], [829, 706, 758, 681, 549, 665, 647, 515, 608, 534, 869, 735, 616, 801, 500], [848, 538, 949, 895, 534, 924, 708, 897, 611, 825, 619, 865, 745, 521, 677], [730, 936, 738, 722, 503, 580, 744, 898, 862, 987, 546, 748, 656, 958, 650], [970, 953, 978, 623, 940, 892, 974, 781, 699, 790, 961, 528, 774, 577, 581], [557, 693, 521, 510, 787, 830, 572, 786, 628, 884, 843, 915, 636, 818, 791], [951, 670, 614, 845, 687, 867, 769, 891, 527, 632, 815, 561, 841, 682, 935], [685, 747, 618, 812, 978, 579, 557, 578, 532, 555, 632, 660, 955, 555, 676], [633, 526, 735, 869, 877, 718, 828, 721, 571, 719, 521, 633, 761, 751, 659], [638, 523, 715, 666, 831, 596, 784, 597, 689, 936, 798, 553, 672, 630, 691], [591, 798, 884, 518, 755, 961, 697, 656, 727, 652, 867, 913, 619, 958, 779], [528, 931, 987, 953, 883, 726, 850, 616, 645, 670, 759, 761, 802, 610, 787], [942, 943, 904, 900, 590, 986, 700, 981, 656, 889, 950, 737, 932, 700, 726]]
Variable production cost per unit of each product in each period p: 
[[12, 10, 12, 10, 13, 12, 10, 11, 12, 13, 12, 12, 12, 13, 11], [12, 10, 12, 13, 12, 12, 11, 10, 10, 13, 11, 11, 13, 13, 10], [10, 13, 12, 11, 12, 11, 12, 11, 13, 13, 11, 13, 13, 11, 13], [11, 13, 10, 12, 11, 11, 12, 13, 12, 11, 11, 13, 13, 13, 12], [12, 11, 11, 12, 13, 12, 10, 10, 11, 12, 12, 10, 10, 10, 13], [13, 10, 12, 10, 10, 13, 12, 11, 13, 13, 13, 12, 11, 10, 13], [13, 12, 10, 10, 13, 10, 10, 10, 11, 12, 12, 12, 13, 11, 11], [10, 13, 11, 13, 13, 13, 10, 13, 10, 11, 11, 13, 13, 12, 13], [11, 10, 12, 13, 12, 10, 12, 11, 11, 10, 12, 12, 12, 11, 11], [12, 12, 11, 10, 13, 11, 11, 11, 10, 11, 11, 13, 13, 12, 10], [12, 13, 13, 10, 10, 10, 11, 12, 13, 11, 13, 12, 11, 12, 11], [12, 10, 11, 13, 11, 11, 11, 12, 13, 11, 10, 13, 13, 13, 11], [10, 13, 11, 13, 12, 11, 10, 10, 12, 10, 10, 10, 10, 12, 13], [12, 10, 11, 11, 10, 11, 10, 11, 11, 11, 12, 13, 13, 13, 10], [10, 12, 12, 13, 10, 10, 13, 10, 11, 10, 12, 11, 11, 11, 10]]
Inventory holding cost per unit of each product by the end of each period h: 
[[8, 7, 8, 7, 8, 9, 8, 9, 7, 6, 6, 6, 9, 5, 5], [7, 6, 8, 8, 5, 9, 9, 9, 8, 7, 6, 8, 8, 7, 7], [7, 5, 6, 9, 6, 6, 7, 8, 9, 9, 5, 8, 8, 5, 9], [5, 6, 6, 7, 5, 5, 7, 6, 5, 9, 6, 9, 7, 6, 9], [7, 9, 8, 6, 6, 5, 8, 8, 5, 7, 7, 5, 7, 5, 9], [7, 9, 8, 7, 9, 5, 7, 8, 9, 5, 8, 6, 7, 5, 5], [6, 8, 9, 9, 7, 9, 5, 8, 9, 9, 7, 8, 7, 7, 8], [9, 8, 9, 8, 5, 7, 7, 7, 6, 5, 6, 5, 5, 7, 6], [7, 7, 9, 6, 8, 6, 7, 9, 5, 9, 8, 6, 9, 9, 8], [9, 8, 9, 8, 6, 5, 8, 7, 9, 7, 7, 6, 6, 6, 9], [7, 8, 7, 7, 5, 9, 6, 7, 6, 8, 9, 9, 9, 8, 6], [6, 6, 8, 6, 8, 9, 7, 9, 7, 8, 7, 8, 7, 6, 8], [6, 5, 9, 5, 6, 7, 7, 9, 9, 7, 5, 6, 7, 8, 7], [6, 5, 7, 8, 5, 9, 7, 5, 7, 9, 5, 7, 6, 5, 9], [5, 7, 8, 5, 9, 8, 6, 5, 7, 5, 5, 7, 6, 7, 8]]
Demand for each product in each period d: 
[[0, 9, 49, 31, 39, 32, 42, 42, 0, 42, 6, 7, 23, 22, 47], [2, 20, 42, 25, 32, 22, 30, 18, 14, 29, 10, 40, 37, 4, 0], [40, 4, 28, 0, 17, 14, 23, 24, 48, 0, 20, 29, 39, 33, 15], [40, 16, 20, 46, 42, 0, 20, 14, 48, 49, 38, 38, 4, 28, 4], [0, 43, 31, 0, 27, 14, 27, 40, 0, 48, 23, 4, 0, 16, 6], [27, 6, 0, 20, 35, 9, 32, 4, 10, 25, 12, 17, 43, 18, 29], [9, 11, 31, 39, 29, 20, 0, 12, 8, 32, 37, 49, 13, 39, 18], [38, 46, 9, 39, 28, 18, 15, 4, 30, 2, 36, 36, 37, 1, 5], [10, 17, 20, 38, 17, 37, 19, 12, 27, 21, 42, 32, 45, 35, 39], [40, 35, 13, 3, 14, 0, 46, 27, 25, 3, 19, 23, 49, 47, 1], [34, 34, 42, 45, 2, 25, 27, 4, 0, 14, 19, 39, 19, 44, 2], [45, 21, 1, 38, 0, 35, 0, 18, 2, 49, 38, 41, 5, 14, 29], [20, 6, 0, 3, 23, 28, 39, 49, 24, 9, 11, 25, 10, 45, 45], [28, 47, 19, 2, 5, 18, 26, 28, 3, 6, 37, 19, 7, 13, 14], [8, 1, 16, 39, 3, 42, 0, 33, 24, 49, 14, 6, 30, 30, 16]]
Maintenance cost in each period m: 
[3035, 4708, 4574, 5467, 3985, 3687, 4190, 4532, 2745, 5303, 4845, 4169, 1874, 1984, 2939]
Maximum capacity of the machine cmax: 
705