Set of periods in the planning horizon T: 
10
Set of products P: 
10
Capacity reduction coefficient alpha: 
0.63
Relative decrease of capacity per set up gamma: 
0.33
Capacity reduction coefficient due to product types beta: 
[0.29, 0.26, 0.28, 0.39, 0.2, 0.35, 0.37, 0.23, 0.23, 0.3]
Fixed production cost of each product in each period f: 
[[978, 512, 883, 834, 540, 531, 545, 910, 566, 503], [876, 921, 971, 980, 803, 761, 977, 906, 604, 690], [685, 999, 962, 833, 595, 816, 970, 895, 903, 743], [539, 959, 846, 566, 529, 836, 618, 683, 873, 577], [706, 990, 776, 657, 512, 609, 921, 865, 910, 699], [629, 707, 707, 904, 917, 526, 666, 786, 925, 862], [652, 684, 544, 875, 956, 680, 622, 613, 731, 800], [976, 896, 998, 635, 874, 515, 604, 703, 597, 848], [999, 539, 875, 507, 624, 855, 666, 560, 753, 967], [997, 832, 630, 533, 945, 825, 689, 917, 728, 714]]
Variable production cost per unit of each product in each period p: 
[[11, 11, 10, 13, 12, 12, 10, 12, 11, 12], [13, 10, 13, 10, 10, 12, 13, 13, 10, 11], [11, 11, 13, 13, 12, 10, 13, 10, 11, 11], [12, 12, 12, 11, 11, 12, 12, 11, 12, 10], [12, 11, 11, 11, 10, 12, 12, 12, 12, 13], [10, 11, 13, 13, 12, 10, 12, 10, 13, 11], [13, 10, 13, 10, 12, 11, 12, 11, 11, 13], [12, 12, 11, 11, 13, 13, 11, 11, 10, 12], [10, 10, 10, 13, 10, 10, 10, 13, 10, 11], [10, 11, 13, 13, 10, 12, 11, 10, 11, 10]]
Inventory holding cost per unit of each product by the end of each period h: 
[[9, 6, 7, 5, 5, 7, 8, 5, 9, 5], [9, 8, 9, 5, 7, 9, 9, 5, 6, 7], [6, 8, 7, 7, 6, 8, 9, 5, 7, 7], [6, 8, 8, 8, 6, 6, 8, 9, 7, 9], [9, 9, 8, 9, 5, 7, 9, 9, 8, 7], [7, 7, 9, 9, 9, 7, 9, 8, 5, 5], [5, 9, 7, 7, 7, 6, 8, 5, 5, 8], [8, 5, 7, 9, 8, 9, 5, 8, 6, 7], [5, 9, 6, 7, 6, 7, 6, 6, 6, 7], [5, 9, 7, 8, 5, 5, 7, 6, 6, 6]]
Demand for each product in each period d: 
[[26, 23, 5, 38, 44, 43, 23, 10, 30, 25], [0, 26, 13, 49, 46, 31, 3, 0, 20, 44], [13, 21, 24, 23, 28, 25, 7, 6, 27, 23], [36, 24, 43, 45, 38, 42, 27, 0, 27, 18], [9, 19, 0, 0, 43, 23, 6, 37, 11, 31], [36, 29, 12, 2, 23, 12, 0, 47, 49, 0], [0, 17, 11, 41, 27, 0, 33, 35, 33, 39], [29, 33, 9, 16, 24, 44, 31, 37, 11, 8], [24, 31, 35, 10, 0, 34, 1, 49, 34, 32], [0, 17, 15, 29, 12, 29, 40, 15, 14, 47]]
Maintenance cost in each period m: 
[2870, 2368, 3347, 1400, 2135, 4504, 3774, 5202, 3321, 2721]
Maximum capacity of the machine cmax: 
460