Set of periods in the planning horizon T: 
25
Set of products P: 
20
Capacity reduction coefficient alpha: 
0.85
Relative decrease of capacity per set up gamma: 
0.24
Capacity reduction coefficient due to product types beta: 
[0.32, 0.3, 0.2, 0.29, 0.37, 0.3, 0.33, 0.28, 0.3, 0.31, 0.24, 0.37, 0.32, 0.39, 0.27, 0.3, 0.34, 0.25, 0.21, 0.38]
Fixed production cost of each product in each period f: 
[[792, 671, 638, 856, 965, 898, 908, 950, 504, 578, 923, 864, 829, 826, 733, 747, 667, 789, 683, 815, 603, 693, 529, 705, 635], [857, 703, 793, 826, 929, 567, 822, 625, 556, 678, 781, 615, 671, 630, 653, 575, 694, 595, 815, 864, 926, 684, 917, 773, 754], [561, 797, 993, 727, 512, 520, 904, 815, 528, 872, 999, 774, 687, 879, 941, 823, 867, 760, 686, 938, 571, 530, 792, 929, 534], [818, 760, 534, 566, 960, 749, 951, 982, 691, 542, 830, 571, 685, 500, 948, 788, 932, 616, 847, 854, 621, 863, 686, 566, 736], [589, 781, 611, 807, 554, 835, 802, 733, 543, 748, 768, 902, 814, 788, 564, 881, 584, 697, 997, 990, 846, 550, 663, 759, 696], [654, 918, 728, 835, 691, 502, 693, 923, 599, 559, 847, 512, 589, 856, 656, 914, 848, 729, 734, 938, 855, 510, 669, 609, 851], [855, 693, 856, 593, 555, 849, 704, 817, 808, 822, 702, 572, 970, 595, 551, 663, 768, 522, 864, 659, 951, 683, 553, 951, 686], [805, 861, 560, 878, 943, 924, 678, 915, 922, 874, 986, 558, 518, 561, 956, 527, 929, 743, 913, 776, 965, 538, 532, 768, 706], [986, 905, 904, 796, 894, 925, 662, 851, 776, 825, 552, 651, 852, 596, 814, 978, 878, 719, 557, 836, 775, 511, 943, 772, 792], [840, 868, 503, 978, 590, 673, 796, 977, 670, 529, 931, 634, 911, 535, 522, 581, 591, 719, 743, 530, 920, 821, 530, 964, 951], [976, 524, 795, 644, 616, 509, 511, 662, 752, 758, 583, 708, 800, 555, 930, 976, 719, 721, 906, 599, 893, 946, 987, 975, 680], [648, 876, 808, 769, 907, 805, 704, 951, 701, 921, 743, 877, 764, 892, 661, 635, 869, 814, 918, 648, 517, 968, 567, 601, 789], [613, 905, 922, 694, 914, 513, 664, 536, 903, 739, 735, 500, 992, 636, 750, 976, 597, 586, 883, 709, 986, 967, 643, 856, 763], [968, 646, 945, 674, 500, 696, 831, 658, 794, 794, 873, 503, 803, 950, 592, 782, 701, 613, 578, 961, 523, 766, 902, 723, 622], [946, 650, 609, 541, 922, 738, 848, 666, 802, 876, 844, 952, 875, 994, 722, 833, 760, 873, 792, 642, 765, 834, 845, 694, 877], [741, 682, 688, 576, 591, 696, 761, 533, 934, 746, 787, 743, 734, 768, 742, 802, 520, 567, 975, 916, 717, 571, 637, 980, 694], [944, 715, 510, 687, 736, 500, 808, 967, 636, 746, 917, 772, 882, 810, 553, 667, 770, 502, 960, 726, 857, 564, 942, 799, 908], [978, 983, 862, 507, 507, 840, 620, 986, 984, 794, 977, 851, 718, 888, 854, 634, 816, 970, 635, 903, 918, 612, 991, 756, 878], [583, 853, 683, 684, 930, 706, 651, 901, 975, 839, 814, 834, 998, 973, 951, 931, 842, 870, 863, 665, 993, 835, 515, 871, 836], [659, 734, 638, 534, 995, 857, 925, 796, 713, 570, 595, 708, 545, 517, 905, 865, 927, 600, 753, 865, 774, 718, 733, 755, 830]]
Variable production cost per unit of each product in each period p: 
[[10, 13, 11, 12, 12, 10, 12, 11, 13, 10, 11, 10, 10, 12, 12, 10, 13, 13, 11, 13, 13, 13, 12, 13, 13], [11, 10, 11, 11, 11, 11, 10, 11, 13, 13, 11, 12, 12, 13, 13, 10, 10, 11, 12, 13, 10, 12, 12, 10, 10], [11, 12, 11, 13, 13, 11, 10, 11, 13, 11, 11, 10, 11, 12, 10, 12, 12, 12, 12, 11, 10, 11, 12, 10, 10], [13, 11, 12, 11, 13, 11, 12, 10, 12, 11, 11, 13, 11, 13, 13, 10, 10, 13, 11, 10, 11, 13, 13, 10, 11], [13, 13, 12, 13, 12, 12, 13, 10, 12, 10, 12, 13, 10, 13, 10, 10, 11, 11, 11, 12, 10, 10, 13, 12, 11], [10, 11, 11, 10, 12, 11, 10, 12, 12, 10, 13, 11, 12, 12, 10, 11, 13, 10, 11, 13, 10, 11, 10, 11, 10], [12, 13, 13, 11, 11, 11, 10, 12, 12, 12, 10, 13, 12, 10, 13, 11, 10, 12, 10, 13, 11, 12, 12, 12, 12], [10, 11, 10, 13, 10, 12, 11, 12, 12, 13, 10, 11, 12, 13, 10, 11, 10, 12, 10, 11, 13, 11, 11, 11, 11], [10, 12, 13, 13, 12, 11, 12, 11, 10, 11, 10, 12, 10, 11, 10, 13, 10, 11, 10, 10, 13, 10, 12, 12, 10], [10, 12, 13, 13, 13, 12, 13, 11, 12, 11, 11, 12, 10, 11, 10, 10, 11, 12, 11, 10, 10, 12, 13, 10, 10], [12, 11, 13, 12, 11, 12, 12, 12, 11, 12, 13, 12, 10, 13, 11, 12, 12, 11, 13, 13, 13, 13, 12, 12, 12], [13, 13, 11, 12, 12, 12, 13, 11, 12, 10, 12, 12, 13, 10, 13, 10, 13, 11, 10, 13, 10, 10, 11, 12, 12], [12, 13, 11, 11, 13, 13, 11, 12, 10, 13, 12, 10, 10, 12, 10, 12, 11, 12, 13, 13, 11, 12, 10, 12, 13], [12, 11, 10, 12, 12, 10, 13, 12, 13, 10, 13, 13, 12, 13, 12, 13, 11, 10, 13, 13, 10, 11, 11, 10, 10], [13, 10, 12, 11, 11, 11, 10, 10, 12, 10, 10, 12, 13, 13, 11, 10, 10, 13, 10, 10, 13, 12, 12, 10, 12], [12, 11, 13, 10, 12, 12, 10, 10, 10, 11, 11, 12, 10, 13, 13, 10, 12, 10, 11, 11, 13, 10, 13, 11, 13], [11, 12, 10, 12, 10, 12, 12, 11, 13, 13, 13, 11, 12, 11, 11, 13, 13, 12, 12, 11, 12, 12, 12, 10, 13], [10, 11, 11, 10, 10, 12, 13, 11, 11, 12, 11, 10, 12, 11, 10, 11, 10, 12, 12, 11, 10, 10, 13, 12, 13], [10, 10, 12, 11, 11, 13, 12, 11, 13, 10, 12, 13, 10, 13, 11, 11, 12, 10, 13, 10, 12, 11, 13, 11, 10], [10, 12, 11, 13, 13, 12, 11, 12, 12, 12, 13, 12, 12, 12, 11, 11, 11, 13, 12, 10, 10, 11, 11, 13, 10]]
Inventory holding cost per unit of each product by the end of each period h: 
[[5, 9, 5, 7, 7, 7, 7, 8, 9, 8, 8, 6, 8, 6, 8, 5, 5, 5, 7, 9, 7, 8, 8, 9, 7], [5, 8, 8, 9, 8, 7, 6, 8, 5, 8, 6, 8, 7, 8, 5, 9, 9, 6, 5, 9, 6, 9, 6, 6, 7], [5, 8, 9, 6, 8, 9, 6, 5, 7, 8, 9, 6, 5, 7, 9, 7, 7, 9, 7, 8, 8, 7, 7, 7, 5], [8, 5, 7, 9, 6, 7, 5, 5, 9, 8, 7, 5, 7, 8, 9, 8, 5, 5, 6, 7, 9, 9, 6, 6, 9], [5, 6, 5, 7, 9, 8, 7, 7, 8, 9, 5, 9, 7, 6, 8, 7, 6, 7, 6, 9, 9, 8, 9, 5, 6], [8, 9, 6, 6, 5, 5, 8, 6, 9, 8, 5, 7, 6, 9, 9, 8, 5, 9, 9, 5, 8, 7, 5, 5, 8], [9, 5, 9, 5, 8, 7, 9, 5, 8, 8, 7, 8, 9, 9, 7, 5, 5, 9, 7, 6, 8, 7, 7, 7, 9], [9, 6, 9, 6, 5, 9, 8, 9, 9, 7, 5, 5, 7, 9, 8, 7, 8, 5, 8, 7, 7, 9, 6, 9, 8], [9, 9, 9, 8, 6, 6, 7, 5, 7, 9, 9, 6, 9, 7, 5, 6, 5, 6, 7, 8, 8, 8, 7, 6, 5], [7, 9, 5, 7, 5, 9, 8, 9, 5, 9, 7, 9, 6, 7, 9, 5, 8, 7, 7, 8, 7, 9, 6, 6, 7], [6, 8, 5, 6, 5, 8, 7, 7, 5, 6, 6, 7, 6, 6, 9, 5, 9, 7, 9, 9, 9, 8, 9, 5, 7], [6, 8, 6, 9, 8, 8, 9, 5, 8, 6, 9, 8, 7, 5, 9, 9, 6, 6, 5, 9, 7, 7, 5, 6, 5], [7, 7, 7, 9, 7, 7, 5, 9, 5, 5, 5, 6, 7, 5, 8, 7, 8, 7, 8, 6, 5, 5, 7, 8, 9], [9, 5, 6, 8, 8, 8, 6, 5, 8, 7, 6, 8, 7, 7, 9, 6, 7, 9, 7, 9, 8, 8, 5, 8, 6], [9, 6, 7, 7, 6, 6, 5, 8, 6, 9, 9, 9, 8, 8, 7, 5, 5, 7, 6, 9, 7, 7, 9, 8, 8], [6, 5, 9, 5, 6, 6, 6, 5, 6, 5, 9, 9, 5, 5, 9, 8, 9, 5, 5, 6, 6, 9, 8, 9, 7], [7, 6, 5, 6, 8, 5, 9, 9, 9, 8, 8, 8, 6, 5, 6, 9, 8, 9, 5, 5, 8, 8, 9, 8, 8], [5, 9, 7, 7, 6, 8, 7, 7, 7, 8, 7, 7, 8, 9, 9, 7, 9, 6, 7, 5, 7, 9, 9, 8, 8], [8, 5, 6, 7, 5, 5, 8, 9, 7, 9, 5, 5, 7, 6, 8, 7, 5, 6, 7, 7, 7, 5, 5, 8, 6], [7, 7, 8, 9, 6, 7, 6, 9, 8, 5, 9, 5, 9, 5, 8, 5, 8, 6, 5, 5, 9, 9, 6, 7, 9]]
Demand for each product in each period d: 
[[18, 44, 48, 49, 19, 18, 14, 40, 39, 18, 16, 32, 34, 5, 49, 0, 21, 33, 28, 49, 11, 42, 25, 26, 4], [1, 46, 15, 33, 49, 47, 17, 38, 34, 0, 41, 35, 43, 26, 19, 7, 43, 33, 43, 42, 13, 46, 25, 1, 36], [35, 1, 41, 2, 41, 31, 2, 27, 18, 47, 36, 4, 25, 21, 7, 11, 31, 16, 5, 18, 23, 6, 35, 42, 20], [31, 46, 22, 43, 3, 33, 49, 47, 21, 35, 39, 23, 43, 7, 6, 31, 11, 48, 44, 31, 17, 21, 43, 0, 9], [41, 39, 34, 1, 38, 13, 5, 46, 46, 44, 0, 23, 47, 18, 1, 20, 16, 43, 26, 30, 12, 49, 43, 21, 7], [7, 14, 12, 3, 11, 47, 22, 31, 49, 16, 15, 0, 36, 24, 29, 45, 7, 44, 41, 7, 43, 18, 37, 11, 8], [49, 0, 0, 15, 18, 41, 42, 46, 12, 5, 32, 49, 21, 27, 49, 5, 36, 10, 48, 29, 18, 36, 7, 7, 0], [24, 22, 43, 41, 21, 33, 36, 0, 34, 0, 22, 40, 16, 28, 18, 37, 5, 29, 39, 6, 14, 8, 35, 1, 29], [11, 21, 4, 9, 10, 41, 19, 20, 4, 15, 25, 21, 33, 30, 27, 4, 25, 31, 36, 40, 19, 26, 34, 13, 9], [39, 3, 17, 28, 43, 27, 4, 21, 35, 33, 13, 16, 15, 31, 30, 33, 39, 37, 29, 38, 32, 25, 2, 9, 26], [5, 0, 4, 7, 26, 42, 9, 31, 0, 11, 38, 6, 2, 13, 47, 20, 49, 14, 24, 9, 45, 34, 12, 0, 13], [48, 0, 29, 45, 33, 5, 21, 22, 14, 44, 31, 23, 10, 24, 3, 4, 30, 45, 5, 5, 14, 45, 36, 15, 42], [28, 6, 0, 3, 12, 13, 11, 0, 47, 34, 48, 43, 0, 39, 49, 22, 13, 38, 13, 31, 0, 20, 17, 14, 8], [34, 29, 0, 49, 43, 9, 9, 9, 28, 5, 20, 28, 18, 7, 45, 17, 39, 28, 40, 0, 19, 25, 31, 28, 49], [33, 0, 32, 10, 41, 4, 33, 17, 34, 39, 15, 23, 20, 16, 0, 45, 0, 13, 9, 0, 45, 0, 12, 47, 0], [22, 19, 22, 4, 41, 15, 42, 1, 32, 42, 36, 14, 10, 45, 28, 30, 28, 36, 5, 41, 3, 20, 28, 3, 6], [0, 18, 25, 4, 21, 19, 16, 24, 9, 23, 0, 0, 22, 46, 16, 33, 40, 36, 38, 43, 48, 42, 31, 28, 48], [24, 34, 34, 0, 13, 9, 10, 0, 4, 42, 35, 25, 20, 17, 40, 23, 34, 49, 21, 2, 48, 20, 42, 17, 5], [7, 4, 31, 9, 35, 19, 21, 46, 21, 7, 17, 1, 7, 10, 21, 33, 27, 24, 8, 24, 9, 40, 36, 38, 28], [29, 43, 5, 46, 48, 9, 42, 36, 23, 18, 39, 19, 3, 6, 49, 41, 11, 46, 22, 18, 44, 0, 30, 39, 32]]
Maintenance cost in each period m: 
[6163, 5599, 5317, 6202, 6415, 5792, 3590, 5239, 4671, 4835, 3183, 6394, 3538, 5757, 5100, 5670, 2813, 2767, 6012, 4266, 5945, 4230, 5512, 2708, 5214]
Maximum capacity of the machine cmax: 
800