Set of periods in the planning horizon T: 
15
Set of products P: 
10
Capacity reduction coefficient alpha: 
0.68
Relative decrease of capacity per set up gamma: 
0.33
Capacity reduction coefficient due to product types beta: 
[0.23, 0.3, 0.3, 0.27, 0.24, 0.39, 0.26, 0.23, 0.25, 0.3]
Fixed production cost of each product in each period f: 
[[709, 924, 867, 787, 724, 584, 787, 979, 762, 516, 718, 850, 547, 977, 649], [612, 883, 621, 889, 513, 741, 757, 559, 576, 690, 837, 706, 667, 895, 666], [691, 678, 824, 729, 968, 644, 644, 821, 672, 754, 975, 933, 719, 630, 836], [791, 602, 980, 821, 646, 565, 609, 657, 961, 522, 619, 837, 562, 626, 791], [804, 506, 734, 710, 899, 938, 878, 917, 994, 536, 988, 760, 782, 524, 946], [794, 747, 999, 708, 549, 839, 686, 528, 957, 988, 813, 763, 711, 732, 844], [857, 507, 840, 626, 967, 668, 746, 830, 691, 910, 700, 578, 936, 666, 545], [596, 996, 512, 706, 759, 583, 752, 950, 902, 760, 692, 584, 633, 722, 884], [848, 930, 689, 968, 964, 504, 520, 956, 890, 629, 838, 947, 943, 994, 736], [881, 641, 632, 662, 630, 924, 607, 673, 989, 736, 676, 617, 523, 719, 861]]
Variable production cost per unit of each product in each period p: 
[[13, 12, 13, 11, 10, 11, 10, 10, 13, 11, 13, 12, 11, 11, 11], [10, 11, 10, 13, 10, 13, 12, 13, 12, 12, 10, 12, 13, 12, 11], [10, 11, 11, 10, 10, 12, 12, 11, 13, 11, 11, 11, 12, 13, 12], [11, 12, 13, 10, 10, 10, 13, 13, 11, 13, 12, 12, 13, 11, 10], [11, 12, 10, 12, 10, 11, 12, 10, 11, 11, 11, 12, 13, 10, 13], [12, 10, 13, 12, 10, 12, 13, 13, 12, 10, 13, 11, 12, 10, 12], [13, 11, 11, 12, 12, 10, 10, 13, 13, 11, 12, 11, 10, 11, 13], [12, 13, 13, 10, 11, 10, 11, 12, 13, 13, 13, 10, 13, 12, 12], [12, 11, 10, 13, 13, 11, 12, 13, 10, 13, 11, 12, 13, 11, 11], [12, 10, 13, 13, 10, 13, 10, 13, 11, 11, 11, 12, 11, 11, 13]]
Inventory holding cost per unit of each product by the end of each period h: 
[[8, 6, 5, 6, 7, 8, 7, 5, 7, 5, 9, 8, 9, 5, 5], [7, 6, 8, 6, 7, 8, 8, 7, 7, 8, 9, 8, 8, 5, 9], [9, 6, 9, 9, 7, 8, 6, 6, 6, 6, 7, 8, 8, 5, 8], [8, 5, 5, 9, 6, 5, 8, 7, 5, 7, 6, 9, 8, 8, 9], [9, 5, 8, 7, 7, 5, 7, 7, 7, 6, 7, 9, 9, 5, 9], [8, 7, 7, 6, 8, 6, 8, 9, 7, 9, 9, 6, 9, 7, 8], [6, 8, 9, 6, 9, 8, 9, 7, 6, 5, 9, 8, 7, 6, 7], [7, 9, 5, 9, 6, 5, 8, 9, 5, 6, 8, 9, 6, 7, 5], [5, 7, 7, 8, 9, 5, 6, 6, 7, 7, 9, 5, 8, 5, 7], [5, 9, 9, 6, 6, 8, 5, 9, 7, 8, 9, 8, 6, 5, 7]]
Demand for each product in each period d: 
[[41, 15, 6, 5, 32, 16, 28, 14, 17, 0, 0, 39, 9, 29, 22], [15, 16, 15, 2, 46, 32, 40, 49, 12, 46, 20, 6, 10, 14, 19], [6, 29, 7, 37, 42, 10, 33, 9, 15, 12, 41, 4, 5, 33, 35], [16, 1, 3, 0, 18, 26, 15, 19, 39, 31, 22, 32, 48, 6, 35], [14, 1, 16, 26, 24, 33, 24, 32, 21, 16, 43, 33, 25, 14, 15], [20, 49, 3, 16, 46, 26, 3, 28, 31, 39, 49, 0, 28, 20, 4], [16, 0, 14, 4, 7, 42, 20, 1, 12, 21, 34, 8, 19, 44, 24], [42, 34, 24, 31, 30, 0, 41, 41, 44, 0, 29, 36, 17, 29, 35], [45, 42, 37, 39, 20, 44, 4, 29, 30, 34, 49, 19, 12, 8, 17], [0, 27, 26, 47, 18, 14, 33, 1, 40, 11, 38, 28, 18, 38, 7]]
Maintenance cost in each period m: 
[3189, 4089, 3115, 4114, 2096, 5081, 1500, 4359, 3537, 3977, 1730, 3711, 2175, 3917, 4058]
Maximum capacity of the machine cmax: 
410