COMPARAISON : DÉFINIR UN NOUVEAU MODÈLE VS MODIFIER LES CONTRAINTES
p = 10
t = 15
len_pop = 200
 14.722528 seconds (54.55 M allocations: 5.959 GiB, 6.85% gc time, 71.99% compilation time: 0% of which was recompilation)
  1.520945 seconds (9.31 M allocations: 1.020 GiB, 11.90% gc time, 49.03% compilation time)
  1.567484 seconds (4.68 M allocations: 224.564 MiB, 3.29% gc time, 91.02% compilation time)

Temps de generate_pop_initial : version 0
  4.014964 seconds (34.80 M allocations: 4.819 GiB, 15.06% gc time)
  3.943133 seconds (35.63 M allocations: 4.932 GiB, 14.45% gc time)

Les éléments de la population initiale
Any[132625.0, 132750.66375, 133610.1275, 135526.47875, 135623.825, 135919.975, 138167.425, 138369.325, 138638.3375, 139253.1, 140413.06125, 140659.5, 140752.4, 141017.5, 141076.5, 141176.9, 141473.9, 141547.65, 142342.0, 142537.575, 143355.0, 143433.0, 143496.0, 143711.0, 143784.025, 144010.475, 144466.0, 144787.0, 145080.55, 145632.625, 145778.16375, 145810.85, 145977.825, 146129.0, 146168.0, 146421.54375, 146786.15, 146861.5, 147099.0, 147170.7225, 147371.025, 147376.39250000002, 147469.91125, 147756.025, 147782.725, 147948.275, 147996.2, 148000.375, 148006.45, 148332.938375, 148362.5, 148390.5505625, 149026.85, 149044.5, 149226.0, 149352.925, 149505.75, 149507.425, 149549.075, 149555.575, 149693.75, 149790.725, 150062.0, 150085.8255625, 150186.0, 150246.7, 150404.74625, 150422.525, 150525.86625, 150708.525, 150890.85, 151001.675, 151014.075, 151264.0, 151501.76875, 151583.525, 151621.7, 151724.575, 151733.38874999998, 151843.5, 151940.15, 151970.025, 152090.5, 152092.0, 152156.0, 152195.825, 152228.5, 152410.0775, 152485.0, 152826.225, 152861.5, 152913.5, 153173.0675, 153296.8425, 153321.475, 153417.775, 153745.0, 153878.5, 153979.55, 154042.65, 154115.0, 154227.475, 154235.87125, 154289.14, 154625.43875, 154946.45, 154946.575, 155028.0, 155154.0, 155163.125, 155189.0, 155199.0, 155232.0, 155361.0, 155538.075, 155629.52125, 155635.0, 155711.0, 155847.0, 155991.0, 156079.0, 156102.0, 156330.525, 156350.0, 156552.94875, 156684.7925, 157223.6, 157416.025, 157461.35, 157523.1, 157628.5, 157656.0, 157758.65, 158010.0, 158026.0, 158203.0, 158324.0, 158562.525, 158692.5, 158721.0, 158783.915, 159005.7725, 159171.5, 159273.0, 159410.5, 159654.0, 159772.0, 160139.5, 160155.475, 160171.5, 160355.1, 160428.9275, 160753.0, 160985.0, 161235.525, 161367.65, 161512.925, 161599.0, 161630.0, 161696.25, 162059.425, 162586.2, 162670.67375000002, 162724.5, 163048.5, 163134.0, 163802.0, 163946.0, 164140.5, 164171.0, 164447.025, 164654.0, 164866.025, 164980.0, 164999.5, 165096.625, 165235.0, 165584.025, 166513.5, 166565.0, 167392.0, 167403.0, 168374.0, 168801.0, 169087.441625, 169505.5, 169621.0, 169645.0, 169822.5, 170140.65, 170295.3, 170742.0, 170806.0, 171047.5, 171055.0, 172561.025, 172747.5, 174919.5, 176379.0, 178739.0]

Temps de generate_pop_initial : version 1
  0.736686 seconds (6.52 M allocations: 897.113 MiB, 15.67% gc time)
  0.719367 seconds (6.46 M allocations: 889.331 MiB, 14.09% gc time)

Les éléments de la population initiale
Any[155405.525, 156217.425, 158016.0, 158287.5, 158662.975, 159061.925, 159301.85, 159466.6, 159541.15, 159639.7, 159843.0, 160392.25, 160449.5, 160491.0, 160547.0, 160592.5, 160645.0, 160679.0, 160720.5, 160829.075, 160898.0, 160963.5, 161063.0, 161153.375, 161192.0, 161242.7, 161255.3, 161305.0, 161408.6, 161416.25, 162025.425, 162041.0, 162162.075, 162209.15625, 162257.5, 162272.375, 162286.525, 162333.0, 162482.6, 162488.075, 162516.58625, 162582.025, 162600.07125, 162674.0, 162677.15, 162695.0, 162765.175, 162784.3, 162867.74625, 162896.375, 162915.39125, 162955.125, 163049.525, 163099.0, 163099.5, 163101.25, 163147.0, 163158.0, 163246.025, 163352.5, 163401.975, 163521.025, 163684.0, 163686.5, 163714.85, 163718.0, 163827.15, 163829.0, 163849.15, 163869.65, 163950.75, 163963.5, 164045.425, 164054.75, 164074.865, 164155.155625, 164195.85, 164199.0, 164298.425, 164298.47875, 164324.3, 164411.0, 164424.415, 164479.025, 164484.475, 164496.925, 164555.075, 164555.43725, 164572.3, 164593.67500000005, 164621.85, 164668.37125, 164721.85, 164763.0, 164878.9975, 164903.2, 164908.0, 164953.9, 165000.24625, 165057.5, 165220.8, 165226.0, 165275.5, 165334.75, 165469.0, 165672.85, 165739.0, 165799.8, 165808.0, 166032.0, 166041.0, 166060.525, 166071.7625, 166089.0, 166260.85, 166365.0, 166471.2, 166517.55275, 166523.0675, 166613.75, 166722.805, 166758.075, 166786.82875, 166867.0, 166881.4, 166910.0, 166971.175, 167153.1, 167224.79499999998, 167319.0, 167341.7, 167375.0, 167399.77875, 167483.35, 167504.8, 167652.5, 167746.75, 167858.26875, 167874.35, 167930.85, 168180.0, 168504.0, 168599.345375, 168914.52125, 168954.5, 169102.9475, 169270.5, 169540.5, 169733.45, 169918.0, 170279.0, 170292.5, 170828.16375, 171739.84, 172696.25675, 174855.47125000006, 189833.88875000004, 197429.92999999985, 200607.74625000008, 203929.80000000005, 204674.0, 212293.0, 212610.6, 217621.375, 221863.0, 236440.05000000005, 279784.0, 284021.997, 300156.2250000001, 300576.6499999999, 301483.25, 306998.5249999999, 320338.3999999999, 320504.4, 321859.07499999995, 333303.42500000005, 347153.1262500001, 360456.625, 361821.9837499999, 372884.0, 378847.625, 438323.73624999996, 482051.6499999999, 493552.0, 503850.5, 520963.65, 552037.7, 554321.75, 565672.8175000001, 580826.8250000002, 586125.125, 630833.5, 646142.75, 698857.575, 701364.425, 810983.5000000001, 813473.75, 890932.75, 1.05842075e6, 1.319681425e6]

Temps de generate_pop_initial : version 2
  0.133406 seconds (1.19 M allocations: 34.732 MiB)
  0.150692 seconds (1.19 M allocations: 34.715 MiB, 11.28% gc time)

Les éléments de la population initiale
Any[148543.0, 150006.0, 150476.0, 150902.225, 150922.02875, 152528.525, 152539.525, 152589.5, 153049.0, 153143.025, 153203.4025, 153242.675, 153250.725, 153390.47875, 153451.575, 153507.725, 154008.075, 154030.2, 154414.025, 154497.80125000002, 154547.0, 155235.175, 155264.575, 155444.45, 155543.3, 155544.975, 155709.975, 155775.075, 155943.9, 155945.65, 156365.525, 156417.4, 156459.23125, 156495.0, 156519.875, 156707.125, 157018.5, 157021.775, 157090.1005625, 157373.6575, 157408.75, 157617.48625000002, 157797.425, 157862.5, 157935.3, 157945.76875, 157954.375, 157989.82624999998, 158039.5, 158101.85499999998, 158417.24625, 158418.6225, 158521.0, 158627.5, 158643.2, 158651.5, 158654.175, 158875.1775, 158885.415, 158916.6, 159120.5, 159138.325, 159188.925, 159278.38624999998, 159323.2, 159353.8079375, 159379.275, 159429.075, 159497.9, 159538.65, 159703.5, 159717.25, 159825.2755625, 160096.575, 160123.14625, 160240.275, 160427.5, 160467.075, 160543.75, 160803.525, 160810.0, 160852.6, 161053.0, 161067.35, 161265.4, 161481.84875, 161633.87875, 161694.30875, 162015.18525, 162204.95, 162289.06625, 162879.0525, 162921.925, 163958.2225, 164624.8828125, 165472.6529875, 166459.61625, 166938.47499999998, 167013.5, 171953.19874999998, 172007.24923750001, 174520.5, 175776.1499999999, 180634.0, 180844.125, 183704.47499999998, 186341.35562500008, 186429.7749999999, 192386.0, 210495.10375, 213136.0, 218743.29999999996, 219874.17874999996, 222765.0, 232784.3, 233591.5, 234357.94999999995, 240095.575, 241014.28249999974, 241912.35500000004, 244756.42500000005, 259774.90000000002, 269840.3500000001, 275815.19625000004, 284408.74999999994, 285821.30000000005, 292531.17500000005, 302225.75, 309222.67425000004, 312217.40249999985, 312827.92500000005, 320807.6499999999, 326766.1000000001, 343484.17500000005, 344745.5, 351462.85, 359570.5, 360730.5, 364275.0, 366039.0, 372768.5225, 372838.375, 383454.30499999993, 415572.425, 416343.0, 424904.5, 425728.625, 435546.94999999995, 437693.5324999998, 439397.3999999999, 445319.5, 447635.125, 455165.2462500001, 455235.0, 463382.625, 468877.04781250004, 475834.07499999995, 477207.3250000002, 478536.6862499998, 488155.6313750001, 500938.075, 509560.06318749994, 517336.76125, 518381.5, 526260.0, 537696.5499999999, 538023.4225, 544784.0, 548519.6, 550296.0, 582337.3500000001, 596797.3325, 599484.2, 601404.5, 603692.7, 603740.5, 618235.5249999999, 619052.7, 628810.225, 661026.5249999999, 670530.2562499999, 674904.0, 677603.0, 690761.201875, 710779.3087500001, 723495.7999999999, 769937.425, 810485.1000000001, 820700.9750000001, 836816.9, 920165.925, 952667.2, 1.03292625e6, 1.1427032012500002e6, 1.2058670499999998e6, 1.2507165e6, 1.2695679375e6, 1.4563970999999999e6, 1.5529815725e6, 2.180721100625e6]


Crossover 1 time
  0.265544 seconds (835.23 k allocations: 60.502 MiB, 94.85% compilation time)
  0.034292 seconds (126.11 k allocations: 17.339 MiB, 61.33% gc time)
  0.012553 seconds (126.10 k allocations: 17.322 MiB)
  0.012125 seconds (126.10 k allocations: 17.322 MiB)
  0.011542 seconds (126.11 k allocations: 17.372 MiB)
  0.011338 seconds (126.10 k allocations: 17.322 MiB)
  0.011715 seconds (126.11 k allocations: 17.339 MiB)
  0.030742 seconds (126.10 k allocations: 17.322 MiB, 54.91% gc time)
  0.012065 seconds (126.10 k allocations: 17.322 MiB)
Crossover 2 time
  0.123112 seconds (327.09 k allocations: 21.975 MiB, 97.23% compilation time)
  0.002463 seconds (22.16 k allocations: 521.375 KiB)
  0.002481 seconds (22.16 k allocations: 521.312 KiB)
  0.002418 seconds (22.16 k allocations: 521.406 KiB)
  0.002306 seconds (22.16 k allocations: 521.375 KiB)
  0.002428 seconds (22.16 k allocations: 521.406 KiB)
  0.002335 seconds (22.16 k allocations: 521.375 KiB)
  0.002278 seconds (22.16 k allocations: 521.375 KiB)
  0.002329 seconds (22.16 k allocations: 521.312 KiB)


Mutation 1 time 
  0.149714 seconds (381.75 k allocations: 23.851 MiB, 97.92% compilation time)
  0.002993 seconds (31.67 k allocations: 4.337 MiB)
  0.003398 seconds (31.67 k allocations: 4.354 MiB)
  0.003345 seconds (31.67 k allocations: 4.337 MiB)
  0.003156 seconds (31.72 k allocations: 4.337 MiB)
  0.003165 seconds (31.67 k allocations: 4.337 MiB)
  0.003108 seconds (31.67 k allocations: 4.337 MiB)
  0.003120 seconds (31.68 k allocations: 4.336 MiB)
Mutation 2 time 
  0.136506 seconds (267.70 k allocations: 14.729 MiB, 99.31% compilation time)
  0.000698 seconds (5.74 k allocations: 137.547 KiB)
  0.000790 seconds (5.79 k allocations: 143.016 KiB)
  0.000758 seconds (5.74 k allocations: 137.547 KiB)
  0.000746 seconds (5.79 k allocations: 142.969 KiB)
  0.000835 seconds (5.79 k allocations: 142.906 KiB)
  0.000739 seconds (5.70 k allocations: 136.297 KiB)
  0.000755 seconds (5.79 k allocations: 142.922 KiB)
