Set of periods in the planning horizon T: 
15
Set of products P: 
25
Capacity reduction coefficient alpha: 
0.78
Relative decrease of capacity per set up gamma: 
0.25
Capacity reduction coefficient due to product types beta: 
[0.32, 0.31, 0.21, 0.29, 0.38, 0.25, 0.37, 0.29, 0.38, 0.23, 0.38, 0.39, 0.31, 0.2, 0.32, 0.34, 0.26, 0.27, 0.4, 0.24, 0.34, 0.38, 0.27, 0.22, 0.33]
Fixed production cost of each product in each period f: 
[[506, 775, 852, 921, 969, 759, 859, 714, 585, 597, 985, 621, 868, 946, 922], [838, 687, 675, 915, 901, 824, 682, 523, 828, 548, 588, 973, 585, 824, 564], [833, 955, 959, 706, 968, 559, 833, 969, 728, 839, 728, 811, 778, 540, 961], [844, 805, 937, 614, 732, 731, 677, 735, 969, 550, 779, 786, 868, 768, 700], [608, 969, 505, 718, 581, 735, 931, 900, 681, 989, 630, 918, 942, 721, 779], [876, 551, 901, 791, 790, 633, 631, 964, 864, 595, 524, 964, 830, 740, 563], [941, 534, 755, 576, 785, 912, 732, 803, 760, 865, 651, 650, 873, 968, 935], [950, 591, 526, 612, 878, 618, 692, 753, 754, 509, 994, 709, 918, 993, 936], [652, 863, 829, 921, 886, 996, 890, 739, 857, 682, 653, 525, 533, 803, 549], [570, 936, 514, 910, 709, 576, 781, 703, 539, 743, 753, 764, 699, 557, 813], [734, 998, 964, 501, 927, 752, 703, 888, 598, 620, 546, 601, 584, 809, 666], [622, 690, 571, 847, 783, 814, 987, 681, 785, 824, 503, 931, 783, 784, 766], [818, 510, 966, 586, 889, 607, 506, 854, 767, 931, 692, 676, 872, 981, 665], [555, 933, 778, 703, 864, 550, 636, 822, 538, 787, 712, 943, 782, 979, 953], [917, 686, 712, 663, 603, 597, 803, 741, 658, 741, 879, 706, 531, 506, 960], [597, 605, 911, 686, 762, 742, 649, 916, 786, 653, 525, 949, 856, 776, 775], [620, 567, 809, 654, 790, 781, 667, 601, 838, 587, 999, 555, 618, 621, 812], [885, 537, 793, 986, 943, 871, 510, 525, 697, 529, 760, 676, 726, 801, 718], [594, 708, 761, 799, 588, 883, 504, 930, 606, 916, 671, 720, 826, 703, 907], [730, 686, 521, 838, 873, 644, 952, 529, 769, 798, 617, 712, 587, 789, 634], [938, 924, 590, 544, 926, 508, 540, 682, 504, 771, 965, 750, 904, 830, 824], [525, 596, 629, 859, 534, 902, 630, 610, 700, 754, 978, 613, 901, 734, 783], [582, 625, 830, 608, 878, 833, 853, 818, 561, 739, 574, 562, 775, 925, 617], [500, 732, 849, 629, 914, 750, 689, 808, 953, 866, 761, 871, 945, 783, 542], [827, 919, 575, 926, 678, 631, 606, 820, 726, 955, 726, 849, 972, 574, 966]]
Variable production cost per unit of each product in each period p: 
[[10, 13, 12, 13, 13, 11, 10, 12, 10, 12, 13, 11, 12, 10, 10], [11, 10, 11, 11, 10, 10, 11, 12, 11, 11, 10, 13, 10, 11, 11], [13, 13, 10, 11, 13, 11, 10, 10, 11, 11, 12, 11, 11, 10, 13], [10, 12, 11, 11, 10, 11, 13, 11, 13, 12, 13, 12, 11, 10, 11], [12, 10, 11, 11, 13, 11, 11, 11, 11, 11, 10, 11, 12, 10, 12], [12, 13, 12, 13, 13, 13, 12, 11, 13, 10, 10, 10, 12, 11, 13], [12, 13, 12, 11, 11, 13, 13, 12, 12, 10, 12, 10, 13, 12, 11], [12, 13, 13, 13, 13, 11, 13, 12, 11, 12, 12, 10, 10, 10, 11], [12, 10, 12, 11, 11, 11, 11, 13, 10, 10, 12, 13, 12, 13, 12], [13, 12, 12, 10, 11, 12, 10, 12, 10, 13, 13, 11, 12, 12, 11], [10, 13, 12, 10, 10, 11, 12, 13, 10, 11, 11, 13, 12, 12, 10], [12, 13, 13, 10, 12, 13, 13, 13, 11, 13, 12, 13, 11, 12, 13], [11, 11, 10, 12, 11, 10, 12, 10, 13, 11, 12, 12, 13, 10, 13], [13, 12, 12, 11, 11, 10, 13, 12, 13, 13, 13, 13, 12, 13, 11], [11, 13, 11, 13, 10, 13, 10, 13, 11, 13, 11, 13, 11, 13, 10], [12, 10, 10, 12, 12, 13, 11, 12, 13, 13, 13, 11, 12, 10, 12], [12, 12, 11, 13, 12, 11, 13, 10, 11, 10, 11, 10, 10, 11, 12], [13, 10, 12, 11, 13, 13, 11, 12, 10, 13, 12, 13, 12, 13, 11], [13, 13, 11, 13, 11, 13, 12, 13, 12, 12, 13, 13, 10, 13, 12], [13, 10, 12, 13, 11, 11, 12, 11, 11, 13, 13, 11, 11, 11, 13], [11, 10, 12, 10, 12, 13, 10, 11, 11, 11, 13, 13, 11, 10, 10], [10, 10, 11, 13, 13, 13, 12, 13, 10, 12, 12, 11, 12, 11, 13], [13, 13, 11, 11, 11, 10, 12, 12, 12, 13, 11, 12, 12, 13, 10], [10, 12, 10, 11, 13, 11, 10, 10, 11, 12, 11, 11, 13, 10, 10], [10, 12, 13, 12, 13, 11, 11, 10, 10, 11, 10, 10, 10, 12, 12]]
Inventory holding cost per unit of each product by the end of each period h: 
[[5, 5, 8, 7, 6, 5, 6, 5, 5, 5, 5, 8, 8, 6, 8], [7, 5, 7, 8, 8, 6, 7, 5, 5, 5, 8, 6, 5, 9, 6], [8, 5, 6, 9, 9, 8, 9, 6, 9, 9, 8, 7, 6, 9, 9], [8, 5, 5, 6, 5, 5, 8, 8, 7, 6, 7, 8, 5, 9, 6], [6, 9, 7, 5, 5, 7, 8, 8, 9, 6, 5, 8, 6, 5, 8], [9, 9, 6, 9, 7, 6, 7, 8, 8, 6, 5, 8, 7, 5, 9], [8, 7, 6, 9, 9, 5, 6, 6, 9, 9, 8, 8, 9, 9, 7], [8, 5, 9, 7, 8, 7, 5, 6, 7, 8, 7, 6, 5, 7, 5], [7, 7, 8, 8, 8, 7, 5, 7, 6, 5, 8, 5, 6, 6, 8], [7, 5, 6, 8, 9, 8, 8, 6, 5, 5, 5, 6, 9, 6, 8], [5, 8, 9, 7, 9, 6, 6, 8, 9, 5, 7, 7, 5, 8, 8], [5, 8, 5, 6, 8, 9, 5, 5, 7, 5, 9, 7, 6, 9, 7], [7, 6, 8, 5, 5, 9, 7, 9, 5, 6, 7, 6, 5, 5, 5], [9, 5, 7, 9, 8, 8, 6, 6, 6, 7, 8, 7, 8, 9, 7], [8, 5, 8, 8, 6, 8, 9, 7, 9, 5, 5, 6, 9, 7, 7], [8, 5, 8, 6, 5, 7, 9, 5, 6, 8, 8, 8, 9, 8, 6], [8, 7, 7, 7, 5, 7, 7, 8, 5, 7, 6, 7, 7, 7, 7], [9, 5, 5, 5, 9, 5, 5, 7, 6, 6, 6, 7, 9, 5, 8], [7, 5, 5, 7, 7, 5, 5, 6, 9, 6, 7, 5, 9, 9, 6], [8, 8, 9, 9, 8, 7, 6, 6, 5, 9, 8, 6, 9, 8, 8], [8, 8, 7, 9, 9, 9, 5, 7, 9, 5, 5, 8, 8, 5, 8], [6, 5, 5, 7, 6, 6, 9, 7, 6, 8, 7, 7, 6, 7, 5], [8, 8, 6, 9, 5, 8, 7, 6, 6, 5, 6, 6, 6, 8, 8], [5, 8, 7, 9, 8, 9, 7, 7, 9, 6, 7, 5, 5, 7, 9], [9, 5, 9, 9, 8, 6, 6, 9, 9, 8, 8, 8, 6, 5, 5]]
Demand for each product in each period d: 
[[12, 29, 34, 38, 5, 6, 26, 9, 17, 5, 17, 43, 43, 11, 47], [26, 44, 21, 30, 20, 46, 13, 8, 0, 2, 48, 34, 34, 33, 11], [6, 36, 33, 1, 32, 45, 20, 23, 40, 17, 15, 7, 19, 47, 0], [48, 32, 0, 34, 39, 41, 16, 8, 33, 41, 3, 0, 22, 16, 0], [2, 29, 12, 32, 36, 9, 28, 3, 23, 7, 39, 17, 49, 46, 34], [42, 44, 29, 18, 49, 24, 6, 22, 20, 44, 47, 8, 35, 0, 16], [29, 5, 37, 32, 49, 6, 13, 20, 31, 20, 3, 24, 43, 35, 18], [11, 49, 37, 17, 26, 38, 37, 32, 9, 13, 42, 7, 44, 32, 28], [11, 16, 6, 19, 0, 34, 20, 23, 31, 17, 37, 25, 7, 20, 15], [44, 39, 2, 38, 16, 21, 3, 35, 29, 3, 30, 10, 7, 8, 24], [45, 0, 39, 44, 27, 40, 13, 26, 36, 16, 39, 37, 28, 10, 31], [0, 37, 47, 0, 0, 0, 26, 21, 9, 3, 14, 1, 31, 47, 48], [22, 11, 18, 0, 21, 4, 44, 46, 21, 7, 28, 35, 38, 19, 29], [18, 26, 9, 24, 40, 24, 4, 29, 26, 2, 3, 32, 33, 18, 36], [48, 20, 25, 34, 18, 20, 0, 28, 30, 48, 30, 46, 17, 39, 29], [14, 20, 2, 4, 5, 29, 11, 42, 2, 30, 24, 19, 48, 29, 14], [24, 16, 28, 5, 16, 23, 8, 25, 11, 6, 4, 48, 14, 45, 36], [12, 26, 24, 0, 36, 22, 10, 19, 25, 32, 32, 1, 29, 0, 33], [0, 32, 5, 25, 6, 42, 3, 2, 9, 20, 45, 42, 0, 25, 44], [20, 35, 24, 48, 43, 26, 23, 7, 21, 34, 32, 10, 39, 6, 16], [3, 23, 14, 41, 38, 45, 25, 30, 41, 41, 20, 16, 0, 12, 37], [0, 42, 46, 31, 48, 6, 27, 44, 28, 19, 32, 23, 46, 7, 18], [12, 34, 49, 10, 10, 38, 33, 4, 19, 13, 12, 3, 42, 14, 30], [12, 6, 13, 30, 39, 0, 22, 45, 36, 46, 8, 25, 17, 35, 48], [0, 1, 11, 17, 26, 2, 13, 43, 42, 0, 5, 40, 7, 28, 46]]
Maintenance cost in each period m: 
[5180, 4154, 4512, 2958, 5386, 4469, 5233, 5500, 2862, 3201, 5511, 2623, 2756, 4695, 4986]
Maximum capacity of the machine cmax: 
1050