Set of periods in the planning horizon T: 
25
Set of products P: 
35
Capacity reduction coefficient alpha: 
0.8
Relative decrease of capacity per set up gamma: 
0.23
Capacity reduction coefficient due to product types beta: 
[0.21, 0.24, 0.34, 0.35, 0.31, 0.37, 0.32, 0.37, 0.23, 0.3, 0.27, 0.2, 0.26, 0.31, 0.38, 0.33, 0.25, 0.24, 0.25, 0.38, 0.23, 0.37, 0.33, 0.25, 0.38, 0.25, 0.23, 0.27, 0.34, 0.34, 0.29, 0.36, 0.36, 0.25, 0.4]
Fixed production cost of each product in each period f: 
[[579, 686, 799, 891, 806, 565, 906, 933, 745, 587, 716, 825, 599, 507, 609, 947, 789, 681, 510, 775, 905, 529, 619, 800, 820], [643, 981, 903, 704, 567, 862, 989, 780, 572, 833, 903, 581, 816, 500, 845, 889, 530, 847, 636, 569, 723, 759, 518, 627, 828], [562, 710, 940, 513, 980, 837, 893, 616, 999, 783, 612, 722, 935, 917, 991, 865, 833, 505, 824, 813, 589, 665, 794, 809, 729], [694, 552, 793, 588, 927, 786, 549, 910, 839, 979, 930, 907, 946, 504, 845, 720, 924, 631, 839, 690, 848, 995, 797, 942, 908], [632, 597, 852, 865, 831, 813, 958, 714, 855, 692, 602, 635, 697, 939, 873, 569, 625, 549, 628, 870, 507, 860, 665, 852, 928], [937, 946, 936, 798, 945, 981, 624, 602, 706, 923, 921, 781, 962, 675, 571, 823, 861, 611, 837, 964, 989, 518, 894, 662, 646], [684, 719, 900, 719, 589, 875, 593, 685, 519, 608, 512, 905, 618, 511, 580, 791, 906, 966, 601, 915, 516, 552, 580, 561, 756], [790, 639, 745, 570, 892, 817, 934, 738, 942, 731, 983, 695, 984, 625, 779, 703, 632, 881, 621, 694, 990, 822, 738, 913, 520], [960, 757, 568, 990, 546, 576, 985, 994, 964, 961, 848, 731, 713, 818, 534, 520, 813, 754, 964, 886, 707, 955, 586, 532, 966], [625, 709, 586, 807, 758, 535, 817, 796, 761, 723, 812, 514, 959, 628, 891, 977, 689, 745, 860, 878, 819, 619, 991, 613, 616], [950, 559, 571, 763, 936, 587, 544, 942, 606, 701, 570, 765, 755, 571, 836, 724, 894, 594, 929, 765, 699, 868, 584, 724, 909], [737, 512, 899, 798, 713, 727, 792, 808, 745, 652, 676, 781, 510, 515, 755, 869, 752, 633, 549, 662, 861, 754, 914, 618, 873], [568, 951, 545, 851, 564, 886, 758, 506, 637, 517, 658, 574, 688, 918, 757, 615, 708, 504, 518, 927, 526, 621, 709, 752, 843], [739, 635, 997, 651, 849, 717, 753, 604, 509, 911, 801, 881, 631, 862, 785, 594, 586, 633, 878, 838, 710, 777, 674, 838, 734], [614, 501, 628, 985, 946, 728, 729, 729, 617, 532, 918, 812, 762, 658, 643, 739, 886, 712, 941, 712, 982, 822, 557, 729, 635], [893, 841, 563, 855, 821, 736, 521, 836, 644, 648, 720, 837, 850, 925, 856, 630, 664, 871, 802, 585, 650, 613, 571, 838, 510], [579, 591, 866, 522, 904, 850, 915, 833, 744, 580, 685, 645, 543, 760, 850, 507, 960, 748, 534, 608, 651, 986, 793, 532, 941], [917, 511, 538, 757, 645, 583, 915, 922, 726, 948, 867, 929, 628, 746, 839, 685, 733, 756, 879, 993, 504, 962, 969, 651, 882], [601, 821, 633, 953, 961, 595, 631, 970, 855, 863, 536, 963, 805, 740, 534, 533, 960, 755, 912, 794, 724, 946, 697, 655, 806], [811, 998, 779, 832, 797, 964, 850, 712, 703, 529, 801, 847, 713, 890, 601, 574, 821, 751, 948, 606, 997, 754, 962, 503, 787], [964, 862, 542, 605, 934, 566, 586, 705, 817, 877, 851, 752, 693, 516, 530, 905, 530, 780, 738, 924, 823, 812, 830, 864, 896], [853, 843, 656, 624, 872, 546, 998, 884, 791, 999, 774, 531, 610, 990, 723, 822, 621, 587, 944, 731, 974, 980, 948, 882, 593], [752, 641, 945, 954, 528, 718, 622, 961, 785, 854, 578, 955, 589, 921, 578, 933, 775, 691, 650, 533, 712, 595, 818, 822, 501], [553, 868, 959, 609, 619, 695, 833, 930, 754, 653, 629, 919, 614, 899, 692, 995, 600, 578, 780, 992, 674, 748, 930, 924, 607], [505, 516, 637, 531, 699, 573, 897, 697, 748, 769, 586, 840, 944, 573, 856, 713, 958, 870, 598, 560, 804, 621, 985, 846, 935], [837, 982, 593, 723, 851, 990, 783, 640, 784, 548, 660, 650, 959, 739, 798, 584, 645, 779, 631, 541, 794, 595, 605, 790, 629], [832, 978, 836, 822, 916, 685, 706, 732, 762, 726, 947, 920, 563, 851, 915, 607, 880, 568, 752, 695, 615, 904, 616, 717, 985], [837, 831, 936, 521, 826, 940, 548, 976, 662, 850, 876, 804, 800, 559, 643, 702, 746, 950, 828, 837, 997, 672, 924, 686, 580], [913, 864, 845, 670, 680, 755, 995, 634, 775, 505, 688, 973, 826, 747, 500, 631, 687, 978, 550, 604, 877, 508, 509, 986, 962], [628, 868, 526, 857, 774, 892, 540, 940, 592, 891, 748, 577, 674, 907, 765, 662, 809, 827, 732, 859, 510, 993, 960, 880, 871], [693, 617, 601, 827, 903, 610, 960, 515, 575, 715, 639, 713, 936, 835, 851, 573, 741, 843, 649, 864, 658, 689, 541, 536, 802], [796, 551, 739, 927, 689, 538, 772, 779, 798, 774, 759, 914, 568, 647, 508, 669, 756, 942, 532, 975, 733, 696, 642, 703, 850], [549, 597, 688, 598, 644, 568, 846, 744, 913, 857, 636, 570, 818, 706, 955, 868, 717, 926, 883, 998, 937, 757, 509, 570, 722], [822, 768, 871, 963, 932, 743, 635, 980, 930, 914, 512, 937, 877, 699, 719, 652, 888, 706, 752, 638, 716, 729, 614, 687, 699], [863, 792, 713, 927, 785, 883, 738, 825, 948, 525, 838, 915, 635, 697, 717, 987, 933, 522, 736, 720, 524, 536, 822, 815, 730]]
Variable production cost per unit of each product in each period p: 
[[12, 10, 10, 11, 13, 10, 13, 13, 12, 13, 10, 13, 11, 10, 11, 13, 13, 10, 12, 11, 10, 11, 10, 11, 10], [11, 11, 12, 11, 12, 10, 13, 12, 10, 10, 10, 10, 11, 12, 13, 11, 11, 11, 12, 11, 12, 11, 11, 10, 10], [12, 11, 11, 12, 13, 12, 12, 13, 12, 11, 13, 10, 13, 11, 13, 13, 13, 10, 12, 13, 12, 10, 10, 13, 13], [11, 11, 13, 13, 13, 10, 10, 13, 10, 10, 10, 11, 13, 13, 13, 13, 11, 10, 13, 11, 10, 13, 11, 13, 13], [11, 12, 13, 13, 10, 13, 10, 13, 10, 11, 10, 10, 13, 10, 10, 12, 12, 11, 10, 10, 10, 13, 12, 12, 12], [11, 11, 11, 13, 11, 13, 10, 13, 11, 10, 13, 13, 12, 10, 12, 13, 11, 11, 12, 13, 13, 10, 12, 11, 12], [13, 12, 10, 13, 13, 11, 13, 11, 13, 10, 11, 11, 13, 10, 12, 11, 10, 13, 11, 10, 12, 10, 10, 10, 12], [13, 13, 12, 11, 11, 13, 10, 13, 13, 11, 13, 10, 13, 12, 12, 12, 10, 11, 12, 11, 11, 13, 13, 11, 11], [10, 13, 11, 13, 11, 13, 13, 10, 11, 10, 13, 13, 12, 13, 12, 10, 10, 12, 11, 10, 12, 13, 12, 13, 10], [12, 10, 11, 13, 11, 10, 13, 12, 12, 10, 13, 10, 11, 13, 13, 12, 10, 10, 12, 13, 11, 11, 13, 10, 13], [12, 10, 13, 11, 12, 10, 13, 13, 10, 13, 10, 11, 12, 12, 12, 12, 12, 11, 10, 12, 10, 11, 10, 10, 13], [10, 12, 10, 11, 11, 11, 11, 13, 13, 13, 12, 10, 13, 10, 13, 10, 10, 12, 13, 10, 11, 13, 11, 10, 11], [10, 12, 13, 10, 10, 12, 11, 11, 10, 12, 10, 11, 10, 12, 12, 10, 10, 12, 12, 10, 10, 12, 10, 10, 12], [10, 13, 10, 11, 10, 13, 12, 12, 13, 12, 12, 13, 13, 11, 13, 11, 12, 11, 11, 10, 11, 12, 10, 13, 11], [10, 12, 13, 13, 12, 10, 10, 10, 13, 11, 10, 10, 13, 10, 11, 13, 12, 12, 13, 11, 13, 13, 11, 13, 10], [12, 13, 13, 12, 13, 13, 12, 13, 13, 12, 12, 12, 12, 13, 10, 11, 13, 11, 12, 12, 12, 12, 12, 10, 11], [12, 10, 11, 11, 12, 11, 13, 10, 13, 10, 13, 10, 10, 12, 12, 12, 13, 12, 10, 13, 12, 10, 13, 10, 12], [13, 10, 13, 11, 12, 10, 13, 11, 11, 12, 13, 11, 11, 10, 13, 10, 12, 13, 12, 12, 10, 12, 12, 12, 11], [11, 10, 13, 12, 12, 12, 10, 13, 12, 11, 12, 10, 12, 10, 10, 12, 13, 10, 13, 13, 12, 10, 12, 11, 13], [10, 12, 11, 12, 12, 10, 12, 13, 10, 13, 12, 13, 12, 10, 13, 11, 12, 13, 11, 10, 13, 13, 10, 11, 12], [10, 10, 12, 12, 11, 12, 13, 10, 13, 11, 13, 13, 12, 10, 10, 11, 11, 12, 12, 12, 12, 11, 11, 11, 13], [11, 12, 12, 10, 13, 13, 10, 10, 13, 10, 12, 12, 10, 13, 10, 11, 11, 10, 11, 13, 11, 11, 12, 13, 11], [13, 12, 10, 12, 13, 13, 10, 10, 10, 13, 11, 11, 10, 12, 10, 11, 12, 13, 13, 12, 11, 12, 11, 13, 12], [11, 12, 10, 13, 12, 10, 11, 10, 11, 12, 10, 11, 11, 10, 11, 13, 10, 11, 11, 12, 10, 11, 10, 12, 10], [10, 12, 11, 13, 11, 10, 10, 13, 10, 10, 13, 10, 12, 10, 13, 11, 12, 13, 12, 12, 12, 10, 13, 13, 13], [13, 10, 10, 13, 13, 13, 11, 11, 11, 10, 13, 11, 10, 12, 13, 11, 10, 11, 12, 13, 10, 12, 11, 11, 13], [10, 10, 12, 11, 12, 10, 12, 11, 12, 12, 13, 10, 13, 11, 12, 13, 11, 12, 10, 11, 10, 10, 12, 12, 10], [11, 11, 12, 13, 13, 11, 10, 11, 13, 13, 11, 10, 11, 11, 13, 13, 10, 10, 13, 13, 13, 12, 12, 11, 11], [11, 11, 12, 12, 11, 11, 13, 11, 10, 13, 12, 12, 11, 11, 10, 13, 10, 10, 11, 13, 12, 13, 13, 12, 11], [11, 13, 11, 12, 11, 10, 13, 10, 13, 12, 10, 13, 10, 12, 12, 11, 13, 10, 10, 12, 13, 13, 11, 12, 13], [12, 13, 10, 11, 10, 13, 12, 13, 10, 10, 10, 11, 10, 12, 12, 13, 10, 10, 13, 12, 12, 10, 13, 13, 11], [11, 13, 11, 10, 13, 10, 12, 12, 12, 11, 11, 12, 10, 12, 11, 11, 12, 12, 10, 12, 12, 12, 12, 10, 12], [11, 12, 13, 10, 11, 12, 10, 12, 12, 13, 10, 11, 11, 12, 12, 11, 10, 10, 10, 11, 10, 12, 11, 11, 12], [11, 10, 10, 13, 10, 10, 12, 13, 12, 12, 11, 13, 13, 13, 13, 11, 13, 11, 10, 12, 11, 13, 11, 11, 12], [12, 13, 13, 13, 12, 11, 12, 13, 13, 13, 10, 12, 12, 10, 13, 13, 10, 12, 11, 13, 12, 10, 13, 12, 10]]
Inventory holding cost per unit of each product by the end of each period h: 
[[6, 8, 5, 9, 5, 7, 7, 9, 7, 5, 7, 7, 9, 6, 5, 6, 8, 8, 5, 9, 8, 5, 9, 8, 9], [9, 8, 9, 7, 9, 9, 8, 9, 7, 6, 8, 8, 9, 8, 7, 8, 5, 6, 6, 9, 6, 8, 6, 7, 8], [8, 6, 6, 6, 9, 8, 8, 8, 8, 9, 9, 6, 5, 7, 9, 7, 6, 8, 9, 6, 8, 5, 9, 6, 7], [5, 6, 6, 6, 6, 6, 5, 6, 6, 8, 7, 9, 6, 7, 5, 6, 6, 7, 6, 9, 8, 8, 9, 6, 8], [5, 6, 8, 7, 8, 8, 5, 8, 5, 6, 9, 6, 7, 9, 5, 7, 6, 9, 6, 8, 9, 7, 9, 7, 6], [9, 8, 8, 6, 9, 9, 6, 6, 6, 5, 7, 8, 8, 6, 5, 8, 8, 6, 5, 7, 5, 9, 5, 6, 5], [8, 6, 9, 6, 8, 9, 9, 5, 9, 5, 9, 6, 7, 5, 5, 6, 9, 9, 7, 6, 9, 6, 6, 8, 8], [8, 8, 6, 7, 8, 5, 5, 5, 9, 9, 7, 7, 9, 7, 5, 8, 9, 7, 5, 5, 5, 8, 8, 6, 9], [6, 9, 9, 9, 5, 9, 5, 9, 7, 9, 7, 8, 9, 7, 9, 8, 6, 6, 7, 6, 9, 9, 5, 9, 9], [6, 6, 5, 9, 6, 8, 6, 7, 7, 7, 9, 7, 9, 9, 8, 6, 8, 6, 9, 9, 6, 8, 9, 6, 5], [5, 8, 6, 7, 9, 9, 7, 8, 6, 8, 8, 8, 5, 7, 6, 7, 7, 5, 8, 5, 5, 8, 6, 5, 5], [9, 5, 9, 5, 7, 6, 8, 5, 8, 7, 9, 6, 6, 9, 6, 5, 5, 5, 6, 8, 6, 9, 5, 8, 8], [9, 6, 7, 5, 5, 8, 7, 5, 6, 5, 6, 6, 5, 9, 6, 5, 9, 5, 6, 6, 6, 7, 6, 8, 9], [8, 8, 5, 9, 5, 9, 7, 8, 8, 8, 5, 7, 5, 7, 8, 5, 5, 7, 5, 7, 7, 6, 6, 7, 8], [9, 6, 5, 5, 9, 9, 5, 6, 9, 7, 5, 8, 8, 9, 6, 5, 7, 6, 6, 9, 7, 6, 9, 9, 5], [8, 7, 8, 9, 5, 7, 7, 8, 9, 7, 8, 9, 6, 6, 5, 7, 6, 6, 9, 7, 8, 7, 5, 7, 5], [8, 5, 9, 6, 6, 6, 6, 9, 8, 7, 9, 8, 8, 6, 9, 7, 7, 8, 6, 7, 7, 9, 9, 9, 8], [8, 5, 5, 6, 6, 8, 7, 7, 8, 6, 8, 8, 7, 7, 7, 8, 8, 6, 7, 9, 6, 9, 8, 9, 5], [8, 5, 7, 9, 8, 6, 7, 9, 9, 7, 8, 8, 9, 6, 5, 9, 7, 5, 8, 9, 9, 9, 9, 9, 8], [6, 5, 8, 6, 9, 8, 9, 9, 5, 5, 8, 9, 7, 8, 7, 6, 7, 5, 7, 8, 7, 9, 6, 9, 6], [6, 5, 9, 7, 5, 5, 8, 5, 6, 8, 7, 9, 5, 6, 8, 7, 7, 9, 9, 5, 9, 6, 6, 6, 8], [8, 5, 9, 5, 7, 9, 8, 6, 9, 5, 7, 9, 9, 5, 6, 7, 5, 7, 9, 8, 8, 8, 8, 6, 8], [8, 8, 6, 8, 6, 5, 6, 6, 9, 7, 8, 6, 5, 7, 9, 8, 9, 6, 6, 8, 6, 8, 9, 9, 7], [6, 6, 9, 7, 5, 6, 9, 5, 6, 6, 7, 9, 6, 6, 9, 9, 6, 5, 6, 9, 9, 5, 8, 9, 6], [6, 7, 8, 6, 8, 7, 6, 7, 6, 6, 8, 6, 7, 7, 9, 5, 7, 7, 7, 8, 9, 8, 5, 8, 9], [9, 9, 8, 9, 9, 5, 8, 6, 7, 8, 8, 7, 5, 9, 5, 7, 6, 6, 8, 8, 6, 8, 9, 6, 5], [5, 8, 9, 7, 8, 9, 7, 5, 6, 7, 8, 6, 9, 9, 6, 5, 7, 9, 6, 7, 9, 5, 9, 7, 7], [6, 7, 9, 9, 6, 5, 6, 9, 5, 8, 5, 7, 7, 9, 8, 7, 9, 9, 9, 5, 5, 7, 7, 9, 8], [5, 5, 8, 5, 5, 5, 7, 9, 7, 5, 9, 8, 5, 8, 5, 8, 9, 5, 6, 9, 7, 5, 8, 7, 7], [7, 6, 9, 6, 6, 7, 6, 5, 9, 6, 6, 7, 5, 5, 6, 6, 8, 9, 7, 9, 6, 6, 8, 7, 7], [6, 5, 5, 6, 8, 5, 6, 9, 9, 8, 6, 5, 6, 9, 7, 9, 9, 8, 8, 5, 9, 5, 6, 8, 9], [9, 5, 8, 6, 9, 8, 5, 5, 7, 6, 6, 8, 7, 5, 6, 7, 8, 5, 5, 9, 9, 8, 6, 5, 5], [5, 8, 9, 9, 7, 7, 8, 8, 5, 5, 6, 8, 8, 5, 7, 8, 8, 9, 6, 5, 5, 6, 9, 5, 6], [9, 9, 8, 9, 7, 9, 5, 9, 5, 7, 9, 8, 7, 8, 5, 8, 5, 9, 8, 6, 9, 8, 5, 5, 5], [6, 7, 8, 7, 8, 7, 9, 6, 7, 9, 9, 9, 7, 5, 6, 8, 7, 8, 9, 5, 6, 5, 6, 6, 6]]
Demand for each product in each period d: 
[[12, 35, 2, 19, 23, 32, 2, 17, 40, 34, 18, 33, 30, 40, 10, 11, 41, 35, 29, 17, 17, 12, 24, 49, 8], [30, 37, 0, 45, 44, 13, 30, 16, 44, 6, 15, 46, 27, 0, 33, 26, 25, 15, 39, 37, 9, 32, 47, 15, 19], [11, 22, 0, 20, 27, 40, 35, 30, 15, 47, 29, 13, 4, 47, 14, 29, 0, 20, 15, 46, 39, 23, 9, 46, 25], [44, 29, 28, 46, 21, 14, 48, 1, 12, 6, 13, 23, 47, 4, 47, 0, 36, 43, 25, 20, 19, 6, 2, 30, 33], [2, 13, 15, 30, 31, 41, 28, 48, 43, 0, 10, 39, 16, 12, 20, 45, 7, 30, 43, 3, 47, 37, 43, 46, 36], [10, 17, 31, 0, 10, 39, 5, 9, 6, 44, 19, 16, 43, 10, 21, 42, 46, 18, 31, 39, 41, 42, 35, 5, 47], [23, 5, 32, 26, 48, 46, 13, 4, 38, 43, 14, 42, 14, 3, 7, 26, 0, 22, 39, 0, 36, 44, 44, 43, 47], [48, 8, 3, 12, 29, 36, 31, 23, 36, 22, 26, 25, 22, 41, 16, 30, 4, 30, 31, 40, 30, 16, 28, 27, 23], [30, 9, 34, 15, 28, 42, 11, 8, 35, 13, 19, 35, 27, 48, 30, 14, 1, 5, 0, 22, 36, 0, 12, 13, 21], [47, 6, 8, 7, 30, 37, 48, 42, 46, 13, 0, 37, 49, 16, 29, 12, 17, 43, 42, 15, 3, 42, 27, 0, 11], [14, 37, 38, 6, 22, 42, 9, 23, 7, 13, 31, 27, 1, 31, 43, 29, 27, 22, 48, 21, 37, 24, 41, 25, 37], [44, 49, 3, 0, 43, 0, 7, 45, 16, 41, 1, 6, 0, 48, 20, 32, 6, 45, 20, 4, 41, 12, 9, 12, 3], [5, 13, 42, 42, 14, 16, 42, 47, 40, 41, 29, 17, 14, 1, 8, 39, 40, 38, 41, 24, 1, 44, 3, 26, 0], [48, 22, 35, 37, 4, 2, 1, 49, 37, 7, 28, 20, 42, 44, 17, 7, 13, 35, 14, 39, 19, 47, 35, 9, 31], [46, 2, 14, 8, 24, 5, 1, 37, 20, 10, 11, 0, 8, 49, 17, 10, 3, 26, 19, 25, 35, 28, 34, 14, 29], [5, 0, 49, 11, 22, 32, 21, 41, 6, 20, 25, 10, 22, 30, 12, 14, 2, 16, 23, 11, 20, 3, 5, 24, 2], [18, 49, 46, 36, 47, 46, 19, 24, 8, 39, 8, 32, 0, 39, 40, 13, 36, 12, 24, 9, 11, 14, 14, 31, 10], [26, 49, 0, 22, 9, 0, 45, 12, 0, 20, 26, 24, 14, 22, 25, 22, 36, 48, 15, 28, 4, 8, 10, 23, 17], [44, 32, 46, 18, 12, 20, 9, 45, 39, 49, 0, 37, 6, 48, 0, 46, 31, 10, 22, 35, 7, 24, 9, 42, 44], [44, 7, 33, 40, 6, 21, 9, 0, 30, 29, 0, 17, 6, 26, 11, 11, 39, 18, 36, 26, 33, 35, 15, 42, 49], [33, 6, 23, 2, 12, 42, 4, 33, 2, 13, 0, 41, 3, 33, 43, 17, 26, 39, 10, 23, 23, 36, 16, 15, 22], [13, 19, 41, 23, 11, 43, 10, 16, 28, 1, 31, 35, 24, 23, 20, 47, 26, 22, 46, 42, 0, 28, 14, 20, 0], [46, 11, 4, 32, 0, 26, 5, 30, 4, 30, 14, 39, 19, 20, 24, 24, 43, 14, 9, 27, 25, 5, 37, 12, 27], [16, 0, 2, 32, 0, 48, 33, 47, 15, 36, 33, 22, 22, 7, 27, 44, 10, 20, 12, 8, 46, 10, 18, 14, 29], [37, 29, 7, 24, 33, 20, 46, 22, 21, 47, 23, 0, 5, 28, 6, 21, 6, 48, 12, 40, 11, 1, 42, 11, 22], [30, 10, 37, 10, 3, 3, 24, 14, 31, 4, 22, 20, 6, 27, 0, 44, 42, 47, 28, 16, 20, 9, 12, 24, 49], [16, 42, 14, 42, 27, 43, 32, 18, 19, 23, 17, 7, 35, 34, 33, 48, 12, 20, 32, 43, 1, 29, 44, 6, 3], [7, 0, 25, 4, 48, 16, 36, 20, 30, 5, 24, 30, 33, 0, 6, 0, 7, 16, 39, 21, 23, 6, 5, 44, 39], [35, 16, 12, 44, 0, 24, 45, 4, 14, 1, 15, 0, 9, 3, 45, 24, 17, 16, 6, 0, 30, 1, 31, 6, 7], [33, 1, 32, 30, 14, 0, 15, 20, 3, 21, 30, 18, 18, 46, 33, 37, 18, 22, 30, 36, 27, 24, 12, 19, 13], [38, 13, 45, 38, 20, 47, 12, 34, 41, 1, 41, 0, 40, 0, 25, 41, 43, 12, 0, 23, 35, 16, 36, 43, 29], [40, 17, 36, 43, 22, 45, 43, 26, 5, 35, 27, 37, 38, 35, 34, 13, 8, 10, 24, 5, 27, 20, 34, 18, 49], [1, 49, 32, 7, 43, 22, 28, 32, 38, 36, 27, 29, 46, 13, 6, 1, 25, 47, 25, 17, 7, 0, 37, 11, 19], [11, 19, 14, 33, 27, 8, 49, 33, 48, 14, 6, 15, 36, 34, 29, 28, 0, 11, 33, 37, 30, 11, 32, 48, 33], [0, 22, 39, 29, 13, 44, 32, 21, 27, 17, 0, 33, 48, 39, 33, 0, 49, 30, 28, 15, 4, 49, 48, 25, 29]]
Maintenance cost in each period m: 
[7610, 4942, 5674, 5976, 3632, 5904, 4314, 5302, 6973, 6354, 7417, 5057, 4979, 5224, 7016, 7618, 3838, 4142, 7397, 5240, 6097, 4977, 3888, 4015, 3971]
Maximum capacity of the machine cmax: 
1610