Set of periods in the planning horizon T: 
15
Set of products P: 
25
Capacity reduction coefficient alpha: 
0.8
Relative decrease of capacity per set up gamma: 
0.34
Capacity reduction coefficient due to product types beta: 
[0.0, 0.0, 0.0, 0.0, 0.0, 0.0, 0.0, 0.0, 0.0, 0.0, 0.0, 0.0, 0.0, 0.0, 0.0, 0.0, 0.0, 0.0, 0.0, 0.0, 0.0, 0.0, 0.0, 0.0, 0.0]
Fixed production cost of each product in each period f: 
[[807, 712, 679, 549, 523, 662, 750, 727, 806, 991, 881, 771, 530, 999, 867], [938, 870, 579, 531, 972, 886, 512, 688, 888, 735, 793, 789, 995, 862, 951], [874, 891, 571, 540, 795, 631, 737, 817, 663, 556, 794, 818, 696, 897, 542], [807, 647, 825, 860, 926, 620, 594, 638, 636, 944, 595, 676, 863, 837, 766], [866, 703, 772, 949, 836, 526, 566, 992, 758, 617, 682, 857, 707, 707, 627], [920, 861, 785, 536, 822, 923, 894, 803, 874, 704, 768, 849, 843, 866, 876], [543, 571, 759, 760, 781, 651, 778, 854, 897, 946, 728, 880, 791, 907, 824], [724, 919, 811, 929, 994, 970, 558, 881, 992, 860, 532, 973, 559, 882, 999], [862, 750, 848, 864, 630, 804, 973, 761, 816, 642, 647, 761, 511, 852, 872], [669, 650, 646, 939, 698, 577, 665, 707, 651, 834, 551, 523, 929, 518, 508], [798, 988, 674, 684, 801, 627, 786, 616, 929, 538, 647, 922, 693, 985, 842], [586, 888, 612, 703, 739, 798, 980, 927, 907, 821, 592, 856, 679, 776, 757], [781, 501, 621, 701, 941, 614, 937, 803, 707, 935, 560, 881, 571, 828, 657], [652, 550, 639, 909, 547, 511, 652, 818, 772, 733, 537, 597, 625, 865, 863], [796, 737, 925, 941, 934, 921, 839, 695, 919, 534, 503, 914, 568, 593, 541], [607, 712, 510, 558, 584, 594, 664, 520, 890, 631, 807, 726, 807, 973, 823], [731, 711, 638, 881, 986, 540, 970, 693, 775, 833, 643, 735, 564, 968, 520], [820, 899, 765, 891, 937, 528, 736, 895, 805, 695, 872, 572, 803, 742, 745], [598, 733, 925, 795, 684, 823, 587, 965, 682, 622, 504, 859, 919, 713, 673], [593, 747, 760, 952, 624, 800, 800, 856, 923, 576, 579, 713, 987, 984, 723], [876, 536, 855, 924, 970, 895, 643, 959, 527, 894, 570, 953, 509, 712, 548], [863, 812, 983, 761, 580, 644, 548, 667, 936, 543, 572, 823, 791, 950, 686], [895, 900, 529, 587, 918, 545, 554, 821, 974, 889, 853, 950, 716, 768, 691], [626, 846, 759, 697, 663, 605, 630, 989, 577, 979, 958, 793, 944, 556, 958], [613, 726, 688, 553, 741, 792, 896, 790, 651, 918, 527, 529, 508, 924, 721]]
Variable production cost per unit of each product in each period p: 
[[12, 10, 10, 13, 12, 10, 11, 13, 10, 11, 10, 12, 10, 10, 13], [10, 10, 12, 11, 11, 11, 12, 11, 12, 13, 11, 11, 10, 12, 12], [10, 11, 10, 10, 13, 12, 13, 10, 13, 11, 10, 11, 10, 11, 12], [12, 13, 12, 10, 12, 12, 12, 11, 12, 13, 10, 10, 11, 12, 13], [10, 10, 11, 13, 10, 12, 13, 13, 13, 12, 10, 13, 12, 13, 11], [12, 11, 10, 12, 13, 12, 12, 10, 11, 11, 11, 12, 11, 12, 13], [10, 12, 11, 10, 12, 12, 10, 12, 12, 11, 10, 11, 13, 12, 13], [11, 10, 13, 12, 11, 13, 12, 11, 10, 13, 12, 13, 10, 12, 13], [12, 12, 10, 10, 11, 13, 12, 10, 12, 12, 10, 11, 12, 12, 11], [10, 11, 12, 11, 13, 12, 13, 12, 10, 13, 13, 12, 13, 11, 12], [11, 12, 10, 11, 11, 13, 11, 10, 11, 13, 12, 10, 10, 13, 11], [13, 11, 12, 13, 11, 12, 13, 13, 11, 12, 13, 10, 10, 11, 10], [13, 10, 13, 13, 13, 11, 13, 11, 11, 10, 10, 10, 12, 11, 13], [10, 13, 11, 12, 10, 10, 11, 10, 13, 13, 12, 10, 10, 12, 12], [12, 11, 12, 10, 13, 10, 12, 12, 10, 12, 13, 12, 10, 10, 12], [11, 13, 11, 11, 12, 11, 10, 13, 13, 12, 11, 13, 11, 11, 10], [10, 12, 13, 10, 13, 10, 11, 12, 11, 12, 12, 10, 11, 10, 10], [13, 11, 12, 13, 13, 13, 13, 13, 12, 12, 13, 11, 12, 10, 12], [13, 13, 12, 13, 12, 12, 12, 11, 10, 10, 12, 11, 13, 13, 11], [10, 11, 13, 12, 10, 11, 11, 11, 13, 12, 10, 13, 13, 11, 13], [11, 13, 10, 10, 10, 11, 12, 13, 10, 10, 11, 13, 10, 11, 12], [11, 12, 13, 12, 10, 10, 10, 12, 13, 10, 11, 10, 10, 13, 13], [12, 11, 13, 13, 13, 13, 13, 10, 10, 11, 11, 11, 10, 13, 10], [12, 11, 13, 11, 12, 10, 11, 12, 12, 10, 12, 10, 11, 12, 10], [11, 10, 12, 11, 10, 10, 12, 12, 12, 10, 11, 11, 13, 10, 13]]
Inventory holding cost per unit of each product by the end of each period h: 
[[5, 9, 7, 6, 7, 9, 9, 6, 5, 6, 9, 6, 8, 7, 9], [9, 8, 5, 5, 8, 5, 7, 5, 6, 8, 5, 6, 7, 9, 7], [5, 5, 5, 8, 6, 7, 7, 8, 8, 7, 5, 9, 7, 5, 6], [7, 9, 6, 5, 8, 7, 7, 7, 8, 5, 7, 5, 8, 9, 5], [9, 9, 5, 9, 6, 7, 6, 7, 8, 6, 8, 6, 9, 6, 7], [5, 9, 6, 8, 6, 8, 6, 8, 9, 5, 6, 6, 7, 5, 9], [8, 5, 6, 8, 6, 9, 7, 5, 7, 8, 8, 8, 7, 7, 8], [8, 7, 8, 6, 6, 6, 7, 8, 6, 8, 7, 8, 7, 7, 7], [6, 8, 9, 9, 5, 6, 8, 5, 7, 6, 9, 6, 5, 7, 6], [6, 5, 6, 8, 5, 8, 7, 8, 7, 8, 7, 8, 8, 7, 9], [9, 8, 7, 6, 6, 9, 5, 9, 8, 5, 9, 6, 8, 7, 8], [5, 9, 6, 5, 9, 5, 8, 6, 5, 8, 7, 7, 9, 5, 6], [8, 6, 6, 8, 5, 8, 8, 8, 8, 5, 8, 8, 9, 8, 6], [8, 7, 8, 8, 8, 6, 5, 5, 6, 9, 5, 5, 8, 7, 8], [5, 6, 5, 9, 6, 8, 6, 7, 7, 7, 5, 6, 9, 7, 7], [5, 8, 7, 6, 6, 6, 9, 8, 8, 8, 5, 6, 9, 9, 7], [7, 5, 6, 6, 8, 9, 6, 8, 9, 9, 7, 8, 9, 5, 5], [8, 5, 6, 7, 7, 7, 9, 7, 9, 8, 9, 9, 6, 5, 7], [5, 8, 6, 7, 5, 9, 9, 7, 8, 9, 6, 9, 9, 6, 9], [8, 5, 8, 9, 7, 5, 5, 9, 8, 5, 7, 6, 5, 7, 9], [7, 5, 6, 5, 7, 8, 7, 6, 6, 9, 7, 8, 7, 8, 5], [7, 8, 5, 9, 8, 9, 7, 7, 5, 7, 5, 6, 8, 5, 6], [6, 8, 6, 9, 5, 5, 8, 9, 7, 9, 5, 9, 7, 9, 5], [5, 6, 8, 5, 9, 6, 5, 6, 5, 7, 7, 6, 7, 8, 5], [5, 9, 9, 9, 6, 9, 9, 5, 5, 8, 9, 8, 6, 5, 8]]
Demand for each product in each period d: 
[[28, 0, 42, 20, 25, 30, 15, 32, 2, 45, 0, 23, 24, 38, 32], [33, 5, 44, 34, 36, 33, 9, 9, 30, 0, 32, 31, 2, 12, 18], [44, 17, 26, 16, 4, 19, 48, 18, 47, 42, 28, 41, 19, 36, 33], [40, 28, 47, 49, 12, 3, 45, 7, 0, 16, 47, 33, 26, 26, 12], [22, 20, 10, 30, 40, 16, 37, 23, 44, 42, 0, 2, 11, 45, 32], [25, 25, 0, 27, 30, 16, 23, 44, 14, 0, 0, 42, 17, 12, 7], [49, 30, 2, 5, 17, 12, 8, 29, 43, 5, 2, 34, 37, 43, 12], [36, 17, 3, 42, 26, 11, 19, 0, 19, 25, 11, 41, 14, 29, 23], [33, 49, 2, 27, 36, 42, 24, 47, 47, 17, 48, 31, 21, 28, 33], [0, 32, 28, 18, 25, 31, 20, 0, 29, 43, 37, 5, 29, 1, 10], [23, 3, 10, 30, 44, 4, 12, 21, 0, 6, 25, 40, 30, 3, 0], [47, 36, 44, 0, 18, 45, 18, 28, 10, 44, 5, 6, 17, 38, 0], [5, 5, 11, 5, 33, 40, 0, 3, 28, 2, 3, 39, 36, 0, 17], [6, 24, 44, 0, 31, 12, 31, 10, 16, 45, 16, 0, 48, 0, 0], [21, 2, 11, 36, 1, 44, 42, 5, 36, 38, 46, 11, 4, 41, 25], [10, 21, 49, 40, 15, 48, 10, 42, 2, 10, 42, 8, 0, 0, 8], [15, 12, 13, 0, 13, 48, 30, 32, 18, 11, 28, 8, 42, 11, 17], [14, 19, 22, 19, 9, 32, 20, 49, 30, 45, 37, 11, 26, 28, 9], [8, 31, 0, 2, 4, 19, 31, 48, 2, 12, 7, 0, 13, 18, 21], [47, 49, 8, 21, 36, 0, 40, 37, 49, 29, 14, 23, 3, 27, 35], [43, 7, 42, 8, 28, 1, 38, 48, 32, 14, 35, 17, 11, 3, 37], [24, 21, 30, 41, 29, 20, 37, 40, 37, 25, 37, 12, 45, 29, 21], [27, 30, 16, 2, 36, 14, 5, 28, 40, 31, 34, 16, 39, 44, 48], [3, 39, 21, 5, 36, 29, 28, 37, 30, 0, 16, 21, 47, 14, 48], [10, 2, 2, 1, 8, 30, 0, 36, 40, 4, 34, 23, 32, 12, 41]]
Maintenance cost in each period m: 
[18075, 15927, 16534, 15498, 14950, 16818, 16814, 17818, 17331, 15075, 17879, 14497, 15884, 15113, 14472]
Maximum capacity of the machine cmax: 
1200