Set of periods in the planning horizon T: 
25
Set of products P: 
25
Capacity reduction coefficient alpha: 
0.8
Relative decrease of capacity per set up gamma: 
0.24
Capacity reduction coefficient due to product types beta: 
[0.35, 0.35, 0.39, 0.33, 0.35, 0.39, 0.24, 0.22, 0.21, 0.29, 0.39, 0.28, 0.27, 0.22, 0.3, 0.21, 0.22, 0.2, 0.26, 0.21, 0.36, 0.23, 0.34, 0.31, 0.38]
Fixed production cost of each product in each period f: 
[[656, 625, 711, 599, 877, 740, 661, 739, 738, 983, 867, 660, 882, 915, 761, 992, 800, 895, 895, 928, 515, 858, 503, 733, 606], [904, 728, 679, 759, 980, 920, 642, 648, 525, 506, 709, 734, 558, 631, 592, 686, 533, 639, 607, 939, 865, 893, 619, 838, 907], [724, 722, 647, 738, 957, 514, 993, 851, 685, 718, 631, 669, 957, 993, 911, 912, 776, 596, 719, 599, 880, 598, 582, 509, 969], [737, 552, 984, 924, 804, 605, 838, 719, 733, 989, 853, 851, 720, 677, 752, 959, 889, 506, 626, 722, 655, 820, 509, 571, 572], [831, 593, 925, 578, 560, 588, 822, 694, 837, 962, 744, 862, 526, 810, 664, 523, 602, 511, 652, 773, 516, 787, 954, 780, 684], [561, 789, 785, 923, 568, 558, 825, 770, 729, 741, 896, 992, 887, 908, 811, 785, 575, 724, 797, 740, 623, 696, 598, 922, 599], [819, 649, 702, 870, 754, 945, 908, 609, 927, 701, 644, 940, 996, 564, 944, 923, 579, 636, 552, 713, 791, 776, 890, 864, 843], [794, 667, 770, 571, 918, 662, 782, 725, 639, 678, 621, 639, 730, 739, 549, 755, 835, 885, 643, 569, 827, 613, 885, 647, 787], [647, 601, 810, 855, 998, 573, 880, 831, 629, 554, 787, 640, 820, 879, 518, 943, 952, 747, 858, 952, 528, 559, 579, 567, 975], [688, 606, 663, 517, 965, 569, 935, 794, 699, 889, 785, 795, 932, 687, 640, 905, 921, 729, 857, 907, 540, 710, 573, 647, 565], [650, 875, 528, 748, 665, 954, 740, 708, 972, 805, 857, 641, 500, 560, 994, 778, 521, 790, 893, 651, 623, 600, 708, 567, 514], [826, 804, 731, 917, 502, 500, 628, 505, 628, 523, 987, 798, 642, 752, 838, 748, 654, 707, 661, 752, 794, 607, 676, 582, 936], [657, 851, 908, 981, 564, 675, 511, 882, 975, 932, 665, 766, 901, 721, 598, 542, 803, 762, 992, 782, 511, 559, 548, 600, 912], [727, 940, 613, 511, 693, 861, 903, 625, 530, 966, 672, 717, 568, 804, 917, 946, 507, 645, 818, 998, 786, 720, 701, 835, 610], [762, 527, 933, 996, 640, 578, 936, 925, 765, 599, 700, 857, 896, 925, 998, 913, 807, 689, 802, 582, 796, 578, 867, 901, 954], [649, 790, 889, 721, 601, 970, 686, 537, 700, 937, 966, 617, 964, 575, 902, 545, 539, 893, 763, 714, 586, 563, 519, 991, 939], [906, 680, 543, 654, 621, 637, 642, 833, 532, 512, 940, 819, 784, 753, 703, 754, 620, 810, 543, 656, 701, 914, 704, 589, 827], [946, 896, 566, 730, 502, 509, 973, 719, 581, 567, 777, 609, 558, 987, 918, 625, 857, 771, 981, 608, 734, 545, 617, 863, 519], [873, 712, 537, 859, 799, 734, 952, 651, 870, 609, 830, 850, 990, 621, 580, 661, 836, 799, 727, 640, 517, 889, 583, 944, 788], [625, 889, 902, 806, 893, 510, 610, 656, 557, 700, 550, 609, 737, 597, 628, 916, 519, 936, 580, 916, 646, 557, 752, 532, 567], [839, 867, 736, 982, 957, 798, 517, 812, 956, 604, 608, 885, 757, 712, 919, 934, 583, 971, 821, 948, 694, 749, 829, 859, 956], [612, 763, 851, 630, 696, 688, 985, 987, 942, 833, 636, 982, 529, 923, 615, 582, 626, 785, 972, 502, 852, 816, 794, 851, 722], [977, 701, 572, 716, 796, 883, 871, 814, 635, 514, 575, 757, 563, 526, 820, 522, 942, 958, 641, 614, 805, 686, 708, 690, 876], [674, 663, 648, 536, 590, 966, 729, 716, 970, 503, 760, 693, 888, 793, 686, 904, 995, 974, 836, 555, 516, 948, 649, 732, 814], [907, 934, 603, 857, 704, 594, 901, 789, 857, 770, 691, 698, 516, 809, 739, 814, 807, 721, 520, 994, 862, 828, 540, 620, 532]]
Variable production cost per unit of each product in each period p: 
[[12, 12, 11, 13, 12, 13, 10, 11, 12, 11, 10, 11, 10, 12, 13, 13, 11, 12, 11, 11, 10, 11, 12, 11, 10], [10, 11, 11, 11, 11, 11, 11, 11, 10, 13, 11, 13, 13, 13, 13, 11, 13, 12, 10, 13, 13, 12, 13, 12, 12], [13, 11, 10, 13, 10, 12, 10, 13, 12, 13, 13, 13, 11, 13, 11, 12, 13, 13, 13, 10, 10, 12, 13, 10, 10], [12, 11, 12, 10, 13, 13, 10, 10, 12, 13, 12, 10, 11, 12, 12, 10, 12, 10, 13, 10, 10, 12, 11, 11, 12], [12, 11, 11, 13, 13, 11, 12, 11, 11, 13, 13, 11, 13, 12, 12, 11, 13, 10, 13, 10, 12, 10, 12, 11, 11], [12, 12, 11, 10, 13, 10, 11, 10, 13, 13, 13, 11, 10, 12, 10, 10, 10, 11, 12, 10, 13, 13, 10, 10, 11], [12, 10, 11, 13, 12, 12, 13, 10, 12, 13, 10, 10, 13, 13, 13, 11, 13, 11, 12, 10, 12, 10, 12, 11, 12], [13, 10, 11, 12, 13, 10, 12, 13, 13, 11, 13, 13, 11, 10, 10, 12, 12, 10, 10, 12, 12, 13, 13, 10, 13], [12, 13, 11, 11, 10, 11, 12, 10, 10, 10, 12, 11, 12, 11, 13, 12, 11, 13, 12, 10, 11, 11, 11, 13, 10], [10, 13, 13, 13, 12, 13, 13, 12, 10, 10, 10, 11, 10, 13, 13, 12, 10, 13, 13, 10, 13, 13, 13, 12, 12], [12, 11, 12, 12, 10, 11, 12, 10, 13, 12, 11, 12, 13, 13, 13, 12, 12, 13, 12, 12, 10, 10, 10, 12, 12], [13, 11, 10, 11, 10, 13, 11, 10, 12, 10, 13, 10, 13, 10, 11, 11, 10, 10, 13, 13, 12, 11, 12, 10, 12], [11, 13, 13, 10, 12, 10, 13, 10, 11, 13, 13, 11, 12, 13, 11, 11, 12, 10, 12, 11, 13, 10, 13, 10, 13], [11, 13, 12, 11, 11, 13, 13, 12, 13, 13, 10, 11, 13, 13, 12, 10, 11, 13, 13, 10, 13, 11, 12, 13, 12], [13, 13, 11, 11, 10, 12, 11, 10, 13, 12, 10, 10, 10, 13, 10, 10, 12, 12, 11, 11, 12, 12, 10, 12, 12], [11, 11, 11, 10, 13, 12, 12, 10, 12, 13, 10, 12, 11, 10, 10, 10, 11, 13, 11, 12, 11, 12, 10, 12, 11], [11, 10, 12, 11, 12, 13, 13, 12, 11, 12, 11, 13, 12, 11, 10, 11, 11, 12, 11, 10, 11, 13, 10, 13, 13], [10, 13, 12, 11, 13, 11, 11, 12, 10, 11, 10, 10, 11, 11, 12, 11, 11, 12, 11, 10, 12, 10, 11, 11, 12], [13, 10, 11, 12, 10, 12, 13, 13, 10, 10, 13, 12, 10, 11, 11, 11, 13, 12, 13, 13, 10, 11, 11, 11, 11], [11, 13, 13, 13, 10, 11, 11, 13, 13, 12, 13, 11, 10, 13, 12, 11, 11, 12, 11, 12, 12, 12, 10, 12, 12], [10, 11, 13, 13, 11, 11, 12, 13, 13, 11, 10, 10, 12, 12, 10, 11, 13, 10, 13, 12, 10, 13, 12, 13, 12], [11, 10, 12, 10, 12, 11, 10, 13, 12, 12, 12, 11, 11, 12, 13, 10, 13, 13, 11, 11, 10, 13, 12, 12, 10], [13, 12, 12, 12, 12, 13, 10, 10, 11, 13, 13, 11, 10, 12, 13, 11, 12, 11, 12, 10, 11, 11, 12, 12, 12], [12, 12, 12, 12, 11, 13, 12, 13, 12, 10, 10, 11, 13, 11, 10, 11, 11, 13, 12, 13, 12, 13, 13, 11, 12], [13, 12, 13, 12, 11, 11, 12, 10, 10, 13, 13, 13, 10, 11, 12, 13, 12, 12, 10, 10, 11, 10, 12, 13, 12]]
Inventory holding cost per unit of each product by the end of each period h: 
[[7, 8, 9, 8, 9, 5, 8, 5, 9, 6, 7, 7, 7, 7, 8, 9, 9, 9, 6, 6, 6, 6, 8, 9, 5], [6, 6, 9, 7, 9, 8, 8, 9, 7, 9, 5, 8, 7, 5, 8, 9, 6, 5, 5, 6, 7, 7, 8, 7, 5], [7, 9, 6, 8, 9, 5, 7, 7, 5, 8, 8, 8, 9, 6, 6, 6, 8, 5, 8, 7, 9, 8, 8, 7, 6], [9, 7, 5, 6, 8, 9, 9, 5, 5, 9, 6, 7, 7, 5, 6, 6, 8, 7, 9, 9, 6, 6, 9, 8, 6], [9, 6, 7, 9, 8, 6, 9, 7, 7, 8, 9, 7, 5, 8, 9, 7, 6, 8, 8, 9, 6, 5, 5, 5, 7], [5, 9, 8, 7, 5, 7, 7, 5, 7, 6, 7, 8, 6, 6, 7, 9, 8, 9, 5, 5, 5, 5, 7, 6, 8], [6, 7, 6, 5, 9, 9, 9, 6, 7, 8, 7, 9, 7, 8, 7, 8, 6, 6, 8, 6, 6, 9, 6, 8, 7], [7, 9, 5, 5, 7, 8, 6, 6, 6, 9, 9, 7, 8, 9, 5, 5, 7, 8, 5, 7, 7, 6, 9, 6, 5], [9, 5, 9, 6, 9, 8, 7, 5, 9, 7, 7, 8, 9, 6, 9, 8, 8, 8, 8, 6, 9, 9, 9, 8, 6], [9, 9, 6, 6, 9, 9, 5, 5, 7, 5, 7, 5, 5, 5, 6, 9, 9, 5, 7, 7, 6, 5, 8, 9, 6], [7, 7, 6, 8, 9, 8, 8, 9, 6, 8, 9, 9, 8, 7, 8, 5, 7, 5, 7, 8, 9, 8, 7, 6, 5], [9, 7, 6, 8, 6, 5, 8, 7, 9, 8, 8, 8, 8, 8, 5, 7, 9, 6, 6, 5, 5, 8, 6, 9, 5], [9, 9, 6, 5, 8, 7, 8, 8, 6, 5, 7, 8, 6, 8, 5, 7, 9, 7, 8, 7, 5, 7, 5, 8, 8], [5, 5, 9, 8, 7, 6, 6, 9, 9, 5, 6, 6, 6, 8, 9, 8, 5, 7, 8, 7, 7, 7, 5, 5, 7], [7, 7, 5, 5, 9, 9, 7, 6, 7, 8, 7, 6, 5, 5, 6, 7, 5, 5, 7, 9, 8, 9, 5, 8, 9], [6, 5, 8, 9, 9, 6, 6, 8, 8, 7, 7, 8, 9, 6, 8, 9, 5, 9, 8, 5, 8, 9, 5, 5, 5], [7, 8, 8, 6, 5, 8, 6, 7, 8, 7, 8, 5, 7, 8, 7, 8, 5, 6, 7, 6, 8, 7, 7, 5, 7], [6, 8, 8, 5, 8, 8, 8, 5, 6, 7, 9, 7, 5, 7, 5, 7, 6, 5, 5, 8, 8, 8, 6, 8, 6], [8, 6, 7, 6, 6, 5, 5, 7, 6, 9, 6, 7, 8, 6, 8, 7, 8, 8, 8, 5, 8, 9, 8, 6, 5], [8, 7, 8, 8, 7, 6, 8, 9, 8, 6, 7, 5, 7, 7, 8, 9, 9, 5, 5, 5, 7, 7, 9, 5, 6], [7, 5, 7, 6, 6, 9, 9, 6, 8, 5, 8, 8, 5, 6, 7, 5, 7, 5, 7, 6, 7, 9, 5, 6, 5], [5, 8, 9, 8, 6, 7, 9, 5, 6, 6, 8, 9, 9, 5, 7, 6, 5, 5, 6, 6, 6, 7, 7, 6, 8], [7, 5, 9, 6, 6, 6, 6, 9, 7, 9, 6, 8, 8, 6, 9, 6, 8, 9, 5, 5, 7, 9, 7, 9, 5], [5, 8, 5, 6, 8, 7, 9, 6, 8, 8, 5, 6, 8, 6, 7, 6, 6, 8, 9, 8, 5, 6, 8, 7, 6], [7, 7, 5, 9, 6, 5, 9, 6, 5, 8, 5, 8, 6, 9, 9, 9, 9, 5, 8, 5, 9, 5, 5, 9, 6]]
Demand for each product in each period d: 
[[32, 6, 0, 41, 30, 39, 11, 4, 43, 25, 42, 9, 42, 23, 12, 45, 20, 1, 20, 2, 3, 36, 14, 18, 25], [6, 49, 0, 5, 2, 14, 44, 45, 13, 5, 37, 34, 13, 43, 38, 41, 39, 4, 7, 29, 11, 38, 48, 42, 2], [2, 27, 34, 41, 34, 0, 15, 33, 47, 22, 16, 34, 42, 0, 26, 15, 9, 7, 4, 17, 25, 47, 34, 19, 24], [23, 26, 23, 28, 0, 49, 5, 0, 28, 49, 18, 30, 35, 46, 26, 39, 35, 0, 47, 37, 4, 46, 25, 47, 9], [41, 29, 0, 21, 47, 31, 37, 36, 24, 14, 0, 8, 15, 8, 4, 19, 15, 25, 2, 13, 14, 27, 35, 35, 0], [47, 34, 41, 0, 39, 0, 0, 48, 0, 38, 33, 42, 15, 10, 3, 0, 19, 43, 0, 24, 11, 16, 46, 0, 42], [5, 6, 1, 39, 20, 18, 15, 19, 25, 21, 2, 39, 42, 48, 29, 46, 28, 35, 47, 26, 39, 14, 12, 3, 29], [10, 24, 21, 42, 10, 26, 49, 0, 16, 32, 44, 48, 43, 47, 45, 2, 21, 12, 48, 0, 14, 13, 0, 13, 15], [10, 30, 0, 8, 42, 12, 28, 29, 49, 23, 15, 33, 6, 6, 34, 32, 48, 30, 39, 6, 34, 47, 41, 17, 39], [48, 22, 0, 26, 46, 43, 13, 24, 10, 18, 33, 12, 44, 2, 35, 48, 13, 0, 0, 32, 7, 27, 31, 0, 48], [39, 40, 29, 4, 8, 2, 37, 18, 46, 33, 17, 0, 15, 33, 35, 9, 43, 0, 29, 39, 40, 11, 16, 33, 14], [20, 37, 0, 27, 29, 6, 17, 30, 16, 40, 41, 3, 12, 34, 46, 11, 29, 7, 45, 29, 2, 48, 37, 27, 4], [12, 24, 23, 39, 45, 12, 12, 24, 14, 16, 39, 0, 26, 8, 2, 44, 25, 20, 0, 21, 37, 8, 48, 34, 40], [33, 25, 23, 22, 0, 0, 7, 20, 45, 47, 4, 34, 34, 4, 49, 45, 46, 1, 38, 31, 43, 44, 20, 45, 4], [28, 32, 32, 49, 48, 2, 18, 28, 17, 20, 39, 28, 17, 43, 6, 30, 11, 17, 30, 0, 47, 45, 20, 41, 15], [0, 15, 44, 36, 25, 20, 37, 8, 44, 13, 0, 25, 20, 47, 32, 45, 12, 7, 11, 6, 6, 24, 24, 5, 2], [39, 37, 21, 19, 17, 12, 39, 0, 42, 44, 43, 41, 40, 30, 29, 48, 32, 29, 26, 48, 39, 40, 9, 2, 16], [29, 45, 24, 31, 3, 23, 48, 4, 42, 36, 30, 0, 41, 6, 29, 42, 0, 4, 0, 30, 37, 41, 3, 49, 0], [45, 19, 18, 0, 32, 36, 4, 2, 47, 24, 3, 33, 34, 9, 19, 4, 0, 17, 2, 28, 45, 27, 10, 24, 30], [20, 5, 17, 15, 1, 30, 23, 35, 8, 43, 20, 44, 41, 47, 37, 37, 11, 9, 35, 37, 43, 10, 6, 17, 31], [48, 10, 32, 32, 29, 26, 45, 0, 45, 16, 44, 44, 38, 11, 49, 41, 1, 33, 0, 15, 27, 31, 35, 37, 46], [28, 34, 9, 38, 44, 41, 22, 31, 32, 28, 38, 43, 0, 19, 29, 22, 28, 3, 4, 26, 38, 0, 7, 13, 34], [0, 8, 31, 21, 38, 18, 40, 11, 30, 19, 29, 2, 11, 43, 34, 20, 19, 36, 0, 1, 26, 36, 13, 18, 0], [13, 43, 11, 10, 6, 25, 20, 30, 22, 21, 41, 20, 12, 38, 47, 0, 43, 27, 9, 3, 43, 15, 25, 26, 9], [46, 18, 46, 5, 41, 15, 0, 0, 47, 43, 42, 29, 2, 2, 21, 13, 13, 38, 30, 44, 45, 3, 39, 36, 16]]
Maintenance cost in each period m: 
[5286, 3799, 6564, 3172, 5374, 3180, 6748, 5940, 5574, 4803, 4342, 3083, 4974, 6092, 3297, 5171, 6294, 5000, 5980, 6461, 4546, 6077, 3589, 5745, 3522]
Maximum capacity of the machine cmax: 
1125