Set of periods in the planning horizon T: 
10
Set of products P: 
10
Capacity reduction coefficient alpha: 
0.7
Relative decrease of capacity per set up gamma: 
0.31
Capacity reduction coefficient due to product types beta: 
[0.0, 0.0, 0.0, 0.0, 0.0, 0.0, 0.0, 0.0, 0.0, 0.0]
Fixed production cost of each product in each period f: 
[[818, 931, 733, 885, 746, 877, 622, 597, 857, 894], [780, 916, 865, 848, 957, 793, 732, 998, 856, 841], [926, 738, 859, 545, 648, 519, 752, 520, 952, 593], [822, 758, 625, 771, 504, 861, 883, 846, 899, 761], [597, 987, 514, 991, 880, 558, 937, 765, 898, 731], [696, 798, 668, 500, 951, 626, 688, 716, 823, 944], [873, 874, 637, 806, 557, 587, 996, 850, 864, 502], [516, 710, 500, 581, 756, 893, 656, 609, 765, 699], [500, 891, 970, 749, 500, 658, 705, 830, 992, 692], [827, 877, 756, 851, 523, 587, 756, 910, 707, 667]]
Variable production cost per unit of each product in each period p: 
[[12, 12, 12, 12, 12, 11, 13, 12, 12, 13], [13, 11, 11, 12, 13, 11, 10, 12, 10, 10], [10, 11, 11, 10, 11, 10, 13, 12, 10, 13], [13, 13, 13, 13, 11, 13, 11, 13, 11, 11], [10, 13, 10, 11, 12, 10, 11, 13, 11, 12], [13, 11, 10, 10, 13, 10, 11, 11, 10, 11], [12, 11, 11, 12, 12, 13, 13, 11, 10, 12], [11, 13, 13, 13, 13, 10, 10, 10, 10, 13], [13, 10, 10, 11, 11, 12, 10, 13, 11, 13], [13, 11, 13, 13, 12, 12, 11, 13, 12, 13]]
Inventory holding cost per unit of each product by the end of each period h: 
[[5, 9, 6, 9, 7, 6, 9, 5, 8, 8], [9, 7, 6, 9, 9, 9, 7, 9, 7, 8], [9, 9, 6, 8, 6, 5, 7, 6, 6, 8], [6, 8, 6, 5, 8, 8, 5, 8, 5, 9], [5, 8, 7, 7, 8, 9, 5, 7, 6, 9], [5, 9, 9, 6, 5, 8, 7, 6, 6, 8], [7, 8, 7, 7, 7, 7, 8, 8, 6, 9], [5, 7, 7, 9, 8, 6, 7, 9, 9, 9], [9, 7, 7, 8, 8, 7, 9, 7, 9, 5], [9, 5, 8, 7, 5, 9, 5, 9, 6, 6]]
Demand for each product in each period d: 
[[0, 38, 45, 20, 40, 18, 0, 20, 34, 44], [37, 40, 5, 4, 5, 35, 25, 24, 30, 49], [32, 0, 37, 24, 27, 1, 9, 9, 0, 46], [2, 5, 40, 24, 49, 7, 45, 45, 49, 44], [17, 46, 4, 49, 14, 32, 8, 29, 15, 4], [28, 39, 31, 11, 5, 20, 32, 1, 13, 42], [48, 17, 34, 3, 49, 10, 39, 5, 39, 3], [6, 32, 46, 42, 19, 35, 27, 12, 18, 5], [8, 42, 9, 17, 28, 49, 32, 47, 32, 4], [0, 17, 21, 12, 4, 16, 47, 29, 32, 3]]
Maintenance cost in each period m: 
[7660, 7708, 5600, 4810, 8352, 6306, 7666, 7659, 5518, 6383]
Maximum capacity of the machine cmax: 
410