Set of periods in the planning horizon T: 
10
Set of products P: 
25
Capacity reduction coefficient alpha: 
0.7
Relative decrease of capacity per set up gamma: 
0.3
Capacity reduction coefficient due to product types beta: 
[0.0, 0.0, 0.0, 0.0, 0.0, 0.0, 0.0, 0.0, 0.0, 0.0, 0.0, 0.0, 0.0, 0.0, 0.0, 0.0, 0.0, 0.0, 0.0, 0.0, 0.0, 0.0, 0.0, 0.0, 0.0]
Fixed production cost of each product in each period f: 
[[704, 847, 837, 868, 954, 851, 806, 570, 651, 986], [900, 990, 669, 818, 775, 570, 595, 801, 564, 533], [587, 969, 894, 991, 744, 916, 502, 669, 913, 787], [708, 933, 976, 552, 868, 571, 773, 992, 662, 877], [931, 503, 762, 638, 736, 510, 749, 978, 622, 722], [856, 928, 624, 554, 592, 521, 680, 524, 566, 871], [706, 560, 995, 794, 841, 662, 987, 644, 937, 951], [805, 894, 714, 787, 697, 604, 744, 769, 898, 541], [964, 684, 729, 793, 811, 554, 517, 670, 818, 704], [737, 951, 975, 910, 803, 782, 805, 538, 802, 825], [983, 581, 945, 829, 693, 908, 759, 960, 793, 873], [665, 626, 918, 954, 885, 582, 917, 589, 948, 977], [833, 988, 874, 700, 551, 947, 726, 567, 815, 809], [997, 598, 800, 569, 686, 614, 997, 919, 716, 515], [541, 888, 720, 839, 513, 767, 500, 664, 544, 549], [679, 756, 967, 964, 807, 961, 948, 541, 727, 507], [626, 997, 609, 969, 583, 779, 503, 902, 762, 899], [568, 963, 863, 743, 531, 642, 518, 778, 714, 842], [838, 795, 860, 913, 774, 656, 628, 836, 591, 937], [717, 544, 840, 611, 831, 962, 877, 869, 714, 942], [762, 834, 776, 743, 890, 950, 679, 873, 579, 784], [918, 816, 507, 657, 503, 557, 815, 737, 762, 837], [895, 658, 733, 642, 662, 795, 907, 527, 855, 660], [869, 977, 555, 645, 788, 614, 985, 543, 633, 756], [792, 810, 991, 615, 682, 790, 539, 808, 815, 506]]
Variable production cost per unit of each product in each period p: 
[[11, 13, 12, 13, 12, 11, 10, 12, 12, 13], [10, 11, 10, 11, 10, 11, 12, 12, 10, 11], [10, 10, 12, 13, 13, 10, 11, 13, 10, 11], [10, 13, 11, 11, 12, 10, 11, 10, 11, 10], [11, 11, 13, 12, 12, 12, 13, 13, 10, 11], [10, 10, 10, 12, 12, 11, 12, 12, 11, 11], [12, 13, 12, 11, 11, 13, 11, 10, 13, 10], [10, 13, 11, 12, 10, 11, 11, 13, 10, 10], [10, 10, 11, 13, 10, 10, 10, 13, 10, 11], [11, 13, 10, 11, 12, 11, 13, 12, 10, 13], [10, 11, 11, 13, 12, 11, 11, 10, 11, 10], [12, 13, 11, 10, 12, 11, 10, 12, 10, 11], [13, 11, 12, 11, 13, 11, 12, 12, 13, 13], [12, 12, 13, 11, 13, 13, 13, 10, 12, 12], [10, 12, 11, 10, 10, 11, 12, 12, 11, 12], [12, 13, 12, 10, 12, 12, 13, 12, 13, 11], [10, 13, 13, 13, 10, 12, 13, 13, 12, 12], [12, 10, 12, 13, 10, 13, 12, 12, 10, 10], [13, 11, 13, 11, 11, 10, 11, 11, 11, 12], [12, 13, 10, 12, 10, 13, 13, 10, 10, 12], [10, 13, 11, 10, 10, 12, 12, 12, 10, 13], [13, 12, 10, 12, 12, 13, 13, 12, 11, 10], [12, 11, 13, 12, 13, 13, 13, 12, 13, 12], [12, 12, 10, 10, 10, 10, 12, 10, 11, 13], [10, 13, 12, 10, 10, 11, 12, 11, 13, 10]]
Inventory holding cost per unit of each product by the end of each period h: 
[[6, 9, 9, 8, 5, 7, 9, 9, 5, 8], [6, 6, 7, 6, 8, 9, 8, 7, 7, 9], [9, 8, 5, 8, 8, 8, 7, 5, 8, 8], [5, 5, 7, 7, 6, 5, 9, 7, 9, 5], [6, 8, 8, 9, 9, 7, 9, 5, 7, 7], [8, 7, 8, 5, 6, 7, 5, 9, 8, 9], [9, 7, 9, 5, 7, 9, 5, 8, 9, 8], [9, 8, 8, 8, 7, 5, 9, 6, 9, 9], [6, 6, 5, 5, 7, 9, 5, 5, 5, 8], [9, 5, 9, 9, 6, 5, 6, 7, 8, 9], [7, 8, 7, 8, 7, 7, 8, 5, 8, 6], [9, 9, 7, 7, 7, 8, 5, 8, 8, 5], [6, 7, 7, 5, 7, 8, 5, 8, 7, 8], [5, 9, 8, 6, 9, 6, 5, 6, 5, 7], [8, 6, 7, 5, 8, 6, 6, 6, 7, 5], [8, 9, 5, 8, 9, 9, 9, 8, 8, 9], [9, 7, 6, 9, 5, 7, 8, 8, 5, 9], [5, 9, 6, 9, 6, 5, 5, 6, 7, 8], [6, 8, 6, 7, 8, 7, 5, 7, 9, 6], [5, 6, 9, 5, 7, 8, 8, 5, 5, 5], [8, 8, 9, 6, 5, 7, 6, 7, 5, 5], [9, 7, 8, 8, 6, 6, 5, 9, 9, 9], [6, 9, 6, 6, 5, 7, 5, 6, 7, 9], [9, 9, 5, 5, 9, 8, 7, 6, 7, 5], [6, 8, 8, 9, 5, 9, 9, 8, 8, 5]]
Demand for each product in each period d: 
[[46, 37, 26, 42, 7, 26, 4, 34, 12, 12], [12, 20, 17, 32, 16, 20, 5, 49, 26, 21], [5, 0, 36, 13, 41, 10, 17, 47, 11, 43], [15, 45, 9, 8, 7, 18, 34, 13, 32, 20], [13, 21, 8, 47, 16, 15, 20, 40, 25, 44], [36, 13, 0, 0, 39, 10, 10, 33, 32, 25], [40, 6, 37, 18, 10, 18, 40, 48, 28, 13], [40, 25, 46, 39, 30, 0, 32, 23, 2, 49], [15, 22, 0, 0, 3, 9, 35, 22, 15, 14], [32, 4, 26, 23, 21, 17, 4, 46, 19, 43], [48, 42, 35, 18, 43, 43, 29, 47, 49, 22], [33, 21, 45, 7, 46, 36, 43, 39, 5, 43], [38, 0, 8, 34, 15, 39, 29, 16, 43, 34], [7, 45, 23, 31, 32, 24, 35, 18, 31, 0], [4, 7, 27, 0, 36, 1, 4, 46, 29, 31], [26, 16, 42, 36, 33, 10, 44, 34, 49, 41], [0, 16, 28, 34, 32, 9, 19, 17, 21, 3], [28, 25, 45, 0, 9, 40, 25, 1, 31, 28], [30, 40, 18, 44, 27, 47, 31, 0, 8, 41], [2, 38, 37, 19, 24, 15, 25, 47, 19, 0], [26, 29, 19, 18, 7, 26, 43, 37, 20, 18], [47, 15, 30, 0, 24, 13, 1, 34, 39, 14], [46, 24, 17, 19, 41, 33, 15, 35, 17, 8], [0, 26, 38, 0, 24, 15, 13, 42, 35, 38], [7, 0, 32, 0, 24, 6, 17, 31, 19, 33]]
Maintenance cost in each period m: 
[12692, 9947, 10184, 12504, 11333, 12761, 10505, 13578, 12040, 11928]
Maximum capacity of the machine cmax: 
1075