Set of periods in the planning horizon T: 
20
Set of products P: 
25
Capacity reduction coefficient alpha: 
0.7
Relative decrease of capacity per set up gamma: 
0.38
Capacity reduction coefficient due to product types beta: 
[0.0, 0.0, 0.0, 0.0, 0.0, 0.0, 0.0, 0.0, 0.0, 0.0, 0.0, 0.0, 0.0, 0.0, 0.0, 0.0, 0.0, 0.0, 0.0, 0.0, 0.0, 0.0, 0.0, 0.0, 0.0]
Fixed production cost of each product in each period f: 
[[869, 877, 832, 664, 783, 944, 707, 900, 548, 501, 659, 855, 775, 961, 970, 699, 768, 669, 761, 781], [591, 869, 849, 978, 725, 510, 515, 587, 887, 848, 932, 682, 601, 565, 968, 661, 992, 709, 555, 983], [564, 921, 582, 916, 732, 791, 743, 570, 780, 543, 800, 907, 554, 813, 924, 746, 897, 616, 649, 854], [802, 598, 938, 674, 692, 831, 927, 610, 606, 910, 991, 819, 583, 635, 669, 942, 923, 954, 842, 964], [706, 647, 782, 831, 911, 641, 951, 876, 563, 904, 865, 671, 699, 937, 776, 726, 826, 886, 588, 716], [953, 889, 699, 880, 728, 527, 575, 768, 695, 590, 615, 519, 572, 821, 588, 774, 784, 731, 865, 930], [565, 802, 804, 645, 507, 844, 629, 631, 624, 501, 803, 521, 510, 878, 919, 633, 746, 631, 967, 506], [870, 995, 671, 903, 901, 676, 604, 955, 968, 554, 513, 996, 666, 814, 634, 700, 676, 692, 934, 872], [545, 550, 603, 567, 648, 502, 883, 515, 722, 639, 969, 596, 587, 699, 880, 657, 835, 882, 631, 678], [524, 717, 957, 558, 973, 687, 731, 712, 816, 905, 785, 834, 620, 752, 913, 858, 903, 793, 956, 757], [593, 539, 720, 801, 595, 797, 582, 941, 686, 941, 706, 975, 587, 900, 780, 870, 708, 833, 976, 996], [518, 738, 721, 712, 927, 921, 577, 722, 745, 764, 783, 947, 997, 809, 537, 940, 864, 878, 894, 870], [592, 809, 825, 955, 900, 923, 817, 768, 993, 936, 824, 743, 795, 714, 973, 847, 830, 772, 690, 602], [501, 999, 750, 600, 839, 867, 794, 766, 924, 973, 964, 539, 749, 789, 721, 712, 592, 544, 754, 754], [917, 747, 808, 650, 719, 869, 709, 850, 894, 699, 698, 660, 651, 830, 789, 603, 714, 717, 647, 879], [747, 763, 809, 817, 928, 990, 560, 794, 904, 834, 680, 772, 578, 954, 973, 589, 517, 984, 578, 783], [720, 856, 543, 647, 663, 613, 851, 788, 975, 586, 984, 597, 657, 733, 523, 591, 979, 582, 708, 823], [539, 553, 643, 730, 826, 653, 910, 795, 511, 619, 892, 512, 947, 799, 881, 970, 954, 565, 874, 510], [754, 741, 922, 699, 539, 640, 675, 682, 781, 656, 865, 727, 995, 985, 747, 731, 962, 945, 769, 614], [797, 971, 591, 911, 929, 529, 595, 909, 966, 656, 838, 532, 790, 549, 971, 612, 598, 909, 856, 968], [958, 862, 592, 545, 684, 979, 929, 887, 531, 736, 962, 991, 803, 509, 851, 704, 595, 505, 770, 727], [515, 868, 967, 697, 834, 872, 769, 776, 980, 855, 709, 910, 878, 673, 560, 983, 539, 524, 524, 950], [576, 735, 567, 579, 777, 609, 795, 769, 979, 922, 517, 535, 562, 540, 724, 673, 683, 965, 694, 886], [636, 959, 794, 621, 922, 544, 644, 896, 619, 765, 895, 724, 974, 935, 879, 686, 887, 622, 982, 544], [525, 993, 829, 764, 952, 865, 578, 715, 660, 684, 878, 704, 863, 791, 813, 712, 684, 994, 780, 628]]
Variable production cost per unit of each product in each period p: 
[[13, 13, 10, 10, 13, 13, 13, 12, 11, 13, 12, 11, 10, 12, 11, 13, 13, 13, 11, 10], [13, 10, 11, 12, 11, 13, 11, 11, 13, 11, 12, 12, 11, 10, 11, 12, 12, 11, 11, 11], [11, 12, 12, 10, 10, 13, 12, 13, 12, 13, 12, 10, 12, 12, 13, 10, 12, 11, 11, 12], [11, 12, 10, 12, 11, 13, 11, 10, 12, 12, 13, 11, 10, 12, 11, 12, 10, 10, 10, 11], [13, 10, 11, 10, 12, 12, 10, 11, 11, 10, 12, 13, 11, 13, 10, 12, 11, 10, 12, 13], [10, 13, 11, 13, 11, 12, 11, 10, 13, 10, 12, 11, 11, 11, 10, 12, 12, 12, 11, 10], [10, 13, 11, 11, 11, 11, 13, 13, 12, 12, 10, 12, 10, 10, 12, 11, 10, 10, 12, 11], [10, 10, 11, 12, 12, 11, 10, 11, 12, 11, 13, 10, 10, 13, 12, 12, 12, 10, 13, 13], [12, 11, 10, 12, 13, 11, 11, 13, 13, 13, 11, 13, 11, 11, 11, 13, 11, 12, 10, 11], [13, 10, 12, 10, 10, 11, 10, 12, 11, 11, 13, 12, 10, 11, 13, 10, 13, 10, 12, 13], [12, 10, 11, 10, 13, 10, 12, 10, 11, 10, 10, 13, 12, 10, 11, 10, 10, 13, 11, 11], [11, 12, 10, 10, 13, 13, 10, 11, 10, 12, 12, 11, 11, 12, 11, 10, 12, 13, 12, 10], [10, 11, 10, 13, 12, 11, 13, 13, 11, 11, 10, 11, 13, 12, 10, 12, 13, 10, 11, 11], [10, 10, 10, 12, 13, 11, 13, 11, 11, 12, 10, 12, 10, 13, 10, 13, 11, 12, 10, 10], [12, 11, 11, 12, 10, 10, 13, 10, 13, 11, 11, 12, 12, 12, 10, 13, 10, 11, 12, 13], [11, 11, 13, 10, 13, 12, 10, 13, 11, 10, 11, 13, 12, 13, 11, 12, 10, 13, 13, 13], [13, 12, 11, 13, 13, 10, 11, 13, 12, 13, 13, 11, 11, 10, 11, 12, 10, 12, 12, 12], [11, 12, 11, 12, 12, 10, 11, 12, 10, 10, 12, 11, 11, 11, 12, 13, 13, 12, 13, 13], [10, 10, 12, 13, 12, 11, 12, 13, 11, 13, 11, 13, 12, 11, 13, 12, 12, 13, 13, 10], [13, 13, 10, 12, 10, 13, 12, 11, 12, 12, 12, 10, 11, 12, 12, 11, 13, 12, 13, 12], [10, 13, 11, 11, 13, 13, 12, 11, 10, 12, 12, 12, 13, 11, 12, 11, 13, 12, 11, 10], [11, 13, 13, 13, 11, 11, 10, 11, 11, 12, 10, 10, 13, 12, 10, 10, 12, 13, 10, 13], [11, 13, 10, 11, 12, 12, 11, 11, 13, 13, 12, 11, 13, 10, 13, 11, 11, 10, 12, 10], [12, 13, 11, 12, 11, 12, 10, 11, 13, 11, 10, 12, 12, 13, 12, 11, 12, 10, 13, 10], [10, 11, 10, 11, 10, 10, 13, 11, 12, 12, 10, 10, 13, 13, 12, 12, 13, 10, 13, 11]]
Inventory holding cost per unit of each product by the end of each period h: 
[[5, 7, 7, 8, 6, 5, 8, 8, 5, 9, 5, 6, 7, 7, 9, 9, 9, 8, 5, 6], [7, 9, 7, 9, 9, 5, 8, 6, 9, 6, 8, 6, 6, 7, 9, 8, 5, 7, 5, 7], [8, 6, 7, 8, 8, 7, 8, 9, 8, 6, 9, 5, 9, 8, 5, 7, 8, 7, 7, 5], [6, 5, 7, 5, 6, 6, 9, 5, 7, 9, 5, 7, 5, 5, 9, 7, 5, 8, 9, 8], [6, 5, 9, 9, 6, 9, 6, 5, 5, 6, 7, 8, 5, 6, 8, 5, 6, 8, 6, 6], [9, 8, 8, 5, 9, 8, 7, 8, 8, 5, 9, 9, 8, 5, 5, 7, 6, 7, 7, 7], [7, 5, 5, 9, 9, 6, 7, 7, 8, 8, 6, 7, 6, 6, 9, 9, 6, 8, 8, 8], [9, 6, 5, 9, 5, 8, 7, 5, 9, 6, 6, 7, 6, 8, 5, 7, 8, 7, 6, 7], [9, 7, 5, 8, 9, 5, 7, 7, 5, 6, 8, 9, 6, 5, 7, 6, 7, 7, 5, 9], [8, 8, 9, 6, 7, 6, 9, 5, 6, 9, 5, 7, 6, 6, 6, 8, 7, 8, 8, 6], [6, 9, 8, 7, 8, 9, 9, 8, 8, 9, 7, 8, 9, 6, 9, 9, 7, 6, 7, 6], [6, 6, 9, 7, 8, 5, 5, 7, 9, 8, 8, 8, 5, 9, 7, 9, 9, 7, 8, 8], [7, 9, 5, 8, 9, 7, 8, 6, 9, 7, 7, 7, 9, 8, 7, 6, 9, 5, 8, 8], [6, 7, 6, 6, 6, 5, 6, 9, 7, 9, 5, 7, 6, 9, 5, 8, 8, 6, 9, 9], [9, 8, 9, 9, 5, 7, 7, 9, 5, 6, 7, 8, 5, 6, 8, 7, 6, 5, 7, 6], [6, 8, 6, 6, 5, 8, 9, 7, 9, 5, 7, 7, 5, 5, 7, 8, 9, 7, 5, 6], [8, 9, 5, 7, 7, 5, 8, 6, 5, 8, 5, 5, 7, 7, 5, 8, 7, 5, 6, 6], [6, 7, 6, 6, 9, 9, 9, 6, 5, 7, 6, 9, 8, 6, 5, 9, 5, 9, 7, 5], [5, 5, 7, 8, 9, 9, 7, 6, 6, 9, 8, 6, 9, 5, 8, 7, 7, 9, 8, 6], [7, 7, 9, 5, 8, 8, 8, 7, 7, 6, 8, 7, 9, 9, 7, 6, 8, 6, 6, 8], [9, 6, 7, 8, 8, 5, 8, 7, 6, 9, 9, 8, 8, 7, 7, 5, 5, 7, 5, 9], [6, 8, 5, 9, 9, 7, 8, 6, 7, 7, 8, 6, 5, 6, 5, 7, 5, 7, 8, 6], [9, 5, 5, 8, 6, 5, 8, 5, 8, 5, 5, 8, 9, 7, 9, 5, 8, 5, 8, 6], [6, 6, 8, 9, 5, 7, 6, 9, 6, 9, 6, 8, 7, 5, 9, 5, 5, 5, 9, 9], [5, 5, 8, 7, 6, 8, 8, 5, 5, 5, 9, 7, 5, 7, 9, 7, 7, 7, 9, 7]]
Demand for each product in each period d: 
[[35, 16, 1, 48, 31, 1, 33, 22, 4, 39, 0, 11, 29, 13, 37, 41, 19, 20, 6, 44], [18, 18, 13, 22, 31, 13, 40, 0, 43, 49, 42, 14, 17, 20, 11, 44, 43, 23, 14, 26], [34, 40, 46, 24, 7, 0, 8, 22, 7, 20, 1, 24, 46, 33, 11, 32, 36, 29, 28, 18], [14, 35, 27, 22, 30, 40, 7, 27, 12, 28, 19, 23, 44, 17, 20, 15, 26, 7, 2, 42], [0, 19, 36, 8, 24, 14, 12, 41, 46, 20, 3, 38, 16, 0, 7, 10, 29, 42, 6, 42], [7, 11, 46, 10, 43, 43, 0, 9, 31, 0, 40, 7, 34, 4, 9, 30, 41, 11, 8, 22], [35, 35, 28, 0, 22, 37, 42, 8, 6, 37, 19, 33, 39, 35, 20, 24, 42, 1, 11, 5], [16, 0, 27, 16, 40, 42, 14, 13, 25, 24, 20, 44, 49, 17, 33, 48, 5, 41, 3, 40], [14, 16, 37, 43, 2, 17, 32, 28, 2, 46, 43, 43, 45, 46, 11, 13, 14, 24, 48, 26], [1, 34, 5, 3, 26, 7, 38, 25, 11, 20, 18, 46, 30, 22, 41, 45, 7, 4, 46, 13], [5, 29, 26, 14, 45, 13, 4, 9, 45, 19, 44, 1, 34, 46, 19, 0, 10, 3, 44, 0], [29, 20, 41, 0, 18, 19, 27, 6, 44, 36, 49, 33, 3, 18, 11, 19, 8, 44, 25, 19], [0, 36, 20, 19, 22, 6, 25, 0, 33, 9, 0, 5, 30, 47, 19, 44, 18, 39, 33, 3], [0, 32, 23, 37, 19, 46, 20, 40, 17, 21, 15, 4, 31, 23, 4, 47, 39, 33, 37, 5], [43, 9, 25, 26, 47, 7, 48, 39, 33, 23, 15, 11, 49, 15, 46, 19, 10, 47, 32, 20], [33, 32, 15, 0, 25, 34, 46, 38, 43, 43, 11, 19, 3, 12, 41, 6, 35, 1, 16, 39], [11, 45, 13, 11, 13, 38, 47, 36, 14, 29, 27, 35, 48, 21, 10, 29, 35, 37, 13, 0], [2, 43, 31, 45, 0, 27, 20, 38, 33, 40, 17, 5, 24, 5, 15, 36, 0, 14, 5, 47], [1, 48, 0, 0, 23, 46, 0, 21, 48, 46, 16, 13, 10, 40, 9, 9, 43, 23, 48, 22], [10, 8, 39, 13, 21, 14, 48, 46, 31, 30, 36, 38, 12, 8, 18, 25, 27, 32, 10, 21], [26, 49, 14, 0, 49, 38, 0, 32, 28, 30, 11, 24, 33, 7, 17, 41, 19, 20, 16, 2], [30, 44, 28, 36, 0, 44, 7, 30, 35, 41, 40, 37, 39, 45, 8, 34, 25, 5, 22, 18], [9, 33, 10, 49, 18, 22, 23, 13, 39, 42, 47, 27, 46, 19, 2, 3, 24, 1, 2, 32], [13, 19, 28, 4, 45, 4, 24, 0, 30, 21, 48, 22, 1, 28, 43, 0, 44, 23, 23, 30], [12, 0, 2, 15, 19, 10, 17, 6, 25, 26, 18, 25, 2, 36, 47, 33, 42, 0, 19, 29]]
Maintenance cost in each period m: 
[22409, 18758, 21963, 21844, 21203, 20849, 20637, 20082, 19944, 20962, 19074, 19382, 19373, 22045, 19862, 20740, 20066, 21707, 19078, 22306]
Maximum capacity of the machine cmax: 
1025