Set of periods in the planning horizon T: 
25
Set of products P: 
20
Capacity reduction coefficient alpha: 
0.8
Relative decrease of capacity per set up gamma: 
0.34
Capacity reduction coefficient due to product types beta: 
[0.27, 0.32, 0.23, 0.22, 0.39, 0.32, 0.24, 0.28, 0.3, 0.23, 0.33, 0.26, 0.35, 0.24, 0.37, 0.39, 0.24, 0.31, 0.37, 0.4]
Fixed production cost of each product in each period f: 
[[616, 606, 614, 857, 635, 587, 755, 784, 508, 840, 691, 824, 558, 906, 578, 675, 540, 936, 504, 832, 845, 602, 918, 576, 513], [974, 949, 520, 809, 908, 996, 708, 529, 923, 609, 966, 944, 688, 743, 955, 809, 891, 613, 885, 642, 718, 744, 874, 915, 590], [728, 643, 881, 957, 505, 537, 811, 637, 714, 670, 866, 551, 772, 705, 936, 949, 668, 813, 942, 825, 958, 514, 886, 804, 695], [851, 599, 968, 683, 831, 934, 884, 739, 549, 677, 816, 581, 794, 713, 876, 836, 701, 732, 996, 629, 587, 570, 944, 758, 845], [554, 727, 950, 585, 742, 854, 671, 918, 742, 917, 823, 797, 711, 506, 999, 960, 655, 869, 772, 831, 631, 583, 873, 618, 675], [504, 882, 557, 730, 961, 651, 681, 621, 544, 614, 524, 521, 535, 816, 840, 503, 527, 776, 869, 755, 535, 789, 646, 553, 611], [892, 698, 819, 532, 549, 804, 819, 830, 637, 743, 974, 943, 793, 900, 734, 599, 700, 537, 545, 583, 604, 790, 801, 584, 761], [877, 860, 839, 915, 772, 943, 713, 635, 648, 516, 588, 847, 579, 791, 879, 600, 753, 547, 885, 968, 685, 530, 608, 628, 945], [950, 543, 791, 721, 604, 890, 561, 684, 658, 940, 625, 865, 836, 508, 689, 960, 972, 651, 912, 792, 887, 522, 733, 763, 712], [851, 719, 997, 943, 873, 847, 996, 639, 774, 904, 953, 964, 962, 572, 689, 876, 768, 564, 745, 962, 558, 976, 796, 552, 845], [677, 625, 577, 984, 664, 918, 583, 981, 983, 931, 728, 807, 698, 762, 936, 709, 578, 687, 586, 801, 733, 517, 706, 801, 531], [511, 872, 593, 569, 775, 738, 591, 544, 850, 983, 539, 832, 873, 785, 602, 591, 586, 789, 652, 834, 934, 768, 738, 947, 710], [918, 923, 629, 770, 532, 692, 629, 804, 680, 999, 815, 918, 508, 706, 834, 806, 839, 800, 892, 610, 685, 504, 853, 699, 601], [518, 538, 715, 879, 991, 802, 881, 538, 824, 583, 514, 901, 843, 709, 509, 924, 519, 777, 869, 598, 856, 915, 606, 868, 524], [821, 623, 673, 571, 916, 994, 903, 733, 851, 631, 550, 751, 566, 937, 582, 819, 995, 893, 693, 828, 831, 804, 930, 653, 729], [950, 645, 978, 857, 649, 753, 791, 739, 925, 739, 517, 605, 510, 952, 568, 794, 525, 979, 577, 808, 625, 944, 754, 527, 867], [585, 506, 972, 693, 840, 933, 776, 755, 625, 844, 684, 778, 803, 811, 538, 526, 894, 770, 514, 824, 692, 896, 707, 661, 777], [605, 898, 528, 880, 840, 597, 742, 772, 874, 887, 632, 907, 913, 883, 609, 963, 999, 621, 869, 710, 914, 745, 711, 936, 725], [897, 588, 887, 983, 959, 748, 500, 671, 593, 642, 990, 605, 683, 811, 539, 669, 670, 753, 633, 897, 942, 942, 523, 691, 742], [964, 767, 749, 831, 543, 512, 960, 940, 713, 733, 847, 908, 645, 685, 632, 639, 526, 524, 624, 531, 567, 530, 703, 938, 969]]
Variable production cost per unit of each product in each period p: 
[[11, 10, 12, 10, 11, 13, 11, 10, 11, 10, 12, 11, 11, 12, 10, 13, 11, 10, 11, 12, 10, 12, 12, 10, 13], [10, 12, 10, 12, 11, 10, 12, 11, 11, 10, 11, 13, 10, 13, 12, 11, 10, 13, 12, 13, 12, 10, 11, 10, 12], [10, 10, 11, 13, 10, 13, 13, 12, 13, 11, 10, 10, 10, 11, 13, 11, 12, 10, 10, 10, 10, 12, 10, 11, 13], [11, 10, 11, 10, 10, 12, 12, 13, 11, 11, 11, 12, 10, 10, 10, 13, 11, 12, 11, 12, 12, 11, 10, 12, 12], [12, 11, 12, 12, 13, 11, 11, 11, 12, 12, 12, 11, 12, 11, 11, 10, 12, 13, 13, 13, 11, 12, 10, 13, 12], [11, 11, 11, 10, 11, 10, 11, 12, 13, 12, 12, 12, 10, 13, 13, 12, 11, 12, 10, 10, 10, 11, 13, 10, 13], [10, 12, 10, 11, 13, 13, 13, 10, 11, 10, 10, 13, 12, 10, 13, 12, 11, 13, 13, 10, 12, 13, 12, 12, 12], [12, 13, 10, 10, 11, 13, 12, 13, 13, 11, 10, 13, 13, 13, 11, 10, 11, 12, 10, 11, 12, 11, 13, 11, 11], [12, 11, 12, 11, 11, 11, 13, 12, 10, 10, 12, 10, 11, 13, 12, 10, 10, 11, 11, 13, 10, 10, 11, 12, 10], [13, 11, 10, 13, 12, 13, 11, 12, 12, 12, 12, 10, 10, 10, 10, 11, 13, 13, 11, 11, 11, 10, 12, 11, 12], [12, 12, 12, 13, 13, 10, 10, 13, 13, 10, 12, 11, 11, 10, 10, 13, 10, 13, 11, 13, 10, 12, 13, 11, 12], [11, 10, 11, 13, 12, 11, 11, 12, 12, 11, 11, 13, 10, 11, 12, 13, 11, 13, 12, 12, 12, 13, 10, 12, 13], [12, 13, 13, 12, 13, 11, 10, 13, 13, 11, 11, 13, 11, 10, 12, 12, 13, 11, 11, 11, 10, 12, 12, 12, 13], [10, 12, 11, 13, 13, 13, 12, 10, 12, 10, 10, 11, 11, 12, 10, 12, 11, 11, 12, 11, 13, 10, 10, 13, 10], [11, 12, 11, 12, 10, 13, 13, 10, 11, 10, 12, 12, 12, 11, 13, 11, 10, 10, 12, 12, 11, 13, 11, 13, 11], [13, 13, 11, 11, 11, 12, 10, 12, 11, 10, 11, 13, 13, 11, 10, 13, 11, 11, 11, 10, 13, 11, 12, 11, 10], [10, 11, 10, 10, 10, 11, 12, 12, 13, 13, 12, 11, 11, 12, 12, 13, 13, 12, 11, 12, 13, 10, 10, 13, 10], [10, 12, 10, 12, 13, 13, 12, 10, 10, 12, 11, 13, 11, 11, 10, 13, 12, 13, 10, 12, 12, 10, 12, 12, 12], [10, 12, 11, 11, 12, 11, 12, 10, 11, 11, 12, 11, 11, 11, 13, 12, 13, 13, 12, 10, 10, 13, 11, 10, 11], [12, 10, 13, 11, 12, 13, 13, 13, 12, 11, 13, 10, 12, 13, 10, 10, 11, 10, 10, 13, 11, 12, 12, 11, 10]]
Inventory holding cost per unit of each product by the end of each period h: 
[[7, 8, 7, 6, 7, 8, 7, 5, 8, 6, 8, 8, 5, 5, 6, 5, 6, 8, 9, 6, 8, 8, 8, 9, 9], [9, 8, 8, 5, 5, 8, 9, 7, 5, 6, 6, 8, 9, 8, 8, 9, 8, 5, 7, 9, 9, 7, 6, 7, 6], [8, 9, 5, 6, 8, 8, 8, 6, 5, 9, 9, 9, 9, 6, 7, 8, 6, 5, 7, 6, 6, 8, 5, 8, 8], [9, 6, 6, 8, 8, 6, 6, 8, 6, 8, 8, 6, 9, 7, 9, 7, 8, 7, 6, 9, 8, 5, 9, 9, 9], [8, 5, 8, 6, 8, 6, 6, 9, 5, 5, 8, 9, 8, 9, 9, 6, 6, 5, 7, 7, 6, 7, 6, 8, 8], [5, 6, 9, 6, 6, 8, 8, 7, 5, 7, 9, 7, 6, 6, 6, 8, 9, 5, 5, 9, 8, 7, 5, 7, 7], [6, 8, 7, 7, 7, 6, 8, 7, 9, 6, 8, 5, 5, 7, 9, 9, 6, 5, 9, 6, 8, 6, 9, 8, 5], [6, 7, 6, 5, 8, 6, 7, 9, 6, 5, 6, 5, 7, 7, 9, 5, 8, 8, 5, 6, 7, 8, 8, 9, 5], [9, 5, 9, 8, 8, 9, 5, 5, 9, 9, 9, 8, 5, 6, 7, 6, 6, 9, 8, 7, 9, 7, 6, 9, 6], [9, 8, 8, 6, 7, 8, 7, 6, 6, 6, 8, 6, 6, 7, 8, 9, 8, 5, 6, 8, 8, 9, 6, 6, 5], [9, 9, 6, 6, 7, 5, 8, 9, 5, 7, 9, 9, 9, 8, 7, 5, 6, 7, 6, 9, 5, 8, 5, 8, 6], [8, 7, 9, 7, 8, 8, 5, 8, 7, 8, 7, 6, 8, 8, 5, 9, 6, 8, 8, 7, 6, 8, 5, 6, 8], [7, 9, 9, 5, 6, 5, 8, 6, 9, 7, 6, 6, 9, 8, 8, 7, 5, 9, 6, 8, 5, 7, 5, 9, 9], [6, 5, 6, 6, 9, 6, 7, 8, 5, 5, 7, 9, 8, 7, 9, 8, 8, 9, 9, 7, 7, 8, 7, 7, 8], [6, 8, 9, 5, 8, 7, 5, 9, 5, 7, 5, 8, 6, 6, 9, 7, 5, 7, 6, 9, 5, 8, 8, 6, 6], [8, 6, 7, 8, 8, 7, 6, 6, 7, 6, 8, 7, 7, 7, 9, 9, 5, 8, 8, 6, 7, 5, 6, 5, 7], [8, 5, 8, 8, 9, 9, 7, 6, 7, 5, 7, 7, 5, 8, 9, 7, 5, 9, 9, 5, 5, 7, 8, 8, 8], [6, 7, 7, 5, 9, 7, 5, 9, 7, 6, 7, 7, 6, 6, 7, 5, 5, 9, 5, 5, 5, 6, 7, 6, 5], [9, 7, 9, 6, 8, 8, 6, 9, 7, 8, 6, 8, 6, 8, 9, 8, 6, 6, 7, 9, 9, 5, 7, 7, 6], [9, 7, 7, 5, 8, 8, 5, 5, 8, 8, 7, 7, 8, 6, 8, 9, 6, 7, 7, 8, 7, 5, 9, 6, 9]]
Demand for each product in each period d: 
[[24, 28, 8, 0, 45, 21, 43, 1, 26, 33, 3, 8, 23, 40, 41, 12, 9, 21, 47, 8, 15, 26, 23, 12, 36], [49, 5, 9, 30, 0, 3, 7, 33, 49, 11, 1, 23, 40, 33, 32, 39, 48, 47, 20, 13, 48, 3, 47, 0, 18], [41, 41, 6, 5, 18, 39, 34, 35, 0, 21, 33, 37, 0, 37, 20, 3, 37, 41, 23, 3, 24, 20, 40, 17, 36], [32, 33, 0, 10, 49, 0, 45, 14, 47, 16, 9, 6, 15, 11, 27, 41, 0, 28, 43, 25, 20, 11, 24, 37, 16], [28, 41, 44, 41, 0, 15, 23, 11, 37, 9, 5, 39, 48, 0, 28, 6, 18, 23, 33, 28, 40, 17, 25, 37, 34], [0, 40, 37, 11, 26, 36, 17, 30, 0, 43, 0, 26, 39, 31, 48, 36, 35, 23, 38, 42, 2, 8, 39, 14, 5], [37, 28, 3, 48, 29, 43, 32, 8, 8, 34, 21, 26, 44, 16, 23, 31, 43, 7, 31, 38, 45, 8, 29, 0, 49], [2, 16, 22, 33, 3, 35, 30, 3, 13, 46, 35, 49, 41, 10, 29, 36, 33, 25, 49, 40, 7, 17, 0, 7, 19], [20, 24, 0, 27, 47, 11, 29, 44, 40, 7, 0, 34, 6, 0, 19, 48, 22, 45, 49, 27, 44, 23, 0, 23, 28], [19, 36, 0, 0, 30, 25, 33, 0, 34, 37, 48, 15, 35, 9, 28, 15, 26, 0, 21, 45, 8, 32, 22, 37, 18], [35, 43, 13, 24, 13, 0, 33, 37, 30, 28, 7, 4, 22, 4, 32, 41, 2, 17, 13, 12, 8, 16, 8, 1, 49], [15, 6, 11, 24, 2, 44, 31, 48, 46, 44, 20, 27, 24, 46, 5, 14, 24, 37, 40, 45, 29, 21, 38, 11, 21], [1, 0, 38, 22, 26, 45, 19, 47, 7, 13, 43, 38, 0, 8, 44, 2, 19, 26, 42, 48, 34, 29, 31, 6, 6], [24, 19, 36, 26, 19, 40, 36, 27, 0, 0, 44, 28, 41, 48, 14, 16, 18, 46, 35, 38, 42, 38, 10, 42, 34], [42, 27, 2, 2, 5, 28, 48, 45, 36, 28, 34, 22, 7, 9, 6, 12, 28, 24, 32, 36, 22, 41, 28, 7, 13], [7, 6, 33, 42, 11, 34, 0, 43, 25, 18, 25, 10, 20, 0, 30, 27, 23, 11, 9, 45, 29, 35, 21, 46, 43], [15, 12, 17, 4, 9, 37, 10, 2, 19, 45, 27, 8, 32, 4, 35, 24, 30, 1, 31, 14, 40, 6, 44, 9, 3], [4, 27, 45, 24, 45, 21, 45, 34, 26, 32, 23, 13, 49, 8, 21, 0, 49, 21, 0, 32, 21, 47, 19, 29, 28], [0, 28, 36, 30, 48, 27, 49, 42, 39, 31, 0, 41, 4, 35, 28, 42, 15, 46, 21, 35, 9, 21, 22, 12, 11], [2, 44, 10, 42, 6, 10, 30, 5, 0, 1, 29, 31, 33, 18, 47, 0, 17, 27, 31, 31, 49, 19, 45, 45, 0]]
Maintenance cost in each period m: 
[5327, 6032, 3799, 4770, 2814, 3111, 4904, 5166, 3772, 5390, 5367, 4417, 5958, 3649, 3841, 3218, 2831, 6416, 5381, 4715, 3549, 3264, 6038, 6202, 4800]
Maximum capacity of the machine cmax: 
940