Set of periods in the planning horizon T: 
25
Set of products P: 
100
Capacity reduction coefficient alpha: 
0.8
Relative decrease of capacity per set up gamma: 
0.29
Capacity reduction coefficient due to product types beta: 
[0.25, 0.29, 0.28, 0.21, 0.35, 0.36, 0.27, 0.4, 0.38, 0.21, 0.38, 0.37, 0.37, 0.35, 0.33, 0.34, 0.33, 0.3, 0.21, 0.27, 0.25, 0.27, 0.24, 0.3, 0.38, 0.27, 0.32, 0.24, 0.27, 0.23, 0.24, 0.24, 0.32, 0.25, 0.26, 0.23, 0.27, 0.29, 0.24, 0.21, 0.21, 0.28, 0.3, 0.38, 0.28, 0.26, 0.22, 0.26, 0.2, 0.29, 0.23, 0.29, 0.39, 0.21, 0.21, 0.28, 0.32, 0.37, 0.37, 0.3, 0.39, 0.22, 0.29, 0.3, 0.39, 0.29, 0.33, 0.21, 0.35, 0.21, 0.2, 0.34, 0.29, 0.29, 0.3, 0.22, 0.31, 0.28, 0.39, 0.26, 0.31, 0.22, 0.37, 0.27, 0.35, 0.32, 0.35, 0.26, 0.33, 0.27, 0.3, 0.39, 0.22, 0.25, 0.3, 0.24, 0.25, 0.23, 0.36, 0.25]
Fixed production cost of each product in each period f: 
[[918, 912, 806, 551, 677, 875, 557, 680, 683, 768, 539, 554, 706, 541, 841, 505, 964, 625, 930, 920, 541, 637, 931, 724, 763], [663, 860, 934, 721, 784, 584, 902, 954, 502, 751, 856, 745, 599, 757, 881, 934, 505, 947, 537, 726, 592, 849, 823, 723, 973], [885, 613, 550, 997, 858, 603, 772, 568, 557, 710, 660, 712, 754, 698, 606, 855, 893, 986, 581, 530, 881, 875, 992, 767, 605], [670, 743, 790, 636, 958, 564, 749, 810, 525, 887, 873, 608, 984, 505, 696, 572, 565, 980, 520, 745, 987, 553, 997, 562, 524], [885, 704, 911, 909, 865, 930, 521, 798, 814, 963, 561, 608, 612, 552, 615, 933, 856, 580, 849, 513, 603, 572, 570, 663, 984], [571, 619, 942, 750, 745, 603, 879, 738, 818, 629, 637, 639, 655, 744, 849, 893, 636, 754, 646, 557, 708, 767, 793, 841, 793], [972, 645, 964, 731, 663, 723, 513, 656, 825, 524, 604, 566, 924, 762, 880, 896, 632, 566, 514, 983, 613, 815, 796, 682, 938], [595, 549, 945, 585, 624, 533, 810, 797, 563, 966, 990, 808, 610, 880, 560, 568, 505, 789, 946, 937, 538, 775, 884, 554, 536], [794, 568, 615, 542, 594, 815, 945, 722, 532, 575, 597, 565, 692, 947, 748, 788, 517, 959, 531, 626, 869, 715, 825, 768, 721], [856, 800, 692, 641, 847, 775, 632, 911, 522, 666, 752, 588, 835, 602, 820, 564, 533, 752, 941, 986, 986, 537, 797, 559, 861], [974, 799, 764, 753, 974, 621, 609, 555, 628, 513, 991, 987, 650, 534, 653, 823, 553, 994, 694, 800, 885, 634, 898, 735, 747], [623, 659, 826, 519, 879, 563, 573, 790, 532, 646, 872, 803, 552, 869, 666, 575, 777, 989, 567, 828, 749, 725, 688, 906, 902], [809, 626, 933, 825, 706, 965, 680, 564, 733, 640, 795, 959, 631, 789, 751, 578, 779, 897, 794, 744, 558, 882, 641, 602, 623], [908, 653, 729, 621, 957, 531, 597, 804, 563, 766, 835, 731, 903, 762, 857, 840, 981, 669, 918, 962, 957, 683, 950, 957, 772], [652, 745, 517, 573, 760, 830, 622, 666, 693, 905, 651, 674, 534, 719, 828, 645, 996, 847, 651, 743, 516, 625, 512, 999, 546], [564, 572, 651, 911, 664, 545, 552, 655, 717, 784, 766, 875, 985, 902, 536, 785, 536, 657, 615, 932, 521, 847, 596, 877, 866], [690, 964, 908, 684, 990, 604, 908, 810, 694, 744, 717, 981, 794, 720, 770, 721, 814, 522, 826, 627, 571, 524, 828, 842, 661], [639, 877, 826, 903, 782, 806, 801, 969, 986, 751, 738, 508, 738, 707, 838, 975, 600, 583, 608, 678, 698, 820, 524, 628, 746], [812, 603, 909, 537, 916, 727, 577, 969, 708, 548, 531, 744, 588, 752, 938, 885, 785, 692, 785, 799, 674, 528, 855, 887, 792], [744, 811, 596, 904, 561, 541, 973, 550, 939, 990, 746, 557, 906, 615, 607, 722, 609, 958, 839, 632, 900, 761, 572, 750, 984], [578, 763, 832, 852, 600, 532, 712, 986, 503, 571, 665, 858, 794, 583, 529, 917, 729, 764, 670, 935, 783, 582, 814, 998, 797], [779, 846, 875, 883, 529, 656, 783, 965, 767, 985, 700, 924, 875, 754, 934, 541, 508, 574, 808, 802, 992, 586, 803, 645, 590], [592, 775, 597, 943, 767, 846, 873, 768, 510, 697, 767, 581, 647, 803, 897, 599, 738, 921, 540, 648, 887, 527, 539, 987, 918], [784, 826, 606, 939, 694, 652, 824, 983, 661, 646, 902, 522, 556, 745, 796, 923, 882, 765, 646, 517, 840, 737, 710, 886, 652], [889, 635, 531, 583, 938, 549, 810, 647, 529, 505, 826, 678, 630, 854, 601, 762, 954, 971, 958, 770, 722, 719, 844, 932, 511], [725, 584, 683, 972, 931, 574, 509, 888, 504, 848, 587, 935, 793, 625, 878, 716, 563, 557, 737, 896, 564, 998, 836, 774, 706], [555, 964, 987, 708, 794, 909, 702, 976, 558, 801, 687, 753, 808, 652, 630, 796, 829, 605, 730, 712, 741, 877, 995, 692, 824], [952, 911, 739, 897, 891, 619, 694, 521, 992, 567, 571, 843, 534, 707, 550, 995, 751, 505, 645, 824, 819, 710, 842, 769, 822], [651, 680, 718, 630, 709, 948, 763, 662, 908, 940, 834, 762, 908, 811, 933, 901, 762, 799, 959, 967, 661, 523, 904, 511, 682], [619, 744, 580, 924, 654, 630, 629, 970, 829, 713, 561, 617, 802, 803, 624, 534, 512, 749, 684, 777, 536, 516, 931, 551, 845], [575, 827, 516, 552, 658, 970, 887, 793, 696, 608, 545, 933, 759, 843, 976, 608, 725, 640, 990, 737, 645, 716, 815, 722, 912], [569, 629, 517, 829, 917, 637, 831, 587, 927, 571, 924, 772, 776, 536, 759, 911, 958, 624, 548, 707, 702, 773, 844, 600, 757], [989, 978, 814, 812, 773, 919, 811, 974, 679, 864, 694, 584, 958, 991, 597, 638, 950, 743, 767, 985, 552, 651, 984, 632, 593], [585, 886, 960, 540, 732, 640, 862, 601, 833, 793, 896, 868, 722, 770, 960, 985, 534, 711, 648, 856, 816, 554, 634, 760, 582], [552, 638, 997, 959, 708, 682, 654, 949, 568, 783, 603, 912, 546, 676, 500, 616, 792, 681, 971, 722, 841, 610, 831, 612, 836], [957, 989, 614, 946, 670, 637, 803, 648, 943, 884, 965, 692, 640, 968, 936, 936, 939, 859, 587, 806, 636, 582, 741, 658, 558], [878, 589, 934, 527, 824, 541, 620, 717, 869, 638, 561, 657, 895, 703, 821, 643, 522, 785, 828, 897, 671, 722, 721, 548, 572], [725, 809, 634, 718, 717, 999, 832, 863, 616, 768, 936, 962, 638, 668, 707, 939, 893, 898, 616, 781, 578, 595, 748, 887, 764], [583, 870, 616, 649, 828, 554, 759, 935, 663, 665, 645, 602, 733, 957, 804, 862, 506, 701, 612, 934, 993, 970, 707, 556, 837], [866, 945, 815, 678, 599, 592, 840, 892, 709, 611, 999, 805, 905, 842, 653, 616, 665, 987, 740, 953, 687, 659, 863, 720, 535], [675, 868, 830, 718, 867, 679, 627, 704, 837, 623, 566, 734, 833, 917, 740, 624, 823, 941, 826, 551, 541, 677, 554, 830, 798], [891, 552, 665, 670, 617, 728, 742, 520, 686, 525, 693, 803, 724, 697, 617, 552, 835, 946, 717, 814, 906, 594, 848, 610, 825], [800, 888, 934, 948, 884, 956, 821, 837, 895, 712, 655, 933, 721, 976, 546, 546, 775, 865, 794, 740, 524, 739, 858, 889, 867], [907, 790, 652, 725, 872, 586, 781, 882, 636, 790, 509, 940, 706, 500, 770, 778, 834, 599, 526, 707, 517, 550, 617, 547, 529], [967, 615, 955, 668, 608, 915, 619, 574, 930, 684, 793, 559, 985, 574, 502, 992, 592, 644, 988, 536, 890, 535, 585, 563, 987], [530, 801, 863, 777, 583, 904, 674, 880, 842, 793, 534, 780, 871, 944, 603, 763, 568, 831, 866, 844, 519, 910, 531, 512, 797], [687, 930, 788, 794, 976, 901, 537, 527, 782, 564, 919, 722, 965, 702, 881, 815, 740, 684, 545, 500, 714, 635, 589, 848, 772], [619, 879, 999, 901, 577, 572, 723, 920, 627, 804, 638, 867, 594, 593, 746, 565, 821, 714, 615, 713, 877, 865, 840, 590, 654], [820, 611, 973, 824, 807, 649, 923, 745, 912, 875, 702, 633, 732, 668, 823, 693, 957, 984, 793, 505, 517, 769, 584, 568, 812], [963, 953, 840, 878, 923, 668, 968, 614, 861, 884, 896, 644, 637, 501, 917, 610, 997, 871, 912, 742, 692, 892, 750, 915, 791], [873, 803, 527, 722, 570, 973, 907, 998, 691, 997, 617, 897, 638, 755, 714, 814, 747, 603, 567, 575, 906, 809, 506, 784, 960], [830, 641, 523, 713, 931, 771, 715, 826, 622, 554, 525, 798, 606, 650, 622, 774, 924, 741, 990, 882, 745, 869, 789, 593, 789], [628, 990, 651, 691, 903, 843, 938, 880, 677, 531, 612, 963, 938, 791, 854, 550, 751, 659, 863, 654, 796, 576, 536, 843, 971], [702, 895, 678, 733, 510, 502, 612, 922, 787, 763, 538, 601, 977, 990, 956, 838, 631, 904, 560, 610, 693, 950, 545, 817, 967], [695, 994, 801, 978, 595, 560, 961, 982, 597, 836, 957, 570, 559, 748, 868, 947, 516, 753, 796, 665, 940, 877, 715, 935, 822], [508, 787, 561, 713, 826, 816, 549, 901, 706, 636, 542, 815, 930, 916, 590, 660, 742, 877, 782, 995, 950, 970, 523, 643, 763], [907, 620, 764, 611, 828, 724, 643, 628, 699, 870, 550, 880, 615, 605, 628, 937, 697, 763, 587, 897, 715, 813, 656, 941, 599], [810, 536, 628, 995, 938, 536, 645, 948, 762, 865, 669, 592, 679, 925, 636, 901, 929, 919, 840, 592, 832, 930, 762, 596, 629], [595, 747, 636, 622, 836, 732, 872, 720, 965, 868, 680, 783, 563, 518, 735, 546, 960, 679, 850, 859, 875, 781, 932, 815, 844], [901, 962, 742, 823, 736, 833, 712, 704, 599, 512, 607, 791, 761, 789, 860, 863, 739, 560, 806, 765, 890, 583, 518, 855, 846], [625, 827, 601, 771, 692, 667, 629, 953, 796, 812, 835, 756, 591, 824, 595, 578, 564, 732, 635, 757, 961, 650, 896, 979, 643], [920, 727, 546, 760, 796, 924, 877, 870, 839, 616, 832, 868, 801, 822, 635, 754, 936, 866, 826, 542, 876, 788, 886, 705, 681], [765, 892, 635, 708, 986, 866, 984, 795, 857, 952, 989, 706, 746, 909, 947, 637, 616, 684, 815, 663, 783, 853, 718, 892, 631], [598, 975, 896, 681, 986, 874, 836, 868, 917, 781, 990, 825, 655, 860, 815, 934, 968, 683, 662, 679, 723, 849, 654, 909, 645], [537, 509, 836, 503, 687, 873, 667, 855, 661, 998, 919, 924, 565, 803, 583, 808, 758, 774, 720, 666, 777, 629, 930, 535, 655], [621, 927, 887, 883, 621, 633, 697, 845, 558, 996, 957, 587, 901, 592, 619, 668, 812, 617, 533, 892, 695, 545, 974, 962, 812], [897, 953, 971, 886, 866, 895, 965, 703, 726, 708, 941, 579, 510, 768, 635, 838, 601, 646, 594, 921, 634, 667, 720, 968, 506], [651, 986, 908, 609, 868, 795, 897, 627, 814, 611, 877, 855, 500, 922, 688, 514, 506, 595, 651, 510, 852, 520, 673, 881, 975], [734, 847, 994, 998, 548, 545, 968, 577, 612, 979, 729, 567, 884, 556, 911, 706, 593, 539, 618, 667, 611, 588, 528, 722, 822], [777, 686, 747, 932, 742, 530, 809, 998, 642, 782, 888, 561, 770, 799, 945, 509, 621, 820, 729, 628, 699, 817, 836, 576, 703], [692, 714, 837, 732, 798, 754, 509, 854, 697, 519, 780, 553, 765, 643, 667, 711, 871, 986, 643, 860, 552, 544, 965, 819, 697], [916, 576, 601, 735, 957, 905, 619, 885, 846, 507, 753, 707, 969, 964, 508, 886, 808, 523, 885, 867, 771, 917, 941, 951, 756], [552, 642, 979, 749, 949, 944, 752, 654, 551, 678, 625, 725, 659, 505, 575, 546, 856, 511, 733, 545, 858, 878, 712, 624, 972], [730, 885, 883, 600, 508, 796, 705, 822, 930, 611, 599, 808, 929, 629, 507, 646, 752, 654, 981, 739, 808, 844, 689, 612, 623], [663, 741, 604, 533, 869, 573, 666, 862, 998, 926, 527, 886, 577, 532, 948, 829, 820, 768, 517, 860, 712, 540, 780, 643, 690], [586, 803, 603, 766, 731, 598, 872, 915, 907, 832, 961, 780, 701, 519, 812, 604, 988, 568, 708, 926, 846, 971, 754, 959, 873], [618, 874, 615, 566, 643, 889, 741, 732, 789, 516, 871, 851, 546, 715, 916, 821, 505, 824, 978, 925, 575, 815, 569, 710, 596], [689, 815, 674, 972, 804, 745, 535, 919, 940, 604, 509, 952, 946, 723, 836, 543, 850, 932, 980, 748, 906, 768, 930, 950, 599], [962, 957, 862, 708, 644, 950, 500, 561, 790, 620, 794, 568, 933, 732, 673, 865, 944, 994, 819, 785, 522, 602, 856, 812, 704], [540, 531, 757, 666, 959, 620, 815, 763, 843, 646, 989, 858, 558, 963, 828, 585, 743, 574, 738, 900, 665, 613, 533, 523, 865], [924, 853, 890, 786, 735, 600, 975, 727, 604, 514, 882, 630, 542, 925, 711, 528, 999, 745, 769, 540, 606, 780, 568, 787, 847], [801, 656, 898, 969, 709, 834, 766, 544, 903, 592, 651, 710, 621, 640, 811, 701, 778, 846, 617, 769, 861, 859, 635, 918, 838], [554, 523, 525, 914, 780, 877, 608, 643, 925, 938, 531, 996, 878, 904, 982, 804, 807, 787, 795, 800, 869, 506, 682, 576, 770], [864, 672, 920, 554, 581, 749, 644, 614, 648, 862, 613, 605, 604, 696, 877, 920, 763, 788, 809, 979, 926, 814, 568, 500, 818], [818, 786, 993, 577, 536, 702, 906, 765, 657, 963, 965, 740, 913, 510, 692, 500, 528, 963, 967, 620, 549, 996, 666, 907, 623], [582, 563, 851, 855, 757, 856, 832, 701, 886, 538, 991, 673, 655, 824, 826, 893, 980, 758, 831, 575, 774, 691, 700, 730, 526], [556, 899, 987, 638, 834, 693, 512, 549, 874, 843, 610, 540, 548, 859, 995, 723, 959, 621, 668, 996, 807, 706, 545, 656, 877], [709, 768, 898, 853, 762, 922, 591, 888, 618, 672, 695, 544, 998, 814, 887, 987, 745, 953, 510, 684, 706, 803, 726, 726, 834], [833, 613, 517, 724, 818, 937, 789, 598, 516, 515, 848, 835, 561, 633, 710, 745, 850, 902, 882, 808, 615, 816, 573, 733, 797], [596, 594, 716, 969, 765, 834, 584, 818, 652, 559, 696, 555, 921, 964, 918, 844, 842, 795, 976, 671, 928, 927, 794, 911, 541], [608, 643, 714, 624, 817, 801, 758, 740, 580, 609, 569, 740, 706, 749, 855, 567, 820, 513, 950, 937, 963, 557, 883, 541, 876], [785, 732, 573, 643, 635, 655, 908, 766, 500, 912, 713, 985, 562, 506, 903, 659, 896, 929, 840, 884, 779, 641, 540, 566, 752], [702, 726, 957, 687, 528, 939, 533, 850, 895, 689, 972, 826, 847, 617, 801, 581, 891, 942, 973, 827, 571, 763, 903, 805, 892], [808, 728, 839, 619, 677, 528, 544, 659, 832, 720, 797, 987, 654, 698, 950, 521, 787, 569, 946, 638, 567, 765, 629, 772, 845], [927, 965, 517, 584, 509, 975, 765, 553, 762, 962, 915, 665, 931, 558, 929, 791, 598, 574, 773, 832, 924, 860, 604, 603, 886], [867, 608, 573, 949, 887, 586, 790, 886, 956, 614, 842, 862, 914, 980, 538, 979, 958, 898, 564, 711, 732, 781, 893, 849, 576], [937, 585, 621, 762, 763, 832, 900, 853, 542, 804, 949, 641, 974, 645, 781, 892, 548, 639, 924, 592, 686, 989, 536, 647, 975], [704, 506, 937, 643, 873, 747, 734, 782, 967, 809, 798, 781, 655, 661, 982, 514, 656, 952, 753, 807, 868, 595, 946, 971, 773], [855, 954, 918, 757, 693, 563, 930, 832, 568, 975, 685, 995, 928, 580, 866, 980, 732, 515, 651, 923, 657, 907, 928, 915, 570], [860, 667, 792, 649, 953, 679, 957, 508, 908, 697, 530, 557, 593, 999, 789, 865, 725, 986, 599, 819, 932, 766, 863, 655, 815]]
Variable production cost per unit of each product in each period p: 
[[10, 11, 13, 12, 13, 13, 12, 10, 13, 11, 13, 12, 10, 11, 10, 12, 12, 12, 12, 12, 10, 13, 10, 11, 12], [10, 10, 12, 12, 11, 13, 11, 13, 11, 13, 12, 11, 10, 12, 11, 10, 11, 10, 12, 13, 13, 11, 12, 10, 11], [11, 10, 13, 13, 10, 11, 11, 13, 10, 13, 12, 12, 11, 13, 13, 11, 12, 10, 12, 11, 12, 11, 11, 12, 13], [11, 10, 12, 13, 11, 10, 10, 12, 13, 12, 10, 10, 10, 12, 13, 10, 13, 13, 13, 10, 11, 12, 13, 11, 12], [13, 12, 11, 10, 10, 10, 11, 12, 12, 10, 11, 10, 11, 10, 13, 12, 10, 11, 11, 10, 11, 11, 13, 12, 12], [12, 12, 11, 11, 12, 13, 11, 12, 10, 10, 13, 13, 11, 12, 12, 10, 13, 12, 10, 11, 10, 12, 13, 13, 12], [13, 12, 12, 13, 13, 11, 11, 12, 10, 13, 13, 10, 13, 11, 10, 11, 10, 11, 11, 11, 11, 12, 10, 12, 11], [11, 13, 10, 12, 13, 13, 11, 11, 10, 10, 13, 10, 12, 10, 12, 12, 12, 13, 12, 10, 10, 13, 13, 11, 13], [10, 10, 13, 10, 12, 13, 13, 11, 10, 11, 13, 13, 11, 12, 12, 13, 12, 13, 10, 11, 10, 11, 13, 12, 13], [11, 10, 11, 10, 11, 13, 10, 13, 12, 13, 13, 12, 11, 10, 10, 12, 12, 10, 12, 12, 10, 12, 11, 13, 12], [13, 11, 12, 10, 11, 11, 13, 12, 10, 11, 13, 10, 12, 12, 11, 12, 13, 10, 12, 13, 11, 13, 12, 11, 12], [10, 10, 11, 13, 12, 13, 12, 12, 12, 10, 10, 12, 10, 13, 12, 12, 10, 11, 11, 13, 13, 11, 12, 12, 10], [10, 13, 12, 11, 13, 11, 12, 10, 12, 13, 12, 10, 12, 11, 13, 12, 13, 10, 12, 13, 11, 11, 10, 12, 12], [10, 13, 12, 10, 11, 12, 11, 11, 11, 13, 10, 12, 11, 12, 13, 11, 13, 11, 13, 11, 13, 13, 10, 12, 11], [13, 13, 11, 13, 11, 12, 11, 13, 10, 13, 10, 11, 10, 13, 13, 11, 13, 12, 12, 13, 10, 12, 13, 11, 11], [10, 10, 11, 11, 13, 12, 11, 11, 10, 10, 10, 12, 13, 10, 12, 13, 11, 10, 11, 13, 12, 10, 11, 10, 13], [10, 11, 11, 13, 12, 10, 12, 13, 11, 13, 13, 13, 12, 13, 11, 10, 13, 11, 10, 10, 10, 13, 13, 12, 10], [13, 10, 12, 11, 12, 13, 10, 10, 11, 13, 13, 12, 11, 10, 12, 12, 13, 12, 11, 11, 11, 12, 10, 12, 11], [13, 13, 11, 12, 11, 13, 11, 10, 13, 10, 13, 10, 12, 13, 13, 13, 13, 10, 11, 13, 12, 11, 11, 13, 13], [11, 13, 10, 12, 12, 13, 10, 13, 10, 12, 12, 10, 10, 12, 10, 12, 10, 11, 11, 10, 11, 11, 11, 12, 11], [13, 12, 11, 13, 10, 12, 12, 12, 13, 10, 11, 11, 13, 11, 10, 10, 13, 10, 11, 13, 13, 12, 12, 12, 13], [11, 10, 12, 10, 10, 12, 13, 11, 10, 10, 13, 12, 12, 11, 13, 11, 13, 10, 13, 10, 10, 13, 11, 12, 12], [11, 11, 12, 11, 13, 11, 11, 10, 11, 10, 12, 13, 12, 10, 11, 11, 12, 12, 11, 13, 11, 10, 12, 13, 12], [11, 12, 12, 12, 11, 12, 10, 10, 11, 11, 12, 10, 13, 12, 12, 11, 11, 10, 11, 12, 12, 10, 10, 11, 12], [12, 13, 12, 10, 12, 12, 10, 11, 13, 10, 10, 13, 13, 12, 13, 13, 11, 13, 11, 10, 10, 10, 11, 13, 12], [13, 13, 10, 10, 12, 11, 12, 10, 10, 10, 12, 11, 11, 11, 10, 10, 13, 12, 13, 10, 11, 13, 11, 11, 10], [13, 12, 13, 13, 13, 13, 12, 13, 13, 13, 11, 10, 13, 10, 13, 11, 12, 13, 12, 13, 11, 12, 10, 10, 12], [13, 13, 10, 10, 12, 13, 13, 10, 10, 10, 11, 13, 12, 11, 11, 12, 10, 13, 10, 10, 13, 12, 12, 10, 11], [13, 12, 12, 10, 11, 11, 12, 10, 11, 10, 10, 11, 11, 10, 12, 11, 12, 11, 10, 10, 10, 10, 11, 11, 11], [12, 12, 13, 12, 11, 12, 11, 13, 12, 11, 13, 10, 11, 10, 13, 10, 13, 11, 12, 13, 13, 11, 13, 11, 12], [12, 11, 13, 12, 12, 13, 12, 11, 11, 13, 10, 10, 10, 13, 11, 12, 10, 10, 11, 11, 13, 12, 12, 13, 13], [10, 10, 13, 13, 12, 10, 13, 13, 11, 12, 10, 10, 13, 12, 13, 12, 12, 13, 13, 10, 13, 13, 10, 13, 13], [10, 10, 10, 10, 11, 10, 12, 12, 12, 10, 12, 11, 13, 10, 13, 13, 13, 12, 11, 11, 12, 11, 10, 12, 11], [13, 10, 13, 13, 13, 12, 12, 13, 11, 12, 11, 12, 10, 11, 12, 12, 12, 13, 12, 12, 13, 12, 12, 12, 10], [10, 10, 10, 12, 10, 12, 13, 10, 13, 11, 10, 12, 11, 11, 10, 13, 13, 12, 13, 12, 11, 11, 12, 11, 12], [10, 11, 11, 11, 13, 12, 10, 12, 10, 10, 10, 12, 13, 12, 11, 12, 12, 11, 13, 12, 13, 13, 13, 10, 11], [13, 11, 10, 11, 10, 11, 11, 12, 13, 11, 11, 12, 11, 12, 10, 10, 11, 12, 12, 10, 12, 13, 11, 12, 11], [10, 13, 12, 10, 10, 10, 11, 10, 11, 13, 12, 12, 13, 12, 13, 13, 13, 10, 13, 10, 11, 12, 12, 11, 11], [13, 12, 12, 11, 13, 13, 10, 10, 13, 10, 13, 10, 10, 12, 12, 10, 13, 13, 13, 12, 10, 12, 11, 13, 12], [12, 11, 12, 12, 12, 11, 10, 12, 13, 12, 12, 13, 10, 12, 12, 12, 12, 10, 11, 11, 12, 13, 10, 12, 12], [12, 11, 13, 13, 10, 12, 11, 11, 10, 13, 12, 13, 13, 11, 12, 13, 12, 13, 10, 13, 10, 10, 12, 13, 10], [11, 13, 13, 11, 13, 13, 10, 13, 12, 12, 13, 11, 11, 11, 10, 12, 12, 12, 12, 13, 10, 12, 10, 11, 13], [13, 13, 13, 11, 13, 12, 11, 12, 10, 11, 10, 11, 10, 12, 10, 11, 12, 11, 11, 13, 13, 11, 11, 12, 12], [13, 10, 11, 11, 12, 12, 10, 11, 11, 12, 11, 12, 10, 10, 10, 13, 11, 12, 12, 11, 12, 11, 12, 13, 12], [10, 11, 10, 11, 11, 12, 11, 13, 13, 10, 11, 13, 13, 10, 11, 10, 10, 11, 11, 11, 11, 12, 12, 13, 13], [10, 12, 10, 11, 10, 12, 10, 13, 12, 12, 12, 10, 12, 13, 11, 10, 10, 10, 11, 10, 11, 11, 12, 13, 11], [12, 10, 10, 13, 10, 13, 13, 10, 10, 11, 11, 10, 10, 11, 10, 10, 13, 11, 10, 10, 10, 12, 13, 10, 10], [10, 11, 13, 13, 12, 10, 12, 10, 13, 10, 11, 11, 12, 11, 11, 11, 13, 10, 13, 11, 13, 13, 13, 10, 11], [11, 10, 11, 11, 10, 11, 13, 12, 12, 12, 12, 11, 10, 12, 13, 10, 10, 11, 13, 12, 10, 13, 10, 13, 12], [10, 12, 13, 13, 12, 13, 12, 11, 12, 12, 12, 12, 13, 13, 13, 11, 12, 13, 12, 12, 13, 10, 12, 10, 13], [11, 12, 11, 13, 13, 11, 10, 10, 11, 11, 10, 10, 11, 10, 10, 11, 11, 12, 13, 11, 11, 10, 11, 10, 12], [10, 13, 13, 12, 10, 13, 12, 10, 11, 13, 11, 13, 11, 12, 11, 12, 10, 13, 11, 12, 13, 13, 13, 13, 12], [11, 12, 11, 10, 11, 13, 12, 10, 13, 11, 13, 11, 12, 11, 11, 11, 10, 10, 10, 12, 13, 13, 10, 13, 11], [10, 13, 13, 13, 13, 12, 13, 11, 11, 13, 10, 11, 10, 13, 11, 11, 10, 13, 13, 10, 11, 12, 10, 13, 13], [12, 12, 12, 12, 12, 10, 11, 10, 12, 13, 13, 10, 12, 10, 13, 12, 11, 13, 13, 10, 12, 11, 10, 13, 13], [12, 11, 13, 13, 10, 12, 13, 11, 10, 13, 12, 13, 11, 10, 11, 10, 10, 11, 11, 13, 10, 11, 13, 11, 10], [11, 12, 13, 11, 13, 10, 11, 13, 12, 12, 11, 13, 12, 11, 13, 13, 12, 10, 10, 13, 10, 11, 13, 12, 10], [11, 13, 13, 11, 12, 13, 12, 10, 10, 13, 13, 13, 12, 10, 10, 10, 11, 11, 12, 12, 12, 13, 12, 11, 11], [13, 13, 11, 10, 10, 13, 11, 13, 13, 11, 11, 10, 11, 13, 13, 11, 13, 11, 10, 11, 12, 12, 10, 13, 13], [10, 10, 13, 11, 12, 10, 13, 11, 13, 11, 10, 13, 11, 13, 12, 10, 10, 11, 13, 13, 13, 10, 11, 10, 10], [11, 10, 13, 10, 13, 10, 10, 10, 11, 13, 10, 13, 12, 13, 11, 11, 12, 10, 10, 12, 13, 12, 13, 12, 10], [13, 12, 12, 12, 10, 10, 12, 12, 10, 12, 11, 11, 12, 12, 13, 10, 12, 12, 11, 12, 10, 10, 13, 12, 12], [10, 10, 11, 12, 13, 11, 13, 11, 11, 12, 10, 10, 10, 13, 12, 10, 12, 13, 12, 10, 10, 13, 13, 12, 13], [13, 12, 11, 11, 10, 12, 12, 12, 13, 12, 12, 12, 11, 10, 13, 10, 11, 11, 10, 12, 13, 11, 12, 12, 11], [10, 11, 10, 13, 12, 10, 10, 11, 10, 12, 13, 10, 11, 11, 10, 11, 12, 10, 11, 12, 11, 12, 11, 13, 11], [10, 12, 11, 12, 10, 12, 11, 11, 13, 13, 12, 10, 10, 12, 10, 13, 11, 11, 11, 10, 10, 12, 11, 13, 10], [10, 11, 12, 12, 13, 10, 12, 10, 12, 11, 13, 11, 13, 12, 11, 12, 12, 12, 11, 11, 10, 12, 12, 13, 13], [11, 13, 13, 11, 12, 12, 13, 11, 12, 11, 12, 12, 10, 13, 10, 10, 13, 11, 11, 10, 11, 10, 13, 13, 11], [12, 12, 13, 13, 10, 13, 12, 13, 13, 10, 13, 12, 12, 12, 13, 13, 11, 11, 12, 10, 13, 13, 10, 13, 11], [13, 12, 10, 10, 11, 12, 12, 11, 10, 13, 11, 11, 13, 13, 13, 11, 11, 11, 11, 13, 12, 13, 12, 11, 10], [11, 12, 10, 11, 13, 11, 10, 12, 13, 13, 12, 13, 11, 12, 13, 12, 10, 10, 12, 13, 10, 13, 11, 13, 12], [10, 10, 13, 13, 10, 12, 13, 12, 13, 11, 10, 10, 13, 10, 10, 10, 11, 13, 10, 11, 11, 11, 11, 11, 10], [11, 13, 13, 12, 11, 13, 11, 13, 12, 13, 12, 13, 10, 10, 11, 12, 13, 12, 12, 10, 10, 11, 11, 13, 13], [11, 12, 12, 13, 11, 11, 13, 13, 13, 12, 12, 11, 10, 11, 11, 12, 10, 11, 11, 13, 11, 10, 10, 13, 10], [11, 11, 11, 11, 13, 13, 11, 12, 10, 13, 10, 11, 13, 11, 10, 13, 12, 13, 10, 12, 11, 13, 11, 10, 12], [11, 12, 10, 10, 10, 10, 10, 11, 11, 12, 10, 11, 10, 12, 11, 12, 12, 12, 10, 12, 11, 13, 10, 10, 10], [11, 13, 12, 13, 11, 10, 10, 11, 12, 13, 13, 13, 11, 10, 12, 11, 12, 10, 11, 11, 11, 11, 13, 13, 12], [10, 12, 11, 13, 11, 11, 12, 10, 10, 13, 13, 11, 13, 11, 12, 10, 13, 10, 13, 10, 13, 11, 11, 10, 10], [13, 13, 10, 11, 13, 11, 13, 10, 12, 12, 10, 11, 10, 12, 13, 10, 10, 13, 13, 13, 12, 10, 12, 12, 11], [10, 10, 10, 10, 13, 11, 10, 11, 12, 11, 12, 12, 10, 11, 10, 12, 13, 10, 12, 11, 10, 13, 10, 13, 11], [13, 11, 10, 11, 11, 12, 12, 13, 12, 10, 10, 13, 13, 13, 13, 13, 13, 12, 13, 11, 12, 11, 12, 12, 10], [11, 11, 11, 12, 13, 13, 11, 12, 13, 11, 11, 11, 10, 10, 11, 10, 12, 11, 12, 10, 13, 13, 10, 13, 12], [12, 12, 13, 13, 10, 10, 11, 10, 12, 13, 12, 10, 12, 11, 12, 11, 13, 13, 13, 10, 10, 12, 12, 12, 11], [10, 13, 11, 13, 10, 13, 10, 11, 13, 13, 10, 13, 10, 10, 10, 12, 13, 13, 12, 12, 13, 12, 10, 13, 13], [11, 10, 13, 12, 12, 10, 13, 10, 10, 13, 13, 13, 12, 10, 12, 12, 12, 10, 11, 13, 13, 10, 10, 11, 12], [10, 13, 10, 11, 10, 11, 13, 13, 10, 10, 12, 10, 12, 11, 13, 10, 10, 10, 10, 11, 10, 10, 11, 10, 13], [12, 11, 12, 12, 12, 13, 11, 13, 13, 10, 13, 10, 10, 10, 10, 12, 12, 10, 10, 12, 12, 10, 11, 13, 13], [11, 10, 12, 10, 13, 13, 10, 13, 13, 10, 11, 10, 11, 11, 10, 10, 12, 10, 10, 12, 13, 10, 10, 11, 11], [11, 12, 12, 12, 12, 11, 11, 10, 10, 12, 11, 13, 13, 10, 13, 12, 11, 13, 11, 12, 10, 13, 10, 12, 10], [13, 13, 11, 13, 11, 13, 12, 13, 12, 11, 11, 12, 12, 12, 13, 11, 10, 10, 11, 12, 13, 13, 13, 11, 13], [12, 13, 13, 13, 10, 12, 12, 11, 12, 10, 10, 11, 11, 12, 13, 13, 10, 11, 10, 12, 13, 12, 11, 10, 13], [10, 11, 12, 13, 10, 11, 12, 13, 13, 12, 13, 10, 11, 12, 12, 11, 13, 12, 11, 10, 10, 13, 11, 10, 12], [11, 10, 10, 12, 11, 11, 13, 10, 10, 11, 10, 10, 11, 10, 12, 11, 10, 10, 11, 10, 13, 12, 11, 10, 11], [13, 12, 12, 12, 12, 10, 12, 13, 11, 10, 12, 11, 12, 13, 12, 11, 10, 10, 11, 11, 10, 12, 10, 10, 10], [12, 13, 12, 10, 13, 10, 13, 12, 10, 11, 10, 11, 12, 11, 13, 12, 12, 10, 12, 10, 10, 11, 12, 12, 13], [13, 13, 13, 11, 11, 11, 13, 12, 12, 11, 12, 12, 13, 13, 10, 11, 13, 13, 13, 11, 12, 13, 11, 11, 13], [12, 13, 13, 11, 13, 13, 10, 13, 11, 12, 12, 11, 12, 10, 13, 13, 11, 10, 13, 12, 13, 11, 10, 13, 11], [11, 12, 12, 11, 10, 10, 13, 11, 10, 10, 10, 12, 12, 13, 12, 10, 11, 10, 10, 11, 12, 11, 10, 13, 10], [13, 13, 13, 12, 11, 12, 10, 10, 13, 11, 13, 12, 12, 11, 10, 11, 10, 10, 13, 11, 10, 12, 10, 10, 12], [13, 10, 11, 10, 13, 13, 12, 12, 12, 10, 13, 12, 10, 13, 10, 13, 13, 13, 12, 13, 10, 10, 12, 13, 11]]
Inventory holding cost per unit of each product by the end of each period h: 
[[6, 9, 9, 9, 9, 8, 6, 7, 9, 6, 9, 6, 5, 9, 6, 9, 7, 6, 7, 7, 8, 8, 6, 9, 7], [7, 7, 8, 7, 8, 6, 9, 9, 5, 5, 9, 8, 9, 6, 6, 5, 7, 9, 5, 5, 8, 7, 5, 8, 5], [7, 9, 8, 9, 6, 7, 6, 8, 6, 7, 6, 7, 6, 6, 6, 5, 9, 7, 5, 7, 9, 8, 7, 5, 5], [5, 6, 9, 6, 8, 8, 7, 8, 8, 6, 8, 5, 9, 7, 9, 7, 8, 8, 6, 7, 6, 6, 7, 7, 5], [6, 5, 5, 8, 7, 6, 7, 5, 8, 9, 8, 9, 6, 9, 9, 8, 5, 5, 6, 5, 6, 7, 8, 5, 7], [5, 6, 8, 5, 8, 5, 9, 6, 6, 7, 7, 6, 8, 5, 7, 7, 5, 9, 8, 8, 9, 7, 5, 9, 8], [5, 8, 6, 9, 5, 9, 8, 8, 7, 9, 9, 6, 8, 7, 6, 8, 5, 6, 8, 9, 6, 8, 8, 9, 9], [7, 8, 8, 5, 6, 9, 5, 8, 6, 5, 6, 5, 6, 7, 6, 6, 9, 7, 7, 6, 5, 6, 8, 6, 6], [9, 6, 8, 6, 5, 8, 7, 8, 6, 9, 6, 7, 7, 6, 6, 9, 7, 5, 7, 7, 9, 5, 9, 8, 5], [8, 8, 5, 7, 7, 5, 9, 5, 6, 6, 6, 7, 6, 7, 5, 8, 6, 9, 6, 7, 7, 6, 9, 5, 5], [5, 9, 7, 6, 9, 6, 7, 9, 8, 9, 6, 9, 9, 9, 5, 8, 9, 5, 9, 5, 6, 8, 9, 8, 8], [6, 6, 7, 8, 6, 6, 6, 8, 9, 7, 9, 6, 6, 9, 9, 7, 6, 8, 9, 7, 8, 5, 8, 5, 7], [8, 5, 9, 7, 5, 5, 5, 9, 8, 5, 9, 7, 7, 8, 9, 7, 9, 5, 6, 7, 5, 7, 7, 9, 7], [6, 6, 6, 7, 8, 9, 7, 9, 9, 8, 9, 6, 5, 8, 7, 5, 6, 5, 6, 9, 5, 7, 5, 6, 6], [5, 7, 7, 5, 6, 8, 7, 8, 6, 9, 8, 9, 8, 5, 6, 7, 5, 8, 8, 9, 6, 5, 9, 8, 5], [9, 7, 7, 6, 7, 6, 8, 5, 7, 6, 8, 5, 7, 8, 5, 7, 9, 9, 5, 6, 9, 9, 7, 9, 7], [9, 8, 5, 6, 7, 7, 7, 6, 7, 8, 9, 9, 9, 9, 9, 6, 8, 6, 7, 7, 6, 7, 8, 7, 8], [9, 6, 5, 7, 8, 9, 6, 6, 9, 6, 5, 7, 7, 8, 8, 5, 6, 8, 6, 8, 6, 7, 6, 9, 7], [6, 9, 8, 7, 7, 6, 6, 9, 8, 7, 8, 9, 8, 5, 7, 9, 9, 5, 6, 5, 5, 9, 9, 6, 9], [8, 7, 5, 8, 6, 5, 5, 6, 5, 7, 9, 8, 9, 8, 6, 6, 6, 6, 5, 8, 9, 6, 9, 9, 8], [6, 9, 7, 9, 5, 6, 6, 8, 7, 6, 5, 5, 6, 9, 7, 7, 5, 8, 7, 7, 9, 6, 9, 8, 9], [7, 5, 7, 6, 6, 6, 7, 5, 9, 9, 8, 8, 9, 6, 5, 5, 8, 8, 7, 9, 6, 5, 5, 9, 8], [6, 8, 7, 9, 6, 6, 7, 6, 5, 7, 9, 5, 5, 7, 6, 7, 7, 6, 9, 8, 5, 7, 6, 6, 8], [8, 6, 9, 8, 6, 8, 6, 9, 5, 7, 6, 6, 8, 5, 5, 8, 9, 9, 8, 9, 9, 9, 8, 8, 6], [6, 8, 7, 5, 6, 6, 7, 5, 6, 6, 6, 5, 7, 8, 7, 5, 9, 6, 9, 5, 7, 7, 8, 8, 5], [7, 9, 8, 5, 7, 6, 5, 9, 8, 6, 9, 8, 6, 9, 7, 6, 5, 9, 5, 9, 7, 9, 6, 5, 5], [8, 7, 6, 7, 9, 7, 7, 8, 5, 6, 6, 8, 8, 6, 9, 9, 7, 9, 9, 9, 5, 8, 8, 8, 9], [7, 9, 7, 5, 9, 8, 9, 9, 6, 8, 5, 9, 5, 9, 8, 5, 5, 9, 9, 9, 8, 5, 6, 5, 5], [9, 8, 8, 5, 9, 5, 7, 8, 5, 6, 6, 9, 7, 9, 8, 6, 5, 9, 8, 5, 6, 8, 5, 7, 7], [5, 6, 6, 5, 5, 8, 7, 7, 6, 8, 9, 5, 9, 9, 6, 9, 8, 8, 8, 8, 5, 7, 6, 5, 9], [6, 9, 7, 9, 8, 9, 6, 7, 6, 9, 9, 7, 8, 8, 8, 5, 8, 7, 8, 8, 6, 7, 5, 5, 5], [5, 5, 6, 7, 6, 5, 5, 7, 9, 5, 6, 5, 6, 7, 7, 9, 9, 7, 8, 5, 6, 5, 7, 8, 7], [6, 6, 7, 5, 6, 5, 8, 9, 6, 7, 7, 9, 7, 6, 7, 8, 6, 5, 9, 8, 6, 9, 5, 6, 8], [9, 7, 6, 7, 8, 6, 7, 7, 8, 8, 8, 5, 8, 8, 6, 6, 6, 8, 6, 5, 6, 5, 7, 9, 6], [7, 9, 7, 6, 5, 7, 5, 7, 5, 8, 7, 6, 6, 8, 7, 9, 6, 9, 6, 5, 7, 7, 8, 7, 7], [7, 8, 6, 8, 7, 8, 8, 6, 7, 9, 5, 8, 8, 9, 7, 9, 6, 5, 7, 5, 9, 8, 8, 7, 7], [7, 7, 6, 6, 9, 7, 6, 8, 6, 7, 9, 8, 8, 8, 5, 7, 8, 5, 8, 9, 5, 7, 8, 7, 7], [7, 6, 8, 5, 7, 7, 7, 7, 6, 5, 6, 8, 9, 5, 9, 9, 6, 9, 6, 5, 8, 6, 5, 8, 8], [6, 9, 9, 8, 5, 5, 5, 9, 6, 8, 8, 6, 9, 9, 7, 8, 7, 6, 8, 9, 5, 7, 6, 5, 8], [7, 5, 8, 9, 6, 9, 5, 7, 7, 9, 6, 7, 5, 5, 7, 9, 7, 7, 8, 6, 7, 8, 7, 7, 5], [6, 7, 9, 5, 9, 9, 9, 6, 6, 8, 5, 9, 9, 9, 7, 9, 8, 5, 8, 7, 5, 9, 5, 7, 5], [6, 6, 6, 8, 5, 6, 7, 9, 7, 5, 9, 7, 9, 8, 8, 9, 6, 8, 5, 7, 8, 8, 8, 5, 6], [6, 8, 7, 6, 8, 5, 9, 5, 8, 8, 7, 9, 8, 5, 6, 9, 6, 6, 9, 5, 7, 8, 9, 7, 5], [5, 9, 6, 6, 6, 6, 9, 6, 5, 8, 6, 6, 7, 6, 9, 8, 9, 5, 6, 8, 8, 8, 8, 9, 7], [7, 5, 9, 5, 8, 7, 9, 7, 8, 6, 8, 8, 6, 9, 9, 7, 5, 6, 5, 8, 5, 6, 7, 5, 9], [8, 5, 7, 6, 8, 6, 8, 6, 6, 6, 7, 8, 5, 9, 5, 9, 8, 5, 7, 9, 6, 5, 7, 6, 9], [5, 8, 5, 8, 5, 6, 8, 5, 5, 6, 7, 9, 9, 7, 9, 6, 9, 7, 7, 7, 6, 8, 8, 7, 7], [9, 7, 8, 5, 9, 5, 6, 6, 9, 9, 9, 9, 5, 9, 5, 6, 6, 8, 9, 9, 9, 9, 8, 6, 7], [7, 6, 5, 6, 6, 6, 6, 5, 9, 9, 5, 9, 5, 9, 7, 7, 6, 5, 9, 9, 8, 6, 5, 5, 6], [7, 7, 5, 5, 8, 9, 7, 7, 6, 7, 9, 6, 8, 8, 5, 5, 9, 7, 6, 5, 9, 8, 5, 7, 6], [9, 6, 7, 8, 9, 9, 9, 6, 9, 6, 9, 8, 7, 7, 9, 6, 6, 5, 5, 6, 6, 8, 6, 7, 7], [8, 9, 6, 7, 8, 9, 7, 9, 7, 8, 9, 6, 8, 6, 7, 5, 8, 5, 6, 9, 5, 5, 6, 6, 7], [8, 5, 8, 9, 9, 9, 5, 5, 6, 9, 9, 5, 7, 9, 9, 8, 7, 8, 5, 5, 5, 8, 9, 8, 6], [8, 9, 6, 8, 7, 7, 8, 6, 8, 6, 8, 5, 6, 9, 9, 5, 9, 9, 5, 5, 9, 6, 6, 5, 8], [9, 7, 8, 8, 9, 6, 8, 5, 9, 8, 6, 5, 9, 9, 9, 7, 7, 8, 9, 5, 7, 6, 6, 7, 6], [6, 6, 7, 7, 6, 8, 8, 7, 8, 7, 7, 9, 8, 7, 7, 9, 9, 9, 6, 6, 5, 5, 6, 9, 5], [6, 6, 5, 7, 7, 9, 7, 6, 8, 5, 7, 9, 6, 7, 9, 6, 6, 5, 6, 8, 9, 9, 6, 6, 9], [5, 9, 5, 5, 5, 6, 7, 7, 7, 7, 8, 5, 7, 7, 6, 5, 5, 6, 6, 5, 8, 8, 6, 6, 5], [6, 8, 9, 7, 5, 5, 8, 6, 9, 5, 7, 5, 5, 9, 6, 9, 5, 5, 8, 5, 6, 9, 5, 6, 5], [5, 6, 9, 5, 8, 5, 8, 9, 7, 6, 7, 5, 7, 9, 8, 8, 6, 9, 5, 9, 7, 8, 5, 7, 7], [7, 8, 9, 7, 6, 6, 8, 7, 8, 6, 9, 7, 7, 5, 5, 5, 8, 9, 6, 7, 7, 8, 5, 8, 9], [5, 6, 5, 6, 7, 8, 9, 6, 5, 9, 5, 6, 6, 5, 9, 8, 5, 9, 8, 6, 5, 8, 8, 7, 5], [7, 5, 8, 8, 7, 7, 6, 8, 9, 6, 7, 5, 5, 8, 8, 9, 9, 5, 7, 9, 6, 8, 7, 6, 9], [9, 9, 9, 9, 7, 9, 5, 6, 7, 6, 8, 6, 8, 7, 8, 7, 8, 6, 7, 5, 8, 5, 8, 5, 6], [6, 6, 7, 6, 5, 9, 9, 7, 8, 8, 5, 5, 5, 8, 5, 5, 8, 8, 5, 5, 5, 8, 6, 9, 7], [6, 5, 6, 8, 9, 7, 5, 5, 5, 9, 8, 8, 6, 7, 5, 5, 9, 9, 7, 8, 7, 9, 8, 7, 6], [5, 5, 5, 6, 7, 9, 6, 6, 8, 9, 6, 5, 5, 9, 7, 7, 9, 6, 5, 7, 7, 7, 7, 5, 9], [8, 8, 6, 7, 5, 5, 6, 9, 5, 6, 8, 8, 9, 5, 5, 7, 5, 9, 6, 7, 5, 5, 7, 7, 5], [8, 6, 8, 5, 5, 9, 8, 7, 5, 5, 5, 7, 9, 8, 5, 5, 7, 6, 7, 8, 5, 8, 7, 6, 8], [7, 6, 8, 6, 6, 7, 8, 5, 7, 5, 8, 8, 5, 5, 6, 7, 6, 8, 5, 8, 7, 7, 8, 8, 8], [8, 7, 7, 7, 6, 6, 8, 8, 5, 9, 8, 6, 6, 9, 5, 9, 7, 5, 7, 5, 9, 7, 5, 9, 9], [7, 5, 7, 6, 6, 9, 7, 8, 7, 8, 5, 7, 7, 5, 7, 9, 8, 6, 7, 9, 9, 5, 9, 9, 9], [7, 6, 8, 8, 8, 7, 7, 8, 5, 9, 8, 7, 9, 6, 6, 8, 5, 8, 9, 8, 6, 7, 6, 5, 9], [9, 5, 8, 8, 7, 5, 5, 8, 9, 7, 7, 7, 8, 7, 9, 5, 9, 9, 5, 7, 6, 6, 5, 9, 8], [6, 6, 5, 9, 6, 6, 6, 8, 8, 8, 5, 8, 7, 7, 6, 5, 9, 6, 7, 8, 6, 6, 6, 8, 7], [8, 9, 6, 7, 8, 7, 6, 9, 7, 6, 8, 9, 5, 5, 7, 7, 7, 8, 5, 8, 6, 5, 7, 9, 8], [9, 7, 6, 6, 6, 7, 7, 6, 6, 7, 9, 6, 9, 5, 6, 5, 5, 9, 7, 5, 8, 6, 7, 5, 6], [9, 6, 5, 5, 6, 8, 6, 5, 5, 7, 6, 9, 6, 9, 9, 9, 5, 6, 7, 8, 5, 9, 5, 6, 9], [9, 9, 9, 6, 7, 9, 6, 7, 5, 7, 9, 8, 5, 9, 9, 9, 8, 6, 9, 9, 9, 6, 5, 7, 6], [9, 6, 9, 7, 6, 5, 6, 8, 6, 9, 5, 8, 7, 9, 5, 6, 8, 5, 9, 5, 6, 9, 8, 6, 9], [7, 5, 7, 9, 8, 6, 8, 9, 5, 8, 5, 8, 5, 5, 6, 7, 8, 6, 8, 9, 7, 5, 6, 7, 6], [9, 5, 5, 9, 6, 5, 5, 9, 6, 8, 8, 7, 9, 6, 9, 6, 7, 6, 5, 9, 8, 6, 9, 8, 7], [9, 7, 8, 8, 8, 5, 7, 7, 5, 9, 9, 5, 8, 6, 6, 7, 8, 5, 9, 5, 9, 8, 8, 6, 5], [5, 8, 9, 7, 7, 8, 5, 6, 7, 7, 9, 9, 8, 5, 6, 6, 7, 8, 7, 5, 8, 6, 8, 6, 9], [8, 6, 6, 9, 7, 9, 6, 6, 6, 6, 8, 8, 5, 9, 9, 8, 5, 8, 5, 9, 8, 7, 7, 9, 6], [5, 6, 6, 5, 8, 6, 7, 7, 7, 9, 9, 8, 7, 9, 9, 5, 6, 9, 6, 7, 7, 8, 9, 7, 5], [5, 7, 5, 5, 5, 8, 8, 9, 9, 5, 6, 7, 8, 6, 8, 9, 9, 9, 7, 8, 8, 5, 7, 6, 6], [8, 9, 5, 9, 6, 9, 9, 7, 5, 7, 7, 8, 9, 9, 9, 5, 7, 7, 5, 5, 9, 5, 7, 8, 7], [6, 5, 9, 8, 8, 6, 5, 7, 5, 8, 5, 9, 8, 8, 9, 5, 9, 6, 8, 6, 5, 5, 5, 6, 5], [7, 8, 7, 7, 6, 9, 6, 5, 7, 6, 5, 9, 8, 5, 8, 6, 6, 6, 9, 7, 6, 5, 6, 9, 6], [8, 7, 7, 9, 9, 8, 5, 7, 6, 8, 8, 6, 8, 6, 8, 7, 5, 7, 5, 6, 9, 7, 9, 8, 9], [7, 7, 7, 6, 7, 5, 9, 9, 7, 7, 7, 8, 8, 5, 5, 7, 6, 9, 7, 5, 6, 8, 8, 6, 5], [7, 7, 9, 9, 7, 8, 5, 9, 9, 9, 9, 6, 6, 7, 9, 7, 6, 7, 8, 6, 6, 6, 9, 7, 5], [8, 6, 7, 6, 6, 6, 7, 5, 7, 8, 9, 6, 8, 9, 8, 5, 9, 8, 7, 6, 7, 8, 5, 6, 9], [7, 7, 9, 8, 6, 9, 8, 9, 5, 6, 7, 8, 7, 9, 8, 6, 7, 8, 8, 6, 8, 6, 6, 8, 6], [7, 6, 5, 6, 6, 9, 5, 7, 7, 5, 6, 6, 9, 7, 9, 7, 7, 9, 8, 8, 8, 8, 9, 6, 8], [6, 9, 9, 8, 7, 6, 5, 6, 9, 5, 8, 7, 9, 5, 9, 6, 8, 7, 9, 9, 5, 8, 9, 8, 8], [6, 6, 5, 7, 8, 7, 8, 5, 7, 5, 7, 6, 6, 9, 5, 7, 7, 9, 9, 8, 7, 6, 9, 6, 9], [9, 9, 6, 5, 7, 5, 8, 9, 6, 6, 9, 8, 9, 8, 9, 9, 8, 7, 8, 7, 6, 6, 6, 9, 6], [9, 8, 6, 6, 7, 9, 7, 8, 7, 5, 5, 8, 9, 9, 6, 8, 5, 7, 6, 9, 9, 7, 7, 9, 6]]
Demand for each product in each period d: 
[[44, 0, 25, 1, 5, 28, 7, 48, 45, 36, 48, 5, 43, 4, 22, 40, 12, 48, 25, 45, 10, 16, 18, 26, 32], [37, 48, 46, 10, 14, 28, 1, 15, 45, 13, 32, 0, 15, 36, 37, 47, 26, 5, 4, 1, 41, 17, 16, 47, 26], [10, 31, 25, 45, 2, 12, 2, 42, 6, 32, 9, 0, 13, 44, 22, 8, 5, 13, 46, 19, 40, 0, 0, 17, 44], [27, 0, 22, 11, 10, 38, 27, 43, 29, 10, 34, 10, 29, 48, 32, 20, 41, 4, 0, 31, 24, 38, 42, 36, 42], [28, 48, 10, 40, 45, 37, 22, 0, 33, 29, 9, 29, 37, 3, 0, 24, 18, 8, 24, 0, 3, 24, 6, 17, 48], [0, 34, 32, 39, 14, 28, 18, 35, 0, 13, 5, 34, 21, 23, 5, 31, 40, 42, 43, 14, 0, 1, 34, 27, 6], [43, 0, 45, 46, 33, 9, 49, 20, 18, 43, 11, 2, 5, 43, 26, 37, 48, 19, 12, 20, 40, 34, 22, 39, 15], [47, 15, 14, 43, 48, 4, 13, 31, 13, 41, 4, 36, 36, 9, 19, 1, 47, 5, 36, 36, 17, 10, 47, 0, 31], [6, 36, 39, 41, 37, 45, 35, 32, 32, 27, 11, 38, 19, 39, 42, 18, 46, 2, 47, 33, 47, 21, 11, 46, 47], [44, 9, 12, 0, 13, 15, 48, 31, 40, 18, 2, 7, 43, 36, 0, 0, 31, 0, 47, 18, 29, 35, 20, 34, 32], [40, 0, 22, 40, 19, 28, 21, 0, 21, 17, 49, 38, 10, 32, 48, 2, 39, 30, 24, 29, 29, 42, 29, 18, 47], [13, 35, 9, 29, 15, 11, 20, 18, 43, 12, 20, 29, 6, 22, 33, 31, 24, 0, 2, 29, 15, 35, 22, 2, 27], [48, 10, 48, 47, 43, 31, 18, 8, 31, 36, 29, 0, 13, 49, 4, 26, 36, 49, 1, 40, 0, 20, 29, 37, 10], [40, 31, 47, 30, 45, 0, 37, 45, 28, 45, 12, 40, 13, 34, 12, 31, 8, 42, 43, 8, 20, 46, 0, 17, 0], [6, 1, 27, 17, 1, 18, 39, 34, 31, 47, 39, 41, 45, 43, 32, 12, 3, 4, 8, 20, 12, 38, 30, 20, 33], [0, 15, 35, 15, 0, 29, 34, 18, 28, 40, 8, 3, 43, 45, 37, 42, 39, 22, 4, 31, 12, 16, 11, 48, 24], [28, 41, 48, 7, 19, 36, 14, 0, 14, 3, 43, 11, 48, 21, 4, 45, 48, 45, 49, 29, 40, 24, 18, 36, 4], [38, 37, 25, 0, 21, 8, 4, 33, 34, 36, 18, 26, 22, 38, 47, 33, 41, 0, 0, 24, 16, 7, 7, 9, 25], [24, 20, 36, 40, 18, 0, 3, 40, 23, 39, 3, 49, 0, 7, 38, 37, 24, 12, 21, 33, 40, 5, 42, 1, 38], [33, 22, 46, 10, 21, 36, 24, 31, 40, 0, 36, 45, 15, 14, 7, 19, 6, 18, 0, 18, 17, 18, 2, 16, 7], [5, 47, 40, 24, 49, 2, 2, 49, 0, 15, 17, 29, 26, 5, 24, 0, 4, 19, 18, 15, 46, 27, 16, 3, 47], [6, 33, 35, 41, 36, 26, 43, 15, 8, 17, 4, 25, 9, 42, 46, 25, 46, 4, 5, 49, 1, 3, 39, 10, 39], [25, 17, 36, 34, 43, 13, 22, 25, 38, 43, 27, 38, 19, 33, 8, 8, 4, 33, 43, 40, 43, 20, 14, 30, 14], [15, 0, 0, 0, 36, 21, 22, 22, 0, 44, 18, 0, 17, 16, 1, 14, 0, 4, 28, 40, 46, 26, 10, 1, 35], [32, 29, 7, 0, 18, 0, 38, 19, 48, 0, 0, 22, 11, 19, 0, 27, 32, 28, 1, 13, 23, 5, 2, 41, 7], [37, 12, 23, 4, 11, 20, 28, 0, 33, 0, 27, 4, 25, 25, 8, 5, 5, 10, 19, 0, 16, 12, 10, 0, 15], [9, 14, 28, 2, 12, 49, 30, 42, 26, 6, 7, 35, 19, 9, 0, 35, 14, 1, 49, 46, 1, 32, 45, 46, 21], [15, 41, 26, 2, 19, 17, 5, 20, 0, 37, 10, 5, 32, 27, 2, 1, 3, 23, 38, 32, 44, 34, 20, 48, 4], [14, 11, 0, 7, 44, 40, 23, 12, 25, 15, 14, 28, 29, 34, 47, 14, 4, 0, 36, 47, 0, 21, 44, 27, 0], [34, 28, 3, 44, 23, 37, 40, 15, 0, 7, 21, 24, 0, 21, 26, 47, 19, 15, 0, 0, 29, 23, 23, 33, 14], [29, 10, 39, 15, 1, 40, 0, 12, 41, 26, 16, 33, 31, 41, 19, 33, 34, 36, 30, 45, 0, 15, 0, 23, 12], [35, 30, 29, 21, 12, 22, 39, 26, 2, 44, 7, 49, 42, 0, 13, 46, 9, 10, 11, 16, 2, 33, 43, 41, 9], [28, 27, 15, 8, 36, 3, 48, 15, 28, 5, 14, 48, 20, 29, 15, 0, 0, 32, 44, 0, 35, 34, 23, 42, 47], [37, 29, 33, 22, 49, 31, 12, 6, 31, 24, 0, 37, 11, 30, 16, 23, 18, 5, 7, 0, 43, 25, 40, 46, 6], [10, 24, 23, 9, 5, 27, 26, 29, 43, 43, 5, 16, 7, 18, 6, 26, 23, 3, 30, 15, 40, 0, 12, 38, 20], [35, 33, 30, 14, 41, 44, 34, 47, 23, 3, 31, 43, 44, 36, 33, 0, 35, 37, 26, 48, 3, 46, 0, 9, 46], [0, 34, 21, 42, 12, 23, 41, 24, 14, 24, 31, 13, 48, 34, 11, 32, 0, 13, 23, 44, 10, 44, 33, 40, 1], [49, 45, 24, 28, 23, 19, 47, 18, 15, 12, 0, 49, 11, 29, 0, 16, 19, 20, 13, 27, 49, 5, 19, 24, 42], [2, 7, 44, 29, 0, 28, 15, 19, 39, 47, 16, 32, 0, 38, 26, 10, 34, 32, 3, 47, 0, 28, 0, 15, 47], [32, 46, 42, 13, 24, 23, 11, 14, 24, 28, 39, 38, 37, 47, 28, 13, 16, 28, 27, 28, 0, 6, 12, 32, 41], [1, 44, 4, 0, 17, 0, 15, 20, 7, 3, 4, 37, 44, 2, 3, 27, 8, 44, 21, 10, 30, 10, 0, 32, 28], [5, 40, 9, 14, 38, 49, 44, 41, 6, 42, 15, 37, 0, 48, 8, 36, 9, 3, 0, 45, 5, 3, 26, 37, 9], [41, 31, 37, 48, 24, 33, 48, 32, 39, 11, 45, 4, 9, 27, 0, 33, 12, 28, 34, 39, 29, 24, 8, 10, 0], [11, 11, 0, 35, 49, 38, 32, 39, 35, 45, 11, 41, 29, 42, 37, 10, 46, 18, 3, 6, 37, 0, 11, 8, 42], [46, 17, 34, 12, 45, 10, 33, 21, 43, 15, 13, 22, 37, 6, 35, 42, 8, 10, 41, 35, 43, 36, 7, 34, 37], [11, 45, 15, 16, 34, 33, 48, 40, 23, 19, 1, 17, 14, 48, 0, 24, 12, 0, 48, 30, 27, 19, 6, 21, 30], [29, 34, 18, 19, 3, 39, 9, 3, 42, 2, 39, 17, 29, 43, 45, 2, 26, 37, 35, 13, 30, 32, 25, 33, 32], [30, 14, 37, 20, 25, 20, 22, 38, 33, 5, 44, 33, 36, 46, 6, 42, 14, 46, 35, 0, 20, 20, 9, 0, 38], [4, 39, 38, 0, 41, 36, 8, 45, 24, 15, 6, 7, 0, 6, 40, 46, 2, 28, 17, 6, 47, 10, 34, 26, 24], [23, 17, 36, 21, 18, 36, 43, 24, 2, 36, 36, 3, 31, 24, 49, 33, 14, 45, 40, 21, 45, 2, 5, 2, 31], [0, 43, 7, 47, 45, 15, 19, 3, 10, 0, 26, 19, 47, 19, 32, 38, 23, 16, 33, 37, 34, 1, 32, 44, 1], [27, 37, 15, 8, 21, 22, 30, 33, 26, 35, 9, 12, 36, 46, 26, 11, 45, 34, 5, 17, 29, 49, 48, 26, 21], [5, 33, 14, 30, 17, 35, 0, 35, 0, 40, 24, 16, 3, 32, 42, 14, 28, 22, 38, 17, 33, 0, 16, 48, 13], [1, 24, 14, 22, 49, 29, 47, 38, 22, 0, 11, 45, 46, 36, 17, 13, 30, 0, 33, 26, 0, 10, 25, 38, 37], [44, 29, 15, 46, 24, 36, 12, 10, 42, 49, 13, 47, 23, 0, 33, 17, 22, 27, 16, 2, 3, 3, 12, 16, 47], [32, 0, 24, 49, 0, 28, 5, 25, 43, 10, 8, 45, 48, 11, 31, 12, 8, 30, 2, 3, 48, 23, 19, 48, 16], [37, 39, 36, 16, 24, 49, 39, 6, 22, 9, 7, 20, 33, 0, 19, 23, 4, 12, 41, 14, 31, 0, 29, 14, 6], [0, 0, 41, 41, 39, 42, 29, 44, 15, 28, 31, 14, 25, 7, 46, 24, 20, 38, 49, 18, 1, 25, 14, 21, 12], [7, 47, 30, 29, 26, 27, 0, 22, 38, 46, 35, 19, 8, 9, 25, 35, 6, 48, 3, 5, 38, 32, 0, 41, 0], [37, 48, 43, 8, 0, 41, 29, 26, 47, 45, 0, 0, 9, 0, 31, 3, 24, 44, 0, 30, 41, 35, 36, 22, 10], [8, 17, 44, 20, 16, 28, 45, 4, 14, 14, 11, 0, 19, 5, 30, 23, 15, 6, 48, 35, 14, 14, 2, 36, 17], [11, 7, 10, 42, 48, 6, 20, 33, 24, 15, 47, 20, 19, 7, 21, 8, 15, 4, 47, 36, 29, 12, 31, 20, 30], [33, 14, 44, 0, 17, 17, 41, 28, 47, 10, 37, 10, 46, 42, 38, 29, 20, 7, 13, 31, 18, 8, 0, 10, 43], [35, 17, 36, 45, 6, 46, 30, 30, 0, 21, 32, 37, 38, 0, 41, 45, 40, 0, 6, 46, 8, 1, 7, 24, 3], [46, 13, 0, 24, 23, 45, 8, 26, 1, 26, 40, 33, 47, 15, 12, 31, 24, 44, 36, 23, 47, 2, 12, 2, 31], [7, 18, 15, 48, 16, 8, 5, 39, 36, 6, 27, 16, 24, 39, 25, 29, 37, 33, 39, 40, 16, 15, 34, 15, 0], [44, 6, 9, 19, 46, 27, 1, 29, 12, 43, 43, 32, 45, 11, 0, 8, 0, 40, 16, 42, 35, 2, 9, 22, 48], [0, 44, 0, 12, 12, 37, 38, 9, 18, 14, 18, 32, 39, 2, 22, 0, 12, 37, 13, 2, 36, 11, 29, 42, 42], [40, 0, 48, 49, 0, 49, 26, 21, 40, 3, 12, 48, 31, 37, 39, 0, 15, 41, 28, 26, 32, 18, 11, 9, 6], [4, 5, 9, 22, 45, 29, 0, 26, 31, 0, 9, 18, 45, 4, 24, 43, 8, 31, 12, 47, 24, 3, 0, 37, 0], [1, 6, 32, 30, 41, 17, 7, 47, 35, 45, 3, 0, 5, 5, 18, 49, 43, 8, 44, 27, 36, 34, 11, 27, 28], [22, 19, 12, 33, 37, 18, 34, 0, 26, 40, 47, 45, 40, 22, 43, 5, 17, 7, 31, 12, 9, 45, 13, 12, 41], [1, 29, 11, 17, 17, 47, 11, 0, 0, 1, 23, 46, 14, 46, 42, 22, 15, 15, 12, 49, 23, 40, 46, 44, 8], [36, 28, 28, 0, 29, 43, 0, 2, 39, 12, 4, 29, 0, 48, 28, 20, 36, 29, 5, 29, 40, 8, 46, 5, 15], [9, 11, 14, 46, 0, 17, 21, 40, 42, 21, 32, 9, 12, 43, 48, 10, 46, 14, 12, 42, 49, 0, 37, 3, 19], [13, 3, 25, 14, 45, 41, 30, 19, 22, 21, 2, 44, 18, 10, 16, 25, 10, 17, 20, 0, 45, 33, 36, 22, 36], [26, 29, 42, 14, 42, 21, 15, 0, 3, 22, 30, 10, 12, 9, 23, 19, 20, 21, 5, 30, 25, 33, 26, 4, 35], [22, 33, 30, 47, 38, 2, 0, 44, 29, 22, 24, 39, 18, 15, 41, 29, 3, 48, 35, 42, 12, 15, 19, 10, 19], [31, 26, 0, 20, 25, 9, 41, 41, 46, 10, 10, 0, 0, 28, 3, 32, 38, 40, 49, 0, 37, 30, 13, 22, 14], [0, 4, 17, 37, 13, 33, 28, 4, 12, 22, 20, 15, 26, 38, 48, 30, 7, 42, 4, 1, 24, 0, 49, 0, 1], [17, 30, 35, 33, 9, 25, 15, 29, 14, 29, 11, 47, 41, 9, 0, 48, 19, 46, 0, 25, 17, 0, 0, 16, 39], [25, 10, 23, 0, 43, 31, 6, 47, 48, 20, 40, 44, 24, 0, 14, 22, 46, 13, 42, 24, 34, 29, 27, 30, 0], [47, 34, 27, 8, 7, 10, 28, 21, 33, 34, 25, 36, 11, 33, 35, 0, 2, 16, 7, 0, 37, 39, 4, 48, 23], [0, 23, 15, 19, 0, 25, 23, 40, 7, 41, 47, 0, 0, 20, 3, 18, 21, 9, 44, 14, 31, 19, 29, 33, 15], [9, 1, 23, 2, 34, 0, 43, 34, 13, 22, 6, 49, 34, 23, 31, 42, 18, 16, 9, 27, 41, 33, 19, 6, 37], [40, 21, 9, 32, 34, 29, 30, 4, 39, 10, 19, 36, 0, 21, 0, 13, 31, 36, 27, 8, 30, 36, 46, 26, 46], [21, 16, 24, 9, 22, 39, 25, 38, 2, 10, 11, 35, 40, 12, 16, 48, 45, 12, 2, 14, 22, 5, 1, 39, 36], [31, 28, 25, 0, 0, 15, 27, 4, 0, 25, 37, 13, 17, 5, 31, 22, 47, 16, 0, 10, 34, 43, 21, 18, 8], [32, 33, 16, 33, 38, 12, 35, 7, 17, 45, 19, 13, 13, 1, 10, 45, 45, 29, 39, 7, 11, 8, 39, 43, 47], [47, 2, 29, 41, 0, 19, 45, 15, 12, 2, 44, 26, 32, 10, 42, 0, 49, 6, 13, 0, 45, 25, 41, 16, 40], [12, 26, 30, 0, 27, 26, 29, 38, 41, 11, 42, 48, 28, 1, 37, 0, 10, 44, 17, 3, 10, 7, 44, 8, 42], [44, 7, 35, 23, 0, 41, 11, 17, 6, 14, 23, 43, 19, 21, 3, 31, 15, 19, 36, 10, 23, 0, 29, 38, 45], [7, 42, 46, 9, 45, 4, 48, 0, 9, 18, 2, 25, 13, 14, 49, 5, 31, 10, 6, 6, 25, 26, 9, 41, 23], [43, 20, 36, 46, 8, 40, 45, 41, 11, 12, 16, 44, 32, 49, 41, 40, 37, 35, 49, 35, 23, 19, 8, 2, 16], [10, 42, 17, 12, 0, 44, 15, 6, 41, 7, 2, 31, 42, 25, 18, 28, 0, 30, 34, 45, 34, 46, 18, 14, 40], [9, 34, 32, 16, 41, 40, 15, 42, 22, 44, 29, 35, 32, 17, 0, 37, 27, 43, 43, 24, 6, 22, 47, 16, 40], [0, 14, 49, 45, 20, 12, 36, 32, 29, 2, 7, 19, 32, 4, 0, 16, 44, 44, 0, 40, 0, 27, 44, 45, 25], [37, 21, 47, 33, 7, 24, 2, 32, 0, 47, 20, 19, 6, 28, 1, 14, 24, 7, 30, 26, 28, 44, 5, 1, 45], [4, 21, 24, 32, 10, 9, 25, 7, 0, 24, 26, 3, 48, 24, 0, 26, 8, 42, 18, 43, 0, 13, 34, 11, 45], [20, 37, 26, 2, 17, 4, 28, 37, 11, 22, 33, 34, 48, 47, 21, 49, 17, 44, 41, 24, 27, 46, 24, 3, 33]]
Maintenance cost in each period m: 
[11263, 12476, 12186, 10355, 11360, 8958, 9188, 9029, 12482, 11011, 9548, 11372, 10740, 12086, 12331, 9527, 9201, 10259, 10128, 8882, 11929, 12428, 10830, 10575, 11711]
Maximum capacity of the machine cmax: 
4200