Set of periods in the planning horizon T: 
10
Set of products P: 
50
Capacity reduction coefficient alpha: 
0.8
Relative decrease of capacity per set up gamma: 
0.33
Capacity reduction coefficient due to product types beta: 
[0.3, 0.26, 0.2, 0.25, 0.29, 0.26, 0.22, 0.21, 0.39, 0.25, 0.25, 0.25, 0.3, 0.28, 0.36, 0.27, 0.26, 0.39, 0.26, 0.21, 0.32, 0.39, 0.4, 0.36, 0.24, 0.26, 0.28, 0.31, 0.32, 0.27, 0.36, 0.28, 0.3, 0.37, 0.34, 0.31, 0.35, 0.27, 0.29, 0.28, 0.26, 0.35, 0.3, 0.34, 0.21, 0.21, 0.37, 0.22, 0.22, 0.25]
Fixed production cost of each product in each period f: 
[[513, 786, 860, 604, 847, 812, 815, 712, 767, 522], [621, 668, 537, 952, 675, 958, 847, 683, 729, 533], [648, 833, 761, 682, 763, 706, 895, 709, 862, 935], [896, 848, 686, 769, 532, 926, 826, 671, 832, 583], [891, 921, 640, 771, 877, 716, 981, 868, 769, 964], [779, 854, 636, 602, 821, 565, 592, 868, 584, 620], [665, 609, 609, 832, 915, 802, 922, 961, 960, 715], [762, 623, 988, 668, 587, 587, 739, 887, 827, 982], [613, 797, 890, 701, 753, 661, 841, 757, 888, 924], [741, 724, 594, 945, 755, 604, 545, 779, 944, 755], [791, 860, 986, 714, 946, 688, 929, 661, 896, 626], [909, 937, 509, 884, 819, 602, 945, 527, 929, 999], [602, 918, 947, 841, 902, 591, 704, 892, 635, 666], [792, 716, 997, 592, 622, 991, 807, 637, 788, 569], [557, 922, 836, 846, 628, 547, 527, 746, 975, 638], [750, 825, 764, 703, 694, 657, 603, 932, 515, 733], [761, 967, 848, 877, 563, 913, 521, 634, 621, 721], [794, 562, 540, 750, 533, 563, 997, 566, 807, 625], [615, 998, 881, 600, 572, 930, 618, 526, 654, 662], [543, 584, 587, 705, 660, 623, 948, 848, 969, 517], [780, 917, 988, 932, 813, 524, 682, 571, 754, 603], [544, 614, 616, 655, 502, 543, 660, 600, 959, 658], [703, 761, 576, 885, 823, 535, 785, 802, 706, 824], [834, 732, 829, 771, 753, 930, 813, 951, 912, 948], [513, 671, 754, 955, 847, 663, 905, 880, 965, 969], [587, 754, 828, 861, 757, 791, 722, 838, 505, 909], [918, 893, 650, 807, 782, 654, 594, 562, 649, 805], [683, 931, 978, 987, 858, 509, 522, 981, 826, 921], [607, 674, 710, 707, 646, 713, 932, 706, 974, 758], [561, 936, 940, 684, 831, 693, 618, 888, 587, 826], [851, 654, 897, 759, 973, 855, 547, 761, 766, 797], [657, 985, 653, 874, 822, 797, 942, 892, 583, 854], [875, 703, 812, 541, 654, 625, 514, 987, 690, 751], [520, 933, 613, 587, 998, 610, 515, 802, 639, 636], [648, 897, 968, 671, 527, 500, 934, 552, 974, 762], [999, 762, 893, 759, 980, 827, 763, 853, 817, 690], [517, 806, 663, 517, 645, 871, 813, 730, 599, 642], [666, 732, 932, 990, 818, 570, 953, 991, 716, 755], [988, 706, 698, 874, 612, 799, 569, 928, 749, 883], [928, 623, 915, 728, 764, 506, 602, 851, 889, 551], [882, 883, 533, 912, 787, 519, 912, 641, 715, 530], [976, 965, 937, 766, 590, 763, 687, 660, 643, 851], [979, 932, 895, 910, 785, 530, 858, 921, 913, 713], [938, 929, 985, 632, 978, 549, 742, 588, 839, 570], [802, 892, 660, 627, 777, 507, 908, 840, 766, 894], [698, 964, 953, 629, 821, 554, 931, 581, 535, 866], [566, 673, 810, 789, 678, 792, 829, 835, 962, 692], [995, 586, 641, 846, 727, 595, 622, 703, 879, 526], [822, 557, 905, 890, 832, 800, 856, 844, 916, 667], [793, 762, 545, 968, 672, 720, 923, 827, 909, 684]]
Variable production cost per unit of each product in each period p: 
[[12, 13, 12, 11, 13, 12, 13, 10, 10, 12], [10, 12, 13, 11, 10, 10, 13, 10, 13, 12], [10, 12, 11, 11, 10, 13, 11, 11, 13, 11], [10, 12, 13, 12, 11, 12, 12, 12, 10, 10], [10, 11, 12, 11, 10, 11, 12, 12, 12, 10], [13, 11, 10, 11, 10, 10, 12, 10, 11, 10], [10, 12, 10, 13, 11, 12, 10, 10, 13, 12], [12, 12, 12, 12, 12, 13, 10, 10, 12, 11], [11, 12, 10, 10, 12, 11, 13, 12, 12, 10], [11, 11, 11, 13, 10, 10, 13, 10, 13, 12], [10, 13, 10, 13, 11, 11, 11, 13, 13, 12], [13, 12, 13, 12, 12, 12, 13, 11, 11, 12], [10, 10, 12, 11, 12, 13, 13, 11, 13, 10], [13, 10, 12, 10, 13, 11, 12, 12, 11, 13], [11, 12, 13, 11, 11, 11, 11, 10, 10, 11], [11, 10, 10, 10, 10, 10, 13, 13, 10, 10], [12, 13, 12, 13, 12, 13, 11, 10, 11, 12], [13, 13, 11, 11, 12, 12, 13, 11, 12, 13], [10, 13, 11, 11, 12, 13, 13, 13, 13, 12], [11, 12, 13, 11, 13, 12, 13, 13, 10, 10], [13, 11, 11, 13, 13, 13, 11, 10, 11, 11], [10, 10, 11, 11, 10, 13, 12, 13, 11, 13], [11, 13, 10, 12, 13, 13, 11, 10, 13, 12], [10, 13, 10, 13, 12, 10, 12, 11, 11, 13], [13, 10, 13, 13, 12, 13, 13, 13, 13, 11], [12, 10, 13, 11, 10, 10, 13, 10, 13, 12], [10, 10, 13, 13, 13, 12, 10, 13, 12, 13], [12, 11, 13, 13, 11, 13, 12, 10, 13, 10], [12, 10, 10, 12, 12, 12, 10, 13, 10, 10], [10, 13, 13, 10, 11, 10, 13, 11, 13, 10], [13, 10, 13, 10, 13, 11, 12, 12, 13, 10], [12, 12, 10, 10, 10, 11, 10, 12, 11, 13], [12, 10, 13, 13, 11, 13, 12, 10, 12, 13], [10, 11, 10, 11, 11, 13, 10, 12, 10, 12], [10, 13, 11, 10, 11, 11, 10, 11, 13, 12], [11, 13, 11, 11, 10, 11, 11, 10, 10, 12], [11, 11, 12, 10, 10, 10, 11, 11, 12, 12], [11, 10, 12, 11, 13, 13, 12, 13, 13, 11], [10, 10, 13, 11, 11, 13, 10, 13, 10, 10], [10, 12, 11, 13, 11, 12, 12, 11, 13, 10], [11, 12, 12, 13, 12, 11, 13, 13, 13, 13], [10, 11, 12, 10, 11, 11, 11, 12, 13, 13], [13, 12, 10, 10, 12, 11, 11, 12, 13, 12], [13, 12, 11, 11, 10, 13, 10, 10, 11, 12], [12, 13, 12, 10, 11, 11, 12, 13, 11, 11], [12, 10, 12, 11, 10, 13, 10, 11, 10, 13], [11, 12, 13, 13, 13, 13, 13, 10, 10, 12], [12, 10, 10, 10, 11, 11, 11, 13, 12, 13], [11, 11, 13, 12, 13, 11, 13, 13, 10, 13], [10, 11, 11, 12, 10, 13, 12, 10, 11, 11]]
Inventory holding cost per unit of each product by the end of each period h: 
[[9, 9, 8, 8, 7, 5, 8, 9, 8, 5], [6, 5, 6, 7, 8, 7, 5, 9, 7, 7], [9, 7, 7, 6, 5, 7, 7, 5, 5, 7], [6, 8, 8, 6, 6, 7, 8, 9, 9, 5], [9, 7, 5, 7, 9, 6, 9, 5, 5, 9], [7, 5, 5, 5, 8, 9, 9, 5, 6, 7], [8, 5, 7, 8, 5, 9, 8, 9, 6, 6], [5, 9, 9, 9, 8, 8, 8, 6, 6, 8], [9, 6, 8, 9, 5, 5, 8, 8, 8, 9], [9, 9, 9, 7, 6, 8, 8, 6, 9, 6], [5, 5, 5, 9, 7, 5, 5, 8, 9, 7], [9, 9, 7, 5, 9, 7, 6, 6, 9, 5], [5, 9, 6, 5, 6, 8, 9, 8, 5, 9], [5, 8, 8, 5, 5, 8, 6, 5, 7, 5], [9, 7, 8, 6, 8, 8, 7, 7, 5, 6], [9, 5, 5, 8, 5, 5, 5, 9, 6, 8], [7, 7, 8, 5, 9, 9, 9, 6, 5, 9], [8, 9, 8, 6, 8, 6, 6, 5, 9, 6], [6, 5, 9, 5, 6, 6, 9, 7, 7, 8], [7, 5, 6, 5, 9, 7, 9, 6, 8, 5], [7, 8, 5, 9, 9, 5, 8, 9, 5, 6], [5, 9, 8, 6, 7, 6, 7, 7, 6, 7], [8, 6, 9, 8, 6, 5, 8, 9, 7, 5], [9, 5, 7, 6, 7, 8, 9, 6, 8, 5], [5, 5, 5, 8, 7, 7, 9, 8, 7, 6], [9, 9, 8, 7, 7, 9, 6, 9, 7, 7], [8, 9, 9, 6, 9, 9, 8, 5, 5, 6], [6, 5, 8, 5, 7, 9, 8, 7, 9, 6], [9, 7, 7, 8, 9, 6, 9, 9, 8, 5], [7, 6, 7, 6, 5, 5, 6, 7, 6, 7], [8, 9, 5, 8, 5, 8, 5, 7, 9, 7], [6, 5, 6, 9, 8, 6, 6, 6, 9, 6], [7, 6, 9, 9, 7, 5, 5, 5, 9, 7], [9, 7, 8, 6, 9, 9, 8, 7, 7, 7], [6, 7, 9, 8, 9, 7, 7, 6, 8, 5], [8, 9, 6, 5, 9, 5, 7, 9, 6, 5], [9, 9, 9, 7, 7, 6, 5, 8, 7, 8], [5, 8, 6, 7, 7, 7, 8, 8, 6, 9], [8, 9, 7, 7, 7, 9, 9, 9, 9, 8], [9, 6, 6, 9, 6, 8, 5, 8, 9, 5], [7, 9, 5, 6, 9, 6, 8, 5, 5, 9], [9, 6, 9, 7, 9, 6, 9, 7, 9, 9], [9, 5, 7, 7, 6, 9, 8, 9, 8, 6], [7, 8, 6, 7, 6, 9, 5, 7, 8, 5], [6, 6, 7, 5, 8, 6, 9, 6, 5, 8], [7, 8, 6, 6, 5, 5, 6, 7, 9, 6], [7, 8, 7, 6, 6, 5, 7, 5, 6, 8], [8, 5, 6, 9, 5, 9, 5, 5, 6, 6], [8, 8, 9, 7, 7, 8, 8, 6, 9, 9], [9, 8, 9, 6, 9, 5, 9, 9, 7, 7]]
Demand for each product in each period d: 
[[9, 5, 23, 7, 42, 34, 36, 0, 2, 22], [32, 45, 16, 36, 30, 5, 28, 17, 46, 17], [28, 27, 45, 20, 9, 31, 14, 38, 26, 16], [13, 12, 48, 18, 12, 43, 41, 30, 40, 30], [47, 4, 22, 17, 18, 26, 42, 45, 26, 33], [40, 0, 21, 38, 28, 45, 9, 34, 22, 9], [25, 44, 0, 29, 15, 23, 18, 44, 24, 30], [47, 26, 18, 14, 45, 37, 19, 0, 27, 0], [28, 8, 37, 38, 42, 29, 28, 0, 31, 4], [16, 13, 47, 1, 48, 0, 23, 2, 45, 0], [0, 35, 11, 16, 23, 26, 49, 44, 10, 18], [48, 2, 45, 0, 29, 25, 13, 0, 40, 26], [6, 24, 43, 27, 38, 34, 14, 12, 43, 3], [16, 27, 16, 38, 27, 12, 28, 39, 29, 13], [15, 31, 7, 26, 18, 3, 6, 35, 35, 25], [28, 30, 39, 31, 18, 31, 4, 11, 0, 28], [34, 7, 39, 26, 47, 20, 31, 3, 19, 21], [46, 28, 38, 29, 7, 35, 37, 46, 26, 18], [40, 0, 30, 35, 39, 38, 48, 34, 38, 21], [25, 34, 25, 49, 41, 7, 0, 13, 15, 21], [5, 21, 22, 13, 15, 30, 47, 28, 48, 17], [22, 40, 5, 21, 31, 28, 3, 3, 23, 7], [32, 46, 34, 32, 49, 5, 46, 46, 34, 13], [17, 36, 6, 46, 18, 46, 0, 37, 37, 37], [35, 4, 45, 25, 39, 32, 31, 37, 26, 38], [1, 20, 49, 7, 23, 13, 4, 3, 23, 7], [43, 6, 0, 10, 40, 13, 1, 19, 25, 26], [3, 5, 39, 8, 28, 23, 19, 12, 5, 11], [23, 11, 17, 34, 46, 25, 8, 23, 0, 37], [26, 12, 0, 22, 42, 26, 6, 35, 14, 3], [31, 35, 16, 34, 0, 42, 22, 2, 10, 19], [7, 27, 40, 27, 4, 22, 8, 36, 32, 33], [0, 26, 0, 8, 6, 46, 27, 16, 44, 40], [42, 2, 6, 9, 29, 29, 16, 38, 37, 47], [28, 41, 0, 34, 16, 0, 26, 10, 13, 6], [1, 34, 10, 43, 10, 44, 35, 28, 33, 11], [17, 9, 38, 0, 38, 34, 29, 48, 15, 15], [8, 19, 23, 0, 40, 26, 17, 24, 26, 40], [10, 18, 4, 13, 40, 18, 2, 27, 14, 15], [48, 8, 13, 6, 0, 26, 15, 10, 41, 42], [19, 0, 34, 13, 47, 9, 46, 20, 17, 45], [41, 20, 16, 37, 43, 21, 0, 14, 36, 24], [25, 0, 40, 2, 10, 20, 45, 19, 13, 39], [48, 24, 7, 7, 3, 31, 44, 40, 30, 35], [0, 9, 43, 18, 36, 29, 0, 4, 24, 25], [10, 21, 14, 29, 12, 11, 38, 34, 49, 9], [20, 23, 9, 20, 49, 16, 33, 49, 30, 35], [3, 12, 16, 42, 35, 39, 13, 15, 37, 46], [15, 44, 44, 12, 26, 43, 0, 44, 15, 33], [39, 42, 4, 12, 36, 23, 30, 27, 0, 42]]
Maintenance cost in each period m: 
[5548, 6076, 4238, 4060, 4157, 2925, 2984, 5383, 2737, 5214]
Maximum capacity of the machine cmax: 
2250