Set of periods in the planning horizon T: 
25
Set of products P: 
25
Capacity reduction coefficient alpha: 
0.8
Relative decrease of capacity per set up gamma: 
0.26
Capacity reduction coefficient due to product types beta: 
[0.0, 0.0, 0.0, 0.0, 0.0, 0.0, 0.0, 0.0, 0.0, 0.0, 0.0, 0.0, 0.0, 0.0, 0.0, 0.0, 0.0, 0.0, 0.0, 0.0, 0.0, 0.0, 0.0, 0.0, 0.0]
Fixed production cost of each product in each period f: 
[[792, 656, 631, 763, 762, 916, 770, 583, 658, 639, 599, 776, 766, 896, 913, 911, 687, 925, 676, 771, 728, 554, 567, 500, 940], [617, 987, 739, 604, 749, 510, 641, 942, 602, 798, 955, 537, 857, 668, 773, 801, 894, 795, 920, 741, 711, 551, 705, 619, 958], [515, 520, 985, 625, 759, 954, 900, 661, 923, 789, 867, 685, 996, 636, 586, 601, 943, 811, 718, 833, 782, 957, 835, 949, 774], [879, 727, 919, 931, 641, 924, 851, 699, 521, 597, 925, 778, 993, 739, 584, 753, 592, 571, 735, 524, 753, 842, 523, 616, 602], [875, 905, 981, 769, 513, 593, 624, 957, 636, 967, 779, 788, 510, 915, 858, 926, 860, 702, 506, 679, 870, 966, 526, 717, 721], [715, 658, 930, 605, 511, 623, 886, 817, 707, 765, 890, 503, 983, 658, 916, 686, 702, 607, 635, 649, 666, 710, 779, 814, 781], [500, 749, 626, 541, 623, 906, 774, 869, 686, 656, 907, 800, 559, 921, 517, 805, 958, 542, 620, 914, 504, 951, 506, 675, 645], [582, 971, 724, 944, 775, 724, 650, 833, 568, 937, 635, 965, 863, 574, 827, 515, 968, 613, 997, 930, 817, 846, 617, 726, 810], [501, 859, 506, 513, 870, 500, 566, 912, 507, 859, 966, 676, 957, 874, 640, 915, 824, 728, 650, 585, 584, 615, 858, 929, 835], [946, 555, 817, 592, 937, 641, 681, 885, 844, 823, 815, 726, 652, 671, 764, 725, 544, 986, 681, 659, 832, 764, 596, 592, 575], [998, 970, 586, 821, 543, 819, 718, 768, 521, 583, 689, 839, 877, 833, 654, 968, 660, 544, 947, 828, 957, 822, 625, 804, 524], [812, 565, 996, 633, 597, 719, 780, 508, 699, 788, 634, 525, 935, 743, 815, 703, 565, 735, 559, 865, 729, 669, 961, 593, 974], [607, 797, 758, 991, 981, 521, 800, 604, 647, 643, 742, 725, 786, 685, 937, 543, 869, 846, 671, 788, 591, 605, 519, 686, 797], [635, 569, 787, 688, 757, 604, 731, 831, 690, 646, 574, 906, 690, 685, 651, 627, 741, 590, 707, 558, 531, 809, 734, 847, 706], [740, 578, 881, 598, 549, 590, 631, 574, 863, 641, 767, 977, 841, 730, 958, 531, 734, 996, 869, 972, 733, 943, 586, 589, 664], [736, 523, 584, 971, 661, 909, 781, 592, 775, 768, 968, 625, 543, 690, 964, 545, 791, 764, 724, 757, 734, 860, 947, 535, 722], [651, 909, 864, 693, 773, 847, 660, 981, 997, 914, 642, 897, 545, 656, 774, 527, 621, 940, 549, 535, 565, 829, 563, 937, 528], [534, 642, 788, 896, 967, 782, 983, 724, 896, 769, 839, 791, 896, 755, 971, 514, 572, 812, 595, 755, 716, 968, 895, 692, 917], [707, 903, 807, 986, 638, 901, 888, 570, 500, 798, 667, 514, 532, 668, 776, 855, 768, 558, 868, 979, 784, 539, 987, 790, 652], [914, 509, 732, 726, 950, 937, 735, 674, 746, 886, 851, 636, 944, 792, 618, 926, 820, 841, 580, 609, 865, 656, 921, 886, 814], [693, 945, 568, 807, 529, 727, 923, 855, 801, 668, 511, 917, 824, 533, 688, 691, 638, 698, 939, 977, 852, 620, 710, 858, 625], [657, 741, 883, 935, 575, 968, 967, 823, 564, 633, 790, 721, 697, 560, 904, 562, 608, 756, 688, 650, 614, 671, 781, 947, 568], [588, 856, 821, 728, 635, 571, 974, 555, 911, 953, 850, 644, 562, 545, 678, 975, 512, 915, 650, 896, 559, 625, 981, 794, 736], [628, 756, 788, 674, 635, 640, 511, 530, 669, 944, 713, 730, 984, 793, 810, 985, 549, 750, 665, 781, 526, 647, 637, 814, 713], [544, 979, 946, 731, 539, 676, 979, 950, 643, 626, 832, 808, 803, 779, 657, 590, 706, 962, 861, 653, 915, 550, 605, 740, 711]]
Variable production cost per unit of each product in each period p: 
[[13, 10, 11, 11, 13, 10, 11, 10, 10, 10, 12, 11, 12, 10, 10, 10, 13, 12, 11, 10, 13, 11, 11, 11, 11], [10, 11, 12, 10, 12, 10, 13, 11, 12, 13, 10, 13, 10, 13, 11, 12, 13, 13, 11, 10, 12, 11, 12, 10, 10], [10, 11, 11, 12, 10, 12, 12, 11, 13, 10, 10, 13, 13, 11, 12, 12, 13, 13, 13, 13, 10, 11, 13, 12, 11], [11, 11, 11, 11, 12, 13, 10, 13, 10, 10, 10, 12, 13, 11, 13, 12, 12, 13, 11, 13, 13, 13, 13, 13, 11], [12, 10, 12, 12, 13, 13, 10, 12, 10, 12, 12, 13, 10, 13, 11, 12, 12, 12, 12, 11, 13, 12, 10, 10, 10], [13, 11, 11, 10, 13, 13, 13, 12, 10, 11, 10, 10, 13, 10, 10, 12, 11, 12, 10, 13, 12, 11, 10, 13, 11], [10, 12, 10, 13, 13, 10, 10, 13, 10, 12, 10, 11, 10, 13, 11, 12, 10, 12, 13, 12, 13, 12, 12, 13, 12], [10, 11, 10, 13, 11, 12, 12, 10, 13, 13, 10, 12, 13, 11, 11, 11, 12, 12, 13, 12, 12, 13, 13, 10, 11], [12, 11, 11, 12, 10, 13, 11, 13, 12, 11, 10, 10, 11, 11, 13, 11, 11, 11, 12, 11, 11, 13, 13, 13, 13], [10, 12, 10, 10, 12, 11, 13, 10, 11, 10, 12, 12, 13, 12, 13, 11, 11, 13, 10, 11, 11, 11, 13, 11, 10], [11, 10, 10, 13, 10, 11, 10, 11, 13, 10, 11, 11, 11, 12, 11, 11, 10, 13, 13, 11, 11, 13, 12, 13, 13], [12, 10, 10, 13, 13, 12, 13, 13, 12, 13, 10, 11, 10, 11, 13, 13, 12, 10, 11, 11, 13, 13, 12, 10, 12], [11, 13, 11, 12, 13, 12, 10, 11, 11, 10, 12, 11, 12, 12, 12, 10, 11, 10, 12, 11, 13, 13, 10, 13, 12], [13, 13, 10, 12, 13, 12, 12, 12, 13, 12, 13, 12, 12, 12, 10, 12, 12, 11, 11, 10, 13, 12, 12, 12, 12], [10, 12, 12, 12, 11, 10, 10, 10, 11, 12, 13, 13, 12, 11, 13, 12, 13, 13, 12, 13, 13, 11, 12, 10, 10], [11, 10, 10, 11, 12, 12, 11, 13, 10, 10, 13, 10, 11, 12, 13, 13, 12, 13, 10, 11, 12, 11, 11, 11, 11], [12, 13, 12, 10, 12, 12, 11, 11, 10, 13, 10, 11, 12, 13, 12, 12, 11, 11, 10, 12, 12, 10, 10, 11, 12], [11, 10, 10, 13, 11, 12, 12, 10, 11, 10, 12, 13, 10, 10, 13, 12, 12, 10, 10, 12, 13, 12, 13, 10, 13], [12, 10, 10, 13, 13, 10, 10, 12, 13, 13, 10, 10, 13, 13, 10, 13, 11, 10, 12, 11, 11, 10, 10, 11, 12], [11, 10, 10, 13, 11, 10, 11, 12, 11, 10, 11, 11, 10, 11, 10, 13, 13, 11, 11, 11, 10, 13, 13, 12, 11], [10, 13, 13, 13, 13, 13, 12, 10, 12, 11, 11, 11, 13, 12, 13, 10, 10, 13, 13, 11, 12, 13, 13, 10, 11], [10, 12, 13, 10, 12, 10, 13, 13, 10, 10, 12, 11, 10, 11, 12, 13, 11, 12, 11, 12, 12, 10, 12, 13, 11], [13, 11, 13, 11, 10, 11, 11, 13, 12, 13, 10, 11, 10, 11, 12, 11, 11, 11, 13, 10, 12, 12, 12, 11, 11], [11, 13, 13, 11, 12, 11, 12, 13, 12, 13, 12, 12, 11, 12, 13, 11, 13, 13, 11, 12, 13, 12, 10, 11, 13], [10, 13, 10, 13, 12, 10, 13, 11, 13, 12, 13, 11, 13, 10, 13, 13, 10, 13, 12, 13, 10, 12, 13, 10, 11]]
Inventory holding cost per unit of each product by the end of each period h: 
[[6, 9, 5, 8, 7, 5, 7, 7, 7, 9, 7, 9, 7, 6, 6, 5, 5, 7, 6, 5, 9, 9, 9, 6, 9], [9, 8, 8, 6, 5, 9, 6, 7, 8, 6, 5, 5, 5, 8, 7, 6, 6, 9, 7, 9, 9, 9, 6, 5, 8], [8, 9, 5, 9, 9, 7, 9, 9, 7, 9, 7, 7, 7, 8, 8, 6, 9, 6, 5, 8, 9, 5, 6, 7, 7], [5, 8, 6, 9, 5, 8, 5, 6, 7, 6, 5, 6, 6, 7, 5, 5, 6, 5, 6, 7, 6, 9, 8, 7, 8], [6, 5, 5, 5, 8, 7, 5, 6, 6, 5, 9, 8, 8, 8, 9, 9, 5, 7, 7, 6, 8, 8, 7, 5, 5], [6, 6, 7, 6, 6, 7, 8, 7, 7, 8, 8, 5, 7, 7, 9, 7, 5, 9, 5, 5, 9, 8, 5, 6, 5], [5, 6, 9, 9, 9, 7, 7, 5, 8, 6, 9, 5, 9, 6, 6, 8, 6, 7, 8, 5, 5, 5, 9, 6, 6], [6, 6, 9, 5, 5, 6, 8, 6, 8, 7, 8, 9, 6, 5, 7, 6, 5, 6, 7, 6, 9, 6, 7, 5, 7], [5, 6, 8, 6, 7, 6, 8, 9, 6, 7, 7, 7, 9, 5, 9, 7, 6, 8, 5, 9, 5, 9, 6, 9, 8], [5, 5, 7, 9, 5, 9, 6, 6, 7, 6, 7, 6, 9, 8, 8, 6, 7, 6, 5, 9, 5, 6, 9, 6, 8], [6, 7, 6, 7, 8, 7, 5, 5, 7, 7, 6, 5, 6, 5, 6, 9, 6, 8, 8, 5, 5, 5, 9, 8, 7], [5, 7, 7, 7, 8, 6, 6, 5, 7, 6, 8, 7, 5, 5, 5, 9, 6, 5, 7, 8, 7, 9, 8, 6, 8], [8, 7, 8, 8, 7, 5, 5, 6, 7, 5, 7, 7, 9, 8, 8, 5, 6, 5, 5, 7, 6, 8, 6, 8, 5], [9, 6, 9, 8, 8, 7, 9, 8, 5, 6, 6, 9, 9, 8, 9, 9, 7, 7, 6, 7, 7, 7, 9, 8, 6], [8, 5, 8, 6, 9, 9, 6, 6, 8, 9, 9, 6, 9, 6, 5, 7, 7, 9, 8, 6, 9, 8, 7, 6, 7], [6, 9, 6, 7, 6, 8, 5, 7, 9, 5, 8, 6, 5, 7, 5, 8, 8, 5, 8, 9, 9, 6, 8, 7, 9], [8, 8, 9, 5, 7, 8, 6, 5, 8, 5, 8, 8, 5, 8, 9, 6, 6, 8, 6, 5, 7, 6, 8, 8, 9], [9, 8, 7, 6, 6, 6, 5, 9, 6, 7, 8, 8, 8, 9, 6, 7, 7, 5, 6, 8, 8, 8, 7, 7, 8], [7, 5, 7, 6, 9, 5, 9, 8, 9, 9, 6, 9, 9, 7, 5, 6, 7, 5, 9, 9, 8, 6, 7, 8, 6], [8, 6, 7, 6, 7, 7, 7, 8, 6, 7, 8, 9, 6, 7, 9, 7, 9, 5, 5, 6, 9, 8, 8, 5, 8], [6, 5, 7, 9, 6, 6, 8, 9, 5, 7, 9, 9, 7, 7, 6, 6, 5, 9, 8, 6, 7, 5, 8, 7, 7], [8, 9, 8, 8, 5, 7, 6, 6, 8, 6, 9, 9, 5, 5, 7, 6, 7, 9, 9, 9, 7, 5, 9, 8, 5], [8, 7, 6, 9, 5, 9, 7, 6, 6, 7, 9, 9, 6, 7, 8, 9, 9, 9, 6, 6, 5, 9, 9, 8, 8], [5, 5, 5, 9, 8, 9, 7, 5, 7, 8, 9, 7, 5, 9, 6, 7, 5, 6, 7, 9, 5, 9, 9, 9, 7], [6, 6, 7, 6, 5, 5, 5, 5, 5, 9, 8, 6, 5, 7, 7, 5, 7, 5, 6, 6, 8, 7, 5, 5, 7]]
Demand for each product in each period d: 
[[39, 42, 9, 32, 0, 17, 15, 0, 39, 39, 3, 21, 2, 32, 26, 36, 42, 49, 48, 35, 32, 15, 41, 16, 31], [0, 31, 37, 6, 2, 34, 22, 40, 4, 6, 10, 44, 38, 30, 10, 0, 48, 16, 37, 34, 17, 44, 5, 13, 2], [21, 16, 9, 18, 25, 2, 13, 47, 27, 3, 26, 25, 30, 20, 3, 19, 27, 34, 22, 35, 20, 25, 23, 29, 8], [34, 16, 41, 4, 26, 36, 47, 40, 43, 21, 49, 34, 0, 19, 35, 6, 22, 11, 27, 14, 0, 23, 33, 35, 0], [27, 26, 40, 4, 42, 26, 30, 45, 38, 11, 31, 19, 36, 37, 17, 34, 47, 2, 32, 2, 21, 12, 24, 20, 41], [1, 20, 22, 44, 4, 21, 0, 23, 5, 26, 41, 24, 30, 32, 26, 14, 35, 7, 26, 5, 31, 1, 46, 49, 31], [22, 27, 4, 46, 17, 33, 10, 41, 25, 38, 13, 26, 40, 34, 22, 16, 29, 28, 5, 49, 47, 14, 38, 12, 2], [47, 22, 32, 23, 46, 23, 40, 47, 25, 6, 33, 37, 23, 37, 44, 41, 42, 1, 38, 11, 45, 31, 6, 30, 5], [12, 1, 35, 32, 49, 14, 26, 0, 38, 5, 49, 36, 43, 12, 0, 45, 25, 17, 49, 17, 42, 6, 25, 47, 34], [0, 32, 46, 16, 43, 23, 47, 7, 3, 29, 32, 44, 49, 34, 46, 43, 47, 27, 14, 8, 19, 37, 21, 9, 1], [18, 0, 33, 38, 47, 23, 40, 26, 23, 0, 42, 23, 44, 49, 33, 0, 36, 13, 45, 6, 37, 30, 38, 12, 14], [6, 34, 14, 37, 24, 47, 35, 5, 22, 7, 16, 37, 8, 41, 1, 25, 8, 44, 31, 3, 21, 35, 11, 39, 18], [48, 15, 28, 10, 21, 48, 32, 11, 32, 0, 26, 10, 42, 36, 25, 16, 32, 49, 48, 23, 25, 0, 5, 0, 22], [41, 6, 8, 29, 7, 7, 12, 49, 20, 17, 38, 16, 0, 15, 38, 1, 27, 38, 18, 12, 13, 32, 35, 39, 38], [36, 0, 42, 44, 26, 13, 34, 22, 0, 42, 48, 5, 3, 22, 0, 10, 1, 47, 12, 45, 16, 4, 44, 34, 41], [12, 19, 44, 27, 24, 29, 10, 0, 45, 14, 27, 49, 0, 19, 48, 36, 45, 15, 13, 20, 8, 38, 37, 49, 24], [45, 27, 30, 7, 7, 16, 8, 15, 25, 40, 0, 20, 30, 34, 0, 21, 20, 2, 0, 21, 44, 41, 15, 0, 0], [0, 7, 25, 33, 30, 31, 0, 11, 41, 18, 21, 30, 46, 26, 19, 0, 39, 15, 44, 49, 2, 0, 15, 14, 15], [20, 11, 0, 10, 36, 46, 11, 25, 12, 49, 38, 34, 37, 36, 4, 26, 1, 17, 6, 32, 3, 13, 37, 26, 44], [30, 38, 18, 0, 41, 44, 38, 33, 20, 45, 26, 37, 20, 4, 12, 44, 0, 0, 40, 22, 16, 43, 28, 45, 46], [0, 23, 23, 39, 19, 33, 23, 12, 7, 18, 19, 47, 43, 39, 13, 37, 27, 7, 19, 43, 41, 47, 35, 24, 34], [9, 46, 40, 30, 0, 43, 0, 47, 9, 35, 7, 17, 23, 12, 49, 24, 23, 39, 26, 15, 37, 24, 41, 48, 21], [20, 45, 14, 24, 41, 6, 12, 33, 38, 24, 32, 13, 49, 0, 0, 37, 20, 45, 23, 49, 0, 49, 9, 0, 35], [0, 12, 7, 32, 39, 40, 35, 8, 0, 24, 49, 26, 15, 3, 31, 49, 43, 0, 28, 47, 17, 40, 0, 7, 0], [39, 4, 45, 25, 5, 44, 40, 33, 23, 37, 1, 20, 41, 3, 27, 6, 0, 0, 3, 26, 28, 32, 32, 44, 20]]
Maintenance cost in each period m: 
[26540, 25003, 25276, 24072, 26046, 24528, 23385, 23034, 24901, 22912, 23848, 25670, 23361, 25971, 24888, 23405, 24289, 24431, 24565, 26091, 26688, 24872, 24129, 25846, 23937]
Maximum capacity of the machine cmax: 
1100