Set of periods in the planning horizon T: 
25
Set of products P: 
20
Capacity reduction coefficient alpha: 
0.8
Relative decrease of capacity per set up gamma: 
0.25
Capacity reduction coefficient due to product types beta: 
[0.33, 0.29, 0.2, 0.26, 0.37, 0.29, 0.23, 0.37, 0.33, 0.35, 0.31, 0.29, 0.28, 0.38, 0.38, 0.33, 0.25, 0.21, 0.34, 0.33]
Fixed production cost of each product in each period f: 
[[623, 869, 676, 794, 565, 543, 813, 900, 702, 697, 553, 750, 751, 646, 581, 824, 816, 726, 583, 827, 685, 656, 999, 611, 677], [566, 545, 593, 517, 989, 639, 873, 906, 836, 873, 700, 536, 870, 995, 803, 637, 958, 891, 665, 956, 949, 964, 573, 780, 855], [750, 563, 661, 615, 916, 560, 950, 791, 909, 876, 976, 602, 587, 969, 511, 529, 878, 960, 502, 625, 964, 954, 719, 815, 717], [797, 516, 910, 847, 620, 791, 811, 509, 925, 654, 946, 609, 928, 540, 660, 851, 954, 897, 707, 872, 604, 542, 965, 727, 593], [581, 801, 600, 583, 554, 839, 875, 733, 919, 864, 659, 579, 518, 771, 892, 584, 711, 657, 928, 737, 641, 821, 792, 646, 630], [703, 683, 671, 923, 674, 635, 843, 674, 690, 681, 857, 687, 919, 506, 738, 713, 984, 685, 846, 631, 792, 748, 738, 618, 526], [915, 631, 733, 877, 873, 661, 955, 561, 744, 990, 912, 526, 630, 916, 911, 720, 946, 972, 851, 887, 882, 589, 721, 631, 705], [656, 930, 907, 864, 743, 641, 929, 596, 821, 730, 773, 530, 709, 774, 788, 789, 668, 687, 885, 933, 861, 611, 689, 594, 973], [762, 670, 549, 971, 844, 726, 620, 889, 550, 872, 981, 776, 964, 746, 583, 521, 673, 695, 807, 927, 972, 524, 932, 648, 521], [536, 999, 554, 635, 817, 521, 518, 548, 970, 679, 687, 868, 957, 664, 753, 565, 984, 719, 508, 953, 724, 738, 931, 995, 744], [598, 902, 940, 555, 895, 911, 912, 987, 734, 640, 549, 978, 726, 615, 666, 857, 851, 781, 528, 920, 621, 946, 774, 906, 798], [614, 756, 567, 550, 727, 860, 917, 533, 601, 599, 783, 565, 582, 506, 609, 597, 565, 868, 591, 640, 987, 933, 579, 652, 889], [753, 699, 929, 860, 995, 689, 827, 885, 896, 820, 561, 835, 622, 552, 911, 605, 928, 759, 690, 705, 958, 736, 663, 532, 645], [732, 835, 995, 982, 865, 506, 960, 933, 759, 675, 609, 616, 834, 972, 787, 652, 972, 715, 926, 509, 915, 722, 938, 808, 820], [792, 513, 529, 770, 690, 807, 925, 910, 563, 695, 600, 728, 709, 651, 833, 612, 913, 894, 512, 733, 938, 980, 885, 918, 883], [555, 893, 644, 773, 907, 580, 810, 533, 726, 825, 992, 951, 577, 600, 870, 557, 548, 699, 633, 747, 651, 915, 532, 828, 667], [779, 918, 699, 774, 999, 672, 882, 549, 688, 851, 632, 925, 693, 848, 913, 971, 533, 760, 873, 964, 835, 956, 839, 845, 885], [729, 784, 993, 821, 534, 522, 557, 765, 794, 522, 708, 750, 919, 858, 997, 533, 548, 696, 994, 870, 866, 544, 808, 910, 760], [720, 950, 766, 596, 598, 829, 918, 579, 743, 754, 527, 761, 575, 535, 811, 516, 717, 917, 650, 551, 500, 584, 877, 565, 961], [800, 572, 985, 785, 630, 631, 961, 701, 959, 919, 618, 825, 847, 941, 869, 540, 542, 853, 705, 916, 860, 921, 921, 599, 536]]
Variable production cost per unit of each product in each period p: 
[[11, 13, 10, 13, 13, 11, 12, 13, 13, 12, 12, 13, 11, 12, 12, 13, 12, 13, 10, 11, 11, 10, 13, 10, 13], [13, 12, 11, 10, 10, 12, 13, 13, 13, 13, 12, 13, 12, 13, 11, 12, 13, 11, 11, 10, 12, 12, 12, 11, 13], [11, 13, 10, 10, 11, 10, 10, 10, 10, 11, 13, 12, 11, 13, 13, 12, 11, 12, 12, 11, 12, 13, 12, 13, 11], [12, 10, 12, 10, 11, 11, 13, 13, 11, 11, 11, 11, 13, 12, 11, 12, 10, 12, 13, 13, 10, 11, 13, 12, 10], [12, 13, 11, 10, 13, 12, 12, 10, 11, 13, 13, 10, 11, 12, 10, 10, 10, 13, 11, 12, 13, 13, 12, 12, 10], [10, 13, 13, 10, 11, 10, 13, 13, 10, 10, 13, 13, 12, 10, 10, 10, 13, 11, 11, 13, 10, 12, 10, 10, 13], [10, 13, 11, 11, 13, 11, 13, 10, 11, 13, 11, 12, 10, 10, 13, 13, 12, 11, 11, 10, 10, 10, 12, 10, 10], [10, 12, 13, 13, 11, 10, 11, 11, 13, 10, 11, 12, 12, 12, 11, 10, 12, 12, 12, 12, 13, 11, 10, 13, 11], [12, 13, 11, 12, 10, 11, 13, 11, 13, 12, 10, 13, 13, 13, 10, 13, 11, 10, 10, 12, 10, 10, 10, 11, 11], [10, 12, 13, 13, 12, 10, 12, 13, 11, 13, 11, 12, 12, 12, 10, 13, 10, 10, 12, 13, 13, 10, 13, 11, 10], [10, 11, 12, 12, 12, 10, 12, 11, 12, 10, 10, 11, 11, 13, 10, 12, 10, 12, 12, 13, 13, 11, 10, 10, 10], [13, 10, 11, 13, 11, 13, 13, 12, 13, 12, 13, 11, 11, 11, 10, 10, 13, 11, 10, 11, 12, 11, 13, 12, 13], [13, 13, 13, 10, 10, 13, 11, 10, 10, 13, 11, 11, 12, 10, 12, 11, 10, 12, 13, 13, 13, 10, 12, 11, 11], [13, 12, 12, 11, 12, 11, 10, 11, 12, 11, 13, 13, 12, 11, 11, 11, 11, 13, 10, 10, 13, 13, 10, 13, 10], [12, 13, 12, 12, 11, 10, 11, 12, 11, 13, 11, 10, 11, 13, 12, 11, 10, 11, 10, 10, 10, 10, 12, 12, 12], [10, 11, 13, 11, 11, 13, 11, 13, 11, 11, 11, 11, 13, 13, 10, 11, 10, 13, 13, 11, 12, 11, 13, 12, 10], [10, 11, 11, 10, 10, 13, 11, 10, 10, 11, 13, 11, 10, 11, 11, 12, 12, 11, 12, 11, 10, 12, 10, 13, 13], [10, 10, 10, 12, 10, 11, 11, 13, 10, 12, 12, 12, 12, 12, 10, 13, 11, 12, 12, 12, 11, 13, 10, 10, 10], [10, 13, 11, 10, 11, 12, 12, 11, 10, 11, 10, 10, 11, 12, 10, 12, 11, 11, 10, 13, 13, 10, 11, 11, 10], [11, 12, 11, 13, 11, 11, 13, 12, 12, 11, 12, 12, 10, 12, 10, 11, 13, 11, 13, 10, 10, 11, 12, 10, 13]]
Inventory holding cost per unit of each product by the end of each period h: 
[[5, 5, 6, 5, 7, 9, 5, 6, 9, 8, 5, 8, 9, 7, 9, 7, 9, 5, 6, 5, 7, 6, 8, 7, 8], [6, 9, 8, 6, 9, 6, 9, 8, 6, 5, 5, 9, 8, 8, 7, 9, 7, 9, 6, 8, 5, 5, 9, 8, 5], [7, 8, 6, 6, 5, 5, 5, 9, 7, 7, 7, 8, 6, 6, 5, 8, 8, 7, 9, 7, 8, 5, 5, 9, 8], [9, 9, 7, 8, 9, 9, 8, 5, 5, 6, 8, 8, 9, 6, 9, 8, 9, 6, 6, 7, 7, 6, 6, 6, 8], [9, 9, 6, 5, 7, 5, 8, 9, 7, 6, 7, 6, 9, 8, 8, 5, 5, 6, 8, 7, 9, 7, 7, 9, 9], [6, 9, 8, 5, 7, 9, 5, 9, 9, 9, 8, 7, 9, 5, 9, 8, 9, 7, 7, 5, 6, 7, 7, 5, 7], [5, 7, 8, 6, 6, 8, 9, 5, 9, 7, 5, 5, 5, 7, 5, 8, 7, 8, 8, 7, 7, 5, 7, 5, 6], [9, 6, 7, 9, 7, 8, 8, 9, 5, 8, 9, 9, 6, 8, 8, 8, 5, 7, 8, 7, 8, 7, 7, 9, 7], [5, 5, 9, 7, 7, 7, 6, 7, 9, 7, 6, 6, 6, 6, 6, 6, 5, 6, 9, 7, 8, 8, 9, 5, 6], [9, 7, 8, 7, 5, 9, 9, 9, 6, 6, 7, 6, 5, 8, 9, 7, 9, 9, 6, 9, 6, 9, 6, 9, 9], [5, 8, 8, 6, 6, 5, 8, 6, 7, 8, 7, 9, 9, 6, 5, 6, 9, 5, 9, 9, 6, 8, 7, 9, 5], [7, 9, 8, 6, 9, 8, 5, 9, 8, 7, 7, 9, 8, 5, 5, 8, 8, 6, 5, 6, 8, 6, 6, 5, 7], [6, 6, 6, 7, 9, 6, 9, 8, 9, 6, 7, 6, 7, 5, 9, 9, 9, 6, 7, 5, 6, 6, 9, 5, 5], [7, 9, 5, 6, 8, 7, 5, 7, 5, 8, 7, 6, 7, 9, 8, 7, 6, 9, 7, 5, 9, 7, 9, 6, 7], [6, 7, 9, 8, 8, 5, 8, 7, 9, 6, 7, 9, 6, 9, 9, 7, 9, 5, 9, 7, 5, 7, 6, 6, 8], [5, 6, 7, 8, 5, 9, 6, 7, 7, 6, 6, 8, 8, 6, 9, 8, 9, 6, 6, 5, 7, 7, 7, 6, 6], [8, 5, 6, 8, 9, 6, 6, 9, 9, 5, 8, 8, 8, 5, 8, 6, 5, 5, 7, 7, 5, 8, 6, 8, 6], [5, 5, 5, 5, 7, 8, 5, 7, 6, 7, 5, 8, 6, 8, 7, 7, 8, 7, 8, 5, 5, 5, 7, 7, 7], [6, 9, 9, 5, 6, 7, 8, 6, 8, 9, 6, 9, 9, 7, 5, 8, 6, 8, 9, 9, 7, 5, 5, 6, 8], [9, 5, 5, 6, 8, 5, 7, 7, 7, 6, 6, 6, 9, 5, 8, 7, 5, 6, 5, 8, 9, 5, 6, 6, 5]]
Demand for each product in each period d: 
[[33, 14, 12, 16, 1, 32, 45, 0, 25, 42, 3, 0, 17, 46, 28, 42, 40, 5, 24, 36, 34, 32, 13, 30, 28], [30, 29, 12, 1, 17, 41, 44, 40, 18, 46, 12, 49, 43, 2, 10, 11, 49, 10, 22, 2, 16, 44, 42, 35, 12], [42, 8, 42, 7, 32, 36, 0, 41, 3, 40, 38, 3, 20, 27, 0, 0, 30, 48, 49, 15, 21, 12, 26, 8, 22], [25, 41, 22, 39, 19, 7, 9, 45, 35, 0, 3, 46, 40, 12, 33, 30, 4, 10, 22, 10, 18, 38, 29, 12, 31], [37, 46, 39, 37, 21, 17, 49, 12, 41, 48, 31, 15, 41, 36, 28, 22, 37, 11, 33, 34, 10, 49, 47, 0, 17], [26, 7, 11, 42, 20, 1, 6, 8, 30, 23, 48, 48, 0, 36, 23, 34, 35, 29, 38, 25, 28, 0, 34, 32, 15], [25, 12, 7, 31, 31, 47, 4, 44, 8, 15, 21, 19, 42, 44, 27, 40, 43, 27, 4, 32, 13, 6, 9, 1, 48], [29, 49, 39, 36, 25, 1, 8, 21, 11, 18, 38, 24, 41, 0, 41, 41, 48, 10, 40, 32, 2, 45, 40, 32, 17], [16, 36, 12, 0, 27, 0, 32, 38, 24, 43, 37, 39, 20, 48, 23, 2, 2, 9, 37, 24, 16, 29, 45, 13, 1], [37, 48, 2, 33, 33, 21, 36, 47, 43, 19, 24, 24, 20, 1, 8, 49, 21, 18, 10, 8, 43, 11, 31, 25, 21], [49, 33, 25, 39, 2, 31, 0, 48, 21, 17, 21, 42, 33, 0, 37, 34, 17, 4, 8, 8, 34, 16, 8, 45, 16], [43, 17, 24, 14, 15, 0, 14, 23, 47, 15, 46, 49, 49, 22, 0, 35, 48, 0, 14, 19, 46, 46, 33, 30, 15], [16, 20, 34, 5, 26, 14, 19, 5, 34, 4, 30, 5, 7, 16, 42, 18, 19, 33, 47, 38, 22, 0, 1, 44, 2], [15, 30, 47, 3, 5, 36, 10, 37, 5, 24, 21, 20, 12, 37, 38, 27, 15, 14, 14, 31, 0, 23, 14, 3, 3], [48, 35, 40, 21, 11, 33, 49, 0, 36, 3, 3, 28, 30, 44, 46, 23, 0, 40, 39, 36, 48, 26, 3, 0, 9], [30, 1, 20, 32, 23, 31, 44, 15, 30, 46, 6, 38, 6, 31, 29, 24, 16, 45, 15, 10, 26, 6, 48, 31, 8], [45, 16, 5, 47, 7, 28, 29, 24, 39, 49, 13, 17, 18, 35, 36, 32, 0, 46, 22, 29, 43, 46, 47, 34, 28], [0, 17, 11, 42, 38, 21, 0, 43, 9, 49, 5, 45, 22, 26, 21, 1, 3, 38, 14, 18, 42, 41, 32, 16, 40], [16, 40, 29, 26, 19, 48, 14, 28, 4, 40, 30, 7, 47, 0, 22, 23, 31, 39, 39, 30, 11, 31, 40, 20, 43], [9, 28, 10, 12, 24, 28, 35, 24, 11, 9, 48, 32, 27, 3, 3, 24, 2, 28, 16, 1, 30, 32, 9, 25, 0]]
Maintenance cost in each period m: 
[4797, 2613, 3275, 2839, 3859, 5247, 2500, 6385, 5941, 5417, 3406, 3041, 6472, 5559, 3605, 2758, 6419, 2799, 6008, 5873, 4954, 4800, 4218, 3896, 4221]
Maximum capacity of the machine cmax: 
880