Set of periods in the planning horizon T: 
35
Set of products P: 
125
Capacity reduction coefficient alpha: 
0.8
Relative decrease of capacity per set up gamma: 
0.38
Capacity reduction coefficient due to product types beta: 
[0.32, 0.26, 0.24, 0.38, 0.29, 0.33, 0.22, 0.21, 0.33, 0.23, 0.32, 0.24, 0.4, 0.38, 0.28, 0.34, 0.34, 0.32, 0.37, 0.32, 0.39, 0.26, 0.22, 0.24, 0.24, 0.37, 0.21, 0.29, 0.26, 0.3, 0.38, 0.32, 0.28, 0.21, 0.3, 0.36, 0.33, 0.2, 0.22, 0.2, 0.23, 0.32, 0.31, 0.25, 0.25, 0.29, 0.34, 0.39, 0.27, 0.32, 0.32, 0.22, 0.4, 0.38, 0.21, 0.29, 0.4, 0.29, 0.38, 0.26, 0.26, 0.33, 0.33, 0.33, 0.31, 0.2, 0.22, 0.39, 0.39, 0.27, 0.35, 0.27, 0.21, 0.23, 0.21, 0.23, 0.37, 0.23, 0.24, 0.35, 0.37, 0.29, 0.37, 0.34, 0.31, 0.35, 0.36, 0.26, 0.33, 0.31, 0.21, 0.24, 0.3, 0.23, 0.38, 0.2, 0.23, 0.36, 0.39, 0.3, 0.37, 0.3, 0.24, 0.37, 0.22, 0.28, 0.39, 0.4, 0.24, 0.34, 0.21, 0.33, 0.22, 0.37, 0.35, 0.25, 0.31, 0.33, 0.38, 0.28, 0.37, 0.29, 0.38, 0.26, 0.24]
Fixed production cost of each product in each period f: 
[[525, 716, 705, 740, 699, 775, 733, 591, 713, 554, 813, 698, 557, 900, 598, 903, 657, 795, 905, 935, 824, 513, 955, 848, 633, 675, 686, 650, 922, 847, 969, 554, 605, 828, 637], [534, 744, 500, 838, 647, 950, 566, 968, 696, 661, 789, 807, 527, 851, 629, 828, 838, 768, 908, 559, 867, 713, 743, 737, 738, 538, 579, 941, 908, 583, 879, 900, 544, 606, 619], [852, 593, 902, 829, 882, 564, 874, 811, 614, 681, 779, 777, 679, 756, 529, 846, 646, 797, 922, 911, 728, 874, 978, 931, 872, 617, 709, 876, 871, 902, 737, 629, 840, 870, 967], [995, 664, 799, 598, 544, 778, 577, 512, 791, 813, 872, 917, 718, 652, 947, 545, 670, 532, 900, 743, 832, 557, 684, 720, 507, 748, 968, 600, 981, 880, 971, 829, 936, 897, 515], [864, 719, 918, 652, 764, 858, 918, 893, 846, 946, 978, 578, 855, 695, 510, 753, 998, 995, 883, 886, 835, 713, 525, 937, 560, 721, 524, 832, 513, 577, 997, 938, 935, 966, 922], [664, 568, 883, 639, 855, 553, 664, 908, 889, 601, 555, 805, 877, 706, 598, 578, 524, 641, 585, 890, 541, 914, 598, 846, 555, 586, 779, 524, 853, 945, 885, 922, 882, 788, 898], [721, 748, 575, 945, 748, 720, 865, 534, 712, 777, 634, 682, 561, 979, 908, 563, 876, 713, 615, 558, 558, 664, 783, 894, 934, 755, 840, 784, 681, 643, 952, 789, 529, 861, 642], [819, 872, 897, 899, 764, 845, 937, 768, 734, 570, 830, 793, 534, 683, 651, 674, 908, 950, 991, 523, 615, 719, 507, 625, 740, 514, 806, 754, 777, 631, 612, 618, 964, 980, 709], [672, 545, 816, 838, 753, 762, 794, 582, 861, 903, 560, 680, 830, 693, 932, 614, 518, 620, 934, 988, 902, 713, 687, 938, 978, 881, 704, 839, 636, 725, 705, 891, 706, 667, 664], [962, 917, 866, 762, 645, 983, 745, 968, 609, 730, 696, 975, 921, 791, 715, 648, 522, 503, 867, 654, 872, 560, 798, 754, 515, 632, 728, 623, 942, 664, 615, 812, 596, 924, 943], [733, 888, 757, 615, 949, 642, 522, 582, 999, 882, 902, 808, 696, 983, 799, 873, 666, 951, 676, 940, 852, 774, 553, 519, 733, 700, 604, 983, 541, 885, 715, 852, 731, 845, 602], [561, 999, 981, 587, 979, 877, 681, 734, 600, 810, 696, 793, 955, 802, 626, 724, 630, 832, 998, 600, 639, 527, 945, 983, 903, 802, 658, 535, 772, 689, 917, 923, 879, 850, 820], [955, 901, 820, 584, 519, 640, 728, 567, 812, 999, 594, 757, 665, 549, 574, 749, 781, 671, 787, 929, 613, 698, 862, 922, 898, 724, 808, 695, 902, 599, 904, 989, 964, 768, 805], [770, 891, 520, 977, 671, 513, 874, 743, 527, 785, 963, 800, 568, 594, 537, 630, 571, 667, 966, 930, 603, 582, 971, 535, 551, 780, 852, 859, 777, 826, 519, 623, 874, 754, 866], [905, 994, 564, 980, 751, 997, 507, 829, 741, 814, 567, 514, 566, 921, 891, 777, 531, 595, 611, 508, 864, 876, 837, 539, 799, 718, 827, 940, 980, 926, 995, 522, 664, 967, 772], [984, 523, 525, 750, 561, 603, 615, 741, 783, 951, 877, 574, 818, 741, 539, 814, 752, 906, 739, 943, 571, 979, 671, 716, 520, 792, 525, 924, 840, 513, 652, 526, 918, 614, 943], [732, 748, 687, 830, 931, 529, 840, 707, 667, 865, 810, 786, 813, 774, 904, 598, 636, 660, 695, 748, 744, 837, 757, 628, 578, 720, 549, 543, 681, 769, 816, 575, 623, 594, 737], [504, 813, 557, 666, 696, 747, 724, 526, 769, 950, 508, 541, 973, 549, 658, 930, 561, 850, 769, 641, 928, 801, 933, 991, 876, 737, 753, 530, 822, 621, 627, 546, 696, 646, 686], [556, 790, 641, 512, 967, 592, 916, 656, 860, 799, 619, 799, 666, 696, 547, 971, 861, 650, 932, 955, 516, 551, 818, 695, 762, 550, 934, 941, 877, 808, 555, 955, 876, 925, 620], [858, 671, 909, 941, 881, 527, 847, 574, 975, 627, 842, 719, 816, 565, 871, 729, 788, 826, 583, 901, 921, 926, 971, 696, 981, 694, 858, 934, 656, 605, 730, 635, 718, 994, 823], [654, 583, 520, 769, 606, 786, 738, 734, 823, 824, 960, 801, 532, 637, 823, 902, 938, 944, 927, 567, 662, 894, 585, 627, 621, 571, 512, 923, 939, 687, 589, 540, 736, 559, 886], [541, 549, 729, 700, 898, 866, 646, 619, 893, 933, 510, 584, 555, 785, 697, 623, 679, 524, 510, 563, 701, 748, 690, 752, 703, 954, 829, 554, 732, 599, 582, 909, 801, 521, 998], [667, 851, 597, 980, 812, 972, 849, 932, 898, 994, 760, 668, 530, 891, 763, 910, 553, 881, 847, 768, 614, 561, 570, 506, 787, 960, 502, 821, 650, 563, 829, 643, 520, 969, 758], [638, 568, 765, 965, 917, 643, 885, 526, 905, 829, 949, 541, 811, 946, 986, 890, 622, 610, 769, 829, 779, 933, 601, 767, 866, 536, 883, 839, 538, 676, 778, 702, 616, 538, 912], [834, 595, 845, 781, 961, 831, 743, 847, 953, 657, 552, 828, 878, 656, 842, 582, 733, 626, 688, 893, 544, 790, 550, 726, 983, 688, 798, 797, 847, 549, 502, 763, 744, 931, 696], [865, 997, 828, 586, 835, 735, 794, 825, 842, 625, 508, 524, 541, 777, 999, 826, 646, 660, 765, 814, 675, 549, 545, 516, 786, 610, 513, 674, 951, 887, 677, 777, 822, 926, 941], [990, 841, 852, 717, 523, 912, 616, 505, 573, 909, 735, 998, 642, 737, 660, 978, 616, 921, 568, 772, 525, 709, 655, 638, 751, 815, 834, 916, 877, 503, 940, 700, 617, 971, 866], [550, 860, 923, 554, 693, 548, 767, 522, 963, 831, 824, 616, 724, 873, 726, 584, 817, 715, 667, 637, 882, 794, 805, 705, 812, 595, 616, 754, 701, 775, 944, 728, 545, 521, 932], [560, 879, 680, 581, 617, 507, 742, 989, 538, 658, 632, 672, 941, 801, 677, 870, 578, 814, 862, 916, 934, 893, 725, 884, 865, 830, 930, 657, 876, 831, 718, 899, 774, 556, 912], [787, 690, 867, 637, 833, 950, 609, 817, 730, 521, 986, 543, 854, 961, 636, 695, 780, 961, 947, 602, 921, 896, 971, 805, 575, 764, 956, 954, 818, 649, 650, 830, 645, 947, 921], [772, 600, 734, 652, 786, 972, 528, 928, 972, 550, 831, 850, 575, 695, 908, 569, 686, 718, 589, 883, 506, 974, 616, 561, 673, 504, 713, 651, 888, 910, 985, 848, 745, 660, 749], [801, 583, 691, 563, 848, 619, 850, 625, 948, 757, 888, 652, 744, 779, 508, 672, 908, 512, 883, 568, 908, 932, 603, 813, 666, 976, 701, 807, 946, 595, 943, 563, 834, 796, 589], [597, 934, 715, 664, 989, 520, 926, 567, 956, 766, 783, 567, 513, 999, 769, 853, 935, 552, 970, 770, 901, 796, 975, 982, 676, 544, 895, 795, 756, 862, 749, 749, 761, 646, 668], [801, 921, 845, 919, 783, 739, 950, 806, 515, 505, 520, 807, 593, 987, 907, 740, 596, 961, 889, 705, 808, 874, 577, 971, 967, 538, 873, 530, 977, 872, 629, 521, 724, 513, 520], [685, 688, 847, 639, 765, 648, 563, 924, 795, 766, 753, 844, 733, 834, 746, 711, 588, 586, 877, 768, 919, 537, 724, 642, 612, 881, 641, 846, 702, 888, 676, 860, 751, 550, 509], [840, 541, 525, 740, 650, 942, 603, 785, 532, 722, 954, 746, 510, 750, 875, 566, 974, 671, 975, 572, 554, 916, 848, 770, 776, 587, 516, 621, 918, 698, 736, 841, 507, 509, 595], [834, 879, 885, 947, 633, 773, 952, 638, 844, 955, 554, 706, 866, 754, 729, 523, 790, 619, 709, 549, 661, 960, 940, 574, 627, 975, 798, 925, 508, 832, 505, 809, 967, 634, 664], [602, 648, 949, 555, 847, 647, 913, 966, 699, 961, 989, 859, 610, 742, 819, 811, 543, 654, 542, 784, 731, 569, 974, 528, 973, 855, 666, 905, 738, 738, 655, 966, 886, 975, 671], [954, 552, 562, 766, 862, 885, 668, 952, 729, 992, 614, 519, 566, 654, 724, 890, 800, 922, 933, 993, 516, 664, 634, 764, 576, 778, 525, 626, 782, 625, 595, 957, 824, 857, 610], [630, 690, 755, 962, 767, 566, 922, 607, 930, 565, 525, 536, 517, 636, 899, 851, 800, 841, 800, 714, 591, 825, 935, 981, 676, 770, 918, 596, 634, 744, 561, 684, 617, 556, 507], [969, 786, 960, 960, 553, 518, 531, 974, 537, 551, 925, 615, 947, 795, 989, 804, 820, 785, 529, 931, 595, 944, 573, 805, 692, 736, 683, 755, 950, 759, 554, 924, 891, 952, 590], [678, 860, 734, 844, 694, 798, 556, 553, 763, 961, 926, 519, 513, 812, 960, 527, 522, 606, 556, 640, 579, 593, 619, 603, 647, 509, 903, 922, 809, 714, 792, 576, 851, 586, 614], [823, 541, 942, 614, 831, 777, 971, 729, 620, 649, 541, 840, 569, 961, 942, 983, 983, 971, 822, 692, 956, 974, 850, 513, 551, 552, 891, 761, 526, 840, 646, 764, 547, 576, 918], [916, 642, 707, 643, 950, 603, 739, 754, 795, 848, 728, 759, 891, 750, 849, 896, 643, 507, 936, 889, 536, 621, 562, 870, 825, 762, 650, 560, 615, 527, 598, 614, 739, 785, 889], [562, 747, 806, 688, 658, 650, 827, 702, 716, 543, 822, 595, 639, 587, 965, 518, 860, 950, 705, 642, 703, 985, 787, 964, 878, 713, 743, 753, 846, 957, 907, 642, 692, 732, 823], [902, 752, 622, 959, 734, 515, 566, 535, 765, 749, 536, 546, 667, 558, 749, 517, 688, 693, 775, 521, 773, 506, 916, 761, 572, 838, 909, 750, 808, 545, 659, 896, 728, 593, 517], [793, 938, 864, 748, 729, 923, 992, 500, 840, 546, 972, 796, 547, 916, 730, 563, 887, 888, 993, 555, 781, 513, 836, 908, 541, 687, 940, 577, 741, 865, 923, 582, 997, 702, 811], [513, 525, 760, 743, 653, 902, 621, 695, 678, 924, 639, 944, 842, 714, 595, 909, 855, 750, 772, 673, 958, 559, 924, 649, 736, 860, 727, 687, 866, 758, 573, 558, 624, 586, 926], [873, 911, 979, 958, 972, 958, 503, 692, 910, 909, 763, 797, 988, 596, 970, 707, 831, 853, 619, 598, 973, 853, 949, 614, 833, 811, 926, 501, 805, 920, 733, 555, 619, 531, 904], [959, 765, 909, 849, 854, 555, 809, 652, 569, 798, 878, 734, 836, 735, 760, 544, 544, 840, 932, 713, 779, 840, 890, 544, 872, 679, 987, 575, 934, 808, 710, 801, 953, 742, 881], [723, 576, 999, 832, 670, 766, 695, 867, 826, 510, 701, 767, 768, 838, 584, 573, 643, 677, 799, 919, 725, 813, 772, 844, 914, 807, 570, 989, 860, 774, 632, 517, 680, 644, 621], [831, 720, 702, 922, 879, 505, 896, 662, 871, 773, 895, 622, 714, 978, 512, 659, 583, 684, 923, 595, 959, 535, 559, 784, 688, 694, 827, 632, 802, 774, 603, 552, 615, 644, 747], [726, 926, 600, 516, 820, 841, 982, 564, 539, 588, 782, 861, 997, 750, 507, 696, 900, 608, 796, 576, 696, 568, 923, 528, 624, 796, 887, 993, 991, 980, 899, 827, 613, 580, 605], [872, 753, 626, 722, 620, 703, 920, 640, 895, 812, 622, 618, 759, 669, 524, 944, 880, 844, 739, 609, 568, 986, 778, 714, 970, 982, 628, 839, 641, 799, 971, 741, 603, 969, 937], [985, 837, 546, 696, 654, 737, 815, 770, 509, 845, 721, 529, 545, 703, 594, 566, 546, 675, 687, 775, 899, 503, 719, 885, 849, 685, 891, 737, 953, 961, 614, 662, 847, 959, 702], [727, 829, 813, 839, 572, 645, 669, 524, 508, 504, 848, 766, 576, 584, 798, 779, 988, 933, 968, 557, 563, 621, 747, 955, 632, 806, 665, 555, 589, 888, 572, 730, 980, 998, 742], [732, 991, 907, 573, 746, 659, 562, 575, 709, 624, 668, 887, 635, 709, 548, 909, 847, 791, 819, 923, 766, 724, 615, 587, 502, 521, 573, 927, 801, 855, 982, 923, 848, 733, 922], [556, 629, 830, 888, 547, 657, 839, 713, 581, 955, 889, 730, 501, 577, 568, 875, 815, 724, 553, 648, 845, 541, 523, 579, 626, 901, 745, 760, 881, 747, 724, 729, 856, 921, 610], [891, 897, 812, 631, 694, 915, 890, 757, 689, 681, 625, 780, 739, 602, 643, 742, 995, 517, 743, 858, 713, 886, 628, 665, 569, 866, 507, 698, 750, 836, 569, 602, 870, 779, 788], [516, 763, 901, 633, 773, 670, 869, 638, 729, 505, 668, 872, 513, 597, 578, 776, 547, 922, 829, 803, 590, 722, 763, 769, 549, 732, 766, 930, 510, 675, 984, 975, 829, 854, 826], [774, 622, 550, 831, 831, 915, 930, 940, 786, 576, 552, 754, 667, 522, 673, 514, 827, 885, 989, 535, 634, 556, 767, 577, 659, 904, 781, 836, 674, 838, 560, 978, 548, 782, 833], [561, 579, 696, 938, 980, 745, 698, 982, 820, 624, 806, 958, 915, 843, 772, 872, 981, 694, 693, 647, 564, 883, 630, 983, 569, 888, 673, 611, 842, 909, 863, 675, 806, 790, 616], [715, 509, 803, 596, 579, 890, 622, 922, 556, 548, 887, 928, 962, 504, 959, 891, 833, 823, 845, 756, 854, 512, 918, 951, 994, 566, 900, 905, 559, 888, 772, 624, 859, 681, 810], [802, 544, 909, 836, 777, 842, 763, 564, 675, 659, 967, 767, 788, 712, 600, 619, 907, 980, 553, 916, 873, 637, 855, 832, 540, 539, 809, 536, 895, 758, 778, 573, 962, 867, 840], [513, 962, 764, 782, 994, 564, 678, 890, 956, 558, 847, 773, 708, 743, 816, 609, 531, 500, 579, 605, 975, 645, 956, 787, 943, 768, 877, 554, 870, 993, 706, 647, 772, 942, 797], [700, 928, 839, 987, 886, 833, 959, 955, 991, 952, 644, 507, 596, 681, 600, 810, 617, 623, 546, 985, 932, 583, 693, 757, 843, 987, 520, 830, 899, 874, 970, 723, 954, 710, 622], [579, 657, 963, 598, 525, 982, 541, 832, 504, 714, 722, 653, 611, 845, 699, 694, 786, 659, 836, 727, 861, 635, 773, 860, 925, 508, 646, 674, 729, 867, 637, 722, 799, 670, 648], [586, 577, 960, 741, 757, 673, 587, 601, 528, 944, 683, 933, 558, 952, 628, 996, 846, 683, 945, 861, 703, 809, 538, 817, 528, 846, 603, 671, 692, 788, 527, 519, 734, 500, 541], [924, 911, 636, 850, 900, 788, 918, 747, 677, 923, 609, 657, 508, 814, 802, 541, 852, 765, 910, 865, 582, 534, 534, 959, 567, 843, 956, 749, 953, 633, 707, 904, 668, 924, 519], [643, 561, 639, 778, 680, 613, 569, 638, 674, 586, 807, 617, 858, 982, 816, 801, 620, 531, 849, 575, 800, 869, 613, 730, 856, 846, 872, 707, 582, 741, 946, 552, 758, 871, 616], [822, 826, 986, 618, 900, 906, 514, 606, 668, 965, 721, 831, 610, 827, 820, 603, 758, 814, 910, 867, 940, 906, 659, 563, 762, 903, 936, 953, 960, 521, 973, 559, 779, 587, 717], [900, 837, 798, 982, 695, 753, 827, 556, 922, 688, 730, 887, 792, 753, 735, 576, 687, 542, 976, 677, 594, 748, 689, 761, 833, 511, 671, 912, 753, 582, 793, 717, 706, 810, 641], [598, 624, 612, 707, 903, 576, 723, 886, 975, 634, 772, 739, 692, 504, 747, 900, 571, 580, 855, 805, 663, 553, 988, 927, 520, 584, 603, 893, 586, 697, 805, 802, 982, 908, 853], [623, 915, 567, 610, 955, 714, 954, 919, 712, 582, 643, 774, 923, 946, 790, 729, 657, 867, 814, 661, 610, 553, 583, 864, 562, 587, 847, 895, 898, 600, 927, 882, 741, 837, 973], [933, 718, 528, 677, 627, 887, 894, 893, 664, 745, 510, 603, 599, 893, 785, 942, 600, 807, 986, 961, 750, 803, 605, 607, 613, 570, 541, 775, 849, 933, 627, 576, 706, 735, 841], [536, 797, 584, 914, 732, 613, 757, 665, 810, 816, 901, 527, 878, 591, 725, 954, 734, 994, 937, 532, 580, 762, 627, 817, 528, 535, 528, 503, 642, 844, 554, 940, 524, 626, 617], [960, 513, 551, 872, 595, 518, 684, 886, 647, 779, 858, 951, 945, 816, 637, 928, 577, 960, 634, 731, 774, 570, 811, 773, 710, 808, 563, 585, 837, 842, 604, 634, 879, 506, 681], [924, 641, 849, 960, 906, 759, 826, 837, 605, 583, 790, 792, 524, 924, 556, 933, 972, 759, 681, 673, 865, 924, 715, 632, 780, 593, 751, 774, 534, 949, 656, 632, 905, 935, 626], [726, 667, 992, 603, 648, 576, 677, 512, 776, 660, 719, 754, 865, 854, 754, 797, 635, 587, 787, 841, 611, 800, 703, 550, 585, 844, 957, 643, 845, 890, 901, 795, 523, 926, 947], [598, 796, 884, 595, 573, 876, 983, 512, 767, 900, 928, 952, 993, 870, 570, 783, 664, 930, 598, 847, 575, 827, 971, 768, 966, 665, 991, 863, 697, 618, 625, 714, 631, 638, 532], [755, 575, 828, 755, 526, 517, 711, 867, 967, 809, 896, 521, 700, 982, 602, 540, 631, 753, 902, 732, 956, 890, 986, 604, 539, 558, 697, 538, 583, 751, 746, 824, 936, 911, 532], [704, 539, 915, 721, 834, 704, 820, 918, 656, 949, 975, 608, 646, 645, 763, 792, 989, 843, 927, 640, 730, 603, 774, 826, 555, 560, 793, 907, 789, 996, 948, 593, 982, 808, 959], [591, 732, 545, 590, 503, 626, 877, 896, 600, 683, 575, 989, 613, 508, 525, 688, 662, 823, 550, 716, 652, 777, 830, 577, 842, 747, 843, 745, 978, 578, 958, 793, 595, 712, 842], [685, 839, 691, 768, 532, 822, 865, 992, 709, 804, 628, 718, 840, 748, 822, 890, 583, 732, 990, 716, 908, 912, 547, 515, 960, 852, 841, 880, 538, 646, 563, 912, 719, 557, 922], [718, 772, 782, 565, 572, 553, 665, 685, 601, 696, 980, 947, 823, 606, 718, 924, 613, 907, 857, 808, 857, 769, 585, 816, 855, 606, 902, 857, 997, 908, 658, 628, 934, 757, 523], [971, 677, 799, 767, 680, 968, 943, 766, 586, 953, 770, 815, 991, 506, 792, 664, 567, 868, 522, 944, 881, 906, 608, 835, 879, 654, 550, 707, 849, 970, 800, 905, 643, 992, 811], [837, 737, 864, 829, 664, 913, 925, 501, 982, 609, 738, 584, 552, 619, 771, 757, 706, 773, 675, 596, 886, 819, 734, 981, 570, 745, 999, 935, 564, 998, 914, 890, 924, 968, 755], [690, 837, 642, 958, 702, 943, 808, 979, 907, 570, 748, 900, 717, 859, 770, 894, 815, 794, 761, 565, 987, 822, 820, 624, 705, 978, 731, 961, 829, 932, 665, 626, 504, 526, 935], [768, 521, 525, 550, 613, 506, 994, 894, 908, 986, 880, 912, 938, 991, 560, 509, 834, 759, 745, 819, 612, 805, 923, 966, 547, 941, 716, 593, 889, 766, 739, 637, 800, 823, 694], [889, 755, 692, 853, 919, 667, 728, 688, 540, 903, 756, 930, 552, 975, 813, 987, 996, 825, 619, 581, 941, 957, 578, 918, 926, 565, 716, 611, 923, 704, 862, 944, 616, 694, 576], [953, 695, 589, 588, 677, 650, 569, 622, 635, 863, 526, 612, 711, 594, 578, 927, 968, 719, 808, 719, 618, 600, 942, 737, 823, 680, 508, 611, 887, 790, 963, 751, 988, 846, 994], [984, 689, 537, 600, 930, 821, 738, 994, 970, 740, 758, 762, 564, 649, 704, 563, 957, 862, 658, 955, 595, 583, 919, 909, 945, 869, 894, 865, 878, 876, 987, 540, 991, 840, 898], [717, 818, 577, 951, 902, 751, 959, 861, 779, 653, 706, 920, 874, 603, 624, 619, 900, 898, 523, 837, 637, 776, 972, 920, 935, 798, 873, 618, 842, 775, 744, 974, 910, 708, 756], [586, 714, 514, 890, 814, 791, 902, 857, 872, 504, 904, 895, 535, 633, 945, 771, 599, 864, 519, 998, 580, 607, 958, 774, 652, 898, 819, 750, 805, 816, 597, 561, 580, 791, 787], [993, 860, 838, 675, 543, 753, 563, 798, 656, 518, 719, 835, 691, 757, 909, 747, 663, 879, 907, 719, 826, 981, 508, 520, 564, 794, 684, 994, 715, 642, 847, 867, 845, 651, 911], [889, 717, 557, 963, 801, 532, 617, 722, 888, 524, 695, 982, 834, 647, 736, 988, 940, 813, 955, 523, 938, 965, 745, 677, 835, 873, 674, 530, 930, 928, 655, 530, 512, 749, 847], [575, 679, 891, 884, 798, 588, 709, 584, 653, 905, 907, 738, 709, 701, 990, 648, 525, 867, 551, 979, 956, 624, 950, 791, 861, 735, 756, 867, 773, 815, 708, 903, 503, 711, 588], [910, 977, 959, 820, 684, 570, 542, 928, 849, 613, 576, 741, 639, 660, 590, 793, 533, 749, 519, 713, 901, 705, 900, 836, 849, 656, 659, 662, 870, 870, 811, 726, 613, 504, 885], [824, 810, 835, 550, 501, 820, 701, 928, 577, 628, 976, 917, 929, 977, 694, 781, 614, 533, 885, 812, 514, 873, 782, 946, 789, 774, 806, 612, 509, 963, 902, 704, 716, 666, 978], [830, 972, 906, 916, 703, 737, 970, 985, 911, 504, 540, 975, 638, 549, 542, 794, 727, 616, 506, 500, 724, 520, 706, 858, 726, 654, 669, 901, 609, 993, 600, 918, 936, 719, 610], [865, 721, 670, 856, 705, 971, 751, 800, 939, 736, 524, 879, 784, 813, 602, 588, 790, 550, 534, 875, 877, 762, 622, 657, 831, 645, 718, 554, 599, 828, 705, 861, 843, 979, 622], [650, 779, 863, 516, 750, 571, 909, 974, 828, 610, 946, 656, 531, 825, 647, 624, 612, 858, 931, 955, 678, 703, 551, 688, 910, 755, 936, 936, 722, 849, 917, 869, 527, 851, 594], [746, 674, 864, 914, 851, 858, 683, 955, 559, 596, 651, 987, 891, 654, 823, 516, 858, 593, 649, 586, 552, 995, 917, 561, 886, 675, 783, 632, 777, 532, 616, 807, 676, 786, 545], [952, 653, 663, 666, 539, 618, 657, 995, 825, 894, 555, 702, 511, 939, 989, 918, 538, 749, 581, 600, 826, 631, 670, 973, 733, 694, 869, 922, 558, 933, 953, 890, 595, 776, 630], [784, 787, 906, 594, 747, 766, 733, 930, 749, 702, 905, 871, 716, 646, 588, 917, 939, 886, 623, 648, 684, 630, 668, 788, 521, 719, 973, 992, 581, 685, 649, 984, 758, 873, 904], [839, 829, 739, 895, 757, 667, 899, 977, 824, 672, 752, 735, 844, 564, 560, 501, 924, 771, 866, 859, 825, 592, 698, 980, 870, 819, 924, 841, 554, 902, 607, 954, 667, 926, 636], [507, 650, 563, 831, 943, 767, 972, 691, 664, 562, 988, 831, 986, 616, 918, 820, 638, 515, 903, 762, 687, 730, 843, 685, 651, 674, 997, 779, 620, 778, 971, 800, 887, 636, 799], [907, 751, 713, 986, 602, 938, 976, 549, 542, 787, 721, 619, 638, 538, 851, 934, 700, 557, 618, 978, 767, 658, 829, 645, 556, 567, 817, 922, 724, 577, 929, 525, 800, 875, 823], [798, 926, 828, 906, 670, 981, 503, 907, 984, 959, 963, 500, 871, 754, 755, 518, 553, 890, 984, 649, 778, 941, 670, 892, 760, 560, 744, 710, 598, 607, 513, 627, 800, 686, 861], [660, 503, 687, 912, 651, 787, 552, 945, 858, 504, 506, 592, 548, 714, 692, 568, 597, 887, 777, 800, 889, 716, 828, 561, 532, 570, 872, 631, 747, 743, 612, 596, 786, 971, 708], [973, 961, 850, 529, 724, 568, 824, 968, 645, 508, 647, 883, 809, 797, 675, 591, 780, 527, 817, 579, 886, 867, 563, 630, 522, 756, 746, 599, 654, 711, 977, 599, 579, 752, 544], [996, 637, 710, 871, 565, 921, 575, 929, 931, 543, 571, 933, 661, 686, 529, 736, 814, 967, 955, 841, 999, 867, 617, 836, 898, 886, 621, 944, 785, 606, 859, 999, 741, 551, 822], [630, 523, 633, 900, 907, 622, 805, 731, 929, 932, 798, 844, 825, 795, 996, 532, 568, 636, 972, 829, 787, 688, 797, 805, 819, 579, 690, 521, 716, 985, 604, 925, 714, 749, 725], [604, 855, 870, 887, 809, 689, 744, 723, 775, 941, 519, 626, 896, 551, 954, 682, 564, 810, 974, 960, 889, 889, 828, 874, 980, 566, 740, 645, 605, 603, 722, 647, 630, 913, 897], [722, 528, 558, 522, 902, 597, 896, 717, 549, 884, 688, 550, 897, 715, 892, 985, 583, 540, 587, 670, 821, 962, 524, 850, 744, 702, 626, 740, 824, 977, 912, 568, 741, 679, 777], [748, 581, 872, 737, 824, 966, 534, 615, 584, 808, 933, 884, 746, 590, 587, 555, 795, 704, 921, 688, 617, 843, 826, 860, 693, 732, 853, 942, 732, 966, 550, 515, 556, 558, 500], [760, 664, 879, 810, 503, 661, 852, 592, 748, 530, 746, 859, 687, 513, 943, 622, 853, 770, 745, 813, 973, 676, 986, 617, 754, 789, 669, 628, 974, 907, 745, 908, 584, 803, 917], [919, 807, 785, 746, 824, 986, 965, 717, 665, 760, 744, 772, 773, 837, 814, 938, 991, 787, 981, 554, 720, 626, 763, 735, 704, 786, 552, 546, 898, 868, 881, 563, 963, 743, 996], [633, 786, 683, 779, 790, 513, 933, 938, 822, 670, 510, 832, 887, 789, 530, 722, 568, 963, 533, 563, 865, 796, 522, 578, 527, 735, 944, 848, 831, 673, 653, 589, 891, 992, 855], [824, 853, 831, 793, 707, 700, 635, 993, 803, 628, 818, 850, 606, 625, 711, 954, 803, 913, 809, 915, 507, 543, 715, 564, 521, 531, 630, 940, 668, 615, 922, 531, 904, 817, 953], [963, 797, 919, 672, 873, 863, 950, 705, 516, 588, 634, 792, 618, 934, 627, 564, 882, 538, 817, 844, 865, 931, 826, 654, 790, 850, 780, 988, 993, 877, 520, 817, 592, 950, 607], [900, 708, 659, 928, 568, 756, 565, 814, 851, 704, 887, 558, 661, 607, 647, 508, 659, 559, 846, 511, 564, 721, 750, 612, 661, 565, 789, 706, 683, 642, 988, 889, 999, 820, 989], [972, 648, 781, 520, 533, 743, 838, 819, 682, 912, 994, 740, 812, 585, 959, 783, 935, 767, 685, 595, 502, 615, 650, 777, 934, 662, 653, 792, 663, 837, 843, 788, 921, 546, 520], [632, 982, 942, 790, 805, 801, 929, 807, 817, 579, 820, 864, 667, 724, 874, 535, 604, 519, 538, 814, 680, 633, 999, 772, 681, 957, 718, 803, 971, 581, 944, 942, 976, 783, 780], [611, 716, 868, 863, 761, 885, 797, 566, 978, 979, 966, 838, 583, 593, 782, 818, 589, 784, 716, 738, 606, 767, 523, 858, 885, 716, 855, 839, 534, 786, 948, 703, 644, 996, 715]]
Variable production cost per unit of each product in each period p: 
[[10, 11, 10, 11, 12, 11, 13, 12, 11, 11, 13, 13, 13, 13, 13, 11, 13, 12, 13, 12, 10, 13, 12, 10, 12, 12, 11, 12, 13, 10, 13, 11, 11, 11, 10], [12, 13, 13, 10, 10, 13, 11, 10, 11, 12, 13, 10, 10, 13, 12, 12, 11, 10, 11, 13, 10, 12, 10, 13, 13, 11, 11, 13, 11, 13, 11, 11, 12, 13, 13], [11, 13, 11, 10, 11, 12, 11, 12, 13, 12, 12, 13, 10, 11, 13, 10, 11, 10, 13, 13, 11, 12, 13, 13, 12, 12, 12, 10, 10, 11, 12, 11, 10, 11, 10], [12, 12, 12, 11, 12, 13, 13, 10, 12, 12, 10, 12, 11, 10, 12, 13, 10, 13, 12, 10, 10, 10, 13, 12, 10, 12, 11, 12, 13, 10, 13, 10, 11, 10, 13], [13, 10, 11, 10, 13, 13, 13, 12, 13, 10, 10, 13, 13, 12, 11, 11, 12, 10, 13, 12, 11, 13, 12, 10, 12, 10, 12, 13, 11, 10, 12, 10, 13, 11, 10], [10, 11, 12, 10, 10, 12, 13, 10, 11, 12, 10, 13, 13, 10, 11, 12, 10, 11, 13, 10, 10, 10, 11, 12, 13, 10, 10, 11, 12, 13, 11, 12, 13, 13, 13], [13, 10, 13, 10, 12, 10, 11, 13, 13, 13, 13, 11, 12, 11, 11, 12, 12, 11, 13, 12, 11, 11, 13, 12, 12, 11, 12, 10, 11, 10, 11, 13, 11, 12, 13], [10, 10, 10, 12, 13, 11, 11, 13, 11, 11, 10, 13, 12, 10, 11, 11, 11, 10, 12, 13, 10, 12, 13, 11, 10, 11, 10, 12, 13, 11, 10, 10, 11, 11, 12], [12, 10, 13, 13, 10, 10, 10, 13, 10, 10, 10, 11, 13, 13, 13, 11, 13, 12, 11, 13, 10, 12, 11, 12, 13, 12, 12, 11, 11, 12, 11, 13, 11, 11, 10], [12, 10, 13, 11, 13, 11, 12, 10, 11, 13, 12, 12, 13, 12, 10, 12, 11, 12, 12, 12, 13, 11, 13, 10, 13, 10, 13, 10, 13, 13, 12, 10, 12, 11, 12], [13, 12, 12, 11, 12, 12, 12, 12, 12, 11, 12, 10, 12, 10, 11, 12, 10, 12, 11, 11, 13, 11, 13, 11, 11, 12, 10, 11, 12, 13, 13, 10, 11, 11, 10], [11, 10, 11, 10, 10, 11, 11, 10, 12, 12, 10, 13, 11, 10, 10, 12, 10, 11, 12, 10, 12, 12, 13, 11, 11, 13, 11, 10, 11, 13, 11, 10, 12, 11, 13], [12, 13, 12, 10, 11, 13, 11, 11, 12, 10, 11, 13, 11, 11, 11, 13, 10, 11, 11, 11, 11, 12, 10, 13, 11, 11, 11, 10, 11, 11, 13, 11, 10, 12, 10], [11, 11, 12, 13, 12, 13, 10, 12, 10, 10, 10, 10, 10, 12, 13, 10, 12, 11, 13, 12, 12, 13, 10, 13, 12, 12, 12, 12, 13, 13, 10, 10, 11, 13, 13], [10, 13, 12, 12, 11, 13, 12, 13, 11, 10, 10, 10, 12, 10, 11, 10, 13, 13, 11, 11, 11, 11, 10, 10, 12, 11, 13, 12, 11, 10, 10, 12, 10, 13, 12], [10, 11, 10, 12, 11, 13, 13, 13, 11, 13, 11, 13, 11, 10, 10, 11, 10, 13, 11, 13, 12, 13, 10, 13, 11, 11, 12, 13, 10, 10, 11, 11, 12, 12, 13], [13, 11, 13, 12, 13, 10, 11, 13, 13, 10, 12, 12, 13, 11, 11, 12, 12, 10, 13, 11, 13, 13, 10, 13, 12, 11, 13, 12, 10, 11, 10, 10, 12, 13, 10], [13, 10, 12, 12, 13, 11, 11, 11, 12, 10, 11, 11, 13, 10, 12, 12, 10, 10, 10, 13, 11, 11, 12, 13, 12, 12, 10, 13, 11, 12, 13, 13, 10, 10, 11], [13, 10, 13, 10, 11, 13, 12, 10, 10, 10, 11, 11, 10, 13, 11, 10, 10, 13, 12, 10, 12, 11, 13, 10, 12, 10, 10, 13, 11, 12, 12, 11, 13, 10, 12], [13, 11, 12, 11, 13, 12, 13, 12, 11, 12, 11, 11, 12, 10, 11, 11, 12, 10, 12, 10, 11, 11, 11, 11, 10, 11, 12, 13, 10, 11, 11, 11, 11, 11, 11], [12, 11, 13, 12, 13, 12, 11, 12, 10, 13, 13, 13, 13, 11, 11, 10, 12, 11, 12, 11, 12, 11, 11, 10, 11, 11, 10, 13, 13, 12, 13, 12, 13, 11, 13], [12, 13, 13, 11, 11, 12, 12, 12, 11, 10, 10, 11, 11, 13, 10, 11, 11, 12, 10, 10, 13, 10, 11, 13, 12, 12, 12, 11, 11, 13, 11, 11, 10, 13, 13], [10, 10, 11, 11, 13, 13, 12, 13, 13, 13, 13, 11, 12, 12, 10, 10, 11, 12, 12, 12, 13, 11, 10, 12, 13, 11, 13, 12, 13, 10, 10, 11, 12, 13, 13], [10, 10, 11, 13, 11, 13, 11, 13, 13, 12, 12, 10, 11, 12, 11, 11, 10, 11, 13, 13, 11, 11, 12, 11, 12, 11, 10, 13, 10, 10, 12, 13, 13, 10, 11], [12, 11, 11, 13, 12, 13, 12, 12, 12, 13, 11, 13, 11, 11, 10, 11, 13, 12, 13, 13, 13, 10, 12, 11, 10, 10, 13, 10, 11, 10, 13, 10, 12, 10, 11], [13, 10, 13, 12, 10, 13, 12, 10, 13, 10, 11, 11, 10, 12, 11, 10, 11, 13, 13, 10, 11, 10, 10, 11, 11, 13, 13, 10, 13, 11, 10, 11, 11, 13, 12], [10, 10, 10, 13, 12, 11, 11, 12, 10, 11, 11, 10, 13, 13, 13, 11, 10, 12, 13, 10, 10, 13, 12, 12, 11, 13, 13, 11, 12, 13, 12, 13, 11, 11, 10], [13, 12, 10, 10, 10, 12, 11, 10, 13, 11, 13, 13, 10, 10, 10, 10, 11, 12, 12, 12, 10, 13, 13, 10, 13, 12, 11, 10, 11, 11, 10, 11, 10, 11, 10], [13, 11, 10, 13, 10, 11, 13, 12, 11, 13, 10, 12, 11, 12, 11, 11, 12, 12, 12, 10, 13, 10, 11, 13, 11, 11, 10, 13, 13, 10, 11, 10, 13, 11, 10], [13, 13, 13, 10, 11, 10, 10, 10, 13, 12, 10, 11, 11, 10, 13, 12, 10, 11, 13, 12, 12, 11, 13, 10, 11, 10, 13, 13, 12, 13, 13, 13, 13, 12, 12], [12, 10, 13, 11, 13, 12, 12, 10, 11, 10, 13, 11, 13, 10, 12, 13, 12, 11, 10, 11, 10, 12, 10, 10, 13, 10, 12, 13, 13, 12, 11, 13, 10, 11, 12], [12, 12, 12, 12, 12, 13, 11, 12, 12, 13, 10, 13, 11, 12, 13, 10, 10, 10, 10, 11, 12, 10, 12, 12, 12, 10, 10, 13, 12, 11, 13, 13, 13, 10, 11], [11, 12, 11, 11, 11, 10, 13, 12, 10, 13, 12, 10, 11, 13, 13, 11, 11, 11, 12, 13, 11, 13, 11, 11, 11, 11, 11, 13, 11, 11, 13, 11, 11, 12, 11], [10, 11, 11, 13, 11, 12, 12, 13, 10, 10, 10, 11, 11, 10, 11, 10, 12, 12, 13, 11, 13, 11, 11, 13, 11, 13, 11, 13, 12, 12, 11, 12, 10, 10, 10], [13, 12, 11, 13, 10, 10, 13, 13, 13, 12, 11, 13, 12, 11, 13, 10, 10, 12, 11, 12, 10, 13, 10, 11, 10, 11, 12, 13, 13, 13, 11, 10, 13, 12, 13], [12, 12, 11, 11, 12, 11, 11, 13, 10, 13, 13, 12, 10, 13, 13, 12, 13, 11, 13, 12, 11, 10, 12, 10, 10, 11, 13, 11, 10, 10, 10, 13, 12, 12, 12], [10, 13, 12, 11, 13, 11, 11, 10, 11, 13, 12, 11, 13, 11, 12, 12, 10, 10, 10, 12, 10, 11, 13, 13, 10, 11, 12, 12, 13, 10, 13, 12, 10, 13, 12], [13, 13, 11, 13, 12, 12, 13, 10, 12, 10, 13, 10, 10, 12, 13, 12, 10, 10, 11, 10, 11, 13, 11, 10, 13, 12, 10, 13, 11, 10, 10, 13, 10, 11, 12], [10, 11, 12, 13, 10, 13, 10, 12, 10, 12, 10, 11, 12, 12, 10, 11, 12, 11, 13, 11, 10, 11, 13, 11, 12, 10, 12, 12, 13, 11, 10, 12, 13, 13, 10], [13, 10, 12, 11, 11, 10, 13, 10, 13, 13, 10, 13, 10, 10, 12, 13, 13, 11, 11, 11, 11, 12, 12, 10, 13, 13, 10, 12, 13, 11, 11, 10, 11, 13, 10], [12, 10, 12, 11, 13, 11, 10, 13, 10, 13, 10, 12, 13, 13, 13, 13, 11, 11, 11, 10, 13, 12, 12, 11, 13, 12, 10, 13, 11, 10, 10, 11, 10, 12, 13], [10, 13, 11, 13, 12, 11, 13, 12, 12, 13, 13, 12, 10, 10, 12, 10, 10, 13, 11, 13, 11, 10, 11, 13, 12, 11, 13, 13, 13, 10, 10, 13, 13, 12, 11], [12, 11, 12, 11, 13, 10, 10, 10, 12, 13, 10, 13, 12, 10, 10, 10, 12, 10, 13, 13, 11, 12, 11, 11, 13, 13, 11, 12, 12, 12, 10, 13, 12, 10, 12], [11, 10, 11, 11, 13, 11, 11, 11, 10, 12, 11, 13, 12, 11, 11, 12, 10, 13, 12, 13, 10, 11, 10, 11, 13, 12, 13, 12, 10, 12, 11, 11, 11, 10, 11], [13, 11, 13, 11, 13, 12, 10, 11, 13, 13, 10, 10, 11, 11, 11, 12, 12, 12, 13, 13, 12, 13, 10, 13, 13, 10, 11, 12, 10, 11, 12, 11, 10, 13, 13], [11, 13, 13, 10, 13, 11, 13, 10, 11, 11, 11, 11, 10, 13, 12, 12, 10, 11, 11, 12, 12, 11, 11, 13, 11, 13, 13, 12, 13, 13, 13, 12, 13, 10, 11], [13, 10, 13, 11, 13, 11, 13, 11, 10, 11, 10, 11, 12, 10, 13, 10, 12, 11, 13, 11, 13, 11, 13, 10, 13, 11, 11, 10, 10, 13, 13, 13, 10, 12, 12], [13, 12, 12, 12, 11, 11, 12, 11, 13, 11, 11, 11, 12, 13, 13, 12, 10, 12, 13, 13, 10, 11, 13, 13, 12, 11, 12, 12, 11, 12, 12, 11, 10, 13, 10], [10, 13, 12, 12, 13, 11, 10, 10, 11, 10, 13, 13, 12, 13, 10, 11, 10, 12, 11, 10, 10, 12, 10, 10, 10, 11, 13, 12, 12, 11, 13, 10, 11, 12, 13], [10, 12, 11, 12, 13, 13, 12, 12, 12, 10, 10, 13, 12, 12, 11, 13, 13, 10, 10, 12, 13, 12, 12, 10, 12, 10, 10, 11, 12, 11, 13, 11, 13, 12, 13], [10, 12, 13, 11, 12, 10, 10, 11, 10, 13, 11, 13, 12, 13, 13, 12, 12, 11, 12, 10, 11, 12, 13, 11, 11, 12, 11, 13, 10, 11, 11, 10, 12, 10, 12], [10, 13, 12, 12, 11, 12, 13, 12, 11, 12, 11, 13, 10, 11, 13, 13, 10, 10, 12, 13, 13, 12, 11, 12, 12, 12, 10, 11, 12, 13, 10, 11, 12, 13, 13], [11, 10, 13, 11, 11, 11, 12, 10, 12, 13, 13, 12, 10, 12, 10, 10, 11, 11, 11, 11, 11, 12, 13, 11, 11, 12, 10, 12, 11, 12, 11, 13, 10, 10, 12], [12, 11, 13, 11, 12, 11, 13, 13, 11, 11, 13, 11, 11, 12, 11, 11, 11, 11, 10, 12, 10, 13, 13, 12, 10, 10, 12, 10, 12, 11, 10, 13, 10, 13, 11], [11, 11, 11, 13, 12, 13, 10, 10, 11, 13, 13, 12, 11, 11, 13, 12, 13, 10, 11, 12, 11, 12, 13, 12, 13, 13, 11, 12, 12, 12, 11, 11, 11, 13, 12], [10, 11, 13, 11, 12, 13, 11, 12, 12, 13, 11, 11, 13, 11, 13, 13, 11, 10, 11, 11, 10, 13, 12, 10, 11, 13, 13, 13, 13, 10, 11, 11, 10, 11, 11], [10, 10, 12, 10, 11, 10, 12, 13, 10, 13, 10, 13, 13, 12, 10, 12, 13, 13, 10, 11, 13, 12, 12, 13, 12, 13, 10, 10, 10, 13, 10, 12, 10, 13, 12], [12, 12, 10, 12, 13, 13, 13, 12, 11, 12, 11, 12, 10, 13, 12, 10, 11, 13, 11, 10, 13, 13, 11, 10, 12, 11, 11, 11, 11, 12, 10, 10, 11, 12, 10], [10, 11, 13, 13, 11, 12, 11, 10, 11, 10, 11, 12, 10, 11, 10, 12, 12, 13, 10, 13, 10, 12, 10, 11, 10, 10, 13, 13, 11, 11, 11, 12, 12, 11, 12], [10, 12, 12, 12, 10, 13, 10, 10, 13, 13, 11, 11, 11, 13, 12, 11, 13, 10, 13, 12, 10, 11, 10, 12, 11, 11, 12, 12, 10, 10, 10, 12, 10, 12, 10], [13, 12, 12, 12, 10, 13, 12, 11, 12, 13, 10, 12, 10, 11, 12, 11, 13, 13, 11, 12, 10, 12, 10, 10, 13, 11, 11, 12, 11, 11, 12, 10, 13, 12, 13], [13, 11, 12, 11, 10, 11, 11, 10, 10, 13, 10, 11, 12, 11, 12, 12, 10, 13, 12, 13, 10, 12, 11, 10, 13, 12, 10, 10, 13, 10, 11, 13, 10, 11, 13], [13, 13, 11, 13, 11, 10, 10, 13, 12, 10, 11, 12, 12, 10, 12, 11, 12, 12, 12, 10, 12, 13, 10, 13, 11, 13, 10, 11, 12, 12, 11, 12, 12, 11, 11], [11, 12, 13, 10, 11, 12, 13, 10, 12, 11, 11, 13, 11, 11, 10, 10, 10, 12, 10, 10, 12, 11, 13, 11, 10, 11, 12, 11, 11, 11, 11, 12, 13, 10, 11], [11, 13, 12, 13, 12, 11, 10, 12, 12, 13, 12, 10, 12, 13, 11, 13, 10, 11, 12, 11, 11, 13, 11, 10, 11, 10, 12, 11, 13, 13, 13, 11, 10, 12, 10], [11, 11, 13, 11, 12, 13, 10, 11, 11, 12, 10, 11, 13, 13, 10, 11, 12, 10, 10, 10, 12, 10, 11, 13, 11, 12, 10, 12, 10, 13, 13, 13, 11, 12, 12], [11, 11, 13, 13, 12, 13, 11, 11, 10, 13, 13, 12, 12, 12, 11, 11, 11, 11, 13, 13, 13, 10, 11, 13, 11, 11, 11, 12, 12, 12, 10, 13, 13, 10, 12], [12, 11, 10, 13, 10, 10, 12, 11, 11, 10, 12, 13, 11, 11, 11, 13, 10, 10, 10, 12, 10, 11, 12, 10, 12, 10, 11, 10, 10, 13, 10, 12, 12, 11, 12], [12, 13, 10, 10, 10, 13, 12, 10, 13, 12, 12, 12, 12, 11, 13, 13, 11, 12, 12, 11, 11, 11, 11, 10, 12, 10, 10, 13, 12, 12, 10, 10, 12, 10, 12], [10, 11, 11, 13, 10, 11, 12, 12, 13, 11, 10, 11, 10, 10, 11, 13, 10, 11, 12, 13, 13, 12, 11, 11, 11, 11, 11, 13, 11, 12, 10, 12, 11, 13, 13], [10, 13, 10, 12, 10, 13, 13, 10, 10, 13, 13, 10, 12, 11, 13, 11, 11, 12, 12, 10, 12, 13, 11, 10, 12, 10, 10, 12, 13, 11, 10, 11, 12, 10, 10], [12, 13, 10, 10, 12, 13, 13, 12, 13, 13, 10, 10, 12, 11, 10, 10, 12, 11, 13, 11, 10, 10, 13, 13, 11, 12, 11, 11, 13, 11, 10, 12, 11, 13, 13], [12, 10, 12, 11, 12, 11, 11, 12, 11, 12, 13, 12, 11, 12, 12, 11, 12, 13, 12, 10, 12, 12, 13, 10, 10, 12, 13, 11, 11, 10, 13, 13, 13, 11, 13], [12, 10, 12, 11, 11, 10, 11, 12, 13, 11, 13, 12, 11, 13, 10, 10, 10, 11, 10, 11, 12, 13, 10, 10, 11, 12, 13, 13, 10, 13, 11, 11, 12, 12, 13], [10, 11, 12, 11, 11, 12, 10, 11, 11, 12, 12, 13, 11, 13, 13, 11, 11, 11, 11, 12, 13, 13, 11, 10, 11, 13, 12, 12, 11, 13, 10, 11, 10, 12, 10], [13, 10, 10, 13, 13, 13, 12, 10, 13, 10, 12, 11, 12, 12, 11, 10, 13, 12, 12, 11, 11, 10, 12, 11, 10, 13, 13, 13, 10, 13, 11, 12, 11, 13, 11], [12, 12, 10, 11, 12, 13, 13, 12, 13, 11, 10, 10, 10, 13, 11, 13, 12, 10, 13, 13, 11, 10, 12, 10, 11, 12, 11, 10, 12, 13, 13, 10, 13, 12, 10], [10, 12, 12, 13, 10, 13, 12, 12, 11, 12, 11, 10, 11, 12, 11, 11, 13, 12, 13, 12, 10, 10, 10, 11, 10, 13, 11, 11, 10, 10, 11, 11, 13, 10, 13], [11, 11, 10, 12, 10, 13, 12, 13, 13, 10, 11, 13, 10, 10, 12, 12, 13, 12, 12, 11, 12, 13, 13, 13, 11, 12, 12, 12, 12, 13, 11, 13, 10, 11, 13], [11, 11, 13, 10, 12, 13, 10, 12, 10, 13, 10, 13, 12, 12, 13, 11, 10, 11, 10, 10, 10, 13, 12, 10, 10, 13, 10, 11, 13, 10, 12, 12, 11, 10, 10], [13, 10, 10, 12, 13, 12, 11, 10, 13, 11, 10, 11, 12, 13, 11, 12, 11, 10, 11, 11, 10, 11, 11, 11, 12, 10, 11, 12, 12, 11, 12, 13, 10, 13, 13], [10, 13, 10, 13, 12, 13, 13, 10, 13, 13, 10, 10, 11, 10, 12, 12, 13, 11, 12, 11, 10, 10, 10, 12, 13, 11, 11, 12, 10, 12, 13, 12, 13, 10, 11], [11, 10, 10, 11, 11, 11, 11, 11, 10, 12, 13, 13, 13, 11, 11, 10, 11, 10, 10, 11, 12, 13, 12, 10, 11, 10, 13, 11, 13, 10, 10, 10, 11, 12, 10], [11, 11, 13, 13, 11, 11, 13, 11, 12, 10, 11, 12, 13, 12, 10, 12, 13, 13, 12, 12, 11, 10, 11, 10, 13, 11, 12, 11, 11, 10, 11, 11, 10, 11, 10], [12, 11, 12, 11, 12, 13, 13, 10, 12, 10, 11, 10, 10, 10, 12, 11, 10, 13, 13, 10, 10, 10, 11, 13, 12, 11, 12, 11, 13, 10, 11, 10, 10, 11, 10], [13, 13, 13, 12, 10, 13, 12, 13, 11, 11, 13, 13, 13, 13, 12, 11, 12, 11, 10, 11, 10, 12, 11, 12, 12, 13, 13, 11, 13, 10, 11, 10, 12, 12, 13], [12, 12, 10, 10, 11, 11, 12, 11, 10, 13, 11, 13, 12, 10, 12, 11, 13, 12, 12, 12, 13, 11, 13, 13, 10, 13, 11, 13, 10, 10, 13, 10, 12, 10, 13], [13, 10, 13, 13, 10, 12, 11, 12, 13, 10, 11, 13, 10, 11, 13, 13, 13, 13, 11, 12, 11, 12, 12, 11, 11, 12, 13, 11, 12, 10, 12, 11, 10, 12, 12], [10, 10, 11, 13, 13, 10, 10, 10, 13, 11, 10, 10, 10, 11, 13, 10, 13, 11, 13, 13, 12, 13, 11, 12, 13, 12, 11, 10, 13, 11, 12, 11, 10, 11, 12], [11, 12, 13, 13, 10, 10, 10, 11, 11, 10, 10, 12, 11, 12, 10, 13, 12, 10, 13, 11, 11, 13, 13, 11, 12, 13, 10, 10, 10, 12, 10, 10, 13, 11, 11], [10, 10, 12, 11, 13, 12, 13, 11, 12, 12, 11, 13, 11, 13, 13, 11, 12, 13, 13, 10, 10, 13, 11, 10, 10, 13, 11, 12, 11, 11, 12, 12, 11, 12, 12], [13, 12, 10, 10, 10, 10, 10, 13, 11, 10, 12, 13, 11, 13, 10, 12, 12, 11, 11, 11, 12, 12, 10, 13, 13, 10, 12, 11, 11, 11, 10, 11, 12, 11, 13], [10, 12, 12, 13, 12, 12, 10, 10, 12, 12, 10, 13, 11, 11, 11, 10, 10, 13, 12, 13, 10, 12, 11, 11, 13, 13, 12, 13, 10, 10, 11, 13, 12, 12, 11], [13, 13, 11, 12, 11, 12, 11, 12, 10, 10, 13, 11, 11, 13, 11, 11, 13, 12, 13, 10, 12, 11, 13, 10, 12, 10, 13, 12, 12, 13, 10, 10, 10, 11, 13], [11, 13, 11, 11, 10, 10, 13, 11, 13, 11, 11, 12, 12, 11, 13, 12, 12, 12, 11, 10, 12, 11, 12, 13, 11, 10, 13, 13, 11, 11, 13, 12, 12, 12, 10], [13, 10, 12, 10, 13, 13, 13, 13, 10, 10, 11, 11, 12, 12, 10, 11, 13, 10, 10, 13, 11, 13, 13, 11, 11, 11, 10, 10, 11, 11, 10, 13, 11, 11, 11], [12, 12, 10, 11, 13, 13, 11, 12, 11, 12, 11, 12, 11, 10, 10, 12, 13, 12, 10, 12, 10, 13, 13, 13, 10, 12, 10, 13, 13, 12, 11, 11, 10, 10, 12], [11, 13, 12, 13, 12, 10, 12, 12, 10, 10, 11, 11, 12, 12, 12, 13, 11, 12, 11, 12, 13, 11, 12, 13, 13, 11, 12, 10, 12, 11, 12, 13, 13, 11, 13], [10, 10, 11, 13, 10, 11, 12, 13, 13, 11, 12, 10, 10, 10, 13, 10, 12, 13, 13, 12, 13, 12, 11, 12, 13, 11, 10, 11, 12, 10, 11, 13, 13, 13, 13], [13, 10, 13, 13, 11, 10, 11, 13, 10, 13, 10, 12, 13, 13, 13, 12, 13, 11, 13, 12, 10, 11, 11, 10, 12, 12, 13, 10, 13, 11, 11, 11, 12, 12, 13], [10, 11, 13, 10, 11, 10, 13, 11, 10, 10, 12, 13, 11, 12, 11, 11, 13, 10, 10, 11, 10, 10, 12, 12, 10, 10, 13, 13, 13, 13, 10, 11, 11, 13, 12], [13, 13, 12, 12, 11, 10, 10, 13, 10, 11, 10, 12, 12, 10, 11, 10, 12, 13, 13, 12, 13, 11, 11, 10, 13, 12, 13, 11, 11, 11, 11, 13, 10, 13, 12], [10, 11, 11, 12, 11, 12, 12, 12, 13, 13, 13, 12, 11, 11, 10, 10, 12, 11, 10, 10, 13, 13, 12, 13, 13, 13, 10, 12, 13, 13, 11, 10, 10, 13, 13], [10, 12, 12, 10, 12, 11, 13, 13, 10, 13, 13, 11, 10, 13, 12, 11, 10, 11, 13, 11, 10, 11, 12, 10, 12, 11, 11, 12, 13, 12, 12, 13, 11, 13, 13], [12, 11, 12, 10, 12, 11, 13, 13, 12, 11, 11, 12, 10, 11, 12, 13, 12, 11, 10, 12, 13, 10, 10, 12, 12, 13, 11, 13, 12, 12, 12, 10, 12, 12, 13], [13, 10, 13, 13, 10, 12, 10, 12, 12, 13, 13, 10, 12, 13, 10, 10, 13, 13, 10, 13, 10, 11, 13, 12, 13, 13, 12, 11, 13, 12, 10, 10, 13, 11, 12], [13, 12, 13, 11, 11, 12, 12, 10, 12, 13, 13, 11, 10, 12, 11, 11, 12, 10, 13, 13, 12, 11, 12, 11, 10, 10, 13, 11, 12, 12, 13, 13, 10, 10, 11], [10, 11, 13, 11, 13, 12, 12, 10, 12, 12, 12, 10, 11, 10, 13, 12, 11, 10, 13, 12, 10, 12, 12, 11, 10, 12, 12, 11, 10, 10, 13, 10, 10, 12, 12], [10, 11, 10, 11, 13, 10, 12, 12, 10, 10, 11, 10, 12, 12, 10, 13, 12, 13, 11, 10, 12, 12, 12, 12, 11, 11, 13, 10, 11, 13, 13, 12, 10, 12, 11], [12, 12, 13, 12, 10, 13, 12, 11, 11, 11, 13, 13, 12, 10, 11, 13, 13, 11, 10, 11, 12, 12, 13, 10, 12, 13, 12, 13, 12, 11, 11, 10, 11, 10, 11], [13, 12, 10, 13, 13, 11, 11, 13, 10, 13, 13, 12, 13, 10, 11, 12, 10, 10, 10, 10, 10, 13, 13, 12, 11, 13, 10, 13, 13, 12, 13, 12, 10, 10, 12], [10, 13, 13, 10, 12, 12, 10, 12, 11, 12, 13, 12, 13, 11, 13, 11, 10, 10, 12, 10, 10, 11, 10, 10, 12, 12, 11, 11, 12, 11, 13, 10, 12, 12, 12], [12, 10, 12, 12, 11, 12, 12, 11, 12, 10, 10, 12, 11, 13, 11, 12, 10, 10, 12, 12, 12, 12, 10, 12, 10, 13, 12, 12, 13, 11, 13, 12, 10, 11, 13], [12, 13, 13, 10, 11, 10, 10, 10, 13, 10, 12, 10, 13, 10, 13, 12, 10, 12, 10, 11, 13, 13, 11, 12, 10, 13, 13, 12, 10, 13, 11, 12, 11, 13, 11], [11, 12, 10, 12, 12, 11, 13, 13, 12, 12, 11, 10, 11, 12, 10, 10, 11, 12, 12, 10, 10, 10, 10, 12, 10, 11, 10, 13, 12, 13, 11, 13, 10, 10, 11], [11, 10, 12, 12, 11, 12, 10, 11, 10, 11, 11, 11, 11, 13, 10, 13, 13, 10, 13, 13, 11, 10, 10, 13, 11, 11, 12, 12, 10, 10, 11, 13, 12, 10, 12], [12, 12, 13, 12, 10, 11, 10, 13, 10, 12, 13, 12, 12, 13, 12, 13, 13, 12, 10, 11, 13, 10, 12, 13, 13, 11, 11, 10, 13, 11, 13, 13, 11, 12, 10], [11, 11, 11, 10, 10, 11, 12, 13, 10, 10, 12, 13, 11, 10, 10, 13, 11, 10, 11, 13, 12, 12, 11, 11, 11, 13, 12, 11, 10, 11, 10, 12, 11, 10, 12], [13, 13, 13, 13, 11, 13, 10, 12, 10, 13, 12, 11, 12, 13, 12, 11, 13, 13, 10, 10, 12, 11, 11, 13, 13, 10, 12, 11, 12, 11, 12, 11, 13, 10, 10], [12, 12, 10, 12, 12, 11, 12, 10, 12, 12, 11, 11, 12, 12, 13, 10, 10, 12, 13, 12, 10, 11, 11, 13, 12, 10, 13, 12, 11, 10, 11, 10, 13, 11, 10], [10, 12, 12, 10, 11, 10, 13, 10, 11, 12, 13, 13, 10, 13, 10, 11, 13, 10, 13, 13, 11, 12, 10, 13, 12, 12, 11, 12, 13, 12, 12, 11, 13, 13, 13], [11, 13, 10, 13, 11, 13, 13, 11, 13, 10, 11, 12, 11, 12, 13, 12, 10, 11, 13, 13, 10, 13, 11, 12, 12, 13, 12, 10, 13, 10, 12, 10, 13, 10, 13], [11, 12, 13, 12, 13, 11, 11, 12, 12, 12, 13, 13, 10, 12, 13, 10, 11, 11, 13, 10, 10, 12, 13, 12, 10, 11, 12, 10, 10, 12, 10, 13, 12, 13, 11], [10, 12, 13, 11, 11, 12, 12, 12, 11, 11, 12, 12, 13, 13, 13, 11, 13, 13, 12, 10, 12, 11, 12, 10, 12, 13, 12, 12, 12, 11, 13, 10, 10, 10, 12], [12, 10, 13, 12, 11, 11, 12, 11, 10, 13, 13, 11, 12, 13, 13, 11, 12, 11, 13, 13, 11, 11, 12, 13, 10, 13, 13, 12, 10, 10, 12, 11, 12, 13, 10]]
Inventory holding cost per unit of each product by the end of each period h: 
[[9, 9, 8, 8, 9, 6, 8, 6, 7, 9, 7, 7, 7, 9, 5, 6, 6, 9, 8, 8, 8, 8, 6, 5, 5, 6, 6, 5, 9, 5, 8, 6, 7, 6, 6], [5, 5, 5, 8, 8, 6, 7, 8, 9, 8, 8, 9, 7, 9, 6, 9, 8, 5, 6, 9, 5, 9, 7, 8, 9, 9, 8, 9, 9, 5, 7, 5, 9, 5, 9], [5, 8, 5, 8, 5, 5, 7, 6, 9, 7, 7, 9, 5, 7, 5, 6, 6, 6, 5, 5, 9, 8, 8, 7, 5, 7, 5, 7, 5, 9, 5, 9, 9, 5, 9], [6, 7, 8, 6, 7, 6, 5, 8, 8, 8, 6, 8, 5, 7, 9, 6, 5, 7, 5, 8, 6, 5, 6, 8, 6, 6, 6, 8, 5, 5, 8, 5, 8, 6, 7], [6, 5, 9, 7, 7, 6, 9, 7, 5, 9, 6, 9, 5, 9, 6, 7, 7, 9, 6, 8, 9, 5, 9, 6, 6, 6, 8, 7, 5, 9, 5, 5, 9, 9, 9], [6, 5, 5, 6, 6, 7, 8, 8, 6, 6, 9, 6, 7, 9, 6, 6, 5, 5, 5, 8, 5, 5, 9, 6, 5, 8, 5, 5, 9, 7, 8, 8, 6, 7, 7], [7, 8, 6, 6, 5, 8, 6, 8, 9, 6, 8, 9, 9, 6, 9, 6, 9, 8, 8, 8, 9, 6, 6, 6, 8, 6, 8, 5, 9, 5, 7, 9, 9, 5, 7], [6, 6, 7, 7, 5, 9, 7, 9, 8, 9, 7, 5, 8, 6, 7, 7, 9, 5, 8, 7, 7, 6, 5, 5, 8, 9, 7, 6, 8, 6, 6, 9, 7, 7, 7], [7, 7, 9, 8, 5, 8, 5, 6, 9, 9, 9, 6, 9, 7, 6, 5, 5, 7, 8, 5, 8, 7, 9, 9, 9, 6, 7, 8, 8, 9, 6, 6, 6, 5, 6], [8, 8, 6, 7, 9, 6, 9, 6, 8, 6, 9, 8, 7, 7, 9, 8, 9, 8, 9, 9, 9, 8, 9, 6, 8, 5, 8, 5, 7, 8, 7, 7, 5, 7, 5], [8, 7, 5, 5, 8, 8, 9, 8, 8, 6, 8, 9, 9, 8, 5, 7, 6, 6, 7, 8, 5, 5, 7, 9, 6, 5, 8, 7, 6, 8, 9, 8, 6, 7, 8], [7, 5, 9, 9, 8, 8, 7, 9, 8, 6, 6, 5, 6, 9, 7, 6, 6, 8, 7, 5, 7, 9, 8, 7, 9, 5, 9, 5, 9, 9, 6, 8, 5, 5, 5], [8, 8, 5, 9, 8, 8, 8, 8, 8, 5, 5, 7, 7, 9, 9, 5, 5, 5, 5, 5, 5, 6, 7, 9, 6, 8, 7, 8, 7, 9, 7, 6, 9, 6, 8], [6, 9, 7, 9, 5, 9, 7, 7, 9, 7, 9, 5, 6, 6, 7, 5, 6, 6, 9, 6, 7, 9, 6, 9, 7, 7, 5, 9, 6, 9, 9, 7, 8, 7, 8], [5, 5, 6, 7, 7, 5, 7, 5, 7, 7, 9, 6, 6, 7, 9, 9, 9, 5, 9, 7, 9, 9, 9, 6, 8, 8, 8, 9, 6, 8, 6, 5, 8, 6, 5], [9, 8, 6, 9, 7, 8, 5, 5, 7, 6, 9, 5, 8, 9, 9, 6, 8, 8, 6, 9, 7, 8, 6, 8, 9, 6, 6, 7, 8, 7, 8, 9, 8, 7, 7], [8, 8, 6, 9, 9, 8, 5, 8, 6, 8, 6, 6, 5, 5, 8, 5, 7, 5, 9, 9, 7, 8, 5, 6, 7, 7, 8, 7, 5, 6, 5, 6, 7, 5, 5], [8, 9, 5, 5, 7, 6, 5, 8, 5, 6, 6, 8, 6, 5, 7, 8, 6, 5, 5, 5, 9, 8, 7, 5, 7, 7, 5, 6, 6, 5, 8, 5, 9, 6, 9], [9, 5, 7, 5, 6, 5, 8, 5, 7, 6, 7, 9, 8, 8, 9, 8, 9, 8, 7, 9, 8, 6, 7, 9, 6, 6, 6, 7, 9, 8, 8, 6, 5, 8, 8], [8, 7, 5, 9, 7, 8, 7, 7, 7, 8, 5, 5, 7, 7, 8, 9, 5, 5, 7, 9, 8, 6, 9, 5, 7, 7, 7, 6, 5, 9, 6, 8, 7, 8, 8], [8, 8, 6, 9, 5, 8, 6, 5, 6, 6, 7, 9, 5, 7, 9, 9, 5, 5, 9, 9, 8, 8, 6, 6, 8, 9, 5, 7, 7, 7, 9, 9, 6, 9, 7], [8, 6, 6, 5, 9, 6, 8, 8, 5, 6, 8, 8, 8, 8, 6, 6, 5, 5, 6, 7, 5, 7, 6, 5, 7, 5, 5, 7, 7, 8, 6, 6, 7, 8, 6], [6, 9, 6, 9, 9, 7, 5, 9, 7, 7, 9, 8, 6, 8, 8, 6, 5, 8, 9, 8, 5, 8, 9, 8, 5, 7, 8, 8, 7, 7, 5, 9, 6, 5, 9], [7, 6, 6, 6, 8, 5, 8, 8, 5, 6, 7, 6, 7, 9, 6, 6, 5, 5, 5, 5, 7, 8, 8, 5, 5, 5, 9, 7, 6, 5, 8, 7, 5, 5, 6], [5, 6, 9, 6, 7, 5, 9, 8, 7, 7, 8, 9, 5, 6, 5, 7, 7, 5, 6, 8, 7, 9, 9, 6, 9, 5, 5, 7, 9, 6, 5, 7, 7, 9, 5], [5, 9, 9, 6, 9, 7, 7, 6, 8, 5, 6, 8, 7, 9, 5, 7, 8, 8, 8, 9, 8, 9, 6, 6, 6, 5, 5, 9, 8, 6, 6, 8, 9, 9, 5], [8, 6, 5, 8, 5, 6, 9, 5, 5, 9, 9, 5, 9, 6, 8, 6, 8, 6, 9, 6, 7, 7, 6, 7, 8, 9, 5, 7, 5, 7, 5, 7, 7, 8, 5], [6, 6, 8, 5, 5, 7, 9, 7, 7, 8, 7, 8, 5, 6, 5, 7, 6, 7, 5, 9, 6, 9, 8, 9, 8, 9, 5, 7, 7, 7, 5, 8, 6, 8, 8], [9, 8, 7, 8, 6, 6, 7, 6, 5, 8, 6, 9, 7, 9, 5, 7, 9, 8, 9, 8, 8, 7, 9, 7, 7, 8, 5, 7, 5, 5, 5, 5, 8, 9, 8], [6, 5, 7, 8, 7, 7, 8, 7, 7, 6, 9, 8, 7, 8, 5, 8, 7, 6, 9, 7, 8, 6, 9, 7, 7, 6, 6, 8, 8, 9, 5, 8, 8, 8, 8], [8, 6, 9, 6, 6, 9, 6, 5, 6, 9, 6, 8, 7, 8, 6, 9, 6, 7, 5, 6, 9, 5, 8, 9, 9, 7, 6, 5, 9, 8, 7, 8, 9, 5, 8], [9, 9, 8, 5, 6, 6, 7, 9, 7, 7, 8, 5, 8, 7, 8, 9, 7, 6, 5, 9, 6, 9, 5, 8, 8, 5, 7, 6, 9, 6, 9, 6, 9, 6, 8], [6, 5, 8, 9, 8, 9, 6, 6, 5, 6, 9, 7, 6, 6, 7, 9, 6, 9, 7, 5, 7, 5, 5, 7, 5, 5, 7, 8, 7, 7, 5, 6, 7, 5, 9], [6, 5, 6, 5, 8, 9, 9, 9, 9, 6, 7, 5, 8, 9, 5, 8, 7, 5, 6, 6, 5, 8, 6, 8, 6, 9, 8, 5, 8, 7, 6, 7, 7, 5, 6], [5, 9, 9, 8, 7, 9, 7, 9, 6, 5, 6, 5, 8, 6, 8, 9, 8, 9, 9, 7, 8, 6, 8, 6, 7, 8, 7, 6, 8, 7, 6, 8, 7, 9, 9], [5, 7, 5, 6, 7, 8, 8, 7, 5, 6, 7, 7, 8, 9, 7, 5, 8, 5, 8, 9, 7, 9, 8, 8, 5, 8, 6, 8, 5, 8, 7, 5, 7, 6, 8], [7, 5, 8, 8, 6, 9, 5, 6, 6, 6, 8, 7, 5, 7, 6, 8, 9, 9, 5, 7, 6, 7, 7, 7, 6, 7, 6, 5, 5, 6, 7, 9, 5, 8, 7], [7, 6, 6, 6, 9, 9, 6, 5, 9, 5, 6, 5, 7, 9, 7, 8, 8, 9, 8, 5, 7, 6, 7, 6, 5, 8, 9, 8, 8, 5, 7, 8, 9, 9, 9], [8, 9, 5, 7, 5, 5, 7, 5, 6, 7, 8, 7, 6, 8, 5, 7, 5, 5, 7, 9, 7, 6, 8, 6, 5, 9, 6, 7, 6, 9, 5, 9, 7, 5, 6], [9, 7, 8, 6, 6, 6, 9, 9, 5, 8, 5, 7, 8, 6, 5, 8, 7, 5, 5, 7, 8, 9, 5, 5, 7, 6, 7, 5, 8, 7, 9, 9, 7, 6, 8], [8, 5, 7, 5, 8, 5, 9, 5, 5, 6, 5, 7, 9, 9, 6, 6, 6, 6, 6, 8, 9, 5, 6, 8, 8, 8, 5, 6, 9, 7, 8, 6, 5, 7, 9], [9, 8, 5, 5, 8, 9, 9, 9, 9, 8, 8, 5, 8, 8, 8, 5, 8, 5, 6, 9, 8, 8, 7, 7, 8, 8, 7, 9, 6, 7, 6, 6, 7, 5, 5], [5, 9, 6, 9, 5, 9, 9, 6, 5, 5, 8, 9, 5, 8, 8, 9, 5, 5, 8, 8, 8, 5, 6, 6, 5, 5, 7, 5, 9, 6, 7, 9, 5, 8, 5], [8, 9, 7, 5, 8, 5, 8, 8, 6, 7, 6, 9, 6, 5, 9, 9, 6, 8, 5, 9, 5, 8, 8, 5, 5, 9, 7, 6, 6, 7, 7, 7, 5, 9, 8], [7, 8, 6, 8, 8, 9, 8, 8, 5, 6, 7, 9, 6, 8, 6, 6, 5, 9, 9, 8, 8, 7, 6, 6, 7, 8, 8, 5, 5, 7, 8, 7, 7, 8, 5], [5, 7, 7, 6, 5, 5, 5, 8, 8, 8, 5, 5, 5, 6, 5, 6, 6, 8, 6, 8, 7, 5, 8, 8, 7, 8, 8, 8, 6, 6, 6, 7, 7, 7, 7], [8, 9, 7, 7, 8, 9, 6, 7, 5, 7, 9, 7, 7, 9, 5, 8, 5, 9, 7, 7, 9, 9, 7, 5, 9, 8, 8, 8, 8, 9, 5, 5, 6, 7, 8], [7, 7, 8, 9, 7, 6, 9, 9, 9, 9, 9, 5, 7, 5, 9, 6, 8, 9, 7, 8, 5, 9, 8, 7, 5, 5, 8, 8, 5, 6, 5, 9, 7, 7, 9], [9, 7, 6, 8, 5, 5, 7, 9, 7, 9, 9, 6, 5, 8, 8, 7, 5, 5, 9, 6, 5, 9, 8, 6, 7, 9, 6, 8, 6, 8, 5, 9, 6, 9, 8], [8, 6, 6, 7, 7, 5, 9, 7, 6, 6, 9, 8, 6, 6, 8, 6, 9, 8, 7, 7, 7, 7, 9, 6, 7, 8, 9, 6, 6, 6, 5, 7, 6, 6, 5], [5, 8, 7, 9, 6, 9, 6, 7, 7, 7, 9, 6, 6, 9, 5, 9, 6, 9, 6, 6, 6, 6, 8, 8, 6, 9, 7, 8, 9, 7, 7, 8, 7, 9, 8], [9, 9, 7, 7, 6, 5, 6, 7, 7, 7, 6, 6, 9, 6, 6, 6, 9, 8, 9, 7, 5, 7, 5, 8, 9, 8, 5, 6, 7, 7, 8, 8, 9, 6, 5], [8, 7, 9, 6, 8, 6, 8, 5, 8, 5, 5, 5, 5, 7, 6, 6, 7, 6, 9, 6, 6, 5, 8, 9, 8, 6, 7, 5, 6, 7, 8, 7, 7, 8, 5], [7, 5, 5, 8, 7, 8, 5, 7, 6, 9, 9, 9, 9, 6, 6, 7, 5, 7, 5, 8, 9, 6, 9, 5, 5, 8, 9, 8, 7, 9, 6, 9, 7, 6, 7], [8, 5, 8, 8, 7, 8, 8, 9, 6, 9, 8, 7, 7, 8, 5, 5, 7, 8, 6, 7, 7, 5, 8, 8, 7, 8, 6, 6, 6, 8, 8, 8, 5, 7, 6], [7, 9, 9, 5, 8, 9, 7, 6, 5, 7, 7, 5, 8, 5, 5, 7, 5, 8, 8, 7, 7, 9, 5, 9, 5, 5, 8, 7, 5, 6, 8, 5, 9, 6, 6], [6, 9, 9, 9, 9, 5, 8, 9, 7, 5, 8, 9, 6, 7, 9, 6, 5, 6, 5, 7, 6, 8, 5, 6, 8, 9, 7, 7, 7, 8, 9, 6, 9, 8, 6], [5, 6, 8, 8, 9, 7, 7, 6, 7, 7, 8, 8, 7, 8, 9, 6, 6, 9, 9, 8, 5, 5, 9, 8, 6, 6, 6, 6, 6, 7, 6, 7, 6, 9, 5], [7, 9, 9, 7, 7, 5, 8, 8, 6, 8, 7, 9, 6, 5, 6, 7, 7, 6, 8, 5, 7, 5, 8, 7, 9, 5, 8, 8, 5, 5, 8, 8, 6, 7, 9], [8, 6, 7, 9, 8, 8, 7, 5, 6, 6, 7, 5, 5, 7, 8, 7, 7, 8, 9, 6, 5, 5, 5, 7, 8, 8, 5, 8, 8, 8, 5, 8, 5, 5, 5], [6, 5, 7, 7, 6, 5, 8, 7, 6, 6, 7, 5, 9, 8, 9, 8, 6, 9, 5, 9, 8, 6, 9, 8, 6, 5, 7, 5, 7, 8, 9, 7, 6, 8, 6], [7, 9, 5, 5, 6, 7, 8, 5, 7, 8, 8, 6, 7, 6, 5, 6, 5, 5, 9, 9, 5, 6, 5, 7, 6, 5, 9, 7, 6, 5, 7, 6, 9, 5, 9], [5, 9, 9, 7, 7, 6, 9, 7, 6, 6, 9, 6, 7, 9, 6, 7, 6, 5, 5, 8, 5, 5, 9, 9, 5, 5, 9, 7, 7, 5, 9, 8, 7, 5, 7], [8, 9, 6, 5, 6, 9, 8, 5, 7, 9, 9, 9, 6, 9, 6, 7, 8, 9, 9, 8, 6, 6, 8, 7, 8, 9, 7, 8, 8, 5, 5, 8, 5, 8, 8], [9, 7, 8, 5, 9, 9, 8, 5, 7, 9, 8, 6, 6, 9, 6, 5, 9, 9, 8, 8, 9, 9, 8, 9, 9, 8, 9, 5, 7, 9, 9, 5, 6, 9, 8], [8, 9, 7, 7, 7, 8, 9, 9, 9, 5, 5, 8, 5, 9, 7, 6, 7, 7, 6, 8, 9, 6, 8, 7, 6, 5, 8, 8, 6, 8, 8, 6, 7, 5, 7], [5, 5, 7, 5, 7, 8, 5, 9, 6, 8, 8, 5, 9, 5, 7, 9, 6, 6, 9, 7, 8, 6, 7, 8, 6, 5, 5, 9, 6, 6, 9, 9, 7, 8, 6], [8, 9, 9, 7, 7, 8, 8, 9, 6, 8, 7, 7, 8, 7, 6, 9, 7, 8, 6, 6, 5, 6, 5, 9, 9, 5, 5, 7, 8, 5, 6, 7, 5, 6, 8], [6, 5, 9, 9, 6, 5, 7, 7, 8, 5, 9, 6, 5, 7, 8, 8, 6, 6, 5, 6, 7, 6, 6, 7, 5, 6, 8, 9, 8, 8, 6, 7, 7, 6, 7], [7, 8, 5, 9, 6, 5, 5, 9, 9, 6, 7, 7, 5, 8, 6, 7, 7, 7, 7, 6, 5, 7, 9, 6, 5, 9, 5, 9, 5, 7, 6, 8, 5, 9, 7], [9, 7, 9, 6, 7, 7, 6, 9, 9, 5, 8, 9, 8, 5, 7, 8, 8, 8, 9, 7, 6, 9, 8, 6, 9, 6, 7, 5, 5, 7, 6, 8, 7, 5, 6], [6, 5, 8, 7, 5, 9, 5, 7, 5, 9, 7, 6, 9, 8, 7, 9, 6, 5, 6, 8, 6, 6, 7, 8, 7, 9, 9, 9, 6, 9, 5, 9, 9, 8, 9], [9, 8, 7, 8, 9, 5, 7, 8, 5, 6, 5, 5, 7, 8, 8, 8, 7, 9, 8, 8, 7, 7, 8, 9, 9, 5, 9, 7, 5, 8, 9, 8, 6, 9, 6], [5, 6, 7, 9, 6, 9, 8, 7, 5, 7, 9, 5, 8, 7, 9, 5, 9, 9, 7, 8, 8, 5, 6, 6, 9, 9, 9, 5, 9, 9, 7, 5, 9, 7, 8], [9, 6, 5, 7, 9, 7, 8, 6, 7, 7, 6, 8, 5, 7, 7, 9, 8, 6, 5, 7, 9, 5, 7, 5, 7, 5, 8, 9, 7, 9, 5, 8, 6, 5, 5], [5, 8, 9, 6, 8, 8, 6, 7, 7, 5, 8, 9, 6, 6, 5, 9, 8, 7, 8, 9, 8, 5, 5, 7, 7, 8, 7, 7, 6, 8, 8, 8, 6, 5, 6], [9, 7, 5, 6, 7, 9, 7, 5, 9, 9, 8, 5, 5, 5, 6, 6, 5, 6, 9, 5, 5, 7, 5, 6, 6, 5, 7, 7, 8, 9, 7, 7, 8, 5, 7], [6, 8, 8, 5, 6, 8, 7, 8, 6, 5, 7, 8, 6, 8, 7, 7, 8, 9, 5, 7, 8, 6, 8, 7, 6, 5, 7, 8, 5, 5, 9, 8, 5, 8, 6], [7, 6, 9, 5, 7, 6, 9, 9, 9, 7, 5, 9, 8, 8, 9, 7, 8, 5, 5, 5, 8, 8, 6, 6, 6, 5, 9, 8, 6, 9, 9, 5, 5, 5, 8], [7, 6, 8, 5, 9, 8, 9, 7, 6, 5, 7, 8, 6, 5, 7, 9, 8, 9, 7, 6, 7, 6, 6, 9, 7, 5, 9, 9, 9, 6, 5, 7, 8, 6, 6], [6, 6, 8, 5, 7, 5, 5, 9, 7, 9, 8, 7, 8, 5, 8, 6, 8, 9, 5, 7, 7, 5, 8, 5, 7, 9, 7, 9, 6, 7, 7, 5, 6, 8, 8], [8, 8, 7, 7, 5, 6, 6, 6, 6, 9, 9, 6, 9, 8, 7, 5, 6, 6, 5, 7, 8, 7, 8, 9, 6, 7, 5, 9, 9, 5, 9, 6, 8, 7, 6], [9, 7, 7, 6, 7, 7, 7, 7, 7, 6, 9, 7, 6, 7, 7, 7, 9, 7, 7, 6, 5, 8, 7, 7, 8, 6, 8, 8, 7, 5, 6, 5, 8, 5, 8], [7, 7, 8, 9, 7, 5, 5, 7, 5, 9, 6, 8, 8, 5, 6, 7, 6, 5, 8, 9, 6, 6, 9, 6, 5, 5, 7, 5, 9, 7, 9, 7, 9, 6, 5], [5, 6, 5, 6, 7, 7, 5, 5, 7, 8, 7, 7, 7, 9, 7, 6, 9, 9, 6, 8, 5, 5, 5, 9, 9, 9, 7, 5, 6, 8, 9, 6, 8, 8, 7], [6, 9, 7, 8, 7, 9, 7, 9, 9, 6, 7, 6, 6, 5, 8, 8, 5, 6, 6, 6, 5, 5, 7, 6, 6, 8, 8, 5, 6, 5, 9, 8, 6, 6, 5], [7, 6, 8, 7, 9, 8, 9, 9, 7, 7, 6, 6, 9, 9, 7, 6, 5, 6, 9, 6, 7, 6, 7, 6, 6, 7, 6, 9, 6, 9, 6, 5, 5, 7, 9], [7, 6, 5, 7, 5, 7, 8, 5, 7, 8, 6, 6, 7, 7, 7, 6, 5, 8, 8, 5, 7, 6, 6, 7, 7, 5, 9, 5, 9, 7, 9, 5, 9, 5, 5], [5, 7, 9, 5, 5, 9, 6, 8, 5, 5, 9, 6, 6, 8, 5, 8, 6, 5, 6, 6, 5, 6, 5, 9, 7, 9, 8, 9, 6, 6, 8, 9, 9, 9, 5], [5, 7, 6, 7, 6, 6, 6, 6, 9, 9, 7, 8, 7, 9, 5, 8, 6, 9, 5, 8, 9, 7, 9, 9, 8, 7, 5, 6, 7, 9, 7, 8, 7, 8, 7], [5, 8, 9, 6, 6, 8, 7, 5, 7, 9, 8, 8, 9, 8, 5, 8, 5, 5, 9, 6, 9, 7, 8, 9, 8, 6, 8, 9, 6, 8, 5, 8, 8, 5, 6], [9, 9, 9, 8, 5, 8, 6, 8, 9, 7, 5, 9, 9, 8, 8, 5, 8, 7, 7, 7, 5, 7, 7, 8, 9, 5, 8, 5, 7, 9, 9, 8, 6, 5, 6], [9, 5, 5, 5, 5, 9, 9, 6, 6, 9, 5, 8, 5, 5, 8, 7, 9, 5, 8, 7, 9, 9, 7, 6, 8, 8, 9, 5, 8, 7, 6, 7, 5, 8, 6], [7, 5, 5, 7, 7, 8, 7, 5, 5, 7, 7, 9, 9, 8, 5, 9, 6, 7, 7, 6, 9, 9, 5, 7, 9, 5, 7, 5, 9, 9, 9, 6, 6, 7, 9], [5, 8, 6, 9, 9, 7, 7, 8, 8, 7, 9, 5, 7, 5, 6, 7, 6, 8, 5, 8, 9, 7, 7, 7, 8, 8, 7, 8, 6, 6, 5, 7, 8, 7, 7], [5, 6, 9, 6, 8, 6, 7, 9, 5, 7, 8, 8, 6, 7, 7, 7, 9, 7, 7, 7, 7, 8, 5, 5, 9, 5, 8, 8, 8, 6, 9, 5, 7, 7, 6], [8, 7, 9, 6, 7, 9, 5, 9, 9, 8, 7, 9, 8, 5, 7, 9, 6, 6, 7, 8, 5, 9, 9, 9, 8, 9, 9, 6, 5, 5, 9, 6, 7, 8, 7], [8, 8, 8, 7, 6, 7, 9, 9, 7, 9, 7, 5, 6, 6, 5, 7, 6, 8, 8, 5, 6, 9, 9, 9, 6, 5, 7, 7, 9, 8, 5, 7, 6, 9, 9], [5, 9, 9, 8, 6, 5, 5, 9, 6, 5, 7, 5, 8, 6, 7, 9, 9, 8, 5, 6, 9, 9, 8, 9, 7, 8, 6, 9, 9, 7, 5, 8, 5, 8, 8], [9, 5, 7, 7, 9, 8, 6, 9, 8, 5, 6, 9, 9, 8, 9, 6, 7, 6, 5, 6, 7, 9, 6, 7, 9, 6, 5, 9, 9, 7, 6, 6, 8, 6, 8], [7, 5, 8, 9, 6, 8, 6, 5, 7, 7, 8, 5, 6, 5, 6, 9, 5, 5, 7, 5, 6, 6, 6, 6, 9, 5, 7, 8, 9, 8, 9, 5, 9, 8, 7], [8, 8, 5, 6, 6, 5, 6, 5, 9, 8, 7, 9, 7, 8, 8, 7, 9, 9, 5, 5, 9, 8, 7, 6, 8, 5, 9, 9, 7, 8, 7, 9, 8, 6, 6], [5, 7, 8, 7, 7, 8, 8, 6, 9, 7, 5, 6, 7, 6, 7, 5, 8, 6, 7, 7, 8, 8, 5, 5, 8, 5, 6, 8, 7, 6, 8, 8, 6, 9, 9], [7, 7, 5, 5, 5, 6, 5, 5, 6, 6, 6, 8, 9, 5, 8, 5, 9, 5, 5, 9, 6, 8, 7, 7, 8, 5, 5, 7, 7, 5, 9, 6, 5, 9, 5], [9, 7, 6, 9, 5, 5, 9, 5, 5, 6, 5, 6, 9, 5, 8, 9, 9, 9, 8, 7, 7, 6, 5, 9, 5, 9, 5, 7, 5, 6, 8, 8, 8, 6, 6], [8, 9, 7, 6, 9, 8, 5, 8, 7, 6, 8, 7, 6, 7, 6, 8, 9, 5, 5, 6, 5, 8, 5, 9, 7, 5, 8, 7, 6, 5, 5, 5, 7, 9, 9], [5, 6, 6, 9, 5, 6, 6, 9, 7, 9, 9, 8, 8, 9, 9, 8, 5, 9, 7, 7, 9, 8, 6, 6, 7, 7, 9, 7, 6, 5, 7, 8, 9, 7, 5], [7, 8, 7, 8, 8, 7, 6, 6, 8, 7, 9, 5, 7, 8, 5, 5, 7, 8, 8, 7, 9, 6, 7, 7, 9, 6, 8, 6, 7, 9, 6, 9, 9, 5, 9], [9, 5, 5, 5, 5, 8, 7, 6, 7, 6, 9, 9, 8, 6, 9, 7, 8, 7, 5, 9, 6, 5, 9, 6, 5, 6, 6, 9, 5, 6, 8, 5, 5, 7, 9], [8, 6, 8, 9, 8, 7, 9, 6, 8, 7, 7, 9, 9, 6, 9, 7, 9, 5, 8, 5, 9, 7, 8, 5, 8, 7, 5, 9, 7, 6, 7, 9, 6, 7, 7], [9, 8, 9, 7, 6, 6, 6, 7, 7, 5, 7, 6, 7, 8, 6, 5, 5, 9, 5, 6, 7, 8, 5, 9, 7, 6, 5, 9, 6, 5, 8, 7, 6, 6, 8], [6, 7, 8, 8, 6, 5, 5, 7, 8, 5, 9, 5, 9, 6, 9, 9, 5, 7, 5, 6, 7, 6, 8, 7, 9, 6, 8, 8, 7, 9, 6, 9, 9, 8, 7], [9, 8, 7, 5, 7, 7, 7, 6, 6, 9, 6, 6, 9, 9, 9, 5, 7, 5, 6, 9, 6, 5, 9, 9, 8, 6, 7, 6, 5, 9, 7, 9, 9, 5, 5], [5, 7, 6, 5, 5, 8, 8, 5, 7, 5, 8, 5, 5, 8, 9, 9, 9, 9, 9, 8, 7, 5, 7, 5, 8, 8, 6, 8, 6, 8, 8, 8, 8, 5, 8], [9, 7, 7, 9, 7, 8, 8, 6, 7, 9, 6, 6, 6, 8, 7, 7, 9, 5, 7, 8, 7, 6, 9, 5, 8, 7, 8, 9, 8, 9, 8, 7, 5, 5, 8], [8, 5, 9, 9, 7, 8, 7, 7, 7, 5, 8, 9, 8, 9, 7, 9, 6, 6, 7, 7, 5, 6, 7, 5, 7, 8, 8, 7, 6, 6, 6, 8, 9, 9, 5], [6, 5, 6, 7, 7, 7, 7, 6, 6, 6, 9, 8, 8, 5, 9, 5, 7, 6, 8, 6, 5, 9, 9, 5, 8, 8, 5, 7, 6, 7, 8, 8, 7, 5, 9], [6, 8, 7, 5, 8, 5, 7, 8, 7, 7, 9, 8, 9, 7, 5, 5, 7, 7, 7, 6, 7, 5, 8, 5, 7, 9, 7, 5, 6, 9, 5, 9, 5, 6, 9], [8, 5, 6, 7, 9, 6, 6, 6, 5, 9, 8, 9, 8, 8, 8, 5, 6, 8, 9, 6, 9, 5, 7, 6, 5, 8, 9, 7, 9, 8, 5, 7, 7, 9, 7], [5, 7, 5, 9, 7, 5, 8, 7, 9, 7, 8, 7, 5, 7, 9, 6, 9, 6, 6, 7, 7, 9, 5, 5, 9, 6, 7, 5, 8, 5, 6, 8, 7, 6, 9], [5, 5, 8, 5, 8, 7, 5, 7, 5, 8, 7, 8, 9, 9, 5, 7, 5, 6, 5, 7, 7, 6, 7, 7, 6, 5, 9, 9, 9, 7, 6, 8, 7, 6, 8], [6, 9, 7, 5, 7, 5, 7, 5, 7, 8, 6, 9, 5, 6, 9, 7, 8, 6, 7, 7, 8, 5, 8, 5, 7, 8, 7, 8, 5, 9, 8, 5, 9, 8, 7], [8, 6, 8, 7, 7, 8, 8, 5, 5, 5, 9, 5, 9, 9, 9, 9, 9, 6, 7, 6, 6, 6, 5, 9, 8, 6, 9, 9, 7, 8, 5, 8, 6, 7, 5], [6, 7, 5, 7, 5, 9, 6, 7, 8, 6, 9, 6, 8, 7, 9, 9, 5, 8, 7, 6, 6, 7, 8, 5, 7, 7, 7, 6, 9, 6, 7, 5, 7, 5, 8], [9, 7, 8, 6, 6, 7, 5, 5, 8, 7, 8, 5, 9, 6, 5, 6, 9, 9, 5, 6, 8, 9, 5, 6, 7, 6, 7, 8, 8, 8, 5, 9, 9, 7, 6]]
Demand for each product in each period d: 
[[37, 40, 40, 46, 47, 47, 29, 41, 38, 43, 33, 9, 8, 23, 0, 14, 1, 24, 49, 0, 39, 15, 20, 0, 31, 6, 23, 14, 2, 2, 37, 39, 21, 41, 19], [24, 38, 44, 0, 26, 24, 18, 47, 0, 16, 4, 22, 6, 44, 21, 22, 1, 0, 2, 47, 4, 31, 0, 41, 39, 11, 8, 9, 36, 21, 7, 27, 5, 41, 16], [3, 7, 35, 46, 42, 17, 45, 28, 0, 30, 39, 18, 37, 48, 22, 30, 27, 43, 31, 14, 32, 7, 19, 16, 40, 38, 47, 20, 30, 36, 9, 30, 37, 26, 32], [21, 26, 32, 2, 17, 32, 13, 31, 37, 49, 4, 28, 0, 1, 42, 45, 24, 11, 11, 25, 8, 40, 2, 17, 3, 9, 4, 44, 49, 38, 40, 47, 3, 11, 47], [45, 24, 24, 6, 12, 11, 43, 47, 46, 4, 11, 0, 12, 39, 5, 23, 21, 23, 44, 18, 17, 18, 21, 4, 43, 14, 0, 0, 1, 13, 3, 38, 46, 6, 38], [39, 5, 12, 31, 47, 44, 0, 43, 25, 42, 8, 43, 5, 4, 45, 37, 6, 28, 40, 7, 33, 10, 0, 44, 48, 36, 44, 32, 9, 19, 27, 33, 12, 43, 17], [44, 28, 24, 10, 28, 8, 42, 27, 20, 26, 33, 0, 42, 32, 34, 45, 35, 26, 7, 26, 43, 1, 26, 12, 34, 23, 12, 33, 34, 12, 42, 27, 0, 13, 8], [49, 24, 46, 15, 0, 21, 40, 14, 4, 38, 8, 17, 44, 1, 37, 37, 14, 43, 12, 4, 17, 25, 31, 23, 12, 12, 11, 12, 7, 26, 41, 0, 49, 26, 37], [5, 32, 17, 15, 36, 35, 12, 48, 14, 49, 43, 8, 30, 18, 45, 20, 12, 11, 17, 37, 31, 22, 17, 45, 11, 47, 25, 9, 43, 18, 8, 12, 46, 41, 3], [21, 23, 0, 34, 15, 3, 33, 14, 35, 8, 15, 3, 1, 49, 41, 6, 44, 30, 0, 6, 13, 21, 0, 24, 28, 28, 49, 38, 29, 20, 0, 5, 20, 16, 14], [13, 34, 20, 36, 22, 43, 15, 0, 43, 29, 31, 36, 3, 20, 27, 47, 26, 11, 6, 0, 38, 3, 0, 38, 46, 47, 44, 2, 20, 16, 0, 5, 30, 23, 29], [28, 28, 48, 16, 15, 25, 49, 31, 40, 0, 34, 31, 8, 49, 43, 32, 37, 0, 41, 4, 31, 0, 8, 47, 32, 36, 42, 44, 28, 42, 49, 21, 5, 22, 16], [32, 4, 31, 0, 32, 19, 22, 41, 43, 43, 37, 7, 6, 31, 2, 48, 36, 14, 29, 45, 49, 0, 34, 41, 44, 43, 1, 36, 0, 7, 48, 26, 0, 40, 32], [46, 44, 5, 35, 18, 12, 14, 42, 0, 0, 46, 0, 38, 41, 16, 13, 35, 2, 32, 46, 6, 44, 11, 45, 47, 38, 39, 33, 0, 25, 23, 47, 44, 26, 36], [19, 47, 10, 32, 4, 39, 23, 49, 21, 0, 28, 42, 28, 12, 0, 40, 45, 40, 25, 17, 28, 6, 46, 3, 10, 0, 10, 15, 9, 47, 0, 8, 32, 5, 25], [48, 26, 29, 46, 33, 36, 1, 15, 49, 43, 11, 0, 49, 32, 30, 29, 16, 0, 40, 21, 5, 22, 40, 8, 2, 29, 46, 42, 17, 13, 12, 22, 18, 40, 46], [43, 25, 16, 37, 39, 29, 19, 28, 23, 47, 46, 39, 22, 49, 4, 20, 25, 21, 35, 11, 14, 10, 31, 28, 39, 3, 0, 2, 33, 4, 26, 1, 5, 38, 3], [0, 0, 11, 43, 24, 42, 49, 24, 25, 6, 0, 24, 23, 28, 47, 14, 0, 42, 14, 36, 3, 0, 27, 6, 26, 4, 0, 48, 34, 21, 22, 13, 27, 31, 4], [9, 7, 43, 33, 9, 1, 20, 23, 36, 43, 22, 19, 40, 38, 27, 46, 43, 44, 19, 18, 0, 45, 46, 2, 29, 39, 0, 2, 38, 46, 21, 0, 34, 37, 25], [5, 3, 46, 31, 23, 49, 49, 9, 15, 3, 17, 22, 48, 21, 34, 5, 6, 38, 26, 27, 37, 30, 13, 32, 9, 2, 15, 20, 18, 29, 22, 41, 40, 18, 41], [5, 11, 37, 36, 46, 26, 5, 48, 13, 18, 0, 30, 15, 47, 27, 49, 35, 20, 28, 9, 38, 11, 0, 5, 41, 41, 9, 10, 19, 40, 43, 24, 0, 14, 21], [25, 37, 26, 0, 35, 0, 46, 6, 26, 31, 2, 9, 3, 29, 37, 29, 35, 21, 14, 14, 38, 39, 47, 8, 19, 29, 5, 39, 0, 39, 46, 10, 20, 36, 29], [0, 0, 28, 35, 44, 18, 24, 30, 41, 7, 11, 9, 49, 40, 31, 47, 30, 20, 49, 6, 9, 39, 9, 19, 22, 6, 43, 8, 16, 8, 21, 33, 35, 23, 9], [14, 2, 5, 38, 37, 19, 40, 26, 12, 25, 0, 31, 43, 47, 0, 49, 45, 14, 3, 29, 24, 0, 5, 35, 20, 5, 12, 23, 44, 3, 30, 14, 10, 40, 27], [5, 22, 38, 13, 43, 0, 36, 23, 40, 19, 32, 10, 44, 0, 41, 11, 0, 17, 8, 12, 1, 42, 9, 0, 5, 40, 42, 13, 2, 42, 8, 28, 20, 49, 45], [0, 19, 22, 0, 30, 5, 3, 23, 4, 47, 46, 23, 37, 42, 2, 14, 41, 49, 21, 0, 9, 42, 6, 33, 0, 10, 24, 27, 11, 42, 0, 33, 16, 33, 44], [47, 22, 30, 9, 4, 17, 36, 33, 8, 37, 28, 22, 48, 12, 5, 25, 48, 19, 18, 41, 7, 1, 3, 12, 38, 37, 2, 28, 38, 16, 43, 36, 12, 34, 13], [16, 43, 36, 43, 8, 16, 29, 3, 2, 23, 7, 43, 18, 7, 4, 16, 41, 39, 25, 0, 42, 7, 28, 48, 0, 40, 16, 47, 31, 4, 0, 14, 0, 29, 45], [43, 20, 44, 6, 48, 2, 44, 26, 11, 42, 22, 34, 3, 18, 33, 25, 35, 3, 0, 41, 31, 1, 10, 27, 24, 29, 40, 45, 27, 36, 20, 48, 45, 0, 12], [5, 41, 0, 20, 21, 0, 18, 42, 48, 35, 0, 44, 49, 46, 42, 37, 19, 42, 0, 14, 3, 29, 31, 5, 0, 0, 42, 0, 0, 12, 4, 24, 15, 9, 16], [1, 40, 14, 2, 46, 0, 5, 9, 33, 22, 0, 11, 14, 0, 7, 25, 14, 29, 36, 40, 46, 38, 23, 13, 8, 5, 24, 46, 32, 31, 15, 46, 2, 0, 22], [46, 13, 10, 39, 17, 1, 6, 5, 48, 10, 47, 0, 25, 17, 15, 29, 6, 13, 30, 19, 0, 16, 9, 0, 12, 29, 30, 16, 37, 26, 32, 20, 0, 24, 9], [6, 15, 30, 26, 46, 23, 16, 28, 18, 29, 7, 13, 35, 24, 22, 0, 19, 15, 36, 2, 31, 26, 11, 45, 2, 49, 0, 9, 36, 6, 32, 49, 0, 33, 26], [30, 20, 0, 5, 39, 29, 37, 5, 13, 22, 44, 8, 9, 9, 47, 24, 26, 18, 47, 39, 17, 30, 49, 49, 48, 26, 37, 27, 33, 12, 49, 33, 2, 41, 28], [12, 9, 28, 22, 19, 18, 26, 5, 17, 5, 18, 16, 4, 43, 21, 45, 10, 26, 34, 12, 39, 0, 35, 4, 22, 11, 28, 13, 17, 0, 8, 10, 21, 0, 4], [14, 38, 0, 21, 11, 44, 28, 46, 1, 7, 40, 7, 13, 26, 19, 49, 28, 40, 39, 4, 32, 7, 30, 38, 46, 16, 0, 49, 41, 43, 40, 16, 30, 11, 32], [11, 38, 3, 15, 5, 13, 37, 38, 34, 49, 34, 21, 2, 20, 42, 16, 32, 15, 49, 4, 13, 43, 24, 25, 39, 21, 29, 1, 18, 34, 5, 2, 22, 17, 30], [12, 12, 38, 42, 31, 12, 39, 11, 46, 20, 12, 48, 43, 16, 32, 31, 10, 30, 49, 28, 42, 42, 45, 39, 31, 37, 16, 40, 3, 39, 18, 1, 6, 38, 2], [3, 40, 48, 43, 33, 35, 7, 24, 34, 29, 37, 24, 18, 41, 47, 10, 1, 19, 12, 0, 29, 44, 12, 46, 2, 5, 15, 49, 9, 0, 25, 48, 9, 4, 8], [45, 28, 27, 14, 38, 32, 22, 9, 28, 0, 26, 19, 10, 7, 0, 0, 1, 33, 14, 0, 29, 15, 10, 41, 9, 8, 16, 17, 20, 17, 4, 40, 12, 39, 29], [49, 49, 14, 24, 28, 0, 16, 21, 43, 2, 28, 18, 32, 48, 14, 5, 0, 32, 26, 5, 0, 5, 19, 49, 41, 5, 8, 36, 48, 0, 17, 25, 28, 32, 0], [4, 39, 14, 34, 21, 13, 20, 32, 47, 43, 0, 15, 48, 26, 40, 26, 26, 7, 20, 5, 41, 27, 42, 36, 25, 27, 19, 22, 20, 38, 32, 47, 2, 19, 0], [3, 44, 45, 22, 8, 6, 36, 2, 9, 22, 18, 30, 15, 0, 0, 0, 13, 11, 49, 45, 35, 32, 24, 38, 41, 0, 4, 40, 14, 10, 0, 28, 27, 8, 25], [35, 25, 14, 13, 22, 1, 47, 5, 37, 34, 42, 14, 14, 33, 36, 36, 38, 22, 4, 6, 16, 38, 8, 10, 10, 15, 17, 25, 14, 0, 42, 25, 33, 34, 18], [6, 23, 33, 8, 41, 1, 49, 19, 15, 26, 45, 41, 29, 41, 40, 14, 32, 23, 40, 13, 48, 27, 14, 13, 40, 27, 23, 15, 16, 27, 43, 8, 3, 34, 18], [17, 4, 14, 29, 45, 32, 12, 26, 24, 28, 46, 7, 38, 38, 24, 36, 15, 10, 45, 14, 20, 19, 2, 31, 43, 34, 16, 46, 48, 14, 16, 29, 18, 0, 28], [44, 11, 14, 29, 34, 32, 42, 1, 40, 6, 13, 0, 34, 24, 36, 22, 4, 28, 35, 5, 15, 20, 4, 2, 28, 8, 25, 38, 39, 27, 35, 21, 4, 45, 10], [30, 25, 20, 18, 44, 15, 23, 0, 8, 13, 18, 34, 0, 3, 32, 9, 28, 27, 38, 10, 18, 41, 23, 16, 8, 45, 0, 26, 2, 7, 6, 9, 21, 26, 38], [30, 17, 41, 4, 38, 39, 24, 30, 11, 37, 8, 36, 6, 14, 35, 20, 23, 5, 43, 35, 19, 0, 27, 43, 3, 0, 45, 39, 49, 32, 1, 42, 37, 21, 19], [0, 13, 20, 0, 23, 2, 4, 23, 40, 42, 31, 0, 40, 36, 18, 7, 22, 29, 42, 0, 40, 30, 21, 42, 10, 10, 22, 33, 45, 18, 30, 26, 5, 28, 14], [11, 16, 42, 6, 41, 36, 12, 25, 29, 27, 0, 7, 37, 33, 32, 12, 48, 4, 25, 16, 31, 0, 34, 21, 10, 0, 41, 23, 36, 35, 1, 21, 0, 5, 36], [41, 6, 9, 17, 21, 24, 19, 24, 47, 42, 45, 37, 40, 34, 47, 8, 28, 41, 11, 28, 25, 10, 45, 45, 49, 7, 7, 40, 9, 12, 1, 11, 31, 23, 43], [40, 43, 39, 13, 20, 39, 6, 35, 20, 48, 9, 21, 32, 43, 19, 5, 18, 21, 19, 18, 13, 44, 34, 21, 8, 41, 10, 32, 1, 49, 19, 0, 22, 45, 1], [32, 26, 11, 7, 23, 21, 43, 13, 35, 4, 17, 2, 36, 7, 22, 7, 3, 1, 30, 1, 32, 26, 0, 40, 46, 31, 17, 12, 17, 11, 26, 12, 14, 40, 45], [8, 10, 8, 11, 1, 27, 1, 27, 47, 18, 17, 38, 39, 39, 13, 17, 29, 27, 33, 0, 11, 0, 40, 3, 38, 27, 0, 0, 13, 40, 10, 24, 10, 41, 35], [27, 15, 18, 34, 0, 26, 30, 17, 4, 18, 46, 35, 48, 43, 1, 44, 37, 18, 34, 31, 0, 31, 3, 0, 14, 47, 48, 20, 25, 27, 6, 49, 8, 35, 16], [41, 22, 35, 0, 13, 38, 2, 12, 17, 3, 40, 24, 26, 13, 32, 30, 18, 0, 10, 44, 19, 44, 3, 3, 5, 29, 45, 32, 10, 17, 48, 41, 0, 7, 17], [23, 13, 24, 39, 0, 14, 39, 24, 24, 21, 28, 37, 28, 31, 8, 39, 36, 28, 16, 47, 5, 6, 30, 2, 27, 30, 0, 2, 33, 13, 10, 16, 5, 36, 10], [15, 49, 21, 13, 23, 6, 33, 19, 49, 12, 44, 40, 31, 20, 17, 10, 21, 46, 36, 36, 32, 19, 21, 11, 14, 39, 23, 14, 35, 14, 49, 4, 17, 35, 8], [35, 41, 26, 30, 23, 49, 19, 13, 4, 39, 45, 28, 42, 29, 17, 21, 13, 0, 23, 24, 0, 35, 14, 15, 14, 22, 24, 47, 24, 15, 10, 18, 22, 37, 9], [19, 25, 16, 38, 2, 26, 8, 44, 0, 0, 15, 37, 19, 41, 26, 0, 2, 39, 27, 45, 12, 40, 20, 27, 29, 3, 45, 0, 17, 0, 47, 18, 17, 44, 43], [14, 0, 7, 1, 0, 22, 4, 18, 46, 40, 18, 4, 46, 49, 4, 26, 0, 8, 0, 41, 2, 8, 0, 25, 16, 1, 28, 25, 6, 44, 44, 27, 40, 46, 36], [5, 0, 17, 39, 11, 45, 17, 16, 35, 38, 0, 45, 2, 36, 0, 30, 23, 36, 47, 14, 41, 46, 3, 44, 35, 23, 31, 33, 36, 2, 12, 25, 33, 2, 5], [41, 30, 29, 8, 24, 24, 27, 6, 8, 14, 4, 8, 0, 30, 0, 6, 25, 28, 5, 21, 49, 14, 49, 26, 6, 20, 24, 4, 39, 6, 23, 12, 19, 19, 49], [28, 2, 1, 0, 29, 0, 28, 17, 21, 10, 26, 26, 13, 2, 34, 4, 31, 21, 14, 47, 9, 30, 3, 46, 42, 12, 0, 28, 1, 4, 48, 16, 3, 47, 44], [45, 36, 38, 29, 21, 25, 42, 14, 46, 0, 28, 44, 18, 49, 11, 35, 19, 17, 5, 0, 42, 39, 5, 3, 43, 10, 41, 45, 3, 0, 33, 0, 45, 11, 22], [19, 38, 31, 13, 24, 29, 31, 44, 30, 21, 32, 2, 25, 31, 25, 40, 16, 45, 38, 10, 20, 29, 38, 17, 0, 17, 4, 27, 0, 3, 11, 36, 26, 19, 27], [28, 27, 40, 18, 31, 9, 28, 28, 35, 0, 45, 40, 19, 17, 46, 0, 20, 49, 0, 31, 49, 46, 0, 35, 46, 32, 0, 8, 25, 25, 4, 42, 47, 29, 17], [1, 10, 9, 31, 28, 37, 10, 7, 18, 46, 12, 37, 25, 40, 14, 30, 0, 24, 28, 34, 6, 0, 49, 44, 33, 36, 30, 0, 44, 45, 36, 26, 41, 41, 19], [46, 1, 48, 6, 0, 41, 49, 45, 21, 6, 20, 45, 12, 14, 5, 47, 36, 6, 38, 17, 12, 37, 26, 48, 42, 40, 32, 18, 48, 29, 48, 1, 44, 1, 0], [8, 37, 31, 4, 37, 5, 8, 13, 12, 23, 2, 31, 35, 1, 11, 22, 30, 47, 10, 17, 28, 16, 43, 0, 34, 9, 36, 47, 2, 48, 22, 13, 49, 6, 35], [22, 26, 47, 46, 34, 42, 24, 30, 38, 15, 0, 47, 47, 26, 7, 41, 13, 5, 21, 34, 29, 29, 26, 41, 17, 48, 24, 15, 20, 26, 48, 27, 13, 26, 0], [42, 21, 25, 31, 25, 0, 0, 11, 0, 0, 16, 49, 4, 17, 11, 19, 9, 21, 13, 0, 28, 48, 16, 17, 14, 19, 24, 49, 34, 10, 42, 23, 4, 47, 43], [1, 17, 15, 5, 22, 16, 4, 31, 5, 46, 14, 15, 38, 30, 21, 4, 25, 39, 36, 34, 25, 22, 31, 5, 42, 0, 43, 8, 33, 9, 32, 4, 21, 45, 4], [6, 38, 20, 24, 31, 2, 36, 31, 48, 27, 0, 0, 42, 13, 41, 2, 25, 10, 31, 18, 39, 1, 40, 17, 32, 0, 3, 25, 0, 49, 0, 48, 12, 29, 3], [49, 5, 44, 49, 4, 17, 22, 38, 0, 11, 0, 7, 49, 25, 18, 11, 7, 32, 37, 33, 39, 9, 44, 29, 31, 12, 3, 21, 22, 0, 39, 46, 41, 36, 37], [27, 49, 16, 0, 1, 21, 2, 18, 31, 13, 41, 0, 11, 23, 42, 31, 17, 29, 18, 40, 45, 34, 0, 8, 36, 25, 15, 16, 11, 9, 8, 31, 40, 42, 23], [40, 7, 35, 13, 32, 47, 3, 44, 35, 35, 30, 13, 6, 4, 23, 20, 17, 47, 27, 18, 26, 48, 21, 0, 3, 35, 20, 11, 23, 17, 30, 6, 28, 23, 41], [2, 7, 0, 20, 29, 19, 40, 45, 29, 29, 35, 46, 46, 46, 23, 48, 44, 18, 36, 1, 12, 13, 24, 41, 32, 33, 8, 38, 5, 6, 46, 17, 26, 24, 34], [0, 19, 3, 0, 47, 12, 46, 49, 36, 34, 43, 47, 39, 0, 0, 13, 14, 34, 11, 44, 34, 18, 31, 47, 25, 9, 10, 11, 9, 36, 0, 3, 33, 21, 45], [21, 11, 32, 27, 0, 47, 18, 5, 7, 22, 41, 42, 40, 22, 19, 49, 24, 4, 0, 44, 45, 3, 13, 0, 13, 38, 45, 35, 19, 41, 14, 2, 32, 26, 18], [4, 5, 32, 3, 49, 29, 42, 13, 28, 3, 27, 44, 45, 29, 43, 16, 44, 2, 9, 1, 13, 41, 20, 0, 40, 29, 16, 27, 44, 48, 26, 34, 31, 7, 2], [9, 22, 18, 27, 2, 5, 45, 29, 27, 0, 47, 25, 45, 39, 4, 17, 0, 21, 41, 44, 4, 49, 47, 29, 44, 34, 30, 36, 49, 0, 0, 9, 0, 43, 6], [0, 14, 21, 30, 14, 49, 0, 11, 38, 27, 42, 36, 30, 34, 48, 31, 22, 8, 42, 0, 20, 44, 39, 5, 34, 0, 0, 15, 20, 20, 0, 0, 11, 12, 19], [0, 5, 18, 12, 0, 4, 28, 19, 21, 40, 27, 22, 42, 21, 24, 41, 15, 13, 4, 5, 4, 45, 49, 4, 22, 38, 25, 41, 32, 31, 20, 34, 26, 36, 47], [42, 29, 45, 38, 39, 26, 41, 40, 26, 27, 27, 21, 47, 6, 19, 40, 23, 24, 0, 37, 11, 1, 8, 26, 3, 33, 41, 46, 47, 15, 10, 22, 35, 40, 31], [32, 32, 0, 14, 31, 47, 34, 30, 8, 12, 19, 17, 6, 39, 47, 49, 30, 17, 44, 22, 2, 29, 37, 1, 11, 43, 33, 5, 14, 4, 34, 46, 47, 9, 23], [40, 16, 30, 15, 39, 3, 20, 17, 27, 22, 45, 48, 3, 42, 14, 10, 22, 36, 40, 18, 29, 0, 20, 39, 37, 1, 25, 22, 32, 2, 3, 23, 7, 18, 20], [25, 45, 0, 6, 25, 46, 20, 47, 31, 0, 6, 7, 26, 20, 49, 15, 26, 49, 35, 37, 36, 1, 5, 21, 45, 26, 21, 33, 31, 36, 31, 0, 49, 27, 42], [27, 49, 12, 38, 5, 33, 29, 27, 28, 40, 10, 23, 41, 4, 45, 42, 43, 2, 24, 8, 34, 37, 45, 0, 1, 34, 18, 10, 21, 15, 46, 45, 9, 1, 47], [47, 8, 36, 6, 2, 14, 46, 46, 5, 2, 45, 17, 11, 26, 10, 21, 9, 6, 0, 2, 3, 5, 28, 3, 21, 0, 26, 35, 28, 43, 4, 9, 9, 28, 5], [11, 32, 49, 47, 20, 1, 25, 31, 36, 10, 42, 19, 0, 48, 13, 12, 9, 44, 29, 45, 43, 26, 6, 37, 41, 0, 0, 26, 38, 8, 45, 22, 15, 29, 49], [20, 33, 7, 8, 26, 39, 34, 22, 11, 35, 0, 7, 6, 0, 38, 7, 14, 1, 7, 7, 2, 11, 26, 24, 9, 5, 14, 25, 35, 0, 46, 6, 6, 31, 48], [37, 43, 0, 0, 12, 35, 31, 14, 34, 42, 14, 13, 14, 22, 10, 44, 45, 45, 25, 38, 43, 11, 23, 28, 5, 36, 25, 31, 0, 2, 37, 15, 17, 21, 5], [0, 37, 0, 0, 13, 29, 32, 19, 24, 36, 27, 21, 37, 32, 12, 29, 21, 38, 2, 0, 17, 15, 18, 12, 46, 26, 10, 12, 25, 20, 24, 2, 0, 36, 3], [48, 1, 39, 29, 4, 42, 31, 14, 35, 3, 20, 3, 16, 2, 33, 45, 32, 17, 45, 33, 21, 8, 19, 29, 4, 14, 0, 39, 6, 18, 33, 15, 48, 13, 7], [42, 14, 15, 16, 14, 33, 32, 49, 11, 11, 7, 12, 19, 13, 38, 35, 17, 28, 43, 9, 10, 10, 30, 29, 22, 39, 37, 47, 23, 34, 16, 43, 33, 39, 0], [15, 4, 36, 10, 17, 4, 8, 21, 21, 47, 19, 3, 12, 47, 17, 49, 9, 47, 4, 22, 38, 45, 17, 9, 3, 24, 7, 14, 18, 4, 24, 44, 17, 42, 47], [43, 12, 16, 19, 5, 0, 5, 44, 42, 46, 16, 38, 11, 45, 25, 2, 18, 10, 37, 2, 3, 49, 23, 37, 20, 44, 31, 26, 7, 21, 15, 10, 36, 44, 14], [13, 6, 20, 39, 45, 21, 46, 32, 14, 41, 20, 42, 48, 36, 3, 46, 21, 48, 37, 9, 45, 0, 4, 35, 23, 45, 33, 13, 48, 45, 38, 17, 44, 23, 43], [0, 2, 5, 21, 18, 39, 0, 25, 0, 33, 8, 24, 28, 49, 3, 0, 26, 0, 27, 33, 43, 6, 8, 37, 7, 42, 35, 3, 18, 0, 9, 11, 38, 23, 6], [20, 2, 0, 32, 5, 1, 36, 23, 26, 38, 21, 45, 23, 32, 43, 10, 22, 36, 32, 3, 30, 3, 22, 33, 4, 45, 19, 14, 37, 1, 16, 10, 1, 12, 30], [25, 45, 20, 49, 48, 1, 9, 27, 28, 18, 49, 4, 37, 39, 31, 12, 4, 11, 41, 21, 40, 10, 29, 16, 4, 49, 0, 32, 29, 47, 14, 43, 39, 44, 10], [24, 43, 24, 43, 28, 48, 0, 33, 25, 33, 21, 32, 18, 9, 0, 32, 24, 25, 6, 1, 26, 12, 42, 6, 24, 0, 36, 39, 0, 14, 15, 13, 36, 0, 20], [43, 45, 36, 0, 43, 34, 16, 0, 32, 45, 13, 43, 44, 26, 21, 16, 22, 0, 18, 42, 45, 35, 19, 38, 38, 9, 3, 0, 46, 0, 2, 49, 23, 30, 0], [2, 9, 35, 39, 22, 35, 10, 32, 2, 49, 21, 38, 32, 40, 1, 5, 6, 43, 40, 7, 45, 22, 27, 1, 35, 16, 2, 6, 34, 41, 23, 44, 27, 14, 22], [13, 44, 47, 8, 39, 12, 4, 44, 42, 7, 37, 5, 7, 49, 6, 0, 12, 2, 0, 6, 17, 32, 14, 34, 24, 6, 6, 49, 39, 0, 34, 17, 20, 4, 38], [23, 39, 7, 0, 29, 34, 41, 0, 7, 33, 41, 47, 11, 46, 27, 44, 41, 49, 39, 38, 7, 1, 6, 39, 23, 22, 1, 30, 36, 21, 1, 43, 34, 13, 17], [0, 39, 45, 25, 20, 29, 37, 34, 44, 3, 19, 2, 5, 5, 8, 1, 31, 10, 46, 40, 39, 19, 49, 0, 16, 49, 34, 30, 30, 48, 3, 15, 4, 34, 32], [19, 43, 14, 48, 29, 7, 1, 30, 5, 48, 10, 30, 16, 0, 0, 37, 0, 29, 0, 7, 49, 36, 41, 13, 22, 31, 14, 17, 5, 19, 1, 23, 33, 5, 6], [26, 4, 28, 31, 0, 15, 19, 32, 1, 6, 29, 9, 12, 13, 38, 3, 43, 33, 15, 46, 5, 7, 49, 5, 32, 45, 43, 15, 22, 47, 31, 3, 27, 11, 39], [9, 4, 37, 6, 37, 23, 1, 44, 15, 17, 3, 3, 23, 38, 47, 9, 13, 36, 14, 33, 37, 8, 42, 16, 27, 11, 31, 36, 0, 44, 20, 18, 5, 1, 44], [23, 32, 2, 4, 2, 13, 1, 12, 19, 35, 38, 49, 42, 46, 14, 17, 0, 37, 49, 17, 21, 37, 43, 34, 44, 2, 49, 37, 30, 26, 0, 0, 6, 37, 0], [6, 44, 33, 44, 15, 16, 24, 23, 44, 46, 12, 18, 36, 21, 20, 8, 27, 5, 24, 44, 42, 10, 46, 41, 34, 48, 23, 13, 19, 41, 4, 39, 19, 9, 35], [33, 14, 0, 23, 47, 4, 22, 0, 23, 5, 13, 0, 47, 4, 32, 40, 19, 5, 43, 15, 41, 32, 2, 40, 38, 41, 33, 16, 47, 26, 33, 4, 0, 44, 46], [9, 20, 20, 1, 45, 39, 38, 27, 6, 37, 16, 4, 49, 24, 2, 30, 21, 9, 26, 15, 16, 29, 11, 13, 26, 29, 42, 39, 46, 11, 5, 29, 23, 25, 41], [31, 0, 10, 31, 10, 12, 9, 12, 28, 4, 12, 30, 4, 34, 1, 26, 33, 35, 10, 42, 10, 47, 21, 40, 0, 11, 45, 35, 43, 19, 17, 13, 34, 27, 47], [18, 49, 42, 16, 34, 9, 35, 46, 49, 37, 11, 26, 49, 42, 44, 12, 37, 28, 20, 44, 29, 35, 11, 19, 45, 35, 48, 29, 44, 0, 2, 24, 4, 40, 26], [43, 6, 41, 11, 37, 23, 36, 6, 40, 15, 19, 45, 47, 24, 43, 30, 0, 1, 21, 6, 23, 35, 14, 32, 45, 5, 44, 24, 20, 0, 0, 5, 2, 17, 45], [12, 48, 37, 48, 29, 0, 8, 40, 13, 34, 2, 39, 29, 30, 7, 11, 26, 12, 27, 12, 16, 16, 49, 14, 33, 3, 29, 44, 36, 8, 21, 8, 5, 26, 6], [12, 45, 21, 46, 31, 29, 0, 45, 42, 40, 35, 16, 12, 29, 45, 5, 3, 0, 43, 35, 47, 11, 36, 43, 3, 1, 29, 45, 32, 48, 47, 6, 33, 32, 32], [22, 30, 0, 3, 47, 0, 14, 37, 47, 11, 12, 16, 40, 4, 0, 17, 37, 3, 15, 9, 5, 28, 36, 40, 40, 26, 25, 43, 28, 9, 9, 39, 4, 10, 40], [21, 32, 35, 42, 40, 31, 42, 0, 7, 0, 33, 28, 21, 1, 19, 36, 41, 14, 13, 26, 34, 15, 14, 25, 20, 25, 6, 22, 19, 22, 34, 10, 31, 43, 8], [44, 43, 2, 23, 41, 24, 37, 16, 30, 15, 34, 29, 38, 11, 3, 38, 7, 1, 26, 25, 32, 12, 5, 17, 44, 16, 17, 28, 44, 36, 31, 31, 0, 14, 0], [21, 40, 2, 0, 28, 7, 0, 11, 37, 27, 22, 19, 14, 35, 41, 35, 33, 9, 43, 35, 43, 6, 2, 32, 13, 33, 32, 22, 36, 22, 0, 42, 10, 36, 7]]
Maintenance cost in each period m: 
[17055, 16585, 15825, 15968, 14955, 16425, 16502, 15112, 17533, 14559, 17283, 16035, 14403, 15450, 16197, 15952, 16411, 17495, 16266, 14479, 15184, 17911, 16698, 16777, 17758, 16449, 16494, 15765, 17449, 14958, 17919, 17842, 16217, 16068, 14486]
Maximum capacity of the machine cmax: 
5625