Set of periods in the planning horizon T: 
25
Set of products P: 
100
Capacity reduction coefficient alpha: 
0.8
Relative decrease of capacity per set up gamma: 
0.36
Capacity reduction coefficient due to product types beta: 
[0.28, 0.34, 0.22, 0.2, 0.38, 0.25, 0.38, 0.34, 0.27, 0.29, 0.32, 0.25, 0.27, 0.32, 0.37, 0.24, 0.34, 0.33, 0.24, 0.38, 0.3, 0.35, 0.34, 0.3, 0.24, 0.22, 0.27, 0.34, 0.23, 0.23, 0.34, 0.39, 0.26, 0.32, 0.34, 0.25, 0.38, 0.26, 0.21, 0.34, 0.37, 0.29, 0.33, 0.31, 0.32, 0.38, 0.29, 0.29, 0.23, 0.35, 0.23, 0.21, 0.32, 0.2, 0.21, 0.3, 0.37, 0.35, 0.3, 0.37, 0.39, 0.29, 0.21, 0.23, 0.29, 0.32, 0.31, 0.35, 0.29, 0.24, 0.28, 0.28, 0.33, 0.35, 0.36, 0.26, 0.2, 0.26, 0.33, 0.23, 0.22, 0.4, 0.21, 0.33, 0.29, 0.39, 0.39, 0.25, 0.22, 0.25, 0.26, 0.21, 0.39, 0.39, 0.36, 0.35, 0.32, 0.39, 0.28, 0.22]
Fixed production cost of each product in each period f: 
[[909, 564, 503, 828, 589, 621, 802, 899, 673, 607, 536, 750, 984, 767, 515, 796, 601, 725, 782, 608, 709, 603, 541, 944, 660], [563, 913, 917, 540, 503, 976, 928, 870, 778, 877, 936, 913, 725, 732, 694, 551, 555, 610, 999, 926, 652, 604, 710, 662, 863], [714, 580, 693, 713, 815, 815, 654, 792, 602, 706, 648, 844, 532, 621, 559, 981, 858, 755, 642, 758, 657, 529, 545, 743, 933], [977, 643, 948, 710, 585, 584, 595, 901, 584, 724, 873, 582, 862, 933, 917, 957, 520, 896, 919, 536, 676, 688, 829, 710, 960], [622, 810, 979, 857, 947, 669, 909, 556, 662, 927, 850, 826, 778, 606, 946, 795, 719, 969, 623, 704, 846, 915, 875, 876, 978], [623, 798, 755, 737, 646, 770, 553, 629, 826, 882, 666, 671, 510, 617, 504, 502, 793, 570, 877, 570, 830, 571, 627, 998, 649], [605, 872, 579, 786, 994, 774, 962, 747, 949, 903, 553, 539, 887, 829, 980, 643, 915, 759, 657, 575, 825, 643, 980, 779, 891], [524, 884, 912, 715, 894, 931, 668, 805, 706, 973, 835, 564, 746, 511, 999, 661, 901, 802, 692, 931, 955, 995, 632, 754, 749], [853, 591, 774, 617, 816, 691, 578, 626, 519, 822, 847, 759, 565, 778, 956, 700, 926, 914, 778, 956, 515, 710, 578, 699, 506], [992, 702, 678, 820, 705, 706, 983, 787, 948, 810, 665, 723, 692, 966, 957, 993, 919, 952, 965, 723, 872, 989, 963, 645, 739], [860, 783, 629, 664, 712, 760, 968, 548, 885, 826, 571, 619, 906, 878, 990, 864, 930, 772, 629, 685, 819, 605, 621, 715, 926], [955, 977, 534, 851, 873, 858, 818, 509, 689, 882, 871, 893, 707, 794, 635, 620, 601, 564, 975, 964, 722, 796, 961, 877, 591], [745, 740, 653, 550, 769, 855, 682, 666, 904, 732, 620, 933, 627, 899, 947, 633, 719, 732, 903, 696, 595, 933, 781, 524, 941], [518, 711, 640, 609, 634, 816, 628, 897, 568, 846, 723, 926, 952, 663, 849, 787, 827, 638, 753, 883, 904, 548, 556, 656, 786], [567, 612, 696, 533, 569, 590, 543, 994, 566, 932, 831, 746, 513, 987, 984, 666, 509, 646, 652, 714, 641, 945, 879, 777, 743], [528, 968, 765, 714, 821, 712, 665, 978, 585, 939, 655, 609, 540, 855, 524, 850, 885, 762, 882, 620, 752, 846, 715, 572, 668], [773, 923, 747, 749, 599, 834, 713, 718, 744, 634, 751, 574, 674, 747, 934, 539, 580, 744, 630, 987, 846, 995, 588, 654, 707], [846, 504, 718, 710, 803, 676, 550, 765, 976, 517, 914, 614, 610, 697, 969, 912, 542, 615, 835, 871, 936, 866, 651, 736, 571], [762, 919, 563, 773, 845, 821, 818, 657, 938, 609, 863, 911, 903, 931, 661, 665, 536, 688, 964, 783, 668, 608, 566, 644, 660], [554, 615, 827, 661, 605, 855, 600, 724, 844, 599, 858, 949, 702, 702, 655, 527, 887, 620, 869, 715, 508, 989, 906, 666, 758], [575, 619, 715, 641, 510, 521, 874, 982, 714, 540, 860, 634, 945, 709, 579, 820, 794, 582, 596, 544, 982, 596, 889, 689, 706], [623, 623, 570, 830, 998, 535, 518, 847, 545, 578, 617, 851, 848, 722, 583, 992, 539, 690, 525, 798, 879, 887, 776, 602, 561], [557, 988, 892, 847, 798, 924, 939, 839, 851, 563, 695, 852, 719, 980, 771, 920, 536, 702, 633, 620, 945, 901, 540, 619, 880], [901, 672, 861, 563, 825, 649, 679, 600, 683, 819, 757, 923, 902, 730, 695, 620, 945, 992, 669, 771, 625, 567, 745, 558, 522], [714, 933, 772, 580, 836, 772, 683, 515, 855, 817, 982, 896, 575, 601, 783, 759, 991, 630, 714, 682, 514, 507, 833, 695, 968], [960, 690, 644, 989, 885, 663, 531, 811, 728, 593, 866, 812, 902, 640, 869, 616, 533, 944, 687, 746, 688, 675, 572, 808, 601], [981, 929, 957, 661, 914, 993, 658, 688, 750, 536, 518, 830, 637, 593, 538, 774, 997, 995, 903, 589, 754, 871, 884, 844, 601], [935, 922, 570, 912, 694, 655, 942, 623, 732, 534, 917, 626, 513, 602, 865, 697, 807, 731, 640, 578, 840, 508, 576, 766, 635], [867, 918, 885, 895, 846, 701, 799, 902, 597, 750, 747, 761, 870, 674, 870, 697, 501, 889, 904, 911, 853, 937, 900, 646, 966], [541, 618, 955, 821, 777, 866, 570, 964, 890, 669, 987, 526, 818, 912, 953, 562, 863, 934, 636, 620, 707, 567, 774, 807, 631], [687, 629, 613, 870, 829, 946, 552, 980, 500, 673, 650, 726, 609, 968, 628, 836, 529, 749, 806, 743, 674, 854, 867, 781, 661], [656, 658, 573, 844, 658, 928, 813, 942, 906, 646, 877, 791, 981, 773, 556, 930, 964, 617, 917, 544, 560, 896, 630, 752, 613], [619, 763, 994, 665, 503, 586, 875, 611, 679, 975, 798, 828, 705, 516, 922, 930, 569, 710, 967, 816, 814, 920, 818, 802, 678], [833, 956, 596, 527, 857, 926, 950, 796, 812, 511, 893, 751, 908, 679, 919, 976, 856, 751, 616, 899, 628, 890, 555, 979, 847], [585, 541, 916, 953, 533, 618, 783, 986, 922, 648, 910, 996, 604, 603, 815, 989, 573, 528, 637, 590, 994, 803, 513, 744, 929], [799, 745, 631, 525, 775, 664, 894, 532, 826, 996, 865, 618, 639, 785, 604, 859, 576, 511, 528, 530, 720, 729, 549, 660, 825], [739, 713, 877, 735, 686, 898, 819, 699, 902, 508, 638, 832, 537, 791, 518, 915, 922, 964, 922, 525, 981, 889, 971, 956, 517], [841, 573, 889, 741, 996, 537, 760, 954, 653, 745, 860, 735, 845, 819, 922, 784, 862, 910, 914, 500, 701, 736, 992, 715, 629], [582, 694, 568, 891, 841, 609, 759, 590, 580, 655, 501, 712, 604, 940, 900, 799, 793, 555, 543, 854, 757, 868, 852, 534, 834], [881, 652, 520, 515, 924, 890, 946, 613, 891, 689, 651, 587, 862, 866, 852, 541, 513, 964, 644, 534, 669, 504, 590, 882, 652], [898, 741, 849, 926, 700, 776, 862, 994, 847, 928, 507, 920, 567, 884, 884, 811, 905, 815, 572, 970, 714, 652, 531, 739, 658], [719, 795, 527, 597, 888, 547, 892, 573, 932, 637, 500, 554, 850, 585, 703, 969, 640, 641, 861, 716, 616, 766, 956, 656, 715], [899, 825, 922, 960, 575, 609, 956, 678, 990, 514, 697, 995, 885, 845, 603, 635, 676, 748, 571, 923, 581, 945, 607, 948, 696], [723, 716, 855, 609, 833, 745, 799, 736, 894, 996, 595, 913, 919, 515, 636, 657, 670, 646, 788, 902, 983, 791, 893, 834, 719], [891, 860, 642, 867, 919, 733, 869, 523, 713, 577, 710, 581, 856, 846, 813, 973, 602, 758, 585, 603, 842, 555, 976, 523, 631], [566, 546, 630, 942, 835, 652, 952, 578, 947, 883, 993, 983, 813, 914, 851, 983, 567, 939, 545, 681, 537, 969, 684, 685, 745], [688, 738, 870, 688, 766, 543, 819, 530, 600, 861, 616, 945, 526, 772, 986, 887, 816, 877, 765, 655, 611, 575, 598, 718, 592], [991, 925, 945, 651, 625, 988, 576, 503, 527, 543, 848, 906, 668, 500, 645, 986, 876, 926, 526, 577, 532, 983, 972, 991, 676], [904, 843, 773, 534, 942, 618, 620, 770, 565, 615, 998, 987, 523, 586, 983, 528, 717, 689, 603, 765, 839, 584, 838, 871, 813], [989, 567, 612, 718, 920, 975, 842, 688, 732, 505, 688, 501, 507, 666, 905, 652, 986, 505, 866, 532, 908, 596, 775, 915, 811], [879, 831, 840, 525, 544, 684, 548, 558, 631, 724, 682, 646, 828, 548, 630, 698, 845, 712, 546, 522, 642, 500, 927, 694, 608], [713, 693, 578, 973, 910, 791, 981, 796, 712, 513, 711, 874, 725, 799, 716, 752, 946, 892, 866, 780, 500, 617, 832, 699, 533], [939, 936, 609, 774, 713, 594, 750, 691, 728, 612, 800, 906, 604, 997, 930, 820, 987, 518, 882, 683, 527, 936, 552, 714, 667], [809, 667, 698, 660, 731, 893, 644, 508, 878, 824, 500, 518, 952, 670, 741, 843, 868, 753, 966, 612, 918, 715, 984, 627, 896], [646, 874, 816, 870, 843, 852, 611, 571, 936, 918, 958, 780, 759, 786, 592, 999, 887, 931, 811, 811, 780, 775, 594, 677, 638], [545, 963, 684, 926, 792, 610, 770, 912, 652, 504, 673, 753, 948, 642, 967, 851, 971, 549, 603, 837, 641, 560, 947, 778, 819], [863, 500, 686, 853, 674, 618, 682, 671, 961, 664, 988, 556, 716, 562, 911, 839, 718, 977, 528, 826, 666, 874, 629, 608, 831], [769, 732, 624, 639, 918, 760, 680, 803, 846, 969, 707, 592, 788, 637, 545, 565, 981, 969, 775, 886, 847, 933, 896, 838, 641], [616, 902, 910, 960, 551, 916, 938, 721, 577, 778, 743, 905, 756, 650, 698, 967, 583, 944, 973, 575, 516, 859, 798, 532, 971], [710, 592, 830, 990, 508, 862, 711, 587, 716, 652, 639, 906, 831, 596, 796, 777, 909, 574, 646, 787, 837, 930, 941, 851, 554], [792, 539, 969, 620, 531, 665, 740, 598, 621, 636, 608, 680, 969, 866, 797, 699, 775, 593, 985, 826, 640, 774, 706, 660, 710], [879, 748, 998, 503, 995, 748, 643, 684, 807, 615, 834, 978, 779, 609, 529, 694, 905, 805, 500, 614, 702, 562, 847, 796, 766], [524, 991, 553, 964, 755, 931, 672, 907, 768, 809, 537, 734, 525, 765, 676, 935, 867, 684, 742, 879, 586, 713, 802, 895, 633], [715, 853, 990, 639, 840, 883, 615, 628, 998, 528, 754, 934, 969, 511, 711, 609, 550, 843, 511, 992, 706, 638, 771, 629, 598], [519, 572, 765, 712, 522, 546, 651, 629, 797, 853, 585, 724, 803, 505, 843, 624, 710, 612, 858, 971, 508, 851, 594, 569, 620], [984, 542, 967, 524, 562, 508, 914, 910, 602, 635, 803, 719, 883, 607, 718, 631, 830, 699, 723, 748, 936, 729, 974, 770, 604], [583, 660, 783, 808, 692, 542, 504, 847, 531, 730, 551, 585, 591, 819, 904, 874, 855, 628, 821, 658, 564, 941, 734, 917, 717], [725, 909, 942, 995, 699, 769, 813, 856, 888, 715, 960, 940, 815, 841, 703, 880, 577, 794, 515, 935, 517, 638, 544, 960, 862], [527, 590, 531, 985, 756, 642, 598, 773, 857, 936, 739, 516, 840, 503, 521, 891, 951, 840, 794, 541, 929, 622, 848, 513, 599], [618, 566, 984, 896, 597, 589, 717, 855, 929, 713, 550, 678, 944, 989, 752, 693, 590, 768, 688, 690, 970, 658, 989, 768, 539], [528, 557, 543, 821, 974, 546, 616, 815, 655, 646, 568, 531, 587, 869, 867, 678, 986, 879, 938, 810, 929, 589, 912, 815, 514], [843, 814, 800, 631, 758, 727, 635, 885, 731, 639, 649, 592, 604, 928, 541, 894, 839, 754, 556, 611, 677, 999, 931, 998, 806], [585, 708, 951, 536, 587, 613, 628, 568, 694, 619, 660, 791, 806, 789, 917, 809, 886, 910, 884, 794, 510, 547, 993, 887, 546], [776, 600, 690, 662, 638, 534, 886, 826, 692, 658, 814, 752, 968, 976, 855, 586, 779, 973, 564, 757, 848, 878, 894, 787, 984], [661, 623, 758, 868, 633, 972, 843, 775, 824, 571, 604, 519, 678, 993, 602, 702, 997, 610, 652, 991, 952, 508, 725, 521, 903], [795, 844, 585, 867, 582, 734, 887, 765, 846, 934, 899, 550, 749, 832, 911, 824, 988, 799, 665, 747, 702, 827, 569, 970, 619], [641, 827, 920, 548, 535, 656, 573, 619, 910, 990, 909, 627, 884, 866, 797, 749, 965, 669, 624, 792, 996, 993, 704, 790, 564], [903, 978, 710, 664, 705, 715, 711, 763, 524, 584, 512, 517, 897, 913, 870, 584, 586, 633, 817, 628, 691, 613, 794, 799, 870], [858, 770, 660, 823, 502, 809, 751, 596, 811, 627, 565, 770, 601, 608, 510, 891, 961, 672, 912, 887, 853, 606, 702, 883, 884], [619, 815, 675, 645, 852, 883, 821, 965, 877, 715, 939, 611, 540, 631, 585, 888, 716, 604, 662, 736, 581, 506, 523, 610, 890], [566, 991, 607, 870, 547, 892, 823, 733, 525, 953, 980, 567, 840, 945, 911, 578, 819, 766, 523, 697, 655, 592, 613, 849, 889], [658, 702, 581, 694, 893, 916, 766, 603, 856, 676, 574, 782, 625, 503, 626, 812, 901, 879, 879, 592, 767, 693, 589, 923, 564], [974, 670, 761, 518, 756, 722, 729, 804, 908, 948, 950, 638, 999, 774, 546, 671, 756, 651, 735, 998, 510, 840, 880, 777, 923], [611, 866, 579, 715, 725, 523, 924, 693, 763, 743, 528, 777, 928, 675, 753, 948, 805, 738, 892, 614, 503, 982, 763, 594, 969], [898, 765, 702, 638, 578, 752, 848, 590, 679, 550, 834, 698, 626, 607, 621, 628, 974, 658, 749, 838, 591, 918, 971, 920, 826], [769, 540, 616, 886, 664, 937, 506, 714, 665, 741, 565, 891, 917, 948, 625, 652, 925, 718, 721, 508, 659, 727, 505, 685, 745], [561, 831, 565, 533, 616, 887, 951, 863, 787, 973, 607, 673, 996, 907, 501, 545, 618, 593, 746, 916, 631, 862, 898, 852, 689], [880, 598, 816, 982, 853, 602, 783, 722, 502, 724, 790, 929, 594, 683, 556, 616, 896, 964, 743, 949, 679, 991, 997, 685, 734], [860, 501, 940, 964, 960, 525, 648, 536, 547, 607, 922, 710, 890, 725, 549, 518, 806, 798, 846, 974, 745, 891, 670, 832, 665], [812, 508, 607, 504, 531, 534, 666, 916, 877, 608, 563, 567, 913, 917, 567, 578, 682, 593, 621, 552, 907, 944, 931, 732, 788], [562, 965, 895, 841, 906, 636, 799, 980, 968, 594, 986, 856, 503, 806, 612, 747, 661, 765, 795, 921, 830, 513, 865, 576, 533], [508, 916, 984, 725, 950, 830, 569, 867, 674, 589, 570, 716, 891, 972, 773, 716, 547, 657, 881, 874, 787, 991, 751, 779, 860], [954, 595, 756, 635, 925, 766, 599, 635, 520, 752, 794, 927, 693, 567, 626, 565, 684, 621, 564, 559, 609, 577, 554, 819, 698], [941, 587, 696, 976, 751, 893, 942, 729, 590, 771, 652, 628, 855, 968, 990, 768, 704, 870, 904, 939, 548, 783, 639, 915, 616], [992, 560, 827, 916, 618, 681, 950, 783, 506, 544, 652, 572, 918, 863, 940, 682, 947, 574, 966, 616, 565, 640, 513, 823, 516], [569, 639, 610, 597, 943, 835, 733, 590, 695, 519, 873, 729, 967, 900, 860, 898, 867, 847, 586, 555, 748, 642, 509, 710, 784], [677, 572, 587, 625, 653, 517, 590, 570, 640, 651, 902, 640, 730, 693, 888, 816, 974, 900, 761, 526, 936, 836, 737, 949, 912], [538, 547, 920, 666, 791, 841, 874, 692, 551, 692, 976, 931, 754, 966, 564, 847, 802, 698, 604, 971, 658, 594, 919, 763, 702], [648, 979, 706, 823, 788, 881, 968, 997, 817, 859, 528, 742, 974, 834, 955, 707, 560, 816, 718, 842, 515, 668, 884, 521, 657], [970, 877, 606, 709, 868, 735, 540, 895, 980, 627, 601, 633, 924, 995, 537, 786, 628, 700, 946, 673, 825, 838, 864, 716, 742]]
Variable production cost per unit of each product in each period p: 
[[13, 13, 11, 13, 13, 12, 13, 12, 11, 11, 13, 11, 11, 12, 13, 12, 11, 10, 12, 12, 13, 11, 10, 10, 13], [10, 12, 10, 13, 11, 12, 11, 12, 13, 13, 12, 12, 12, 11, 12, 12, 12, 11, 10, 10, 13, 11, 11, 10, 12], [11, 11, 13, 13, 13, 11, 12, 10, 11, 10, 10, 13, 13, 13, 10, 10, 12, 10, 11, 12, 13, 10, 13, 10, 13], [13, 13, 11, 13, 12, 12, 10, 10, 11, 10, 10, 12, 11, 11, 10, 13, 11, 13, 12, 10, 13, 12, 13, 12, 10], [12, 13, 11, 10, 11, 12, 10, 12, 10, 12, 12, 10, 12, 10, 10, 12, 10, 13, 12, 11, 12, 11, 10, 10, 11], [13, 10, 12, 11, 12, 12, 10, 13, 10, 13, 11, 12, 11, 11, 13, 13, 10, 10, 10, 13, 12, 12, 12, 12, 11], [10, 12, 11, 13, 10, 11, 13, 12, 10, 13, 12, 13, 11, 11, 12, 12, 12, 12, 11, 12, 11, 10, 11, 12, 10], [12, 10, 13, 13, 11, 10, 12, 10, 13, 11, 12, 13, 12, 11, 11, 12, 12, 10, 13, 10, 11, 11, 11, 12, 11], [10, 13, 13, 11, 10, 11, 13, 11, 10, 13, 10, 10, 10, 11, 10, 13, 13, 12, 10, 13, 10, 12, 11, 11, 11], [10, 11, 11, 13, 12, 12, 10, 11, 13, 10, 11, 12, 12, 10, 11, 11, 13, 13, 12, 12, 10, 11, 13, 13, 13], [12, 12, 11, 12, 10, 10, 13, 11, 10, 13, 11, 13, 10, 10, 10, 11, 11, 12, 13, 12, 13, 12, 12, 13, 10], [11, 11, 12, 10, 11, 13, 11, 11, 12, 11, 10, 10, 12, 11, 11, 10, 13, 12, 13, 12, 11, 13, 10, 10, 10], [13, 11, 12, 12, 13, 11, 12, 11, 10, 12, 11, 12, 11, 12, 12, 13, 10, 12, 12, 13, 10, 11, 10, 11, 12], [12, 10, 13, 13, 10, 10, 11, 10, 10, 13, 13, 13, 13, 12, 13, 10, 13, 12, 12, 11, 11, 13, 13, 10, 10], [11, 11, 13, 13, 10, 11, 10, 10, 13, 13, 10, 11, 10, 12, 13, 11, 11, 12, 13, 11, 12, 10, 11, 11, 12], [11, 10, 13, 12, 10, 11, 11, 12, 13, 12, 13, 13, 12, 11, 12, 11, 10, 12, 12, 12, 10, 13, 11, 11, 12], [12, 12, 13, 13, 13, 12, 13, 13, 12, 11, 13, 13, 10, 12, 12, 13, 12, 10, 10, 13, 13, 11, 11, 10, 12], [10, 13, 10, 10, 11, 11, 11, 13, 12, 11, 11, 12, 12, 10, 11, 12, 12, 12, 10, 10, 12, 12, 13, 11, 10], [10, 12, 10, 11, 11, 11, 13, 11, 12, 11, 13, 13, 13, 12, 12, 10, 10, 12, 13, 10, 10, 13, 11, 10, 12], [11, 13, 12, 10, 10, 13, 11, 10, 12, 10, 13, 10, 13, 13, 11, 13, 13, 11, 12, 10, 10, 10, 12, 11, 10], [10, 10, 12, 11, 10, 10, 10, 11, 11, 13, 11, 11, 13, 10, 11, 12, 12, 13, 12, 13, 11, 11, 12, 12, 13], [10, 12, 11, 13, 11, 10, 13, 10, 10, 10, 13, 10, 12, 10, 10, 10, 11, 12, 11, 13, 11, 13, 13, 12, 10], [11, 13, 10, 12, 10, 13, 13, 13, 13, 10, 12, 12, 13, 10, 10, 10, 11, 11, 11, 13, 10, 13, 13, 13, 13], [10, 10, 12, 11, 13, 12, 10, 10, 11, 12, 11, 13, 13, 11, 13, 10, 10, 11, 11, 13, 12, 11, 11, 13, 12], [10, 11, 11, 13, 10, 10, 10, 10, 13, 12, 12, 12, 10, 12, 11, 10, 10, 13, 11, 11, 11, 12, 12, 11, 10], [11, 13, 11, 12, 12, 12, 11, 13, 11, 12, 11, 11, 10, 13, 12, 10, 13, 12, 13, 11, 13, 13, 10, 12, 10], [13, 11, 13, 11, 12, 10, 13, 13, 12, 11, 12, 13, 10, 13, 11, 12, 12, 13, 10, 10, 12, 13, 11, 10, 10], [12, 11, 10, 11, 10, 13, 12, 13, 12, 10, 10, 12, 10, 11, 13, 12, 12, 11, 11, 12, 11, 11, 13, 12, 13], [13, 13, 13, 10, 13, 10, 10, 12, 10, 13, 11, 13, 10, 13, 13, 12, 13, 10, 12, 13, 11, 11, 12, 10, 10], [12, 10, 11, 11, 11, 13, 12, 10, 13, 10, 11, 10, 11, 13, 13, 12, 11, 13, 13, 12, 12, 11, 11, 11, 12], [11, 11, 13, 10, 11, 10, 10, 12, 11, 12, 13, 10, 11, 12, 10, 10, 12, 11, 13, 12, 13, 12, 13, 13, 10], [13, 10, 13, 13, 11, 13, 13, 12, 11, 11, 11, 13, 12, 13, 13, 10, 13, 12, 13, 13, 11, 10, 11, 12, 13], [12, 10, 12, 13, 11, 11, 11, 12, 12, 12, 10, 13, 11, 13, 10, 13, 11, 12, 10, 12, 11, 12, 12, 11, 13], [10, 10, 10, 10, 12, 13, 12, 11, 13, 12, 10, 13, 11, 12, 10, 13, 11, 13, 10, 12, 11, 10, 11, 12, 13], [10, 10, 10, 13, 11, 12, 11, 11, 10, 12, 11, 11, 13, 10, 10, 11, 13, 11, 13, 12, 12, 10, 12, 12, 12], [11, 11, 13, 11, 11, 12, 13, 12, 10, 11, 13, 13, 10, 12, 10, 13, 10, 12, 11, 12, 10, 13, 13, 13, 11], [12, 10, 12, 13, 11, 11, 13, 10, 13, 10, 13, 11, 10, 11, 11, 10, 10, 13, 10, 13, 12, 10, 10, 13, 11], [12, 13, 13, 10, 13, 13, 13, 13, 12, 10, 10, 12, 12, 12, 12, 12, 11, 10, 10, 13, 10, 11, 13, 10, 12], [12, 11, 11, 13, 11, 10, 13, 12, 13, 11, 11, 10, 13, 12, 13, 11, 12, 12, 10, 12, 12, 13, 11, 12, 10], [11, 11, 10, 12, 12, 11, 10, 13, 13, 11, 13, 12, 12, 13, 10, 13, 13, 13, 11, 11, 10, 10, 11, 10, 10], [12, 11, 10, 11, 12, 12, 10, 13, 10, 10, 13, 10, 13, 11, 12, 13, 13, 12, 12, 10, 11, 11, 11, 10, 10], [13, 13, 13, 10, 13, 13, 10, 11, 10, 11, 13, 11, 12, 13, 10, 12, 12, 11, 12, 12, 12, 13, 12, 12, 10], [12, 11, 11, 11, 12, 10, 11, 10, 11, 10, 12, 12, 10, 13, 13, 12, 12, 11, 13, 10, 10, 11, 10, 10, 13], [12, 10, 11, 11, 10, 13, 11, 12, 13, 12, 12, 12, 13, 11, 13, 11, 10, 12, 13, 10, 13, 11, 13, 12, 11], [11, 11, 12, 11, 10, 13, 12, 11, 10, 10, 13, 13, 11, 11, 12, 10, 12, 11, 13, 11, 12, 13, 12, 11, 11], [12, 12, 12, 13, 12, 13, 11, 11, 12, 11, 11, 11, 13, 13, 10, 12, 11, 11, 10, 12, 11, 11, 13, 11, 12], [12, 11, 10, 10, 10, 10, 12, 10, 12, 11, 11, 13, 10, 12, 11, 13, 10, 12, 11, 12, 11, 10, 10, 10, 11], [10, 12, 10, 11, 10, 11, 10, 11, 13, 12, 12, 11, 11, 13, 10, 10, 13, 12, 12, 13, 12, 13, 11, 13, 13], [10, 12, 12, 12, 12, 10, 11, 11, 13, 13, 11, 11, 12, 10, 12, 11, 13, 13, 11, 13, 10, 11, 12, 12, 13], [11, 10, 10, 10, 12, 12, 10, 13, 13, 10, 10, 11, 11, 11, 11, 10, 13, 13, 13, 12, 10, 13, 13, 12, 13], [13, 13, 12, 11, 11, 11, 11, 10, 10, 10, 12, 13, 11, 13, 11, 13, 11, 11, 11, 10, 10, 11, 11, 13, 10], [11, 11, 13, 10, 12, 13, 12, 10, 10, 10, 11, 12, 11, 11, 10, 13, 11, 10, 12, 12, 10, 12, 13, 10, 10], [10, 11, 12, 10, 12, 13, 12, 13, 11, 10, 11, 13, 12, 11, 13, 12, 13, 13, 10, 11, 10, 13, 11, 10, 11], [12, 10, 10, 11, 11, 13, 10, 13, 10, 11, 10, 13, 10, 12, 10, 13, 10, 11, 12, 10, 11, 11, 12, 11, 12], [13, 12, 13, 10, 12, 11, 13, 11, 13, 12, 11, 12, 13, 13, 11, 12, 10, 12, 11, 13, 12, 11, 10, 11, 12], [11, 13, 13, 10, 13, 10, 11, 13, 13, 11, 10, 11, 13, 11, 12, 10, 13, 10, 12, 11, 11, 10, 10, 12, 10], [13, 12, 12, 11, 10, 11, 12, 10, 12, 11, 11, 11, 13, 11, 13, 12, 13, 12, 12, 11, 13, 11, 10, 11, 11], [11, 13, 13, 13, 12, 11, 13, 13, 11, 12, 13, 11, 10, 13, 11, 12, 12, 13, 13, 12, 11, 12, 11, 13, 13], [13, 11, 10, 13, 12, 10, 12, 10, 10, 13, 10, 13, 13, 11, 11, 12, 12, 12, 10, 12, 13, 10, 11, 10, 13], [11, 12, 10, 12, 13, 11, 10, 11, 12, 13, 13, 10, 11, 13, 11, 13, 10, 10, 10, 13, 12, 13, 12, 10, 13], [10, 12, 12, 13, 11, 10, 13, 12, 13, 13, 11, 11, 11, 13, 11, 11, 11, 11, 12, 13, 13, 10, 10, 11, 10], [11, 11, 13, 11, 10, 12, 11, 11, 11, 10, 10, 12, 12, 11, 11, 13, 13, 12, 10, 11, 11, 11, 10, 13, 10], [12, 10, 10, 13, 13, 11, 10, 11, 12, 13, 13, 11, 11, 10, 11, 10, 10, 11, 11, 12, 10, 10, 13, 12, 11], [11, 11, 10, 12, 12, 13, 11, 11, 10, 11, 13, 12, 11, 10, 12, 12, 10, 12, 12, 13, 13, 12, 10, 11, 13], [10, 12, 10, 10, 11, 12, 13, 13, 13, 11, 11, 11, 12, 12, 13, 11, 12, 10, 13, 12, 13, 12, 13, 11, 11], [11, 10, 12, 10, 11, 11, 10, 11, 10, 11, 10, 13, 11, 11, 11, 12, 12, 12, 11, 11, 13, 12, 12, 12, 10], [13, 10, 10, 11, 10, 13, 10, 12, 10, 12, 11, 13, 12, 11, 13, 11, 10, 11, 13, 12, 11, 12, 10, 12, 11], [11, 12, 12, 13, 12, 13, 12, 10, 13, 13, 11, 13, 12, 13, 13, 12, 13, 12, 11, 12, 11, 13, 12, 11, 10], [13, 13, 12, 12, 10, 12, 13, 11, 11, 13, 13, 13, 10, 13, 10, 13, 12, 12, 13, 10, 13, 13, 11, 10, 10], [10, 11, 12, 11, 12, 13, 10, 13, 10, 12, 10, 12, 10, 12, 11, 12, 10, 11, 12, 10, 11, 11, 10, 12, 10], [11, 10, 11, 11, 13, 13, 13, 11, 13, 12, 11, 13, 12, 12, 13, 10, 11, 12, 12, 13, 12, 10, 10, 10, 12], [12, 13, 10, 10, 12, 10, 13, 12, 13, 11, 12, 11, 12, 13, 12, 12, 13, 13, 13, 11, 10, 11, 10, 12, 13], [13, 10, 13, 11, 12, 13, 13, 11, 10, 10, 12, 11, 10, 10, 10, 13, 11, 13, 10, 11, 10, 12, 10, 12, 11], [13, 12, 12, 13, 11, 12, 10, 13, 12, 11, 10, 12, 11, 12, 11, 11, 10, 13, 13, 10, 13, 11, 13, 10, 12], [12, 12, 13, 10, 10, 11, 11, 12, 11, 12, 12, 12, 10, 10, 12, 12, 12, 12, 12, 11, 10, 12, 12, 12, 12], [10, 10, 10, 10, 13, 10, 11, 10, 11, 13, 11, 10, 11, 10, 10, 10, 12, 11, 13, 11, 13, 10, 10, 12, 11], [12, 10, 11, 13, 12, 10, 12, 10, 11, 12, 13, 13, 13, 10, 10, 13, 13, 13, 13, 10, 12, 11, 13, 13, 10], [10, 13, 12, 13, 12, 11, 10, 12, 11, 10, 11, 10, 11, 13, 10, 10, 13, 11, 11, 13, 12, 11, 10, 10, 11], [11, 11, 13, 11, 13, 13, 10, 11, 10, 13, 10, 12, 11, 12, 10, 10, 12, 11, 11, 10, 12, 12, 12, 12, 12], [13, 12, 12, 10, 10, 12, 12, 13, 11, 13, 11, 10, 13, 10, 13, 10, 11, 11, 11, 10, 13, 12, 11, 10, 13], [11, 12, 10, 12, 12, 13, 13, 12, 12, 13, 12, 13, 13, 12, 12, 11, 11, 11, 13, 12, 11, 13, 10, 12, 11], [13, 12, 13, 13, 12, 11, 12, 10, 11, 13, 11, 13, 13, 11, 13, 11, 12, 13, 12, 13, 13, 10, 13, 13, 11], [12, 13, 12, 13, 11, 12, 13, 12, 13, 10, 11, 13, 13, 10, 10, 13, 13, 13, 11, 10, 11, 12, 10, 10, 12], [11, 12, 13, 13, 11, 13, 13, 12, 10, 12, 12, 12, 12, 11, 11, 13, 13, 13, 12, 10, 10, 11, 10, 13, 13], [11, 12, 12, 10, 13, 10, 12, 10, 12, 13, 13, 11, 11, 13, 12, 10, 13, 11, 10, 12, 12, 13, 10, 10, 12], [10, 12, 12, 12, 10, 12, 11, 10, 12, 13, 10, 13, 11, 11, 11, 10, 12, 13, 13, 11, 11, 13, 11, 12, 12], [10, 12, 11, 11, 13, 12, 10, 12, 12, 12, 11, 11, 10, 11, 10, 12, 11, 11, 11, 11, 12, 11, 12, 10, 11], [10, 11, 12, 12, 10, 10, 13, 13, 13, 10, 12, 12, 12, 11, 13, 13, 13, 11, 12, 11, 12, 11, 10, 11, 10], [10, 11, 12, 13, 11, 10, 12, 13, 11, 13, 12, 13, 10, 10, 12, 13, 13, 11, 12, 10, 10, 10, 12, 13, 10], [11, 12, 13, 10, 13, 12, 12, 13, 10, 10, 12, 12, 12, 12, 12, 10, 12, 12, 11, 13, 11, 11, 12, 13, 13], [13, 12, 12, 12, 11, 10, 11, 13, 10, 12, 11, 11, 13, 13, 10, 10, 10, 13, 12, 10, 10, 11, 11, 12, 10], [12, 11, 11, 13, 13, 11, 13, 11, 12, 13, 13, 10, 12, 12, 11, 13, 13, 11, 11, 13, 13, 13, 11, 12, 10], [13, 10, 11, 13, 10, 11, 12, 10, 12, 12, 11, 13, 13, 10, 13, 11, 12, 10, 13, 11, 13, 11, 11, 11, 10], [10, 11, 11, 12, 11, 10, 13, 13, 12, 11, 10, 11, 12, 12, 12, 11, 12, 13, 12, 10, 11, 12, 11, 13, 12], [12, 10, 10, 12, 10, 12, 13, 12, 13, 13, 13, 13, 11, 13, 13, 13, 10, 13, 12, 13, 13, 12, 13, 10, 13], [11, 12, 12, 11, 13, 13, 13, 11, 10, 11, 11, 11, 13, 13, 10, 10, 10, 10, 10, 11, 11, 11, 13, 10, 12], [12, 13, 13, 11, 13, 12, 11, 12, 13, 11, 12, 13, 13, 10, 13, 10, 12, 12, 10, 11, 10, 11, 11, 10, 12], [12, 11, 11, 10, 13, 12, 12, 13, 10, 10, 10, 12, 12, 10, 13, 11, 10, 11, 11, 10, 10, 11, 10, 10, 12], [12, 13, 11, 10, 13, 12, 11, 11, 12, 11, 11, 11, 12, 11, 10, 11, 10, 11, 13, 10, 11, 11, 12, 12, 11], [10, 12, 13, 11, 13, 12, 10, 12, 11, 11, 13, 11, 13, 13, 10, 11, 11, 11, 10, 12, 12, 10, 12, 12, 10]]
Inventory holding cost per unit of each product by the end of each period h: 
[[9, 7, 6, 9, 6, 5, 9, 6, 7, 8, 5, 5, 7, 6, 9, 7, 9, 9, 8, 8, 8, 9, 7, 6, 9], [7, 7, 8, 9, 8, 7, 7, 8, 9, 8, 6, 5, 8, 9, 7, 7, 9, 5, 6, 6, 5, 6, 8, 9, 8], [7, 5, 5, 8, 6, 8, 6, 8, 8, 8, 6, 8, 9, 5, 9, 5, 5, 5, 7, 9, 8, 5, 9, 9, 6], [7, 8, 8, 6, 9, 9, 6, 6, 7, 5, 6, 8, 6, 5, 5, 7, 6, 5, 8, 5, 8, 5, 5, 7, 7], [5, 6, 8, 7, 5, 5, 9, 8, 8, 8, 7, 9, 9, 7, 7, 9, 5, 8, 9, 6, 6, 8, 6, 7, 7], [8, 6, 9, 8, 7, 8, 5, 6, 5, 6, 8, 5, 9, 9, 5, 9, 6, 8, 7, 6, 5, 9, 6, 9, 6], [8, 6, 5, 7, 8, 8, 8, 5, 7, 8, 6, 5, 9, 5, 5, 6, 7, 8, 8, 6, 5, 8, 7, 7, 5], [5, 8, 5, 8, 5, 7, 6, 5, 7, 6, 8, 5, 8, 9, 7, 5, 8, 5, 8, 7, 7, 7, 9, 6, 6], [9, 9, 5, 6, 5, 5, 5, 6, 6, 7, 5, 5, 6, 9, 5, 9, 8, 9, 5, 8, 5, 9, 5, 8, 8], [8, 9, 8, 6, 5, 8, 9, 8, 6, 9, 6, 5, 8, 9, 9, 9, 7, 5, 9, 8, 5, 7, 5, 5, 9], [6, 6, 5, 7, 8, 6, 9, 7, 8, 8, 7, 8, 7, 8, 8, 8, 6, 9, 7, 5, 7, 6, 9, 8, 5], [5, 5, 6, 7, 9, 8, 9, 8, 7, 6, 7, 5, 5, 9, 9, 7, 5, 5, 6, 9, 8, 7, 5, 7, 9], [8, 5, 6, 6, 6, 6, 5, 7, 8, 6, 6, 6, 7, 6, 7, 5, 8, 7, 5, 7, 7, 5, 7, 8, 8], [8, 9, 9, 8, 9, 5, 9, 8, 5, 9, 6, 8, 9, 7, 8, 6, 5, 8, 6, 7, 9, 8, 7, 8, 7], [5, 9, 7, 7, 6, 9, 5, 5, 9, 7, 7, 9, 6, 7, 5, 6, 5, 6, 8, 5, 8, 7, 6, 8, 7], [9, 5, 5, 8, 9, 9, 8, 8, 8, 5, 7, 7, 7, 7, 8, 7, 8, 5, 7, 9, 5, 7, 5, 5, 7], [5, 7, 7, 7, 6, 9, 9, 8, 8, 5, 6, 6, 9, 5, 8, 5, 9, 6, 8, 9, 9, 9, 9, 6, 5], [5, 8, 5, 8, 7, 5, 9, 8, 5, 8, 5, 6, 9, 7, 9, 7, 6, 8, 8, 8, 5, 5, 8, 7, 6], [5, 6, 8, 8, 9, 9, 7, 5, 6, 7, 8, 6, 9, 8, 9, 7, 9, 6, 6, 7, 7, 6, 6, 6, 8], [7, 8, 6, 8, 5, 9, 9, 6, 8, 8, 9, 5, 6, 9, 8, 6, 8, 9, 5, 7, 7, 9, 7, 9, 6], [7, 9, 7, 6, 5, 9, 5, 8, 6, 7, 9, 6, 7, 6, 7, 5, 5, 8, 6, 7, 9, 7, 7, 6, 9], [8, 8, 5, 8, 9, 9, 8, 7, 5, 8, 8, 7, 8, 6, 7, 6, 7, 5, 7, 6, 7, 7, 7, 9, 8], [6, 5, 7, 5, 9, 8, 5, 9, 6, 5, 5, 8, 6, 6, 6, 5, 9, 8, 9, 9, 5, 9, 6, 8, 5], [8, 7, 6, 5, 8, 6, 9, 8, 8, 6, 5, 6, 5, 6, 7, 7, 8, 6, 6, 5, 6, 8, 6, 9, 9], [5, 6, 7, 8, 9, 6, 9, 6, 8, 9, 7, 8, 8, 7, 8, 7, 5, 9, 6, 6, 9, 8, 6, 6, 7], [6, 6, 9, 7, 6, 8, 7, 9, 6, 5, 7, 9, 7, 7, 8, 7, 8, 9, 6, 7, 9, 7, 7, 6, 5], [8, 5, 7, 5, 6, 8, 8, 7, 5, 9, 6, 8, 8, 8, 6, 8, 9, 7, 6, 5, 5, 5, 5, 7, 5], [7, 9, 6, 9, 6, 7, 5, 5, 9, 5, 6, 8, 8, 8, 9, 5, 9, 8, 6, 6, 7, 7, 7, 9, 9], [7, 7, 6, 8, 9, 6, 9, 6, 9, 8, 7, 6, 6, 7, 8, 7, 8, 7, 5, 8, 8, 8, 9, 5, 9], [7, 9, 6, 5, 7, 5, 6, 6, 9, 5, 8, 8, 5, 5, 7, 8, 8, 5, 5, 7, 6, 8, 6, 8, 9], [6, 5, 9, 6, 8, 6, 6, 9, 8, 7, 9, 5, 5, 7, 5, 8, 7, 5, 7, 9, 8, 8, 5, 8, 8], [6, 9, 7, 5, 8, 9, 9, 8, 5, 9, 9, 5, 9, 5, 9, 7, 9, 9, 9, 9, 9, 5, 7, 7, 8], [9, 6, 5, 8, 5, 8, 8, 7, 9, 5, 7, 6, 9, 8, 7, 7, 8, 8, 7, 6, 9, 5, 5, 6, 5], [9, 6, 5, 5, 5, 8, 9, 9, 6, 7, 6, 7, 7, 6, 6, 5, 8, 9, 8, 9, 6, 5, 8, 8, 5], [7, 7, 7, 8, 6, 5, 5, 5, 7, 8, 9, 5, 5, 7, 6, 6, 8, 9, 8, 5, 9, 6, 7, 7, 5], [7, 5, 6, 6, 8, 5, 8, 8, 5, 5, 7, 8, 7, 8, 6, 9, 7, 7, 6, 5, 5, 9, 5, 5, 6], [7, 8, 7, 8, 9, 7, 7, 5, 5, 8, 7, 8, 6, 8, 5, 7, 7, 6, 5, 9, 5, 6, 9, 5, 7], [6, 5, 7, 5, 5, 9, 9, 8, 5, 6, 6, 6, 8, 5, 7, 6, 7, 7, 9, 6, 9, 5, 8, 9, 8], [6, 8, 9, 7, 6, 6, 7, 6, 9, 8, 8, 5, 7, 5, 5, 9, 6, 9, 7, 9, 6, 7, 5, 9, 5], [9, 8, 9, 8, 8, 5, 9, 9, 5, 7, 7, 6, 9, 7, 5, 8, 9, 6, 6, 5, 6, 5, 8, 5, 5], [5, 5, 5, 6, 8, 7, 7, 6, 7, 7, 9, 8, 5, 8, 5, 6, 9, 5, 7, 9, 9, 8, 6, 5, 9], [9, 9, 7, 7, 7, 6, 7, 8, 5, 6, 9, 5, 8, 7, 5, 9, 7, 6, 7, 6, 6, 6, 5, 8, 5], [6, 5, 9, 7, 9, 9, 8, 9, 9, 6, 7, 6, 6, 8, 7, 7, 8, 5, 9, 5, 5, 7, 8, 5, 6], [8, 8, 7, 9, 7, 6, 6, 9, 9, 9, 5, 9, 8, 8, 7, 6, 8, 7, 7, 7, 5, 6, 7, 6, 8], [5, 6, 6, 7, 7, 7, 6, 5, 7, 9, 5, 8, 8, 7, 5, 9, 9, 8, 9, 6, 6, 6, 7, 9, 9], [8, 7, 6, 5, 9, 8, 9, 5, 5, 7, 9, 5, 8, 7, 8, 7, 8, 5, 7, 7, 8, 9, 7, 6, 6], [9, 8, 6, 8, 5, 7, 7, 6, 5, 7, 5, 9, 6, 6, 8, 6, 8, 7, 8, 8, 6, 8, 8, 7, 6], [5, 5, 7, 8, 6, 5, 8, 7, 9, 8, 8, 7, 6, 7, 8, 6, 8, 6, 5, 9, 8, 9, 6, 9, 5], [8, 5, 9, 6, 6, 6, 6, 6, 9, 6, 8, 9, 5, 7, 8, 8, 8, 9, 5, 7, 5, 6, 9, 9, 6], [9, 7, 9, 7, 8, 5, 9, 5, 7, 6, 5, 8, 5, 5, 8, 8, 8, 7, 8, 7, 6, 9, 6, 8, 7], [8, 7, 9, 9, 8, 5, 5, 9, 9, 5, 9, 8, 6, 8, 6, 8, 5, 8, 6, 8, 5, 5, 8, 8, 5], [5, 8, 6, 5, 9, 8, 5, 5, 8, 7, 8, 5, 7, 7, 5, 8, 8, 9, 6, 5, 9, 8, 7, 8, 6], [8, 5, 5, 7, 7, 9, 5, 6, 9, 8, 9, 6, 6, 6, 6, 7, 5, 6, 5, 8, 7, 5, 8, 6, 8], [7, 6, 8, 8, 7, 7, 8, 8, 7, 7, 8, 8, 5, 5, 7, 9, 5, 6, 6, 6, 6, 9, 9, 7, 9], [8, 9, 9, 6, 5, 8, 5, 8, 6, 9, 5, 8, 8, 7, 8, 7, 5, 6, 9, 8, 5, 5, 8, 5, 8], [7, 7, 6, 5, 7, 7, 7, 5, 5, 7, 5, 5, 5, 6, 8, 6, 8, 7, 8, 8, 7, 8, 6, 9, 7], [7, 9, 7, 9, 8, 6, 8, 5, 8, 9, 8, 6, 8, 8, 9, 6, 7, 8, 8, 8, 8, 8, 5, 7, 7], [6, 5, 8, 5, 5, 7, 7, 8, 6, 7, 6, 7, 8, 9, 5, 7, 9, 5, 8, 9, 5, 7, 6, 8, 7], [5, 9, 5, 6, 7, 6, 5, 5, 6, 7, 7, 5, 5, 5, 7, 5, 9, 6, 6, 7, 9, 8, 6, 9, 5], [6, 8, 6, 7, 9, 9, 5, 7, 5, 6, 5, 5, 6, 7, 9, 8, 7, 9, 6, 9, 5, 9, 5, 9, 5], [5, 5, 5, 7, 7, 7, 5, 9, 9, 9, 5, 8, 5, 9, 9, 7, 7, 7, 7, 9, 5, 5, 9, 6, 6], [9, 6, 7, 7, 5, 6, 9, 6, 8, 6, 7, 8, 6, 8, 9, 5, 8, 7, 5, 6, 7, 6, 5, 9, 5], [9, 8, 7, 7, 9, 6, 7, 8, 5, 9, 7, 9, 9, 5, 6, 8, 6, 9, 7, 6, 8, 6, 5, 5, 9], [8, 5, 9, 9, 6, 9, 5, 9, 6, 9, 6, 9, 7, 7, 5, 9, 6, 9, 6, 7, 9, 6, 9, 5, 7], [6, 7, 6, 8, 5, 5, 7, 7, 8, 6, 6, 6, 7, 6, 6, 6, 9, 8, 8, 6, 8, 5, 9, 5, 9], [8, 5, 7, 9, 9, 5, 6, 6, 6, 9, 5, 9, 7, 6, 9, 8, 5, 5, 8, 6, 7, 6, 8, 7, 7], [9, 5, 6, 9, 9, 5, 7, 5, 9, 7, 7, 5, 6, 7, 9, 7, 8, 9, 7, 7, 8, 7, 5, 6, 7], [9, 9, 6, 8, 6, 5, 5, 9, 5, 9, 7, 5, 5, 6, 8, 5, 8, 9, 9, 9, 9, 7, 5, 9, 7], [6, 5, 7, 6, 5, 6, 8, 6, 8, 5, 8, 5, 7, 9, 5, 6, 5, 8, 6, 5, 5, 6, 7, 7, 7], [9, 5, 8, 5, 5, 8, 5, 6, 9, 6, 6, 8, 6, 9, 6, 5, 6, 6, 6, 5, 9, 5, 6, 5, 8], [5, 7, 9, 5, 6, 6, 9, 9, 7, 8, 8, 9, 7, 8, 9, 9, 8, 5, 8, 6, 8, 6, 5, 6, 6], [6, 5, 8, 7, 7, 9, 5, 6, 6, 5, 7, 7, 9, 8, 5, 7, 5, 5, 9, 7, 9, 9, 5, 7, 5], [9, 7, 9, 6, 6, 7, 9, 8, 7, 6, 5, 8, 8, 6, 8, 9, 8, 7, 5, 9, 8, 9, 8, 5, 6], [9, 7, 5, 8, 8, 5, 6, 8, 9, 6, 8, 7, 9, 6, 5, 6, 7, 5, 7, 5, 9, 5, 8, 9, 6], [8, 6, 9, 7, 9, 7, 6, 8, 8, 8, 6, 7, 5, 5, 7, 9, 8, 8, 5, 8, 6, 8, 9, 6, 8], [7, 5, 6, 5, 8, 6, 6, 6, 5, 9, 9, 7, 5, 5, 7, 8, 5, 5, 8, 6, 9, 5, 5, 9, 5], [5, 6, 9, 9, 7, 7, 7, 8, 6, 9, 7, 6, 9, 8, 6, 8, 8, 8, 8, 7, 7, 7, 8, 9, 8], [9, 6, 5, 6, 9, 9, 9, 5, 9, 8, 9, 6, 6, 5, 5, 6, 9, 8, 8, 7, 8, 9, 9, 5, 5], [9, 9, 6, 8, 8, 6, 9, 6, 9, 8, 5, 8, 7, 8, 6, 5, 9, 6, 9, 9, 7, 7, 7, 6, 9], [6, 5, 7, 5, 9, 7, 6, 7, 9, 5, 8, 9, 9, 7, 7, 8, 5, 6, 7, 5, 8, 9, 6, 8, 7], [6, 9, 5, 7, 7, 6, 6, 6, 6, 5, 7, 6, 8, 6, 9, 8, 9, 7, 8, 5, 7, 5, 5, 8, 8], [8, 5, 7, 8, 8, 9, 6, 7, 5, 8, 5, 8, 8, 6, 5, 6, 8, 6, 8, 7, 5, 5, 7, 7, 6], [5, 8, 7, 9, 5, 6, 8, 9, 6, 7, 7, 5, 7, 7, 7, 8, 6, 9, 8, 6, 5, 6, 7, 9, 9], [7, 6, 7, 6, 8, 6, 6, 5, 6, 8, 5, 9, 7, 7, 9, 6, 5, 8, 5, 8, 5, 5, 6, 5, 9], [6, 9, 8, 7, 7, 5, 6, 8, 8, 6, 7, 9, 8, 8, 7, 7, 6, 5, 8, 8, 7, 8, 7, 6, 9], [5, 6, 9, 9, 6, 5, 8, 8, 5, 5, 6, 6, 7, 5, 6, 5, 6, 8, 7, 9, 5, 9, 6, 9, 7], [7, 5, 7, 5, 6, 7, 5, 8, 5, 6, 5, 7, 5, 6, 6, 6, 9, 6, 8, 9, 9, 5, 8, 5, 6], [5, 6, 9, 7, 7, 9, 8, 6, 6, 9, 5, 6, 6, 6, 7, 9, 8, 6, 7, 6, 6, 5, 9, 8, 5], [5, 5, 9, 5, 7, 8, 6, 9, 9, 5, 7, 9, 6, 8, 7, 6, 9, 7, 5, 8, 5, 6, 6, 8, 7], [7, 5, 5, 5, 6, 9, 8, 7, 6, 9, 8, 6, 9, 6, 6, 6, 8, 9, 8, 6, 7, 9, 7, 5, 8], [6, 7, 6, 6, 7, 9, 9, 7, 5, 8, 9, 7, 6, 7, 8, 7, 6, 8, 6, 6, 8, 8, 5, 9, 5], [8, 5, 9, 5, 7, 6, 6, 8, 5, 6, 8, 9, 5, 6, 9, 8, 5, 6, 6, 7, 9, 6, 7, 5, 7], [8, 9, 8, 5, 7, 9, 8, 6, 5, 7, 7, 8, 9, 5, 7, 9, 7, 5, 9, 5, 9, 7, 8, 8, 7], [8, 9, 5, 8, 7, 8, 8, 8, 7, 7, 6, 6, 5, 9, 6, 9, 5, 7, 6, 6, 8, 7, 7, 5, 6], [8, 5, 7, 8, 9, 8, 7, 7, 6, 6, 9, 8, 8, 6, 5, 5, 5, 8, 5, 8, 9, 5, 8, 9, 8], [7, 9, 9, 8, 9, 7, 6, 6, 6, 7, 6, 5, 5, 8, 9, 8, 6, 5, 9, 7, 8, 7, 7, 5, 5], [6, 7, 6, 9, 8, 8, 5, 6, 9, 9, 7, 8, 9, 6, 8, 6, 5, 7, 5, 5, 8, 6, 9, 8, 9], [5, 5, 5, 9, 6, 8, 7, 8, 7, 8, 5, 8, 5, 5, 7, 6, 6, 9, 7, 6, 5, 6, 9, 7, 8], [9, 6, 7, 9, 5, 6, 7, 9, 7, 8, 8, 9, 6, 5, 9, 8, 7, 9, 6, 5, 9, 7, 5, 8, 8], [6, 5, 5, 6, 6, 7, 6, 9, 9, 9, 5, 8, 5, 5, 8, 5, 6, 9, 5, 5, 8, 8, 5, 9, 8]]
Demand for each product in each period d: 
[[48, 34, 19, 33, 28, 7, 19, 32, 20, 22, 22, 4, 21, 41, 0, 31, 35, 33, 0, 25, 31, 23, 12, 1, 0], [18, 2, 25, 9, 25, 8, 29, 45, 17, 29, 33, 45, 25, 5, 24, 46, 0, 4, 41, 18, 8, 29, 42, 36, 16], [0, 13, 13, 42, 0, 10, 5, 14, 36, 24, 24, 35, 15, 0, 17, 31, 44, 9, 40, 27, 7, 36, 9, 45, 13], [35, 33, 22, 28, 40, 45, 32, 37, 34, 32, 45, 42, 48, 20, 0, 6, 12, 43, 48, 26, 0, 25, 14, 11, 29], [35, 17, 7, 11, 27, 8, 10, 9, 3, 32, 31, 42, 6, 45, 29, 23, 41, 29, 37, 46, 49, 45, 23, 23, 23], [43, 47, 3, 0, 23, 0, 21, 48, 47, 5, 18, 23, 9, 42, 1, 44, 18, 39, 44, 9, 37, 45, 48, 0, 24], [26, 49, 43, 42, 29, 12, 18, 8, 32, 0, 47, 24, 10, 9, 10, 46, 16, 35, 13, 41, 25, 0, 2, 45, 46], [17, 42, 14, 13, 49, 39, 17, 33, 47, 38, 29, 27, 27, 48, 0, 30, 18, 9, 44, 19, 38, 19, 10, 36, 40], [45, 37, 1, 0, 30, 0, 0, 6, 42, 37, 21, 29, 40, 0, 38, 30, 24, 35, 46, 21, 26, 34, 3, 39, 23], [0, 41, 37, 44, 0, 25, 27, 45, 18, 3, 43, 28, 40, 7, 34, 12, 29, 0, 29, 19, 41, 31, 28, 32, 33], [0, 9, 26, 0, 20, 4, 4, 26, 37, 7, 31, 0, 16, 32, 6, 10, 48, 18, 20, 35, 6, 46, 23, 7, 5], [41, 41, 10, 30, 16, 27, 38, 45, 26, 27, 30, 16, 42, 10, 6, 17, 9, 45, 44, 11, 45, 28, 25, 46, 11], [23, 15, 24, 9, 10, 0, 9, 15, 16, 26, 49, 1, 18, 12, 15, 34, 17, 43, 3, 40, 45, 10, 0, 35, 28], [28, 15, 10, 45, 45, 26, 37, 7, 7, 13, 22, 22, 22, 12, 5, 37, 19, 4, 49, 3, 10, 43, 38, 0, 0], [22, 9, 5, 10, 7, 17, 47, 49, 33, 32, 47, 41, 40, 38, 35, 10, 40, 48, 18, 32, 0, 49, 36, 0, 25], [17, 26, 42, 29, 9, 45, 38, 42, 14, 8, 7, 10, 35, 0, 32, 36, 37, 41, 49, 7, 7, 35, 47, 11, 6], [0, 22, 26, 26, 7, 14, 12, 3, 22, 32, 5, 23, 32, 24, 17, 8, 5, 36, 23, 49, 23, 24, 42, 35, 0], [28, 49, 46, 30, 12, 9, 39, 10, 46, 1, 48, 32, 40, 0, 26, 2, 0, 40, 2, 22, 36, 18, 0, 11, 2], [0, 48, 28, 36, 3, 24, 12, 7, 21, 33, 48, 0, 5, 12, 37, 8, 5, 20, 10, 35, 20, 15, 13, 21, 47], [37, 41, 30, 4, 5, 31, 0, 44, 7, 23, 16, 27, 20, 0, 17, 19, 14, 0, 23, 41, 7, 6, 42, 11, 42], [37, 44, 49, 1, 45, 14, 47, 12, 28, 21, 31, 34, 30, 20, 28, 37, 14, 38, 16, 27, 33, 0, 33, 4, 46], [10, 43, 20, 21, 14, 43, 5, 18, 45, 48, 5, 22, 11, 17, 15, 47, 38, 27, 29, 45, 10, 20, 5, 34, 26], [28, 11, 18, 45, 34, 10, 23, 35, 16, 48, 28, 6, 11, 19, 44, 35, 39, 10, 0, 5, 46, 1, 22, 20, 7], [25, 46, 39, 28, 38, 11, 34, 9, 9, 9, 47, 0, 14, 2, 17, 38, 9, 41, 6, 11, 13, 45, 39, 44, 48], [47, 25, 36, 35, 0, 15, 46, 2, 5, 40, 0, 29, 7, 37, 2, 14, 41, 29, 30, 22, 39, 0, 32, 15, 25], [45, 30, 23, 48, 39, 0, 48, 26, 12, 20, 43, 20, 0, 46, 19, 15, 38, 24, 0, 26, 18, 33, 32, 7, 32], [11, 16, 21, 25, 8, 33, 1, 7, 26, 2, 19, 35, 13, 27, 31, 10, 27, 18, 45, 3, 41, 25, 18, 2, 23], [28, 18, 26, 39, 0, 18, 11, 1, 25, 16, 20, 19, 31, 0, 29, 16, 28, 35, 36, 36, 25, 28, 15, 7, 10], [0, 35, 19, 46, 17, 44, 45, 13, 16, 35, 45, 9, 2, 30, 7, 13, 14, 42, 10, 13, 48, 36, 44, 26, 19], [48, 30, 40, 13, 16, 14, 14, 27, 9, 1, 25, 49, 20, 15, 33, 29, 3, 46, 18, 45, 2, 29, 23, 44, 25], [27, 48, 41, 4, 31, 8, 43, 48, 35, 9, 0, 19, 11, 0, 31, 11, 0, 10, 45, 35, 9, 33, 22, 30, 10], [48, 39, 43, 32, 24, 12, 27, 41, 7, 26, 43, 22, 21, 12, 30, 0, 36, 34, 23, 45, 42, 0, 44, 30, 32], [44, 20, 48, 40, 16, 46, 1, 11, 17, 36, 43, 36, 35, 1, 35, 35, 31, 12, 28, 45, 26, 19, 16, 5, 41], [45, 30, 4, 44, 47, 31, 7, 47, 4, 44, 0, 25, 5, 40, 9, 32, 5, 31, 26, 34, 2, 46, 2, 37, 21], [45, 39, 32, 2, 26, 23, 38, 30, 14, 14, 0, 35, 5, 37, 2, 14, 31, 6, 31, 0, 27, 24, 15, 33, 27], [23, 11, 30, 34, 19, 17, 23, 34, 40, 2, 12, 5, 8, 19, 31, 49, 22, 30, 11, 30, 24, 22, 10, 32, 29], [34, 7, 49, 13, 44, 38, 19, 15, 3, 10, 31, 13, 19, 32, 31, 29, 14, 39, 1, 35, 7, 33, 16, 25, 33], [3, 12, 13, 5, 3, 43, 4, 6, 0, 46, 0, 25, 36, 35, 28, 14, 3, 43, 17, 17, 36, 19, 0, 12, 22], [38, 8, 19, 21, 5, 9, 0, 46, 10, 41, 13, 13, 14, 1, 42, 37, 18, 4, 49, 19, 25, 47, 35, 8, 22], [16, 15, 2, 26, 10, 31, 43, 41, 47, 39, 0, 20, 45, 42, 7, 49, 40, 17, 27, 9, 34, 31, 46, 41, 5], [2, 9, 28, 43, 22, 24, 7, 7, 42, 46, 25, 44, 0, 20, 6, 43, 22, 45, 29, 19, 46, 15, 4, 21, 18], [24, 20, 14, 2, 1, 43, 29, 49, 21, 30, 0, 0, 11, 21, 24, 18, 6, 27, 37, 10, 30, 23, 20, 9, 27], [9, 46, 31, 15, 49, 17, 43, 1, 16, 29, 23, 43, 40, 17, 28, 3, 0, 2, 13, 9, 46, 0, 46, 39, 23], [0, 34, 35, 24, 35, 30, 3, 26, 43, 43, 23, 25, 5, 20, 33, 2, 3, 49, 18, 28, 6, 17, 0, 37, 15], [4, 22, 14, 35, 12, 46, 33, 32, 31, 36, 9, 29, 36, 34, 25, 19, 15, 8, 29, 28, 32, 28, 8, 14, 48], [34, 13, 0, 26, 33, 44, 35, 44, 16, 4, 18, 4, 42, 46, 20, 17, 12, 43, 31, 21, 8, 13, 3, 15, 9], [6, 0, 16, 31, 31, 40, 13, 14, 33, 23, 28, 10, 37, 16, 18, 13, 11, 31, 10, 39, 46, 44, 4, 22, 7], [2, 31, 36, 34, 17, 18, 21, 32, 43, 35, 21, 4, 0, 47, 20, 30, 18, 24, 12, 47, 22, 22, 12, 18, 10], [0, 8, 2, 42, 41, 0, 30, 31, 2, 24, 39, 28, 29, 24, 48, 5, 40, 1, 2, 43, 0, 47, 49, 33, 1], [38, 31, 47, 11, 49, 44, 33, 0, 46, 29, 12, 7, 21, 38, 28, 14, 20, 10, 33, 22, 7, 43, 1, 34, 35], [11, 33, 31, 33, 28, 41, 17, 34, 18, 49, 24, 36, 41, 47, 16, 43, 17, 12, 9, 43, 49, 46, 16, 8, 15], [43, 37, 8, 10, 44, 36, 49, 24, 29, 23, 37, 3, 9, 5, 9, 22, 43, 38, 34, 47, 14, 43, 21, 17, 43], [16, 21, 49, 6, 43, 35, 41, 2, 41, 28, 27, 24, 16, 1, 32, 11, 40, 24, 13, 0, 0, 32, 19, 4, 42], [6, 47, 26, 0, 5, 25, 0, 0, 34, 8, 1, 6, 45, 30, 20, 0, 0, 48, 15, 41, 12, 8, 0, 43, 48], [36, 32, 32, 29, 11, 42, 28, 44, 34, 1, 10, 3, 12, 0, 33, 34, 16, 23, 27, 3, 9, 26, 42, 44, 29], [2, 13, 49, 16, 3, 37, 2, 40, 0, 39, 26, 13, 28, 38, 35, 45, 0, 37, 41, 37, 17, 5, 0, 11, 20], [21, 9, 1, 3, 3, 40, 0, 29, 47, 39, 30, 14, 4, 12, 3, 47, 11, 17, 19, 37, 0, 25, 34, 34, 1], [0, 6, 13, 1, 8, 41, 0, 6, 44, 1, 24, 4, 3, 9, 29, 30, 0, 27, 0, 49, 28, 49, 49, 5, 3], [0, 19, 26, 46, 6, 17, 30, 0, 36, 31, 18, 33, 46, 5, 6, 12, 45, 13, 21, 7, 36, 17, 48, 33, 21], [25, 47, 4, 21, 15, 28, 3, 0, 18, 49, 37, 24, 49, 45, 48, 48, 17, 4, 22, 6, 8, 9, 38, 1, 7], [3, 20, 3, 38, 26, 16, 34, 41, 10, 14, 44, 4, 31, 42, 0, 40, 43, 42, 36, 29, 11, 38, 15, 15, 36], [18, 1, 34, 36, 0, 44, 31, 47, 6, 11, 25, 8, 47, 6, 17, 20, 8, 5, 9, 42, 41, 4, 1, 28, 32], [32, 15, 6, 44, 44, 36, 49, 24, 44, 0, 30, 15, 15, 47, 2, 38, 22, 35, 37, 19, 7, 5, 23, 4, 21], [43, 9, 18, 9, 32, 40, 6, 25, 33, 12, 26, 37, 47, 0, 26, 22, 6, 36, 33, 14, 19, 39, 9, 10, 44], [0, 15, 7, 39, 0, 22, 31, 49, 0, 40, 40, 23, 46, 5, 48, 8, 19, 36, 12, 19, 22, 36, 29, 12, 12], [29, 0, 21, 9, 15, 10, 20, 0, 13, 24, 47, 15, 48, 42, 24, 38, 49, 14, 17, 2, 46, 36, 26, 22, 42], [28, 41, 20, 49, 49, 35, 17, 0, 37, 36, 45, 20, 38, 15, 9, 0, 5, 22, 36, 45, 36, 24, 30, 45, 5], [13, 19, 6, 18, 0, 29, 15, 31, 15, 38, 19, 8, 4, 4, 2, 16, 36, 13, 45, 44, 29, 11, 40, 4, 5], [40, 21, 38, 47, 14, 46, 15, 9, 30, 0, 0, 13, 4, 36, 40, 23, 27, 6, 1, 0, 28, 26, 27, 43, 18], [49, 0, 46, 49, 33, 2, 29, 35, 43, 45, 42, 17, 16, 29, 47, 16, 8, 38, 37, 21, 21, 25, 36, 41, 20], [33, 30, 15, 4, 48, 4, 43, 43, 43, 14, 28, 0, 0, 28, 18, 38, 6, 15, 0, 0, 47, 41, 32, 6, 20], [11, 27, 46, 14, 21, 9, 29, 43, 2, 43, 28, 4, 31, 32, 39, 27, 13, 44, 25, 17, 37, 38, 19, 2, 0], [28, 4, 1, 37, 34, 47, 38, 44, 0, 26, 29, 16, 3, 49, 18, 24, 25, 0, 33, 25, 40, 21, 41, 20, 36], [15, 0, 0, 20, 47, 33, 33, 25, 0, 24, 39, 23, 9, 49, 34, 29, 36, 45, 40, 14, 41, 20, 16, 49, 32], [41, 23, 18, 0, 0, 27, 23, 42, 38, 40, 44, 5, 0, 22, 0, 0, 3, 49, 29, 14, 28, 26, 23, 44, 30], [46, 28, 16, 0, 33, 49, 48, 32, 15, 0, 31, 0, 40, 39, 31, 15, 48, 7, 20, 13, 45, 2, 0, 27, 5], [26, 5, 35, 8, 42, 39, 33, 21, 40, 21, 30, 48, 25, 29, 33, 20, 16, 25, 49, 28, 38, 1, 13, 0, 9], [14, 1, 49, 14, 30, 25, 30, 24, 10, 37, 0, 0, 39, 15, 14, 31, 23, 13, 23, 0, 4, 49, 41, 48, 22], [4, 20, 14, 41, 20, 0, 4, 14, 9, 26, 14, 7, 36, 2, 17, 47, 35, 0, 21, 45, 0, 13, 45, 41, 29], [13, 18, 5, 37, 0, 20, 38, 33, 5, 29, 30, 20, 2, 30, 2, 47, 30, 23, 45, 23, 34, 44, 37, 39, 38], [10, 7, 1, 21, 30, 8, 4, 0, 26, 12, 22, 0, 13, 14, 4, 27, 22, 22, 25, 18, 15, 17, 39, 19, 17], [49, 40, 1, 40, 35, 1, 2, 17, 44, 48, 18, 33, 22, 40, 13, 0, 22, 31, 38, 11, 1, 25, 39, 17, 10], [49, 42, 49, 11, 3, 2, 27, 4, 13, 8, 9, 17, 26, 24, 11, 23, 17, 11, 22, 6, 39, 38, 0, 19, 27], [16, 22, 3, 43, 11, 49, 23, 28, 30, 31, 36, 22, 37, 19, 48, 40, 4, 45, 46, 47, 39, 20, 27, 43, 21], [40, 15, 18, 16, 18, 13, 17, 48, 16, 4, 16, 44, 32, 35, 17, 2, 31, 45, 46, 18, 19, 47, 30, 38, 35], [49, 34, 25, 30, 49, 9, 46, 13, 23, 0, 23, 49, 37, 28, 47, 1, 49, 31, 0, 9, 49, 31, 13, 27, 15], [27, 5, 18, 39, 37, 31, 0, 38, 17, 33, 19, 16, 23, 13, 22, 1, 0, 11, 44, 34, 17, 17, 0, 15, 10], [10, 0, 25, 41, 9, 33, 32, 31, 31, 32, 40, 0, 26, 38, 20, 15, 33, 26, 37, 35, 20, 24, 11, 21, 44], [30, 18, 48, 39, 14, 13, 21, 0, 42, 6, 12, 22, 11, 27, 27, 0, 16, 10, 17, 0, 37, 48, 21, 31, 0], [33, 26, 32, 0, 28, 9, 11, 26, 40, 25, 26, 11, 41, 25, 32, 32, 0, 19, 9, 41, 37, 28, 46, 4, 2], [28, 12, 42, 45, 34, 17, 3, 8, 17, 32, 10, 44, 6, 49, 19, 25, 12, 27, 38, 13, 0, 43, 49, 17, 14], [19, 22, 36, 25, 31, 7, 0, 38, 47, 19, 5, 12, 3, 34, 14, 20, 35, 17, 14, 34, 35, 27, 19, 5, 0], [8, 2, 47, 24, 47, 29, 39, 46, 6, 35, 23, 7, 4, 38, 42, 35, 23, 28, 41, 0, 0, 0, 26, 35, 10], [9, 2, 10, 32, 5, 40, 23, 39, 48, 10, 33, 35, 2, 24, 19, 44, 25, 49, 42, 20, 9, 5, 48, 7, 47], [27, 25, 32, 11, 18, 3, 5, 0, 40, 10, 46, 44, 21, 18, 45, 38, 13, 5, 20, 27, 15, 34, 31, 23, 0], [9, 5, 42, 28, 17, 13, 5, 23, 34, 49, 38, 38, 20, 2, 36, 11, 13, 47, 7, 7, 23, 2, 36, 45, 22], [0, 47, 31, 16, 20, 37, 2, 25, 33, 36, 4, 0, 29, 0, 39, 42, 30, 39, 31, 39, 12, 10, 14, 48, 0], [15, 46, 8, 2, 17, 8, 0, 21, 23, 16, 19, 44, 24, 0, 0, 31, 30, 0, 43, 26, 26, 16, 31, 30, 11], [4, 48, 14, 22, 20, 38, 30, 46, 21, 0, 38, 9, 3, 45, 29, 0, 48, 35, 48, 0, 24, 9, 16, 0, 11], [1, 7, 24, 19, 13, 14, 2, 44, 16, 9, 17, 9, 38, 18, 45, 25, 46, 15, 21, 2, 31, 35, 14, 6, 11]]
Maintenance cost in each period m: 
[10754, 11981, 10398, 8614, 12248, 11937, 11414, 10544, 11647, 11900, 11923, 10395, 8652, 11413, 10788, 10948, 12442, 9538, 10806, 11963, 10769, 10622, 11419, 9209, 10371]
Maximum capacity of the machine cmax: 
4700