Set of periods in the planning horizon T: 
25
Set of products P: 
100
Capacity reduction coefficient alpha: 
0.8
Relative decrease of capacity per set up gamma: 
0.2
Capacity reduction coefficient due to product types beta: 
[0.3, 0.35, 0.38, 0.27, 0.3, 0.37, 0.39, 0.37, 0.35, 0.38, 0.28, 0.23, 0.33, 0.32, 0.32, 0.37, 0.27, 0.3, 0.26, 0.22, 0.27, 0.37, 0.29, 0.32, 0.28, 0.22, 0.34, 0.23, 0.28, 0.21, 0.29, 0.23, 0.32, 0.3, 0.33, 0.25, 0.38, 0.29, 0.3, 0.33, 0.22, 0.3, 0.36, 0.32, 0.36, 0.27, 0.37, 0.31, 0.37, 0.34, 0.39, 0.27, 0.34, 0.36, 0.29, 0.4, 0.34, 0.35, 0.33, 0.37, 0.2, 0.36, 0.21, 0.39, 0.21, 0.24, 0.36, 0.39, 0.28, 0.21, 0.38, 0.39, 0.36, 0.37, 0.35, 0.36, 0.21, 0.23, 0.36, 0.36, 0.28, 0.3, 0.28, 0.38, 0.35, 0.33, 0.39, 0.22, 0.23, 0.3, 0.32, 0.39, 0.25, 0.35, 0.25, 0.22, 0.25, 0.36, 0.25, 0.38]
Fixed production cost of each product in each period f: 
[[577, 749, 602, 637, 729, 815, 624, 852, 996, 698, 829, 632, 888, 807, 755, 792, 699, 957, 628, 813, 658, 733, 555, 880, 572], [842, 615, 561, 515, 823, 735, 903, 756, 929, 807, 592, 666, 933, 855, 929, 858, 825, 847, 654, 680, 748, 676, 832, 620, 919], [533, 550, 648, 611, 994, 644, 792, 956, 772, 923, 640, 797, 737, 718, 539, 711, 718, 567, 981, 501, 597, 890, 916, 741, 621], [803, 989, 733, 704, 796, 644, 547, 551, 699, 632, 812, 576, 600, 676, 587, 812, 789, 803, 843, 732, 893, 546, 975, 937, 589], [652, 722, 517, 564, 609, 916, 546, 527, 827, 582, 732, 739, 689, 930, 816, 603, 856, 987, 635, 775, 601, 509, 865, 707, 514], [503, 785, 784, 991, 901, 589, 722, 619, 801, 999, 598, 932, 805, 924, 563, 704, 587, 831, 698, 571, 864, 775, 867, 835, 607], [524, 992, 533, 515, 623, 921, 843, 977, 520, 886, 638, 777, 671, 770, 877, 960, 633, 711, 825, 599, 528, 928, 959, 560, 733], [625, 535, 958, 886, 859, 902, 796, 544, 518, 990, 990, 640, 741, 914, 977, 910, 735, 847, 737, 827, 528, 673, 859, 923, 973], [509, 541, 718, 670, 873, 687, 745, 803, 674, 783, 864, 732, 703, 687, 525, 522, 879, 621, 675, 985, 787, 861, 583, 762, 970], [784, 797, 794, 846, 810, 787, 959, 543, 532, 822, 795, 585, 650, 589, 619, 698, 782, 781, 643, 687, 680, 780, 707, 659, 737], [718, 603, 620, 509, 910, 774, 729, 723, 569, 612, 680, 791, 822, 544, 579, 927, 720, 584, 639, 896, 580, 859, 585, 601, 915], [596, 941, 928, 664, 933, 608, 622, 652, 916, 949, 665, 563, 899, 508, 511, 574, 761, 774, 616, 691, 524, 585, 818, 974, 766], [544, 758, 954, 625, 946, 588, 798, 645, 635, 895, 553, 672, 729, 798, 991, 937, 768, 787, 736, 880, 576, 927, 680, 975, 943], [599, 579, 992, 970, 542, 559, 836, 954, 825, 528, 780, 801, 650, 538, 896, 765, 844, 821, 742, 702, 565, 888, 776, 738, 814], [708, 521, 930, 629, 732, 556, 777, 721, 671, 528, 687, 964, 982, 691, 577, 579, 776, 748, 532, 773, 889, 974, 521, 840, 802], [774, 962, 918, 609, 977, 986, 811, 561, 586, 590, 596, 705, 556, 794, 668, 864, 593, 973, 724, 566, 974, 925, 966, 529, 689], [999, 899, 501, 696, 705, 538, 813, 733, 724, 654, 755, 583, 988, 799, 558, 741, 662, 726, 548, 633, 522, 717, 911, 651, 643], [997, 798, 668, 962, 628, 727, 944, 532, 816, 920, 812, 985, 564, 685, 578, 760, 785, 695, 929, 995, 941, 759, 789, 943, 611], [537, 880, 825, 666, 944, 941, 879, 502, 889, 524, 858, 732, 901, 589, 551, 665, 779, 618, 503, 784, 685, 929, 931, 737, 980], [808, 798, 968, 768, 692, 910, 772, 880, 986, 604, 771, 817, 675, 549, 822, 870, 608, 516, 757, 644, 628, 563, 973, 559, 817], [645, 732, 536, 547, 813, 636, 507, 857, 517, 739, 928, 957, 667, 722, 849, 593, 937, 708, 687, 603, 993, 939, 755, 577, 895], [979, 533, 650, 866, 800, 871, 802, 547, 711, 689, 992, 753, 742, 784, 877, 526, 674, 702, 680, 893, 957, 966, 753, 840, 752], [844, 821, 624, 528, 981, 807, 579, 979, 990, 966, 875, 738, 540, 954, 902, 543, 786, 549, 666, 827, 727, 588, 621, 950, 955], [650, 724, 976, 880, 936, 938, 797, 831, 910, 554, 563, 906, 766, 532, 975, 905, 973, 659, 610, 729, 725, 801, 856, 582, 698], [869, 960, 858, 895, 771, 742, 697, 709, 941, 949, 920, 699, 784, 770, 796, 820, 594, 623, 560, 678, 524, 573, 527, 674, 708], [759, 843, 893, 700, 529, 659, 512, 508, 581, 805, 914, 767, 835, 994, 902, 945, 684, 879, 702, 898, 896, 808, 881, 805, 667], [823, 804, 898, 733, 852, 533, 705, 916, 779, 513, 517, 570, 533, 517, 975, 717, 869, 634, 632, 708, 601, 535, 600, 676, 801], [829, 616, 653, 874, 980, 599, 740, 598, 944, 500, 755, 504, 940, 506, 906, 936, 631, 985, 646, 888, 922, 851, 529, 858, 649], [887, 756, 574, 799, 671, 651, 607, 560, 695, 983, 923, 946, 591, 875, 557, 959, 606, 502, 877, 989, 526, 886, 610, 965, 799], [783, 665, 820, 973, 628, 671, 928, 568, 597, 593, 759, 694, 606, 835, 796, 944, 564, 635, 789, 845, 741, 905, 614, 675, 929], [872, 696, 634, 696, 784, 755, 639, 947, 551, 985, 507, 726, 819, 844, 645, 831, 966, 894, 817, 549, 999, 890, 993, 784, 818], [501, 902, 861, 790, 637, 610, 936, 650, 924, 976, 815, 585, 587, 650, 871, 689, 879, 652, 645, 761, 514, 608, 592, 680, 962], [667, 607, 928, 649, 690, 817, 944, 868, 615, 864, 746, 573, 834, 901, 689, 545, 741, 562, 797, 872, 727, 911, 863, 515, 726], [562, 695, 760, 705, 634, 789, 944, 803, 870, 665, 801, 548, 571, 737, 961, 789, 841, 760, 915, 890, 737, 657, 559, 525, 831], [740, 910, 999, 797, 540, 782, 967, 667, 650, 845, 778, 889, 648, 653, 843, 998, 644, 899, 721, 608, 943, 809, 961, 626, 782], [731, 693, 896, 677, 766, 617, 758, 601, 986, 931, 543, 556, 897, 669, 588, 502, 835, 914, 650, 710, 679, 774, 568, 657, 954], [818, 681, 926, 568, 917, 991, 745, 864, 735, 667, 822, 830, 533, 941, 679, 819, 595, 975, 734, 589, 622, 818, 922, 830, 907], [972, 693, 855, 506, 904, 845, 677, 509, 823, 520, 875, 914, 811, 654, 998, 821, 744, 666, 894, 603, 761, 925, 862, 706, 758], [579, 637, 698, 887, 956, 533, 996, 688, 999, 659, 717, 501, 786, 516, 516, 863, 960, 763, 695, 868, 709, 964, 779, 503, 696], [775, 805, 694, 697, 752, 534, 593, 565, 564, 991, 736, 721, 546, 839, 989, 811, 760, 636, 799, 554, 507, 649, 788, 875, 618], [811, 681, 555, 966, 815, 673, 924, 955, 728, 509, 806, 750, 728, 793, 905, 642, 999, 893, 833, 721, 521, 876, 731, 607, 666], [604, 631, 801, 948, 890, 871, 856, 997, 529, 815, 639, 708, 629, 889, 977, 769, 576, 729, 853, 706, 685, 762, 753, 871, 868], [991, 635, 785, 520, 693, 868, 987, 518, 815, 628, 606, 567, 611, 842, 538, 798, 880, 879, 657, 972, 671, 959, 522, 839, 732], [615, 562, 938, 521, 943, 690, 773, 813, 535, 758, 953, 601, 591, 925, 680, 592, 623, 905, 604, 666, 744, 768, 765, 607, 783], [789, 828, 792, 981, 762, 919, 709, 974, 752, 888, 900, 567, 618, 942, 655, 755, 908, 921, 862, 635, 590, 695, 612, 733, 508], [797, 694, 595, 610, 506, 846, 886, 960, 683, 536, 837, 567, 911, 670, 871, 849, 910, 549, 662, 909, 570, 771, 590, 889, 638], [504, 910, 983, 577, 599, 977, 764, 561, 813, 553, 950, 535, 686, 641, 984, 691, 584, 552, 996, 553, 503, 567, 860, 525, 909], [746, 795, 848, 860, 638, 853, 726, 939, 895, 968, 772, 608, 779, 599, 846, 965, 885, 855, 827, 688, 909, 517, 682, 961, 982], [536, 649, 520, 881, 665, 839, 852, 655, 535, 882, 999, 781, 969, 929, 534, 596, 705, 626, 961, 777, 942, 991, 930, 601, 843], [945, 736, 891, 975, 782, 951, 634, 503, 910, 881, 835, 869, 567, 641, 980, 585, 781, 939, 654, 618, 651, 534, 719, 992, 608], [678, 711, 815, 688, 970, 858, 872, 861, 842, 647, 546, 666, 510, 557, 572, 926, 968, 787, 639, 900, 911, 510, 988, 760, 529], [949, 938, 710, 685, 668, 617, 660, 603, 525, 898, 592, 971, 823, 776, 673, 546, 983, 811, 528, 604, 651, 858, 893, 554, 749], [640, 538, 755, 715, 764, 500, 680, 565, 677, 902, 614, 846, 546, 933, 899, 869, 734, 690, 525, 933, 559, 923, 805, 801, 611], [701, 665, 869, 588, 572, 690, 901, 713, 940, 807, 909, 932, 833, 624, 884, 529, 706, 774, 874, 974, 784, 564, 973, 716, 883], [999, 634, 673, 529, 564, 723, 745, 684, 563, 954, 660, 727, 598, 864, 500, 923, 544, 712, 660, 943, 572, 607, 588, 857, 794], [689, 615, 695, 868, 735, 827, 898, 973, 525, 531, 790, 705, 735, 734, 536, 783, 971, 555, 699, 536, 760, 541, 798, 952, 672], [993, 986, 892, 836, 951, 876, 995, 919, 675, 813, 848, 732, 865, 783, 998, 661, 898, 811, 886, 657, 677, 814, 631, 826, 604], [529, 572, 755, 577, 722, 542, 597, 977, 954, 642, 733, 936, 523, 730, 519, 873, 963, 878, 843, 848, 916, 946, 809, 999, 866], [977, 695, 683, 535, 624, 696, 746, 852, 742, 998, 702, 760, 636, 519, 959, 768, 594, 593, 681, 705, 986, 858, 782, 544, 734], [673, 870, 806, 977, 825, 760, 858, 879, 814, 911, 714, 517, 872, 682, 893, 995, 950, 993, 750, 665, 862, 833, 674, 777, 760], [764, 920, 857, 621, 814, 513, 503, 715, 866, 708, 537, 661, 645, 769, 534, 714, 973, 583, 889, 962, 968, 928, 750, 822, 623], [781, 928, 669, 976, 765, 942, 719, 602, 980, 783, 674, 980, 759, 815, 810, 946, 867, 532, 642, 792, 991, 541, 545, 689, 925], [788, 849, 978, 687, 647, 667, 941, 576, 882, 635, 931, 866, 897, 819, 727, 927, 622, 991, 541, 543, 944, 661, 988, 983, 616], [897, 981, 512, 850, 972, 986, 931, 880, 808, 515, 872, 931, 951, 792, 696, 623, 947, 949, 553, 768, 658, 902, 869, 973, 557], [505, 609, 652, 529, 705, 990, 694, 518, 670, 805, 552, 519, 932, 879, 974, 950, 807, 855, 894, 530, 858, 630, 911, 615, 893], [701, 708, 714, 613, 730, 698, 939, 940, 821, 609, 875, 889, 682, 550, 572, 799, 906, 818, 679, 735, 922, 976, 983, 641, 972], [944, 585, 900, 520, 548, 841, 528, 881, 673, 532, 606, 850, 648, 899, 540, 756, 550, 955, 663, 999, 728, 600, 582, 562, 753], [642, 754, 910, 599, 547, 781, 786, 766, 780, 693, 935, 565, 937, 930, 784, 731, 813, 700, 616, 890, 833, 665, 604, 825, 509], [583, 947, 924, 692, 658, 590, 567, 554, 641, 822, 899, 760, 855, 796, 681, 874, 687, 680, 735, 803, 521, 700, 901, 819, 662], [637, 863, 577, 620, 635, 500, 901, 979, 604, 934, 704, 747, 749, 937, 756, 844, 548, 562, 707, 893, 984, 865, 668, 855, 814], [887, 686, 706, 878, 831, 845, 612, 719, 700, 589, 564, 590, 642, 716, 758, 598, 572, 956, 848, 905, 514, 527, 734, 503, 820], [662, 961, 636, 805, 897, 962, 807, 691, 648, 863, 854, 607, 800, 850, 716, 776, 805, 698, 846, 769, 599, 781, 582, 712, 890], [927, 651, 717, 826, 913, 945, 664, 971, 652, 828, 682, 504, 646, 953, 512, 707, 840, 585, 753, 617, 708, 946, 500, 908, 934], [925, 907, 685, 719, 756, 739, 574, 964, 963, 528, 567, 670, 954, 827, 661, 938, 796, 692, 510, 649, 703, 814, 788, 591, 689], [756, 763, 989, 647, 746, 982, 628, 822, 829, 529, 714, 796, 803, 598, 802, 793, 599, 956, 538, 598, 533, 640, 970, 701, 844], [968, 904, 855, 633, 598, 778, 881, 515, 581, 748, 867, 841, 765, 908, 588, 896, 719, 573, 772, 757, 918, 895, 859, 822, 894], [544, 960, 690, 673, 775, 973, 836, 586, 522, 640, 995, 598, 767, 738, 859, 848, 811, 952, 704, 568, 737, 759, 867, 558, 615], [996, 572, 768, 726, 504, 823, 984, 639, 537, 743, 913, 934, 696, 943, 980, 659, 762, 548, 995, 995, 727, 887, 578, 796, 799], [647, 656, 793, 970, 632, 607, 885, 950, 953, 847, 573, 846, 589, 993, 765, 568, 536, 780, 846, 885, 869, 614, 595, 848, 793], [888, 717, 874, 668, 615, 564, 857, 693, 500, 998, 585, 771, 988, 660, 794, 954, 986, 979, 726, 695, 786, 826, 658, 576, 955], [796, 909, 847, 956, 879, 924, 766, 698, 536, 748, 626, 846, 896, 825, 810, 747, 727, 970, 699, 988, 692, 767, 521, 792, 847], [900, 972, 610, 829, 646, 786, 762, 937, 721, 836, 814, 515, 663, 925, 985, 550, 754, 914, 837, 859, 987, 537, 578, 943, 561], [574, 775, 665, 811, 999, 886, 873, 818, 818, 927, 654, 954, 986, 793, 967, 510, 919, 709, 573, 566, 613, 682, 657, 949, 588], [813, 856, 695, 653, 690, 634, 573, 812, 734, 704, 562, 630, 535, 672, 853, 743, 584, 929, 551, 616, 824, 815, 652, 794, 936], [881, 503, 510, 552, 793, 604, 971, 555, 958, 830, 867, 552, 598, 553, 628, 895, 909, 599, 620, 745, 894, 736, 815, 947, 917], [531, 600, 971, 877, 720, 542, 630, 780, 829, 600, 728, 540, 609, 974, 801, 991, 761, 678, 770, 568, 648, 508, 620, 841, 831], [708, 801, 936, 791, 792, 852, 733, 621, 563, 952, 712, 900, 528, 985, 826, 648, 564, 811, 716, 691, 680, 924, 600, 580, 836], [570, 603, 927, 521, 542, 693, 736, 930, 818, 807, 506, 680, 759, 914, 737, 511, 535, 979, 511, 910, 945, 553, 654, 641, 876], [805, 718, 644, 660, 563, 539, 969, 654, 828, 737, 836, 898, 507, 707, 505, 861, 559, 590, 871, 916, 948, 961, 811, 727, 583], [708, 545, 869, 924, 503, 742, 517, 636, 897, 791, 556, 628, 965, 827, 533, 821, 946, 937, 815, 906, 899, 566, 876, 606, 648], [930, 952, 516, 837, 609, 821, 502, 533, 786, 550, 833, 945, 728, 526, 891, 535, 799, 514, 793, 928, 864, 606, 664, 533, 672], [830, 524, 802, 641, 854, 886, 893, 778, 552, 896, 967, 896, 904, 557, 615, 639, 833, 991, 636, 502, 716, 901, 709, 679, 914], [820, 552, 779, 691, 718, 693, 847, 547, 848, 888, 897, 853, 686, 739, 751, 550, 827, 968, 752, 711, 630, 777, 546, 822, 928], [952, 815, 811, 910, 822, 980, 856, 858, 717, 591, 724, 836, 598, 539, 852, 717, 720, 635, 829, 618, 969, 687, 895, 592, 670], [744, 991, 969, 569, 997, 527, 913, 879, 947, 753, 643, 892, 874, 526, 643, 726, 602, 927, 874, 678, 650, 867, 735, 872, 802], [664, 607, 930, 700, 908, 546, 584, 988, 542, 664, 790, 647, 939, 880, 994, 795, 904, 594, 979, 630, 602, 823, 616, 789, 787], [604, 667, 568, 790, 973, 824, 649, 540, 763, 801, 724, 698, 911, 820, 836, 692, 561, 520, 741, 899, 868, 789, 973, 796, 881], [911, 636, 968, 636, 571, 695, 682, 731, 660, 643, 522, 569, 993, 985, 775, 793, 937, 617, 803, 797, 598, 603, 600, 992, 883], [583, 546, 514, 618, 840, 755, 874, 610, 814, 810, 508, 965, 945, 978, 587, 512, 865, 982, 731, 945, 529, 878, 787, 780, 791], [955, 574, 701, 972, 687, 736, 918, 554, 714, 929, 985, 737, 523, 852, 500, 529, 792, 781, 757, 618, 899, 564, 501, 737, 757]]
Variable production cost per unit of each product in each period p: 
[[13, 13, 10, 13, 10, 10, 11, 12, 11, 10, 10, 13, 11, 12, 10, 11, 10, 11, 11, 11, 10, 13, 13, 10, 13], [10, 11, 13, 11, 10, 13, 13, 12, 10, 10, 10, 12, 10, 12, 10, 11, 10, 13, 11, 11, 13, 11, 11, 11, 12], [13, 11, 12, 13, 10, 12, 12, 10, 10, 11, 11, 11, 13, 13, 10, 12, 11, 11, 12, 12, 10, 12, 11, 11, 10], [13, 12, 12, 11, 12, 11, 13, 11, 13, 10, 13, 10, 10, 10, 10, 11, 11, 13, 12, 10, 12, 12, 12, 12, 13], [10, 10, 11, 10, 11, 12, 10, 13, 11, 13, 10, 12, 12, 13, 11, 13, 12, 13, 11, 10, 10, 11, 13, 13, 10], [13, 12, 11, 12, 11, 13, 12, 10, 13, 12, 10, 11, 11, 12, 11, 13, 10, 10, 12, 13, 13, 10, 11, 13, 13], [10, 13, 13, 10, 12, 10, 11, 10, 12, 12, 12, 12, 13, 11, 13, 12, 12, 11, 11, 13, 11, 13, 11, 13, 11], [13, 12, 11, 10, 13, 13, 10, 12, 11, 11, 13, 11, 10, 12, 10, 12, 12, 10, 10, 11, 12, 10, 13, 10, 12], [13, 10, 13, 11, 10, 11, 13, 13, 10, 13, 12, 10, 12, 13, 12, 12, 12, 12, 11, 10, 10, 10, 10, 10, 13], [13, 12, 12, 13, 12, 12, 10, 12, 13, 10, 12, 10, 12, 10, 12, 11, 10, 11, 10, 11, 12, 11, 13, 13, 13], [13, 11, 11, 13, 13, 10, 13, 12, 11, 11, 10, 12, 13, 12, 10, 10, 11, 12, 12, 13, 13, 12, 11, 10, 10], [11, 13, 13, 11, 10, 13, 13, 13, 12, 12, 13, 13, 11, 13, 11, 11, 12, 13, 11, 13, 11, 12, 12, 12, 10], [11, 13, 11, 13, 12, 10, 13, 10, 11, 11, 12, 12, 11, 13, 12, 11, 13, 11, 13, 12, 11, 11, 11, 13, 10], [11, 12, 13, 11, 11, 11, 10, 13, 10, 13, 11, 10, 12, 12, 11, 13, 11, 12, 13, 13, 10, 11, 12, 12, 12], [12, 13, 13, 11, 12, 13, 13, 12, 10, 10, 11, 10, 11, 11, 13, 11, 12, 11, 13, 10, 12, 10, 11, 10, 13], [11, 12, 10, 12, 13, 10, 12, 13, 13, 11, 13, 10, 11, 13, 12, 13, 12, 10, 11, 10, 13, 13, 11, 11, 10], [13, 13, 13, 10, 13, 12, 13, 13, 12, 12, 12, 10, 10, 10, 12, 13, 12, 12, 11, 13, 13, 10, 13, 12, 12], [11, 10, 11, 11, 12, 13, 13, 11, 12, 10, 11, 10, 13, 13, 12, 12, 10, 10, 11, 10, 11, 12, 12, 11, 12], [13, 13, 11, 11, 10, 13, 12, 10, 12, 13, 11, 12, 12, 12, 12, 13, 11, 12, 12, 11, 12, 11, 13, 13, 13], [11, 12, 13, 12, 10, 12, 11, 11, 11, 12, 13, 12, 13, 12, 12, 12, 12, 12, 10, 10, 11, 12, 11, 12, 12], [13, 13, 12, 11, 13, 10, 13, 12, 10, 13, 13, 10, 12, 10, 13, 13, 10, 11, 11, 12, 12, 12, 10, 10, 13], [13, 12, 13, 11, 11, 10, 13, 11, 12, 13, 10, 11, 13, 12, 11, 12, 10, 11, 12, 10, 10, 12, 13, 13, 13], [11, 10, 12, 10, 13, 12, 13, 12, 10, 10, 12, 12, 12, 10, 10, 11, 13, 13, 11, 12, 11, 11, 13, 11, 11], [12, 13, 12, 13, 10, 10, 12, 13, 12, 10, 11, 11, 11, 13, 10, 10, 11, 12, 12, 13, 12, 11, 13, 13, 11], [11, 10, 13, 12, 13, 12, 12, 10, 13, 13, 12, 13, 12, 12, 11, 11, 11, 13, 12, 13, 11, 10, 11, 13, 12], [11, 13, 11, 13, 13, 11, 13, 12, 13, 11, 10, 13, 11, 12, 12, 10, 12, 11, 10, 11, 11, 13, 10, 10, 12], [10, 13, 10, 12, 11, 10, 11, 11, 13, 10, 10, 13, 13, 13, 11, 13, 12, 12, 10, 13, 10, 10, 10, 11, 11], [12, 10, 10, 10, 12, 11, 11, 11, 10, 10, 12, 10, 13, 11, 12, 12, 11, 13, 13, 12, 11, 11, 10, 11, 10], [13, 12, 13, 11, 11, 11, 11, 12, 11, 10, 11, 13, 12, 13, 10, 11, 12, 13, 10, 13, 13, 10, 10, 13, 10], [13, 12, 13, 11, 12, 13, 13, 10, 13, 13, 12, 10, 10, 10, 12, 11, 13, 12, 13, 10, 10, 12, 11, 13, 12], [11, 11, 13, 11, 10, 11, 11, 10, 10, 11, 11, 11, 11, 11, 11, 10, 10, 11, 11, 11, 13, 13, 13, 11, 12], [13, 10, 12, 12, 13, 11, 12, 12, 12, 12, 12, 13, 12, 13, 13, 10, 12, 12, 13, 13, 11, 13, 12, 13, 13], [10, 11, 12, 11, 11, 13, 10, 12, 10, 10, 12, 12, 13, 10, 10, 12, 13, 13, 10, 11, 10, 13, 13, 13, 11], [11, 11, 12, 13, 11, 13, 11, 11, 12, 11, 11, 13, 11, 13, 13, 11, 10, 11, 10, 13, 10, 10, 10, 12, 12], [12, 10, 11, 10, 11, 10, 13, 11, 10, 13, 13, 12, 12, 12, 11, 13, 12, 12, 10, 11, 11, 12, 11, 10, 12], [12, 13, 12, 11, 11, 13, 11, 11, 11, 10, 11, 11, 10, 12, 12, 12, 11, 12, 11, 10, 13, 12, 12, 12, 12], [11, 12, 12, 10, 11, 12, 12, 11, 10, 13, 11, 13, 13, 10, 12, 11, 10, 13, 12, 11, 13, 10, 11, 13, 10], [10, 12, 10, 12, 10, 12, 12, 10, 10, 13, 12, 11, 10, 10, 13, 13, 13, 10, 11, 13, 10, 11, 12, 13, 12], [12, 13, 12, 10, 11, 13, 10, 11, 13, 13, 11, 12, 13, 13, 13, 11, 13, 13, 10, 11, 13, 12, 11, 12, 12], [12, 11, 12, 10, 12, 12, 10, 13, 12, 10, 11, 12, 12, 11, 10, 13, 10, 11, 11, 11, 13, 10, 10, 11, 12], [10, 12, 11, 11, 11, 11, 11, 11, 10, 11, 13, 11, 12, 11, 13, 12, 13, 13, 13, 12, 13, 11, 10, 13, 10], [10, 10, 12, 10, 13, 10, 10, 13, 13, 13, 13, 13, 12, 12, 12, 12, 12, 12, 11, 12, 13, 12, 10, 12, 13], [13, 11, 13, 12, 11, 11, 12, 11, 12, 12, 13, 13, 13, 10, 10, 10, 12, 11, 13, 11, 13, 12, 12, 13, 12], [13, 10, 11, 10, 11, 11, 10, 11, 13, 10, 12, 10, 10, 10, 12, 10, 10, 12, 12, 13, 13, 10, 13, 11, 10], [12, 13, 11, 13, 12, 12, 10, 11, 11, 12, 10, 12, 13, 11, 10, 13, 11, 13, 11, 13, 11, 13, 13, 10, 12], [12, 13, 12, 10, 11, 10, 12, 13, 12, 13, 10, 11, 13, 13, 12, 13, 11, 10, 11, 10, 11, 11, 12, 13, 13], [12, 13, 13, 11, 10, 12, 12, 11, 11, 11, 11, 11, 12, 12, 13, 11, 13, 12, 13, 10, 11, 13, 11, 12, 13], [11, 10, 12, 10, 10, 12, 12, 12, 12, 12, 11, 13, 13, 10, 10, 13, 12, 12, 13, 12, 12, 13, 10, 13, 11], [10, 13, 10, 11, 10, 13, 13, 11, 13, 11, 10, 12, 10, 11, 10, 11, 12, 12, 11, 11, 10, 13, 13, 13, 11], [12, 11, 13, 11, 13, 10, 11, 11, 13, 11, 12, 10, 11, 12, 12, 13, 13, 11, 12, 11, 11, 10, 11, 10, 11], [12, 12, 11, 10, 11, 13, 12, 11, 10, 12, 11, 11, 11, 11, 10, 10, 13, 12, 13, 13, 12, 10, 10, 11, 13], [13, 10, 12, 10, 11, 10, 10, 11, 10, 13, 10, 11, 12, 11, 11, 12, 12, 12, 10, 11, 11, 11, 10, 10, 10], [12, 13, 13, 10, 12, 13, 12, 13, 11, 11, 12, 12, 12, 12, 12, 12, 12, 10, 11, 13, 12, 12, 10, 11, 12], [13, 13, 11, 10, 13, 11, 10, 11, 11, 12, 10, 10, 11, 13, 11, 12, 10, 10, 11, 13, 10, 10, 11, 10, 12], [11, 12, 13, 12, 12, 13, 12, 11, 13, 10, 12, 11, 10, 12, 10, 11, 10, 12, 12, 12, 13, 13, 11, 10, 12], [13, 10, 11, 12, 10, 11, 12, 12, 11, 12, 13, 13, 11, 10, 13, 13, 13, 12, 12, 11, 11, 11, 12, 10, 11], [11, 12, 13, 12, 12, 12, 10, 10, 10, 10, 13, 11, 13, 10, 11, 12, 12, 10, 11, 13, 13, 12, 11, 10, 13], [12, 11, 13, 12, 13, 10, 12, 11, 11, 10, 12, 10, 10, 12, 13, 10, 11, 11, 11, 13, 12, 12, 11, 13, 13], [13, 10, 11, 13, 10, 11, 10, 10, 13, 11, 12, 11, 11, 12, 13, 11, 11, 11, 10, 12, 13, 10, 13, 10, 10], [10, 12, 12, 10, 10, 12, 13, 13, 11, 10, 12, 11, 10, 12, 13, 10, 10, 12, 10, 13, 12, 12, 13, 12, 11], [12, 12, 13, 11, 10, 12, 12, 10, 10, 12, 12, 12, 11, 11, 11, 10, 13, 10, 11, 13, 11, 13, 10, 13, 10], [10, 12, 12, 10, 13, 11, 11, 10, 13, 11, 13, 13, 12, 11, 11, 12, 12, 13, 10, 12, 11, 13, 10, 10, 13], [12, 12, 11, 11, 11, 11, 13, 13, 12, 11, 10, 13, 12, 10, 13, 12, 10, 13, 11, 13, 12, 10, 11, 12, 13], [13, 12, 12, 10, 12, 13, 13, 11, 13, 10, 11, 11, 13, 13, 10, 11, 11, 10, 13, 13, 12, 12, 10, 10, 12], [12, 12, 11, 11, 12, 11, 13, 11, 11, 11, 13, 12, 12, 13, 11, 10, 10, 13, 11, 12, 12, 10, 13, 13, 12], [13, 13, 10, 13, 11, 12, 11, 12, 11, 12, 12, 13, 11, 10, 13, 11, 13, 10, 11, 10, 10, 10, 11, 13, 13], [13, 11, 11, 10, 12, 10, 11, 12, 11, 13, 11, 13, 11, 13, 11, 12, 10, 11, 11, 12, 11, 10, 10, 10, 10], [12, 13, 11, 11, 12, 10, 12, 13, 11, 11, 11, 12, 10, 13, 13, 10, 12, 10, 11, 11, 12, 11, 12, 13, 13], [12, 13, 10, 13, 12, 10, 10, 12, 11, 11, 12, 13, 13, 11, 12, 11, 11, 11, 11, 13, 13, 11, 13, 10, 10], [13, 10, 11, 12, 12, 10, 12, 11, 10, 12, 12, 12, 10, 13, 13, 10, 11, 10, 11, 12, 13, 11, 11, 12, 10], [13, 12, 11, 12, 11, 10, 11, 10, 10, 11, 11, 13, 11, 10, 11, 12, 10, 11, 12, 10, 11, 13, 12, 13, 10], [11, 10, 11, 10, 11, 13, 11, 11, 13, 13, 12, 12, 10, 12, 13, 13, 10, 13, 10, 10, 12, 12, 10, 11, 12], [12, 10, 11, 13, 10, 13, 12, 10, 11, 10, 12, 11, 13, 12, 10, 12, 12, 10, 12, 12, 13, 11, 13, 11, 10], [12, 11, 13, 12, 10, 13, 11, 11, 12, 11, 11, 12, 13, 12, 10, 13, 11, 10, 11, 11, 13, 12, 13, 12, 11], [10, 11, 10, 11, 12, 10, 12, 11, 13, 11, 10, 13, 10, 11, 12, 11, 10, 13, 10, 11, 12, 13, 11, 12, 13], [12, 10, 12, 10, 13, 12, 12, 13, 10, 13, 12, 13, 13, 10, 11, 11, 10, 13, 10, 11, 13, 12, 11, 12, 11], [10, 13, 12, 12, 12, 11, 11, 11, 10, 11, 12, 11, 12, 12, 12, 11, 13, 11, 12, 12, 12, 12, 11, 13, 13], [10, 11, 10, 12, 13, 11, 12, 11, 12, 10, 12, 11, 12, 13, 11, 13, 12, 13, 11, 10, 13, 13, 11, 12, 13], [10, 10, 11, 12, 11, 13, 12, 12, 12, 12, 10, 13, 11, 13, 13, 12, 13, 12, 10, 10, 11, 11, 10, 13, 12], [10, 13, 11, 11, 12, 12, 12, 11, 13, 11, 13, 13, 12, 11, 11, 10, 12, 10, 11, 13, 10, 10, 12, 12, 12], [13, 13, 13, 11, 11, 11, 12, 11, 10, 12, 11, 11, 11, 12, 11, 11, 11, 12, 12, 10, 13, 10, 12, 11, 11], [12, 11, 10, 11, 13, 12, 13, 10, 11, 13, 10, 13, 11, 11, 11, 13, 12, 10, 13, 12, 13, 12, 12, 10, 13], [11, 10, 10, 10, 10, 13, 11, 12, 10, 12, 10, 11, 10, 10, 12, 11, 11, 12, 13, 13, 10, 13, 10, 11, 10], [11, 12, 13, 12, 10, 10, 10, 11, 11, 12, 12, 13, 11, 13, 12, 11, 10, 12, 12, 12, 12, 11, 10, 12, 11], [12, 10, 12, 12, 13, 11, 11, 13, 11, 12, 12, 10, 10, 10, 10, 10, 12, 10, 11, 11, 10, 13, 11, 10, 13], [13, 13, 13, 10, 12, 12, 12, 13, 12, 12, 13, 10, 13, 13, 13, 11, 11, 11, 10, 13, 11, 11, 12, 12, 11], [11, 10, 11, 11, 11, 13, 10, 10, 10, 10, 11, 12, 12, 12, 13, 11, 13, 12, 11, 13, 13, 10, 13, 11, 11], [10, 11, 13, 13, 13, 10, 11, 13, 11, 11, 13, 12, 13, 11, 12, 10, 10, 10, 12, 13, 11, 11, 13, 13, 10], [13, 13, 10, 11, 10, 12, 13, 10, 13, 13, 12, 13, 12, 11, 12, 13, 13, 11, 12, 10, 12, 13, 12, 10, 13], [12, 11, 10, 11, 13, 11, 11, 10, 13, 12, 11, 13, 12, 13, 13, 13, 10, 12, 12, 13, 13, 11, 11, 13, 13], [10, 12, 13, 11, 11, 12, 10, 11, 13, 12, 13, 11, 13, 13, 12, 13, 13, 11, 11, 13, 13, 10, 12, 11, 13], [10, 13, 12, 11, 12, 10, 12, 11, 11, 10, 12, 10, 12, 13, 12, 12, 11, 13, 13, 13, 12, 10, 12, 10, 12], [11, 12, 13, 11, 10, 10, 10, 12, 11, 12, 12, 13, 11, 13, 10, 10, 10, 11, 12, 10, 10, 13, 10, 10, 13], [10, 10, 10, 12, 13, 10, 10, 12, 13, 12, 11, 11, 13, 13, 11, 11, 11, 12, 10, 13, 10, 10, 11, 10, 12], [11, 11, 11, 12, 12, 13, 11, 12, 12, 12, 11, 10, 13, 11, 10, 11, 13, 10, 10, 12, 12, 11, 10, 11, 11], [12, 13, 10, 10, 10, 10, 12, 10, 12, 10, 12, 11, 13, 13, 13, 11, 10, 11, 12, 10, 13, 13, 13, 13, 10], [12, 10, 11, 12, 12, 10, 13, 10, 11, 10, 13, 11, 12, 10, 11, 12, 12, 13, 13, 11, 10, 10, 13, 13, 13], [10, 13, 12, 13, 10, 11, 13, 11, 11, 10, 12, 10, 13, 10, 12, 12, 13, 10, 10, 13, 10, 10, 12, 12, 10], [11, 13, 10, 10, 10, 13, 13, 12, 12, 13, 13, 12, 11, 13, 11, 10, 12, 11, 11, 10, 12, 13, 12, 11, 12], [10, 13, 11, 11, 10, 11, 13, 10, 12, 13, 13, 10, 12, 12, 10, 12, 11, 10, 12, 11, 12, 11, 12, 11, 10]]
Inventory holding cost per unit of each product by the end of each period h: 
[[6, 8, 8, 9, 9, 8, 5, 9, 6, 8, 6, 5, 6, 5, 6, 7, 6, 5, 6, 8, 7, 9, 6, 9, 9], [8, 5, 5, 8, 6, 9, 9, 8, 9, 9, 7, 8, 6, 9, 5, 6, 7, 8, 5, 5, 7, 8, 9, 7, 8], [6, 9, 5, 5, 9, 8, 9, 8, 5, 8, 5, 5, 8, 9, 5, 7, 7, 5, 9, 8, 6, 9, 6, 9, 7], [8, 7, 6, 5, 8, 6, 6, 8, 8, 7, 7, 6, 8, 9, 5, 6, 8, 7, 6, 7, 7, 7, 6, 5, 9], [5, 6, 6, 5, 8, 7, 7, 7, 7, 7, 6, 9, 5, 5, 9, 9, 6, 7, 9, 6, 7, 9, 9, 6, 8], [9, 5, 7, 5, 6, 7, 8, 5, 8, 9, 7, 7, 7, 5, 5, 9, 8, 6, 7, 7, 5, 8, 5, 5, 5], [8, 8, 7, 5, 8, 8, 8, 5, 7, 6, 8, 8, 6, 6, 6, 7, 8, 8, 5, 7, 5, 5, 9, 9, 7], [9, 7, 9, 8, 7, 9, 9, 7, 7, 9, 8, 9, 5, 9, 6, 5, 6, 7, 7, 7, 6, 8, 7, 9, 6], [7, 7, 6, 6, 8, 5, 9, 7, 5, 9, 7, 5, 5, 5, 6, 9, 8, 8, 7, 8, 9, 8, 5, 5, 5], [9, 7, 6, 9, 5, 6, 8, 9, 6, 5, 8, 5, 7, 9, 9, 9, 5, 9, 6, 7, 5, 7, 5, 7, 8], [9, 8, 9, 6, 7, 8, 7, 5, 7, 7, 7, 7, 6, 6, 7, 5, 6, 8, 8, 9, 9, 6, 7, 5, 5], [6, 8, 7, 9, 9, 5, 6, 6, 6, 9, 7, 8, 7, 8, 5, 9, 9, 8, 9, 8, 5, 5, 6, 9, 7], [5, 5, 7, 8, 5, 7, 5, 7, 7, 5, 5, 5, 8, 9, 6, 8, 5, 9, 7, 6, 7, 9, 9, 5, 6], [9, 5, 8, 6, 9, 7, 8, 7, 9, 7, 9, 6, 5, 8, 9, 6, 7, 9, 9, 6, 9, 8, 8, 9, 5], [6, 6, 7, 9, 6, 6, 9, 6, 7, 6, 5, 8, 7, 5, 6, 5, 8, 6, 6, 9, 5, 7, 9, 5, 9], [9, 7, 5, 8, 9, 9, 9, 5, 6, 9, 7, 7, 6, 8, 8, 9, 7, 9, 7, 7, 6, 8, 8, 5, 5], [6, 5, 5, 5, 5, 6, 7, 7, 5, 6, 5, 9, 6, 6, 9, 5, 7, 5, 6, 9, 5, 8, 8, 7, 7], [5, 5, 9, 8, 8, 6, 5, 6, 7, 8, 5, 8, 9, 8, 9, 7, 8, 5, 5, 9, 6, 6, 7, 6, 5], [9, 9, 8, 5, 7, 5, 6, 6, 9, 8, 6, 8, 9, 5, 8, 7, 7, 8, 5, 7, 7, 6, 5, 6, 5], [8, 7, 6, 6, 8, 5, 5, 6, 9, 9, 7, 6, 6, 8, 8, 7, 6, 6, 6, 6, 9, 9, 5, 9, 5], [7, 5, 6, 9, 8, 7, 7, 5, 6, 7, 7, 7, 5, 5, 9, 8, 8, 6, 8, 7, 6, 7, 9, 9, 9], [7, 5, 6, 9, 8, 9, 5, 6, 8, 8, 7, 9, 5, 9, 9, 8, 6, 6, 7, 6, 9, 6, 5, 9, 5], [6, 7, 9, 6, 9, 6, 5, 9, 7, 8, 8, 9, 9, 8, 6, 8, 6, 9, 9, 6, 6, 8, 7, 5, 7], [8, 9, 8, 8, 7, 8, 5, 6, 9, 7, 8, 9, 8, 6, 6, 8, 9, 5, 7, 8, 6, 5, 6, 8, 8], [9, 5, 6, 7, 9, 5, 9, 8, 8, 8, 5, 6, 7, 7, 8, 9, 7, 8, 6, 9, 5, 5, 6, 9, 5], [8, 6, 6, 5, 8, 5, 8, 5, 8, 6, 6, 8, 6, 5, 8, 7, 9, 9, 6, 7, 5, 8, 7, 9, 6], [9, 5, 9, 8, 7, 5, 5, 5, 8, 6, 7, 7, 9, 9, 8, 5, 8, 9, 8, 9, 9, 8, 8, 5, 6], [8, 7, 6, 8, 6, 7, 9, 5, 7, 6, 9, 5, 7, 5, 5, 5, 9, 6, 7, 9, 8, 5, 5, 6, 8], [9, 6, 6, 5, 8, 6, 8, 5, 7, 7, 9, 5, 6, 7, 7, 8, 7, 7, 6, 9, 5, 7, 6, 9, 6], [9, 6, 8, 7, 5, 5, 6, 7, 8, 6, 6, 9, 7, 7, 5, 9, 6, 9, 5, 6, 8, 9, 9, 7, 9], [7, 9, 6, 8, 8, 5, 5, 6, 5, 9, 7, 6, 7, 7, 9, 6, 9, 5, 6, 9, 9, 8, 6, 9, 8], [9, 9, 5, 8, 9, 8, 7, 7, 9, 8, 7, 7, 7, 6, 8, 8, 6, 8, 8, 7, 5, 8, 9, 5, 5], [8, 5, 9, 6, 7, 7, 7, 8, 9, 6, 8, 6, 5, 8, 6, 7, 9, 8, 6, 5, 6, 5, 5, 7, 8], [8, 7, 9, 9, 5, 7, 8, 5, 6, 5, 7, 5, 5, 7, 6, 7, 8, 9, 5, 7, 9, 9, 9, 7, 5], [8, 7, 9, 8, 8, 9, 8, 9, 9, 6, 7, 8, 7, 5, 6, 6, 6, 8, 5, 6, 9, 5, 5, 6, 7], [7, 8, 9, 9, 8, 8, 7, 6, 9, 6, 5, 8, 7, 8, 9, 5, 5, 6, 8, 7, 9, 6, 8, 7, 9], [7, 9, 6, 7, 5, 8, 6, 8, 6, 9, 9, 6, 8, 5, 8, 5, 5, 7, 9, 9, 7, 5, 9, 9, 6], [5, 5, 6, 7, 5, 6, 5, 5, 5, 9, 6, 5, 5, 7, 7, 9, 6, 6, 6, 5, 6, 7, 7, 8, 6], [8, 6, 7, 6, 7, 6, 7, 8, 7, 8, 5, 6, 7, 9, 7, 9, 9, 7, 9, 6, 6, 7, 8, 7, 9], [8, 5, 6, 5, 7, 6, 8, 8, 5, 7, 5, 7, 6, 7, 8, 6, 8, 8, 7, 8, 9, 9, 9, 8, 7], [7, 7, 8, 8, 6, 9, 7, 6, 7, 7, 7, 8, 8, 6, 8, 8, 5, 8, 5, 6, 6, 9, 8, 7, 9], [6, 8, 7, 9, 9, 9, 7, 8, 9, 7, 9, 5, 8, 5, 9, 6, 7, 6, 8, 8, 5, 6, 9, 5, 5], [5, 7, 7, 5, 6, 6, 7, 6, 9, 6, 6, 7, 8, 9, 8, 7, 6, 8, 8, 7, 7, 9, 8, 8, 7], [9, 5, 5, 9, 9, 5, 9, 7, 7, 8, 6, 6, 6, 8, 5, 5, 5, 9, 8, 6, 7, 6, 7, 7, 9], [6, 7, 8, 6, 6, 9, 7, 5, 7, 6, 5, 9, 9, 5, 5, 6, 7, 5, 6, 7, 7, 7, 7, 8, 5], [5, 7, 5, 7, 7, 6, 9, 6, 9, 5, 8, 9, 5, 8, 5, 9, 7, 9, 6, 9, 7, 9, 6, 6, 7], [9, 7, 9, 6, 7, 6, 9, 5, 8, 6, 7, 8, 6, 7, 7, 8, 8, 5, 6, 7, 9, 6, 7, 8, 9], [9, 5, 6, 6, 5, 6, 5, 6, 7, 7, 9, 9, 5, 8, 6, 6, 9, 6, 6, 6, 8, 8, 7, 8, 7], [7, 7, 5, 6, 9, 6, 6, 5, 9, 8, 8, 5, 6, 5, 8, 6, 6, 5, 5, 6, 5, 5, 5, 7, 9], [5, 8, 7, 5, 9, 7, 9, 9, 9, 5, 8, 7, 9, 8, 5, 9, 8, 9, 8, 7, 6, 9, 8, 9, 6], [9, 9, 7, 6, 8, 5, 5, 9, 8, 7, 9, 7, 6, 6, 5, 9, 5, 6, 6, 8, 9, 8, 9, 9, 5], [9, 7, 9, 7, 5, 8, 6, 7, 9, 8, 6, 6, 6, 6, 5, 6, 7, 7, 8, 7, 5, 8, 5, 8, 7], [6, 7, 7, 9, 8, 5, 5, 7, 5, 7, 9, 5, 7, 8, 9, 8, 7, 6, 5, 6, 6, 7, 5, 5, 5], [9, 5, 7, 5, 6, 9, 6, 8, 5, 6, 7, 5, 6, 7, 7, 9, 9, 6, 5, 8, 7, 6, 8, 7, 5], [9, 5, 8, 7, 9, 7, 9, 6, 9, 7, 9, 8, 5, 5, 9, 9, 7, 9, 5, 5, 5, 9, 9, 7, 6], [9, 5, 6, 8, 7, 8, 6, 5, 9, 6, 6, 6, 6, 6, 9, 5, 8, 8, 8, 5, 5, 8, 7, 5, 5], [8, 8, 7, 5, 9, 7, 9, 8, 5, 5, 9, 8, 9, 9, 6, 8, 6, 6, 6, 7, 9, 8, 7, 7, 8], [5, 6, 8, 5, 8, 9, 8, 5, 7, 7, 9, 5, 8, 6, 9, 6, 5, 7, 6, 5, 9, 9, 5, 5, 7], [5, 8, 8, 6, 6, 5, 6, 5, 7, 7, 7, 6, 6, 8, 7, 9, 9, 6, 8, 6, 8, 8, 5, 5, 5], [8, 8, 6, 5, 9, 9, 9, 5, 6, 9, 5, 5, 7, 5, 7, 8, 8, 9, 7, 6, 7, 9, 5, 8, 9], [7, 7, 8, 7, 6, 9, 9, 9, 9, 5, 8, 5, 6, 8, 7, 6, 9, 6, 9, 6, 9, 7, 7, 7, 7], [5, 9, 7, 7, 9, 5, 5, 5, 7, 9, 5, 8, 8, 5, 9, 8, 8, 8, 5, 8, 5, 7, 9, 9, 9], [7, 7, 9, 8, 6, 5, 5, 5, 7, 7, 6, 6, 6, 6, 9, 5, 9, 8, 7, 8, 8, 6, 7, 6, 7], [7, 9, 8, 8, 5, 8, 5, 6, 9, 8, 6, 8, 6, 6, 8, 6, 7, 7, 8, 7, 9, 9, 6, 8, 9], [9, 9, 9, 8, 7, 6, 7, 8, 8, 6, 8, 5, 8, 5, 7, 5, 6, 9, 7, 5, 9, 6, 6, 6, 7], [5, 8, 8, 9, 5, 6, 8, 6, 8, 9, 5, 5, 6, 7, 5, 9, 5, 5, 9, 7, 7, 7, 9, 7, 5], [7, 6, 6, 9, 6, 8, 9, 8, 7, 7, 7, 9, 9, 7, 5, 8, 7, 8, 8, 7, 6, 8, 5, 6, 7], [9, 8, 6, 7, 7, 8, 8, 5, 5, 7, 9, 7, 5, 6, 6, 9, 8, 5, 7, 8, 5, 5, 7, 9, 8], [6, 8, 8, 8, 7, 9, 5, 7, 5, 7, 9, 5, 9, 6, 7, 6, 9, 8, 6, 6, 8, 9, 6, 7, 8], [6, 7, 9, 5, 9, 8, 8, 7, 8, 7, 7, 8, 9, 9, 6, 9, 7, 7, 5, 8, 6, 7, 5, 6, 8], [5, 9, 9, 8, 9, 5, 5, 6, 8, 8, 5, 8, 7, 9, 6, 9, 7, 5, 7, 6, 6, 9, 9, 6, 8], [8, 9, 5, 9, 7, 6, 7, 8, 7, 5, 6, 8, 6, 5, 8, 9, 6, 6, 5, 6, 7, 9, 7, 5, 5], [6, 7, 7, 7, 6, 7, 8, 9, 6, 6, 6, 5, 8, 9, 9, 8, 6, 7, 5, 7, 6, 6, 5, 5, 8], [9, 7, 6, 6, 8, 6, 6, 7, 9, 9, 8, 5, 6, 9, 7, 7, 8, 6, 5, 7, 5, 6, 7, 8, 7], [8, 8, 6, 6, 5, 6, 7, 9, 7, 9, 7, 5, 5, 8, 5, 9, 7, 7, 9, 6, 6, 7, 8, 6, 6], [7, 8, 6, 6, 9, 8, 9, 5, 9, 6, 6, 8, 9, 6, 8, 9, 9, 6, 6, 7, 9, 7, 5, 7, 5], [9, 8, 7, 9, 9, 6, 5, 5, 9, 6, 6, 9, 9, 5, 7, 7, 5, 5, 8, 7, 6, 7, 6, 6, 5], [7, 8, 7, 8, 7, 6, 7, 7, 7, 6, 8, 5, 6, 9, 6, 6, 7, 9, 8, 8, 6, 7, 6, 5, 8], [7, 5, 6, 6, 7, 7, 5, 5, 5, 7, 8, 7, 6, 8, 9, 8, 5, 8, 8, 6, 8, 7, 8, 7, 9], [5, 7, 5, 6, 7, 7, 6, 7, 8, 6, 7, 5, 8, 8, 8, 5, 5, 9, 5, 9, 7, 7, 6, 5, 9], [6, 7, 7, 8, 8, 9, 5, 9, 5, 7, 6, 5, 7, 6, 6, 6, 5, 8, 5, 9, 9, 7, 5, 9, 9], [5, 6, 6, 6, 9, 8, 5, 9, 7, 7, 6, 5, 5, 8, 7, 5, 9, 5, 9, 6, 9, 6, 6, 7, 8], [7, 6, 7, 9, 9, 9, 6, 6, 8, 5, 5, 6, 9, 5, 7, 8, 8, 7, 9, 9, 8, 6, 6, 5, 7], [9, 6, 7, 8, 8, 6, 6, 7, 8, 6, 9, 9, 5, 5, 8, 9, 9, 5, 6, 9, 8, 8, 6, 8, 6], [6, 6, 7, 6, 5, 6, 8, 5, 8, 9, 9, 5, 5, 8, 8, 9, 9, 7, 5, 5, 7, 8, 9, 9, 5], [5, 9, 6, 6, 7, 9, 7, 9, 5, 8, 6, 9, 9, 5, 8, 5, 5, 9, 5, 7, 7, 6, 7, 6, 5], [9, 5, 5, 6, 8, 6, 6, 7, 7, 5, 5, 9, 9, 9, 6, 7, 5, 6, 8, 7, 7, 5, 6, 9, 9], [5, 8, 7, 5, 8, 5, 9, 6, 8, 8, 7, 7, 5, 5, 7, 7, 8, 9, 7, 9, 7, 6, 8, 7, 9], [5, 5, 6, 8, 9, 5, 5, 8, 9, 5, 9, 8, 6, 8, 8, 7, 6, 5, 9, 8, 9, 6, 8, 9, 7], [8, 8, 9, 7, 6, 6, 9, 6, 9, 6, 8, 9, 5, 8, 7, 7, 9, 8, 6, 6, 9, 9, 9, 5, 5], [8, 8, 5, 6, 7, 8, 8, 7, 7, 8, 5, 6, 5, 8, 7, 7, 8, 6, 7, 6, 5, 7, 5, 7, 6], [9, 6, 6, 6, 7, 6, 5, 8, 8, 9, 8, 5, 7, 8, 6, 5, 6, 7, 6, 8, 7, 5, 8, 9, 9], [8, 5, 5, 7, 6, 5, 6, 5, 5, 8, 6, 5, 7, 6, 5, 9, 6, 8, 9, 9, 8, 5, 9, 8, 8], [8, 8, 9, 8, 9, 6, 7, 6, 7, 7, 8, 8, 6, 7, 6, 6, 6, 5, 8, 6, 5, 6, 9, 9, 6], [7, 6, 5, 6, 8, 5, 7, 6, 7, 8, 6, 8, 9, 9, 9, 5, 9, 9, 8, 9, 7, 8, 6, 9, 9], [7, 7, 6, 7, 8, 8, 9, 9, 7, 5, 7, 9, 6, 8, 8, 6, 9, 9, 6, 6, 8, 7, 7, 5, 9], [5, 9, 8, 5, 7, 7, 5, 8, 5, 5, 5, 9, 7, 9, 6, 6, 8, 7, 8, 9, 7, 6, 8, 6, 5], [7, 6, 5, 7, 8, 8, 8, 9, 8, 8, 5, 8, 5, 7, 6, 5, 7, 5, 5, 5, 8, 9, 9, 6, 5], [9, 5, 7, 6, 5, 9, 6, 6, 8, 7, 6, 9, 9, 9, 8, 7, 9, 6, 7, 9, 5, 7, 8, 8, 7], [6, 7, 5, 8, 8, 6, 5, 7, 8, 6, 5, 9, 9, 9, 8, 9, 8, 7, 7, 6, 5, 8, 8, 7, 7]]
Demand for each product in each period d: 
[[19, 14, 11, 22, 12, 29, 27, 16, 45, 39, 6, 30, 6, 31, 48, 0, 13, 0, 2, 37, 37, 0, 28, 42, 0], [6, 27, 5, 44, 46, 43, 0, 35, 7, 43, 43, 48, 0, 33, 26, 13, 37, 47, 45, 29, 29, 17, 36, 15, 35], [4, 47, 35, 13, 32, 14, 40, 42, 38, 21, 40, 11, 11, 39, 12, 15, 32, 34, 49, 9, 9, 5, 24, 42, 18], [14, 21, 10, 39, 33, 33, 16, 0, 5, 30, 1, 39, 43, 0, 46, 29, 7, 2, 4, 19, 49, 34, 25, 41, 4], [31, 23, 5, 27, 36, 0, 14, 27, 23, 18, 47, 46, 31, 3, 42, 14, 35, 13, 4, 34, 10, 27, 7, 7, 38], [5, 8, 3, 42, 0, 29, 15, 17, 0, 15, 7, 26, 40, 23, 38, 36, 31, 41, 48, 0, 10, 0, 41, 32, 18], [38, 0, 45, 27, 38, 36, 22, 36, 25, 43, 0, 30, 2, 15, 40, 3, 9, 24, 40, 28, 8, 41, 23, 8, 11], [28, 12, 18, 9, 21, 11, 43, 2, 36, 19, 11, 14, 31, 12, 0, 8, 0, 23, 5, 0, 45, 7, 30, 0, 45], [4, 9, 14, 17, 37, 8, 23, 4, 2, 15, 12, 36, 1, 41, 20, 26, 48, 9, 0, 0, 0, 28, 36, 37, 22], [31, 38, 45, 0, 30, 13, 20, 48, 5, 14, 48, 39, 0, 34, 18, 18, 25, 9, 40, 44, 0, 33, 0, 34, 28], [7, 32, 45, 48, 42, 5, 31, 49, 3, 32, 29, 46, 6, 19, 31, 39, 16, 34, 33, 9, 18, 13, 0, 0, 27], [15, 23, 30, 0, 16, 0, 40, 3, 2, 39, 48, 11, 23, 42, 16, 10, 23, 9, 17, 25, 16, 41, 0, 31, 40], [33, 46, 0, 13, 49, 39, 46, 36, 30, 5, 26, 33, 7, 49, 0, 11, 24, 40, 49, 40, 20, 47, 9, 42, 27], [12, 22, 17, 40, 21, 8, 44, 41, 12, 0, 34, 8, 5, 1, 48, 0, 20, 2, 5, 24, 31, 34, 43, 8, 39], [2, 42, 23, 33, 29, 34, 8, 5, 10, 47, 45, 1, 15, 49, 9, 48, 16, 33, 14, 49, 3, 41, 12, 0, 5], [40, 20, 1, 0, 2, 30, 46, 12, 42, 30, 0, 26, 49, 4, 25, 49, 44, 0, 31, 7, 20, 43, 19, 29, 13], [13, 11, 23, 28, 34, 41, 35, 39, 27, 12, 5, 25, 4, 9, 9, 7, 13, 22, 27, 0, 2, 41, 45, 2, 33], [34, 36, 49, 1, 24, 8, 14, 44, 23, 0, 33, 34, 44, 5, 0, 7, 25, 14, 10, 0, 42, 9, 8, 43, 9], [36, 32, 16, 42, 6, 24, 43, 32, 3, 0, 0, 42, 40, 27, 42, 36, 1, 44, 43, 26, 23, 35, 9, 23, 0], [5, 4, 25, 24, 41, 0, 1, 23, 45, 29, 32, 23, 0, 0, 15, 4, 36, 8, 32, 36, 19, 44, 9, 33, 5], [30, 11, 25, 8, 45, 1, 9, 2, 0, 43, 8, 30, 11, 12, 39, 23, 27, 9, 26, 44, 38, 46, 21, 44, 33], [30, 15, 15, 0, 25, 19, 22, 28, 22, 2, 33, 5, 2, 4, 22, 49, 38, 4, 21, 27, 33, 40, 24, 24, 3], [13, 28, 5, 42, 35, 48, 0, 26, 49, 19, 7, 9, 24, 24, 30, 40, 13, 10, 43, 36, 27, 7, 24, 0, 4], [17, 30, 34, 0, 5, 20, 9, 18, 43, 40, 44, 25, 34, 39, 10, 3, 49, 42, 24, 10, 34, 41, 2, 29, 45], [42, 46, 14, 6, 38, 8, 0, 43, 37, 16, 0, 1, 44, 3, 38, 22, 14, 27, 27, 27, 46, 26, 25, 43, 31], [15, 39, 49, 45, 45, 26, 18, 4, 26, 46, 7, 31, 4, 16, 31, 41, 36, 7, 17, 37, 30, 49, 40, 32, 31], [27, 42, 19, 14, 39, 36, 38, 32, 10, 39, 31, 7, 47, 9, 16, 1, 3, 14, 32, 27, 15, 39, 23, 12, 34], [37, 2, 0, 17, 20, 17, 38, 18, 22, 29, 37, 27, 13, 41, 34, 49, 35, 5, 1, 21, 46, 45, 23, 16, 29], [42, 45, 12, 17, 8, 29, 45, 20, 7, 29, 6, 0, 36, 42, 35, 22, 27, 2, 18, 0, 6, 38, 9, 4, 14], [43, 32, 5, 45, 20, 15, 36, 42, 33, 38, 38, 46, 29, 46, 49, 0, 16, 26, 24, 46, 38, 26, 38, 0, 30], [9, 41, 48, 1, 0, 28, 40, 9, 18, 15, 15, 22, 40, 14, 45, 15, 27, 12, 6, 40, 0, 19, 30, 47, 8], [18, 13, 48, 41, 7, 10, 1, 47, 10, 48, 0, 49, 5, 31, 0, 41, 27, 0, 0, 17, 43, 37, 31, 41, 37], [2, 0, 19, 2, 36, 13, 23, 2, 0, 37, 47, 47, 1, 43, 15, 49, 33, 41, 40, 0, 24, 38, 49, 0, 33], [30, 33, 44, 43, 33, 12, 4, 29, 12, 26, 43, 3, 9, 21, 19, 7, 23, 24, 33, 47, 42, 40, 45, 41, 32], [37, 13, 4, 7, 4, 28, 5, 34, 33, 37, 0, 27, 12, 9, 9, 44, 30, 15, 26, 31, 29, 6, 3, 31, 28], [0, 34, 17, 16, 32, 29, 13, 17, 17, 33, 21, 13, 25, 16, 31, 40, 16, 6, 45, 20, 43, 19, 34, 40, 27], [47, 28, 28, 33, 0, 13, 43, 2, 14, 1, 2, 49, 22, 43, 35, 9, 14, 6, 29, 29, 19, 35, 42, 24, 32], [39, 0, 8, 42, 4, 15, 46, 36, 1, 33, 27, 48, 49, 41, 0, 19, 35, 37, 39, 20, 14, 33, 18, 21, 15], [38, 17, 0, 13, 21, 6, 29, 12, 11, 35, 31, 31, 19, 25, 39, 33, 16, 33, 1, 47, 44, 14, 30, 39, 22], [7, 10, 10, 0, 39, 7, 11, 31, 35, 31, 1, 37, 0, 21, 49, 28, 7, 1, 29, 32, 26, 15, 22, 14, 19], [4, 9, 39, 18, 0, 8, 23, 37, 9, 5, 12, 41, 47, 0, 38, 34, 34, 38, 21, 43, 24, 45, 41, 49, 16], [5, 5, 16, 43, 6, 0, 39, 19, 0, 4, 39, 44, 0, 49, 1, 41, 31, 0, 25, 29, 7, 28, 11, 0, 0], [25, 44, 29, 1, 28, 8, 38, 9, 7, 47, 38, 27, 41, 26, 26, 8, 7, 7, 34, 10, 44, 15, 34, 5, 11], [20, 7, 0, 22, 40, 28, 11, 17, 2, 0, 25, 32, 17, 25, 7, 39, 36, 0, 7, 26, 5, 5, 29, 26, 1], [23, 34, 40, 8, 43, 46, 32, 29, 37, 4, 18, 5, 36, 23, 36, 32, 34, 7, 0, 6, 8, 24, 37, 30, 40], [17, 37, 49, 5, 2, 0, 17, 8, 16, 0, 35, 45, 11, 32, 24, 36, 6, 9, 23, 15, 10, 0, 35, 25, 13], [22, 0, 17, 15, 11, 37, 33, 33, 22, 12, 8, 23, 25, 34, 40, 25, 12, 39, 9, 45, 31, 15, 37, 38, 17], [0, 33, 23, 37, 46, 25, 40, 49, 31, 12, 9, 13, 16, 30, 44, 46, 16, 32, 41, 35, 38, 5, 28, 32, 2], [0, 35, 47, 14, 40, 27, 49, 12, 27, 45, 24, 26, 33, 28, 45, 4, 41, 45, 31, 48, 18, 19, 0, 0, 17], [35, 36, 6, 44, 0, 49, 13, 37, 0, 33, 0, 0, 0, 26, 8, 25, 32, 16, 25, 33, 17, 4, 0, 29, 49], [45, 40, 4, 35, 22, 35, 3, 39, 19, 25, 20, 43, 0, 40, 6, 46, 15, 13, 41, 32, 2, 24, 34, 4, 26], [44, 46, 0, 34, 5, 47, 43, 43, 49, 35, 29, 49, 33, 22, 22, 45, 0, 32, 44, 22, 39, 36, 0, 7, 25], [24, 30, 0, 0, 0, 40, 40, 26, 34, 10, 30, 44, 27, 48, 45, 14, 9, 32, 40, 30, 31, 8, 15, 27, 35], [20, 38, 11, 28, 40, 24, 26, 16, 41, 43, 34, 45, 1, 28, 26, 47, 15, 0, 31, 9, 48, 5, 17, 35, 10], [12, 42, 11, 27, 16, 25, 48, 44, 14, 34, 3, 48, 40, 0, 28, 39, 43, 38, 3, 17, 38, 24, 25, 22, 8], [48, 0, 6, 13, 14, 28, 32, 42, 49, 13, 41, 0, 36, 6, 48, 33, 49, 16, 4, 4, 17, 15, 2, 0, 41], [28, 46, 0, 44, 46, 5, 9, 40, 31, 11, 6, 30, 27, 13, 4, 9, 11, 18, 42, 34, 20, 6, 24, 9, 33], [45, 0, 20, 2, 23, 38, 18, 9, 22, 0, 30, 21, 30, 9, 17, 38, 49, 16, 6, 44, 25, 39, 41, 13, 5], [29, 46, 2, 2, 43, 13, 4, 39, 0, 26, 5, 26, 14, 22, 30, 18, 11, 43, 27, 0, 46, 2, 3, 8, 41], [2, 39, 41, 7, 20, 26, 6, 36, 22, 27, 20, 40, 24, 37, 8, 19, 29, 22, 47, 35, 23, 39, 46, 37, 19], [16, 44, 0, 40, 43, 34, 14, 18, 37, 21, 46, 49, 41, 0, 32, 15, 10, 12, 41, 17, 10, 3, 9, 33, 6], [31, 35, 2, 0, 38, 31, 42, 37, 22, 28, 29, 19, 46, 6, 33, 16, 46, 5, 37, 46, 3, 44, 8, 21, 46], [30, 44, 49, 16, 19, 21, 35, 9, 5, 24, 36, 13, 38, 0, 18, 43, 42, 41, 30, 13, 20, 13, 13, 29, 30], [13, 22, 32, 0, 4, 22, 49, 47, 23, 11, 32, 21, 44, 37, 3, 33, 39, 24, 33, 15, 12, 0, 29, 0, 9], [3, 32, 31, 30, 37, 40, 30, 49, 5, 46, 15, 33, 19, 41, 33, 16, 13, 36, 32, 20, 17, 15, 39, 34, 48], [22, 29, 10, 20, 38, 32, 34, 49, 1, 49, 31, 22, 36, 23, 45, 12, 24, 29, 44, 39, 12, 33, 0, 0, 3], [0, 15, 6, 7, 42, 10, 29, 16, 31, 23, 43, 9, 0, 0, 34, 35, 39, 39, 29, 2, 0, 25, 25, 45, 14], [41, 4, 14, 27, 34, 18, 20, 30, 8, 20, 39, 11, 27, 38, 47, 1, 5, 28, 13, 30, 0, 35, 42, 0, 11], [3, 0, 45, 22, 0, 15, 0, 36, 37, 6, 30, 22, 42, 6, 23, 13, 33, 20, 15, 15, 21, 11, 47, 10, 21], [11, 8, 7, 29, 26, 37, 39, 22, 25, 28, 0, 44, 4, 39, 35, 37, 0, 12, 40, 19, 0, 14, 42, 45, 39], [11, 4, 26, 14, 3, 22, 45, 25, 15, 40, 25, 42, 38, 42, 45, 17, 0, 11, 13, 11, 46, 0, 1, 0, 11], [18, 42, 19, 0, 40, 40, 2, 7, 12, 41, 34, 27, 29, 25, 0, 19, 0, 36, 0, 0, 42, 15, 9, 33, 0], [26, 21, 24, 21, 46, 29, 5, 37, 2, 6, 2, 13, 8, 13, 21, 44, 7, 9, 22, 37, 34, 40, 41, 0, 11], [44, 35, 40, 15, 10, 47, 49, 8, 0, 42, 37, 47, 42, 35, 0, 49, 0, 31, 41, 0, 26, 37, 38, 24, 28], [13, 19, 45, 36, 15, 27, 36, 27, 30, 34, 14, 15, 35, 5, 18, 45, 45, 30, 16, 42, 49, 8, 44, 21, 26], [15, 17, 9, 2, 13, 21, 40, 37, 35, 47, 26, 33, 10, 34, 42, 27, 44, 24, 23, 15, 0, 34, 27, 30, 33], [23, 24, 0, 41, 11, 18, 36, 33, 31, 37, 6, 37, 20, 47, 38, 9, 18, 27, 34, 49, 23, 24, 44, 9, 5], [40, 39, 6, 3, 45, 10, 33, 37, 28, 48, 4, 1, 1, 0, 2, 17, 7, 33, 38, 30, 14, 23, 29, 40, 9], [13, 48, 10, 45, 49, 9, 42, 44, 8, 1, 17, 28, 26, 2, 9, 30, 43, 45, 2, 22, 18, 31, 29, 47, 26], [12, 44, 47, 3, 7, 18, 37, 33, 41, 0, 40, 45, 1, 46, 4, 26, 45, 5, 21, 26, 32, 16, 5, 3, 45], [49, 13, 22, 17, 3, 38, 10, 28, 32, 46, 36, 45, 33, 40, 39, 17, 47, 9, 32, 27, 31, 22, 17, 8, 39], [3, 2, 33, 27, 26, 37, 42, 46, 28, 20, 48, 16, 21, 32, 4, 16, 20, 40, 42, 31, 38, 2, 0, 30, 6], [6, 43, 0, 9, 0, 44, 6, 6, 20, 11, 7, 4, 7, 34, 17, 28, 5, 28, 13, 9, 0, 8, 0, 41, 18], [7, 8, 45, 44, 33, 23, 38, 1, 31, 16, 39, 44, 41, 6, 36, 30, 8, 36, 29, 1, 18, 30, 9, 49, 10], [0, 46, 32, 4, 37, 10, 6, 18, 35, 22, 19, 21, 12, 3, 5, 7, 1, 46, 9, 40, 2, 24, 8, 0, 10], [19, 0, 9, 13, 18, 6, 23, 35, 44, 43, 37, 21, 39, 27, 48, 41, 17, 19, 28, 45, 48, 34, 44, 31, 30], [32, 12, 12, 31, 36, 12, 40, 41, 27, 10, 20, 20, 45, 29, 45, 0, 20, 44, 0, 12, 44, 27, 27, 0, 14], [18, 38, 43, 4, 29, 7, 34, 43, 39, 27, 5, 49, 33, 24, 28, 24, 0, 31, 45, 4, 0, 41, 19, 38, 33], [11, 45, 49, 41, 47, 3, 14, 25, 13, 21, 0, 45, 29, 25, 42, 48, 9, 48, 42, 6, 9, 17, 2, 43, 49], [31, 19, 12, 41, 28, 33, 30, 33, 5, 49, 7, 8, 29, 3, 25, 47, 48, 46, 47, 37, 8, 31, 48, 21, 25], [40, 8, 11, 44, 19, 46, 18, 21, 18, 29, 40, 16, 31, 12, 24, 39, 5, 34, 32, 37, 21, 10, 31, 12, 22], [13, 40, 47, 25, 19, 2, 31, 45, 24, 20, 32, 42, 13, 24, 15, 29, 23, 4, 46, 9, 5, 14, 31, 5, 24], [10, 1, 17, 8, 31, 11, 19, 4, 39, 26, 9, 34, 22, 43, 42, 6, 41, 44, 30, 28, 46, 49, 19, 8, 25], [10, 12, 39, 27, 37, 11, 42, 16, 9, 33, 25, 28, 5, 29, 43, 19, 22, 4, 27, 38, 32, 32, 34, 17, 34], [44, 15, 14, 37, 36, 6, 33, 3, 37, 5, 35, 30, 8, 3, 25, 40, 29, 27, 32, 16, 40, 1, 12, 37, 25], [15, 34, 41, 28, 10, 12, 3, 5, 0, 30, 34, 5, 45, 17, 7, 20, 32, 6, 9, 0, 17, 36, 38, 36, 35], [4, 30, 28, 8, 6, 32, 49, 0, 14, 10, 33, 5, 39, 2, 6, 20, 7, 33, 24, 0, 38, 17, 23, 25, 2], [47, 12, 30, 18, 35, 17, 11, 0, 46, 33, 29, 23, 44, 15, 1, 33, 29, 25, 40, 20, 43, 17, 48, 3, 48], [49, 40, 45, 40, 21, 27, 13, 39, 32, 25, 49, 4, 37, 37, 5, 20, 0, 37, 47, 34, 6, 19, 16, 44, 44], [41, 42, 2, 41, 6, 5, 31, 17, 38, 40, 2, 3, 8, 33, 6, 41, 11, 1, 11, 45, 32, 6, 16, 36, 44]]
Maintenance cost in each period m: 
[10774, 10979, 11029, 9754, 8771, 10292, 10175, 11352, 10242, 10905, 10407, 10682, 10546, 11691, 9371, 9640, 11896, 11088, 12495, 11654, 8956, 11666, 8712, 10417, 10703]
Maximum capacity of the machine cmax: 
4500