Set of periods in the planning horizon T: 
50
Set of products P: 
120
Capacity reduction coefficient alpha: 
0.8
Relative decrease of capacity per set up gamma: 
0.24
Capacity reduction coefficient due to product types beta: 
[0.34, 0.22, 0.4, 0.37, 0.37, 0.21, 0.28, 0.36, 0.2, 0.31, 0.32, 0.22, 0.35, 0.21, 0.3, 0.25, 0.35, 0.21, 0.37, 0.36, 0.3, 0.35, 0.32, 0.27, 0.22, 0.23, 0.29, 0.35, 0.3, 0.23, 0.29, 0.32, 0.27, 0.39, 0.23, 0.26, 0.33, 0.22, 0.38, 0.35, 0.38, 0.35, 0.21, 0.27, 0.35, 0.37, 0.3, 0.22, 0.39, 0.34, 0.27, 0.34, 0.28, 0.31, 0.26, 0.27, 0.35, 0.25, 0.36, 0.25, 0.25, 0.24, 0.36, 0.3, 0.4, 0.33, 0.32, 0.26, 0.22, 0.28, 0.32, 0.22, 0.21, 0.28, 0.24, 0.38, 0.27, 0.23, 0.25, 0.36, 0.32, 0.28, 0.33, 0.34, 0.24, 0.32, 0.21, 0.34, 0.38, 0.29, 0.25, 0.26, 0.36, 0.27, 0.27, 0.28, 0.26, 0.39, 0.34, 0.2, 0.28, 0.32, 0.38, 0.3, 0.36, 0.28, 0.33, 0.36, 0.26, 0.21, 0.32, 0.25, 0.34, 0.3, 0.37, 0.25, 0.21, 0.3, 0.33, 0.27]
Fixed production cost of each product in each period f: 
[[975, 936, 959, 520, 740, 690, 835, 936, 610, 536, 911, 529, 548, 527, 721, 741, 983, 759, 983, 906, 671, 603, 601, 612, 804, 893, 810, 986, 818, 839, 535, 583, 771, 855, 862, 607, 991, 589, 822, 533, 797, 924, 988, 603, 840, 982, 519, 926, 789, 581], [849, 626, 555, 540, 608, 749, 984, 905, 784, 764, 900, 794, 587, 633, 524, 730, 890, 609, 513, 900, 913, 746, 695, 837, 976, 850, 852, 725, 598, 592, 559, 799, 564, 967, 626, 926, 634, 746, 539, 554, 592, 773, 978, 525, 649, 686, 728, 759, 892, 543], [656, 645, 809, 659, 841, 808, 862, 913, 881, 679, 882, 773, 677, 675, 685, 602, 927, 969, 852, 729, 884, 913, 644, 907, 804, 797, 662, 687, 788, 998, 579, 912, 676, 984, 616, 593, 912, 843, 555, 552, 651, 590, 573, 632, 610, 654, 522, 806, 882, 675], [825, 960, 710, 607, 633, 600, 704, 835, 931, 855, 913, 943, 900, 873, 832, 869, 863, 665, 983, 564, 657, 903, 819, 921, 520, 930, 798, 672, 639, 534, 867, 935, 905, 733, 701, 761, 797, 515, 618, 992, 613, 915, 742, 527, 621, 582, 953, 618, 753, 969], [788, 507, 523, 955, 619, 729, 707, 841, 937, 879, 769, 885, 896, 681, 893, 619, 994, 983, 868, 538, 554, 560, 611, 619, 662, 699, 713, 995, 587, 623, 722, 793, 761, 502, 972, 836, 725, 647, 773, 532, 959, 913, 903, 680, 903, 516, 627, 513, 764, 864], [794, 766, 890, 934, 951, 963, 710, 586, 914, 872, 599, 869, 683, 720, 835, 510, 622, 802, 676, 656, 500, 711, 883, 639, 866, 733, 730, 623, 762, 539, 630, 948, 590, 672, 650, 705, 992, 716, 842, 742, 881, 674, 695, 759, 514, 785, 574, 709, 578, 653], [908, 645, 551, 784, 532, 840, 868, 805, 598, 687, 910, 717, 524, 530, 986, 946, 701, 655, 855, 626, 755, 585, 577, 737, 803, 731, 603, 699, 522, 896, 787, 646, 992, 950, 877, 637, 570, 501, 807, 612, 772, 866, 548, 720, 588, 925, 895, 505, 905, 648], [665, 693, 890, 618, 992, 845, 849, 969, 585, 753, 889, 574, 719, 589, 621, 937, 569, 755, 930, 510, 732, 962, 971, 879, 598, 614, 603, 806, 648, 803, 699, 762, 553, 970, 788, 799, 856, 539, 633, 687, 615, 787, 944, 532, 769, 976, 605, 923, 749, 696], [540, 585, 678, 508, 702, 866, 984, 618, 747, 682, 939, 793, 646, 644, 575, 703, 770, 675, 828, 733, 655, 949, 968, 740, 985, 823, 989, 600, 646, 517, 557, 744, 675, 562, 526, 940, 774, 718, 528, 741, 852, 530, 960, 688, 905, 960, 883, 856, 529, 897], [523, 726, 648, 937, 962, 584, 993, 813, 577, 818, 589, 775, 738, 556, 908, 793, 634, 620, 838, 529, 858, 630, 514, 689, 911, 575, 576, 679, 975, 628, 579, 853, 723, 841, 978, 683, 750, 609, 510, 505, 548, 722, 802, 828, 607, 789, 923, 578, 810, 738], [794, 899, 807, 743, 546, 922, 667, 918, 732, 633, 721, 639, 633, 609, 791, 947, 817, 905, 944, 528, 524, 788, 934, 880, 989, 673, 590, 660, 602, 530, 670, 583, 744, 862, 767, 738, 515, 930, 997, 556, 963, 811, 598, 570, 511, 547, 988, 989, 878, 926], [872, 512, 630, 931, 569, 503, 740, 749, 542, 743, 740, 709, 832, 807, 714, 905, 969, 919, 914, 715, 904, 778, 954, 821, 658, 598, 746, 694, 743, 546, 607, 856, 512, 563, 616, 636, 773, 508, 734, 928, 614, 840, 983, 895, 634, 626, 782, 519, 800, 821], [963, 586, 581, 712, 528, 633, 803, 554, 859, 600, 572, 871, 867, 756, 960, 519, 723, 774, 830, 878, 794, 734, 566, 737, 540, 996, 869, 558, 816, 653, 731, 707, 948, 865, 728, 974, 591, 950, 656, 577, 979, 641, 760, 684, 991, 864, 624, 660, 831, 780], [589, 688, 812, 597, 786, 732, 622, 649, 714, 870, 592, 988, 677, 740, 610, 855, 800, 798, 722, 815, 598, 973, 581, 938, 854, 937, 551, 554, 849, 565, 605, 551, 747, 560, 823, 749, 506, 808, 942, 857, 846, 912, 709, 773, 853, 681, 848, 666, 816, 926], [756, 561, 690, 900, 754, 669, 629, 670, 845, 928, 530, 620, 943, 528, 581, 530, 915, 960, 845, 882, 975, 891, 678, 758, 897, 751, 830, 829, 521, 708, 710, 813, 897, 632, 788, 703, 878, 937, 822, 938, 919, 867, 944, 942, 736, 676, 860, 547, 555, 835], [743, 970, 516, 573, 553, 980, 983, 602, 651, 555, 869, 806, 508, 679, 846, 819, 876, 679, 633, 861, 807, 730, 600, 629, 551, 607, 923, 894, 638, 609, 663, 790, 876, 665, 605, 511, 600, 978, 822, 971, 951, 756, 652, 687, 664, 714, 500, 977, 673, 598], [863, 954, 956, 755, 991, 605, 625, 790, 538, 677, 522, 710, 530, 876, 919, 622, 695, 842, 860, 525, 799, 522, 764, 653, 934, 808, 918, 979, 573, 788, 887, 888, 680, 651, 840, 958, 968, 818, 839, 623, 679, 978, 778, 990, 731, 830, 962, 702, 654, 741], [671, 555, 786, 726, 539, 707, 965, 531, 929, 797, 788, 609, 737, 596, 880, 656, 796, 840, 633, 996, 982, 866, 762, 551, 979, 650, 740, 629, 739, 526, 514, 673, 939, 798, 683, 863, 732, 657, 809, 791, 909, 767, 764, 933, 828, 930, 838, 983, 735, 943], [866, 707, 873, 705, 614, 820, 749, 852, 557, 581, 898, 909, 782, 660, 793, 991, 949, 767, 866, 846, 601, 946, 611, 852, 589, 922, 809, 997, 791, 692, 651, 781, 984, 856, 531, 994, 767, 695, 975, 683, 684, 857, 651, 800, 704, 924, 904, 836, 752, 947], [928, 696, 619, 590, 519, 515, 766, 551, 674, 747, 778, 798, 569, 613, 605, 623, 680, 545, 824, 968, 769, 853, 554, 965, 941, 883, 556, 949, 698, 870, 678, 812, 911, 602, 760, 505, 636, 533, 698, 525, 891, 695, 977, 878, 533, 762, 757, 552, 568, 737], [895, 608, 584, 624, 645, 902, 790, 814, 831, 621, 715, 934, 597, 767, 646, 704, 817, 599, 791, 918, 501, 763, 631, 651, 656, 638, 538, 668, 966, 966, 792, 742, 819, 721, 912, 819, 622, 538, 835, 961, 762, 748, 505, 676, 668, 762, 659, 679, 659, 828], [549, 539, 544, 702, 844, 901, 944, 955, 978, 984, 745, 574, 894, 909, 780, 843, 644, 669, 751, 873, 500, 937, 929, 580, 543, 658, 621, 546, 931, 873, 729, 588, 529, 669, 691, 649, 916, 595, 515, 510, 833, 824, 563, 673, 736, 923, 773, 515, 978, 562], [662, 823, 965, 945, 555, 641, 965, 578, 928, 771, 867, 937, 952, 585, 644, 581, 603, 577, 975, 506, 890, 777, 913, 584, 624, 773, 658, 823, 918, 722, 622, 689, 583, 721, 633, 725, 885, 573, 553, 578, 916, 695, 843, 582, 646, 931, 782, 817, 696, 748], [899, 824, 553, 662, 591, 895, 756, 582, 690, 586, 992, 977, 655, 888, 958, 694, 937, 930, 765, 716, 758, 871, 869, 622, 915, 646, 540, 505, 903, 744, 643, 987, 749, 805, 979, 820, 976, 657, 676, 716, 565, 814, 831, 983, 613, 973, 721, 523, 762, 728], [956, 560, 697, 574, 783, 941, 515, 584, 871, 797, 914, 899, 687, 843, 856, 680, 623, 622, 641, 770, 838, 838, 718, 848, 794, 995, 756, 612, 704, 527, 566, 523, 982, 633, 586, 789, 529, 652, 529, 907, 634, 545, 856, 841, 584, 768, 913, 967, 984, 595], [556, 561, 922, 997, 712, 818, 642, 776, 567, 502, 506, 537, 884, 828, 860, 537, 559, 597, 737, 506, 992, 693, 518, 878, 561, 774, 914, 876, 974, 604, 647, 892, 622, 978, 618, 715, 950, 930, 969, 566, 620, 871, 579, 765, 637, 794, 812, 618, 867, 607], [642, 579, 718, 630, 676, 643, 818, 839, 957, 634, 848, 772, 717, 960, 862, 947, 980, 767, 504, 849, 540, 951, 678, 926, 611, 910, 626, 516, 548, 903, 589, 642, 963, 975, 725, 789, 759, 571, 751, 506, 500, 520, 803, 695, 852, 951, 952, 965, 996, 801], [827, 935, 682, 737, 726, 986, 654, 876, 870, 778, 879, 525, 756, 782, 556, 741, 534, 941, 845, 843, 675, 715, 866, 790, 738, 905, 686, 589, 852, 525, 667, 569, 609, 996, 667, 993, 871, 690, 935, 997, 878, 515, 878, 667, 803, 660, 646, 938, 536, 893], [831, 643, 785, 942, 732, 602, 830, 896, 915, 716, 811, 502, 678, 719, 786, 622, 892, 532, 525, 763, 733, 805, 821, 923, 844, 928, 533, 705, 822, 831, 955, 550, 722, 561, 525, 901, 567, 864, 743, 594, 768, 628, 679, 825, 824, 514, 650, 696, 653, 666], [711, 799, 960, 742, 610, 710, 734, 908, 754, 903, 694, 661, 783, 946, 602, 564, 769, 778, 530, 982, 524, 638, 679, 813, 574, 686, 739, 589, 876, 646, 801, 544, 529, 961, 659, 918, 899, 840, 587, 605, 990, 516, 840, 805, 953, 571, 745, 513, 577, 940], [516, 647, 767, 592, 827, 770, 950, 846, 940, 594, 844, 589, 986, 666, 550, 946, 615, 681, 722, 730, 752, 702, 971, 738, 594, 943, 514, 631, 738, 966, 909, 586, 819, 657, 691, 753, 623, 610, 710, 678, 769, 621, 983, 901, 980, 948, 898, 781, 789, 825], [932, 762, 862, 597, 942, 992, 897, 881, 568, 512, 501, 741, 969, 591, 627, 910, 916, 644, 872, 931, 686, 782, 809, 737, 570, 783, 510, 752, 859, 572, 531, 617, 789, 583, 549, 544, 690, 710, 814, 904, 779, 719, 649, 774, 736, 650, 611, 510, 661, 964], [891, 940, 531, 914, 666, 910, 764, 549, 935, 727, 639, 991, 915, 953, 984, 715, 850, 512, 741, 858, 942, 510, 834, 632, 798, 649, 676, 693, 788, 802, 781, 561, 873, 929, 643, 601, 883, 572, 590, 886, 987, 844, 588, 532, 881, 658, 997, 527, 689, 911], [528, 652, 538, 999, 618, 901, 938, 585, 916, 905, 759, 503, 807, 891, 624, 618, 984, 668, 812, 777, 859, 893, 844, 996, 572, 940, 566, 931, 523, 598, 808, 925, 795, 524, 542, 651, 700, 746, 604, 732, 709, 929, 911, 691, 789, 829, 644, 834, 982, 658], [932, 659, 825, 533, 755, 826, 636, 666, 922, 759, 523, 970, 700, 594, 605, 638, 933, 756, 653, 814, 972, 729, 597, 734, 552, 602, 613, 860, 821, 799, 923, 556, 516, 780, 663, 704, 623, 739, 804, 803, 921, 673, 923, 551, 849, 790, 958, 665, 717, 640], [755, 735, 661, 660, 885, 633, 624, 725, 956, 813, 607, 800, 955, 556, 678, 913, 671, 979, 755, 888, 653, 533, 983, 681, 763, 707, 775, 522, 853, 938, 878, 534, 848, 791, 634, 685, 775, 804, 692, 947, 691, 660, 782, 639, 921, 881, 794, 688, 837, 679], [984, 740, 591, 601, 951, 709, 956, 945, 809, 592, 719, 638, 967, 522, 857, 617, 554, 514, 591, 713, 864, 612, 588, 594, 616, 554, 613, 706, 622, 960, 796, 802, 754, 718, 964, 844, 599, 551, 502, 680, 677, 905, 870, 654, 624, 932, 657, 889, 948, 503], [642, 784, 559, 947, 983, 550, 813, 555, 856, 721, 665, 768, 517, 582, 915, 732, 909, 731, 875, 615, 974, 839, 658, 763, 741, 714, 516, 805, 995, 705, 597, 675, 828, 717, 516, 986, 861, 974, 727, 838, 979, 754, 619, 956, 636, 601, 986, 516, 954, 872], [919, 554, 651, 548, 827, 535, 984, 683, 692, 627, 699, 958, 569, 712, 733, 647, 906, 805, 792, 778, 987, 773, 886, 617, 710, 708, 882, 940, 995, 964, 827, 525, 839, 559, 958, 728, 554, 866, 820, 835, 613, 966, 562, 696, 902, 743, 870, 951, 876, 936], [606, 964, 999, 603, 643, 688, 617, 715, 675, 540, 583, 593, 939, 656, 641, 890, 512, 506, 542, 517, 602, 799, 996, 553, 890, 692, 528, 548, 852, 544, 731, 581, 798, 933, 716, 755, 852, 608, 800, 812, 983, 672, 565, 830, 729, 859, 624, 820, 777, 978], [734, 606, 769, 543, 712, 918, 529, 635, 794, 585, 812, 903, 621, 732, 985, 846, 865, 560, 719, 875, 884, 587, 770, 922, 961, 601, 912, 546, 778, 932, 721, 647, 538, 791, 732, 887, 695, 746, 638, 978, 745, 768, 643, 871, 505, 899, 701, 792, 760, 570], [593, 806, 628, 723, 657, 856, 937, 652, 949, 569, 806, 668, 638, 742, 647, 681, 659, 654, 896, 881, 548, 755, 789, 947, 945, 742, 601, 766, 815, 840, 552, 508, 954, 670, 834, 974, 652, 876, 936, 746, 836, 837, 677, 529, 869, 914, 949, 772, 826, 544], [750, 954, 992, 879, 632, 621, 833, 521, 637, 958, 500, 526, 955, 640, 669, 968, 642, 539, 720, 666, 890, 761, 715, 720, 553, 973, 905, 848, 595, 642, 696, 607, 765, 502, 866, 577, 694, 770, 974, 737, 874, 734, 553, 671, 738, 724, 725, 554, 943, 648], [624, 614, 782, 761, 558, 769, 953, 676, 849, 639, 850, 884, 987, 527, 884, 785, 590, 643, 886, 615, 876, 976, 674, 662, 575, 695, 636, 821, 930, 647, 960, 700, 528, 764, 823, 635, 507, 630, 669, 559, 952, 594, 926, 653, 789, 571, 792, 825, 996, 942], [679, 617, 955, 821, 831, 512, 746, 552, 896, 581, 799, 666, 645, 790, 700, 560, 694, 761, 740, 937, 742, 905, 663, 505, 826, 701, 706, 584, 970, 974, 616, 618, 723, 896, 875, 702, 964, 984, 658, 897, 582, 628, 965, 920, 866, 754, 627, 870, 626, 986], [902, 809, 943, 687, 805, 628, 529, 620, 594, 930, 885, 752, 549, 508, 619, 524, 981, 739, 799, 693, 560, 954, 599, 722, 885, 536, 946, 873, 847, 829, 644, 503, 985, 548, 690, 784, 597, 656, 727, 716, 863, 882, 881, 685, 513, 874, 733, 930, 639, 646], [724, 835, 505, 693, 883, 812, 798, 546, 692, 836, 871, 571, 581, 742, 506, 853, 899, 505, 856, 700, 979, 643, 539, 771, 758, 680, 839, 715, 759, 904, 640, 932, 717, 611, 812, 974, 799, 554, 658, 838, 784, 764, 671, 606, 840, 871, 705, 822, 919, 934], [987, 565, 747, 657, 905, 760, 940, 860, 537, 862, 596, 911, 601, 607, 941, 511, 629, 877, 838, 888, 626, 534, 900, 644, 531, 587, 873, 882, 561, 919, 925, 641, 903, 879, 541, 880, 531, 740, 873, 826, 940, 764, 846, 973, 659, 753, 526, 794, 612, 505], [811, 723, 867, 544, 667, 564, 674, 563, 609, 777, 732, 605, 998, 625, 709, 592, 680, 650, 571, 596, 827, 937, 776, 504, 935, 906, 576, 776, 963, 914, 988, 725, 656, 738, 655, 532, 966, 517, 971, 589, 811, 881, 889, 660, 954, 999, 937, 881, 829, 845], [840, 734, 600, 802, 664, 870, 905, 580, 967, 759, 587, 762, 587, 884, 511, 697, 924, 610, 580, 523, 916, 599, 565, 748, 752, 913, 531, 796, 575, 707, 975, 844, 706, 990, 536, 560, 646, 948, 906, 827, 920, 500, 623, 679, 624, 704, 788, 664, 997, 559], [734, 746, 602, 869, 760, 660, 924, 532, 945, 835, 561, 889, 882, 611, 714, 710, 739, 572, 966, 519, 755, 668, 734, 710, 601, 920, 909, 546, 715, 663, 565, 734, 941, 551, 972, 598, 694, 514, 696, 872, 901, 709, 517, 912, 782, 773, 695, 725, 776, 980], [627, 501, 882, 831, 783, 653, 506, 775, 780, 632, 635, 686, 964, 646, 917, 824, 844, 882, 651, 661, 563, 811, 595, 721, 537, 979, 621, 518, 667, 816, 507, 635, 745, 541, 784, 985, 541, 837, 699, 599, 939, 762, 978, 763, 652, 899, 732, 590, 976, 960], [666, 714, 779, 939, 621, 849, 731, 510, 806, 613, 794, 997, 521, 885, 549, 846, 907, 937, 900, 836, 731, 901, 553, 882, 828, 617, 754, 791, 570, 955, 787, 617, 510, 735, 908, 960, 988, 655, 526, 967, 593, 889, 581, 583, 725, 934, 925, 670, 622, 916], [875, 719, 675, 725, 960, 786, 507, 924, 799, 640, 695, 897, 570, 916, 996, 774, 730, 932, 975, 541, 642, 990, 935, 591, 606, 966, 872, 770, 806, 909, 711, 608, 858, 890, 936, 760, 775, 671, 500, 764, 863, 628, 851, 872, 639, 896, 847, 759, 762, 639], [620, 593, 579, 717, 714, 654, 607, 836, 978, 660, 835, 772, 637, 763, 558, 528, 863, 671, 727, 840, 823, 657, 760, 878, 561, 769, 518, 921, 837, 995, 645, 640, 771, 533, 556, 784, 893, 608, 824, 657, 619, 541, 524, 704, 571, 874, 676, 813, 536, 757], [859, 710, 891, 877, 515, 557, 814, 882, 578, 512, 767, 863, 977, 555, 959, 597, 894, 541, 948, 915, 773, 759, 838, 501, 906, 642, 514, 762, 769, 715, 729, 694, 768, 945, 690, 775, 604, 545, 777, 968, 515, 922, 924, 665, 860, 946, 678, 599, 865, 537], [814, 964, 990, 915, 681, 508, 743, 734, 727, 778, 580, 551, 827, 803, 715, 987, 991, 607, 996, 800, 600, 758, 702, 558, 591, 944, 582, 843, 587, 964, 985, 934, 566, 544, 675, 755, 596, 828, 504, 654, 518, 970, 740, 800, 822, 980, 823, 667, 784, 883], [987, 693, 540, 762, 726, 986, 938, 825, 841, 951, 539, 516, 579, 654, 519, 922, 824, 685, 967, 666, 606, 858, 794, 861, 756, 636, 825, 580, 785, 938, 529, 857, 515, 647, 891, 703, 721, 510, 604, 678, 752, 924, 854, 658, 707, 952, 898, 551, 840, 724], [943, 994, 652, 775, 842, 938, 784, 958, 985, 941, 997, 501, 745, 768, 536, 585, 861, 678, 854, 505, 596, 697, 746, 867, 629, 740, 779, 670, 612, 828, 760, 940, 504, 506, 792, 648, 539, 508, 900, 670, 963, 994, 764, 819, 614, 967, 954, 542, 868, 950], [778, 792, 739, 506, 678, 552, 683, 819, 538, 530, 852, 839, 588, 853, 819, 952, 865, 892, 841, 958, 724, 762, 521, 598, 678, 816, 999, 682, 738, 803, 509, 540, 969, 746, 643, 775, 994, 633, 642, 636, 545, 980, 724, 522, 788, 703, 716, 524, 530, 901], [904, 813, 777, 938, 690, 614, 519, 603, 536, 520, 962, 689, 508, 836, 583, 890, 842, 672, 920, 990, 955, 842, 935, 976, 897, 767, 600, 578, 605, 724, 545, 865, 754, 671, 986, 799, 808, 906, 719, 621, 998, 860, 533, 696, 574, 613, 885, 844, 636, 521], [578, 958, 794, 921, 836, 944, 580, 982, 645, 913, 562, 914, 759, 856, 522, 925, 844, 685, 715, 882, 831, 843, 736, 646, 816, 761, 559, 628, 602, 957, 760, 568, 677, 610, 971, 944, 682, 715, 895, 887, 651, 755, 846, 761, 764, 959, 643, 556, 870, 768], [538, 699, 606, 910, 807, 955, 997, 512, 724, 964, 741, 902, 874, 559, 870, 841, 613, 814, 807, 519, 691, 530, 554, 941, 813, 910, 843, 622, 641, 599, 503, 653, 541, 943, 628, 726, 757, 644, 585, 557, 566, 576, 707, 796, 675, 829, 924, 911, 562, 502], [637, 816, 520, 843, 703, 558, 630, 584, 888, 617, 581, 963, 596, 643, 584, 871, 537, 956, 692, 880, 709, 840, 915, 565, 998, 614, 885, 982, 822, 672, 607, 985, 883, 876, 754, 802, 929, 569, 983, 595, 660, 712, 908, 954, 950, 692, 664, 749, 636, 661], [774, 688, 936, 631, 842, 733, 787, 602, 748, 562, 833, 608, 862, 596, 545, 913, 931, 527, 880, 533, 521, 552, 876, 948, 572, 729, 805, 527, 878, 855, 939, 774, 593, 932, 847, 740, 769, 722, 623, 816, 698, 596, 581, 742, 651, 512, 848, 955, 572, 834], [653, 745, 638, 659, 795, 722, 962, 755, 517, 664, 956, 513, 725, 963, 588, 863, 993, 746, 920, 761, 578, 552, 797, 658, 764, 934, 989, 819, 799, 714, 542, 993, 969, 602, 896, 809, 538, 863, 610, 723, 863, 901, 882, 824, 722, 867, 622, 965, 560, 517], [521, 967, 707, 941, 634, 529, 542, 665, 620, 949, 636, 919, 976, 805, 886, 659, 786, 667, 857, 847, 665, 690, 993, 717, 738, 839, 938, 865, 792, 926, 958, 816, 900, 709, 796, 810, 748, 740, 524, 819, 690, 520, 641, 523, 795, 796, 875, 813, 984, 851], [815, 676, 603, 503, 866, 981, 751, 802, 727, 984, 895, 699, 706, 722, 721, 964, 987, 795, 534, 699, 627, 744, 944, 743, 538, 686, 606, 669, 546, 936, 700, 729, 524, 883, 959, 704, 630, 810, 800, 678, 513, 542, 729, 709, 757, 970, 817, 835, 778, 953], [850, 785, 817, 720, 940, 620, 883, 705, 599, 753, 845, 604, 507, 872, 875, 812, 513, 776, 640, 622, 593, 536, 933, 854, 807, 839, 991, 537, 690, 709, 812, 558, 671, 730, 648, 981, 801, 996, 533, 621, 832, 604, 584, 941, 919, 523, 641, 778, 657, 682], [711, 685, 819, 846, 933, 696, 983, 896, 775, 722, 846, 772, 661, 672, 759, 863, 545, 920, 820, 848, 991, 654, 599, 713, 898, 508, 764, 610, 844, 975, 995, 502, 647, 832, 517, 683, 687, 815, 960, 688, 824, 882, 705, 606, 538, 774, 714, 841, 671, 792], [917, 823, 829, 909, 928, 739, 668, 926, 601, 966, 644, 854, 648, 892, 809, 847, 643, 929, 514, 749, 975, 772, 591, 582, 714, 814, 502, 928, 722, 793, 983, 775, 933, 924, 780, 906, 799, 662, 640, 811, 850, 714, 887, 525, 693, 922, 866, 797, 754, 533], [592, 876, 860, 717, 796, 554, 550, 989, 523, 909, 571, 543, 653, 580, 903, 667, 530, 758, 586, 813, 856, 909, 652, 903, 660, 680, 551, 864, 519, 563, 841, 757, 871, 994, 952, 742, 892, 671, 502, 563, 582, 741, 544, 659, 828, 841, 524, 584, 614, 602], [985, 819, 727, 925, 978, 936, 530, 949, 686, 727, 714, 810, 700, 832, 565, 796, 612, 708, 721, 601, 653, 883, 552, 806, 693, 735, 797, 889, 524, 541, 880, 974, 570, 842, 680, 571, 726, 840, 752, 840, 703, 590, 815, 527, 882, 504, 830, 697, 842, 607], [612, 884, 528, 729, 740, 687, 602, 718, 878, 976, 644, 720, 575, 637, 633, 598, 825, 604, 985, 939, 776, 730, 803, 749, 623, 773, 673, 825, 983, 509, 511, 595, 943, 811, 936, 878, 584, 919, 875, 979, 894, 848, 988, 887, 948, 874, 649, 535, 965, 517], [605, 868, 828, 752, 935, 687, 571, 999, 585, 501, 677, 614, 644, 883, 916, 727, 926, 901, 515, 887, 535, 706, 965, 800, 998, 617, 842, 757, 554, 793, 565, 589, 744, 624, 797, 601, 824, 885, 928, 580, 617, 648, 773, 880, 701, 919, 955, 569, 586, 746], [612, 960, 824, 895, 560, 601, 891, 730, 611, 851, 682, 690, 680, 621, 545, 695, 612, 682, 658, 946, 968, 501, 787, 530, 959, 834, 644, 512, 523, 925, 587, 608, 961, 585, 631, 663, 941, 601, 555, 519, 937, 560, 611, 503, 805, 719, 684, 628, 659, 668], [645, 853, 918, 785, 903, 600, 721, 982, 755, 503, 529, 705, 882, 533, 622, 864, 865, 573, 981, 500, 616, 712, 716, 548, 910, 818, 620, 967, 622, 889, 631, 866, 996, 781, 831, 528, 518, 680, 921, 640, 948, 745, 639, 884, 971, 986, 876, 926, 687, 775], [690, 747, 563, 938, 748, 886, 682, 777, 671, 628, 679, 594, 800, 791, 567, 826, 629, 513, 576, 942, 811, 670, 545, 722, 683, 572, 640, 803, 563, 775, 561, 528, 655, 687, 769, 988, 622, 803, 664, 645, 707, 855, 787, 913, 642, 641, 867, 501, 561, 907], [935, 751, 680, 597, 659, 761, 992, 555, 504, 573, 938, 659, 881, 502, 943, 627, 881, 805, 750, 614, 585, 593, 761, 585, 766, 504, 803, 826, 525, 621, 707, 648, 649, 636, 864, 686, 605, 570, 843, 652, 824, 947, 808, 981, 904, 959, 728, 890, 554, 668], [853, 535, 582, 593, 846, 642, 784, 947, 967, 540, 558, 697, 867, 870, 918, 706, 788, 508, 608, 878, 650, 664, 883, 717, 874, 570, 885, 657, 939, 741, 846, 830, 505, 852, 549, 729, 648, 517, 968, 872, 548, 776, 722, 597, 900, 992, 797, 597, 611, 847], [765, 998, 841, 861, 633, 872, 573, 742, 722, 824, 522, 689, 817, 522, 581, 694, 525, 985, 810, 589, 731, 570, 845, 839, 768, 667, 949, 781, 588, 551, 889, 805, 626, 918, 754, 850, 919, 945, 537, 913, 918, 620, 649, 814, 514, 615, 699, 718, 810, 657], [833, 662, 832, 696, 531, 973, 828, 880, 918, 561, 602, 555, 954, 521, 747, 695, 871, 876, 528, 666, 601, 758, 728, 837, 716, 634, 690, 909, 561, 688, 622, 888, 655, 907, 514, 649, 995, 550, 926, 696, 571, 553, 992, 841, 978, 699, 746, 718, 537, 518], [580, 549, 675, 690, 540, 603, 923, 521, 568, 738, 851, 809, 999, 650, 846, 649, 672, 806, 610, 528, 526, 535, 920, 505, 922, 633, 895, 818, 682, 581, 750, 593, 590, 691, 640, 640, 590, 959, 795, 973, 649, 682, 813, 576, 849, 527, 687, 959, 701, 818], [826, 763, 682, 536, 788, 765, 796, 929, 938, 987, 863, 719, 543, 719, 800, 604, 726, 576, 696, 768, 583, 789, 849, 930, 654, 797, 920, 980, 549, 513, 726, 853, 929, 755, 535, 603, 825, 858, 987, 688, 927, 654, 879, 756, 593, 527, 545, 776, 943, 766], [715, 698, 752, 984, 598, 966, 908, 898, 962, 517, 531, 618, 957, 919, 508, 985, 945, 949, 717, 913, 802, 874, 720, 784, 931, 812, 991, 549, 894, 623, 768, 520, 604, 502, 511, 989, 578, 804, 690, 642, 966, 966, 531, 841, 930, 871, 790, 509, 505, 804], [988, 724, 850, 914, 734, 769, 869, 513, 927, 714, 537, 733, 664, 783, 913, 932, 713, 996, 712, 524, 778, 784, 578, 839, 878, 549, 608, 533, 522, 760, 631, 770, 909, 700, 601, 506, 612, 757, 962, 853, 812, 982, 892, 806, 671, 781, 992, 842, 941, 916], [885, 919, 921, 707, 505, 802, 555, 978, 894, 941, 563, 896, 557, 931, 981, 646, 562, 892, 550, 952, 884, 933, 998, 565, 693, 891, 823, 506, 749, 703, 954, 586, 680, 850, 932, 765, 817, 750, 564, 636, 978, 687, 756, 631, 511, 582, 980, 527, 948, 724], [548, 503, 892, 773, 814, 828, 681, 910, 994, 548, 819, 881, 925, 544, 666, 682, 528, 929, 750, 996, 727, 523, 586, 700, 993, 774, 836, 662, 830, 957, 720, 743, 934, 884, 723, 602, 823, 573, 886, 583, 633, 531, 533, 664, 813, 843, 763, 967, 594, 958], [725, 993, 825, 684, 764, 874, 734, 680, 584, 874, 519, 938, 550, 639, 900, 514, 944, 900, 943, 523, 698, 912, 931, 679, 924, 679, 534, 593, 839, 698, 573, 593, 765, 705, 908, 540, 773, 615, 504, 865, 689, 937, 796, 659, 824, 532, 729, 894, 597, 931], [854, 830, 574, 536, 821, 712, 532, 623, 584, 743, 689, 911, 583, 641, 957, 917, 540, 624, 568, 712, 825, 917, 877, 589, 954, 945, 885, 544, 930, 940, 689, 851, 730, 984, 750, 871, 620, 610, 766, 578, 714, 823, 910, 533, 835, 999, 916, 778, 839, 828], [573, 863, 978, 579, 960, 787, 576, 800, 662, 595, 744, 966, 950, 702, 501, 771, 769, 666, 502, 833, 629, 669, 920, 922, 841, 579, 916, 941, 532, 622, 713, 937, 950, 632, 809, 931, 985, 877, 738, 504, 557, 881, 973, 871, 569, 589, 809, 519, 681, 561], [760, 749, 893, 557, 845, 725, 532, 546, 673, 755, 776, 958, 759, 976, 602, 515, 602, 864, 738, 703, 674, 836, 677, 916, 922, 706, 920, 784, 574, 743, 935, 521, 863, 592, 729, 936, 701, 685, 658, 913, 568, 842, 943, 737, 896, 853, 757, 613, 843, 667], [884, 673, 893, 676, 721, 720, 612, 855, 630, 780, 837, 913, 751, 839, 972, 539, 994, 793, 863, 972, 888, 608, 822, 644, 767, 575, 879, 628, 583, 619, 921, 843, 898, 513, 762, 518, 924, 922, 753, 615, 638, 749, 803, 939, 553, 751, 639, 676, 954, 709], [771, 565, 972, 777, 803, 989, 725, 691, 750, 538, 740, 758, 861, 542, 672, 867, 722, 606, 515, 589, 879, 716, 646, 857, 745, 569, 749, 772, 912, 582, 542, 858, 785, 630, 840, 966, 757, 745, 961, 697, 836, 940, 653, 651, 647, 650, 536, 647, 850, 844], [871, 996, 557, 952, 859, 862, 572, 584, 835, 945, 722, 623, 974, 871, 715, 575, 809, 760, 645, 846, 595, 527, 944, 618, 533, 724, 512, 862, 505, 711, 674, 839, 842, 681, 565, 807, 723, 969, 575, 960, 670, 903, 922, 687, 585, 616, 669, 986, 703, 632], [851, 778, 824, 983, 944, 762, 504, 779, 971, 889, 854, 548, 836, 857, 949, 878, 856, 528, 996, 688, 945, 817, 663, 763, 947, 907, 757, 742, 811, 759, 572, 543, 649, 837, 571, 714, 777, 680, 850, 969, 584, 856, 985, 744, 848, 603, 637, 882, 510, 587], [721, 628, 854, 952, 516, 673, 832, 673, 518, 789, 708, 964, 712, 657, 827, 964, 705, 839, 995, 650, 831, 712, 524, 614, 631, 871, 603, 975, 770, 919, 552, 545, 773, 813, 863, 512, 956, 737, 533, 705, 864, 683, 666, 549, 977, 757, 758, 823, 750, 574], [654, 866, 875, 684, 778, 636, 796, 507, 706, 733, 926, 561, 668, 543, 701, 695, 797, 977, 746, 939, 588, 937, 679, 818, 680, 535, 654, 803, 815, 545, 624, 522, 826, 988, 611, 986, 548, 540, 907, 747, 530, 629, 776, 530, 866, 630, 761, 746, 515, 678], [775, 690, 988, 828, 725, 822, 952, 872, 941, 778, 939, 939, 865, 664, 588, 633, 795, 674, 640, 653, 838, 585, 776, 835, 696, 589, 950, 620, 743, 988, 913, 684, 923, 757, 943, 821, 955, 786, 979, 985, 951, 728, 586, 519, 735, 676, 686, 924, 696, 660], [612, 599, 715, 615, 504, 826, 544, 809, 597, 599, 743, 845, 702, 594, 581, 637, 983, 587, 732, 723, 927, 959, 503, 590, 786, 838, 544, 611, 898, 776, 798, 917, 598, 910, 936, 724, 540, 502, 622, 686, 700, 609, 597, 752, 948, 650, 960, 565, 887, 946], [896, 863, 851, 933, 742, 736, 648, 573, 717, 593, 965, 911, 842, 616, 574, 668, 695, 545, 796, 798, 847, 873, 544, 519, 516, 823, 582, 639, 843, 571, 814, 660, 854, 582, 794, 991, 606, 762, 502, 825, 603, 831, 673, 968, 535, 652, 567, 520, 942, 714], [500, 794, 948, 521, 538, 518, 880, 709, 809, 613, 914, 854, 719, 636, 770, 718, 675, 630, 907, 968, 789, 877, 964, 906, 513, 848, 639, 899, 837, 814, 736, 665, 872, 632, 667, 942, 512, 785, 676, 554, 723, 839, 739, 852, 700, 767, 684, 851, 607, 807], [887, 712, 869, 974, 573, 773, 733, 740, 969, 889, 662, 625, 667, 606, 691, 502, 675, 730, 882, 781, 523, 777, 769, 808, 702, 831, 855, 730, 639, 545, 736, 530, 590, 910, 736, 970, 630, 879, 902, 828, 644, 809, 653, 580, 565, 838, 512, 834, 606, 928], [640, 774, 784, 734, 795, 687, 542, 765, 978, 817, 984, 620, 630, 762, 863, 573, 622, 522, 901, 831, 601, 661, 644, 710, 743, 590, 646, 898, 762, 623, 856, 884, 860, 967, 680, 512, 878, 680, 505, 908, 603, 943, 508, 724, 839, 694, 635, 969, 699, 802], [657, 625, 804, 792, 794, 729, 655, 743, 523, 958, 621, 702, 817, 553, 876, 955, 789, 664, 609, 774, 692, 624, 584, 946, 540, 986, 903, 933, 807, 503, 847, 594, 743, 781, 700, 884, 749, 710, 879, 692, 719, 959, 876, 747, 734, 700, 817, 937, 568, 960], [698, 965, 634, 678, 811, 530, 637, 754, 591, 846, 534, 955, 777, 583, 677, 559, 542, 661, 551, 946, 615, 656, 839, 751, 881, 750, 503, 573, 558, 545, 616, 804, 765, 537, 733, 675, 904, 513, 944, 517, 685, 821, 724, 961, 914, 518, 897, 906, 818, 590], [649, 511, 991, 885, 578, 902, 662, 589, 502, 610, 520, 785, 919, 873, 977, 855, 672, 979, 648, 662, 872, 708, 594, 881, 972, 543, 716, 999, 791, 528, 503, 757, 563, 834, 709, 915, 863, 915, 944, 641, 814, 666, 777, 648, 720, 813, 574, 849, 694, 906], [786, 563, 815, 696, 941, 748, 807, 505, 505, 777, 807, 788, 570, 787, 635, 505, 862, 654, 519, 862, 761, 704, 758, 628, 613, 644, 953, 913, 538, 836, 593, 887, 703, 538, 748, 704, 842, 907, 697, 989, 611, 951, 871, 883, 502, 606, 825, 857, 624, 754], [994, 766, 740, 817, 776, 637, 992, 676, 743, 711, 965, 897, 976, 568, 989, 703, 862, 685, 566, 916, 629, 609, 916, 874, 836, 873, 819, 667, 848, 738, 627, 945, 773, 863, 734, 830, 965, 661, 622, 993, 703, 566, 587, 619, 679, 749, 622, 550, 852, 712], [890, 958, 919, 640, 809, 786, 763, 533, 626, 547, 517, 645, 903, 502, 990, 742, 568, 544, 591, 833, 618, 743, 754, 722, 516, 917, 793, 776, 805, 944, 516, 571, 723, 730, 527, 773, 865, 855, 763, 558, 851, 509, 940, 884, 734, 774, 732, 773, 693, 899], [668, 893, 540, 504, 987, 563, 970, 914, 834, 771, 914, 852, 542, 661, 834, 777, 918, 948, 789, 717, 575, 933, 668, 721, 979, 900, 782, 768, 571, 862, 561, 833, 866, 968, 527, 713, 644, 733, 841, 784, 687, 702, 681, 833, 534, 687, 512, 811, 849, 803], [626, 725, 937, 858, 957, 663, 721, 740, 639, 511, 503, 963, 645, 936, 706, 891, 803, 961, 687, 510, 757, 739, 500, 714, 603, 967, 626, 802, 929, 560, 583, 767, 989, 710, 629, 953, 775, 694, 677, 526, 976, 976, 854, 676, 862, 570, 714, 730, 630, 995], [835, 820, 545, 783, 922, 841, 590, 980, 997, 980, 808, 990, 623, 913, 611, 572, 788, 994, 820, 511, 678, 928, 833, 913, 883, 516, 587, 808, 665, 638, 577, 525, 732, 557, 625, 987, 646, 992, 633, 516, 752, 661, 676, 984, 774, 693, 547, 632, 844, 702], [618, 626, 663, 611, 863, 724, 801, 579, 630, 827, 577, 887, 548, 649, 577, 965, 797, 507, 874, 645, 930, 793, 729, 932, 614, 556, 923, 559, 647, 680, 510, 517, 691, 837, 941, 640, 951, 570, 994, 790, 860, 773, 543, 997, 737, 820, 506, 777, 696, 572], [525, 651, 656, 961, 565, 959, 940, 796, 572, 656, 876, 815, 871, 773, 932, 828, 877, 786, 924, 915, 604, 850, 796, 823, 626, 765, 805, 878, 806, 946, 745, 510, 947, 759, 609, 675, 912, 710, 627, 777, 962, 824, 892, 853, 593, 685, 649, 631, 561, 727], [915, 957, 595, 506, 906, 785, 848, 506, 827, 777, 561, 823, 756, 616, 706, 769, 695, 802, 697, 636, 795, 812, 614, 626, 550, 960, 650, 554, 778, 828, 786, 532, 546, 979, 535, 606, 915, 718, 798, 968, 680, 861, 926, 979, 594, 830, 931, 859, 557, 713], [659, 656, 924, 909, 751, 603, 711, 590, 747, 800, 708, 717, 724, 981, 653, 749, 546, 615, 632, 667, 527, 896, 528, 541, 960, 850, 590, 926, 683, 820, 917, 906, 508, 707, 748, 846, 741, 817, 776, 686, 534, 655, 747, 684, 688, 847, 853, 828, 591, 661], [619, 665, 682, 935, 743, 726, 605, 832, 510, 603, 886, 625, 645, 710, 631, 962, 540, 795, 576, 725, 692, 818, 869, 554, 821, 907, 609, 968, 716, 939, 511, 964, 834, 591, 705, 853, 916, 975, 870, 880, 654, 728, 968, 914, 903, 897, 792, 767, 790, 937], [784, 666, 547, 638, 860, 712, 637, 799, 849, 742, 622, 934, 844, 882, 510, 608, 873, 717, 856, 579, 985, 551, 645, 751, 539, 866, 875, 580, 914, 669, 618, 926, 735, 973, 604, 751, 906, 828, 985, 902, 849, 943, 642, 543, 876, 930, 810, 977, 815, 728], [999, 747, 940, 918, 914, 596, 985, 759, 981, 811, 905, 687, 853, 778, 577, 920, 500, 658, 560, 957, 557, 545, 841, 829, 821, 971, 975, 681, 782, 887, 875, 608, 928, 521, 532, 874, 957, 566, 526, 705, 958, 814, 708, 877, 999, 546, 989, 953, 902, 757]]
Variable production cost per unit of each product in each period p: 
[[13, 11, 10, 12, 13, 11, 13, 10, 11, 13, 11, 13, 10, 12, 10, 12, 12, 12, 13, 13, 10, 11, 10, 10, 11, 11, 13, 13, 13, 12, 13, 13, 10, 11, 11, 11, 13, 13, 11, 10, 11, 13, 10, 10, 10, 11, 12, 12, 10, 10], [13, 10, 13, 10, 10, 12, 13, 10, 11, 12, 12, 10, 11, 13, 11, 13, 13, 13, 12, 11, 13, 11, 13, 12, 10, 11, 13, 12, 12, 13, 11, 11, 10, 13, 12, 10, 10, 13, 12, 13, 12, 11, 13, 11, 11, 13, 11, 13, 13, 12], [13, 11, 13, 13, 13, 10, 10, 10, 10, 10, 11, 10, 11, 13, 11, 11, 12, 12, 13, 12, 12, 10, 11, 10, 13, 11, 11, 12, 12, 11, 13, 12, 11, 10, 10, 10, 12, 11, 13, 10, 10, 12, 10, 12, 13, 13, 13, 11, 10, 13], [10, 10, 10, 11, 13, 13, 12, 12, 13, 13, 13, 11, 11, 10, 13, 10, 11, 13, 12, 11, 12, 12, 10, 12, 11, 12, 10, 13, 13, 11, 13, 10, 13, 10, 13, 11, 12, 13, 13, 13, 13, 10, 13, 10, 12, 11, 10, 13, 13, 13], [10, 11, 10, 12, 11, 11, 12, 11, 12, 10, 11, 11, 11, 12, 13, 13, 10, 10, 13, 11, 11, 12, 11, 10, 10, 10, 10, 11, 11, 12, 13, 10, 13, 13, 13, 10, 11, 13, 10, 10, 12, 12, 10, 13, 11, 10, 12, 12, 12, 13], [11, 12, 11, 10, 13, 13, 11, 10, 11, 12, 13, 11, 13, 10, 12, 12, 13, 13, 10, 11, 10, 10, 13, 12, 10, 12, 11, 12, 10, 10, 11, 11, 10, 13, 13, 12, 13, 12, 11, 12, 12, 11, 12, 13, 12, 11, 11, 11, 10, 13], [12, 13, 11, 10, 12, 13, 12, 10, 11, 11, 12, 11, 12, 11, 13, 10, 12, 13, 12, 13, 13, 12, 13, 12, 10, 10, 10, 12, 10, 13, 13, 10, 13, 10, 12, 12, 11, 10, 10, 11, 12, 13, 11, 11, 13, 13, 10, 12, 12, 13], [12, 10, 13, 10, 13, 11, 13, 11, 12, 10, 13, 13, 12, 13, 13, 10, 13, 12, 13, 11, 11, 11, 12, 11, 13, 11, 13, 10, 13, 12, 10, 13, 11, 10, 11, 13, 12, 13, 13, 12, 11, 13, 12, 11, 13, 12, 11, 11, 13, 11], [13, 12, 11, 10, 12, 10, 10, 10, 13, 10, 10, 10, 13, 11, 12, 13, 13, 11, 10, 10, 11, 13, 12, 10, 10, 10, 11, 11, 11, 10, 11, 13, 12, 10, 12, 10, 11, 13, 13, 10, 10, 12, 10, 10, 10, 11, 10, 11, 10, 12], [10, 10, 13, 11, 13, 10, 10, 12, 11, 12, 12, 13, 11, 12, 11, 12, 13, 12, 12, 12, 10, 12, 11, 10, 10, 11, 10, 12, 12, 11, 13, 12, 11, 10, 12, 13, 11, 13, 10, 12, 13, 11, 12, 12, 12, 12, 13, 10, 12, 11], [11, 10, 10, 12, 11, 13, 12, 13, 12, 12, 11, 11, 12, 11, 10, 11, 12, 12, 12, 13, 10, 13, 13, 13, 12, 11, 10, 13, 11, 11, 12, 12, 10, 12, 13, 12, 10, 10, 10, 11, 13, 12, 13, 13, 12, 10, 13, 12, 11, 10], [11, 10, 12, 13, 10, 13, 13, 13, 11, 10, 13, 13, 13, 13, 10, 10, 10, 12, 10, 12, 10, 11, 10, 11, 12, 12, 12, 13, 12, 12, 13, 11, 10, 13, 13, 10, 12, 11, 12, 10, 13, 12, 11, 13, 10, 10, 12, 12, 11, 12], [12, 12, 10, 13, 13, 12, 12, 10, 10, 13, 13, 12, 13, 13, 12, 10, 12, 11, 12, 12, 10, 10, 13, 10, 10, 10, 13, 13, 13, 11, 10, 10, 12, 12, 11, 12, 11, 10, 11, 10, 13, 13, 10, 10, 11, 13, 10, 10, 13, 12], [12, 10, 12, 10, 13, 13, 12, 13, 13, 12, 13, 10, 13, 11, 10, 11, 11, 11, 11, 10, 12, 12, 12, 10, 12, 13, 12, 13, 12, 10, 10, 13, 12, 12, 10, 13, 10, 10, 12, 10, 11, 11, 12, 11, 12, 13, 10, 12, 12, 11], [13, 11, 11, 13, 11, 13, 12, 12, 10, 12, 13, 10, 10, 11, 10, 13, 12, 13, 12, 11, 12, 13, 12, 10, 12, 11, 12, 11, 10, 11, 12, 13, 10, 11, 11, 13, 12, 11, 11, 12, 13, 12, 13, 10, 11, 12, 10, 12, 11, 12], [12, 11, 13, 11, 12, 11, 10, 12, 13, 10, 10, 13, 12, 13, 10, 11, 12, 10, 13, 11, 10, 12, 10, 13, 13, 12, 11, 12, 13, 10, 12, 13, 10, 11, 13, 12, 11, 12, 10, 12, 11, 10, 13, 13, 12, 12, 13, 12, 13, 11], [12, 11, 11, 13, 13, 10, 11, 13, 12, 12, 12, 11, 12, 11, 11, 12, 13, 11, 10, 12, 11, 13, 11, 11, 13, 12, 13, 12, 12, 11, 13, 11, 13, 11, 11, 10, 11, 13, 13, 12, 11, 11, 13, 13, 12, 11, 12, 13, 13, 12], [13, 10, 13, 13, 12, 12, 10, 11, 11, 12, 10, 11, 13, 13, 10, 12, 12, 12, 11, 12, 12, 12, 13, 11, 10, 10, 13, 10, 11, 13, 10, 10, 13, 10, 10, 11, 10, 10, 11, 13, 10, 11, 12, 12, 12, 13, 12, 12, 12, 12], [13, 10, 11, 13, 11, 13, 13, 10, 12, 13, 13, 10, 13, 10, 13, 11, 12, 13, 10, 13, 12, 11, 10, 10, 10, 11, 13, 10, 12, 11, 10, 12, 12, 12, 11, 11, 13, 10, 12, 10, 11, 10, 12, 11, 12, 10, 12, 12, 13, 11], [12, 12, 10, 11, 11, 10, 11, 10, 10, 11, 10, 12, 12, 12, 10, 12, 11, 10, 13, 10, 11, 11, 11, 12, 11, 10, 13, 10, 13, 12, 11, 12, 13, 10, 12, 10, 11, 13, 10, 10, 10, 11, 11, 12, 12, 12, 11, 11, 11, 11], [13, 10, 12, 12, 12, 13, 10, 10, 12, 11, 12, 11, 12, 12, 12, 10, 13, 11, 11, 11, 12, 13, 12, 13, 11, 11, 10, 11, 12, 13, 12, 11, 10, 13, 13, 10, 12, 13, 10, 12, 12, 11, 11, 10, 12, 12, 13, 13, 11, 11], [12, 10, 12, 11, 11, 12, 10, 12, 12, 13, 11, 10, 11, 11, 13, 13, 13, 11, 12, 13, 11, 11, 11, 10, 13, 11, 12, 10, 13, 10, 13, 11, 10, 11, 10, 12, 13, 10, 11, 10, 13, 12, 12, 10, 11, 12, 11, 12, 12, 11], [13, 12, 13, 10, 11, 12, 11, 12, 11, 12, 12, 10, 12, 10, 10, 12, 12, 12, 12, 13, 11, 11, 11, 11, 11, 13, 13, 12, 10, 10, 13, 13, 10, 13, 11, 12, 10, 12, 13, 12, 11, 11, 13, 10, 12, 11, 13, 10, 12, 11], [12, 10, 13, 12, 12, 11, 13, 10, 12, 11, 12, 10, 11, 11, 11, 12, 10, 11, 13, 10, 10, 13, 12, 13, 12, 11, 13, 12, 11, 11, 11, 10, 13, 11, 13, 13, 12, 12, 10, 10, 10, 10, 13, 12, 11, 11, 13, 10, 12, 11], [10, 12, 12, 12, 11, 12, 12, 13, 12, 12, 11, 13, 10, 11, 12, 10, 10, 12, 11, 13, 12, 13, 12, 12, 12, 10, 12, 10, 11, 11, 10, 10, 13, 10, 13, 13, 13, 10, 13, 13, 12, 13, 12, 10, 12, 13, 12, 11, 12, 10], [11, 12, 13, 11, 12, 12, 10, 11, 13, 11, 11, 11, 13, 10, 12, 11, 11, 10, 13, 10, 13, 13, 12, 13, 10, 13, 10, 12, 11, 10, 12, 13, 11, 12, 11, 12, 12, 10, 11, 10, 11, 13, 12, 12, 12, 11, 10, 10, 11, 13], [10, 13, 10, 10, 11, 11, 11, 12, 12, 13, 11, 11, 13, 10, 13, 12, 12, 12, 11, 12, 11, 10, 11, 12, 10, 10, 12, 10, 11, 10, 13, 11, 11, 12, 11, 10, 13, 11, 12, 10, 10, 13, 11, 13, 11, 13, 13, 12, 13, 12], [12, 11, 12, 13, 11, 13, 11, 10, 10, 11, 12, 11, 11, 10, 11, 12, 12, 10, 11, 11, 13, 12, 12, 10, 12, 13, 11, 12, 12, 10, 11, 13, 10, 13, 12, 11, 10, 13, 12, 11, 10, 11, 12, 10, 11, 11, 12, 10, 12, 10], [12, 11, 10, 12, 10, 13, 12, 11, 13, 12, 13, 13, 12, 11, 12, 13, 13, 12, 10, 11, 10, 10, 12, 10, 13, 13, 12, 11, 13, 13, 12, 10, 13, 10, 13, 12, 10, 11, 11, 13, 11, 10, 11, 13, 12, 10, 10, 11, 10, 11], [11, 12, 12, 13, 10, 13, 11, 13, 13, 11, 11, 11, 10, 11, 10, 12, 10, 10, 10, 13, 11, 12, 10, 12, 13, 12, 13, 11, 13, 13, 10, 11, 12, 11, 11, 13, 10, 11, 13, 11, 11, 11, 12, 11, 11, 10, 13, 12, 10, 10], [12, 12, 11, 10, 10, 12, 13, 13, 10, 10, 10, 13, 10, 12, 10, 10, 13, 10, 10, 13, 10, 12, 10, 13, 12, 12, 13, 11, 10, 10, 13, 11, 12, 13, 10, 13, 12, 11, 13, 13, 13, 13, 10, 11, 12, 10, 13, 10, 11, 12], [10, 11, 12, 11, 12, 13, 11, 13, 10, 13, 12, 13, 12, 11, 11, 11, 13, 10, 12, 12, 10, 11, 11, 12, 11, 11, 13, 10, 11, 11, 13, 12, 11, 11, 13, 13, 13, 13, 12, 10, 10, 13, 13, 12, 10, 12, 11, 13, 13, 10], [12, 11, 13, 12, 10, 11, 13, 12, 11, 10, 11, 12, 13, 12, 10, 12, 13, 10, 13, 13, 12, 12, 13, 10, 10, 11, 13, 11, 12, 10, 11, 13, 11, 11, 11, 11, 13, 12, 13, 12, 10, 10, 11, 13, 12, 13, 13, 13, 12, 10], [11, 13, 13, 11, 13, 13, 12, 10, 11, 10, 12, 12, 13, 11, 12, 13, 12, 13, 11, 13, 13, 13, 13, 10, 12, 12, 10, 12, 12, 11, 12, 12, 11, 10, 11, 13, 10, 12, 10, 10, 13, 11, 10, 11, 11, 13, 10, 10, 13, 12], [11, 11, 10, 13, 12, 11, 10, 13, 13, 13, 10, 10, 11, 10, 13, 10, 11, 13, 10, 12, 12, 12, 10, 13, 13, 12, 12, 13, 10, 13, 12, 10, 13, 13, 11, 13, 13, 12, 11, 12, 11, 10, 10, 10, 11, 12, 10, 11, 10, 12], [12, 10, 10, 11, 12, 12, 12, 13, 10, 13, 12, 11, 12, 10, 12, 13, 11, 13, 11, 11, 13, 11, 11, 10, 10, 13, 11, 13, 11, 10, 13, 10, 13, 13, 12, 10, 12, 10, 11, 13, 13, 12, 10, 13, 11, 13, 10, 13, 12, 12], [12, 11, 13, 11, 11, 12, 13, 11, 12, 10, 10, 12, 11, 13, 13, 10, 13, 10, 11, 13, 13, 11, 12, 10, 10, 10, 10, 11, 11, 11, 12, 10, 11, 13, 13, 13, 10, 12, 12, 13, 10, 11, 12, 13, 12, 13, 13, 11, 12, 13], [11, 12, 12, 10, 10, 12, 12, 12, 13, 13, 10, 13, 11, 12, 12, 10, 11, 12, 12, 11, 12, 10, 11, 13, 12, 10, 10, 13, 13, 11, 11, 13, 12, 10, 10, 11, 13, 12, 10, 11, 13, 10, 10, 13, 10, 11, 13, 10, 10, 12], [12, 12, 12, 11, 13, 11, 11, 12, 13, 13, 11, 10, 12, 10, 10, 10, 10, 11, 10, 12, 10, 12, 12, 12, 13, 11, 12, 11, 11, 13, 12, 11, 10, 13, 10, 10, 12, 13, 11, 10, 12, 12, 10, 13, 12, 12, 12, 11, 11, 13], [12, 10, 12, 11, 12, 13, 11, 10, 13, 10, 11, 12, 11, 12, 11, 11, 10, 10, 12, 12, 11, 11, 12, 13, 10, 11, 10, 10, 10, 10, 10, 13, 13, 12, 11, 12, 12, 13, 11, 11, 10, 11, 11, 10, 13, 11, 12, 12, 13, 11], [11, 12, 11, 10, 12, 12, 12, 10, 10, 12, 12, 11, 10, 10, 12, 13, 13, 11, 10, 13, 12, 13, 11, 10, 13, 10, 13, 10, 10, 11, 13, 11, 13, 11, 11, 12, 12, 12, 10, 11, 10, 12, 11, 13, 12, 10, 11, 13, 10, 10], [10, 10, 11, 13, 13, 11, 10, 11, 13, 11, 13, 10, 10, 12, 12, 12, 13, 10, 11, 13, 10, 11, 12, 12, 10, 11, 13, 10, 12, 10, 13, 13, 12, 12, 10, 10, 10, 13, 13, 10, 12, 10, 13, 11, 12, 11, 12, 10, 10, 11], [10, 12, 12, 11, 11, 13, 13, 10, 11, 12, 10, 12, 10, 11, 13, 11, 11, 10, 11, 10, 12, 11, 12, 13, 12, 12, 12, 11, 12, 11, 11, 13, 12, 11, 13, 12, 10, 11, 10, 10, 11, 13, 13, 12, 10, 10, 13, 13, 13, 13], [10, 13, 12, 12, 13, 11, 13, 11, 10, 10, 10, 12, 10, 13, 13, 11, 11, 13, 11, 13, 12, 13, 12, 12, 13, 10, 12, 10, 10, 13, 10, 11, 11, 13, 12, 11, 12, 13, 10, 11, 10, 11, 12, 10, 11, 12, 10, 11, 12, 10], [12, 13, 10, 11, 10, 13, 12, 12, 11, 11, 11, 12, 10, 10, 13, 11, 13, 12, 12, 13, 10, 12, 13, 10, 12, 11, 10, 13, 13, 11, 13, 12, 10, 12, 12, 11, 12, 13, 12, 11, 13, 13, 12, 12, 12, 11, 11, 12, 11, 13], [12, 10, 13, 12, 13, 12, 10, 10, 12, 10, 10, 10, 12, 13, 12, 11, 11, 13, 13, 11, 12, 12, 12, 10, 11, 12, 11, 11, 11, 10, 10, 10, 10, 13, 13, 11, 11, 10, 10, 11, 13, 12, 12, 12, 10, 10, 12, 12, 10, 10], [13, 13, 11, 13, 11, 11, 11, 13, 11, 10, 11, 13, 13, 11, 13, 12, 10, 13, 12, 11, 10, 13, 11, 12, 12, 12, 13, 11, 10, 12, 10, 10, 12, 11, 10, 10, 13, 13, 12, 13, 11, 13, 12, 12, 13, 13, 11, 10, 13, 11], [12, 10, 11, 10, 13, 13, 13, 12, 10, 13, 13, 12, 13, 12, 12, 11, 13, 11, 11, 10, 11, 11, 11, 10, 11, 12, 11, 13, 13, 12, 10, 13, 12, 11, 13, 11, 10, 11, 10, 13, 11, 11, 10, 11, 13, 11, 12, 11, 11, 12], [12, 12, 11, 12, 11, 12, 13, 13, 11, 10, 10, 12, 10, 11, 13, 11, 12, 12, 11, 10, 12, 10, 11, 10, 10, 13, 11, 11, 12, 11, 13, 13, 12, 10, 10, 10, 10, 10, 12, 12, 12, 13, 11, 12, 10, 11, 13, 13, 13, 13], [12, 12, 12, 13, 11, 13, 12, 11, 10, 13, 10, 13, 10, 10, 10, 10, 12, 12, 12, 11, 12, 13, 11, 10, 12, 13, 12, 11, 13, 12, 13, 11, 10, 13, 11, 10, 12, 13, 13, 10, 10, 10, 13, 13, 11, 10, 12, 13, 11, 13], [10, 11, 12, 10, 11, 11, 13, 11, 11, 13, 11, 12, 10, 13, 12, 10, 13, 12, 11, 10, 13, 13, 12, 11, 13, 12, 10, 12, 12, 13, 12, 11, 11, 11, 10, 11, 10, 12, 13, 13, 11, 13, 12, 13, 10, 11, 11, 12, 11, 12], [10, 10, 10, 11, 12, 12, 11, 12, 10, 11, 10, 10, 11, 12, 12, 10, 10, 12, 13, 13, 11, 11, 11, 11, 11, 12, 13, 12, 10, 11, 13, 11, 10, 11, 11, 11, 12, 13, 12, 13, 12, 12, 10, 13, 12, 13, 12, 12, 11, 13], [13, 13, 10, 13, 12, 11, 11, 13, 10, 11, 11, 13, 13, 11, 10, 13, 11, 13, 13, 10, 12, 10, 12, 12, 12, 10, 13, 12, 11, 13, 11, 12, 12, 11, 10, 12, 11, 10, 13, 11, 11, 13, 11, 11, 12, 10, 12, 10, 13, 10], [12, 11, 13, 12, 11, 13, 11, 11, 10, 11, 10, 13, 11, 11, 11, 10, 13, 11, 10, 13, 13, 12, 11, 12, 13, 10, 13, 12, 13, 11, 12, 12, 11, 10, 11, 13, 11, 12, 12, 12, 11, 13, 10, 12, 13, 12, 10, 12, 11, 10], [13, 11, 13, 11, 13, 13, 12, 10, 13, 13, 11, 13, 11, 10, 10, 13, 11, 12, 10, 12, 12, 13, 12, 10, 12, 11, 13, 12, 11, 13, 11, 10, 11, 12, 10, 13, 13, 12, 10, 12, 10, 13, 13, 10, 12, 12, 12, 10, 12, 13], [13, 11, 10, 11, 10, 10, 13, 10, 12, 13, 12, 11, 13, 11, 11, 12, 13, 11, 12, 11, 12, 10, 13, 13, 12, 13, 11, 13, 10, 12, 10, 12, 12, 11, 12, 10, 13, 13, 10, 10, 10, 13, 11, 10, 11, 12, 10, 10, 10, 13], [10, 10, 12, 13, 13, 10, 13, 11, 13, 12, 13, 10, 11, 11, 12, 11, 13, 13, 12, 13, 12, 12, 10, 13, 11, 12, 10, 11, 11, 12, 12, 11, 13, 10, 11, 10, 10, 12, 13, 13, 12, 12, 12, 12, 11, 12, 11, 10, 11, 10], [11, 13, 12, 12, 10, 10, 10, 10, 11, 12, 11, 12, 13, 10, 11, 12, 10, 12, 13, 10, 13, 12, 11, 10, 12, 11, 11, 12, 13, 10, 10, 13, 12, 12, 13, 12, 11, 11, 13, 10, 11, 13, 10, 11, 11, 13, 10, 12, 10, 13], [11, 11, 12, 12, 12, 11, 13, 11, 12, 10, 13, 13, 10, 11, 13, 10, 12, 11, 13, 11, 12, 10, 11, 11, 13, 10, 12, 12, 12, 13, 12, 12, 13, 12, 12, 12, 10, 10, 13, 12, 13, 11, 10, 12, 13, 10, 11, 13, 11, 10], [10, 11, 11, 10, 11, 11, 13, 10, 10, 12, 12, 10, 10, 12, 10, 13, 13, 13, 12, 10, 10, 13, 13, 10, 12, 12, 11, 12, 13, 10, 13, 10, 12, 12, 10, 11, 11, 11, 12, 12, 10, 10, 11, 13, 10, 11, 10, 10, 10, 13], [13, 10, 13, 13, 11, 12, 11, 12, 12, 12, 12, 13, 11, 10, 11, 13, 13, 13, 11, 12, 11, 13, 12, 12, 11, 11, 12, 12, 12, 12, 13, 13, 10, 13, 12, 10, 13, 10, 11, 13, 11, 10, 13, 13, 11, 13, 10, 13, 12, 11], [11, 12, 10, 10, 12, 12, 12, 12, 13, 11, 13, 10, 10, 10, 10, 12, 13, 11, 13, 11, 13, 10, 12, 13, 10, 11, 10, 13, 10, 13, 11, 12, 11, 12, 11, 10, 13, 11, 13, 11, 13, 10, 13, 11, 12, 10, 11, 10, 11, 11], [11, 13, 13, 11, 11, 10, 12, 11, 13, 13, 13, 12, 11, 10, 12, 13, 10, 10, 11, 13, 11, 10, 13, 13, 10, 13, 12, 12, 12, 13, 10, 13, 10, 13, 11, 13, 11, 11, 11, 13, 11, 12, 10, 11, 13, 13, 13, 10, 11, 12], [11, 10, 11, 13, 11, 11, 12, 13, 13, 10, 12, 10, 10, 13, 10, 10, 12, 12, 11, 11, 11, 11, 13, 13, 13, 11, 12, 11, 13, 10, 12, 13, 10, 11, 10, 11, 11, 10, 11, 12, 10, 13, 11, 10, 13, 12, 13, 10, 13, 11], [12, 11, 13, 13, 12, 11, 13, 12, 10, 12, 13, 12, 12, 11, 10, 11, 12, 13, 10, 10, 12, 10, 11, 12, 12, 10, 11, 12, 12, 12, 11, 13, 11, 12, 11, 13, 13, 12, 10, 13, 12, 10, 11, 13, 11, 11, 10, 12, 12, 11], [12, 11, 11, 13, 11, 13, 12, 10, 11, 12, 12, 10, 13, 11, 13, 10, 12, 11, 13, 11, 13, 11, 12, 13, 10, 12, 10, 12, 13, 11, 11, 10, 12, 12, 11, 12, 13, 13, 11, 11, 12, 11, 13, 11, 12, 11, 10, 11, 13, 10], [13, 13, 11, 10, 11, 11, 11, 13, 13, 12, 11, 10, 12, 10, 13, 10, 13, 11, 10, 10, 13, 13, 11, 13, 13, 12, 10, 12, 13, 13, 13, 12, 12, 11, 13, 13, 13, 11, 13, 11, 13, 10, 12, 13, 10, 11, 12, 12, 11, 10], [10, 13, 12, 13, 12, 12, 11, 12, 10, 12, 11, 12, 12, 12, 10, 13, 11, 13, 10, 11, 10, 12, 13, 11, 10, 13, 10, 11, 10, 13, 13, 13, 12, 11, 13, 11, 12, 13, 10, 13, 11, 12, 10, 10, 11, 11, 10, 11, 13, 10], [11, 13, 10, 10, 13, 13, 12, 10, 10, 11, 11, 12, 11, 12, 11, 13, 10, 10, 12, 10, 10, 11, 13, 10, 13, 13, 12, 11, 10, 11, 13, 12, 11, 10, 11, 10, 10, 12, 10, 11, 10, 11, 10, 13, 11, 10, 12, 12, 13, 12], [10, 13, 11, 11, 13, 10, 13, 12, 11, 11, 13, 10, 13, 13, 10, 12, 12, 13, 10, 12, 11, 10, 13, 12, 10, 13, 13, 10, 11, 13, 13, 11, 13, 10, 13, 11, 13, 12, 11, 13, 10, 13, 10, 10, 11, 12, 13, 11, 12, 12], [11, 11, 11, 11, 10, 13, 13, 10, 10, 11, 10, 11, 13, 11, 13, 13, 13, 11, 13, 12, 12, 11, 12, 12, 13, 13, 11, 12, 13, 13, 12, 12, 12, 12, 10, 13, 13, 10, 10, 13, 13, 11, 11, 11, 13, 12, 12, 12, 11, 13], [10, 12, 12, 10, 11, 11, 13, 11, 11, 13, 13, 12, 13, 13, 13, 11, 13, 11, 11, 10, 10, 10, 13, 12, 12, 10, 10, 10, 13, 10, 11, 11, 12, 10, 13, 13, 13, 10, 11, 11, 10, 11, 10, 12, 13, 13, 10, 11, 13, 10], [10, 11, 11, 11, 11, 12, 10, 13, 10, 12, 11, 10, 13, 12, 12, 11, 10, 11, 12, 13, 10, 10, 11, 12, 13, 11, 11, 13, 11, 13, 10, 11, 12, 12, 10, 11, 10, 12, 11, 11, 12, 10, 10, 12, 13, 12, 12, 12, 11, 11], [12, 12, 13, 10, 10, 13, 11, 12, 10, 12, 10, 13, 13, 13, 11, 13, 13, 10, 12, 13, 10, 10, 12, 12, 13, 10, 11, 10, 12, 11, 13, 11, 13, 10, 11, 12, 12, 13, 10, 11, 12, 11, 12, 12, 12, 10, 11, 10, 13, 12], [13, 11, 13, 12, 10, 11, 10, 11, 13, 12, 12, 10, 13, 13, 13, 10, 10, 13, 13, 13, 11, 11, 12, 13, 13, 11, 13, 13, 13, 11, 10, 12, 10, 10, 12, 10, 10, 10, 12, 13, 13, 13, 11, 12, 11, 11, 11, 12, 13, 11], [10, 12, 10, 13, 13, 12, 11, 12, 11, 11, 11, 10, 10, 12, 10, 13, 12, 13, 10, 13, 11, 12, 12, 12, 10, 12, 13, 13, 11, 12, 11, 12, 10, 11, 12, 12, 11, 13, 11, 10, 13, 12, 12, 12, 13, 13, 12, 11, 13, 12], [13, 12, 13, 13, 11, 12, 12, 12, 13, 10, 10, 11, 10, 13, 10, 13, 11, 11, 13, 12, 12, 13, 11, 13, 11, 10, 10, 12, 12, 12, 12, 11, 10, 11, 13, 12, 10, 10, 11, 12, 12, 13, 11, 12, 13, 11, 10, 10, 12, 13], [11, 12, 13, 11, 10, 12, 13, 12, 11, 12, 13, 12, 12, 13, 13, 11, 12, 12, 13, 10, 12, 12, 12, 13, 12, 10, 13, 10, 13, 11, 11, 10, 12, 12, 12, 11, 10, 12, 12, 12, 11, 10, 10, 11, 11, 11, 11, 13, 11, 10], [12, 10, 13, 11, 12, 12, 12, 11, 12, 11, 11, 12, 11, 10, 11, 10, 10, 11, 11, 12, 12, 12, 12, 12, 12, 12, 11, 12, 11, 11, 12, 13, 12, 10, 10, 11, 10, 12, 12, 13, 10, 13, 13, 10, 10, 13, 10, 10, 12, 13], [11, 13, 13, 13, 11, 10, 10, 12, 10, 10, 11, 11, 10, 10, 13, 11, 10, 10, 13, 11, 13, 10, 11, 11, 13, 13, 13, 10, 10, 11, 11, 11, 10, 10, 13, 13, 12, 13, 10, 11, 11, 11, 10, 11, 12, 10, 13, 10, 11, 11], [13, 10, 10, 11, 10, 13, 12, 11, 11, 12, 12, 10, 13, 11, 11, 12, 12, 11, 12, 13, 10, 12, 12, 13, 11, 11, 11, 11, 13, 10, 13, 10, 12, 12, 12, 11, 13, 10, 13, 13, 13, 11, 11, 13, 10, 12, 12, 12, 12, 10], [10, 12, 10, 10, 10, 10, 11, 10, 12, 12, 11, 11, 11, 10, 12, 10, 12, 12, 13, 10, 12, 13, 10, 13, 12, 11, 13, 12, 12, 12, 10, 11, 11, 11, 10, 10, 11, 10, 10, 10, 12, 13, 11, 13, 13, 10, 12, 10, 13, 10], [10, 11, 13, 10, 11, 11, 13, 10, 10, 12, 12, 10, 10, 12, 12, 13, 13, 10, 13, 11, 10, 12, 10, 12, 12, 10, 12, 12, 10, 10, 10, 13, 10, 12, 12, 12, 10, 13, 10, 13, 11, 10, 10, 13, 10, 12, 12, 13, 13, 12], [10, 10, 12, 12, 12, 13, 11, 13, 12, 10, 10, 13, 10, 13, 12, 10, 11, 11, 13, 12, 10, 13, 11, 12, 12, 10, 11, 11, 10, 12, 10, 11, 10, 12, 10, 12, 10, 10, 12, 11, 13, 10, 10, 10, 10, 12, 12, 13, 13, 13], [11, 13, 13, 12, 10, 11, 13, 12, 10, 13, 11, 12, 12, 10, 11, 12, 13, 13, 11, 13, 11, 12, 11, 10, 12, 13, 10, 13, 13, 11, 12, 12, 12, 11, 12, 13, 10, 12, 10, 11, 12, 13, 12, 12, 10, 11, 13, 10, 12, 12], [12, 12, 10, 11, 11, 13, 13, 11, 13, 12, 12, 10, 11, 11, 13, 12, 13, 10, 12, 12, 13, 13, 12, 13, 12, 11, 12, 12, 10, 12, 13, 10, 12, 13, 10, 10, 10, 10, 11, 11, 13, 12, 10, 13, 11, 12, 11, 12, 10, 10], [10, 13, 10, 12, 11, 11, 10, 12, 10, 13, 10, 11, 12, 10, 10, 11, 13, 11, 10, 13, 11, 10, 11, 13, 10, 13, 10, 13, 13, 13, 11, 12, 10, 10, 12, 13, 11, 11, 12, 10, 11, 13, 12, 13, 10, 10, 10, 10, 10, 10], [13, 12, 11, 12, 11, 12, 10, 13, 11, 13, 11, 13, 13, 13, 11, 12, 13, 11, 13, 10, 11, 10, 12, 13, 12, 11, 10, 11, 13, 10, 10, 12, 11, 12, 11, 10, 13, 10, 10, 11, 13, 12, 11, 11, 10, 10, 11, 12, 11, 12], [12, 11, 13, 12, 13, 13, 12, 12, 11, 13, 11, 11, 13, 11, 13, 11, 11, 10, 10, 10, 10, 12, 10, 10, 13, 12, 12, 11, 13, 13, 10, 11, 11, 12, 13, 12, 11, 11, 13, 10, 10, 13, 10, 12, 13, 13, 11, 13, 10, 11], [11, 13, 12, 12, 10, 10, 13, 13, 11, 13, 12, 13, 10, 13, 13, 10, 13, 10, 12, 12, 12, 13, 12, 12, 11, 13, 12, 10, 11, 10, 10, 13, 11, 12, 11, 10, 13, 13, 10, 13, 10, 11, 12, 13, 10, 11, 11, 13, 13, 13], [12, 11, 13, 11, 12, 13, 12, 11, 11, 10, 10, 12, 13, 11, 12, 13, 13, 11, 11, 11, 13, 11, 13, 10, 10, 11, 11, 11, 11, 11, 13, 11, 10, 12, 12, 10, 10, 13, 13, 10, 12, 13, 11, 13, 10, 12, 11, 11, 13, 13], [10, 12, 10, 11, 10, 13, 11, 11, 10, 10, 11, 11, 10, 10, 12, 13, 13, 12, 12, 10, 10, 10, 13, 13, 11, 10, 11, 12, 11, 13, 12, 10, 10, 12, 11, 11, 13, 11, 11, 10, 12, 10, 10, 12, 10, 10, 12, 11, 12, 10], [10, 11, 11, 13, 10, 11, 13, 13, 11, 13, 11, 10, 11, 13, 12, 13, 12, 11, 13, 12, 10, 13, 11, 11, 12, 12, 11, 13, 12, 13, 12, 12, 10, 10, 13, 11, 10, 11, 13, 10, 13, 11, 10, 13, 13, 10, 11, 11, 13, 10], [13, 11, 12, 13, 12, 12, 10, 13, 10, 11, 11, 12, 13, 12, 11, 12, 11, 12, 10, 13, 10, 12, 10, 10, 10, 11, 13, 11, 10, 11, 12, 12, 10, 11, 13, 12, 13, 10, 11, 10, 12, 13, 12, 10, 12, 12, 10, 11, 10, 10], [11, 10, 11, 11, 12, 13, 13, 11, 10, 10, 10, 11, 11, 11, 11, 12, 12, 13, 12, 12, 13, 12, 10, 12, 11, 12, 12, 11, 13, 12, 11, 10, 11, 10, 12, 12, 12, 11, 12, 13, 12, 13, 12, 12, 11, 10, 12, 10, 13, 13], [13, 11, 10, 10, 10, 10, 11, 12, 12, 12, 13, 13, 13, 12, 12, 12, 11, 11, 10, 13, 12, 13, 13, 10, 11, 11, 13, 10, 13, 13, 12, 10, 10, 10, 10, 12, 11, 11, 11, 13, 13, 12, 12, 10, 12, 12, 12, 11, 12, 10], [12, 11, 13, 10, 11, 12, 10, 11, 13, 13, 10, 11, 13, 13, 11, 13, 11, 11, 10, 10, 12, 11, 13, 10, 13, 12, 11, 11, 11, 13, 12, 11, 12, 11, 12, 10, 12, 11, 12, 11, 12, 11, 13, 11, 11, 12, 11, 11, 13, 10], [11, 13, 12, 11, 10, 11, 10, 10, 13, 10, 13, 11, 12, 12, 11, 13, 10, 13, 10, 12, 12, 12, 13, 10, 11, 12, 10, 11, 12, 11, 11, 11, 11, 13, 11, 11, 13, 10, 11, 10, 11, 12, 10, 13, 11, 10, 13, 12, 11, 12], [10, 13, 12, 12, 10, 13, 12, 13, 11, 10, 11, 12, 13, 12, 11, 11, 11, 11, 12, 10, 12, 13, 12, 12, 12, 13, 10, 13, 11, 13, 13, 12, 12, 13, 12, 13, 13, 12, 10, 10, 12, 11, 11, 11, 10, 13, 12, 10, 11, 10], [11, 13, 12, 12, 11, 11, 11, 10, 10, 11, 11, 13, 11, 12, 12, 12, 13, 13, 11, 11, 11, 11, 11, 12, 10, 13, 10, 10, 12, 11, 11, 12, 10, 12, 11, 13, 10, 10, 10, 11, 13, 10, 11, 12, 13, 13, 11, 11, 10, 11], [13, 11, 10, 11, 10, 10, 11, 11, 10, 12, 12, 12, 10, 10, 11, 13, 12, 12, 10, 11, 12, 10, 12, 13, 11, 11, 11, 10, 10, 11, 12, 10, 13, 10, 12, 11, 10, 10, 10, 10, 11, 12, 11, 11, 10, 10, 13, 10, 13, 13], [12, 11, 10, 12, 11, 10, 10, 11, 11, 11, 10, 10, 13, 13, 13, 11, 13, 10, 11, 13, 10, 12, 11, 10, 10, 12, 10, 12, 11, 12, 11, 12, 10, 12, 13, 12, 13, 11, 10, 13, 13, 13, 13, 10, 10, 13, 13, 10, 10, 12], [12, 13, 10, 13, 12, 10, 13, 12, 10, 12, 13, 11, 13, 11, 13, 12, 13, 13, 12, 10, 11, 10, 10, 10, 11, 10, 13, 10, 11, 13, 12, 10, 10, 13, 11, 11, 13, 10, 10, 11, 10, 10, 11, 12, 11, 10, 12, 11, 13, 13], [11, 10, 13, 10, 12, 12, 12, 13, 11, 12, 10, 11, 13, 13, 13, 10, 12, 12, 13, 13, 10, 13, 12, 13, 12, 11, 12, 10, 13, 10, 10, 12, 12, 10, 10, 13, 13, 12, 13, 11, 11, 13, 12, 11, 13, 13, 13, 10, 13, 11], [13, 12, 10, 13, 13, 11, 13, 11, 12, 10, 13, 13, 11, 13, 12, 10, 12, 10, 13, 12, 12, 13, 10, 11, 10, 11, 13, 12, 10, 11, 11, 10, 13, 12, 12, 12, 13, 13, 10, 11, 13, 10, 10, 13, 10, 11, 12, 10, 13, 11], [13, 10, 12, 10, 10, 12, 10, 10, 12, 10, 10, 13, 12, 11, 12, 10, 10, 13, 12, 12, 13, 13, 12, 11, 11, 12, 11, 13, 11, 13, 12, 12, 11, 13, 11, 12, 10, 12, 12, 12, 12, 11, 11, 11, 11, 12, 12, 11, 11, 12], [10, 11, 12, 12, 11, 12, 10, 11, 11, 11, 11, 11, 13, 13, 12, 12, 13, 13, 12, 11, 12, 13, 11, 13, 10, 13, 12, 13, 13, 11, 11, 10, 11, 13, 12, 11, 11, 12, 11, 13, 13, 10, 10, 12, 11, 12, 10, 13, 13, 11], [11, 10, 13, 12, 12, 13, 12, 10, 12, 10, 13, 12, 12, 13, 13, 12, 10, 12, 13, 12, 10, 10, 10, 10, 12, 13, 13, 10, 11, 11, 11, 10, 10, 12, 12, 12, 10, 10, 12, 12, 13, 11, 11, 11, 12, 12, 12, 13, 13, 12], [13, 11, 11, 11, 13, 11, 13, 10, 11, 12, 13, 10, 12, 10, 10, 12, 10, 13, 11, 10, 12, 12, 11, 13, 10, 13, 13, 10, 11, 10, 12, 11, 11, 11, 10, 13, 10, 12, 13, 11, 11, 11, 13, 10, 11, 12, 12, 10, 13, 11], [13, 12, 12, 13, 11, 12, 13, 10, 10, 13, 12, 10, 13, 13, 10, 12, 11, 11, 11, 13, 10, 11, 12, 12, 11, 10, 12, 12, 10, 11, 10, 11, 12, 12, 12, 13, 12, 10, 13, 12, 10, 11, 12, 12, 11, 11, 10, 11, 13, 10], [12, 12, 12, 13, 13, 13, 12, 13, 13, 10, 11, 12, 12, 11, 11, 13, 12, 12, 12, 10, 11, 11, 10, 12, 11, 10, 11, 11, 11, 13, 10, 12, 12, 13, 11, 11, 11, 13, 11, 11, 10, 11, 10, 11, 10, 13, 11, 12, 11, 12], [11, 13, 13, 11, 10, 10, 10, 10, 13, 10, 13, 11, 13, 12, 11, 10, 11, 11, 11, 12, 10, 10, 13, 13, 12, 10, 11, 11, 10, 13, 11, 10, 10, 11, 11, 12, 12, 10, 13, 10, 10, 12, 10, 10, 12, 13, 12, 10, 13, 11], [11, 12, 11, 13, 13, 10, 13, 12, 11, 13, 10, 11, 12, 13, 12, 13, 13, 10, 11, 13, 10, 12, 10, 12, 11, 11, 11, 11, 13, 10, 13, 13, 13, 10, 13, 12, 10, 13, 10, 13, 11, 13, 13, 11, 11, 10, 12, 13, 12, 11], [11, 10, 11, 10, 12, 10, 13, 13, 10, 11, 13, 11, 10, 11, 11, 12, 10, 12, 10, 12, 11, 10, 10, 11, 13, 12, 10, 11, 10, 12, 10, 12, 11, 11, 10, 11, 12, 12, 13, 10, 12, 12, 13, 11, 11, 13, 12, 11, 11, 11], [11, 13, 10, 11, 12, 11, 13, 10, 12, 13, 12, 12, 10, 13, 11, 13, 12, 11, 11, 13, 13, 10, 12, 13, 10, 11, 10, 13, 12, 10, 10, 12, 11, 11, 13, 12, 10, 10, 10, 13, 12, 10, 13, 12, 12, 13, 10, 13, 10, 11], [11, 12, 13, 10, 11, 10, 11, 13, 13, 11, 12, 11, 13, 11, 12, 13, 11, 10, 10, 13, 13, 12, 13, 13, 12, 10, 13, 12, 13, 13, 11, 12, 10, 12, 10, 11, 10, 12, 13, 12, 12, 13, 12, 10, 10, 10, 11, 13, 13, 12], [11, 12, 10, 12, 11, 13, 13, 12, 13, 12, 11, 10, 10, 11, 11, 11, 13, 11, 11, 13, 10, 10, 10, 11, 12, 11, 11, 12, 13, 12, 10, 13, 11, 10, 12, 11, 11, 11, 12, 13, 10, 13, 11, 11, 12, 10, 10, 11, 12, 13], [13, 11, 12, 12, 11, 10, 11, 12, 12, 10, 12, 10, 10, 10, 13, 13, 11, 11, 11, 13, 12, 11, 12, 12, 11, 13, 12, 13, 13, 10, 12, 13, 13, 12, 10, 12, 12, 10, 13, 12, 11, 12, 11, 10, 13, 11, 11, 10, 12, 13], [12, 13, 13, 10, 12, 13, 13, 12, 13, 10, 10, 13, 12, 13, 11, 10, 13, 13, 11, 13, 11, 11, 12, 12, 10, 10, 12, 13, 13, 10, 13, 12, 11, 12, 13, 10, 12, 13, 13, 12, 13, 10, 10, 13, 12, 11, 10, 11, 10, 11], [10, 11, 13, 10, 13, 10, 11, 10, 12, 13, 13, 11, 13, 11, 12, 12, 12, 13, 11, 11, 13, 12, 10, 12, 13, 11, 13, 11, 10, 10, 10, 11, 11, 13, 11, 13, 11, 12, 13, 11, 11, 13, 10, 11, 10, 10, 10, 12, 13, 10]]
Inventory holding cost per unit of each product by the end of each period h: 
[[8, 7, 5, 8, 6, 5, 5, 6, 5, 8, 8, 9, 9, 7, 7, 9, 5, 8, 7, 8, 6, 5, 5, 8, 9, 7, 8, 8, 7, 5, 6, 7, 9, 8, 7, 9, 9, 8, 6, 5, 9, 6, 8, 8, 9, 5, 8, 9, 6, 6], [6, 6, 9, 9, 9, 9, 7, 8, 5, 7, 6, 9, 6, 7, 9, 8, 5, 7, 6, 7, 7, 6, 7, 8, 9, 8, 9, 7, 7, 8, 5, 5, 9, 7, 9, 5, 6, 7, 8, 6, 9, 5, 7, 5, 8, 8, 7, 7, 5, 5], [8, 9, 5, 7, 5, 7, 5, 8, 8, 8, 6, 8, 5, 6, 8, 8, 7, 8, 9, 8, 6, 6, 6, 5, 7, 6, 5, 7, 5, 6, 8, 7, 8, 5, 6, 8, 8, 5, 5, 8, 5, 9, 8, 5, 7, 9, 9, 7, 9, 8], [9, 5, 9, 9, 6, 8, 9, 9, 8, 7, 6, 7, 5, 6, 7, 7, 5, 5, 5, 9, 6, 6, 5, 8, 8, 9, 6, 8, 9, 9, 9, 7, 7, 5, 5, 8, 6, 9, 5, 5, 9, 8, 5, 6, 8, 8, 8, 8, 8, 8], [6, 7, 7, 8, 6, 8, 7, 9, 8, 7, 9, 6, 8, 5, 6, 6, 9, 8, 5, 7, 7, 6, 5, 8, 8, 5, 8, 9, 5, 5, 9, 5, 5, 9, 6, 7, 8, 6, 8, 8, 5, 9, 5, 9, 5, 7, 5, 6, 6, 5], [6, 8, 7, 9, 6, 8, 9, 5, 7, 5, 9, 5, 7, 8, 5, 9, 6, 6, 8, 9, 7, 8, 9, 9, 7, 6, 5, 9, 9, 5, 7, 9, 6, 6, 8, 9, 6, 8, 8, 6, 8, 9, 5, 7, 6, 6, 6, 6, 6, 5], [8, 8, 8, 8, 9, 8, 7, 6, 5, 6, 9, 6, 5, 7, 5, 9, 5, 5, 7, 6, 9, 9, 9, 5, 9, 6, 8, 5, 9, 9, 8, 9, 5, 7, 8, 9, 6, 8, 7, 7, 5, 6, 5, 5, 5, 9, 9, 9, 8, 7], [8, 9, 5, 9, 6, 9, 7, 7, 6, 5, 8, 5, 8, 6, 8, 6, 7, 8, 8, 6, 7, 9, 5, 5, 7, 8, 7, 7, 9, 7, 6, 6, 6, 8, 7, 9, 5, 9, 6, 5, 6, 7, 8, 8, 6, 9, 9, 9, 6, 7], [9, 7, 7, 8, 9, 9, 9, 9, 7, 8, 6, 9, 9, 8, 5, 9, 9, 5, 9, 9, 9, 7, 5, 9, 7, 7, 8, 9, 7, 5, 6, 7, 8, 5, 7, 6, 5, 6, 7, 8, 5, 9, 6, 6, 8, 8, 9, 7, 5, 9], [7, 5, 7, 7, 5, 9, 5, 5, 8, 7, 9, 8, 6, 5, 6, 7, 5, 5, 7, 7, 8, 8, 9, 8, 5, 5, 6, 9, 7, 5, 5, 5, 7, 5, 8, 7, 8, 8, 5, 8, 8, 6, 9, 9, 6, 6, 8, 8, 8, 5], [7, 7, 6, 7, 7, 8, 8, 6, 6, 6, 7, 8, 7, 7, 5, 5, 9, 9, 5, 7, 8, 7, 5, 7, 5, 8, 7, 5, 5, 6, 9, 9, 7, 8, 9, 6, 5, 5, 5, 8, 9, 5, 9, 5, 8, 6, 5, 8, 7, 5], [6, 9, 5, 8, 5, 6, 6, 9, 9, 7, 7, 9, 6, 5, 5, 6, 7, 5, 6, 6, 6, 5, 7, 7, 6, 8, 8, 9, 7, 8, 5, 7, 8, 6, 9, 6, 6, 7, 5, 7, 6, 6, 5, 5, 9, 5, 8, 6, 5, 7], [7, 6, 9, 7, 5, 6, 5, 8, 7, 7, 7, 9, 7, 6, 5, 7, 6, 7, 6, 8, 5, 9, 8, 6, 8, 8, 9, 9, 7, 9, 5, 6, 8, 5, 7, 6, 7, 6, 5, 7, 8, 7, 9, 8, 8, 5, 9, 7, 6, 7], [9, 6, 5, 7, 6, 9, 9, 7, 6, 7, 5, 8, 5, 8, 9, 8, 5, 6, 5, 6, 7, 8, 6, 8, 7, 6, 7, 5, 8, 9, 8, 9, 6, 5, 6, 9, 5, 6, 6, 8, 8, 5, 7, 6, 5, 6, 7, 8, 5, 8], [8, 6, 5, 8, 6, 5, 7, 7, 8, 5, 6, 7, 5, 6, 6, 5, 6, 9, 5, 6, 7, 9, 7, 8, 5, 5, 7, 6, 9, 5, 6, 5, 5, 5, 8, 5, 8, 7, 7, 6, 5, 6, 7, 6, 6, 6, 8, 8, 6, 5], [7, 7, 9, 8, 8, 9, 7, 6, 5, 6, 7, 8, 7, 5, 9, 5, 9, 7, 5, 9, 9, 7, 5, 6, 8, 5, 7, 8, 8, 9, 9, 6, 7, 6, 7, 6, 7, 5, 6, 5, 8, 7, 7, 9, 5, 8, 7, 9, 6, 6], [9, 7, 9, 9, 8, 9, 7, 8, 9, 7, 7, 9, 8, 9, 6, 8, 5, 6, 9, 8, 9, 9, 5, 9, 7, 9, 7, 7, 7, 9, 5, 5, 5, 7, 9, 6, 5, 7, 6, 5, 8, 5, 9, 6, 5, 9, 6, 8, 9, 8], [9, 7, 6, 8, 5, 8, 8, 8, 9, 6, 6, 6, 5, 7, 9, 9, 7, 9, 7, 7, 9, 8, 9, 6, 5, 8, 7, 9, 7, 9, 8, 7, 9, 8, 9, 6, 5, 5, 7, 5, 9, 9, 5, 7, 8, 8, 8, 7, 9, 6], [9, 5, 7, 6, 6, 7, 8, 5, 6, 7, 6, 6, 5, 5, 8, 5, 6, 6, 6, 6, 5, 8, 9, 5, 7, 9, 8, 9, 7, 6, 9, 9, 7, 6, 6, 7, 7, 8, 5, 9, 9, 6, 6, 9, 5, 9, 6, 9, 6, 7], [5, 7, 6, 5, 6, 8, 9, 5, 9, 6, 5, 9, 7, 6, 7, 7, 6, 8, 6, 7, 5, 7, 8, 7, 5, 5, 8, 7, 9, 5, 9, 7, 5, 5, 7, 9, 9, 7, 7, 5, 6, 7, 8, 8, 8, 8, 6, 9, 8, 7], [9, 9, 5, 9, 5, 6, 5, 6, 7, 7, 5, 7, 8, 8, 7, 7, 5, 8, 6, 8, 6, 6, 7, 9, 5, 7, 9, 8, 9, 5, 8, 6, 6, 7, 6, 7, 5, 5, 9, 5, 7, 9, 7, 5, 5, 6, 6, 7, 5, 8], [7, 7, 9, 6, 6, 7, 9, 9, 9, 9, 5, 7, 6, 7, 8, 5, 5, 8, 8, 6, 8, 8, 7, 5, 7, 8, 9, 9, 9, 9, 6, 5, 9, 7, 6, 6, 6, 7, 6, 8, 8, 6, 9, 6, 7, 5, 9, 9, 9, 7], [6, 5, 7, 5, 6, 5, 8, 7, 6, 8, 5, 5, 5, 7, 6, 6, 8, 6, 5, 9, 5, 9, 6, 6, 6, 7, 5, 6, 8, 6, 5, 7, 7, 7, 7, 9, 9, 9, 5, 7, 6, 5, 7, 9, 5, 8, 8, 6, 8, 5], [5, 8, 9, 7, 7, 6, 5, 5, 9, 6, 9, 9, 6, 9, 6, 9, 6, 7, 9, 8, 7, 7, 7, 5, 9, 7, 7, 9, 8, 5, 8, 8, 7, 5, 8, 7, 8, 6, 7, 9, 5, 9, 7, 9, 5, 5, 8, 5, 7, 5], [9, 7, 9, 6, 8, 5, 7, 8, 7, 5, 7, 9, 8, 7, 5, 8, 8, 8, 6, 8, 8, 6, 7, 6, 8, 5, 5, 9, 6, 7, 5, 9, 7, 7, 5, 7, 7, 8, 8, 9, 7, 6, 8, 5, 5, 8, 7, 5, 6, 5], [6, 7, 7, 9, 5, 7, 5, 5, 7, 8, 6, 7, 6, 8, 9, 8, 8, 8, 8, 9, 9, 5, 9, 5, 7, 8, 9, 5, 9, 9, 6, 7, 5, 8, 8, 8, 8, 5, 5, 7, 7, 8, 6, 7, 5, 8, 8, 8, 9, 6], [5, 5, 5, 5, 7, 5, 5, 6, 6, 6, 5, 9, 6, 7, 7, 9, 8, 6, 7, 5, 7, 8, 8, 6, 9, 8, 5, 6, 8, 9, 6, 9, 8, 5, 5, 9, 7, 9, 7, 8, 7, 8, 6, 6, 6, 5, 7, 8, 9, 7], [7, 9, 9, 8, 7, 9, 7, 8, 9, 7, 7, 6, 6, 7, 9, 9, 8, 8, 7, 8, 7, 6, 6, 7, 8, 8, 8, 7, 9, 9, 5, 6, 5, 6, 9, 5, 9, 5, 6, 6, 9, 6, 8, 7, 7, 5, 5, 8, 6, 7], [9, 7, 9, 9, 6, 5, 8, 5, 5, 6, 7, 8, 8, 5, 8, 7, 7, 5, 9, 8, 9, 7, 5, 8, 6, 8, 9, 7, 9, 6, 5, 9, 6, 5, 8, 5, 7, 8, 5, 7, 5, 8, 7, 9, 9, 9, 8, 9, 9, 5], [7, 8, 9, 5, 9, 5, 6, 9, 8, 9, 5, 7, 5, 9, 8, 5, 8, 5, 5, 9, 8, 6, 9, 9, 7, 9, 9, 9, 9, 9, 7, 9, 5, 8, 5, 8, 7, 5, 6, 8, 5, 8, 7, 9, 9, 9, 5, 8, 9, 5], [5, 9, 9, 6, 6, 5, 9, 9, 7, 9, 8, 9, 5, 8, 5, 9, 6, 6, 6, 8, 9, 6, 7, 5, 8, 8, 7, 8, 5, 5, 7, 8, 7, 8, 7, 5, 7, 9, 5, 9, 6, 7, 5, 8, 7, 9, 9, 6, 8, 8], [7, 6, 8, 5, 9, 5, 7, 8, 7, 9, 7, 7, 8, 6, 5, 9, 9, 7, 8, 8, 9, 6, 8, 6, 5, 7, 9, 5, 5, 5, 7, 9, 5, 7, 7, 7, 9, 9, 6, 5, 9, 8, 7, 5, 8, 7, 8, 9, 7, 8], [6, 7, 9, 7, 9, 8, 7, 9, 9, 8, 5, 9, 9, 5, 5, 9, 7, 8, 6, 6, 5, 8, 6, 7, 9, 9, 9, 5, 6, 7, 7, 8, 7, 6, 8, 7, 6, 6, 5, 9, 9, 7, 5, 9, 5, 8, 7, 5, 9, 7], [5, 8, 7, 5, 6, 5, 7, 9, 5, 7, 7, 6, 6, 6, 7, 8, 5, 9, 6, 7, 5, 7, 7, 5, 6, 5, 9, 6, 9, 5, 9, 9, 6, 5, 7, 6, 8, 7, 7, 6, 8, 8, 6, 8, 8, 9, 5, 8, 6, 7], [7, 8, 5, 8, 7, 9, 8, 5, 5, 6, 7, 9, 6, 8, 8, 7, 5, 9, 7, 5, 7, 9, 8, 9, 8, 7, 6, 5, 8, 6, 8, 5, 8, 6, 9, 9, 8, 8, 6, 9, 5, 7, 9, 9, 7, 9, 5, 6, 6, 6], [8, 8, 6, 5, 7, 6, 5, 5, 9, 7, 7, 6, 6, 5, 9, 9, 6, 6, 7, 8, 5, 6, 5, 5, 7, 7, 5, 5, 9, 5, 9, 6, 9, 9, 8, 8, 7, 6, 5, 6, 5, 5, 8, 9, 9, 5, 6, 8, 5, 9], [6, 5, 7, 6, 9, 6, 6, 8, 7, 7, 7, 8, 8, 7, 6, 7, 5, 7, 9, 5, 6, 5, 7, 9, 9, 8, 7, 6, 7, 9, 5, 7, 5, 9, 6, 5, 5, 9, 5, 9, 6, 5, 6, 9, 7, 5, 8, 5, 7, 5], [7, 8, 5, 9, 5, 9, 7, 6, 6, 7, 9, 8, 5, 8, 9, 5, 6, 6, 7, 8, 6, 7, 7, 6, 5, 5, 5, 9, 6, 8, 8, 9, 5, 6, 6, 6, 7, 5, 8, 7, 5, 8, 5, 6, 7, 9, 7, 7, 8, 7], [9, 5, 6, 6, 6, 5, 8, 5, 7, 6, 7, 9, 6, 6, 9, 8, 5, 5, 7, 5, 8, 8, 5, 6, 9, 9, 5, 8, 8, 6, 5, 8, 7, 8, 9, 7, 8, 5, 9, 9, 9, 5, 5, 8, 5, 8, 9, 8, 8, 5], [5, 9, 6, 8, 8, 8, 5, 6, 8, 5, 5, 8, 5, 5, 5, 6, 5, 6, 8, 6, 7, 7, 5, 9, 8, 9, 9, 8, 7, 7, 6, 6, 7, 9, 7, 9, 5, 9, 9, 6, 9, 9, 8, 8, 6, 8, 7, 9, 5, 9], [5, 5, 8, 5, 6, 8, 6, 6, 5, 7, 9, 5, 9, 9, 5, 5, 7, 9, 8, 6, 8, 8, 9, 5, 5, 5, 9, 9, 7, 6, 6, 7, 8, 8, 5, 6, 9, 6, 9, 5, 5, 5, 6, 5, 9, 6, 7, 9, 6, 5], [6, 5, 6, 6, 5, 7, 7, 6, 8, 6, 9, 9, 7, 5, 8, 8, 5, 6, 9, 5, 7, 6, 5, 7, 9, 8, 8, 7, 5, 7, 9, 8, 6, 8, 7, 5, 8, 5, 6, 9, 8, 7, 9, 6, 9, 7, 8, 8, 9, 5], [9, 9, 5, 9, 8, 9, 5, 5, 7, 6, 8, 9, 7, 8, 9, 6, 6, 7, 7, 7, 8, 6, 6, 8, 5, 5, 8, 7, 8, 6, 8, 7, 8, 7, 8, 5, 7, 5, 8, 5, 6, 5, 8, 5, 9, 9, 8, 8, 6, 7], [6, 6, 6, 6, 5, 6, 7, 8, 8, 6, 6, 9, 5, 8, 9, 5, 5, 8, 7, 8, 5, 5, 5, 9, 9, 5, 6, 7, 6, 8, 5, 7, 6, 9, 6, 8, 6, 5, 5, 9, 8, 8, 5, 5, 7, 5, 5, 5, 8, 7], [9, 5, 8, 6, 5, 7, 5, 7, 8, 8, 6, 6, 6, 9, 7, 8, 7, 6, 8, 7, 6, 6, 8, 6, 8, 6, 5, 7, 7, 9, 7, 5, 7, 9, 9, 5, 7, 6, 9, 8, 7, 9, 5, 6, 7, 5, 8, 7, 9, 9], [7, 9, 6, 7, 7, 5, 8, 6, 5, 6, 8, 9, 8, 5, 8, 9, 7, 5, 9, 8, 6, 6, 6, 7, 5, 5, 9, 8, 9, 6, 8, 9, 7, 8, 7, 8, 5, 6, 6, 6, 6, 6, 7, 9, 5, 5, 6, 6, 9, 8], [9, 8, 8, 5, 9, 5, 7, 6, 6, 8, 6, 6, 5, 9, 8, 6, 6, 6, 6, 6, 8, 6, 7, 7, 6, 6, 5, 6, 5, 9, 9, 7, 8, 7, 5, 7, 8, 7, 5, 5, 7, 6, 5, 9, 6, 6, 5, 5, 6, 9], [5, 6, 6, 9, 9, 8, 5, 7, 5, 6, 8, 6, 9, 8, 5, 5, 6, 8, 6, 5, 8, 8, 7, 9, 9, 8, 6, 6, 7, 7, 6, 9, 9, 6, 5, 8, 8, 8, 5, 6, 7, 7, 9, 5, 6, 5, 9, 5, 6, 5], [7, 9, 7, 5, 7, 9, 6, 7, 7, 9, 9, 6, 5, 5, 7, 7, 9, 9, 6, 7, 7, 8, 5, 7, 9, 6, 5, 7, 5, 8, 9, 9, 5, 5, 5, 9, 6, 8, 9, 5, 8, 7, 7, 8, 9, 5, 5, 6, 5, 5], [6, 9, 6, 8, 9, 7, 6, 8, 7, 8, 5, 5, 9, 7, 5, 9, 6, 6, 5, 7, 8, 6, 5, 6, 5, 8, 5, 7, 7, 5, 7, 5, 7, 6, 5, 7, 7, 6, 6, 9, 5, 7, 8, 9, 9, 5, 5, 6, 9, 7], [7, 6, 6, 5, 7, 5, 5, 5, 5, 6, 8, 5, 7, 8, 9, 6, 9, 5, 5, 9, 9, 8, 8, 6, 5, 7, 8, 6, 9, 6, 5, 5, 7, 6, 6, 7, 5, 8, 6, 6, 7, 6, 7, 6, 7, 7, 5, 6, 5, 5], [5, 6, 6, 7, 8, 9, 5, 8, 8, 9, 6, 9, 7, 5, 9, 9, 6, 7, 5, 7, 9, 8, 7, 5, 9, 8, 9, 7, 7, 7, 8, 5, 7, 6, 5, 8, 8, 8, 7, 6, 8, 8, 6, 7, 8, 9, 6, 6, 6, 9], [5, 5, 8, 5, 5, 8, 8, 8, 8, 8, 8, 6, 6, 9, 7, 8, 6, 7, 9, 9, 5, 5, 8, 6, 9, 8, 7, 9, 9, 5, 6, 7, 9, 6, 9, 5, 7, 9, 6, 7, 5, 7, 6, 6, 7, 9, 5, 8, 8, 7], [9, 5, 9, 6, 5, 6, 9, 9, 7, 7, 6, 5, 5, 8, 5, 6, 7, 7, 9, 6, 5, 6, 5, 6, 5, 7, 5, 8, 7, 6, 7, 8, 6, 9, 5, 7, 7, 7, 9, 7, 8, 5, 8, 6, 8, 7, 5, 6, 7, 7], [6, 9, 8, 5, 9, 5, 5, 6, 9, 5, 5, 9, 9, 8, 7, 5, 6, 6, 9, 7, 5, 6, 9, 9, 7, 9, 5, 5, 5, 6, 7, 5, 5, 6, 6, 7, 6, 6, 9, 5, 6, 7, 7, 9, 9, 9, 6, 6, 5, 5], [8, 6, 5, 9, 9, 8, 8, 9, 5, 7, 5, 6, 8, 6, 6, 5, 9, 5, 5, 5, 6, 6, 7, 8, 8, 9, 6, 5, 6, 5, 9, 5, 6, 9, 7, 9, 6, 8, 7, 5, 5, 9, 8, 6, 8, 8, 5, 8, 8, 7], [7, 7, 7, 6, 7, 6, 6, 6, 9, 9, 8, 8, 6, 5, 6, 8, 7, 6, 5, 9, 8, 7, 9, 8, 8, 6, 5, 6, 8, 7, 5, 7, 6, 5, 9, 8, 7, 7, 6, 5, 8, 5, 5, 6, 8, 5, 9, 5, 7, 6], [9, 5, 6, 8, 7, 5, 9, 5, 5, 8, 5, 9, 8, 7, 8, 8, 5, 6, 5, 9, 7, 5, 6, 9, 7, 8, 7, 5, 8, 5, 6, 6, 9, 5, 5, 5, 6, 8, 9, 5, 9, 5, 6, 6, 9, 8, 6, 5, 6, 5], [7, 5, 7, 7, 6, 6, 7, 6, 5, 8, 6, 8, 6, 9, 9, 6, 6, 6, 9, 6, 7, 9, 6, 5, 7, 7, 7, 8, 8, 8, 5, 9, 5, 6, 7, 6, 5, 5, 7, 7, 6, 6, 6, 8, 7, 8, 9, 9, 9, 8], [6, 5, 7, 5, 7, 6, 6, 8, 8, 5, 6, 6, 6, 9, 9, 9, 6, 7, 7, 8, 5, 9, 6, 6, 6, 9, 9, 7, 5, 7, 8, 5, 6, 6, 9, 8, 8, 9, 5, 6, 5, 6, 7, 9, 8, 8, 5, 7, 9, 6], [9, 6, 7, 8, 7, 7, 8, 5, 5, 7, 6, 9, 8, 5, 5, 9, 8, 7, 7, 5, 7, 9, 9, 9, 8, 9, 6, 7, 7, 5, 8, 5, 6, 6, 8, 5, 5, 8, 5, 8, 7, 7, 8, 9, 9, 5, 8, 8, 9, 8], [7, 6, 6, 9, 5, 5, 6, 6, 5, 5, 7, 8, 6, 7, 7, 9, 8, 7, 6, 5, 9, 7, 9, 5, 7, 7, 9, 8, 6, 5, 7, 9, 6, 6, 6, 5, 8, 8, 7, 9, 6, 9, 8, 7, 9, 9, 5, 7, 8, 9], [9, 5, 5, 7, 6, 6, 7, 8, 7, 5, 5, 9, 6, 7, 8, 8, 9, 5, 5, 8, 8, 5, 8, 6, 7, 5, 8, 7, 8, 9, 8, 7, 9, 8, 5, 6, 8, 8, 7, 5, 5, 8, 6, 6, 9, 7, 5, 5, 8, 5], [9, 8, 9, 5, 5, 5, 9, 9, 7, 5, 8, 9, 8, 9, 9, 9, 7, 8, 9, 5, 6, 9, 8, 6, 5, 9, 6, 9, 9, 8, 7, 9, 8, 6, 9, 5, 6, 6, 8, 7, 6, 7, 9, 6, 9, 7, 9, 5, 6, 7], [9, 7, 9, 9, 5, 5, 9, 5, 5, 9, 7, 9, 7, 9, 8, 6, 8, 8, 6, 5, 8, 5, 6, 5, 8, 7, 7, 5, 7, 6, 8, 5, 8, 5, 6, 7, 5, 7, 8, 7, 9, 8, 7, 8, 9, 6, 5, 5, 8, 8], [8, 8, 6, 6, 6, 8, 8, 9, 6, 6, 8, 5, 9, 5, 5, 6, 9, 6, 9, 6, 9, 6, 7, 8, 5, 8, 8, 9, 9, 7, 7, 6, 9, 5, 7, 6, 5, 5, 7, 5, 8, 5, 7, 6, 8, 7, 7, 8, 6, 7], [8, 8, 8, 7, 6, 5, 9, 9, 6, 9, 9, 5, 9, 5, 8, 7, 9, 7, 7, 6, 9, 8, 5, 8, 7, 9, 5, 8, 7, 8, 9, 8, 6, 7, 9, 6, 6, 8, 9, 9, 7, 8, 6, 8, 6, 9, 7, 5, 7, 7], [7, 7, 8, 7, 6, 9, 8, 9, 9, 7, 7, 6, 5, 8, 8, 7, 5, 7, 9, 5, 8, 9, 7, 6, 6, 9, 5, 5, 7, 5, 9, 7, 8, 6, 9, 8, 5, 5, 8, 9, 7, 8, 7, 5, 5, 8, 6, 6, 7, 8], [6, 5, 9, 9, 6, 9, 7, 5, 7, 7, 6, 7, 6, 7, 8, 7, 9, 9, 6, 5, 5, 5, 7, 6, 6, 6, 6, 9, 8, 6, 7, 8, 9, 5, 7, 6, 9, 6, 9, 9, 5, 5, 7, 8, 9, 8, 6, 5, 8, 9], [7, 5, 9, 6, 8, 6, 7, 8, 9, 7, 8, 5, 7, 8, 7, 5, 6, 8, 6, 5, 8, 5, 8, 7, 7, 8, 7, 9, 5, 7, 6, 5, 8, 6, 6, 9, 6, 6, 6, 5, 8, 5, 8, 7, 8, 8, 7, 5, 9, 5], [9, 5, 6, 7, 6, 6, 9, 7, 6, 9, 5, 5, 7, 6, 5, 9, 9, 5, 6, 9, 7, 5, 6, 7, 9, 7, 6, 9, 5, 9, 8, 8, 6, 5, 7, 8, 6, 9, 7, 6, 8, 5, 6, 5, 7, 6, 9, 6, 8, 9], [9, 8, 9, 8, 7, 9, 6, 8, 9, 8, 5, 5, 6, 6, 6, 9, 9, 8, 6, 9, 9, 7, 9, 8, 7, 5, 9, 5, 6, 7, 5, 9, 6, 8, 7, 7, 9, 7, 8, 7, 5, 7, 7, 9, 8, 6, 8, 9, 7, 8], [8, 9, 9, 6, 7, 9, 5, 7, 6, 6, 7, 9, 8, 9, 7, 9, 8, 5, 8, 6, 5, 8, 7, 8, 8, 8, 9, 9, 5, 9, 5, 5, 5, 9, 9, 7, 7, 6, 5, 5, 7, 6, 8, 9, 9, 8, 9, 8, 9, 6], [9, 5, 7, 8, 9, 9, 8, 6, 7, 7, 9, 5, 9, 9, 6, 7, 8, 7, 5, 5, 7, 7, 7, 7, 7, 8, 8, 6, 8, 9, 9, 5, 8, 7, 8, 6, 6, 7, 9, 7, 6, 6, 7, 9, 5, 9, 6, 7, 8, 6], [8, 9, 7, 9, 7, 6, 5, 5, 6, 9, 6, 6, 8, 9, 9, 8, 8, 5, 9, 7, 7, 5, 9, 8, 8, 6, 6, 8, 5, 8, 5, 9, 6, 5, 8, 8, 5, 9, 9, 5, 5, 5, 9, 6, 7, 9, 9, 9, 8, 5], [5, 9, 6, 8, 8, 7, 7, 7, 9, 5, 6, 7, 7, 7, 5, 7, 7, 7, 7, 7, 7, 7, 8, 5, 8, 5, 5, 6, 6, 7, 8, 6, 8, 9, 6, 6, 7, 6, 9, 6, 9, 8, 6, 5, 7, 9, 5, 5, 5, 7], [5, 7, 6, 8, 8, 8, 9, 6, 7, 9, 6, 7, 8, 5, 7, 9, 6, 8, 5, 5, 8, 9, 8, 5, 6, 8, 7, 8, 5, 9, 6, 8, 9, 6, 5, 8, 9, 9, 5, 7, 5, 8, 9, 9, 5, 6, 9, 9, 6, 8], [6, 6, 5, 6, 6, 9, 7, 8, 9, 9, 7, 8, 7, 9, 6, 8, 6, 5, 9, 5, 5, 8, 9, 8, 6, 7, 9, 7, 9, 5, 7, 6, 6, 9, 8, 9, 7, 5, 8, 8, 8, 8, 7, 5, 8, 7, 6, 6, 8, 5], [5, 6, 6, 5, 8, 9, 5, 6, 6, 8, 6, 8, 9, 5, 6, 5, 7, 8, 7, 8, 9, 5, 6, 7, 8, 5, 5, 6, 5, 6, 7, 8, 8, 7, 9, 5, 9, 8, 6, 8, 9, 8, 9, 7, 6, 7, 9, 6, 7, 6], [5, 5, 6, 9, 6, 5, 8, 8, 6, 9, 5, 6, 7, 8, 6, 7, 7, 5, 9, 7, 9, 7, 9, 5, 5, 5, 7, 9, 9, 9, 9, 9, 8, 7, 5, 9, 8, 5, 9, 6, 5, 6, 5, 6, 5, 7, 9, 8, 7, 8], [7, 9, 8, 5, 6, 8, 9, 7, 7, 8, 7, 5, 6, 6, 6, 5, 5, 7, 8, 9, 5, 9, 9, 8, 6, 7, 8, 5, 7, 8, 9, 8, 6, 9, 5, 8, 5, 8, 7, 7, 5, 5, 5, 7, 5, 7, 9, 6, 9, 7], [6, 5, 8, 8, 8, 9, 9, 7, 7, 7, 9, 8, 8, 8, 5, 9, 7, 9, 7, 6, 5, 8, 6, 9, 7, 8, 9, 5, 9, 8, 6, 9, 8, 8, 5, 8, 9, 5, 9, 5, 9, 7, 8, 9, 5, 6, 9, 6, 9, 8], [6, 9, 9, 9, 7, 6, 6, 7, 8, 9, 9, 5, 6, 9, 9, 5, 5, 7, 7, 5, 6, 5, 5, 8, 8, 9, 7, 5, 7, 6, 9, 8, 9, 8, 8, 9, 6, 5, 9, 5, 6, 8, 9, 9, 5, 5, 8, 7, 9, 5], [5, 8, 8, 6, 5, 5, 7, 5, 5, 6, 7, 8, 8, 6, 5, 6, 9, 5, 5, 8, 7, 5, 8, 7, 5, 5, 9, 6, 7, 8, 8, 6, 8, 9, 9, 8, 5, 5, 8, 5, 5, 6, 8, 7, 5, 9, 5, 8, 6, 6], [6, 5, 6, 9, 6, 8, 7, 8, 8, 7, 6, 8, 5, 5, 6, 6, 5, 8, 5, 7, 7, 7, 6, 7, 9, 5, 9, 8, 8, 6, 9, 7, 8, 5, 6, 6, 7, 6, 5, 5, 7, 7, 8, 5, 8, 8, 5, 8, 9, 8], [8, 5, 6, 9, 6, 8, 5, 8, 8, 8, 8, 5, 7, 8, 5, 8, 7, 9, 5, 8, 8, 7, 6, 5, 7, 6, 5, 7, 6, 9, 9, 6, 7, 7, 9, 7, 9, 5, 6, 8, 6, 5, 6, 7, 7, 5, 9, 5, 9, 5], [5, 7, 6, 6, 6, 8, 8, 7, 8, 9, 7, 8, 5, 9, 7, 9, 7, 9, 5, 8, 6, 9, 9, 7, 8, 7, 5, 5, 8, 6, 5, 7, 6, 8, 7, 7, 9, 9, 8, 5, 6, 9, 5, 8, 8, 9, 5, 8, 6, 8], [7, 7, 7, 8, 9, 9, 8, 7, 8, 5, 9, 6, 7, 5, 8, 7, 6, 7, 9, 7, 6, 6, 9, 8, 7, 5, 7, 8, 6, 5, 5, 6, 5, 8, 9, 7, 7, 9, 5, 6, 5, 8, 5, 9, 5, 7, 5, 7, 7, 6], [7, 7, 8, 5, 6, 9, 6, 5, 6, 7, 5, 9, 5, 6, 8, 5, 7, 9, 9, 5, 8, 9, 7, 9, 6, 6, 9, 7, 5, 5, 5, 9, 9, 6, 8, 5, 5, 8, 5, 5, 5, 5, 8, 5, 7, 9, 9, 6, 7, 8], [5, 9, 7, 7, 8, 7, 8, 8, 7, 9, 5, 7, 6, 7, 8, 5, 6, 7, 6, 8, 9, 5, 7, 7, 5, 6, 5, 6, 6, 7, 7, 5, 6, 6, 5, 8, 5, 8, 9, 8, 9, 8, 7, 5, 9, 7, 7, 7, 8, 5], [5, 6, 6, 9, 8, 6, 7, 5, 6, 8, 9, 5, 7, 6, 8, 8, 7, 9, 7, 5, 8, 9, 8, 9, 7, 8, 9, 9, 6, 7, 8, 6, 8, 6, 5, 6, 7, 7, 9, 6, 7, 8, 8, 8, 6, 6, 6, 6, 6, 5], [8, 7, 7, 9, 7, 7, 9, 5, 7, 7, 9, 7, 8, 6, 6, 5, 6, 6, 5, 8, 6, 9, 5, 6, 6, 6, 5, 8, 7, 5, 7, 9, 5, 6, 9, 8, 5, 5, 9, 9, 6, 5, 6, 9, 5, 7, 8, 9, 5, 9], [8, 8, 5, 7, 8, 6, 6, 6, 5, 9, 7, 7, 5, 8, 5, 6, 8, 6, 8, 8, 6, 7, 7, 5, 9, 8, 6, 8, 5, 6, 8, 8, 6, 8, 8, 6, 7, 9, 5, 5, 8, 6, 9, 8, 9, 5, 8, 6, 5, 5], [7, 9, 7, 5, 6, 7, 7, 5, 5, 7, 8, 7, 5, 8, 9, 6, 7, 8, 6, 9, 7, 9, 8, 8, 8, 6, 9, 8, 5, 6, 5, 8, 9, 5, 8, 6, 6, 6, 8, 5, 6, 6, 9, 9, 8, 8, 6, 8, 8, 6], [7, 9, 9, 5, 5, 9, 5, 9, 6, 5, 9, 8, 8, 7, 6, 9, 8, 8, 5, 5, 5, 5, 9, 6, 9, 6, 5, 6, 5, 8, 6, 6, 8, 5, 6, 9, 9, 6, 7, 7, 8, 5, 9, 6, 7, 8, 9, 8, 8, 8], [8, 9, 8, 5, 9, 5, 8, 8, 7, 6, 9, 9, 5, 9, 8, 5, 8, 5, 5, 5, 7, 8, 9, 9, 5, 5, 7, 8, 7, 7, 8, 7, 9, 7, 6, 6, 5, 8, 6, 6, 8, 8, 9, 8, 7, 5, 8, 5, 6, 8], [6, 9, 8, 5, 6, 9, 8, 8, 5, 7, 9, 7, 9, 6, 5, 5, 5, 9, 8, 5, 9, 6, 6, 9, 9, 5, 5, 6, 5, 6, 5, 8, 5, 5, 8, 9, 5, 8, 8, 7, 6, 6, 6, 5, 6, 5, 9, 8, 5, 6], [7, 6, 6, 7, 5, 7, 5, 6, 9, 5, 6, 8, 6, 6, 9, 5, 8, 9, 9, 8, 9, 7, 5, 6, 5, 9, 6, 5, 5, 5, 9, 8, 9, 5, 7, 5, 5, 7, 6, 8, 5, 9, 5, 9, 6, 5, 5, 8, 5, 7], [9, 7, 7, 8, 5, 7, 7, 5, 9, 5, 7, 9, 7, 8, 5, 9, 9, 6, 6, 6, 8, 5, 7, 8, 8, 8, 7, 6, 7, 7, 7, 5, 5, 8, 6, 8, 7, 7, 9, 5, 8, 5, 8, 9, 9, 6, 6, 5, 9, 7], [9, 8, 6, 7, 7, 5, 7, 5, 8, 7, 6, 7, 6, 6, 6, 8, 6, 9, 9, 8, 5, 8, 8, 9, 7, 7, 7, 8, 8, 8, 6, 5, 5, 5, 7, 8, 6, 9, 8, 7, 5, 6, 6, 8, 8, 6, 8, 5, 8, 7], [7, 6, 8, 9, 9, 5, 8, 6, 5, 6, 8, 7, 5, 8, 8, 7, 9, 6, 6, 5, 6, 7, 6, 5, 8, 8, 9, 8, 9, 8, 8, 8, 9, 6, 9, 7, 7, 9, 9, 8, 9, 5, 6, 8, 5, 6, 6, 9, 7, 5], [9, 6, 6, 5, 5, 7, 6, 5, 9, 6, 7, 9, 8, 9, 9, 9, 9, 6, 6, 5, 7, 7, 7, 9, 6, 5, 7, 9, 7, 5, 7, 9, 5, 9, 5, 5, 9, 6, 5, 9, 5, 5, 9, 9, 5, 6, 7, 5, 7, 7], [9, 5, 7, 8, 6, 9, 7, 9, 6, 7, 9, 8, 9, 8, 6, 8, 8, 5, 7, 6, 6, 5, 6, 8, 7, 6, 6, 9, 5, 8, 8, 8, 8, 6, 5, 9, 6, 8, 5, 7, 7, 5, 5, 7, 5, 9, 8, 8, 5, 5], [5, 9, 9, 5, 5, 7, 6, 9, 5, 6, 9, 5, 9, 6, 6, 6, 5, 5, 5, 9, 5, 9, 6, 8, 7, 6, 6, 5, 9, 6, 7, 5, 5, 5, 8, 6, 6, 5, 8, 8, 6, 5, 5, 8, 7, 5, 5, 8, 6, 9], [7, 8, 5, 6, 9, 7, 6, 6, 8, 5, 9, 6, 6, 8, 9, 7, 6, 8, 7, 5, 5, 5, 9, 9, 8, 5, 7, 8, 5, 9, 5, 9, 6, 8, 5, 7, 5, 7, 6, 9, 5, 9, 6, 7, 6, 8, 8, 8, 8, 5], [6, 8, 9, 6, 8, 6, 5, 7, 9, 5, 6, 7, 6, 9, 6, 7, 5, 6, 5, 8, 6, 8, 7, 5, 7, 5, 8, 7, 8, 6, 7, 9, 6, 6, 6, 9, 9, 6, 5, 6, 5, 5, 8, 7, 5, 7, 6, 8, 5, 9], [5, 5, 8, 6, 8, 9, 7, 5, 6, 6, 5, 6, 7, 7, 9, 9, 7, 8, 6, 7, 9, 7, 8, 8, 8, 5, 5, 8, 7, 8, 7, 5, 6, 9, 6, 5, 8, 6, 6, 7, 5, 6, 8, 7, 9, 6, 7, 6, 9, 7], [6, 7, 7, 6, 8, 8, 8, 6, 7, 8, 7, 6, 5, 8, 7, 6, 8, 5, 8, 9, 9, 6, 7, 6, 8, 9, 7, 5, 6, 6, 8, 8, 6, 6, 7, 9, 5, 9, 8, 7, 7, 9, 5, 9, 7, 6, 8, 5, 9, 9], [8, 8, 5, 6, 7, 6, 8, 7, 9, 7, 9, 8, 5, 7, 9, 7, 6, 7, 7, 6, 8, 9, 6, 7, 5, 9, 8, 8, 5, 7, 5, 6, 8, 8, 8, 7, 8, 5, 5, 8, 7, 6, 9, 9, 9, 6, 6, 7, 8, 7], [8, 9, 5, 6, 7, 5, 5, 9, 7, 8, 9, 9, 8, 8, 7, 6, 7, 5, 7, 6, 6, 7, 7, 6, 9, 6, 9, 8, 7, 5, 9, 5, 5, 9, 6, 8, 5, 8, 7, 6, 8, 9, 6, 9, 7, 8, 9, 9, 5, 9], [9, 6, 6, 8, 6, 7, 8, 7, 7, 5, 6, 9, 8, 5, 5, 9, 8, 6, 5, 5, 8, 6, 7, 8, 8, 9, 9, 9, 7, 6, 6, 5, 7, 6, 6, 5, 9, 6, 5, 5, 6, 7, 5, 5, 8, 7, 6, 5, 7, 8], [7, 5, 6, 8, 9, 6, 9, 7, 7, 5, 5, 8, 9, 8, 8, 8, 5, 9, 8, 7, 6, 7, 8, 7, 7, 7, 6, 8, 9, 7, 8, 9, 9, 6, 7, 6, 9, 9, 6, 8, 7, 6, 7, 8, 7, 5, 7, 5, 6, 6], [8, 7, 5, 8, 5, 7, 6, 7, 9, 7, 8, 9, 7, 7, 6, 7, 8, 9, 5, 6, 5, 8, 7, 8, 5, 7, 5, 6, 5, 9, 5, 7, 7, 9, 8, 7, 7, 6, 5, 9, 7, 9, 7, 9, 5, 6, 5, 7, 9, 6], [6, 9, 8, 5, 6, 5, 5, 5, 7, 6, 8, 5, 7, 6, 9, 9, 7, 5, 9, 8, 9, 8, 7, 6, 7, 7, 7, 8, 8, 6, 6, 5, 9, 7, 5, 8, 6, 6, 9, 7, 8, 5, 6, 7, 9, 8, 7, 5, 6, 7], [5, 8, 5, 8, 7, 6, 5, 9, 9, 6, 6, 7, 8, 7, 5, 8, 8, 9, 5, 6, 7, 7, 7, 7, 8, 5, 7, 6, 5, 8, 6, 6, 6, 6, 8, 7, 8, 7, 8, 9, 6, 5, 8, 7, 8, 6, 9, 7, 6, 5], [8, 6, 8, 9, 8, 8, 6, 5, 6, 8, 6, 9, 5, 7, 5, 6, 9, 6, 6, 8, 7, 5, 5, 6, 7, 8, 7, 5, 5, 5, 5, 5, 5, 5, 7, 9, 7, 5, 6, 7, 6, 9, 7, 7, 5, 5, 6, 7, 8, 6], [5, 5, 9, 5, 5, 5, 9, 8, 5, 5, 8, 8, 6, 8, 9, 8, 5, 5, 6, 8, 7, 6, 6, 9, 5, 6, 8, 6, 5, 5, 7, 6, 8, 8, 6, 5, 8, 5, 5, 6, 5, 6, 8, 8, 6, 7, 8, 6, 7, 6], [7, 5, 5, 5, 9, 7, 9, 8, 6, 7, 9, 8, 6, 9, 7, 9, 5, 8, 5, 6, 9, 6, 8, 7, 5, 9, 6, 9, 9, 9, 6, 8, 7, 7, 8, 5, 8, 6, 8, 9, 6, 6, 9, 5, 5, 9, 9, 8, 6, 5], [8, 9, 8, 7, 5, 9, 8, 6, 5, 6, 9, 9, 9, 5, 8, 9, 7, 6, 5, 6, 8, 8, 5, 9, 5, 8, 8, 8, 8, 7, 5, 7, 8, 5, 5, 6, 5, 7, 8, 6, 7, 7, 6, 8, 5, 8, 6, 7, 5, 5], [5, 9, 5, 9, 9, 7, 7, 8, 7, 6, 5, 8, 6, 5, 8, 6, 8, 5, 6, 5, 7, 9, 8, 6, 6, 5, 6, 7, 7, 5, 6, 6, 9, 5, 6, 5, 7, 6, 5, 5, 5, 6, 9, 8, 9, 9, 9, 9, 5, 5]]
Demand for each product in each period d: 
[[4, 9, 5, 0, 48, 39, 3, 31, 19, 30, 0, 3, 18, 30, 43, 21, 3, 30, 37, 0, 45, 5, 27, 26, 42, 43, 23, 43, 24, 42, 0, 24, 32, 16, 0, 39, 22, 12, 8, 10, 46, 0, 7, 47, 48, 5, 41, 30, 24, 33], [45, 15, 23, 1, 46, 8, 9, 23, 32, 23, 0, 0, 13, 17, 3, 16, 26, 42, 36, 43, 19, 17, 2, 46, 41, 32, 15, 28, 26, 33, 45, 5, 19, 8, 7, 33, 29, 16, 28, 10, 10, 21, 46, 0, 0, 21, 14, 11, 43, 6], [11, 44, 2, 5, 44, 41, 33, 19, 44, 21, 21, 25, 1, 11, 9, 47, 0, 22, 24, 46, 47, 45, 2, 4, 17, 20, 45, 16, 29, 0, 21, 42, 0, 37, 10, 44, 16, 25, 32, 46, 39, 36, 40, 13, 13, 26, 27, 23, 3, 33], [35, 49, 42, 33, 22, 32, 42, 14, 47, 13, 16, 13, 15, 13, 1, 45, 29, 14, 16, 18, 18, 21, 46, 22, 28, 16, 9, 48, 36, 26, 31, 10, 42, 16, 6, 45, 0, 7, 32, 7, 30, 30, 27, 47, 0, 7, 39, 24, 19, 26], [29, 3, 32, 12, 35, 16, 28, 35, 0, 41, 45, 18, 41, 0, 0, 42, 23, 5, 33, 3, 24, 13, 46, 29, 24, 46, 30, 6, 33, 43, 23, 4, 31, 22, 10, 46, 3, 5, 39, 0, 4, 37, 0, 23, 0, 1, 1, 29, 16, 40], [38, 5, 38, 7, 43, 49, 47, 7, 24, 2, 38, 31, 0, 42, 26, 49, 12, 15, 32, 42, 31, 20, 44, 16, 5, 21, 30, 5, 38, 13, 9, 34, 16, 12, 44, 42, 3, 31, 12, 0, 37, 37, 34, 32, 14, 16, 18, 22, 24, 23], [40, 40, 10, 14, 13, 32, 0, 12, 36, 14, 44, 16, 18, 0, 42, 32, 1, 33, 16, 12, 33, 16, 13, 28, 7, 39, 41, 27, 30, 0, 8, 42, 40, 2, 0, 24, 18, 17, 2, 5, 14, 20, 15, 32, 21, 35, 11, 13, 28, 25], [19, 41, 27, 36, 11, 43, 2, 9, 11, 11, 25, 40, 43, 7, 0, 7, 6, 21, 17, 0, 27, 44, 9, 12, 8, 21, 46, 43, 47, 43, 17, 38, 13, 3, 21, 40, 7, 6, 20, 0, 0, 38, 49, 22, 36, 33, 35, 0, 48, 20], [37, 8, 22, 31, 25, 32, 28, 28, 0, 21, 37, 29, 2, 4, 33, 42, 5, 45, 49, 35, 41, 27, 0, 9, 20, 37, 40, 14, 21, 12, 37, 34, 46, 13, 20, 21, 32, 29, 30, 20, 33, 5, 27, 0, 25, 0, 6, 0, 14, 32], [29, 34, 2, 26, 20, 24, 15, 17, 36, 17, 1, 26, 20, 38, 41, 41, 48, 28, 0, 0, 36, 3, 49, 38, 17, 44, 25, 35, 43, 1, 41, 0, 4, 20, 0, 21, 15, 47, 1, 23, 41, 29, 36, 24, 1, 0, 39, 31, 39, 21], [29, 39, 22, 38, 41, 0, 7, 21, 0, 7, 49, 31, 46, 37, 9, 42, 44, 33, 24, 36, 9, 46, 36, 11, 28, 27, 43, 31, 6, 34, 23, 12, 29, 21, 24, 7, 0, 40, 32, 36, 39, 25, 43, 24, 43, 14, 26, 32, 13, 37], [0, 31, 8, 3, 31, 21, 1, 7, 44, 8, 19, 13, 18, 1, 11, 5, 16, 1, 39, 7, 43, 24, 18, 48, 48, 0, 11, 0, 44, 42, 15, 49, 38, 44, 0, 37, 2, 13, 38, 6, 30, 38, 3, 17, 48, 29, 11, 35, 3, 10], [44, 49, 18, 35, 20, 17, 13, 0, 15, 20, 9, 34, 9, 19, 19, 34, 3, 31, 9, 12, 37, 44, 46, 44, 8, 41, 26, 0, 16, 43, 48, 10, 40, 23, 9, 37, 49, 6, 21, 17, 40, 29, 14, 30, 29, 40, 22, 38, 0, 49], [7, 11, 15, 34, 24, 20, 0, 30, 12, 23, 1, 27, 19, 40, 11, 9, 14, 28, 34, 24, 21, 46, 11, 44, 34, 28, 7, 19, 34, 48, 1, 13, 17, 13, 22, 47, 11, 25, 24, 39, 21, 43, 42, 36, 13, 2, 48, 39, 30, 18], [0, 43, 42, 0, 0, 38, 15, 8, 1, 48, 43, 45, 19, 2, 28, 26, 37, 12, 11, 42, 42, 32, 2, 42, 21, 15, 22, 6, 18, 35, 10, 38, 16, 28, 32, 30, 23, 48, 26, 49, 30, 1, 18, 6, 36, 48, 6, 3, 30, 3], [5, 47, 23, 43, 0, 22, 13, 3, 49, 1, 22, 1, 40, 27, 40, 44, 5, 1, 38, 12, 16, 37, 49, 29, 22, 34, 15, 42, 5, 34, 16, 32, 49, 16, 21, 9, 4, 20, 49, 22, 7, 18, 18, 47, 2, 49, 6, 4, 39, 0], [0, 20, 16, 46, 10, 4, 33, 6, 20, 14, 18, 19, 18, 40, 35, 18, 44, 29, 28, 15, 8, 20, 37, 0, 20, 16, 21, 45, 46, 13, 3, 31, 48, 17, 36, 29, 1, 34, 24, 23, 18, 47, 32, 12, 13, 36, 9, 11, 43, 48], [22, 6, 18, 26, 11, 32, 46, 12, 16, 34, 5, 14, 17, 48, 26, 14, 26, 33, 20, 16, 34, 7, 33, 0, 40, 43, 19, 1, 32, 37, 10, 6, 23, 24, 0, 18, 22, 42, 44, 0, 34, 16, 34, 24, 35, 17, 30, 8, 19, 41], [23, 21, 47, 47, 10, 11, 0, 4, 21, 17, 39, 37, 19, 29, 29, 20, 10, 20, 27, 27, 31, 39, 30, 9, 24, 5, 20, 21, 30, 28, 38, 39, 0, 3, 40, 44, 37, 13, 48, 25, 20, 32, 22, 27, 24, 0, 3, 43, 45, 5], [47, 16, 17, 40, 26, 6, 29, 37, 42, 43, 30, 2, 48, 37, 5, 14, 4, 42, 14, 19, 6, 18, 37, 0, 5, 29, 2, 41, 34, 9, 20, 6, 0, 4, 36, 9, 0, 7, 4, 44, 26, 44, 29, 27, 30, 31, 30, 18, 6, 32], [49, 10, 22, 44, 34, 5, 16, 22, 27, 34, 37, 4, 44, 2, 4, 16, 24, 39, 48, 22, 35, 37, 12, 47, 9, 0, 15, 15, 34, 36, 44, 7, 39, 4, 0, 37, 32, 7, 2, 38, 46, 3, 5, 36, 33, 1, 45, 37, 32, 47], [48, 0, 1, 34, 15, 28, 44, 26, 25, 48, 19, 18, 49, 41, 30, 0, 35, 34, 0, 30, 41, 13, 27, 34, 44, 5, 32, 30, 10, 49, 4, 7, 39, 29, 26, 0, 36, 6, 30, 47, 39, 40, 0, 18, 3, 16, 4, 33, 38, 49], [13, 12, 39, 0, 34, 7, 13, 30, 44, 49, 0, 36, 11, 0, 38, 32, 4, 25, 15, 32, 36, 4, 48, 6, 5, 41, 1, 3, 2, 39, 29, 13, 49, 32, 35, 17, 43, 10, 38, 44, 30, 25, 36, 6, 46, 30, 13, 15, 37, 30], [25, 4, 5, 30, 36, 0, 40, 32, 26, 15, 37, 4, 18, 35, 27, 38, 1, 26, 37, 39, 41, 36, 45, 14, 38, 0, 29, 45, 14, 0, 19, 39, 29, 0, 0, 0, 36, 11, 0, 3, 37, 16, 10, 8, 0, 25, 15, 9, 14, 3], [44, 18, 15, 45, 3, 8, 2, 11, 23, 31, 42, 0, 49, 28, 13, 25, 45, 28, 11, 48, 0, 10, 7, 4, 6, 48, 35, 48, 43, 38, 36, 19, 9, 8, 21, 23, 12, 18, 1, 30, 46, 29, 16, 34, 0, 29, 40, 2, 45, 22], [45, 46, 7, 26, 49, 20, 26, 21, 19, 45, 12, 47, 3, 47, 0, 34, 1, 29, 20, 15, 4, 17, 23, 2, 18, 34, 0, 33, 33, 21, 4, 20, 29, 18, 11, 17, 9, 0, 11, 36, 41, 0, 0, 2, 39, 4, 43, 31, 12, 44], [28, 32, 45, 11, 37, 41, 48, 49, 46, 22, 30, 23, 16, 17, 25, 20, 10, 18, 32, 46, 9, 33, 15, 49, 0, 14, 9, 41, 14, 35, 23, 5, 9, 4, 17, 4, 22, 12, 39, 30, 25, 5, 6, 45, 37, 44, 24, 46, 14, 38], [23, 42, 24, 3, 12, 34, 46, 24, 43, 20, 24, 7, 2, 6, 6, 38, 0, 3, 10, 43, 24, 21, 37, 9, 38, 3, 23, 43, 20, 30, 18, 5, 4, 8, 29, 32, 37, 48, 0, 39, 5, 3, 43, 28, 26, 35, 5, 33, 26, 17], [8, 40, 21, 38, 31, 21, 30, 21, 21, 46, 23, 46, 0, 13, 2, 15, 13, 6, 41, 2, 14, 24, 16, 42, 28, 14, 9, 9, 15, 31, 0, 23, 10, 7, 38, 18, 44, 3, 17, 44, 20, 39, 48, 43, 44, 6, 39, 0, 33, 19], [1, 2, 48, 43, 27, 8, 49, 0, 15, 31, 11, 1, 17, 26, 8, 45, 46, 35, 34, 42, 10, 5, 42, 39, 14, 49, 19, 0, 19, 5, 32, 18, 0, 33, 31, 24, 29, 33, 11, 30, 17, 41, 32, 12, 31, 41, 17, 11, 9, 13], [34, 27, 10, 43, 5, 13, 11, 22, 0, 16, 3, 12, 23, 35, 38, 18, 46, 15, 44, 44, 18, 0, 42, 14, 14, 31, 23, 40, 48, 4, 25, 25, 41, 48, 32, 18, 17, 9, 21, 16, 42, 40, 27, 24, 6, 13, 13, 20, 36, 39], [2, 16, 30, 22, 40, 31, 20, 37, 18, 0, 0, 40, 29, 24, 21, 34, 20, 31, 24, 0, 5, 18, 26, 2, 29, 17, 43, 23, 12, 34, 2, 48, 40, 43, 24, 31, 28, 37, 4, 46, 5, 42, 4, 41, 6, 13, 10, 12, 25, 14], [9, 29, 13, 19, 12, 25, 12, 30, 28, 39, 42, 3, 1, 3, 24, 32, 38, 5, 2, 31, 40, 17, 49, 22, 7, 2, 28, 8, 46, 31, 0, 33, 22, 4, 5, 36, 0, 46, 21, 12, 11, 11, 38, 37, 45, 27, 0, 23, 25, 49], [21, 49, 48, 41, 18, 2, 30, 5, 34, 27, 18, 22, 41, 13, 38, 8, 35, 0, 37, 0, 0, 2, 12, 2, 2, 42, 18, 19, 19, 27, 39, 0, 45, 39, 41, 6, 2, 5, 35, 0, 0, 20, 30, 2, 46, 47, 1, 31, 47, 41], [5, 25, 28, 22, 10, 38, 1, 0, 42, 0, 17, 34, 46, 0, 34, 20, 3, 25, 17, 2, 49, 26, 17, 6, 37, 6, 4, 22, 46, 34, 42, 21, 26, 23, 37, 14, 33, 33, 9, 32, 28, 0, 42, 5, 35, 8, 35, 7, 46, 34], [39, 9, 37, 43, 32, 36, 19, 45, 18, 47, 47, 10, 19, 45, 9, 46, 22, 35, 21, 3, 39, 12, 10, 48, 37, 0, 48, 0, 26, 25, 10, 27, 27, 5, 0, 46, 26, 47, 2, 36, 12, 18, 47, 46, 18, 3, 30, 49, 20, 31], [17, 46, 11, 22, 0, 26, 44, 14, 0, 40, 48, 30, 12, 49, 40, 17, 22, 19, 44, 23, 3, 0, 33, 0, 38, 0, 0, 28, 26, 11, 2, 38, 23, 12, 26, 16, 0, 18, 28, 8, 45, 44, 28, 27, 35, 1, 28, 17, 16, 17], [23, 21, 1, 43, 11, 32, 40, 35, 16, 13, 2, 37, 47, 38, 18, 0, 2, 45, 10, 49, 36, 44, 44, 3, 33, 3, 28, 23, 38, 19, 19, 14, 35, 22, 37, 40, 41, 0, 28, 31, 33, 11, 12, 27, 33, 32, 43, 18, 20, 49], [20, 16, 13, 18, 10, 45, 4, 28, 2, 46, 28, 5, 20, 26, 4, 28, 0, 15, 20, 41, 24, 11, 3, 16, 9, 25, 31, 2, 8, 27, 9, 36, 32, 28, 13, 18, 48, 2, 46, 10, 37, 30, 46, 46, 13, 9, 48, 33, 9, 9], [39, 30, 33, 19, 49, 15, 43, 23, 25, 39, 2, 7, 44, 38, 42, 23, 6, 48, 23, 11, 4, 46, 5, 17, 26, 11, 19, 29, 46, 48, 34, 14, 28, 30, 10, 5, 14, 21, 36, 45, 49, 0, 30, 31, 9, 44, 23, 36, 42, 45], [36, 44, 22, 47, 6, 30, 10, 24, 0, 7, 15, 18, 30, 39, 44, 0, 19, 46, 48, 14, 8, 48, 48, 30, 23, 10, 42, 0, 0, 7, 20, 37, 20, 44, 36, 38, 4, 25, 6, 40, 6, 16, 22, 1, 42, 7, 23, 48, 14, 18], [42, 0, 9, 49, 6, 43, 19, 20, 29, 23, 0, 13, 34, 2, 6, 42, 47, 12, 0, 17, 7, 7, 14, 21, 19, 41, 27, 24, 33, 0, 32, 26, 44, 7, 46, 17, 35, 40, 8, 21, 37, 1, 5, 7, 42, 35, 17, 33, 35, 24], [45, 5, 9, 16, 21, 43, 38, 47, 0, 10, 30, 48, 26, 0, 2, 23, 29, 33, 31, 4, 34, 0, 5, 22, 20, 17, 25, 44, 32, 10, 31, 39, 10, 33, 27, 12, 26, 38, 3, 24, 10, 0, 49, 36, 30, 36, 32, 33, 5, 41], [11, 41, 29, 45, 15, 15, 18, 17, 24, 9, 25, 24, 6, 15, 8, 2, 22, 46, 34, 37, 4, 30, 2, 34, 36, 7, 49, 7, 10, 26, 0, 5, 12, 32, 0, 5, 11, 13, 0, 16, 20, 0, 44, 9, 12, 26, 2, 27, 4, 9], [46, 40, 3, 26, 47, 24, 9, 47, 1, 25, 49, 31, 4, 5, 0, 37, 6, 37, 32, 16, 28, 33, 5, 41, 21, 1, 41, 18, 46, 2, 5, 45, 33, 44, 12, 5, 7, 33, 41, 44, 10, 40, 44, 1, 10, 35, 8, 43, 42, 28], [44, 21, 28, 15, 11, 16, 26, 3, 36, 12, 1, 49, 47, 41, 7, 31, 17, 7, 37, 29, 40, 0, 25, 2, 22, 21, 14, 29, 43, 28, 23, 8, 30, 46, 30, 21, 32, 18, 37, 18, 48, 0, 24, 33, 28, 47, 20, 0, 0, 9], [0, 49, 0, 49, 35, 47, 35, 42, 0, 44, 46, 11, 19, 46, 0, 5, 33, 25, 27, 2, 25, 30, 7, 44, 24, 37, 0, 3, 0, 34, 13, 44, 4, 30, 15, 16, 25, 36, 23, 12, 14, 17, 32, 11, 22, 43, 0, 2, 30, 21], [22, 5, 41, 21, 29, 29, 47, 21, 24, 27, 45, 27, 24, 6, 39, 17, 44, 49, 9, 0, 5, 34, 13, 44, 0, 4, 45, 10, 18, 30, 4, 12, 45, 14, 17, 41, 40, 11, 40, 34, 28, 43, 43, 16, 39, 23, 4, 17, 7, 10], [40, 42, 34, 24, 25, 44, 6, 44, 23, 3, 45, 49, 26, 32, 0, 0, 49, 27, 16, 16, 17, 41, 6, 2, 35, 25, 23, 1, 31, 36, 10, 49, 17, 24, 27, 9, 6, 41, 4, 9, 6, 3, 45, 41, 33, 39, 23, 6, 12, 26], [11, 14, 28, 34, 31, 0, 37, 39, 28, 20, 21, 9, 24, 34, 41, 40, 0, 44, 40, 24, 4, 0, 34, 29, 48, 36, 20, 46, 14, 34, 39, 3, 29, 2, 8, 24, 1, 32, 28, 7, 25, 42, 28, 48, 16, 31, 17, 8, 17, 11], [41, 24, 1, 32, 24, 7, 46, 35, 31, 18, 49, 9, 23, 33, 19, 34, 0, 1, 3, 44, 0, 41, 0, 29, 14, 47, 21, 38, 35, 6, 46, 42, 36, 6, 26, 27, 46, 40, 28, 12, 12, 31, 49, 25, 21, 39, 15, 13, 8, 31], [37, 38, 24, 24, 44, 16, 46, 16, 29, 34, 16, 0, 32, 1, 21, 0, 6, 31, 37, 48, 36, 27, 32, 8, 0, 49, 21, 20, 0, 21, 5, 8, 6, 28, 48, 31, 17, 12, 9, 22, 4, 3, 36, 22, 8, 41, 37, 41, 10, 8], [7, 36, 0, 15, 33, 11, 40, 22, 25, 0, 9, 24, 34, 33, 32, 3, 6, 41, 20, 28, 40, 24, 33, 4, 45, 17, 27, 11, 24, 49, 19, 22, 4, 10, 24, 13, 35, 35, 23, 41, 7, 11, 41, 38, 38, 37, 6, 7, 14, 48], [44, 40, 36, 21, 33, 14, 44, 34, 49, 24, 29, 14, 3, 10, 0, 31, 0, 35, 24, 10, 39, 1, 33, 20, 8, 22, 14, 49, 2, 19, 22, 6, 0, 11, 39, 36, 19, 37, 13, 20, 3, 49, 0, 19, 27, 19, 2, 44, 24, 5], [16, 22, 47, 49, 43, 8, 23, 2, 33, 42, 39, 39, 30, 18, 24, 4, 40, 0, 48, 16, 32, 9, 12, 18, 8, 37, 31, 4, 30, 41, 23, 0, 6, 26, 15, 5, 2, 0, 6, 8, 29, 33, 46, 28, 21, 27, 32, 12, 43, 0], [9, 0, 35, 27, 9, 22, 24, 8, 12, 19, 22, 34, 12, 4, 8, 40, 37, 29, 24, 2, 19, 31, 40, 40, 13, 27, 11, 2, 9, 36, 40, 43, 13, 42, 0, 33, 33, 39, 2, 0, 0, 20, 15, 16, 27, 29, 17, 22, 40, 4], [12, 5, 39, 19, 6, 23, 30, 21, 8, 0, 47, 15, 15, 28, 35, 14, 23, 37, 25, 45, 29, 10, 24, 0, 37, 48, 20, 1, 28, 0, 22, 21, 8, 46, 18, 9, 8, 46, 17, 45, 5, 34, 33, 29, 37, 22, 24, 29, 38, 35], [9, 4, 34, 29, 33, 33, 47, 47, 41, 20, 38, 24, 49, 47, 37, 46, 39, 48, 37, 12, 30, 42, 16, 29, 27, 18, 10, 0, 11, 5, 1, 17, 9, 9, 49, 39, 8, 41, 23, 10, 35, 29, 47, 10, 12, 10, 29, 15, 46, 10], [40, 29, 15, 31, 36, 43, 20, 48, 42, 35, 48, 15, 34, 16, 35, 23, 3, 0, 31, 11, 4, 19, 48, 38, 0, 4, 36, 20, 38, 31, 46, 9, 3, 28, 45, 3, 26, 31, 24, 2, 29, 37, 6, 18, 42, 33, 18, 49, 24, 0], [30, 22, 8, 13, 20, 0, 26, 30, 44, 0, 46, 23, 16, 31, 19, 32, 37, 14, 21, 2, 19, 43, 34, 40, 35, 41, 39, 49, 46, 10, 48, 35, 37, 24, 10, 0, 26, 38, 20, 27, 43, 13, 15, 48, 21, 46, 49, 28, 31, 2], [31, 18, 5, 37, 40, 32, 33, 49, 8, 15, 3, 44, 11, 41, 5, 46, 23, 43, 5, 31, 36, 32, 44, 32, 45, 15, 7, 18, 15, 24, 17, 20, 37, 35, 38, 35, 25, 36, 24, 7, 3, 25, 32, 5, 2, 40, 1, 30, 37, 46], [21, 19, 3, 5, 12, 9, 41, 41, 19, 13, 24, 48, 39, 37, 31, 44, 11, 39, 23, 2, 45, 3, 40, 7, 23, 34, 46, 23, 45, 4, 14, 40, 29, 0, 43, 24, 22, 13, 48, 28, 29, 31, 6, 19, 9, 19, 41, 17, 36, 45], [0, 46, 16, 11, 41, 16, 0, 12, 27, 32, 32, 26, 43, 30, 0, 8, 3, 22, 39, 19, 0, 46, 39, 22, 30, 21, 21, 22, 32, 20, 13, 23, 40, 13, 26, 0, 11, 28, 21, 26, 4, 34, 29, 5, 7, 25, 18, 45, 0, 24], [24, 20, 39, 11, 0, 40, 2, 9, 1, 6, 32, 0, 13, 35, 36, 21, 4, 43, 0, 12, 44, 8, 27, 26, 4, 18, 22, 7, 8, 5, 48, 46, 0, 5, 10, 0, 43, 7, 43, 16, 27, 33, 8, 1, 42, 47, 44, 34, 43, 29], [11, 30, 17, 1, 24, 28, 4, 0, 15, 30, 22, 10, 23, 10, 5, 39, 0, 1, 46, 7, 28, 23, 13, 35, 5, 0, 47, 28, 31, 18, 48, 45, 10, 47, 23, 0, 2, 48, 15, 19, 0, 7, 10, 49, 42, 18, 0, 10, 17, 44], [23, 1, 5, 1, 28, 26, 6, 3, 41, 21, 27, 28, 42, 19, 11, 12, 21, 13, 38, 37, 43, 49, 34, 21, 40, 32, 0, 8, 25, 36, 0, 11, 2, 47, 0, 6, 45, 16, 7, 5, 4, 46, 42, 16, 24, 40, 19, 46, 15, 44], [26, 44, 26, 13, 43, 44, 32, 18, 27, 18, 29, 3, 22, 5, 7, 14, 29, 20, 47, 12, 10, 0, 1, 21, 43, 5, 33, 30, 18, 7, 7, 13, 1, 37, 10, 21, 0, 43, 0, 0, 36, 17, 9, 14, 19, 40, 0, 0, 0, 4], [36, 36, 10, 0, 6, 43, 18, 27, 10, 41, 20, 43, 8, 22, 31, 5, 13, 16, 14, 11, 28, 0, 20, 47, 30, 8, 0, 17, 0, 14, 33, 1, 3, 3, 11, 14, 42, 26, 38, 15, 4, 0, 13, 31, 14, 18, 8, 42, 40, 48], [13, 5, 27, 12, 32, 37, 6, 38, 27, 27, 25, 15, 7, 35, 21, 49, 44, 28, 22, 16, 7, 37, 23, 34, 40, 12, 23, 9, 17, 7, 4, 13, 36, 5, 7, 24, 26, 0, 42, 15, 21, 13, 27, 10, 49, 29, 47, 5, 47, 9], [34, 14, 9, 40, 46, 14, 16, 28, 8, 40, 39, 11, 2, 32, 30, 19, 14, 26, 12, 15, 35, 24, 36, 47, 21, 36, 27, 0, 8, 21, 44, 43, 7, 26, 15, 42, 0, 22, 23, 46, 40, 16, 12, 0, 0, 34, 47, 0, 22, 19], [17, 2, 34, 31, 40, 0, 3, 0, 21, 0, 38, 34, 3, 39, 33, 22, 43, 12, 40, 3, 16, 39, 0, 31, 9, 43, 17, 32, 32, 30, 8, 10, 19, 0, 35, 8, 16, 30, 19, 40, 11, 40, 21, 39, 0, 48, 38, 33, 15, 43], [20, 35, 16, 36, 11, 7, 32, 23, 10, 26, 28, 2, 22, 38, 6, 5, 25, 31, 1, 22, 6, 43, 40, 24, 18, 40, 17, 7, 34, 35, 9, 2, 27, 16, 25, 0, 41, 40, 31, 31, 31, 20, 34, 14, 0, 25, 42, 0, 44, 23], [5, 10, 0, 13, 35, 28, 48, 32, 39, 23, 19, 31, 7, 24, 37, 44, 24, 24, 18, 41, 5, 21, 32, 15, 28, 30, 0, 30, 15, 49, 37, 0, 32, 27, 20, 10, 24, 30, 29, 18, 37, 18, 1, 42, 21, 43, 19, 36, 33, 27], [18, 35, 34, 34, 49, 23, 41, 1, 31, 46, 26, 22, 40, 23, 17, 9, 35, 28, 29, 9, 8, 21, 0, 45, 1, 20, 27, 11, 0, 29, 23, 42, 37, 25, 40, 31, 41, 19, 35, 45, 14, 40, 0, 0, 13, 49, 32, 36, 48, 10], [24, 0, 3, 0, 16, 29, 17, 6, 30, 45, 1, 31, 32, 39, 9, 20, 2, 24, 11, 3, 32, 6, 40, 49, 41, 4, 0, 29, 19, 9, 6, 18, 45, 20, 12, 17, 43, 26, 25, 7, 0, 40, 14, 39, 16, 24, 17, 3, 5, 10], [0, 48, 34, 30, 38, 40, 15, 43, 31, 14, 28, 21, 30, 26, 38, 18, 12, 19, 0, 41, 12, 31, 19, 25, 8, 34, 0, 29, 35, 23, 19, 23, 18, 49, 9, 23, 46, 0, 42, 41, 31, 19, 29, 23, 1, 36, 19, 22, 43, 27], [36, 42, 6, 19, 10, 2, 48, 44, 16, 20, 26, 42, 46, 5, 12, 22, 34, 40, 18, 19, 0, 24, 41, 3, 43, 29, 23, 44, 4, 18, 16, 26, 46, 22, 30, 44, 5, 28, 32, 33, 37, 5, 38, 19, 47, 0, 0, 42, 20, 5], [14, 33, 34, 41, 0, 49, 46, 19, 14, 17, 22, 11, 35, 31, 24, 25, 32, 8, 22, 5, 36, 46, 18, 45, 0, 15, 7, 15, 28, 29, 1, 41, 45, 41, 15, 12, 26, 43, 29, 1, 6, 43, 23, 0, 44, 18, 10, 47, 49, 1], [24, 45, 9, 36, 20, 16, 16, 36, 47, 17, 1, 3, 37, 48, 19, 46, 16, 8, 15, 27, 24, 47, 23, 30, 2, 10, 37, 19, 8, 49, 7, 16, 45, 17, 12, 37, 30, 28, 0, 47, 5, 26, 31, 20, 9, 47, 16, 18, 45, 34], [42, 7, 7, 14, 25, 8, 32, 30, 4, 44, 29, 18, 10, 29, 15, 8, 12, 6, 29, 22, 39, 30, 29, 7, 9, 40, 32, 2, 0, 6, 21, 37, 28, 29, 49, 16, 41, 0, 30, 28, 22, 13, 0, 36, 29, 25, 8, 8, 19, 35], [39, 19, 32, 41, 10, 43, 37, 20, 16, 32, 7, 13, 0, 43, 0, 9, 33, 41, 42, 8, 26, 39, 33, 34, 5, 30, 30, 19, 27, 6, 29, 48, 19, 15, 30, 4, 24, 49, 44, 7, 15, 20, 11, 37, 2, 47, 43, 28, 6, 36], [32, 21, 28, 48, 29, 6, 41, 24, 22, 29, 43, 1, 44, 37, 31, 17, 34, 36, 29, 41, 31, 20, 37, 29, 29, 21, 0, 4, 48, 5, 36, 6, 0, 32, 7, 36, 35, 26, 49, 7, 22, 35, 6, 15, 21, 40, 48, 0, 9, 7], [44, 0, 37, 25, 16, 9, 21, 25, 23, 14, 35, 21, 29, 42, 31, 46, 29, 34, 28, 30, 4, 37, 48, 13, 32, 4, 29, 0, 7, 9, 45, 7, 12, 15, 43, 27, 39, 36, 14, 8, 35, 4, 27, 44, 16, 45, 40, 48, 27, 35], [1, 41, 7, 7, 9, 38, 17, 23, 29, 36, 18, 38, 17, 26, 20, 39, 5, 19, 20, 4, 18, 20, 35, 49, 3, 2, 48, 30, 21, 37, 48, 28, 7, 47, 33, 47, 4, 32, 5, 34, 29, 15, 34, 6, 46, 23, 40, 0, 4, 19], [12, 45, 0, 46, 0, 3, 48, 8, 6, 26, 23, 13, 0, 14, 34, 6, 32, 6, 0, 45, 30, 4, 15, 38, 33, 34, 1, 49, 10, 16, 46, 36, 45, 0, 40, 1, 5, 38, 43, 17, 7, 0, 18, 0, 5, 48, 10, 3, 4, 13], [6, 37, 0, 25, 47, 47, 38, 33, 49, 25, 0, 23, 41, 0, 40, 11, 13, 26, 13, 21, 29, 13, 16, 14, 10, 19, 25, 14, 5, 6, 41, 40, 17, 8, 29, 25, 26, 26, 20, 27, 12, 37, 18, 25, 17, 47, 37, 18, 43, 33], [0, 26, 35, 35, 34, 11, 17, 14, 26, 8, 47, 14, 36, 11, 33, 11, 40, 0, 18, 25, 26, 17, 49, 6, 25, 29, 21, 9, 11, 10, 19, 0, 14, 32, 32, 3, 1, 26, 41, 39, 1, 34, 13, 10, 3, 19, 12, 48, 45, 16], [8, 45, 22, 0, 22, 20, 10, 46, 32, 25, 44, 30, 1, 37, 13, 43, 18, 18, 0, 8, 16, 2, 31, 12, 30, 11, 11, 20, 31, 48, 26, 48, 6, 37, 19, 5, 49, 7, 47, 0, 29, 49, 32, 24, 48, 30, 49, 44, 0, 18], [0, 33, 43, 21, 45, 19, 27, 6, 24, 18, 11, 11, 2, 19, 26, 36, 1, 5, 27, 0, 7, 29, 7, 47, 43, 10, 20, 31, 6, 28, 31, 5, 32, 23, 1, 15, 0, 33, 29, 25, 15, 22, 42, 24, 49, 36, 6, 30, 15, 18], [26, 16, 17, 26, 2, 43, 23, 28, 46, 40, 31, 28, 45, 6, 0, 44, 5, 46, 38, 20, 9, 36, 1, 43, 30, 29, 24, 41, 7, 14, 36, 16, 5, 0, 42, 25, 10, 39, 42, 34, 32, 4, 25, 15, 31, 22, 30, 22, 18, 24], [3, 4, 16, 49, 35, 40, 25, 41, 34, 22, 15, 49, 0, 36, 39, 48, 0, 0, 31, 39, 30, 34, 18, 32, 0, 10, 43, 38, 11, 25, 27, 9, 17, 47, 37, 38, 46, 16, 38, 23, 45, 16, 43, 1, 8, 38, 17, 6, 45, 17], [49, 2, 1, 32, 15, 38, 33, 45, 8, 16, 17, 1, 45, 33, 8, 32, 44, 29, 26, 29, 29, 20, 43, 49, 17, 27, 47, 42, 7, 34, 30, 15, 10, 16, 41, 0, 0, 25, 13, 31, 5, 37, 45, 30, 8, 45, 21, 48, 37, 17], [12, 13, 4, 21, 7, 47, 11, 9, 0, 44, 0, 22, 42, 0, 14, 3, 25, 30, 15, 43, 7, 22, 25, 45, 12, 22, 0, 34, 38, 44, 35, 33, 21, 24, 15, 31, 17, 19, 1, 27, 13, 2, 5, 33, 41, 21, 40, 24, 29, 0], [5, 0, 19, 5, 31, 0, 32, 22, 20, 23, 33, 5, 19, 6, 36, 8, 16, 24, 42, 15, 38, 31, 19, 28, 30, 10, 11, 0, 39, 27, 0, 44, 30, 4, 11, 49, 18, 0, 39, 18, 14, 30, 20, 43, 8, 5, 29, 36, 14, 37], [33, 20, 27, 2, 0, 3, 19, 32, 43, 13, 6, 6, 16, 18, 44, 15, 21, 20, 15, 33, 4, 48, 20, 38, 2, 19, 29, 0, 22, 34, 8, 1, 0, 30, 5, 23, 41, 1, 7, 20, 17, 47, 8, 30, 42, 24, 42, 48, 35, 2], [16, 34, 20, 47, 15, 21, 39, 27, 33, 43, 8, 36, 24, 41, 49, 32, 44, 4, 3, 15, 44, 47, 36, 4, 0, 27, 46, 11, 16, 49, 0, 2, 39, 24, 42, 43, 7, 27, 28, 17, 17, 22, 10, 35, 9, 26, 0, 35, 38, 5], [26, 38, 16, 12, 11, 39, 17, 25, 4, 9, 7, 31, 28, 42, 26, 19, 28, 16, 46, 0, 20, 35, 13, 26, 24, 0, 22, 2, 13, 36, 11, 5, 13, 0, 0, 48, 1, 22, 13, 0, 42, 25, 41, 13, 31, 49, 14, 49, 40, 1], [12, 47, 48, 14, 8, 41, 4, 9, 23, 32, 4, 28, 8, 17, 26, 13, 43, 12, 24, 0, 20, 0, 17, 28, 0, 12, 39, 38, 40, 32, 22, 3, 36, 43, 30, 40, 0, 14, 31, 1, 39, 21, 17, 48, 31, 4, 29, 27, 15, 16], [35, 2, 28, 45, 34, 12, 33, 4, 43, 47, 24, 17, 39, 20, 6, 15, 26, 4, 24, 31, 5, 29, 1, 26, 31, 0, 46, 24, 19, 20, 23, 28, 42, 17, 11, 39, 9, 43, 6, 35, 7, 4, 27, 14, 46, 14, 2, 34, 0, 44], [27, 15, 36, 18, 42, 45, 0, 7, 46, 28, 48, 27, 38, 27, 8, 32, 49, 46, 6, 40, 40, 38, 38, 39, 21, 46, 16, 37, 20, 48, 34, 0, 10, 3, 19, 8, 42, 4, 14, 11, 2, 45, 45, 44, 0, 10, 35, 25, 31, 47], [16, 21, 29, 5, 40, 0, 36, 11, 47, 21, 49, 22, 40, 14, 36, 14, 34, 1, 22, 38, 22, 30, 2, 0, 41, 47, 0, 37, 0, 15, 27, 9, 40, 43, 0, 41, 41, 42, 29, 11, 40, 13, 0, 40, 26, 36, 47, 22, 47, 47], [5, 1, 0, 18, 15, 7, 0, 1, 26, 23, 0, 0, 29, 31, 27, 33, 47, 15, 29, 35, 0, 26, 43, 27, 14, 17, 4, 15, 42, 48, 43, 34, 26, 6, 3, 27, 23, 31, 13, 11, 15, 22, 45, 24, 9, 13, 34, 8, 42, 43], [28, 0, 39, 10, 39, 43, 33, 45, 8, 37, 41, 0, 25, 44, 3, 0, 12, 21, 20, 35, 37, 2, 40, 44, 0, 9, 8, 45, 11, 42, 21, 20, 28, 0, 21, 37, 42, 16, 34, 9, 32, 16, 24, 26, 32, 11, 3, 21, 32, 45], [4, 41, 26, 24, 10, 30, 32, 32, 20, 40, 34, 3, 0, 29, 46, 36, 47, 3, 19, 33, 27, 1, 36, 48, 36, 46, 17, 41, 11, 38, 28, 15, 32, 3, 24, 19, 40, 48, 4, 32, 26, 9, 43, 37, 15, 17, 21, 1, 14, 7], [9, 19, 10, 38, 30, 10, 12, 4, 16, 44, 24, 30, 28, 47, 29, 0, 39, 6, 29, 45, 9, 9, 41, 42, 10, 20, 5, 38, 2, 25, 21, 18, 2, 42, 16, 3, 9, 31, 44, 4, 45, 11, 2, 34, 30, 39, 21, 27, 0, 39], [43, 34, 30, 30, 42, 5, 0, 0, 23, 8, 13, 30, 21, 19, 4, 30, 37, 31, 24, 26, 1, 4, 20, 37, 32, 0, 10, 13, 13, 22, 6, 16, 21, 11, 0, 20, 43, 1, 9, 9, 46, 32, 6, 35, 15, 41, 19, 3, 46, 42], [47, 1, 22, 13, 36, 19, 20, 33, 7, 36, 34, 26, 32, 10, 21, 12, 47, 0, 22, 42, 16, 21, 0, 0, 14, 29, 11, 24, 3, 0, 30, 0, 0, 4, 39, 40, 24, 18, 0, 2, 21, 16, 0, 15, 38, 40, 22, 24, 41, 26], [42, 41, 2, 46, 49, 13, 20, 34, 33, 38, 39, 5, 45, 20, 48, 36, 24, 18, 49, 24, 40, 4, 31, 22, 13, 28, 1, 8, 10, 6, 41, 47, 8, 23, 22, 13, 43, 22, 36, 29, 9, 37, 0, 45, 18, 19, 26, 47, 41, 47], [25, 5, 7, 24, 15, 19, 12, 45, 16, 31, 1, 15, 32, 0, 47, 0, 22, 22, 14, 19, 30, 16, 42, 38, 41, 0, 44, 43, 1, 43, 29, 18, 40, 48, 1, 22, 1, 34, 16, 4, 28, 4, 41, 42, 24, 13, 45, 12, 5, 30], [47, 10, 25, 39, 21, 42, 41, 36, 24, 1, 0, 46, 4, 5, 36, 27, 25, 17, 33, 13, 47, 47, 7, 25, 3, 45, 32, 15, 36, 43, 19, 30, 49, 40, 35, 3, 14, 1, 29, 35, 31, 26, 45, 0, 46, 40, 38, 15, 43, 46], [30, 42, 28, 28, 49, 27, 12, 10, 5, 26, 18, 8, 49, 24, 34, 40, 42, 36, 31, 39, 32, 14, 49, 47, 11, 45, 31, 17, 47, 21, 0, 46, 49, 19, 46, 8, 22, 47, 15, 4, 20, 47, 10, 16, 21, 6, 46, 10, 0, 18], [3, 26, 2, 9, 40, 41, 8, 28, 43, 9, 32, 40, 32, 38, 10, 36, 15, 36, 35, 14, 9, 26, 49, 29, 41, 39, 0, 22, 22, 40, 0, 8, 36, 21, 8, 23, 16, 18, 13, 37, 32, 38, 47, 0, 21, 12, 45, 39, 44, 35], [24, 4, 28, 17, 6, 22, 14, 0, 39, 17, 0, 37, 13, 49, 40, 40, 0, 26, 5, 20, 5, 23, 8, 33, 23, 13, 36, 46, 25, 23, 48, 28, 44, 24, 28, 6, 0, 6, 39, 37, 35, 8, 22, 25, 26, 25, 15, 3, 22, 23], [43, 2, 39, 13, 12, 19, 17, 48, 11, 0, 23, 8, 33, 23, 9, 35, 7, 42, 7, 21, 22, 14, 0, 48, 45, 3, 33, 25, 36, 21, 42, 0, 34, 8, 40, 11, 49, 45, 34, 48, 4, 42, 28, 34, 30, 47, 11, 45, 0, 6], [11, 20, 28, 13, 2, 41, 32, 38, 45, 7, 0, 0, 26, 40, 21, 25, 44, 0, 16, 36, 39, 8, 35, 0, 0, 12, 13, 47, 10, 13, 31, 24, 0, 17, 0, 36, 2, 46, 13, 1, 47, 21, 4, 20, 20, 17, 0, 25, 45, 40], [41, 8, 17, 7, 24, 46, 12, 48, 14, 2, 0, 44, 19, 34, 6, 16, 26, 37, 47, 0, 3, 40, 19, 4, 47, 49, 23, 27, 20, 42, 0, 29, 27, 30, 12, 37, 21, 24, 15, 43, 39, 3, 22, 44, 31, 42, 5, 37, 4, 8], [18, 25, 45, 26, 8, 17, 29, 22, 6, 12, 18, 30, 33, 15, 36, 0, 22, 36, 31, 6, 24, 47, 25, 39, 38, 0, 4, 41, 34, 38, 38, 49, 39, 9, 8, 22, 19, 0, 1, 5, 32, 27, 21, 36, 18, 33, 8, 44, 20, 1], [16, 15, 0, 36, 0, 19, 16, 41, 9, 8, 47, 14, 46, 7, 34, 18, 6, 2, 47, 45, 44, 2, 7, 3, 34, 30, 0, 43, 33, 4, 16, 31, 20, 0, 18, 13, 6, 48, 4, 3, 3, 32, 10, 25, 20, 0, 20, 43, 35, 48], [36, 16, 11, 0, 3, 49, 18, 41, 12, 31, 22, 45, 7, 20, 22, 7, 0, 48, 7, 46, 37, 43, 11, 36, 32, 31, 47, 33, 9, 7, 14, 0, 25, 11, 46, 2, 16, 21, 42, 0, 33, 1, 38, 37, 34, 9, 8, 8, 5, 3], [15, 20, 11, 12, 42, 4, 0, 39, 20, 19, 36, 41, 18, 4, 1, 27, 1, 13, 10, 45, 8, 32, 2, 45, 44, 35, 0, 25, 36, 4, 3, 46, 33, 26, 35, 0, 8, 15, 19, 22, 25, 40, 2, 4, 31, 42, 7, 14, 18, 3]]
Maintenance cost in each period m: 
[19384, 20491, 21330, 22412, 19936, 22522, 20278, 19194, 19105, 22694, 21791, 19878, 19501, 21311, 22288, 20127, 20799, 21189, 22367, 21387, 20211, 19781, 19472, 21611, 19258, 22945, 22847, 22438, 19537, 19135, 21422, 19569, 21376, 20123, 19436, 19955, 22959, 21357, 22183, 21316, 20411, 22440, 20104, 22734, 19516, 21834, 19656, 22302, 19655, 22401]
Maximum capacity of the machine cmax: 
5760