Set of periods in the planning horizon T: 
50
Set of products P: 
120
Capacity reduction coefficient alpha: 
0.8
Relative decrease of capacity per set up gamma: 
0.39
Capacity reduction coefficient due to product types beta: 
[0.33, 0.38, 0.32, 0.3, 0.39, 0.28, 0.31, 0.39, 0.38, 0.22, 0.3, 0.37, 0.37, 0.3, 0.23, 0.22, 0.27, 0.37, 0.25, 0.39, 0.39, 0.24, 0.3, 0.39, 0.4, 0.35, 0.31, 0.32, 0.33, 0.31, 0.2, 0.31, 0.32, 0.32, 0.38, 0.38, 0.25, 0.27, 0.39, 0.4, 0.23, 0.38, 0.31, 0.23, 0.38, 0.36, 0.22, 0.25, 0.34, 0.3, 0.22, 0.34, 0.29, 0.32, 0.23, 0.28, 0.24, 0.3, 0.35, 0.38, 0.35, 0.25, 0.32, 0.31, 0.32, 0.21, 0.24, 0.39, 0.27, 0.27, 0.22, 0.27, 0.28, 0.35, 0.26, 0.38, 0.31, 0.36, 0.27, 0.23, 0.37, 0.33, 0.4, 0.28, 0.33, 0.33, 0.33, 0.3, 0.36, 0.24, 0.31, 0.28, 0.25, 0.25, 0.33, 0.25, 0.34, 0.2, 0.34, 0.37, 0.31, 0.29, 0.3, 0.36, 0.39, 0.35, 0.35, 0.24, 0.4, 0.29, 0.36, 0.38, 0.25, 0.22, 0.22, 0.35, 0.36, 0.24, 0.36, 0.38]
Fixed production cost of each product in each period f: 
[[513, 617, 809, 665, 823, 788, 792, 562, 919, 961, 553, 718, 894, 738, 906, 686, 647, 515, 648, 626, 760, 685, 619, 900, 715, 521, 571, 901, 691, 932, 560, 540, 903, 613, 537, 599, 729, 580, 529, 859, 746, 705, 634, 982, 951, 750, 698, 988, 706, 544], [566, 890, 543, 847, 907, 959, 921, 705, 555, 964, 605, 649, 605, 983, 505, 797, 907, 703, 668, 622, 547, 812, 836, 738, 909, 632, 605, 619, 625, 675, 756, 768, 714, 661, 584, 994, 922, 534, 605, 794, 535, 856, 621, 507, 833, 825, 565, 645, 675, 916], [896, 845, 528, 846, 553, 955, 939, 853, 826, 826, 586, 658, 586, 588, 698, 971, 916, 734, 599, 650, 813, 914, 785, 954, 651, 531, 629, 615, 617, 523, 537, 926, 785, 624, 615, 793, 651, 872, 845, 535, 775, 681, 956, 587, 619, 913, 996, 939, 525, 618], [783, 527, 742, 601, 897, 566, 700, 501, 590, 687, 507, 973, 995, 862, 537, 717, 795, 685, 580, 744, 894, 644, 511, 565, 878, 982, 817, 934, 589, 645, 565, 716, 878, 518, 706, 572, 645, 577, 995, 935, 731, 856, 716, 918, 633, 568, 934, 565, 568, 525], [701, 891, 589, 906, 916, 977, 690, 957, 784, 837, 601, 710, 910, 520, 836, 654, 683, 638, 954, 642, 973, 611, 501, 651, 924, 660, 737, 842, 827, 612, 786, 968, 675, 507, 870, 665, 955, 918, 813, 868, 878, 664, 957, 547, 861, 907, 809, 506, 983, 830], [656, 582, 657, 910, 798, 703, 859, 970, 805, 876, 915, 867, 530, 549, 823, 592, 625, 500, 950, 551, 777, 656, 761, 525, 661, 631, 577, 944, 590, 520, 527, 861, 922, 638, 639, 983, 823, 607, 704, 656, 608, 957, 864, 872, 689, 690, 671, 947, 956, 604], [710, 655, 669, 724, 847, 595, 966, 762, 637, 926, 981, 689, 767, 769, 955, 691, 964, 868, 991, 919, 536, 830, 559, 837, 601, 801, 558, 589, 828, 873, 799, 698, 703, 783, 743, 910, 508, 767, 722, 935, 961, 904, 612, 802, 755, 577, 846, 697, 565, 773], [990, 737, 731, 694, 959, 638, 950, 754, 663, 876, 601, 569, 822, 643, 871, 697, 717, 764, 611, 912, 712, 595, 617, 925, 778, 743, 748, 882, 832, 593, 929, 716, 850, 828, 748, 936, 505, 558, 804, 511, 676, 555, 590, 997, 947, 692, 636, 881, 876, 520], [605, 548, 818, 936, 792, 939, 522, 952, 534, 707, 835, 957, 715, 577, 892, 845, 735, 982, 765, 850, 792, 654, 814, 963, 855, 740, 795, 562, 982, 550, 724, 890, 892, 781, 773, 957, 990, 525, 592, 828, 735, 792, 633, 646, 876, 855, 585, 554, 712, 899], [937, 649, 789, 946, 765, 737, 701, 532, 784, 808, 623, 822, 794, 666, 866, 938, 633, 868, 619, 839, 715, 869, 917, 690, 542, 847, 660, 747, 512, 907, 735, 871, 789, 842, 652, 856, 598, 941, 733, 667, 790, 553, 957, 674, 795, 654, 892, 781, 839, 863], [735, 726, 537, 879, 581, 715, 834, 915, 510, 725, 822, 998, 710, 719, 651, 973, 593, 966, 723, 649, 576, 770, 547, 672, 932, 623, 707, 593, 767, 739, 878, 641, 826, 993, 527, 658, 772, 976, 629, 989, 613, 636, 626, 868, 548, 619, 883, 590, 898, 818], [534, 619, 979, 513, 911, 646, 569, 911, 620, 539, 596, 552, 658, 697, 690, 613, 864, 902, 678, 838, 780, 713, 946, 667, 572, 670, 766, 683, 735, 632, 622, 835, 930, 913, 688, 951, 513, 899, 590, 650, 928, 700, 913, 917, 603, 577, 880, 820, 689, 583], [649, 635, 584, 548, 840, 650, 852, 858, 636, 676, 891, 715, 695, 921, 802, 713, 904, 869, 782, 578, 646, 851, 797, 993, 934, 718, 683, 514, 860, 529, 956, 851, 755, 774, 905, 645, 887, 665, 618, 519, 888, 678, 509, 707, 711, 660, 960, 944, 681, 960], [595, 880, 687, 747, 949, 729, 900, 978, 697, 966, 573, 586, 831, 516, 833, 891, 731, 565, 741, 826, 695, 743, 912, 851, 755, 597, 565, 579, 729, 563, 811, 878, 508, 742, 908, 747, 975, 534, 905, 742, 966, 834, 769, 855, 576, 655, 858, 607, 950, 522], [958, 558, 923, 664, 875, 734, 784, 567, 675, 775, 501, 881, 849, 955, 718, 659, 728, 985, 984, 973, 856, 559, 510, 766, 764, 688, 804, 608, 733, 770, 711, 666, 939, 751, 981, 509, 749, 802, 584, 513, 711, 537, 975, 709, 910, 727, 882, 973, 524, 863], [920, 623, 960, 700, 550, 792, 794, 753, 893, 914, 991, 766, 739, 844, 942, 741, 774, 680, 752, 643, 860, 851, 777, 998, 657, 736, 799, 508, 961, 919, 877, 760, 807, 696, 770, 577, 984, 519, 844, 729, 921, 911, 931, 685, 612, 711, 837, 862, 727, 659], [840, 740, 913, 748, 539, 994, 654, 959, 851, 849, 917, 842, 511, 627, 965, 527, 796, 653, 936, 543, 907, 579, 911, 515, 677, 879, 903, 797, 890, 703, 742, 507, 562, 775, 955, 513, 508, 840, 890, 973, 858, 690, 768, 639, 833, 883, 758, 974, 914, 718], [711, 504, 533, 698, 513, 843, 694, 886, 949, 935, 933, 875, 739, 540, 787, 794, 501, 914, 556, 831, 858, 599, 731, 803, 774, 547, 766, 996, 922, 578, 806, 716, 961, 956, 671, 669, 720, 679, 671, 511, 503, 540, 762, 636, 806, 923, 643, 924, 595, 518], [733, 894, 937, 516, 526, 737, 945, 518, 881, 586, 759, 544, 695, 980, 669, 819, 547, 918, 909, 696, 680, 988, 967, 883, 684, 988, 762, 740, 663, 919, 544, 606, 706, 561, 861, 688, 561, 774, 742, 872, 846, 804, 885, 998, 646, 514, 642, 629, 600, 935], [542, 844, 640, 640, 985, 861, 736, 659, 888, 743, 966, 926, 944, 913, 831, 926, 762, 584, 533, 866, 926, 612, 677, 607, 660, 830, 881, 520, 605, 754, 543, 511, 848, 952, 799, 807, 890, 768, 561, 533, 652, 802, 591, 882, 944, 716, 548, 629, 749, 715], [661, 627, 712, 557, 965, 556, 893, 955, 571, 640, 680, 502, 790, 923, 745, 739, 806, 838, 698, 850, 884, 831, 619, 913, 718, 509, 581, 516, 563, 822, 840, 611, 731, 784, 819, 709, 510, 964, 922, 513, 861, 898, 837, 550, 780, 786, 542, 517, 894, 662], [660, 776, 887, 953, 935, 676, 739, 653, 759, 854, 745, 764, 896, 888, 568, 648, 866, 959, 860, 603, 722, 621, 904, 501, 891, 678, 633, 918, 684, 815, 886, 717, 866, 518, 774, 694, 951, 980, 831, 939, 564, 788, 858, 695, 731, 789, 689, 663, 970, 727], [962, 697, 701, 987, 729, 509, 687, 799, 800, 626, 530, 537, 861, 982, 651, 817, 900, 919, 803, 535, 641, 936, 669, 923, 849, 763, 759, 909, 764, 546, 761, 512, 761, 985, 623, 608, 643, 694, 960, 748, 517, 641, 571, 659, 583, 977, 933, 635, 714, 665], [563, 588, 686, 715, 699, 711, 565, 622, 917, 577, 929, 876, 740, 865, 621, 563, 767, 839, 901, 896, 962, 736, 899, 821, 969, 573, 545, 702, 988, 869, 544, 912, 606, 882, 692, 974, 863, 668, 567, 851, 874, 956, 679, 871, 659, 719, 855, 516, 509, 739], [622, 917, 680, 983, 523, 803, 566, 554, 524, 887, 701, 725, 756, 756, 975, 634, 915, 622, 540, 578, 990, 621, 526, 644, 996, 882, 901, 815, 617, 889, 835, 900, 993, 675, 556, 741, 798, 631, 614, 766, 870, 915, 566, 518, 902, 834, 500, 910, 706, 732], [752, 788, 674, 902, 504, 501, 676, 886, 988, 977, 935, 830, 761, 940, 704, 501, 977, 670, 602, 915, 595, 943, 622, 940, 911, 914, 791, 540, 726, 792, 651, 754, 668, 920, 506, 983, 836, 708, 655, 601, 758, 886, 592, 901, 717, 802, 734, 988, 974, 685], [579, 564, 782, 775, 668, 664, 658, 959, 510, 560, 566, 742, 691, 548, 769, 966, 675, 583, 788, 588, 555, 810, 520, 561, 584, 626, 674, 898, 730, 902, 592, 897, 668, 539, 852, 897, 861, 869, 603, 665, 611, 724, 952, 886, 785, 648, 560, 607, 834, 541], [703, 832, 574, 750, 662, 783, 763, 810, 697, 668, 742, 593, 561, 504, 757, 867, 571, 564, 679, 697, 845, 515, 787, 655, 905, 831, 503, 705, 742, 892, 658, 853, 572, 618, 568, 897, 852, 593, 616, 681, 653, 886, 892, 902, 689, 896, 710, 523, 570, 805], [696, 540, 805, 959, 693, 651, 592, 601, 534, 572, 901, 547, 526, 845, 945, 709, 722, 571, 609, 993, 502, 833, 698, 558, 915, 763, 999, 608, 513, 521, 660, 880, 835, 624, 529, 666, 707, 546, 643, 992, 747, 642, 992, 693, 511, 929, 968, 865, 825, 964], [782, 926, 500, 522, 523, 582, 639, 839, 684, 791, 821, 853, 616, 910, 731, 556, 590, 570, 608, 841, 725, 903, 749, 947, 788, 861, 648, 698, 791, 996, 822, 980, 856, 588, 972, 815, 617, 639, 842, 541, 683, 873, 753, 662, 941, 706, 799, 726, 915, 589], [656, 730, 617, 633, 953, 773, 633, 902, 865, 823, 583, 643, 953, 974, 774, 894, 675, 782, 540, 512, 904, 757, 984, 791, 754, 899, 868, 611, 528, 930, 995, 797, 794, 640, 919, 861, 576, 891, 818, 786, 904, 573, 976, 853, 810, 933, 697, 653, 915, 983], [638, 741, 905, 748, 983, 650, 742, 502, 669, 862, 887, 849, 529, 633, 898, 706, 890, 675, 847, 704, 512, 750, 607, 986, 913, 671, 543, 510, 609, 839, 788, 573, 562, 836, 577, 697, 891, 669, 895, 934, 888, 705, 802, 795, 648, 511, 863, 995, 882, 648], [672, 613, 820, 825, 752, 510, 997, 619, 842, 816, 610, 693, 811, 539, 728, 991, 887, 558, 788, 911, 761, 899, 765, 888, 951, 854, 620, 735, 536, 860, 618, 883, 985, 953, 897, 513, 539, 754, 728, 847, 857, 845, 719, 755, 979, 790, 792, 623, 587, 730], [792, 635, 998, 830, 850, 943, 529, 898, 894, 773, 950, 578, 711, 511, 616, 574, 709, 541, 508, 896, 603, 546, 810, 784, 812, 938, 530, 975, 772, 989, 509, 967, 706, 625, 552, 951, 626, 530, 526, 558, 536, 583, 861, 882, 792, 848, 680, 500, 524, 897], [679, 900, 783, 634, 771, 872, 767, 638, 947, 534, 807, 692, 684, 924, 548, 538, 855, 587, 836, 535, 834, 862, 557, 556, 888, 930, 583, 615, 701, 661, 684, 691, 711, 683, 665, 564, 748, 635, 578, 803, 708, 893, 793, 696, 550, 804, 802, 867, 977, 762], [730, 986, 547, 805, 934, 527, 799, 777, 761, 929, 651, 761, 576, 942, 532, 875, 651, 921, 660, 723, 694, 620, 545, 548, 643, 636, 806, 956, 653, 767, 578, 521, 565, 506, 768, 937, 806, 969, 641, 579, 758, 606, 946, 635, 620, 713, 931, 801, 963, 886], [722, 989, 586, 510, 960, 926, 958, 589, 625, 954, 788, 799, 625, 636, 510, 646, 769, 508, 533, 882, 864, 984, 785, 705, 621, 963, 800, 709, 892, 900, 803, 851, 596, 760, 813, 637, 702, 588, 768, 978, 776, 776, 793, 601, 886, 853, 648, 545, 500, 554], [655, 722, 725, 663, 766, 571, 869, 525, 969, 769, 648, 945, 583, 758, 793, 612, 923, 578, 845, 981, 545, 756, 898, 877, 812, 632, 527, 657, 991, 781, 574, 849, 932, 926, 582, 620, 671, 677, 963, 817, 806, 871, 712, 925, 657, 902, 552, 619, 708, 981], [851, 905, 953, 947, 853, 845, 909, 882, 718, 943, 975, 750, 722, 574, 748, 857, 785, 515, 518, 666, 547, 725, 718, 597, 651, 810, 930, 715, 731, 795, 703, 746, 748, 772, 959, 594, 903, 564, 790, 604, 703, 980, 661, 809, 806, 638, 858, 992, 871, 587], [744, 967, 556, 585, 927, 985, 890, 553, 668, 855, 658, 890, 674, 559, 943, 824, 808, 783, 522, 959, 645, 968, 691, 811, 624, 697, 553, 878, 524, 903, 837, 649, 817, 908, 954, 720, 730, 720, 692, 810, 678, 941, 662, 926, 943, 634, 574, 795, 794, 542], [806, 931, 683, 595, 744, 750, 606, 639, 951, 714, 519, 718, 905, 701, 722, 548, 647, 838, 530, 892, 994, 670, 533, 630, 723, 830, 743, 552, 970, 765, 601, 917, 754, 715, 567, 681, 857, 505, 674, 709, 910, 676, 661, 828, 567, 934, 997, 565, 975, 976], [726, 677, 967, 569, 598, 675, 554, 532, 575, 513, 796, 839, 937, 879, 884, 935, 984, 989, 992, 599, 703, 616, 566, 626, 562, 583, 904, 526, 716, 844, 546, 502, 653, 772, 503, 671, 632, 838, 657, 562, 837, 830, 641, 921, 533, 799, 744, 857, 508, 799], [790, 917, 727, 556, 687, 948, 817, 501, 650, 614, 963, 668, 831, 522, 865, 961, 533, 984, 748, 592, 804, 834, 798, 988, 880, 784, 761, 608, 738, 874, 782, 715, 536, 565, 556, 892, 838, 666, 818, 750, 923, 997, 788, 556, 770, 963, 873, 873, 820, 885], [552, 590, 745, 754, 788, 872, 714, 799, 884, 717, 890, 502, 864, 706, 791, 984, 722, 653, 587, 547, 684, 993, 746, 855, 764, 876, 544, 542, 694, 849, 570, 968, 533, 689, 773, 591, 612, 672, 611, 827, 692, 629, 718, 913, 634, 989, 838, 761, 769, 993], [792, 850, 714, 636, 804, 630, 899, 793, 776, 522, 610, 545, 847, 829, 867, 967, 578, 585, 872, 906, 582, 822, 572, 532, 858, 996, 840, 623, 603, 812, 987, 555, 944, 624, 645, 968, 814, 547, 544, 832, 546, 686, 914, 514, 777, 608, 827, 621, 781, 886], [586, 794, 599, 654, 950, 975, 809, 564, 886, 789, 731, 980, 671, 544, 849, 814, 554, 572, 564, 500, 705, 514, 723, 924, 576, 983, 609, 659, 687, 952, 631, 897, 954, 832, 825, 808, 530, 854, 669, 708, 887, 996, 915, 878, 871, 719, 753, 749, 732, 976], [765, 920, 640, 736, 961, 753, 974, 955, 932, 691, 842, 897, 983, 752, 671, 671, 633, 502, 740, 993, 842, 699, 732, 713, 790, 824, 525, 711, 571, 985, 668, 739, 716, 842, 990, 914, 684, 639, 895, 927, 890, 677, 523, 857, 852, 966, 827, 945, 778, 755], [950, 841, 900, 566, 649, 538, 580, 777, 581, 762, 552, 975, 680, 958, 764, 747, 612, 967, 507, 510, 897, 958, 815, 634, 755, 890, 659, 585, 930, 761, 567, 542, 793, 804, 619, 755, 577, 655, 735, 681, 905, 883, 671, 686, 811, 522, 985, 589, 869, 534], [693, 762, 648, 629, 872, 862, 711, 848, 919, 563, 856, 601, 776, 683, 696, 682, 635, 699, 700, 902, 847, 927, 653, 993, 668, 830, 861, 766, 873, 559, 906, 676, 842, 825, 500, 769, 520, 634, 861, 596, 692, 688, 730, 749, 579, 791, 525, 675, 968, 639], [768, 728, 916, 827, 654, 903, 734, 858, 615, 632, 645, 804, 506, 961, 865, 882, 692, 571, 529, 721, 953, 508, 715, 710, 921, 967, 526, 886, 881, 911, 806, 587, 880, 612, 789, 742, 568, 524, 820, 816, 997, 702, 915, 710, 887, 848, 984, 965, 773, 874], [830, 974, 765, 711, 582, 972, 798, 845, 893, 550, 988, 593, 970, 540, 838, 725, 594, 879, 703, 839, 658, 518, 794, 940, 507, 823, 886, 538, 898, 868, 748, 641, 803, 997, 780, 712, 753, 581, 671, 805, 979, 659, 844, 514, 644, 709, 969, 976, 647, 534], [521, 747, 828, 833, 591, 850, 557, 579, 931, 892, 730, 630, 658, 895, 857, 791, 826, 710, 692, 915, 550, 747, 630, 724, 637, 521, 559, 662, 985, 936, 751, 728, 719, 518, 799, 591, 523, 966, 586, 900, 867, 834, 670, 551, 708, 931, 861, 725, 647, 602], [964, 500, 719, 822, 738, 951, 694, 767, 906, 786, 779, 640, 803, 904, 740, 932, 657, 659, 737, 591, 926, 857, 768, 504, 743, 570, 516, 985, 958, 781, 534, 542, 666, 913, 846, 904, 578, 846, 806, 611, 541, 661, 778, 772, 772, 669, 546, 558, 818, 915], [896, 992, 869, 793, 777, 770, 816, 964, 715, 843, 683, 517, 901, 719, 925, 620, 798, 807, 838, 520, 561, 854, 669, 528, 548, 706, 615, 548, 960, 512, 660, 790, 515, 755, 731, 881, 714, 725, 747, 591, 547, 531, 575, 517, 946, 538, 675, 872, 979, 568], [706, 571, 939, 755, 954, 826, 938, 995, 777, 732, 821, 545, 833, 971, 982, 562, 629, 536, 956, 685, 934, 627, 729, 960, 509, 898, 844, 742, 687, 794, 977, 792, 918, 521, 667, 920, 506, 661, 657, 631, 766, 767, 641, 588, 811, 683, 523, 553, 619, 766], [656, 827, 994, 526, 512, 974, 857, 784, 753, 906, 549, 705, 555, 669, 973, 540, 545, 689, 944, 538, 577, 746, 821, 511, 630, 644, 516, 901, 526, 757, 548, 873, 816, 798, 964, 744, 841, 704, 868, 919, 652, 809, 772, 922, 924, 708, 717, 958, 966, 981], [809, 754, 546, 734, 696, 667, 808, 910, 613, 523, 528, 814, 982, 846, 734, 605, 588, 550, 513, 780, 602, 627, 779, 726, 737, 890, 860, 561, 632, 700, 911, 530, 687, 828, 831, 718, 502, 600, 881, 740, 588, 776, 760, 786, 523, 772, 870, 704, 641, 774], [859, 796, 695, 965, 603, 738, 681, 809, 788, 992, 720, 926, 719, 649, 661, 509, 523, 944, 724, 776, 738, 844, 614, 545, 777, 684, 920, 909, 628, 532, 608, 637, 698, 729, 526, 937, 586, 538, 748, 809, 505, 959, 731, 722, 605, 808, 822, 644, 630, 683], [752, 568, 765, 704, 686, 662, 774, 909, 589, 584, 760, 733, 842, 587, 675, 791, 866, 639, 551, 598, 645, 995, 512, 798, 881, 654, 592, 520, 980, 568, 903, 596, 620, 677, 574, 588, 645, 609, 551, 724, 941, 535, 659, 739, 732, 516, 806, 556, 830, 659], [597, 613, 903, 789, 775, 600, 605, 600, 766, 809, 722, 809, 890, 570, 875, 690, 780, 835, 917, 535, 695, 839, 629, 839, 939, 597, 592, 506, 621, 870, 943, 672, 727, 612, 841, 791, 666, 653, 725, 612, 907, 566, 936, 966, 741, 976, 951, 648, 682, 921], [514, 554, 612, 561, 592, 945, 892, 635, 965, 524, 927, 772, 844, 734, 928, 913, 912, 948, 824, 606, 601, 579, 808, 869, 771, 607, 795, 830, 759, 676, 989, 802, 557, 520, 801, 743, 802, 698, 791, 871, 577, 888, 980, 586, 654, 772, 594, 597, 743, 960], [567, 602, 992, 682, 802, 549, 984, 851, 632, 527, 861, 762, 539, 756, 717, 936, 747, 954, 511, 972, 695, 854, 935, 597, 997, 831, 595, 659, 561, 800, 791, 690, 901, 617, 893, 895, 923, 881, 892, 908, 858, 890, 917, 576, 523, 674, 705, 736, 792, 935], [956, 560, 985, 784, 916, 599, 508, 609, 996, 842, 783, 785, 827, 655, 701, 849, 563, 601, 717, 645, 944, 833, 973, 972, 907, 610, 854, 702, 789, 708, 519, 680, 536, 767, 814, 783, 581, 847, 691, 684, 727, 702, 884, 783, 710, 903, 721, 728, 624, 634], [631, 814, 622, 981, 579, 765, 767, 973, 503, 798, 614, 584, 669, 752, 539, 511, 946, 603, 789, 781, 753, 702, 585, 599, 829, 703, 907, 557, 952, 679, 725, 633, 822, 902, 589, 911, 940, 813, 751, 550, 977, 720, 625, 811, 883, 591, 796, 858, 885, 774], [583, 886, 783, 960, 927, 507, 895, 821, 560, 852, 881, 538, 774, 891, 822, 626, 959, 610, 617, 940, 807, 544, 518, 662, 807, 917, 541, 616, 785, 632, 786, 719, 668, 509, 808, 765, 734, 801, 817, 500, 991, 743, 592, 903, 579, 706, 852, 901, 592, 846], [596, 848, 592, 952, 511, 949, 786, 643, 944, 898, 670, 568, 564, 875, 645, 620, 771, 734, 554, 925, 771, 858, 585, 620, 549, 803, 527, 975, 826, 591, 688, 838, 627, 878, 870, 742, 976, 731, 884, 893, 552, 947, 591, 859, 616, 536, 833, 798, 910, 728], [745, 879, 669, 905, 837, 657, 627, 586, 515, 651, 694, 945, 871, 861, 965, 548, 634, 985, 790, 521, 868, 612, 844, 844, 999, 965, 664, 815, 566, 685, 778, 535, 504, 977, 648, 574, 901, 906, 672, 560, 596, 866, 895, 507, 749, 668, 919, 999, 685, 757], [979, 607, 640, 622, 676, 764, 656, 912, 855, 534, 775, 794, 645, 867, 517, 849, 815, 828, 730, 749, 559, 564, 707, 804, 895, 993, 780, 882, 877, 668, 713, 891, 735, 991, 730, 810, 751, 537, 648, 762, 589, 661, 718, 855, 790, 974, 999, 521, 768, 845], [512, 537, 748, 558, 796, 920, 910, 843, 631, 726, 507, 850, 976, 563, 604, 765, 635, 955, 627, 555, 628, 853, 813, 618, 722, 820, 653, 760, 545, 914, 635, 522, 511, 742, 564, 724, 818, 961, 643, 763, 923, 744, 652, 765, 701, 617, 648, 597, 834, 543], [790, 763, 729, 618, 583, 551, 651, 747, 667, 928, 629, 832, 702, 749, 541, 710, 968, 663, 846, 728, 720, 858, 648, 776, 798, 543, 621, 877, 947, 803, 691, 943, 777, 727, 646, 689, 975, 616, 854, 618, 520, 808, 544, 833, 811, 527, 819, 935, 659, 716], [634, 744, 898, 530, 625, 847, 754, 968, 907, 676, 929, 860, 699, 850, 816, 703, 824, 889, 891, 902, 842, 983, 934, 784, 981, 514, 968, 534, 530, 803, 643, 621, 858, 878, 863, 867, 681, 638, 562, 557, 962, 729, 937, 737, 672, 950, 700, 792, 717, 713], [885, 925, 651, 953, 877, 939, 693, 901, 809, 579, 721, 913, 867, 642, 971, 634, 520, 769, 659, 990, 972, 604, 711, 655, 789, 581, 845, 511, 753, 782, 586, 704, 518, 645, 808, 911, 788, 535, 929, 988, 856, 687, 549, 561, 527, 894, 885, 605, 659, 599], [609, 951, 767, 696, 792, 723, 730, 558, 505, 860, 710, 640, 647, 906, 949, 796, 789, 574, 539, 964, 581, 829, 899, 585, 875, 821, 724, 805, 837, 573, 948, 535, 621, 922, 760, 586, 601, 803, 827, 956, 626, 506, 831, 553, 601, 855, 535, 634, 675, 993], [678, 611, 825, 603, 625, 813, 760, 556, 773, 915, 730, 608, 635, 868, 931, 837, 885, 540, 909, 804, 588, 785, 593, 765, 785, 579, 737, 893, 938, 795, 540, 920, 547, 947, 575, 909, 863, 565, 840, 758, 689, 939, 720, 952, 656, 662, 835, 966, 522, 853], [538, 651, 864, 957, 635, 574, 738, 534, 946, 875, 899, 923, 924, 569, 604, 901, 869, 660, 855, 701, 572, 501, 725, 912, 968, 823, 788, 514, 862, 627, 825, 504, 751, 789, 972, 807, 905, 771, 726, 774, 682, 644, 676, 560, 847, 743, 771, 694, 567, 707], [773, 599, 689, 893, 509, 947, 970, 732, 935, 995, 616, 664, 611, 503, 660, 620, 578, 550, 537, 739, 518, 547, 525, 662, 610, 927, 863, 652, 698, 534, 574, 623, 805, 723, 563, 781, 581, 516, 699, 911, 532, 992, 723, 779, 888, 715, 967, 958, 934, 716], [692, 876, 946, 727, 760, 888, 831, 543, 816, 965, 756, 680, 726, 749, 931, 615, 578, 791, 928, 607, 659, 820, 680, 580, 510, 586, 508, 555, 921, 664, 668, 584, 908, 802, 512, 862, 947, 776, 580, 773, 861, 704, 879, 830, 586, 908, 569, 649, 581, 824], [784, 563, 927, 589, 553, 573, 879, 598, 837, 817, 956, 528, 903, 871, 776, 513, 519, 958, 933, 716, 628, 708, 526, 865, 861, 508, 847, 955, 658, 676, 693, 985, 542, 920, 542, 726, 809, 832, 913, 621, 919, 842, 655, 878, 961, 753, 917, 645, 552, 561], [592, 592, 964, 716, 751, 902, 949, 989, 637, 831, 941, 844, 532, 751, 815, 989, 863, 582, 544, 511, 968, 632, 629, 585, 981, 509, 621, 710, 860, 925, 862, 778, 621, 849, 593, 866, 695, 706, 536, 848, 710, 504, 733, 835, 834, 934, 511, 503, 826, 946], [835, 667, 671, 772, 613, 886, 983, 990, 924, 962, 661, 689, 654, 969, 885, 968, 546, 845, 848, 745, 581, 895, 753, 844, 688, 565, 644, 963, 912, 680, 659, 887, 586, 565, 674, 855, 656, 574, 748, 987, 779, 952, 648, 986, 883, 682, 720, 761, 865, 691], [677, 590, 611, 602, 947, 634, 912, 911, 786, 922, 902, 804, 613, 651, 626, 924, 850, 960, 584, 556, 530, 949, 502, 667, 750, 956, 843, 896, 677, 674, 744, 993, 762, 767, 701, 784, 504, 628, 654, 737, 606, 982, 667, 814, 562, 876, 700, 774, 820, 753], [978, 704, 710, 709, 710, 897, 550, 840, 780, 736, 683, 556, 581, 827, 643, 751, 501, 621, 590, 561, 849, 892, 744, 702, 999, 840, 529, 532, 558, 551, 969, 548, 662, 703, 899, 821, 750, 588, 608, 989, 637, 519, 604, 681, 988, 598, 812, 933, 994, 944], [787, 898, 973, 753, 563, 774, 657, 532, 598, 644, 688, 529, 795, 935, 568, 613, 624, 699, 985, 702, 864, 670, 930, 649, 934, 842, 790, 885, 909, 957, 726, 573, 813, 602, 559, 503, 673, 513, 616, 643, 631, 908, 598, 804, 590, 957, 964, 925, 513, 861], [634, 624, 888, 593, 517, 978, 921, 943, 793, 996, 835, 890, 546, 789, 616, 733, 730, 923, 549, 944, 803, 700, 856, 816, 707, 903, 841, 862, 673, 705, 797, 669, 938, 876, 948, 647, 730, 890, 687, 504, 772, 927, 942, 704, 695, 634, 937, 974, 567, 682], [833, 624, 874, 586, 787, 933, 708, 973, 777, 545, 861, 659, 613, 688, 899, 852, 690, 934, 697, 545, 981, 618, 978, 656, 979, 932, 549, 959, 672, 744, 898, 982, 551, 854, 963, 792, 813, 883, 616, 706, 539, 927, 768, 695, 678, 873, 657, 663, 937, 577], [847, 864, 545, 713, 690, 967, 926, 759, 928, 997, 811, 599, 666, 708, 850, 628, 902, 777, 638, 950, 649, 892, 577, 788, 565, 673, 530, 580, 717, 872, 965, 570, 512, 695, 812, 791, 653, 806, 697, 589, 549, 938, 753, 997, 873, 684, 973, 776, 719, 958], [697, 516, 885, 864, 768, 792, 809, 664, 866, 520, 750, 919, 768, 563, 900, 853, 840, 735, 574, 886, 954, 914, 861, 621, 793, 552, 579, 673, 550, 605, 916, 720, 675, 576, 688, 536, 680, 520, 940, 742, 945, 990, 802, 534, 932, 638, 844, 953, 771, 587], [905, 661, 833, 916, 785, 564, 882, 593, 787, 722, 516, 955, 520, 506, 570, 530, 531, 731, 891, 906, 859, 861, 743, 615, 533, 500, 648, 501, 602, 642, 578, 988, 889, 944, 797, 561, 799, 901, 526, 829, 597, 563, 704, 860, 845, 625, 741, 803, 859, 923], [598, 835, 909, 701, 608, 711, 890, 739, 500, 979, 810, 866, 786, 584, 788, 950, 928, 710, 614, 771, 855, 538, 875, 634, 688, 747, 764, 803, 657, 975, 733, 916, 740, 873, 615, 691, 568, 747, 800, 576, 791, 867, 869, 673, 675, 700, 986, 912, 627, 992], [794, 844, 651, 566, 581, 742, 973, 549, 802, 672, 932, 971, 941, 610, 921, 768, 810, 919, 599, 679, 655, 559, 525, 610, 994, 729, 952, 513, 919, 648, 881, 637, 710, 581, 647, 670, 822, 882, 572, 619, 853, 709, 998, 686, 913, 612, 702, 780, 656, 832], [569, 863, 931, 902, 658, 789, 567, 975, 606, 793, 953, 944, 896, 668, 670, 960, 783, 521, 667, 591, 928, 689, 592, 982, 530, 999, 629, 931, 540, 577, 567, 628, 918, 593, 965, 939, 576, 984, 847, 546, 569, 623, 807, 850, 941, 863, 747, 657, 881, 731], [627, 689, 946, 590, 786, 710, 600, 856, 742, 669, 891, 676, 781, 641, 971, 994, 651, 896, 833, 718, 854, 810, 622, 882, 519, 556, 591, 738, 678, 876, 662, 818, 659, 650, 992, 893, 652, 700, 586, 648, 760, 971, 535, 565, 831, 866, 923, 542, 595, 707], [646, 730, 726, 772, 884, 604, 842, 765, 617, 936, 876, 882, 542, 509, 806, 616, 924, 840, 588, 763, 637, 832, 602, 703, 806, 918, 532, 896, 995, 783, 644, 715, 678, 871, 600, 553, 709, 519, 952, 807, 703, 877, 612, 804, 579, 608, 556, 585, 684, 548], [956, 501, 548, 850, 500, 697, 551, 773, 828, 896, 981, 874, 991, 746, 938, 616, 625, 559, 781, 681, 688, 895, 549, 631, 916, 958, 820, 513, 509, 681, 661, 522, 794, 710, 879, 784, 886, 916, 987, 760, 953, 779, 884, 680, 804, 998, 802, 807, 931, 741], [721, 888, 551, 841, 631, 695, 714, 583, 956, 889, 729, 944, 757, 998, 858, 509, 777, 875, 754, 747, 918, 931, 679, 847, 664, 891, 641, 594, 731, 561, 930, 726, 855, 939, 730, 588, 839, 506, 778, 849, 508, 727, 789, 642, 980, 756, 637, 514, 974, 661], [945, 699, 693, 751, 627, 607, 672, 729, 903, 649, 530, 638, 534, 946, 737, 782, 519, 791, 644, 828, 692, 799, 524, 836, 883, 553, 867, 555, 565, 790, 909, 984, 788, 681, 766, 593, 871, 504, 530, 928, 972, 730, 740, 670, 667, 577, 504, 993, 557, 732], [703, 515, 764, 697, 539, 971, 953, 524, 990, 874, 506, 529, 731, 830, 864, 614, 848, 757, 697, 815, 548, 972, 507, 546, 970, 760, 700, 878, 842, 647, 568, 565, 894, 826, 850, 594, 732, 515, 747, 786, 703, 560, 988, 736, 689, 802, 678, 526, 788, 757], [960, 501, 682, 602, 557, 866, 969, 508, 926, 726, 610, 871, 901, 733, 945, 719, 731, 519, 734, 946, 890, 652, 539, 644, 838, 733, 954, 806, 832, 922, 709, 827, 981, 620, 848, 779, 899, 911, 600, 635, 905, 894, 783, 623, 563, 572, 505, 945, 651, 995], [663, 581, 922, 752, 973, 724, 656, 606, 963, 664, 646, 538, 995, 830, 718, 690, 967, 556, 603, 578, 756, 765, 734, 734, 832, 767, 530, 676, 668, 741, 792, 792, 501, 988, 564, 617, 933, 552, 868, 929, 950, 895, 667, 664, 717, 682, 506, 802, 682, 982], [905, 856, 785, 864, 841, 675, 710, 825, 940, 769, 962, 593, 958, 623, 597, 661, 675, 747, 546, 687, 536, 505, 692, 719, 970, 549, 586, 603, 688, 610, 970, 996, 719, 544, 511, 760, 516, 721, 518, 854, 726, 642, 965, 829, 956, 811, 551, 871, 787, 915], [842, 525, 752, 897, 800, 756, 764, 853, 716, 612, 944, 533, 753, 735, 629, 941, 994, 932, 954, 988, 540, 580, 785, 630, 898, 505, 533, 703, 638, 844, 796, 815, 631, 679, 923, 838, 524, 587, 668, 566, 928, 780, 691, 847, 963, 731, 600, 943, 507, 863], [758, 917, 829, 824, 553, 530, 685, 870, 519, 576, 963, 964, 886, 869, 831, 935, 659, 992, 917, 865, 716, 530, 679, 837, 577, 850, 756, 739, 971, 956, 934, 635, 577, 882, 680, 716, 726, 885, 585, 927, 624, 888, 931, 594, 629, 641, 595, 593, 787, 898], [752, 834, 965, 574, 649, 997, 770, 984, 613, 523, 862, 980, 907, 743, 801, 855, 600, 613, 869, 614, 684, 848, 941, 742, 898, 576, 767, 552, 879, 950, 827, 710, 954, 539, 776, 958, 886, 600, 546, 818, 627, 650, 931, 516, 925, 999, 626, 608, 773, 799], [980, 901, 731, 691, 823, 804, 918, 713, 536, 508, 738, 666, 806, 666, 636, 871, 615, 962, 879, 526, 978, 532, 939, 957, 639, 681, 551, 969, 953, 839, 763, 524, 639, 509, 843, 601, 622, 662, 873, 886, 959, 923, 868, 687, 834, 916, 836, 675, 940, 536], [890, 709, 615, 876, 987, 501, 729, 894, 748, 986, 658, 753, 989, 862, 963, 837, 896, 739, 926, 786, 669, 998, 660, 734, 727, 567, 825, 696, 576, 541, 748, 817, 971, 974, 815, 927, 906, 884, 638, 827, 533, 839, 577, 751, 686, 912, 789, 986, 729, 877], [606, 966, 790, 801, 728, 796, 525, 981, 842, 663, 698, 849, 824, 747, 624, 620, 649, 833, 694, 906, 942, 859, 634, 708, 792, 760, 604, 509, 708, 807, 669, 581, 902, 578, 724, 788, 577, 506, 543, 782, 597, 931, 696, 711, 707, 840, 989, 873, 532, 622], [999, 753, 732, 715, 695, 782, 956, 915, 603, 660, 722, 900, 754, 853, 634, 660, 564, 677, 576, 607, 869, 657, 759, 787, 625, 938, 520, 525, 985, 981, 676, 878, 668, 905, 898, 555, 933, 707, 782, 693, 875, 861, 912, 998, 892, 667, 680, 837, 918, 708], [994, 857, 934, 636, 849, 657, 507, 979, 918, 714, 707, 640, 800, 692, 837, 567, 627, 740, 606, 923, 951, 963, 792, 774, 504, 553, 678, 756, 960, 789, 739, 722, 979, 979, 856, 599, 604, 544, 941, 637, 920, 821, 836, 612, 628, 687, 641, 939, 864, 856], [983, 558, 764, 943, 826, 807, 876, 513, 988, 730, 659, 869, 689, 852, 598, 956, 951, 641, 534, 937, 888, 720, 700, 829, 637, 534, 760, 720, 501, 738, 554, 532, 540, 663, 829, 943, 593, 764, 787, 561, 990, 914, 815, 669, 873, 776, 801, 564, 777, 554], [968, 805, 787, 674, 994, 512, 685, 842, 568, 873, 588, 703, 722, 565, 827, 768, 867, 728, 852, 662, 938, 780, 627, 775, 796, 866, 734, 658, 599, 885, 503, 819, 503, 657, 880, 918, 725, 755, 605, 580, 741, 889, 628, 668, 612, 891, 508, 751, 687, 592], [709, 886, 828, 589, 523, 746, 628, 911, 624, 954, 548, 525, 535, 791, 793, 789, 630, 840, 950, 568, 910, 576, 854, 655, 614, 918, 654, 623, 785, 721, 830, 783, 970, 810, 977, 830, 621, 592, 828, 841, 942, 509, 543, 959, 613, 558, 572, 721, 901, 677], [943, 550, 966, 840, 501, 909, 978, 886, 792, 873, 988, 992, 535, 901, 723, 618, 587, 704, 932, 899, 528, 681, 869, 766, 538, 578, 978, 704, 926, 901, 863, 789, 601, 602, 904, 946, 864, 717, 756, 972, 986, 963, 719, 864, 529, 868, 981, 772, 974, 944], [617, 905, 848, 578, 624, 858, 861, 516, 534, 706, 532, 828, 937, 972, 725, 732, 996, 734, 739, 540, 914, 856, 598, 735, 742, 773, 520, 910, 753, 656, 900, 834, 807, 624, 574, 781, 544, 903, 959, 659, 737, 714, 518, 561, 654, 777, 714, 631, 582, 982], [798, 526, 797, 867, 542, 537, 895, 991, 911, 755, 642, 511, 543, 720, 839, 635, 591, 540, 634, 530, 956, 866, 690, 684, 644, 517, 893, 740, 631, 823, 878, 791, 721, 910, 824, 855, 897, 697, 776, 827, 878, 704, 526, 779, 590, 772, 527, 927, 688, 943], [789, 935, 534, 642, 582, 888, 944, 963, 973, 680, 799, 960, 798, 993, 724, 793, 966, 547, 866, 940, 785, 683, 986, 558, 552, 889, 565, 856, 581, 795, 572, 675, 931, 582, 753, 737, 528, 550, 936, 708, 669, 777, 807, 872, 635, 577, 589, 847, 632, 717], [524, 643, 676, 558, 975, 525, 643, 931, 898, 575, 546, 787, 965, 839, 737, 562, 786, 512, 641, 891, 922, 788, 815, 929, 555, 621, 721, 503, 738, 745, 898, 693, 529, 687, 980, 761, 869, 583, 714, 582, 506, 576, 948, 803, 613, 935, 596, 662, 913, 571], [961, 981, 787, 880, 853, 504, 597, 693, 725, 548, 598, 787, 731, 696, 915, 691, 572, 539, 943, 983, 863, 618, 892, 627, 526, 802, 884, 771, 515, 540, 511, 538, 520, 656, 841, 740, 929, 516, 695, 721, 722, 833, 571, 736, 524, 595, 635, 631, 935, 742], [506, 830, 933, 502, 739, 545, 521, 676, 569, 579, 652, 916, 850, 547, 695, 785, 727, 663, 580, 889, 812, 993, 833, 562, 632, 647, 615, 846, 607, 621, 892, 883, 811, 557, 647, 728, 978, 894, 828, 855, 963, 948, 804, 998, 881, 837, 985, 879, 717, 851], [968, 693, 600, 713, 566, 528, 930, 609, 960, 975, 766, 919, 698, 700, 691, 927, 662, 960, 834, 960, 794, 831, 852, 873, 930, 622, 549, 889, 757, 890, 738, 668, 872, 913, 866, 664, 553, 669, 939, 723, 669, 808, 886, 661, 694, 791, 755, 823, 525, 779], [786, 826, 591, 966, 923, 659, 932, 989, 579, 782, 810, 896, 722, 516, 976, 681, 507, 659, 931, 664, 795, 779, 821, 620, 662, 509, 705, 647, 503, 709, 834, 552, 941, 783, 586, 735, 689, 726, 529, 888, 975, 783, 730, 703, 874, 943, 666, 993, 774, 645]]
Variable production cost per unit of each product in each period p: 
[[11, 11, 10, 12, 11, 13, 11, 10, 10, 12, 12, 13, 10, 12, 13, 13, 13, 12, 10, 12, 12, 10, 10, 10, 10, 11, 12, 13, 10, 12, 11, 12, 11, 10, 11, 13, 13, 12, 13, 13, 13, 12, 13, 10, 12, 13, 10, 10, 11, 13], [11, 12, 11, 13, 11, 13, 13, 13, 12, 11, 13, 13, 10, 13, 13, 12, 13, 11, 11, 10, 10, 13, 10, 10, 13, 13, 10, 12, 13, 11, 10, 13, 12, 11, 10, 10, 13, 13, 12, 13, 11, 13, 11, 13, 12, 13, 10, 12, 13, 12], [13, 12, 11, 11, 12, 13, 11, 10, 13, 10, 10, 12, 12, 13, 13, 10, 12, 10, 13, 13, 12, 12, 11, 11, 11, 11, 10, 11, 10, 12, 13, 10, 12, 13, 12, 13, 12, 12, 11, 10, 13, 11, 12, 12, 11, 13, 10, 11, 12, 11], [11, 13, 12, 13, 13, 10, 11, 13, 10, 11, 13, 10, 11, 10, 10, 13, 10, 11, 13, 10, 13, 13, 13, 10, 13, 13, 13, 10, 13, 10, 11, 13, 10, 13, 13, 11, 12, 11, 12, 13, 10, 12, 11, 13, 11, 10, 12, 12, 10, 10], [12, 10, 10, 12, 10, 12, 10, 13, 11, 12, 13, 10, 10, 12, 10, 10, 10, 12, 10, 12, 11, 11, 12, 11, 10, 13, 11, 10, 13, 10, 13, 13, 11, 10, 11, 11, 13, 12, 13, 10, 11, 12, 11, 11, 11, 12, 10, 12, 13, 12], [10, 12, 11, 13, 11, 11, 11, 10, 10, 10, 11, 10, 10, 11, 11, 11, 12, 13, 10, 12, 10, 13, 10, 13, 12, 10, 10, 12, 10, 13, 12, 11, 11, 10, 12, 10, 10, 13, 11, 10, 13, 12, 11, 13, 10, 12, 13, 13, 13, 10], [13, 13, 13, 12, 11, 10, 10, 11, 12, 13, 10, 10, 11, 10, 12, 10, 13, 10, 13, 11, 13, 10, 13, 13, 10, 12, 12, 11, 12, 10, 10, 13, 11, 13, 11, 12, 12, 10, 12, 11, 10, 11, 10, 13, 11, 12, 10, 13, 12, 10], [10, 10, 12, 11, 10, 11, 12, 13, 11, 13, 11, 12, 11, 13, 10, 13, 12, 11, 12, 12, 11, 13, 13, 13, 10, 10, 13, 12, 11, 13, 12, 10, 11, 12, 13, 10, 10, 10, 10, 12, 10, 10, 12, 10, 11, 12, 11, 10, 13, 11], [10, 13, 13, 10, 11, 13, 13, 11, 11, 12, 12, 12, 11, 11, 11, 11, 12, 12, 10, 11, 10, 10, 12, 10, 11, 13, 10, 10, 12, 10, 13, 13, 11, 10, 13, 11, 11, 11, 12, 13, 10, 12, 13, 12, 10, 13, 12, 12, 10, 11], [11, 13, 10, 12, 12, 13, 12, 12, 11, 13, 11, 13, 12, 10, 11, 10, 13, 13, 11, 11, 13, 12, 11, 11, 10, 13, 10, 13, 12, 13, 11, 10, 10, 12, 12, 13, 10, 13, 11, 12, 13, 11, 13, 11, 11, 11, 13, 10, 11, 11], [10, 11, 13, 13, 13, 10, 11, 10, 13, 13, 13, 13, 10, 13, 10, 12, 12, 13, 10, 13, 12, 10, 13, 12, 10, 13, 10, 10, 13, 11, 12, 11, 11, 13, 10, 11, 13, 13, 12, 10, 12, 13, 13, 11, 13, 10, 10, 10, 10, 10], [13, 12, 12, 11, 10, 11, 10, 11, 10, 10, 11, 11, 13, 11, 11, 11, 11, 13, 11, 13, 10, 13, 10, 12, 12, 12, 10, 13, 11, 10, 13, 10, 10, 11, 13, 12, 13, 12, 10, 11, 12, 10, 13, 12, 12, 13, 12, 10, 12, 12], [10, 10, 11, 13, 12, 11, 13, 10, 13, 12, 11, 11, 10, 12, 12, 11, 13, 13, 10, 13, 13, 11, 12, 12, 12, 12, 13, 10, 12, 13, 12, 11, 12, 10, 13, 11, 10, 13, 10, 12, 13, 10, 11, 13, 11, 12, 13, 13, 11, 10], [11, 12, 10, 10, 13, 10, 11, 13, 12, 13, 12, 10, 12, 12, 10, 13, 11, 13, 12, 13, 13, 13, 10, 11, 12, 10, 12, 12, 11, 12, 10, 11, 11, 10, 12, 12, 10, 12, 13, 11, 10, 12, 13, 11, 12, 12, 13, 12, 13, 12], [10, 12, 13, 10, 11, 13, 10, 12, 11, 13, 12, 12, 12, 11, 10, 11, 13, 10, 13, 11, 13, 13, 13, 12, 11, 11, 10, 13, 11, 11, 13, 11, 13, 12, 13, 12, 12, 10, 11, 10, 10, 11, 10, 11, 11, 10, 13, 13, 11, 10], [12, 11, 11, 10, 12, 10, 11, 10, 10, 10, 11, 13, 13, 10, 13, 12, 11, 10, 12, 13, 10, 13, 10, 11, 12, 12, 10, 12, 11, 12, 10, 10, 10, 12, 11, 10, 13, 13, 12, 12, 13, 13, 13, 10, 11, 10, 12, 10, 13, 13], [10, 12, 13, 12, 11, 11, 12, 11, 12, 12, 11, 12, 10, 13, 10, 10, 13, 10, 12, 11, 11, 11, 13, 11, 11, 13, 11, 13, 12, 13, 13, 11, 12, 10, 11, 11, 10, 11, 11, 11, 10, 10, 13, 13, 10, 11, 11, 12, 12, 12], [11, 12, 13, 11, 10, 12, 13, 13, 10, 12, 11, 13, 10, 11, 13, 10, 10, 13, 12, 11, 11, 12, 10, 10, 10, 11, 11, 10, 10, 10, 10, 13, 12, 10, 13, 11, 12, 10, 10, 10, 13, 13, 13, 11, 10, 11, 11, 13, 12, 10], [13, 10, 12, 12, 13, 11, 10, 11, 13, 10, 13, 12, 11, 11, 11, 12, 10, 12, 10, 12, 13, 13, 10, 10, 12, 13, 13, 10, 12, 10, 11, 10, 12, 12, 12, 11, 13, 10, 13, 10, 10, 10, 11, 10, 12, 11, 13, 11, 10, 13], [10, 13, 11, 10, 10, 13, 13, 10, 12, 13, 13, 11, 11, 13, 12, 10, 13, 12, 11, 11, 13, 13, 13, 10, 13, 13, 13, 11, 11, 11, 10, 10, 11, 11, 10, 13, 10, 11, 12, 12, 11, 12, 10, 13, 12, 12, 11, 12, 13, 10], [10, 10, 13, 11, 13, 13, 12, 11, 13, 13, 13, 12, 12, 11, 13, 13, 12, 10, 11, 12, 13, 13, 10, 12, 11, 10, 10, 11, 11, 10, 10, 10, 10, 10, 13, 10, 10, 13, 12, 12, 12, 10, 12, 10, 12, 12, 11, 12, 10, 13], [11, 13, 11, 13, 12, 13, 10, 13, 10, 12, 10, 13, 11, 13, 10, 10, 11, 13, 12, 12, 10, 13, 10, 12, 10, 13, 12, 13, 13, 10, 10, 12, 12, 10, 12, 13, 12, 11, 13, 12, 10, 11, 13, 10, 12, 12, 11, 13, 11, 11], [10, 13, 10, 13, 13, 12, 10, 10, 11, 11, 12, 12, 11, 11, 11, 11, 12, 12, 12, 12, 11, 10, 11, 12, 12, 10, 11, 13, 13, 13, 10, 13, 10, 11, 13, 11, 12, 13, 11, 13, 11, 13, 11, 12, 11, 11, 12, 12, 11, 13], [10, 10, 13, 10, 13, 11, 11, 13, 10, 10, 12, 11, 11, 13, 12, 12, 11, 11, 11, 10, 13, 10, 10, 10, 10, 12, 11, 11, 12, 12, 13, 12, 10, 10, 13, 13, 13, 10, 13, 10, 10, 12, 11, 10, 11, 12, 12, 11, 11, 11], [10, 11, 13, 11, 10, 11, 11, 10, 13, 10, 12, 11, 12, 11, 11, 11, 13, 10, 13, 11, 11, 11, 10, 10, 10, 12, 10, 13, 13, 11, 13, 12, 12, 10, 11, 12, 11, 13, 13, 12, 11, 13, 12, 10, 13, 13, 12, 12, 10, 10], [10, 13, 12, 12, 12, 12, 12, 13, 12, 13, 12, 13, 11, 13, 10, 12, 10, 11, 13, 12, 11, 10, 12, 13, 13, 12, 13, 11, 11, 13, 12, 13, 12, 13, 10, 11, 12, 10, 12, 10, 13, 13, 11, 10, 13, 13, 10, 13, 11, 11], [12, 10, 11, 12, 12, 13, 12, 10, 13, 12, 12, 10, 11, 12, 11, 10, 10, 10, 12, 10, 12, 10, 11, 10, 12, 12, 12, 10, 12, 12, 13, 12, 11, 13, 10, 13, 10, 12, 12, 11, 12, 11, 13, 11, 13, 10, 11, 10, 11, 13], [13, 13, 12, 11, 12, 11, 13, 10, 12, 12, 13, 12, 13, 12, 13, 10, 13, 10, 13, 13, 12, 10, 11, 13, 11, 12, 11, 10, 12, 10, 12, 13, 13, 13, 11, 12, 11, 11, 10, 12, 11, 12, 12, 11, 12, 13, 13, 13, 11, 10], [10, 12, 10, 13, 12, 12, 11, 11, 12, 11, 13, 10, 11, 13, 10, 11, 10, 13, 13, 13, 12, 12, 11, 11, 13, 12, 12, 13, 11, 10, 13, 12, 13, 13, 10, 10, 12, 11, 12, 13, 11, 11, 13, 10, 11, 12, 10, 11, 11, 10], [10, 11, 11, 11, 10, 10, 10, 11, 12, 11, 11, 12, 12, 10, 10, 12, 12, 10, 13, 13, 13, 10, 11, 12, 10, 10, 11, 13, 12, 12, 12, 10, 11, 13, 13, 12, 13, 12, 11, 10, 13, 10, 13, 12, 12, 10, 13, 11, 12, 11], [12, 12, 11, 13, 12, 10, 10, 12, 12, 10, 13, 13, 12, 12, 13, 12, 10, 12, 10, 11, 13, 11, 11, 12, 13, 13, 13, 12, 12, 11, 11, 13, 12, 10, 13, 11, 13, 13, 12, 10, 13, 12, 11, 10, 13, 10, 10, 11, 11, 12], [12, 11, 11, 11, 10, 13, 12, 13, 13, 10, 11, 11, 13, 12, 13, 11, 12, 11, 12, 10, 11, 12, 13, 13, 12, 10, 12, 11, 10, 12, 12, 10, 12, 13, 11, 10, 12, 10, 13, 10, 10, 11, 10, 10, 12, 12, 10, 13, 10, 12], [10, 13, 13, 11, 12, 11, 13, 12, 10, 12, 13, 10, 11, 13, 10, 10, 13, 10, 12, 11, 10, 10, 10, 12, 12, 11, 10, 13, 10, 12, 12, 12, 10, 10, 13, 10, 11, 10, 13, 13, 10, 13, 11, 13, 11, 12, 10, 10, 12, 12], [10, 10, 13, 10, 13, 11, 13, 12, 12, 11, 10, 12, 13, 12, 12, 11, 12, 12, 13, 12, 11, 12, 11, 13, 11, 13, 11, 10, 13, 12, 12, 11, 12, 12, 10, 12, 12, 12, 10, 13, 11, 13, 10, 10, 10, 11, 10, 12, 13, 10], [11, 11, 11, 11, 13, 13, 11, 10, 12, 12, 12, 11, 12, 13, 13, 10, 10, 11, 13, 12, 10, 11, 12, 13, 13, 10, 12, 11, 12, 10, 11, 10, 13, 12, 13, 11, 13, 10, 13, 13, 12, 13, 12, 11, 11, 12, 10, 13, 13, 11], [13, 10, 13, 12, 12, 10, 10, 12, 10, 12, 11, 11, 10, 13, 11, 10, 13, 12, 12, 10, 11, 11, 13, 10, 12, 12, 10, 13, 11, 11, 11, 12, 12, 11, 10, 11, 12, 10, 10, 11, 12, 12, 13, 11, 13, 12, 10, 10, 11, 11], [11, 12, 10, 10, 11, 13, 10, 13, 10, 12, 11, 12, 12, 11, 10, 13, 12, 13, 10, 12, 13, 11, 12, 12, 11, 13, 12, 12, 12, 10, 13, 11, 13, 13, 11, 11, 10, 11, 10, 12, 12, 11, 10, 13, 12, 13, 10, 10, 10, 13], [12, 12, 12, 11, 12, 12, 13, 13, 10, 11, 13, 11, 13, 12, 12, 12, 12, 13, 13, 10, 11, 12, 12, 12, 10, 11, 13, 13, 10, 12, 12, 10, 13, 10, 11, 10, 11, 13, 12, 10, 10, 10, 13, 12, 12, 11, 13, 13, 10, 11], [12, 10, 10, 13, 13, 10, 11, 10, 10, 11, 10, 13, 13, 12, 10, 13, 10, 12, 12, 10, 12, 10, 13, 13, 13, 11, 12, 12, 11, 12, 13, 11, 10, 11, 13, 12, 13, 10, 11, 12, 11, 12, 13, 13, 12, 13, 13, 13, 10, 11], [11, 11, 10, 12, 12, 11, 10, 10, 11, 10, 10, 11, 13, 10, 12, 11, 10, 11, 11, 12, 10, 10, 12, 11, 10, 13, 11, 13, 11, 13, 11, 12, 10, 11, 13, 12, 11, 12, 11, 11, 12, 13, 11, 10, 10, 12, 12, 13, 11, 10], [11, 13, 12, 11, 12, 11, 13, 12, 12, 12, 12, 11, 11, 11, 13, 12, 11, 10, 13, 10, 13, 12, 10, 12, 12, 11, 13, 13, 10, 11, 13, 12, 10, 10, 11, 13, 10, 12, 12, 13, 13, 11, 10, 12, 12, 13, 10, 10, 11, 11], [13, 11, 10, 11, 12, 10, 10, 10, 10, 10, 11, 10, 11, 11, 13, 12, 11, 10, 12, 13, 12, 12, 13, 12, 13, 12, 13, 13, 13, 12, 13, 11, 12, 11, 11, 10, 10, 10, 10, 13, 10, 10, 13, 10, 12, 11, 12, 10, 13, 13], [11, 13, 11, 11, 11, 13, 12, 11, 10, 10, 11, 11, 11, 12, 10, 11, 13, 10, 13, 13, 13, 11, 12, 10, 11, 10, 13, 13, 12, 11, 12, 13, 12, 13, 13, 11, 13, 12, 12, 13, 10, 12, 11, 12, 13, 10, 12, 12, 12, 10], [11, 12, 13, 13, 10, 13, 12, 12, 10, 12, 10, 13, 11, 10, 11, 12, 12, 10, 11, 11, 13, 11, 10, 13, 12, 10, 12, 12, 11, 11, 12, 10, 13, 12, 10, 12, 10, 12, 11, 13, 11, 12, 11, 11, 12, 12, 12, 12, 11, 12], [11, 12, 13, 12, 12, 10, 10, 13, 11, 10, 13, 11, 13, 11, 11, 11, 12, 12, 10, 13, 12, 10, 13, 11, 10, 11, 12, 10, 12, 11, 11, 10, 13, 11, 12, 12, 12, 12, 11, 11, 13, 10, 11, 13, 12, 12, 12, 10, 13, 11], [13, 12, 13, 12, 11, 13, 13, 11, 10, 13, 10, 11, 13, 10, 10, 12, 11, 12, 10, 13, 13, 10, 12, 10, 10, 12, 11, 10, 11, 13, 12, 13, 11, 11, 11, 11, 12, 12, 10, 11, 13, 11, 12, 11, 11, 11, 12, 12, 10, 13], [12, 13, 12, 13, 13, 11, 10, 12, 10, 10, 10, 12, 10, 12, 11, 10, 13, 13, 12, 12, 13, 13, 12, 10, 12, 13, 12, 13, 13, 12, 12, 10, 11, 12, 13, 13, 12, 12, 11, 13, 13, 10, 10, 11, 12, 12, 11, 13, 13, 12], [13, 13, 11, 13, 13, 13, 12, 13, 11, 13, 12, 13, 13, 13, 10, 12, 11, 10, 10, 13, 11, 12, 11, 13, 13, 11, 13, 13, 12, 10, 12, 12, 12, 13, 11, 11, 13, 10, 13, 10, 11, 12, 10, 12, 13, 13, 12, 13, 10, 13], [10, 10, 11, 10, 10, 13, 12, 10, 11, 11, 10, 12, 12, 11, 13, 13, 13, 11, 12, 11, 11, 13, 10, 10, 10, 12, 11, 10, 11, 12, 13, 11, 11, 12, 12, 10, 13, 13, 12, 11, 11, 13, 12, 10, 12, 12, 11, 12, 10, 13], [11, 11, 11, 13, 13, 12, 12, 11, 11, 13, 10, 13, 10, 10, 11, 13, 13, 13, 12, 12, 13, 10, 12, 11, 11, 10, 11, 13, 11, 13, 10, 13, 13, 12, 12, 11, 10, 11, 12, 12, 10, 10, 10, 13, 12, 11, 13, 13, 13, 10], [11, 10, 11, 11, 12, 12, 13, 11, 13, 11, 11, 13, 12, 11, 11, 11, 11, 10, 13, 13, 13, 13, 10, 12, 12, 12, 13, 10, 11, 13, 11, 12, 10, 13, 11, 11, 13, 13, 11, 13, 10, 13, 10, 13, 11, 10, 10, 11, 11, 12], [13, 11, 11, 10, 12, 12, 11, 10, 13, 11, 11, 10, 12, 10, 10, 11, 13, 13, 13, 13, 12, 11, 10, 12, 11, 10, 11, 11, 13, 11, 12, 10, 10, 11, 10, 10, 13, 10, 13, 10, 13, 11, 11, 12, 12, 10, 13, 12, 10, 12], [10, 12, 13, 12, 13, 10, 11, 12, 13, 12, 11, 13, 11, 12, 10, 13, 11, 12, 13, 11, 10, 12, 11, 12, 10, 12, 11, 13, 11, 13, 12, 12, 10, 10, 10, 12, 10, 11, 11, 11, 11, 10, 10, 11, 11, 12, 10, 12, 12, 10], [12, 12, 10, 12, 12, 10, 10, 12, 10, 11, 11, 11, 11, 13, 10, 13, 13, 13, 13, 11, 10, 10, 10, 13, 11, 13, 13, 12, 11, 11, 11, 11, 13, 10, 10, 11, 13, 10, 11, 12, 13, 12, 13, 12, 13, 13, 13, 11, 10, 10], [11, 13, 11, 13, 10, 13, 10, 11, 11, 11, 13, 11, 13, 11, 13, 10, 13, 11, 13, 10, 12, 10, 11, 11, 11, 13, 13, 11, 11, 12, 13, 10, 12, 10, 12, 12, 12, 11, 10, 13, 12, 10, 12, 12, 11, 10, 11, 10, 10, 11], [11, 12, 12, 13, 10, 10, 12, 13, 11, 12, 11, 12, 10, 12, 11, 10, 12, 10, 11, 12, 13, 12, 11, 12, 10, 10, 10, 10, 13, 10, 12, 12, 10, 13, 13, 10, 13, 10, 11, 11, 12, 10, 10, 10, 10, 11, 10, 10, 11, 10], [12, 13, 12, 12, 12, 13, 13, 13, 13, 13, 12, 12, 10, 13, 11, 11, 12, 11, 10, 11, 12, 12, 12, 12, 12, 10, 10, 12, 11, 11, 12, 11, 13, 10, 10, 11, 10, 12, 10, 10, 12, 12, 12, 12, 10, 11, 11, 11, 10, 13], [11, 12, 13, 12, 10, 11, 10, 12, 11, 12, 10, 10, 10, 13, 13, 12, 10, 12, 12, 13, 12, 13, 11, 12, 10, 12, 13, 10, 10, 10, 11, 10, 11, 11, 13, 11, 10, 13, 12, 11, 13, 12, 10, 12, 11, 12, 11, 13, 10, 12], [10, 13, 12, 12, 12, 11, 12, 13, 12, 12, 12, 11, 12, 10, 11, 11, 11, 10, 13, 10, 13, 12, 10, 11, 10, 13, 13, 12, 11, 12, 11, 12, 12, 11, 13, 13, 10, 11, 10, 13, 11, 11, 13, 11, 11, 11, 10, 12, 10, 10], [11, 13, 10, 11, 13, 12, 11, 11, 10, 11, 10, 12, 10, 10, 10, 11, 11, 13, 13, 10, 10, 13, 13, 12, 12, 11, 11, 13, 13, 10, 11, 10, 11, 12, 11, 12, 11, 13, 12, 12, 11, 10, 11, 11, 13, 12, 11, 11, 10, 10], [13, 13, 11, 10, 13, 13, 12, 13, 12, 13, 13, 13, 13, 13, 12, 12, 12, 12, 13, 12, 10, 12, 10, 13, 10, 10, 13, 11, 13, 12, 12, 10, 13, 12, 12, 11, 10, 10, 11, 10, 13, 13, 12, 10, 12, 11, 13, 13, 11, 10], [13, 11, 10, 11, 11, 10, 10, 13, 10, 13, 13, 13, 13, 11, 11, 12, 10, 11, 13, 11, 12, 13, 12, 13, 13, 12, 11, 11, 13, 12, 13, 11, 10, 13, 12, 11, 12, 13, 10, 10, 11, 12, 11, 13, 10, 10, 13, 10, 11, 11], [11, 13, 10, 13, 11, 10, 11, 12, 12, 12, 12, 10, 10, 10, 13, 10, 10, 13, 13, 13, 10, 13, 12, 10, 10, 13, 12, 11, 12, 12, 11, 13, 10, 11, 10, 10, 10, 11, 10, 10, 12, 13, 13, 13, 13, 13, 10, 11, 12, 11], [12, 10, 11, 13, 11, 13, 13, 12, 10, 13, 13, 12, 10, 13, 10, 13, 13, 13, 11, 12, 12, 13, 13, 12, 11, 10, 11, 11, 10, 13, 13, 11, 13, 10, 11, 12, 13, 11, 11, 12, 11, 12, 12, 10, 10, 13, 12, 10, 13, 12], [11, 13, 10, 13, 12, 11, 12, 11, 10, 10, 11, 13, 11, 10, 12, 12, 11, 12, 10, 10, 12, 12, 10, 10, 10, 12, 11, 13, 12, 10, 10, 12, 13, 13, 13, 12, 13, 10, 10, 10, 12, 11, 12, 12, 11, 12, 13, 13, 13, 11], [13, 11, 10, 12, 11, 11, 11, 12, 13, 10, 12, 13, 11, 10, 10, 10, 10, 10, 12, 12, 13, 12, 12, 10, 11, 11, 12, 12, 10, 12, 12, 11, 11, 11, 12, 10, 12, 10, 12, 11, 12, 12, 12, 11, 11, 13, 13, 13, 10, 10], [13, 11, 12, 10, 10, 13, 13, 10, 13, 10, 11, 13, 12, 10, 10, 12, 13, 12, 13, 13, 11, 12, 13, 11, 13, 12, 12, 13, 10, 12, 10, 13, 10, 11, 10, 12, 10, 13, 11, 10, 10, 12, 13, 10, 13, 12, 10, 10, 10, 11], [13, 12, 13, 11, 13, 13, 12, 11, 13, 11, 13, 11, 13, 11, 10, 13, 12, 12, 11, 12, 12, 10, 10, 11, 13, 10, 12, 10, 12, 13, 10, 13, 11, 12, 11, 13, 11, 13, 13, 12, 10, 11, 11, 12, 10, 11, 10, 11, 13, 12], [10, 12, 13, 11, 10, 12, 13, 13, 13, 12, 10, 12, 13, 12, 10, 13, 11, 12, 13, 12, 10, 10, 11, 10, 12, 10, 10, 13, 11, 10, 10, 12, 10, 13, 11, 13, 13, 10, 10, 13, 12, 10, 13, 10, 13, 13, 11, 10, 10, 12], [11, 11, 13, 13, 13, 12, 10, 12, 12, 10, 11, 12, 11, 13, 10, 10, 13, 10, 10, 10, 12, 12, 12, 11, 11, 10, 11, 12, 13, 11, 10, 10, 10, 12, 13, 13, 12, 11, 10, 10, 10, 11, 13, 12, 12, 11, 12, 10, 13, 11], [13, 10, 13, 13, 13, 11, 10, 11, 10, 12, 13, 10, 12, 13, 12, 11, 10, 10, 12, 13, 10, 12, 10, 11, 11, 11, 13, 12, 10, 12, 12, 11, 12, 11, 13, 12, 12, 13, 10, 13, 12, 12, 13, 13, 13, 11, 13, 11, 12, 11], [11, 10, 12, 11, 11, 11, 13, 10, 10, 13, 11, 11, 10, 11, 10, 12, 10, 11, 11, 10, 10, 13, 11, 11, 10, 12, 13, 10, 13, 10, 13, 12, 12, 10, 12, 10, 11, 12, 11, 13, 10, 11, 13, 10, 12, 10, 11, 11, 11, 13], [11, 10, 10, 11, 12, 10, 13, 10, 10, 10, 11, 11, 11, 10, 12, 13, 12, 13, 10, 10, 10, 11, 13, 13, 12, 11, 10, 13, 11, 10, 10, 11, 13, 12, 12, 11, 12, 11, 12, 11, 10, 11, 13, 11, 13, 10, 10, 12, 12, 12], [13, 12, 13, 13, 12, 12, 10, 11, 10, 13, 12, 11, 11, 13, 12, 12, 10, 13, 13, 13, 11, 11, 11, 12, 12, 13, 13, 11, 10, 12, 10, 10, 11, 10, 13, 13, 12, 13, 10, 13, 13, 13, 13, 11, 13, 10, 13, 10, 11, 13], [10, 10, 13, 10, 10, 10, 13, 13, 12, 10, 11, 13, 13, 11, 13, 11, 12, 12, 11, 12, 12, 13, 12, 12, 12, 12, 11, 10, 10, 13, 10, 10, 13, 13, 12, 13, 11, 13, 13, 11, 12, 11, 11, 11, 13, 11, 12, 10, 13, 12], [10, 11, 12, 13, 13, 11, 11, 13, 11, 13, 10, 12, 11, 13, 13, 10, 13, 13, 13, 12, 11, 12, 13, 11, 11, 10, 12, 13, 13, 11, 11, 13, 10, 10, 13, 10, 13, 12, 10, 10, 13, 12, 13, 13, 13, 10, 10, 12, 13, 11], [10, 10, 13, 13, 12, 10, 12, 11, 13, 10, 13, 10, 10, 11, 11, 10, 13, 12, 13, 13, 10, 11, 13, 11, 13, 11, 10, 13, 12, 11, 11, 12, 10, 11, 12, 12, 11, 12, 11, 13, 11, 12, 13, 11, 12, 13, 10, 10, 12, 13], [12, 12, 10, 12, 10, 13, 10, 11, 11, 11, 13, 10, 13, 13, 10, 10, 10, 10, 10, 11, 13, 11, 11, 10, 10, 13, 12, 13, 13, 12, 11, 10, 13, 10, 10, 10, 13, 13, 13, 11, 12, 10, 11, 10, 13, 10, 12, 10, 12, 11], [11, 10, 13, 12, 13, 13, 12, 10, 10, 11, 12, 10, 10, 13, 12, 12, 10, 10, 12, 12, 13, 10, 13, 12, 13, 10, 10, 12, 13, 10, 13, 10, 12, 10, 10, 11, 11, 13, 12, 13, 13, 12, 10, 12, 10, 11, 10, 11, 11, 11], [13, 12, 12, 13, 10, 11, 13, 11, 10, 11, 12, 12, 11, 10, 11, 10, 12, 10, 10, 12, 11, 11, 11, 11, 13, 12, 11, 13, 11, 11, 12, 13, 11, 10, 10, 10, 11, 12, 10, 11, 13, 10, 10, 12, 10, 12, 12, 12, 13, 12], [12, 11, 11, 10, 11, 13, 11, 12, 13, 10, 13, 13, 12, 11, 11, 11, 11, 10, 10, 10, 13, 11, 12, 11, 12, 13, 13, 13, 10, 12, 12, 10, 13, 12, 11, 12, 10, 13, 12, 11, 10, 10, 12, 11, 10, 13, 10, 10, 10, 10], [11, 11, 10, 11, 11, 13, 12, 10, 13, 13, 12, 13, 13, 12, 13, 10, 12, 13, 13, 13, 13, 12, 12, 12, 11, 10, 13, 13, 11, 10, 10, 11, 12, 12, 11, 10, 11, 13, 10, 12, 12, 13, 13, 11, 11, 11, 11, 11, 13, 13], [12, 12, 11, 13, 13, 12, 11, 11, 11, 13, 10, 13, 13, 11, 13, 13, 11, 10, 11, 11, 13, 10, 11, 12, 12, 12, 12, 12, 10, 13, 13, 13, 11, 13, 10, 13, 13, 13, 10, 12, 11, 11, 12, 10, 13, 12, 10, 13, 10, 11], [13, 12, 13, 11, 13, 13, 11, 11, 13, 12, 11, 12, 12, 11, 10, 11, 13, 10, 11, 13, 11, 13, 13, 10, 13, 13, 10, 12, 12, 11, 13, 11, 12, 10, 11, 10, 10, 11, 12, 12, 12, 10, 10, 12, 12, 11, 13, 13, 13, 13], [13, 10, 12, 13, 11, 12, 10, 12, 10, 10, 10, 11, 10, 11, 12, 12, 10, 12, 12, 13, 13, 12, 11, 12, 12, 13, 12, 12, 13, 12, 12, 11, 10, 12, 13, 12, 11, 11, 10, 12, 11, 11, 11, 10, 11, 12, 10, 10, 11, 12], [13, 11, 10, 12, 13, 10, 12, 11, 12, 10, 13, 10, 10, 13, 12, 12, 11, 11, 13, 11, 10, 12, 13, 11, 13, 12, 12, 11, 10, 10, 12, 12, 13, 12, 12, 11, 12, 10, 12, 10, 13, 10, 11, 10, 10, 10, 12, 10, 10, 11], [10, 11, 13, 11, 11, 11, 13, 11, 13, 10, 11, 13, 13, 13, 11, 12, 11, 13, 10, 11, 12, 12, 11, 12, 10, 11, 11, 11, 11, 10, 13, 13, 10, 12, 11, 11, 10, 10, 12, 11, 12, 13, 13, 12, 12, 11, 12, 10, 11, 12], [13, 12, 13, 13, 12, 12, 11, 13, 11, 13, 10, 12, 12, 12, 11, 10, 12, 10, 13, 10, 11, 10, 10, 11, 12, 10, 12, 12, 12, 12, 10, 13, 13, 12, 10, 10, 10, 10, 10, 11, 10, 12, 13, 11, 11, 13, 12, 11, 12, 13], [11, 11, 11, 13, 13, 11, 13, 10, 13, 10, 13, 13, 13, 13, 10, 11, 12, 10, 11, 13, 12, 13, 10, 12, 13, 10, 12, 12, 12, 12, 13, 10, 11, 12, 13, 13, 11, 12, 11, 12, 12, 12, 11, 13, 10, 10, 10, 13, 13, 12], [12, 13, 13, 10, 10, 10, 13, 12, 13, 12, 13, 10, 11, 13, 11, 12, 10, 12, 10, 11, 11, 13, 11, 13, 13, 12, 10, 12, 13, 12, 11, 10, 10, 11, 11, 13, 11, 10, 11, 13, 10, 12, 12, 12, 12, 10, 11, 11, 11, 11], [12, 13, 13, 13, 13, 11, 12, 13, 13, 12, 11, 13, 11, 11, 10, 10, 13, 13, 12, 10, 11, 12, 13, 13, 10, 13, 12, 11, 12, 11, 11, 11, 12, 13, 13, 13, 13, 12, 13, 12, 11, 12, 12, 13, 11, 10, 12, 10, 13, 12], [11, 10, 11, 11, 13, 12, 11, 10, 10, 12, 12, 12, 11, 10, 13, 12, 10, 11, 13, 13, 10, 11, 12, 13, 11, 10, 11, 12, 13, 10, 13, 12, 11, 13, 11, 11, 13, 12, 11, 12, 11, 10, 11, 11, 10, 11, 10, 11, 10, 11], [12, 12, 12, 10, 11, 10, 13, 10, 11, 12, 13, 10, 11, 10, 12, 11, 10, 11, 13, 13, 13, 12, 11, 13, 11, 12, 12, 11, 12, 12, 13, 12, 12, 13, 10, 10, 12, 10, 13, 11, 11, 13, 13, 11, 13, 13, 13, 12, 10, 12], [11, 10, 12, 12, 11, 10, 11, 11, 11, 13, 12, 11, 13, 12, 11, 12, 13, 10, 10, 12, 13, 11, 12, 11, 10, 11, 13, 11, 12, 11, 11, 10, 13, 12, 11, 13, 11, 13, 13, 12, 13, 11, 10, 10, 13, 13, 10, 11, 11, 11], [11, 10, 12, 10, 10, 11, 11, 13, 11, 10, 12, 12, 13, 11, 10, 10, 13, 12, 13, 10, 11, 11, 12, 10, 11, 13, 13, 11, 11, 12, 13, 11, 10, 13, 12, 11, 12, 11, 10, 11, 12, 10, 13, 10, 10, 13, 12, 13, 13, 12], [11, 10, 13, 12, 12, 12, 11, 13, 12, 12, 10, 13, 12, 13, 10, 11, 10, 12, 11, 11, 12, 13, 11, 10, 10, 12, 12, 11, 12, 12, 10, 12, 11, 12, 10, 10, 11, 13, 11, 12, 11, 11, 13, 11, 11, 13, 10, 10, 11, 10], [10, 10, 12, 13, 12, 12, 13, 11, 11, 11, 11, 12, 13, 13, 11, 12, 10, 12, 11, 10, 11, 11, 13, 12, 13, 10, 12, 11, 10, 12, 11, 10, 10, 11, 13, 11, 11, 12, 10, 10, 11, 10, 10, 11, 13, 11, 12, 10, 12, 11], [10, 13, 12, 12, 13, 12, 11, 13, 10, 10, 11, 10, 10, 12, 11, 10, 10, 10, 10, 12, 13, 10, 11, 13, 13, 11, 13, 13, 13, 10, 12, 13, 12, 12, 13, 13, 10, 12, 11, 13, 11, 12, 13, 11, 10, 12, 13, 11, 13, 13], [12, 11, 12, 10, 11, 11, 10, 13, 12, 13, 10, 13, 13, 11, 11, 11, 10, 13, 11, 11, 12, 11, 10, 11, 12, 12, 12, 13, 13, 13, 12, 12, 12, 10, 11, 11, 10, 11, 11, 10, 13, 13, 10, 11, 11, 12, 13, 11, 11, 13], [12, 11, 13, 10, 13, 12, 11, 13, 11, 10, 13, 13, 12, 13, 10, 12, 10, 11, 12, 13, 13, 10, 10, 12, 11, 12, 13, 11, 12, 13, 10, 13, 10, 10, 10, 11, 10, 11, 11, 11, 12, 10, 11, 12, 10, 11, 12, 13, 13, 12], [10, 13, 12, 10, 10, 11, 11, 12, 11, 12, 10, 13, 11, 13, 12, 11, 13, 12, 10, 11, 12, 12, 13, 10, 13, 13, 12, 11, 11, 10, 13, 12, 11, 11, 13, 13, 11, 11, 12, 12, 10, 13, 12, 10, 10, 11, 13, 11, 10, 10], [11, 11, 11, 11, 13, 12, 11, 11, 12, 11, 13, 13, 10, 12, 11, 10, 10, 13, 11, 12, 12, 10, 13, 10, 11, 11, 12, 13, 12, 10, 11, 10, 12, 11, 13, 12, 11, 12, 11, 10, 11, 11, 12, 11, 12, 10, 12, 10, 10, 10], [12, 10, 13, 11, 13, 13, 13, 12, 11, 10, 12, 13, 12, 13, 11, 10, 10, 12, 11, 13, 13, 12, 10, 11, 10, 13, 10, 12, 10, 12, 13, 10, 13, 11, 12, 13, 12, 12, 12, 13, 11, 12, 13, 11, 13, 12, 10, 13, 10, 11], [11, 10, 11, 13, 11, 11, 10, 11, 11, 13, 11, 10, 12, 10, 13, 12, 11, 13, 13, 11, 11, 12, 13, 12, 10, 10, 11, 10, 12, 11, 13, 10, 11, 12, 12, 10, 13, 13, 12, 12, 10, 11, 13, 11, 10, 13, 11, 11, 12, 13], [13, 10, 10, 10, 10, 13, 11, 11, 10, 11, 12, 13, 10, 11, 10, 13, 13, 12, 13, 10, 13, 10, 10, 12, 11, 11, 11, 12, 10, 13, 11, 13, 13, 11, 10, 13, 12, 13, 12, 13, 12, 13, 10, 11, 13, 12, 11, 12, 10, 13], [12, 13, 10, 12, 10, 10, 11, 13, 13, 10, 12, 13, 10, 12, 10, 13, 10, 12, 12, 11, 10, 13, 12, 10, 11, 13, 11, 13, 10, 11, 12, 13, 13, 12, 12, 10, 10, 13, 10, 11, 10, 12, 10, 12, 10, 10, 13, 12, 10, 13], [11, 10, 10, 12, 13, 10, 11, 11, 11, 11, 10, 13, 13, 11, 13, 11, 13, 13, 12, 13, 13, 12, 10, 11, 12, 12, 10, 11, 10, 12, 12, 13, 13, 11, 13, 10, 12, 12, 10, 12, 12, 11, 10, 12, 12, 13, 11, 12, 10, 13], [10, 11, 13, 13, 13, 12, 11, 13, 11, 10, 11, 11, 13, 13, 12, 10, 13, 11, 13, 10, 11, 12, 10, 10, 10, 13, 13, 11, 10, 11, 13, 12, 11, 11, 10, 10, 11, 10, 11, 12, 13, 13, 11, 12, 11, 10, 12, 13, 12, 11], [10, 12, 11, 13, 11, 10, 13, 12, 13, 11, 12, 10, 12, 11, 13, 13, 13, 13, 13, 12, 12, 11, 12, 13, 12, 12, 13, 13, 11, 12, 11, 11, 10, 11, 10, 13, 11, 10, 10, 11, 11, 11, 13, 10, 11, 13, 12, 10, 13, 13], [11, 13, 13, 12, 11, 10, 10, 12, 11, 13, 10, 10, 10, 13, 12, 11, 13, 11, 10, 12, 11, 12, 12, 10, 13, 11, 11, 13, 11, 11, 13, 12, 13, 11, 11, 11, 11, 12, 11, 10, 12, 11, 10, 13, 12, 13, 12, 13, 11, 13], [10, 12, 12, 10, 12, 13, 10, 13, 13, 13, 10, 11, 12, 13, 10, 10, 12, 10, 12, 11, 12, 11, 10, 13, 10, 13, 13, 10, 10, 10, 11, 12, 12, 12, 10, 13, 11, 13, 12, 12, 10, 10, 11, 13, 11, 13, 12, 11, 11, 12], [12, 11, 13, 11, 12, 12, 10, 13, 10, 10, 13, 12, 13, 11, 12, 12, 11, 13, 13, 12, 10, 11, 13, 12, 11, 10, 13, 10, 12, 11, 12, 13, 11, 13, 11, 11, 10, 11, 13, 11, 12, 13, 13, 12, 10, 12, 10, 10, 10, 11], [10, 11, 11, 10, 10, 12, 11, 10, 11, 12, 13, 12, 12, 11, 13, 10, 12, 10, 10, 12, 10, 13, 11, 12, 11, 10, 12, 12, 10, 12, 11, 12, 12, 10, 10, 11, 13, 10, 11, 13, 12, 11, 10, 10, 13, 11, 10, 13, 13, 10], [12, 12, 12, 10, 10, 11, 13, 11, 10, 12, 13, 11, 11, 13, 10, 13, 10, 10, 12, 10, 13, 12, 13, 13, 13, 13, 13, 12, 12, 11, 11, 10, 13, 10, 13, 13, 10, 12, 10, 12, 10, 10, 10, 11, 13, 11, 11, 11, 12, 13], [13, 12, 11, 11, 13, 12, 12, 12, 13, 13, 13, 13, 10, 12, 11, 12, 10, 13, 11, 13, 11, 10, 10, 10, 10, 11, 11, 11, 13, 12, 13, 11, 13, 13, 12, 13, 13, 13, 10, 13, 12, 12, 11, 11, 10, 11, 11, 12, 13, 13], [13, 10, 12, 11, 10, 13, 13, 11, 11, 10, 10, 13, 11, 12, 12, 13, 10, 11, 11, 11, 12, 10, 12, 13, 13, 13, 10, 10, 12, 10, 11, 10, 13, 13, 13, 10, 13, 10, 13, 11, 11, 13, 13, 12, 11, 12, 12, 12, 11, 12], [12, 12, 10, 11, 11, 10, 12, 11, 11, 12, 10, 10, 11, 10, 10, 13, 13, 12, 13, 12, 13, 13, 11, 13, 11, 11, 11, 13, 10, 13, 13, 10, 11, 12, 10, 11, 10, 13, 13, 13, 12, 13, 13, 10, 12, 10, 13, 11, 12, 10], [10, 13, 11, 10, 12, 10, 11, 13, 12, 11, 12, 10, 10, 11, 11, 12, 10, 12, 12, 13, 10, 10, 11, 13, 10, 13, 10, 13, 10, 11, 10, 12, 11, 12, 13, 12, 12, 12, 11, 10, 10, 12, 13, 11, 11, 11, 12, 12, 13, 10], [11, 12, 11, 11, 12, 12, 10, 10, 13, 11, 12, 11, 13, 11, 10, 11, 13, 13, 10, 13, 13, 12, 13, 12, 10, 11, 10, 11, 11, 11, 12, 12, 13, 13, 12, 11, 13, 11, 12, 13, 11, 10, 13, 10, 11, 10, 12, 12, 13, 11], [13, 13, 13, 12, 11, 11, 13, 13, 11, 13, 12, 13, 13, 10, 11, 10, 12, 13, 12, 12, 12, 11, 11, 13, 10, 12, 11, 11, 10, 10, 10, 12, 10, 12, 11, 11, 11, 10, 12, 12, 12, 11, 12, 13, 10, 10, 13, 12, 10, 10]]
Inventory holding cost per unit of each product by the end of each period h: 
[[5, 5, 6, 5, 7, 8, 5, 6, 5, 5, 6, 5, 9, 6, 6, 9, 7, 5, 6, 9, 7, 5, 9, 6, 5, 6, 6, 7, 9, 9, 8, 6, 6, 7, 8, 7, 9, 7, 8, 6, 8, 9, 5, 7, 9, 8, 8, 9, 5, 9], [8, 6, 5, 5, 6, 8, 6, 6, 5, 7, 7, 9, 8, 6, 5, 6, 9, 8, 7, 6, 9, 5, 8, 6, 8, 6, 7, 7, 6, 6, 8, 7, 6, 5, 9, 8, 5, 6, 6, 6, 6, 5, 9, 5, 5, 9, 8, 9, 9, 7], [8, 6, 8, 6, 5, 7, 6, 9, 8, 6, 6, 7, 9, 7, 7, 9, 5, 7, 9, 6, 8, 6, 9, 8, 6, 8, 6, 7, 9, 6, 9, 9, 5, 8, 9, 7, 5, 9, 9, 9, 7, 8, 5, 5, 9, 9, 7, 6, 9, 8], [7, 9, 9, 6, 7, 6, 6, 9, 8, 9, 5, 9, 7, 7, 6, 5, 7, 9, 9, 6, 9, 5, 6, 5, 5, 7, 7, 6, 7, 5, 9, 5, 5, 8, 7, 5, 7, 5, 6, 8, 5, 8, 9, 6, 8, 6, 5, 5, 9, 7], [8, 9, 7, 9, 7, 9, 6, 7, 6, 9, 8, 8, 7, 5, 5, 9, 5, 5, 8, 9, 5, 8, 5, 6, 5, 7, 5, 5, 5, 8, 8, 8, 6, 6, 5, 8, 5, 7, 5, 7, 6, 7, 5, 7, 6, 8, 7, 9, 9, 9], [8, 8, 5, 8, 6, 5, 7, 9, 9, 7, 5, 5, 5, 7, 7, 8, 8, 8, 5, 7, 7, 5, 5, 6, 6, 7, 7, 6, 5, 7, 5, 5, 6, 5, 6, 6, 8, 7, 5, 6, 8, 7, 6, 8, 7, 7, 7, 7, 5, 6], [7, 5, 5, 9, 7, 5, 5, 9, 8, 7, 6, 8, 5, 9, 8, 6, 9, 9, 6, 8, 6, 5, 9, 5, 5, 6, 8, 7, 5, 7, 7, 7, 8, 9, 6, 9, 7, 8, 7, 5, 8, 7, 9, 8, 9, 9, 9, 8, 8, 7], [6, 8, 5, 5, 6, 5, 8, 8, 7, 5, 5, 5, 8, 7, 9, 7, 7, 5, 7, 8, 7, 9, 6, 9, 9, 9, 9, 9, 5, 9, 7, 9, 6, 5, 6, 5, 6, 6, 9, 6, 6, 6, 5, 5, 8, 8, 7, 6, 5, 6], [8, 7, 8, 5, 9, 5, 6, 5, 9, 6, 7, 7, 7, 5, 8, 8, 7, 5, 6, 5, 8, 6, 7, 8, 5, 9, 5, 5, 7, 6, 9, 5, 6, 5, 7, 9, 5, 9, 5, 9, 5, 6, 9, 7, 5, 5, 7, 5, 9, 9], [9, 7, 9, 8, 8, 7, 9, 8, 6, 5, 6, 6, 6, 8, 6, 8, 9, 6, 7, 7, 9, 7, 5, 6, 6, 7, 8, 9, 6, 5, 6, 5, 6, 5, 9, 8, 9, 7, 9, 7, 9, 5, 9, 7, 5, 5, 6, 9, 5, 5], [6, 6, 8, 8, 5, 6, 9, 5, 5, 7, 5, 6, 8, 7, 7, 9, 6, 5, 8, 5, 8, 8, 6, 5, 6, 8, 6, 6, 8, 7, 5, 8, 5, 5, 8, 7, 8, 5, 7, 7, 5, 6, 8, 5, 8, 8, 9, 8, 5, 6], [9, 8, 8, 8, 8, 6, 5, 6, 9, 6, 8, 5, 6, 6, 7, 5, 6, 6, 7, 5, 6, 7, 8, 7, 5, 9, 6, 7, 6, 7, 9, 8, 7, 9, 7, 6, 7, 9, 7, 9, 6, 9, 9, 9, 8, 9, 8, 6, 7, 7], [8, 8, 9, 5, 6, 9, 5, 7, 7, 8, 6, 8, 8, 5, 5, 6, 5, 5, 9, 8, 5, 6, 5, 5, 5, 5, 5, 5, 8, 9, 9, 5, 7, 6, 6, 7, 6, 5, 9, 6, 9, 7, 9, 6, 8, 5, 9, 5, 8, 6], [7, 9, 6, 6, 9, 6, 9, 8, 6, 5, 7, 6, 9, 5, 8, 7, 8, 8, 5, 8, 5, 8, 5, 7, 8, 9, 8, 5, 5, 8, 7, 5, 7, 5, 5, 6, 9, 9, 5, 8, 6, 7, 8, 9, 8, 7, 6, 7, 7, 7], [5, 8, 5, 9, 8, 8, 8, 5, 6, 7, 6, 9, 6, 5, 8, 7, 9, 5, 6, 7, 7, 9, 9, 8, 8, 8, 9, 5, 5, 8, 7, 5, 9, 9, 6, 8, 6, 6, 6, 5, 6, 6, 7, 6, 6, 5, 5, 8, 9, 5], [6, 8, 5, 5, 7, 6, 9, 5, 6, 8, 9, 6, 5, 8, 9, 9, 7, 5, 5, 8, 8, 9, 9, 9, 7, 7, 9, 9, 7, 7, 7, 6, 9, 7, 7, 7, 7, 7, 7, 5, 6, 9, 8, 7, 8, 6, 7, 8, 5, 9], [8, 7, 7, 5, 7, 7, 6, 8, 5, 5, 9, 9, 8, 6, 6, 9, 9, 5, 6, 7, 6, 6, 5, 9, 6, 6, 9, 7, 7, 7, 6, 9, 8, 8, 5, 6, 8, 9, 8, 8, 6, 5, 8, 5, 9, 8, 6, 6, 6, 9], [8, 6, 5, 5, 5, 7, 6, 7, 8, 8, 9, 5, 7, 7, 5, 9, 5, 5, 6, 5, 7, 6, 8, 5, 9, 7, 6, 8, 7, 6, 9, 9, 5, 6, 5, 6, 8, 6, 5, 8, 7, 8, 8, 8, 9, 5, 9, 7, 9, 5], [6, 7, 6, 5, 7, 5, 6, 5, 7, 7, 8, 7, 9, 5, 6, 8, 8, 9, 6, 7, 8, 9, 9, 8, 9, 6, 7, 7, 7, 8, 5, 8, 7, 8, 8, 6, 7, 5, 6, 6, 7, 6, 9, 9, 7, 8, 6, 9, 7, 9], [7, 5, 9, 9, 5, 8, 6, 9, 5, 8, 5, 9, 5, 9, 7, 8, 6, 6, 7, 6, 8, 9, 7, 7, 7, 5, 8, 8, 9, 8, 9, 8, 7, 7, 5, 7, 9, 7, 9, 6, 7, 9, 6, 9, 5, 6, 9, 8, 8, 6], [8, 7, 7, 8, 6, 9, 9, 5, 9, 8, 7, 7, 5, 9, 5, 5, 7, 7, 6, 8, 7, 7, 5, 9, 8, 8, 6, 5, 5, 9, 6, 9, 9, 5, 5, 8, 9, 5, 6, 9, 8, 5, 6, 7, 8, 9, 5, 9, 5, 9], [5, 6, 6, 7, 9, 6, 8, 5, 6, 7, 6, 7, 9, 5, 8, 8, 9, 5, 6, 9, 8, 5, 7, 6, 7, 9, 9, 8, 5, 9, 7, 7, 7, 6, 5, 8, 7, 8, 8, 9, 8, 7, 9, 8, 8, 7, 8, 9, 6, 6], [8, 8, 6, 5, 9, 9, 6, 9, 6, 6, 5, 7, 6, 9, 6, 7, 7, 9, 9, 9, 7, 8, 8, 6, 9, 6, 9, 8, 6, 8, 9, 8, 7, 7, 9, 9, 5, 8, 6, 5, 5, 9, 5, 6, 9, 6, 5, 6, 9, 9], [8, 6, 7, 5, 5, 7, 9, 9, 6, 9, 5, 8, 6, 9, 6, 9, 7, 6, 9, 8, 8, 9, 6, 5, 5, 5, 5, 8, 9, 7, 7, 5, 7, 9, 6, 7, 6, 7, 8, 6, 8, 9, 9, 6, 6, 9, 6, 7, 5, 5], [9, 9, 6, 8, 5, 8, 5, 5, 7, 5, 5, 8, 6, 7, 5, 8, 9, 6, 7, 6, 6, 9, 9, 9, 9, 6, 9, 7, 5, 5, 8, 5, 7, 9, 7, 7, 8, 5, 6, 9, 7, 8, 8, 6, 6, 9, 6, 5, 8, 7], [7, 9, 5, 8, 8, 5, 9, 6, 5, 7, 9, 5, 7, 6, 9, 5, 6, 8, 9, 6, 5, 5, 6, 5, 8, 8, 6, 6, 8, 7, 6, 8, 8, 9, 9, 6, 8, 5, 9, 5, 8, 6, 6, 7, 8, 5, 6, 5, 6, 6], [6, 7, 5, 9, 5, 7, 9, 8, 6, 5, 6, 5, 9, 9, 8, 7, 6, 9, 6, 8, 8, 6, 7, 9, 5, 6, 8, 7, 6, 8, 6, 7, 8, 6, 8, 8, 5, 7, 6, 9, 9, 5, 8, 8, 7, 7, 7, 7, 9, 6], [8, 9, 6, 5, 9, 7, 6, 7, 8, 9, 7, 9, 7, 8, 8, 7, 7, 7, 6, 6, 9, 5, 9, 7, 7, 8, 8, 6, 6, 6, 6, 5, 8, 9, 9, 9, 6, 9, 9, 7, 8, 8, 8, 9, 5, 6, 5, 8, 5, 7], [7, 6, 6, 7, 7, 7, 7, 7, 8, 8, 6, 6, 6, 5, 7, 8, 8, 8, 6, 5, 5, 8, 6, 5, 5, 8, 6, 7, 8, 8, 7, 6, 7, 7, 6, 8, 5, 5, 5, 6, 5, 7, 8, 8, 9, 6, 9, 8, 5, 6], [8, 5, 9, 9, 7, 9, 5, 6, 6, 6, 7, 6, 9, 9, 6, 7, 6, 7, 5, 5, 8, 6, 6, 6, 5, 8, 6, 7, 6, 5, 7, 5, 8, 9, 6, 6, 6, 6, 8, 6, 5, 9, 9, 8, 6, 7, 8, 6, 7, 9], [5, 8, 7, 8, 7, 9, 5, 8, 8, 7, 5, 5, 5, 9, 8, 7, 9, 7, 5, 8, 5, 8, 7, 6, 6, 7, 7, 7, 6, 6, 6, 5, 7, 7, 6, 7, 9, 8, 7, 9, 9, 6, 9, 8, 5, 5, 9, 9, 9, 7], [6, 6, 7, 8, 9, 8, 8, 7, 8, 8, 8, 5, 6, 8, 9, 6, 8, 6, 8, 7, 7, 7, 8, 8, 9, 9, 6, 8, 8, 6, 5, 5, 8, 6, 7, 5, 7, 8, 5, 8, 5, 6, 6, 5, 9, 6, 8, 9, 9, 8], [6, 8, 5, 7, 6, 9, 5, 6, 6, 9, 7, 8, 8, 6, 7, 9, 8, 5, 9, 8, 7, 5, 5, 8, 6, 5, 7, 7, 7, 5, 5, 8, 9, 6, 7, 7, 7, 9, 7, 7, 5, 6, 9, 7, 6, 8, 8, 7, 8, 9], [9, 6, 5, 6, 9, 6, 9, 8, 9, 7, 5, 9, 9, 6, 5, 8, 6, 7, 6, 5, 8, 6, 9, 8, 5, 7, 8, 6, 8, 8, 8, 6, 6, 6, 7, 6, 9, 9, 7, 6, 7, 8, 9, 9, 7, 6, 9, 7, 9, 7], [8, 6, 6, 5, 5, 9, 6, 9, 7, 6, 6, 6, 5, 7, 6, 5, 7, 9, 9, 6, 9, 7, 8, 5, 9, 9, 5, 7, 8, 9, 5, 9, 9, 6, 6, 7, 9, 6, 8, 5, 5, 9, 9, 6, 5, 9, 8, 6, 8, 7], [5, 8, 6, 5, 7, 7, 9, 7, 7, 5, 7, 9, 9, 7, 6, 6, 5, 5, 7, 6, 7, 7, 6, 8, 7, 6, 7, 9, 7, 5, 5, 8, 5, 9, 5, 5, 9, 6, 6, 7, 9, 6, 7, 6, 7, 7, 7, 5, 6, 5], [8, 5, 6, 5, 6, 5, 6, 8, 8, 5, 9, 6, 7, 7, 9, 6, 6, 8, 8, 8, 9, 6, 8, 8, 9, 7, 7, 7, 5, 7, 8, 5, 9, 5, 8, 7, 8, 6, 8, 8, 9, 7, 5, 9, 8, 9, 8, 7, 5, 6], [5, 6, 9, 6, 6, 7, 8, 6, 8, 7, 7, 9, 8, 7, 7, 5, 9, 5, 9, 9, 5, 6, 8, 5, 7, 9, 8, 6, 7, 6, 8, 5, 5, 9, 9, 9, 5, 8, 5, 7, 6, 8, 8, 6, 6, 8, 5, 5, 9, 6], [5, 8, 6, 8, 7, 9, 6, 5, 9, 6, 8, 5, 8, 5, 6, 7, 6, 7, 6, 6, 5, 5, 6, 5, 5, 6, 6, 5, 8, 8, 6, 6, 6, 5, 8, 9, 9, 6, 5, 7, 5, 6, 6, 8, 9, 5, 5, 5, 6, 8], [6, 6, 7, 5, 5, 6, 7, 6, 6, 9, 8, 6, 9, 7, 6, 5, 6, 6, 9, 9, 7, 6, 6, 6, 5, 8, 7, 9, 7, 9, 6, 7, 5, 9, 5, 9, 6, 7, 8, 7, 6, 5, 5, 7, 8, 8, 6, 5, 5, 7], [8, 5, 9, 9, 7, 8, 8, 8, 8, 6, 5, 7, 7, 5, 8, 6, 9, 5, 5, 5, 5, 5, 5, 8, 7, 6, 9, 5, 6, 8, 5, 9, 9, 7, 6, 8, 8, 6, 9, 7, 5, 8, 7, 6, 7, 5, 5, 8, 9, 5], [7, 6, 5, 5, 5, 6, 9, 8, 7, 9, 9, 5, 9, 9, 5, 5, 6, 6, 8, 8, 7, 5, 5, 7, 5, 5, 9, 5, 5, 5, 8, 5, 9, 9, 6, 7, 7, 5, 8, 8, 6, 9, 7, 6, 8, 9, 8, 8, 7, 6], [6, 5, 9, 7, 6, 9, 5, 9, 6, 5, 9, 7, 7, 7, 7, 7, 5, 8, 8, 6, 8, 5, 7, 6, 7, 8, 6, 7, 8, 6, 5, 5, 9, 5, 7, 5, 6, 7, 8, 8, 7, 5, 5, 5, 7, 9, 8, 9, 8, 9], [8, 8, 7, 9, 6, 8, 9, 9, 6, 6, 9, 7, 9, 6, 8, 5, 8, 8, 9, 6, 9, 9, 7, 6, 8, 9, 7, 9, 6, 5, 8, 6, 7, 8, 6, 5, 8, 6, 8, 8, 8, 9, 9, 9, 9, 8, 9, 7, 6, 8], [7, 5, 6, 7, 7, 9, 9, 8, 7, 5, 7, 8, 8, 9, 6, 5, 9, 5, 7, 5, 7, 7, 8, 9, 7, 5, 7, 8, 8, 7, 8, 8, 9, 7, 8, 8, 7, 5, 5, 5, 5, 9, 7, 9, 6, 9, 9, 6, 6, 5], [9, 6, 7, 6, 6, 9, 6, 8, 8, 8, 5, 5, 7, 8, 7, 5, 5, 5, 5, 7, 6, 9, 7, 6, 9, 6, 5, 7, 7, 5, 9, 9, 8, 6, 7, 7, 5, 6, 9, 5, 5, 9, 7, 7, 6, 6, 8, 8, 7, 8], [8, 9, 6, 5, 8, 8, 6, 6, 8, 8, 6, 9, 6, 7, 7, 7, 8, 6, 8, 9, 7, 6, 7, 6, 8, 7, 9, 7, 6, 7, 7, 6, 9, 6, 9, 6, 5, 7, 5, 5, 5, 6, 6, 5, 7, 7, 9, 6, 8, 7], [7, 7, 6, 9, 7, 7, 5, 8, 5, 9, 9, 6, 9, 8, 5, 7, 8, 7, 7, 8, 9, 8, 8, 8, 6, 9, 6, 5, 6, 8, 5, 9, 8, 8, 7, 5, 6, 6, 6, 7, 7, 8, 6, 9, 9, 7, 9, 9, 5, 5], [9, 5, 7, 9, 7, 6, 9, 7, 9, 6, 8, 5, 8, 7, 8, 8, 8, 5, 8, 6, 6, 5, 5, 7, 7, 6, 7, 8, 5, 6, 9, 6, 7, 7, 5, 9, 9, 6, 8, 6, 9, 7, 9, 8, 6, 5, 8, 8, 8, 6], [9, 7, 8, 8, 9, 8, 8, 7, 6, 5, 9, 7, 7, 8, 6, 9, 9, 5, 6, 7, 9, 6, 9, 5, 9, 9, 9, 9, 8, 9, 9, 6, 5, 6, 9, 5, 9, 8, 9, 6, 6, 9, 7, 7, 6, 9, 5, 7, 9, 7], [8, 6, 5, 5, 8, 9, 7, 6, 7, 9, 7, 8, 7, 6, 8, 9, 7, 6, 8, 8, 6, 8, 5, 9, 7, 5, 5, 8, 8, 5, 5, 5, 7, 7, 8, 5, 7, 6, 8, 5, 8, 9, 8, 8, 9, 7, 6, 7, 5, 7], [9, 8, 5, 8, 7, 7, 7, 8, 9, 5, 5, 6, 8, 9, 6, 6, 5, 6, 5, 5, 8, 7, 9, 6, 9, 7, 7, 6, 7, 9, 6, 5, 9, 9, 7, 8, 8, 7, 9, 7, 9, 6, 6, 5, 8, 5, 8, 7, 5, 8], [9, 7, 7, 5, 6, 9, 5, 9, 7, 9, 6, 6, 6, 8, 6, 9, 5, 7, 7, 6, 7, 8, 5, 9, 8, 5, 8, 9, 8, 7, 9, 7, 9, 9, 5, 5, 6, 6, 5, 9, 9, 6, 6, 9, 8, 5, 6, 7, 5, 6], [5, 7, 8, 5, 9, 5, 6, 6, 8, 5, 8, 9, 6, 8, 5, 9, 5, 8, 7, 8, 7, 8, 8, 5, 5, 9, 7, 6, 5, 9, 9, 9, 9, 6, 7, 6, 7, 5, 5, 5, 9, 9, 5, 6, 9, 9, 8, 7, 7, 5], [6, 7, 5, 8, 6, 6, 7, 9, 7, 6, 5, 7, 6, 6, 8, 5, 9, 6, 6, 9, 7, 5, 6, 9, 7, 8, 5, 6, 9, 9, 8, 6, 8, 5, 5, 7, 6, 6, 5, 7, 9, 7, 5, 9, 5, 6, 5, 7, 8, 5], [9, 9, 8, 9, 6, 8, 7, 6, 8, 6, 5, 8, 7, 9, 6, 8, 6, 7, 8, 6, 7, 7, 8, 9, 7, 6, 8, 5, 7, 8, 9, 8, 9, 8, 7, 6, 5, 6, 7, 8, 6, 9, 6, 8, 5, 5, 8, 5, 6, 7], [6, 5, 5, 7, 5, 8, 6, 5, 8, 6, 5, 8, 5, 9, 5, 6, 9, 5, 5, 9, 7, 9, 5, 5, 7, 6, 8, 5, 5, 9, 5, 7, 5, 6, 5, 8, 9, 5, 9, 8, 9, 6, 8, 8, 5, 6, 5, 9, 5, 9], [5, 5, 7, 9, 5, 6, 8, 7, 8, 9, 6, 6, 5, 9, 8, 8, 8, 9, 5, 9, 9, 8, 8, 6, 9, 6, 9, 5, 9, 9, 8, 8, 6, 7, 6, 5, 6, 8, 5, 6, 7, 9, 7, 9, 5, 8, 6, 8, 9, 5], [8, 7, 8, 6, 5, 7, 8, 8, 6, 5, 9, 7, 7, 5, 9, 9, 8, 7, 9, 6, 5, 6, 5, 7, 6, 6, 9, 6, 5, 8, 6, 8, 9, 6, 7, 6, 8, 8, 9, 6, 5, 5, 9, 6, 9, 5, 5, 8, 9, 9], [6, 6, 9, 7, 9, 6, 5, 6, 6, 9, 8, 7, 9, 8, 5, 7, 8, 7, 6, 9, 7, 6, 8, 6, 5, 5, 8, 8, 5, 5, 9, 7, 7, 5, 9, 8, 9, 6, 7, 6, 5, 5, 7, 8, 7, 8, 6, 7, 5, 7], [9, 7, 5, 9, 6, 8, 8, 7, 6, 6, 6, 8, 5, 5, 9, 5, 5, 6, 7, 9, 8, 7, 6, 9, 7, 6, 8, 5, 5, 8, 6, 5, 9, 5, 5, 9, 9, 5, 6, 5, 9, 8, 6, 8, 9, 5, 7, 8, 5, 8], [8, 7, 7, 8, 9, 5, 7, 8, 8, 8, 6, 8, 9, 9, 9, 8, 9, 8, 5, 5, 6, 8, 9, 7, 9, 9, 9, 6, 7, 8, 8, 6, 7, 5, 5, 5, 8, 6, 7, 6, 6, 8, 7, 8, 6, 5, 7, 6, 9, 8], [9, 7, 8, 9, 9, 6, 5, 7, 9, 7, 7, 7, 6, 7, 9, 6, 8, 9, 8, 9, 5, 6, 5, 5, 8, 7, 9, 8, 6, 7, 9, 7, 8, 6, 8, 5, 7, 6, 8, 8, 8, 6, 5, 6, 7, 8, 7, 5, 8, 6], [7, 7, 7, 6, 6, 5, 6, 8, 9, 6, 8, 9, 8, 9, 6, 7, 6, 5, 6, 5, 5, 6, 5, 6, 6, 7, 5, 6, 6, 7, 7, 8, 8, 9, 7, 6, 5, 5, 8, 8, 9, 5, 5, 6, 7, 8, 8, 6, 5, 8], [5, 5, 9, 9, 9, 7, 9, 8, 9, 5, 8, 8, 6, 8, 7, 7, 9, 5, 7, 6, 7, 7, 6, 7, 6, 6, 6, 6, 8, 9, 6, 8, 8, 7, 9, 8, 7, 5, 5, 8, 5, 6, 6, 6, 5, 7, 7, 6, 6, 6], [5, 8, 9, 9, 8, 6, 5, 7, 7, 8, 7, 9, 8, 6, 9, 6, 8, 7, 8, 7, 8, 9, 6, 5, 8, 7, 5, 6, 7, 5, 9, 6, 5, 8, 5, 9, 6, 5, 9, 9, 9, 9, 7, 8, 7, 6, 7, 8, 7, 9], [6, 7, 8, 8, 9, 7, 9, 5, 5, 6, 5, 6, 8, 9, 7, 7, 8, 5, 9, 8, 6, 6, 6, 6, 9, 5, 5, 7, 8, 6, 5, 6, 7, 5, 7, 5, 9, 6, 9, 8, 9, 8, 5, 9, 5, 7, 9, 7, 6, 9], [9, 6, 5, 9, 9, 7, 7, 9, 7, 5, 8, 7, 9, 5, 5, 7, 7, 7, 7, 6, 8, 8, 6, 9, 7, 5, 8, 8, 7, 9, 5, 8, 5, 8, 8, 5, 8, 5, 8, 5, 8, 8, 6, 7, 8, 7, 9, 5, 6, 9], [6, 6, 9, 7, 9, 7, 9, 8, 6, 7, 9, 9, 5, 6, 6, 9, 8, 5, 5, 5, 6, 5, 7, 7, 5, 6, 5, 5, 8, 5, 7, 6, 5, 8, 9, 8, 5, 5, 6, 8, 7, 8, 5, 6, 7, 5, 5, 7, 7, 5], [5, 5, 8, 8, 7, 8, 8, 7, 9, 9, 6, 5, 9, 9, 5, 5, 6, 8, 8, 6, 6, 7, 5, 6, 9, 7, 8, 7, 9, 7, 9, 5, 7, 8, 5, 9, 5, 7, 9, 9, 8, 5, 5, 7, 5, 6, 8, 8, 8, 7], [9, 8, 7, 6, 9, 7, 9, 6, 5, 6, 5, 8, 6, 6, 9, 8, 6, 9, 8, 8, 8, 7, 8, 5, 9, 9, 5, 9, 7, 8, 8, 6, 7, 6, 7, 7, 8, 8, 6, 9, 7, 5, 9, 6, 5, 9, 9, 6, 5, 6], [9, 5, 7, 6, 5, 9, 7, 5, 7, 8, 7, 6, 7, 8, 8, 6, 6, 8, 9, 9, 8, 6, 9, 9, 9, 9, 7, 9, 6, 7, 9, 7, 6, 6, 8, 9, 8, 6, 5, 5, 8, 6, 7, 7, 7, 5, 9, 8, 7, 5], [5, 6, 8, 7, 5, 8, 7, 6, 7, 9, 6, 6, 8, 7, 9, 7, 7, 9, 6, 7, 6, 8, 9, 9, 8, 7, 8, 9, 7, 5, 9, 6, 5, 7, 6, 7, 7, 5, 9, 6, 8, 7, 9, 7, 6, 5, 7, 5, 6, 6], [6, 7, 9, 9, 5, 8, 5, 6, 8, 6, 7, 6, 7, 8, 8, 6, 9, 9, 8, 9, 7, 8, 8, 9, 6, 5, 9, 5, 7, 9, 9, 6, 8, 9, 9, 9, 5, 8, 8, 6, 8, 6, 7, 7, 8, 7, 6, 7, 7, 5], [7, 8, 7, 7, 9, 6, 6, 5, 5, 7, 5, 9, 6, 6, 9, 6, 9, 8, 6, 8, 7, 7, 9, 9, 8, 9, 9, 7, 6, 9, 9, 8, 6, 5, 5, 5, 5, 8, 9, 5, 5, 6, 9, 7, 7, 9, 9, 5, 8, 6], [9, 7, 5, 9, 7, 5, 8, 9, 8, 8, 9, 9, 7, 6, 5, 8, 5, 8, 6, 8, 8, 9, 8, 7, 8, 8, 7, 6, 5, 6, 8, 7, 8, 5, 6, 8, 6, 5, 8, 8, 5, 5, 9, 9, 6, 5, 5, 6, 8, 8], [8, 8, 8, 6, 8, 5, 6, 9, 6, 6, 9, 8, 6, 7, 9, 6, 6, 6, 6, 9, 7, 6, 5, 5, 6, 5, 6, 5, 5, 9, 6, 6, 9, 7, 8, 7, 7, 6, 6, 6, 5, 6, 5, 6, 5, 6, 9, 8, 8, 5], [5, 9, 6, 7, 6, 5, 6, 6, 9, 5, 5, 5, 8, 7, 9, 8, 8, 5, 9, 8, 9, 5, 6, 5, 6, 5, 7, 7, 8, 8, 7, 6, 7, 8, 9, 5, 9, 7, 9, 8, 8, 5, 5, 6, 5, 5, 9, 5, 7, 8], [7, 7, 6, 6, 5, 9, 5, 9, 9, 9, 5, 8, 7, 8, 8, 6, 5, 9, 7, 8, 7, 8, 7, 5, 7, 8, 9, 6, 6, 6, 9, 5, 8, 5, 8, 9, 6, 9, 8, 9, 5, 5, 9, 5, 9, 7, 8, 9, 5, 6], [5, 8, 9, 7, 9, 9, 7, 9, 6, 5, 9, 9, 9, 9, 9, 8, 7, 5, 8, 5, 6, 5, 7, 5, 7, 6, 7, 8, 5, 8, 8, 9, 7, 8, 6, 5, 7, 5, 5, 6, 8, 9, 7, 5, 5, 7, 8, 8, 9, 9], [8, 6, 5, 7, 7, 8, 7, 5, 9, 8, 8, 5, 7, 6, 5, 6, 7, 8, 6, 8, 6, 8, 8, 7, 6, 6, 7, 9, 7, 5, 6, 8, 8, 8, 6, 8, 5, 5, 9, 9, 9, 7, 6, 9, 5, 6, 6, 7, 8, 7], [9, 7, 9, 9, 6, 7, 9, 6, 9, 8, 8, 5, 6, 8, 7, 5, 7, 6, 9, 7, 6, 6, 5, 8, 7, 7, 6, 5, 8, 7, 8, 7, 6, 5, 5, 6, 8, 8, 5, 7, 7, 8, 8, 6, 5, 6, 7, 6, 5, 5], [8, 9, 9, 8, 9, 6, 7, 7, 6, 6, 6, 8, 8, 6, 6, 6, 5, 9, 9, 5, 7, 7, 9, 9, 5, 8, 6, 8, 5, 5, 5, 5, 9, 8, 6, 9, 9, 5, 9, 8, 6, 6, 7, 8, 5, 7, 9, 8, 9, 7], [8, 6, 5, 8, 6, 8, 5, 7, 9, 5, 5, 9, 5, 6, 9, 9, 7, 7, 8, 9, 5, 8, 5, 6, 7, 7, 9, 9, 6, 9, 6, 6, 6, 7, 8, 9, 9, 8, 7, 8, 5, 6, 8, 8, 8, 5, 8, 9, 6, 7], [8, 5, 8, 7, 7, 7, 7, 9, 8, 5, 8, 9, 6, 7, 9, 9, 7, 8, 6, 6, 9, 8, 8, 7, 7, 7, 5, 8, 9, 9, 5, 6, 6, 6, 5, 6, 8, 6, 6, 9, 8, 6, 7, 9, 5, 7, 8, 5, 6, 6], [9, 7, 9, 6, 6, 6, 9, 5, 5, 9, 9, 5, 7, 6, 5, 9, 8, 9, 7, 9, 5, 9, 5, 5, 5, 9, 8, 5, 7, 8, 6, 9, 5, 8, 9, 5, 9, 9, 5, 6, 8, 5, 6, 7, 5, 5, 6, 5, 9, 5], [6, 5, 7, 5, 5, 6, 9, 6, 7, 5, 7, 6, 6, 8, 6, 5, 9, 8, 6, 9, 5, 5, 8, 5, 6, 5, 9, 6, 5, 7, 7, 9, 8, 9, 6, 9, 8, 9, 5, 8, 8, 8, 5, 9, 8, 8, 7, 7, 5, 9], [9, 5, 7, 7, 7, 8, 7, 8, 8, 9, 9, 6, 8, 7, 5, 8, 5, 8, 6, 5, 7, 6, 8, 8, 5, 5, 6, 5, 8, 7, 6, 5, 7, 6, 5, 6, 9, 7, 6, 9, 8, 5, 5, 5, 8, 5, 9, 7, 6, 8], [5, 6, 7, 9, 7, 8, 8, 6, 6, 6, 9, 5, 5, 8, 6, 9, 7, 5, 6, 9, 5, 5, 7, 9, 9, 5, 6, 7, 6, 5, 8, 6, 6, 5, 7, 5, 9, 9, 9, 9, 9, 7, 8, 5, 6, 7, 5, 9, 9, 7], [7, 8, 7, 8, 7, 7, 9, 9, 5, 5, 7, 8, 6, 9, 7, 8, 8, 6, 9, 8, 9, 8, 7, 8, 9, 7, 8, 7, 6, 5, 9, 7, 7, 8, 6, 6, 8, 5, 7, 8, 6, 6, 8, 5, 7, 6, 8, 7, 9, 7], [8, 5, 9, 6, 9, 6, 9, 6, 8, 6, 5, 7, 6, 7, 9, 9, 7, 6, 7, 9, 5, 9, 7, 7, 8, 9, 9, 8, 6, 6, 5, 6, 9, 6, 9, 6, 9, 6, 7, 6, 9, 8, 8, 9, 8, 5, 8, 5, 5, 7], [6, 5, 5, 9, 8, 9, 5, 8, 7, 9, 8, 8, 5, 6, 7, 9, 9, 6, 8, 9, 8, 6, 8, 6, 8, 8, 6, 9, 5, 7, 6, 5, 5, 6, 5, 5, 9, 8, 8, 8, 5, 6, 9, 8, 7, 7, 8, 9, 6, 5], [8, 9, 8, 5, 7, 5, 9, 9, 5, 6, 7, 8, 8, 6, 9, 7, 7, 5, 5, 5, 8, 5, 7, 6, 9, 9, 9, 9, 5, 6, 7, 8, 8, 8, 9, 6, 5, 9, 7, 9, 5, 5, 7, 6, 9, 8, 8, 7, 5, 6], [5, 9, 5, 5, 7, 9, 9, 8, 7, 5, 8, 9, 5, 5, 7, 9, 9, 5, 7, 6, 6, 5, 5, 8, 8, 5, 6, 5, 7, 7, 9, 6, 9, 9, 9, 6, 8, 7, 8, 5, 6, 7, 9, 5, 6, 9, 6, 5, 9, 8], [5, 7, 7, 8, 5, 9, 5, 9, 7, 6, 5, 5, 6, 8, 8, 7, 7, 9, 9, 9, 5, 5, 8, 8, 7, 5, 7, 7, 6, 7, 5, 5, 5, 6, 9, 6, 9, 9, 9, 7, 7, 5, 6, 5, 9, 7, 8, 5, 5, 7], [7, 5, 6, 7, 5, 8, 8, 5, 9, 9, 8, 8, 5, 9, 7, 9, 8, 8, 6, 8, 7, 6, 8, 5, 8, 9, 5, 7, 6, 9, 5, 8, 8, 6, 5, 6, 7, 9, 9, 8, 7, 6, 5, 9, 5, 7, 5, 8, 7, 5], [8, 7, 7, 8, 9, 7, 5, 5, 5, 9, 5, 8, 5, 8, 7, 8, 5, 9, 9, 5, 6, 6, 9, 9, 6, 8, 7, 8, 8, 9, 5, 9, 9, 9, 7, 9, 6, 9, 8, 6, 9, 6, 9, 6, 9, 9, 6, 6, 7, 6], [9, 7, 9, 9, 6, 9, 7, 8, 7, 9, 9, 9, 6, 6, 8, 7, 7, 6, 5, 7, 9, 7, 7, 5, 8, 8, 9, 9, 9, 8, 6, 6, 8, 8, 5, 7, 5, 6, 8, 9, 7, 6, 8, 9, 6, 6, 5, 6, 9, 6], [7, 6, 7, 8, 9, 6, 8, 7, 5, 8, 6, 7, 6, 9, 8, 8, 9, 6, 5, 7, 8, 9, 9, 8, 5, 7, 8, 9, 7, 7, 6, 9, 7, 9, 5, 8, 9, 8, 7, 9, 8, 7, 6, 9, 5, 9, 7, 7, 8, 8], [8, 7, 8, 9, 6, 7, 7, 7, 6, 6, 8, 8, 7, 9, 9, 7, 7, 9, 9, 9, 8, 9, 7, 7, 8, 9, 8, 7, 5, 5, 6, 8, 9, 9, 6, 7, 8, 8, 9, 8, 7, 8, 9, 9, 5, 6, 5, 6, 5, 6], [7, 9, 9, 7, 7, 7, 5, 5, 6, 6, 5, 5, 5, 9, 9, 7, 9, 9, 9, 6, 5, 5, 9, 6, 6, 5, 5, 9, 7, 8, 8, 9, 5, 7, 9, 8, 8, 9, 5, 5, 5, 5, 7, 7, 5, 7, 5, 5, 9, 6], [7, 5, 9, 7, 5, 5, 9, 9, 8, 8, 9, 7, 6, 5, 7, 8, 7, 6, 7, 6, 9, 8, 9, 5, 5, 9, 8, 7, 6, 5, 9, 8, 8, 6, 9, 5, 7, 7, 6, 6, 9, 8, 7, 7, 7, 5, 6, 5, 6, 5], [9, 9, 7, 6, 5, 7, 6, 6, 9, 5, 8, 7, 8, 8, 9, 5, 6, 7, 7, 9, 8, 8, 9, 5, 7, 7, 8, 7, 9, 7, 7, 5, 5, 9, 7, 8, 9, 6, 6, 7, 6, 5, 6, 5, 7, 5, 5, 9, 9, 7], [6, 8, 5, 8, 5, 7, 9, 8, 5, 7, 9, 8, 5, 8, 8, 8, 8, 5, 8, 9, 9, 8, 6, 9, 9, 8, 5, 6, 6, 8, 6, 8, 7, 7, 6, 7, 6, 6, 9, 7, 6, 9, 7, 5, 6, 6, 7, 7, 9, 9], [8, 5, 8, 8, 8, 6, 6, 9, 7, 6, 8, 6, 9, 6, 9, 9, 7, 7, 7, 7, 9, 7, 6, 8, 6, 9, 8, 9, 8, 9, 5, 9, 6, 5, 7, 7, 6, 8, 6, 7, 9, 5, 6, 5, 5, 7, 9, 8, 7, 5], [5, 8, 7, 5, 9, 7, 7, 5, 5, 5, 5, 7, 8, 9, 7, 6, 7, 6, 9, 6, 7, 6, 6, 9, 7, 9, 9, 8, 5, 6, 9, 6, 5, 9, 8, 9, 7, 5, 5, 5, 9, 9, 7, 8, 5, 7, 9, 5, 9, 6], [9, 6, 6, 8, 9, 9, 8, 8, 9, 5, 6, 5, 6, 7, 5, 6, 5, 9, 8, 7, 8, 8, 9, 6, 9, 7, 9, 8, 5, 7, 9, 8, 9, 6, 7, 7, 5, 7, 5, 7, 8, 5, 5, 5, 9, 5, 9, 6, 5, 8], [9, 5, 5, 7, 8, 5, 6, 7, 8, 9, 6, 6, 9, 5, 5, 9, 8, 8, 6, 8, 7, 6, 9, 5, 6, 5, 5, 9, 7, 7, 5, 9, 7, 8, 5, 8, 6, 6, 9, 7, 5, 8, 9, 7, 6, 7, 9, 6, 7, 8], [9, 5, 5, 8, 6, 6, 6, 7, 5, 5, 6, 8, 9, 6, 8, 6, 5, 8, 6, 8, 6, 8, 7, 8, 8, 6, 9, 9, 7, 8, 9, 7, 7, 7, 6, 9, 7, 9, 9, 9, 9, 6, 5, 6, 9, 9, 8, 8, 9, 9], [9, 7, 5, 7, 7, 6, 6, 9, 6, 9, 9, 8, 8, 6, 5, 6, 7, 8, 8, 6, 6, 9, 8, 7, 5, 9, 7, 5, 6, 8, 8, 7, 9, 5, 8, 6, 7, 7, 7, 9, 6, 5, 5, 8, 5, 7, 6, 6, 9, 9], [8, 7, 6, 7, 6, 9, 5, 6, 9, 8, 9, 8, 7, 7, 6, 9, 5, 6, 9, 6, 7, 6, 6, 9, 6, 8, 6, 8, 6, 9, 9, 8, 5, 8, 8, 6, 7, 7, 8, 6, 5, 7, 6, 9, 9, 7, 8, 6, 5, 6], [6, 7, 7, 8, 9, 7, 8, 9, 6, 9, 7, 8, 9, 9, 5, 6, 9, 9, 6, 5, 9, 6, 8, 9, 5, 5, 8, 5, 8, 8, 7, 7, 9, 8, 6, 6, 6, 6, 6, 8, 8, 9, 6, 8, 8, 6, 6, 9, 6, 6], [9, 8, 6, 5, 6, 9, 7, 9, 7, 6, 8, 7, 8, 7, 6, 6, 7, 6, 8, 5, 5, 5, 9, 9, 6, 6, 6, 5, 9, 9, 7, 9, 8, 8, 7, 8, 7, 7, 5, 7, 7, 9, 8, 5, 8, 5, 7, 5, 6, 9], [6, 9, 8, 7, 5, 5, 6, 8, 6, 7, 8, 7, 9, 8, 5, 7, 7, 6, 7, 5, 6, 7, 9, 5, 6, 5, 6, 5, 9, 9, 9, 7, 8, 8, 7, 8, 6, 9, 6, 8, 9, 8, 6, 6, 9, 7, 8, 5, 9, 5], [8, 5, 8, 6, 9, 8, 6, 8, 5, 9, 9, 8, 6, 9, 8, 9, 8, 5, 7, 5, 5, 6, 7, 7, 9, 8, 5, 8, 9, 9, 7, 6, 6, 7, 8, 6, 5, 8, 5, 5, 7, 8, 9, 6, 9, 7, 7, 9, 7, 8], [9, 5, 5, 8, 6, 5, 5, 8, 9, 8, 8, 7, 8, 6, 5, 9, 6, 5, 6, 6, 9, 8, 6, 8, 5, 9, 6, 7, 5, 6, 5, 5, 6, 5, 7, 5, 5, 6, 9, 8, 9, 8, 7, 5, 5, 7, 9, 8, 5, 9], [7, 9, 9, 8, 5, 5, 9, 9, 9, 9, 9, 9, 9, 8, 8, 9, 5, 7, 7, 8, 6, 9, 5, 9, 8, 8, 6, 9, 6, 7, 8, 7, 6, 5, 5, 7, 5, 5, 8, 5, 6, 9, 8, 9, 8, 9, 6, 6, 5, 9], [9, 7, 7, 5, 6, 8, 5, 9, 8, 7, 7, 9, 9, 9, 9, 8, 9, 6, 9, 6, 6, 5, 7, 5, 5, 5, 7, 5, 8, 6, 6, 8, 5, 9, 7, 7, 6, 7, 8, 7, 7, 7, 8, 9, 9, 5, 9, 6, 9, 8], [8, 8, 8, 6, 7, 8, 8, 9, 5, 7, 8, 9, 9, 8, 5, 6, 6, 8, 6, 7, 6, 9, 9, 7, 5, 9, 6, 6, 8, 6, 8, 8, 6, 8, 6, 5, 6, 5, 7, 8, 8, 7, 5, 9, 9, 6, 5, 7, 5, 8], [8, 8, 5, 9, 6, 8, 6, 5, 7, 7, 5, 6, 6, 6, 5, 7, 8, 7, 7, 5, 5, 9, 5, 5, 7, 9, 5, 6, 7, 9, 6, 5, 9, 8, 6, 7, 6, 9, 9, 8, 9, 5, 8, 6, 8, 8, 8, 9, 7, 9]]
Demand for each product in each period d: 
[[48, 49, 48, 30, 5, 41, 20, 41, 30, 30, 33, 13, 13, 37, 21, 22, 47, 47, 47, 27, 4, 11, 31, 23, 33, 2, 1, 8, 45, 34, 12, 18, 1, 44, 15, 20, 32, 45, 3, 21, 49, 11, 22, 35, 18, 26, 44, 35, 7, 34], [6, 49, 22, 47, 24, 19, 28, 37, 31, 5, 37, 29, 17, 17, 34, 21, 43, 34, 39, 17, 34, 24, 14, 34, 8, 14, 6, 43, 33, 40, 35, 33, 32, 0, 35, 17, 14, 29, 39, 0, 42, 5, 11, 18, 49, 16, 29, 25, 32, 33], [11, 34, 27, 18, 26, 11, 25, 31, 14, 37, 34, 0, 48, 16, 32, 0, 23, 10, 3, 44, 40, 18, 31, 0, 26, 18, 27, 37, 1, 41, 7, 3, 0, 33, 8, 0, 28, 4, 27, 0, 45, 3, 47, 49, 48, 6, 12, 23, 47, 7], [12, 47, 48, 34, 15, 12, 16, 16, 38, 25, 38, 20, 22, 8, 11, 40, 0, 21, 31, 1, 38, 15, 15, 6, 0, 31, 1, 27, 10, 43, 10, 41, 11, 45, 15, 46, 35, 48, 13, 12, 43, 3, 23, 17, 41, 1, 30, 29, 36, 1], [47, 18, 11, 40, 25, 32, 33, 0, 27, 48, 8, 24, 46, 0, 34, 15, 4, 4, 6, 47, 17, 12, 32, 23, 35, 36, 30, 31, 10, 30, 25, 4, 41, 33, 16, 41, 29, 23, 26, 43, 33, 49, 32, 43, 28, 6, 9, 11, 29, 46], [16, 49, 48, 25, 45, 38, 35, 9, 13, 17, 28, 33, 9, 43, 26, 6, 36, 21, 25, 7, 27, 21, 27, 10, 22, 8, 12, 39, 41, 3, 28, 24, 8, 28, 41, 27, 28, 12, 0, 18, 37, 41, 30, 15, 41, 1, 14, 2, 3, 39], [8, 47, 43, 37, 0, 11, 17, 4, 2, 0, 14, 32, 31, 21, 22, 47, 42, 38, 2, 33, 30, 33, 1, 39, 18, 0, 25, 0, 35, 28, 0, 13, 47, 48, 11, 44, 44, 9, 6, 24, 13, 5, 2, 45, 25, 21, 23, 20, 43, 3], [21, 44, 11, 41, 9, 46, 5, 27, 7, 15, 39, 26, 41, 21, 33, 3, 5, 42, 44, 8, 25, 37, 49, 18, 7, 11, 10, 5, 14, 36, 6, 35, 0, 35, 40, 49, 24, 27, 22, 45, 8, 8, 12, 17, 28, 37, 20, 19, 4, 11], [1, 23, 25, 39, 1, 44, 42, 26, 26, 45, 1, 49, 37, 46, 1, 0, 8, 11, 39, 25, 17, 24, 30, 9, 39, 42, 21, 19, 37, 32, 32, 5, 17, 37, 41, 8, 8, 11, 2, 3, 41, 26, 21, 42, 46, 43, 6, 27, 45, 1], [39, 28, 24, 4, 27, 0, 23, 33, 22, 1, 0, 2, 44, 29, 44, 34, 5, 31, 18, 0, 3, 26, 31, 23, 47, 5, 6, 5, 44, 33, 28, 31, 22, 37, 28, 37, 28, 12, 2, 40, 0, 37, 15, 35, 47, 9, 39, 4, 32, 32], [0, 24, 9, 0, 34, 18, 29, 34, 0, 2, 0, 9, 46, 7, 32, 11, 15, 42, 31, 26, 32, 22, 16, 32, 7, 44, 3, 4, 31, 0, 18, 14, 13, 11, 37, 7, 14, 12, 39, 42, 21, 7, 7, 30, 20, 3, 15, 13, 0, 25], [22, 38, 21, 0, 39, 39, 5, 24, 6, 28, 34, 45, 16, 26, 5, 45, 37, 23, 21, 44, 42, 21, 29, 39, 37, 20, 12, 15, 10, 24, 33, 47, 32, 37, 0, 12, 31, 21, 38, 16, 4, 29, 39, 6, 28, 11, 21, 20, 33, 12], [31, 6, 38, 22, 46, 26, 28, 18, 19, 0, 0, 8, 18, 33, 6, 43, 41, 30, 11, 47, 0, 3, 6, 38, 34, 34, 5, 16, 18, 14, 27, 0, 8, 29, 35, 0, 21, 49, 10, 11, 2, 41, 25, 19, 22, 32, 23, 32, 38, 14], [36, 20, 46, 10, 28, 30, 29, 16, 31, 0, 36, 10, 26, 42, 34, 16, 14, 39, 0, 45, 30, 31, 32, 40, 0, 6, 6, 13, 27, 24, 24, 9, 33, 9, 19, 35, 43, 26, 21, 0, 34, 28, 12, 32, 43, 2, 13, 20, 7, 38], [44, 44, 45, 23, 30, 35, 6, 37, 0, 30, 33, 48, 34, 35, 30, 48, 34, 10, 47, 5, 17, 29, 7, 44, 11, 10, 27, 29, 9, 34, 0, 4, 47, 38, 5, 30, 5, 27, 10, 46, 33, 30, 12, 8, 34, 6, 18, 13, 23, 14], [7, 41, 13, 36, 40, 45, 19, 16, 13, 34, 14, 0, 16, 40, 34, 23, 39, 14, 6, 10, 1, 7, 27, 1, 6, 5, 15, 11, 40, 29, 25, 31, 2, 41, 44, 14, 0, 15, 4, 34, 42, 0, 13, 2, 24, 32, 0, 38, 17, 32], [0, 41, 19, 30, 14, 4, 35, 21, 16, 5, 38, 20, 17, 2, 31, 49, 0, 11, 0, 29, 32, 16, 42, 1, 42, 9, 15, 3, 28, 0, 6, 19, 41, 1, 45, 27, 23, 45, 0, 0, 31, 39, 15, 23, 41, 12, 15, 0, 2, 29], [32, 6, 32, 32, 46, 33, 41, 29, 5, 46, 20, 12, 9, 38, 38, 37, 19, 17, 26, 0, 0, 37, 47, 44, 0, 36, 34, 8, 37, 7, 12, 6, 45, 0, 1, 10, 33, 37, 12, 43, 29, 39, 1, 37, 16, 11, 40, 40, 1, 26], [26, 42, 5, 40, 27, 33, 29, 37, 12, 10, 5, 3, 35, 35, 46, 44, 41, 38, 32, 6, 45, 47, 43, 12, 48, 13, 0, 0, 15, 21, 3, 2, 41, 33, 28, 2, 4, 35, 0, 17, 44, 47, 35, 13, 17, 29, 40, 16, 43, 0], [4, 0, 6, 0, 19, 27, 15, 25, 41, 11, 34, 44, 46, 25, 6, 36, 11, 10, 30, 6, 49, 38, 41, 25, 0, 20, 28, 48, 3, 30, 38, 0, 3, 16, 9, 7, 15, 45, 0, 0, 47, 10, 0, 16, 10, 23, 22, 0, 19, 24], [29, 44, 33, 8, 0, 44, 0, 11, 8, 29, 43, 24, 37, 34, 0, 21, 40, 49, 30, 17, 0, 30, 0, 31, 13, 24, 25, 34, 26, 0, 35, 48, 25, 10, 18, 42, 16, 24, 27, 27, 23, 47, 10, 22, 0, 4, 37, 44, 35, 12], [9, 16, 40, 4, 24, 24, 5, 2, 31, 9, 38, 30, 24, 30, 28, 33, 2, 32, 32, 46, 46, 15, 14, 45, 35, 39, 35, 4, 31, 13, 39, 27, 18, 20, 2, 0, 20, 38, 12, 27, 10, 22, 14, 18, 33, 27, 31, 26, 37, 40], [10, 1, 40, 6, 31, 32, 11, 18, 29, 44, 17, 11, 11, 29, 43, 28, 7, 35, 21, 41, 45, 46, 18, 3, 49, 40, 48, 36, 11, 34, 0, 26, 24, 0, 15, 17, 25, 4, 31, 12, 31, 9, 24, 33, 37, 23, 0, 25, 45, 18], [5, 22, 16, 41, 16, 37, 33, 40, 15, 10, 25, 18, 8, 15, 19, 23, 32, 38, 14, 0, 30, 20, 7, 1, 16, 46, 17, 28, 28, 21, 20, 6, 4, 36, 29, 18, 5, 16, 5, 42, 20, 16, 0, 0, 19, 11, 36, 26, 20, 42], [23, 27, 7, 32, 17, 33, 3, 41, 34, 6, 0, 30, 31, 23, 22, 6, 10, 14, 0, 26, 36, 31, 10, 30, 27, 14, 0, 14, 49, 2, 42, 38, 42, 45, 48, 45, 31, 43, 41, 49, 7, 3, 39, 8, 46, 20, 9, 38, 0, 41], [13, 44, 4, 44, 43, 15, 1, 0, 30, 17, 32, 2, 35, 31, 21, 16, 48, 28, 15, 30, 44, 12, 13, 38, 19, 8, 47, 27, 35, 24, 5, 0, 36, 34, 5, 2, 22, 0, 0, 23, 25, 26, 45, 22, 0, 34, 9, 45, 19, 15], [5, 24, 0, 3, 28, 2, 0, 13, 23, 26, 29, 41, 36, 18, 23, 24, 2, 13, 21, 0, 39, 43, 31, 30, 19, 26, 49, 29, 19, 4, 23, 43, 42, 26, 0, 9, 2, 35, 40, 16, 29, 13, 16, 18, 17, 11, 4, 20, 11, 0], [7, 23, 44, 15, 19, 41, 17, 45, 25, 8, 36, 26, 31, 36, 10, 39, 36, 6, 0, 15, 42, 11, 0, 36, 4, 37, 48, 9, 3, 8, 29, 29, 32, 0, 19, 41, 4, 18, 26, 23, 8, 13, 16, 13, 39, 2, 26, 35, 32, 35], [3, 29, 43, 0, 37, 16, 2, 30, 0, 14, 37, 35, 30, 49, 4, 16, 15, 49, 33, 26, 6, 37, 21, 38, 22, 24, 34, 45, 18, 19, 0, 44, 4, 47, 46, 26, 35, 11, 29, 39, 17, 49, 0, 0, 35, 23, 21, 40, 6, 22], [22, 0, 9, 2, 19, 34, 15, 16, 43, 17, 13, 1, 5, 9, 9, 18, 3, 21, 23, 19, 14, 48, 6, 44, 43, 0, 7, 0, 19, 4, 41, 29, 41, 25, 7, 13, 35, 40, 9, 19, 38, 40, 0, 45, 25, 14, 32, 49, 12, 5], [40, 43, 17, 41, 0, 21, 8, 21, 15, 43, 0, 38, 18, 40, 29, 10, 4, 5, 14, 45, 44, 34, 22, 32, 20, 36, 0, 1, 34, 8, 3, 27, 26, 49, 33, 28, 10, 11, 21, 6, 17, 23, 29, 3, 12, 29, 34, 4, 24, 42], [46, 24, 22, 42, 38, 0, 39, 21, 48, 23, 49, 42, 15, 0, 35, 32, 4, 40, 46, 23, 12, 21, 0, 10, 35, 33, 0, 0, 43, 0, 44, 46, 44, 12, 8, 20, 25, 37, 2, 8, 46, 31, 45, 27, 49, 0, 28, 31, 1, 21], [43, 39, 32, 40, 41, 19, 15, 15, 0, 36, 28, 42, 42, 32, 0, 22, 33, 18, 1, 23, 47, 9, 17, 26, 37, 10, 11, 4, 21, 20, 33, 38, 7, 37, 23, 31, 4, 46, 47, 22, 49, 0, 34, 5, 0, 2, 12, 18, 31, 32], [46, 30, 19, 29, 40, 10, 34, 0, 14, 29, 13, 11, 0, 18, 13, 48, 14, 34, 20, 13, 26, 49, 10, 1, 39, 49, 48, 0, 34, 29, 28, 35, 23, 20, 26, 39, 33, 43, 33, 13, 8, 44, 31, 43, 38, 32, 28, 9, 44, 17], [3, 31, 41, 0, 26, 5, 1, 22, 20, 37, 6, 40, 18, 36, 45, 20, 49, 17, 20, 36, 14, 9, 20, 3, 36, 20, 44, 33, 32, 0, 0, 15, 45, 40, 11, 34, 40, 19, 34, 39, 9, 30, 48, 21, 8, 46, 32, 33, 16, 20], [33, 33, 11, 17, 28, 0, 0, 44, 3, 7, 11, 6, 34, 29, 30, 19, 11, 7, 28, 22, 30, 17, 35, 8, 38, 32, 49, 43, 20, 14, 16, 33, 7, 37, 33, 10, 10, 48, 0, 19, 12, 27, 21, 41, 46, 13, 33, 4, 47, 6], [48, 27, 44, 27, 48, 27, 43, 28, 0, 5, 0, 7, 18, 15, 27, 20, 13, 32, 0, 43, 8, 3, 7, 18, 32, 18, 45, 44, 32, 16, 41, 46, 22, 41, 27, 14, 16, 31, 40, 24, 5, 35, 17, 25, 0, 9, 8, 44, 24, 15], [24, 31, 0, 32, 22, 11, 32, 42, 15, 36, 46, 3, 46, 22, 30, 43, 37, 0, 36, 10, 15, 35, 26, 13, 32, 3, 42, 47, 47, 26, 27, 26, 9, 2, 26, 19, 7, 38, 20, 3, 20, 15, 15, 1, 0, 5, 30, 37, 16, 40], [22, 37, 0, 34, 10, 12, 19, 4, 15, 23, 15, 12, 15, 29, 17, 20, 4, 29, 17, 40, 32, 49, 36, 17, 37, 19, 18, 1, 35, 22, 43, 20, 35, 12, 0, 22, 11, 0, 48, 18, 0, 36, 3, 40, 17, 25, 48, 24, 0, 8], [3, 19, 14, 24, 40, 31, 47, 39, 26, 40, 47, 20, 8, 40, 26, 42, 45, 47, 42, 43, 14, 22, 29, 28, 22, 15, 1, 26, 46, 39, 25, 8, 47, 1, 45, 45, 21, 6, 29, 26, 6, 17, 44, 48, 48, 17, 44, 40, 32, 44], [16, 10, 17, 16, 0, 39, 20, 27, 49, 36, 26, 43, 29, 0, 19, 10, 26, 33, 31, 28, 15, 0, 39, 21, 37, 40, 28, 24, 0, 10, 47, 0, 46, 25, 41, 27, 21, 0, 33, 6, 0, 40, 34, 11, 48, 7, 6, 16, 26, 25], [15, 16, 20, 30, 43, 38, 39, 41, 35, 42, 37, 39, 27, 27, 27, 44, 49, 7, 42, 5, 22, 32, 33, 1, 12, 19, 12, 48, 43, 18, 10, 1, 34, 48, 0, 1, 22, 0, 8, 6, 16, 8, 9, 16, 34, 21, 23, 3, 19, 41], [8, 15, 22, 7, 41, 23, 13, 40, 27, 0, 23, 11, 31, 3, 0, 0, 43, 13, 32, 26, 46, 46, 31, 38, 14, 33, 12, 18, 15, 0, 44, 24, 34, 20, 29, 29, 17, 26, 32, 17, 0, 4, 42, 5, 0, 26, 40, 31, 35, 36], [10, 0, 10, 21, 49, 18, 14, 8, 16, 21, 25, 32, 31, 32, 14, 32, 45, 40, 11, 19, 37, 39, 46, 4, 23, 2, 30, 32, 15, 1, 35, 37, 0, 1, 32, 8, 13, 20, 0, 47, 32, 36, 33, 0, 25, 37, 2, 19, 36, 16], [18, 13, 44, 39, 42, 17, 14, 4, 44, 24, 25, 10, 17, 40, 20, 0, 26, 3, 49, 4, 14, 40, 46, 42, 9, 5, 13, 42, 32, 27, 7, 31, 10, 23, 1, 17, 11, 12, 44, 0, 0, 28, 19, 35, 20, 25, 41, 21, 39, 49], [34, 13, 0, 15, 26, 0, 7, 21, 15, 9, 23, 45, 45, 0, 45, 37, 24, 8, 0, 43, 33, 48, 13, 22, 30, 14, 4, 27, 17, 14, 41, 7, 41, 26, 0, 36, 6, 39, 6, 28, 22, 44, 34, 40, 28, 0, 26, 11, 17, 28], [27, 12, 2, 48, 24, 8, 47, 38, 0, 36, 34, 18, 17, 44, 32, 37, 17, 10, 17, 27, 46, 13, 10, 31, 40, 9, 22, 20, 12, 46, 18, 18, 12, 12, 0, 33, 43, 27, 11, 13, 5, 19, 40, 9, 38, 5, 15, 21, 22, 6], [21, 35, 40, 13, 47, 11, 48, 8, 0, 46, 10, 13, 30, 29, 22, 21, 38, 16, 38, 8, 23, 13, 45, 29, 7, 15, 2, 32, 46, 31, 12, 37, 25, 26, 24, 4, 46, 47, 46, 28, 23, 5, 14, 34, 19, 18, 43, 0, 10, 3], [25, 40, 33, 22, 33, 40, 41, 9, 47, 39, 43, 28, 29, 45, 44, 28, 22, 13, 38, 8, 1, 7, 30, 7, 21, 8, 31, 31, 0, 0, 24, 48, 17, 26, 21, 40, 47, 30, 13, 45, 21, 1, 31, 21, 3, 14, 49, 0, 41, 26], [48, 10, 35, 2, 41, 48, 0, 44, 0, 20, 6, 38, 11, 34, 0, 40, 38, 15, 20, 31, 25, 12, 4, 46, 42, 13, 36, 30, 16, 19, 47, 8, 34, 18, 16, 40, 45, 2, 5, 27, 10, 35, 16, 21, 23, 32, 12, 2, 32, 48], [38, 42, 44, 17, 37, 0, 16, 43, 6, 32, 37, 46, 30, 32, 19, 23, 16, 26, 49, 18, 22, 28, 49, 8, 17, 0, 35, 19, 4, 28, 4, 36, 17, 43, 24, 18, 3, 8, 0, 16, 7, 9, 35, 19, 44, 12, 43, 45, 28, 43], [27, 33, 31, 43, 26, 11, 44, 14, 4, 46, 28, 12, 25, 45, 47, 26, 6, 27, 16, 49, 33, 44, 39, 1, 3, 16, 47, 8, 34, 11, 0, 2, 37, 13, 18, 6, 2, 41, 48, 27, 33, 5, 18, 49, 12, 42, 33, 33, 36, 49], [12, 10, 32, 43, 39, 6, 9, 9, 0, 46, 25, 1, 9, 14, 0, 29, 12, 40, 47, 0, 5, 9, 40, 22, 2, 15, 23, 5, 0, 0, 47, 10, 44, 23, 29, 39, 15, 0, 25, 26, 6, 8, 10, 47, 45, 26, 11, 32, 10, 21], [40, 1, 35, 47, 6, 30, 28, 41, 37, 49, 0, 26, 11, 17, 21, 11, 33, 16, 32, 23, 41, 31, 35, 45, 48, 37, 45, 32, 0, 16, 25, 8, 23, 0, 49, 28, 12, 20, 11, 10, 2, 31, 44, 1, 11, 0, 18, 0, 41, 3], [40, 15, 20, 21, 5, 43, 7, 18, 3, 6, 27, 2, 47, 49, 0, 23, 22, 18, 2, 21, 35, 22, 9, 28, 18, 19, 28, 44, 33, 32, 0, 39, 30, 15, 8, 15, 40, 18, 43, 24, 31, 42, 10, 22, 30, 48, 0, 33, 1, 16], [7, 13, 42, 20, 31, 25, 6, 17, 27, 2, 31, 8, 33, 36, 32, 40, 25, 0, 4, 41, 28, 0, 5, 25, 3, 48, 49, 15, 0, 16, 46, 44, 32, 19, 38, 22, 27, 0, 9, 10, 2, 15, 44, 33, 1, 5, 25, 46, 44, 33], [18, 13, 15, 33, 15, 11, 35, 34, 17, 42, 3, 19, 0, 0, 13, 9, 24, 0, 48, 4, 47, 20, 49, 4, 0, 31, 34, 17, 2, 41, 23, 47, 42, 24, 11, 33, 7, 30, 23, 6, 0, 28, 31, 45, 39, 29, 21, 1, 14, 45], [15, 23, 20, 0, 48, 8, 10, 35, 35, 19, 10, 1, 10, 41, 42, 9, 42, 11, 12, 42, 40, 37, 27, 14, 40, 0, 0, 42, 15, 19, 43, 1, 19, 47, 5, 39, 15, 0, 21, 37, 45, 15, 31, 7, 13, 18, 1, 27, 46, 8], [43, 30, 8, 20, 2, 32, 4, 10, 39, 27, 42, 0, 6, 7, 22, 10, 9, 7, 47, 41, 7, 45, 39, 4, 0, 31, 15, 20, 27, 30, 34, 17, 22, 8, 2, 13, 45, 32, 24, 43, 34, 1, 16, 18, 9, 27, 30, 46, 31, 31], [30, 48, 38, 28, 2, 28, 43, 15, 26, 35, 12, 30, 16, 24, 35, 12, 34, 49, 26, 20, 14, 29, 2, 15, 6, 46, 22, 6, 23, 0, 0, 33, 7, 45, 38, 0, 13, 45, 39, 43, 17, 32, 43, 7, 14, 45, 42, 20, 47, 40], [43, 9, 15, 38, 10, 36, 15, 22, 19, 26, 16, 9, 10, 9, 35, 46, 35, 5, 8, 26, 10, 4, 37, 42, 39, 10, 22, 46, 17, 24, 11, 25, 21, 12, 16, 19, 7, 17, 42, 39, 0, 20, 34, 34, 4, 7, 17, 5, 8, 1], [35, 42, 40, 0, 26, 5, 40, 0, 7, 15, 17, 12, 29, 0, 38, 47, 16, 18, 15, 0, 31, 5, 17, 3, 31, 0, 11, 0, 2, 38, 15, 35, 45, 35, 43, 27, 8, 32, 12, 19, 23, 11, 40, 39, 27, 15, 31, 3, 4, 36], [39, 8, 25, 36, 30, 12, 14, 36, 0, 26, 29, 0, 20, 25, 22, 34, 7, 18, 0, 14, 42, 1, 10, 33, 38, 3, 1, 44, 46, 5, 30, 29, 45, 14, 46, 21, 2, 23, 29, 22, 39, 39, 38, 22, 8, 40, 36, 10, 3, 12], [11, 27, 31, 8, 0, 0, 33, 20, 33, 27, 10, 9, 0, 27, 39, 8, 24, 23, 39, 20, 0, 22, 2, 38, 0, 0, 15, 5, 20, 7, 5, 4, 17, 8, 23, 0, 0, 46, 33, 11, 42, 10, 15, 16, 39, 15, 38, 17, 1, 13], [32, 22, 2, 41, 0, 3, 11, 12, 2, 40, 32, 25, 32, 38, 47, 23, 49, 25, 7, 42, 23, 12, 15, 12, 24, 16, 0, 14, 14, 27, 5, 26, 15, 25, 33, 27, 0, 23, 40, 13, 27, 38, 23, 37, 21, 1, 44, 20, 21, 44], [44, 10, 15, 41, 0, 36, 3, 6, 38, 21, 1, 0, 47, 32, 3, 36, 16, 34, 30, 39, 0, 43, 10, 13, 38, 24, 13, 41, 44, 0, 19, 29, 0, 40, 34, 19, 29, 0, 38, 36, 16, 21, 3, 14, 4, 28, 21, 18, 29, 22], [23, 2, 17, 9, 18, 11, 4, 13, 11, 7, 45, 23, 35, 48, 42, 37, 40, 31, 40, 44, 17, 19, 31, 46, 4, 28, 10, 3, 9, 38, 33, 43, 1, 38, 47, 16, 38, 36, 47, 9, 12, 3, 42, 11, 38, 23, 25, 40, 37, 26], [40, 14, 38, 6, 4, 4, 49, 41, 7, 7, 3, 47, 12, 46, 44, 3, 48, 9, 3, 29, 29, 27, 9, 14, 8, 28, 27, 18, 18, 16, 26, 37, 20, 10, 9, 5, 10, 39, 45, 28, 7, 11, 31, 21, 24, 24, 47, 14, 43, 30], [22, 5, 14, 22, 45, 23, 2, 33, 16, 0, 20, 10, 24, 49, 3, 22, 27, 7, 2, 23, 3, 12, 38, 35, 30, 38, 41, 31, 17, 23, 44, 45, 18, 9, 33, 23, 41, 25, 18, 43, 23, 6, 11, 19, 13, 33, 46, 21, 35, 4], [30, 10, 15, 15, 23, 8, 33, 36, 16, 0, 44, 28, 21, 17, 18, 48, 0, 2, 4, 30, 34, 0, 20, 12, 16, 45, 40, 12, 13, 26, 2, 42, 41, 17, 32, 43, 36, 17, 0, 4, 39, 48, 37, 22, 25, 34, 14, 13, 13, 31], [29, 11, 24, 4, 0, 39, 49, 22, 31, 3, 29, 0, 31, 0, 35, 25, 20, 40, 45, 29, 33, 46, 35, 42, 20, 6, 38, 28, 31, 27, 42, 0, 3, 13, 13, 41, 27, 18, 6, 0, 16, 16, 0, 3, 36, 34, 14, 0, 5, 15], [39, 17, 41, 43, 48, 21, 44, 5, 35, 41, 0, 0, 2, 0, 49, 5, 47, 28, 40, 18, 47, 23, 40, 19, 13, 13, 33, 11, 28, 4, 3, 7, 28, 15, 16, 14, 6, 47, 39, 24, 0, 20, 13, 21, 20, 30, 33, 22, 27, 37], [1, 0, 32, 0, 20, 12, 22, 45, 39, 3, 16, 17, 40, 16, 9, 17, 2, 0, 42, 25, 32, 8, 27, 22, 27, 49, 17, 23, 5, 31, 12, 15, 41, 21, 36, 35, 31, 20, 40, 37, 10, 23, 33, 11, 40, 28, 14, 12, 2, 40], [20, 37, 0, 16, 13, 3, 0, 47, 13, 8, 6, 12, 29, 9, 6, 19, 9, 25, 2, 24, 9, 0, 0, 21, 20, 8, 29, 26, 49, 48, 44, 13, 28, 30, 31, 7, 33, 2, 33, 39, 41, 19, 47, 32, 33, 48, 44, 1, 25, 22], [14, 25, 36, 0, 2, 22, 17, 37, 34, 47, 38, 48, 29, 10, 7, 11, 28, 43, 19, 27, 37, 22, 0, 10, 40, 20, 4, 9, 14, 20, 41, 37, 47, 29, 36, 46, 4, 38, 1, 36, 3, 15, 43, 23, 2, 0, 21, 12, 11, 15], [5, 22, 42, 0, 21, 44, 11, 13, 47, 39, 38, 37, 31, 14, 31, 10, 10, 1, 12, 47, 37, 19, 12, 3, 17, 12, 41, 3, 34, 23, 19, 2, 23, 14, 18, 0, 49, 0, 19, 5, 49, 3, 37, 0, 30, 49, 31, 44, 43, 41], [49, 32, 32, 10, 34, 4, 32, 0, 12, 14, 37, 14, 3, 26, 0, 44, 3, 17, 7, 21, 38, 12, 4, 11, 23, 13, 0, 9, 22, 26, 7, 3, 34, 26, 41, 20, 44, 38, 33, 0, 0, 48, 26, 20, 6, 36, 33, 2, 43, 28], [45, 23, 14, 1, 13, 41, 2, 28, 47, 42, 30, 17, 46, 26, 19, 37, 15, 40, 4, 18, 40, 14, 24, 5, 12, 27, 46, 37, 44, 1, 0, 9, 0, 36, 45, 37, 40, 23, 26, 38, 49, 26, 44, 48, 2, 0, 47, 24, 14, 6], [13, 0, 41, 0, 47, 41, 0, 41, 41, 4, 19, 30, 4, 12, 0, 48, 43, 46, 46, 39, 32, 17, 9, 18, 16, 12, 10, 0, 12, 0, 29, 2, 1, 14, 35, 22, 39, 21, 22, 21, 16, 32, 16, 22, 45, 38, 42, 6, 18, 30], [28, 47, 44, 26, 31, 29, 46, 46, 43, 45, 32, 45, 21, 37, 22, 14, 31, 43, 29, 24, 15, 9, 21, 45, 36, 40, 30, 19, 20, 3, 26, 28, 0, 14, 14, 22, 17, 19, 16, 31, 44, 19, 36, 18, 42, 7, 35, 1, 0, 7], [49, 37, 5, 45, 0, 44, 23, 38, 7, 8, 3, 35, 15, 27, 6, 47, 27, 0, 29, 26, 15, 13, 33, 18, 12, 7, 14, 43, 48, 25, 23, 41, 5, 0, 38, 27, 18, 20, 0, 0, 9, 18, 18, 28, 27, 4, 25, 12, 34, 2], [1, 32, 8, 10, 9, 25, 11, 18, 41, 0, 11, 1, 11, 45, 41, 17, 6, 14, 43, 24, 45, 6, 32, 16, 49, 38, 16, 35, 4, 19, 11, 17, 35, 15, 49, 33, 1, 11, 12, 47, 34, 6, 38, 8, 30, 23, 23, 30, 0, 29], [24, 48, 11, 16, 17, 26, 31, 15, 27, 39, 11, 6, 41, 27, 13, 29, 8, 24, 26, 48, 6, 0, 19, 18, 45, 2, 26, 48, 16, 39, 35, 16, 30, 19, 14, 25, 6, 14, 0, 23, 4, 1, 30, 14, 15, 19, 3, 4, 2, 7], [0, 32, 42, 5, 25, 16, 47, 49, 28, 19, 6, 9, 24, 2, 30, 19, 10, 20, 40, 42, 47, 7, 4, 39, 38, 46, 35, 0, 5, 6, 47, 27, 40, 12, 30, 34, 22, 24, 9, 11, 45, 16, 38, 38, 32, 14, 5, 40, 32, 28], [17, 34, 49, 23, 31, 44, 11, 45, 13, 33, 19, 16, 11, 0, 26, 40, 18, 12, 2, 20, 49, 15, 48, 18, 25, 47, 43, 43, 34, 35, 32, 8, 18, 36, 36, 17, 44, 32, 13, 30, 29, 6, 0, 16, 32, 37, 49, 36, 37, 12], [49, 11, 24, 29, 0, 45, 9, 11, 7, 19, 0, 8, 18, 14, 1, 44, 29, 36, 20, 31, 9, 41, 5, 45, 17, 23, 16, 5, 48, 39, 41, 44, 26, 1, 28, 28, 27, 13, 40, 0, 8, 33, 0, 2, 41, 40, 25, 21, 9, 32], [42, 26, 19, 9, 45, 45, 0, 0, 22, 46, 49, 48, 44, 11, 48, 47, 44, 45, 39, 40, 2, 26, 23, 9, 29, 45, 18, 29, 0, 16, 21, 48, 41, 3, 46, 0, 43, 38, 10, 9, 48, 44, 38, 31, 7, 19, 45, 1, 6, 25], [43, 14, 30, 20, 14, 13, 18, 45, 0, 0, 21, 13, 24, 46, 22, 0, 36, 6, 28, 17, 34, 13, 7, 39, 33, 4, 48, 11, 44, 45, 19, 36, 10, 41, 40, 0, 8, 45, 37, 46, 31, 6, 36, 24, 0, 33, 20, 10, 16, 0], [1, 22, 49, 0, 28, 2, 22, 25, 24, 30, 22, 7, 14, 3, 40, 37, 36, 2, 25, 37, 23, 32, 49, 3, 37, 48, 43, 29, 15, 5, 44, 24, 3, 42, 32, 34, 31, 30, 0, 25, 0, 16, 14, 26, 44, 13, 35, 15, 25, 37], [9, 36, 3, 39, 31, 6, 45, 42, 3, 25, 10, 22, 39, 14, 37, 30, 6, 41, 24, 48, 25, 35, 14, 13, 17, 49, 22, 22, 45, 8, 42, 7, 26, 40, 37, 42, 7, 12, 28, 8, 43, 40, 13, 26, 21, 13, 41, 0, 24, 34], [49, 2, 0, 12, 30, 3, 31, 46, 38, 49, 20, 0, 31, 29, 0, 7, 12, 44, 0, 26, 8, 44, 30, 21, 40, 48, 6, 21, 28, 0, 45, 13, 22, 29, 36, 0, 24, 4, 49, 1, 15, 35, 10, 8, 32, 29, 46, 35, 11, 19], [41, 4, 22, 2, 16, 19, 46, 15, 47, 7, 25, 6, 21, 26, 5, 35, 6, 16, 8, 33, 33, 37, 8, 1, 24, 23, 26, 43, 29, 20, 4, 11, 0, 0, 30, 6, 9, 48, 33, 15, 15, 38, 36, 47, 16, 25, 28, 39, 16, 3], [0, 5, 0, 1, 6, 0, 45, 37, 28, 10, 19, 31, 25, 0, 49, 12, 16, 48, 34, 0, 42, 34, 12, 8, 31, 15, 30, 40, 4, 26, 11, 34, 4, 36, 26, 24, 38, 41, 45, 12, 46, 1, 48, 24, 22, 33, 49, 27, 3, 46], [0, 37, 34, 31, 32, 1, 26, 20, 42, 1, 16, 9, 41, 9, 14, 0, 37, 3, 13, 46, 38, 18, 7, 26, 15, 38, 39, 47, 35, 45, 21, 22, 1, 38, 48, 31, 2, 37, 13, 4, 30, 16, 0, 46, 26, 26, 19, 29, 18, 25], [22, 0, 33, 44, 16, 0, 21, 0, 17, 21, 48, 12, 27, 1, 0, 38, 6, 30, 0, 15, 25, 35, 30, 3, 26, 13, 10, 9, 33, 23, 48, 10, 25, 8, 0, 3, 34, 35, 37, 0, 35, 22, 35, 48, 33, 0, 25, 44, 39, 28], [25, 2, 12, 14, 36, 0, 17, 14, 28, 6, 33, 9, 18, 46, 40, 27, 43, 21, 39, 4, 28, 38, 49, 44, 8, 39, 21, 23, 26, 19, 25, 7, 43, 42, 29, 7, 33, 11, 12, 8, 8, 31, 36, 28, 45, 17, 19, 27, 23, 28], [16, 35, 4, 44, 12, 41, 26, 11, 46, 40, 38, 45, 47, 3, 49, 23, 24, 2, 46, 36, 0, 10, 6, 4, 16, 15, 47, 30, 27, 46, 49, 48, 3, 45, 34, 39, 36, 44, 28, 2, 18, 32, 6, 37, 37, 33, 34, 22, 13, 20], [9, 47, 48, 0, 23, 5, 22, 31, 42, 5, 16, 8, 31, 41, 30, 47, 32, 35, 29, 9, 24, 10, 34, 4, 1, 17, 6, 30, 22, 6, 6, 21, 19, 17, 43, 19, 21, 49, 12, 42, 14, 8, 49, 29, 17, 46, 24, 16, 39, 5], [6, 42, 4, 11, 25, 7, 36, 24, 40, 9, 2, 29, 36, 35, 19, 21, 38, 10, 35, 1, 27, 7, 49, 4, 16, 15, 21, 37, 35, 7, 38, 9, 42, 38, 3, 27, 43, 37, 3, 4, 40, 48, 28, 0, 46, 41, 34, 32, 32, 22], [42, 8, 17, 0, 24, 23, 24, 0, 3, 17, 40, 18, 27, 48, 19, 49, 41, 18, 7, 22, 38, 8, 6, 44, 26, 21, 19, 12, 22, 17, 48, 12, 19, 28, 32, 6, 2, 30, 10, 20, 24, 45, 36, 7, 30, 37, 1, 46, 27, 37], [40, 0, 36, 49, 24, 4, 28, 22, 26, 13, 17, 15, 6, 16, 11, 39, 0, 41, 36, 0, 4, 0, 9, 20, 0, 42, 41, 0, 21, 9, 40, 29, 34, 32, 25, 0, 24, 21, 1, 49, 34, 45, 0, 21, 0, 11, 37, 3, 43, 5], [31, 21, 45, 25, 48, 8, 34, 1, 46, 12, 25, 30, 0, 3, 26, 6, 1, 40, 0, 8, 40, 2, 32, 20, 37, 45, 12, 34, 2, 23, 34, 18, 36, 23, 43, 0, 37, 49, 11, 16, 14, 32, 12, 11, 44, 46, 46, 26, 23, 11], [6, 9, 6, 30, 32, 0, 35, 49, 11, 4, 0, 13, 11, 7, 13, 22, 0, 31, 39, 15, 39, 17, 20, 30, 26, 36, 21, 0, 3, 20, 4, 42, 11, 12, 24, 24, 40, 36, 21, 44, 30, 28, 14, 13, 42, 45, 12, 24, 41, 15], [32, 0, 34, 7, 22, 34, 25, 32, 17, 8, 30, 24, 16, 35, 11, 29, 36, 17, 3, 0, 19, 0, 15, 45, 24, 13, 45, 34, 27, 26, 16, 0, 45, 23, 15, 20, 39, 3, 20, 21, 13, 27, 9, 38, 37, 24, 28, 31, 32, 39], [31, 41, 40, 32, 14, 4, 37, 6, 49, 22, 32, 19, 24, 44, 18, 12, 7, 32, 6, 49, 21, 39, 44, 42, 7, 24, 48, 20, 18, 26, 26, 5, 14, 19, 41, 30, 22, 0, 33, 23, 10, 30, 14, 2, 3, 49, 31, 19, 20, 30], [42, 15, 30, 24, 13, 49, 17, 34, 1, 37, 5, 3, 30, 41, 47, 2, 16, 3, 25, 30, 40, 33, 45, 12, 28, 34, 8, 42, 31, 43, 33, 18, 25, 46, 29, 39, 39, 0, 33, 39, 7, 19, 28, 12, 43, 44, 3, 27, 16, 20], [46, 10, 0, 13, 38, 29, 35, 47, 48, 10, 24, 12, 20, 15, 40, 29, 9, 43, 32, 0, 32, 20, 1, 0, 0, 44, 13, 9, 34, 30, 46, 7, 40, 17, 2, 48, 40, 15, 26, 28, 26, 44, 3, 48, 10, 0, 4, 48, 17, 20], [34, 46, 45, 31, 35, 8, 25, 0, 24, 28, 4, 6, 47, 8, 0, 12, 36, 10, 13, 18, 19, 9, 44, 25, 48, 41, 33, 8, 29, 0, 7, 7, 18, 15, 26, 15, 44, 45, 36, 24, 18, 33, 31, 20, 19, 32, 48, 19, 32, 0], [11, 23, 0, 16, 20, 11, 36, 7, 22, 29, 36, 36, 24, 25, 26, 41, 38, 12, 38, 28, 9, 14, 29, 0, 24, 38, 10, 1, 39, 26, 17, 25, 4, 38, 48, 29, 24, 35, 3, 23, 49, 7, 38, 27, 37, 29, 24, 47, 22, 12], [46, 42, 0, 21, 17, 49, 25, 27, 30, 48, 6, 0, 42, 32, 11, 39, 2, 13, 34, 28, 31, 45, 33, 36, 29, 46, 8, 33, 12, 42, 16, 39, 5, 15, 4, 12, 0, 20, 21, 22, 23, 32, 0, 34, 46, 23, 17, 2, 24, 44], [47, 38, 23, 36, 42, 18, 31, 6, 31, 45, 45, 20, 38, 38, 23, 41, 2, 14, 10, 0, 44, 41, 8, 21, 3, 45, 28, 17, 18, 31, 23, 38, 19, 8, 6, 22, 22, 46, 47, 42, 10, 44, 11, 46, 26, 24, 22, 18, 23, 16], [34, 14, 34, 15, 24, 45, 43, 14, 13, 17, 33, 4, 49, 29, 5, 45, 37, 31, 30, 17, 17, 27, 27, 19, 44, 11, 13, 34, 36, 0, 41, 49, 48, 4, 19, 13, 40, 48, 21, 0, 18, 36, 36, 20, 39, 48, 13, 22, 30, 1], [43, 5, 49, 23, 6, 19, 34, 0, 25, 39, 15, 19, 12, 27, 21, 9, 48, 25, 25, 40, 8, 11, 19, 17, 17, 0, 3, 43, 13, 44, 0, 28, 32, 45, 9, 32, 0, 6, 49, 38, 1, 24, 37, 17, 39, 38, 0, 46, 14, 28], [20, 29, 12, 30, 4, 1, 2, 41, 17, 33, 26, 45, 14, 47, 8, 3, 12, 24, 16, 23, 26, 42, 40, 33, 21, 2, 40, 0, 25, 37, 47, 46, 23, 43, 31, 45, 33, 39, 3, 47, 41, 28, 30, 34, 47, 30, 30, 31, 23, 25], [15, 19, 1, 24, 16, 0, 29, 10, 35, 16, 0, 24, 39, 44, 2, 38, 37, 0, 45, 33, 1, 37, 18, 49, 43, 0, 31, 0, 27, 22, 20, 27, 6, 0, 16, 34, 7, 34, 10, 35, 23, 13, 8, 42, 24, 12, 0, 21, 34, 34], [22, 38, 25, 41, 34, 8, 46, 46, 46, 21, 34, 14, 42, 19, 9, 36, 16, 13, 19, 34, 14, 30, 18, 42, 4, 45, 45, 47, 0, 5, 0, 13, 43, 43, 41, 40, 2, 22, 9, 12, 18, 21, 32, 41, 3, 13, 13, 4, 14, 38], [33, 45, 35, 46, 3, 43, 37, 2, 49, 6, 41, 47, 49, 27, 3, 44, 22, 35, 11, 32, 49, 26, 0, 33, 24, 15, 0, 44, 20, 21, 38, 49, 11, 14, 14, 26, 42, 48, 5, 0, 39, 18, 5, 34, 27, 16, 43, 24, 1, 31], [28, 23, 36, 2, 6, 9, 20, 32, 29, 13, 41, 30, 2, 7, 42, 5, 46, 35, 0, 12, 45, 0, 13, 17, 42, 17, 24, 4, 38, 8, 28, 41, 41, 14, 12, 33, 13, 42, 16, 24, 19, 41, 34, 9, 1, 9, 0, 9, 36, 13], [29, 16, 29, 35, 34, 2, 42, 37, 29, 2, 36, 37, 30, 20, 7, 44, 24, 38, 9, 3, 8, 18, 46, 21, 13, 0, 3, 13, 11, 34, 18, 8, 49, 4, 13, 0, 3, 20, 14, 36, 28, 44, 29, 4, 34, 36, 12, 27, 18, 48], [9, 34, 3, 33, 0, 9, 12, 0, 39, 6, 15, 24, 33, 29, 5, 41, 38, 11, 14, 36, 16, 24, 24, 1, 0, 46, 14, 37, 18, 45, 39, 48, 6, 13, 23, 14, 0, 0, 12, 13, 49, 9, 49, 31, 0, 34, 4, 35, 8, 17]]
Maintenance cost in each period m: 
[20634, 20652, 19342, 21119, 22432, 20596, 20624, 21790, 19342, 22466, 22741, 20449, 21018, 20269, 22286, 21672, 20975, 22898, 19288, 22588, 21670, 20872, 19269, 19153, 20683, 20857, 22144, 22292, 21847, 20439, 20785, 19342, 19549, 19950, 19150, 19182, 19151, 20438, 22694, 20651, 22038, 22945, 20397, 19860, 22520, 20406, 20923, 20471, 22738, 19649]
Maximum capacity of the machine cmax: 
5880