Set of periods in the planning horizon T: 
25
Set of products P: 
100
Capacity reduction coefficient alpha: 
0.8
Relative decrease of capacity per set up gamma: 
0.29
Capacity reduction coefficient due to product types beta: 
[0.24, 0.23, 0.32, 0.34, 0.38, 0.38, 0.24, 0.24, 0.27, 0.39, 0.3, 0.36, 0.22, 0.2, 0.21, 0.34, 0.22, 0.29, 0.34, 0.39, 0.23, 0.37, 0.3, 0.26, 0.39, 0.32, 0.38, 0.38, 0.28, 0.39, 0.28, 0.22, 0.31, 0.32, 0.25, 0.2, 0.34, 0.24, 0.31, 0.27, 0.28, 0.27, 0.39, 0.28, 0.33, 0.29, 0.38, 0.25, 0.24, 0.33, 0.3, 0.3, 0.28, 0.3, 0.36, 0.24, 0.35, 0.35, 0.32, 0.36, 0.39, 0.38, 0.2, 0.24, 0.35, 0.26, 0.34, 0.2, 0.24, 0.39, 0.36, 0.21, 0.3, 0.39, 0.38, 0.24, 0.33, 0.36, 0.28, 0.38, 0.33, 0.27, 0.26, 0.34, 0.24, 0.29, 0.25, 0.27, 0.3, 0.31, 0.34, 0.3, 0.2, 0.4, 0.38, 0.29, 0.24, 0.25, 0.38, 0.39]
Fixed production cost of each product in each period f: 
[[921, 531, 736, 613, 578, 592, 657, 575, 643, 592, 705, 930, 625, 651, 672, 564, 663, 948, 726, 561, 929, 632, 833, 717, 639], [771, 612, 603, 938, 800, 945, 621, 920, 967, 528, 857, 604, 599, 797, 594, 649, 837, 776, 536, 739, 831, 520, 954, 943, 562], [964, 628, 795, 712, 652, 883, 580, 728, 575, 542, 571, 861, 871, 903, 865, 630, 691, 516, 849, 629, 580, 867, 986, 790, 557], [659, 518, 751, 783, 839, 538, 676, 995, 641, 537, 730, 766, 940, 631, 656, 639, 581, 905, 582, 899, 526, 785, 781, 886, 637], [705, 615, 940, 961, 998, 994, 549, 564, 782, 872, 651, 998, 850, 870, 604, 900, 929, 681, 672, 566, 660, 921, 738, 609, 950], [596, 668, 583, 943, 959, 770, 796, 952, 746, 970, 811, 732, 836, 911, 695, 825, 639, 764, 864, 870, 724, 607, 812, 859, 526], [725, 873, 723, 813, 865, 526, 748, 775, 580, 809, 964, 550, 808, 522, 828, 838, 750, 869, 580, 548, 898, 646, 517, 630, 633], [911, 928, 674, 914, 763, 853, 979, 604, 753, 562, 802, 939, 512, 892, 992, 819, 609, 532, 760, 502, 883, 907, 997, 648, 563], [953, 958, 871, 522, 894, 576, 556, 955, 939, 765, 773, 978, 538, 852, 667, 877, 681, 698, 804, 994, 749, 829, 621, 535, 578], [935, 525, 949, 727, 646, 936, 613, 563, 778, 738, 928, 941, 753, 889, 502, 795, 976, 780, 798, 993, 618, 699, 713, 686, 855], [788, 876, 655, 939, 605, 785, 790, 903, 921, 704, 876, 679, 592, 910, 511, 962, 673, 503, 595, 568, 577, 954, 615, 864, 764], [750, 820, 899, 661, 931, 719, 668, 722, 525, 743, 964, 927, 790, 811, 923, 663, 936, 647, 757, 596, 909, 682, 851, 625, 891], [508, 913, 954, 628, 558, 824, 514, 707, 573, 517, 949, 940, 652, 766, 971, 634, 615, 534, 716, 548, 954, 679, 642, 864, 668], [846, 966, 727, 500, 918, 640, 787, 573, 880, 619, 761, 624, 505, 840, 876, 688, 546, 836, 921, 631, 708, 664, 515, 936, 649], [547, 889, 626, 881, 930, 924, 997, 580, 817, 702, 792, 866, 762, 573, 863, 685, 543, 651, 881, 977, 789, 638, 868, 721, 516], [542, 958, 508, 866, 504, 547, 856, 910, 695, 868, 950, 965, 560, 809, 505, 870, 626, 603, 732, 673, 537, 798, 725, 642, 796], [737, 977, 509, 594, 676, 939, 816, 982, 743, 679, 808, 838, 564, 554, 594, 579, 567, 741, 933, 852, 935, 509, 724, 968, 531], [903, 686, 757, 684, 683, 709, 657, 589, 765, 556, 617, 895, 853, 773, 921, 948, 766, 670, 796, 673, 738, 869, 848, 590, 984], [890, 865, 948, 675, 843, 720, 551, 562, 599, 640, 777, 505, 574, 804, 947, 631, 607, 699, 771, 524, 584, 978, 841, 950, 757], [517, 678, 952, 853, 537, 626, 860, 665, 774, 971, 606, 916, 735, 904, 715, 524, 658, 736, 935, 712, 686, 809, 675, 931, 505], [705, 589, 791, 564, 983, 584, 740, 553, 626, 902, 694, 818, 537, 992, 618, 807, 853, 820, 774, 698, 571, 626, 741, 765, 562], [957, 771, 859, 976, 925, 535, 599, 743, 545, 516, 988, 719, 912, 917, 909, 554, 559, 773, 831, 717, 734, 994, 635, 827, 775], [874, 809, 732, 679, 848, 521, 844, 635, 657, 807, 777, 552, 680, 550, 722, 601, 549, 684, 757, 638, 865, 920, 950, 904, 965], [640, 977, 729, 859, 958, 976, 530, 795, 572, 855, 902, 975, 624, 587, 979, 515, 507, 688, 875, 770, 648, 841, 818, 617, 913], [670, 515, 506, 850, 609, 619, 955, 743, 911, 597, 966, 623, 617, 559, 915, 613, 951, 518, 913, 664, 909, 983, 944, 530, 542], [824, 719, 790, 596, 911, 883, 549, 698, 920, 928, 794, 675, 662, 904, 764, 593, 636, 951, 542, 937, 941, 593, 623, 946, 579], [553, 864, 890, 978, 534, 988, 590, 821, 552, 500, 619, 561, 772, 994, 693, 730, 747, 583, 851, 811, 722, 547, 582, 509, 687], [766, 500, 685, 732, 742, 955, 543, 582, 521, 692, 585, 551, 694, 863, 944, 519, 698, 664, 551, 651, 713, 618, 895, 687, 861], [505, 932, 898, 887, 810, 593, 951, 514, 798, 632, 927, 761, 658, 836, 686, 748, 938, 616, 828, 521, 973, 732, 838, 507, 563], [975, 847, 766, 730, 991, 528, 568, 766, 871, 546, 859, 819, 576, 723, 716, 542, 907, 995, 765, 782, 824, 813, 950, 866, 802], [880, 680, 706, 828, 866, 547, 780, 977, 520, 664, 797, 659, 530, 664, 644, 739, 502, 892, 612, 704, 600, 831, 656, 744, 822], [885, 880, 785, 677, 688, 616, 996, 565, 533, 693, 674, 965, 543, 744, 660, 724, 740, 983, 905, 622, 810, 560, 821, 794, 885], [795, 858, 884, 618, 837, 915, 632, 516, 814, 776, 739, 520, 553, 920, 678, 984, 983, 894, 584, 501, 847, 790, 508, 988, 910], [687, 568, 680, 917, 668, 736, 913, 979, 745, 528, 729, 801, 623, 830, 752, 525, 741, 685, 609, 719, 636, 987, 816, 514, 535], [794, 808, 729, 666, 934, 891, 544, 518, 858, 986, 692, 588, 821, 980, 988, 500, 598, 597, 641, 710, 931, 906, 928, 640, 949], [501, 650, 986, 661, 769, 833, 607, 746, 853, 988, 803, 718, 916, 823, 949, 783, 891, 758, 744, 926, 868, 883, 761, 709, 868], [750, 544, 539, 669, 775, 677, 665, 523, 546, 532, 849, 754, 720, 970, 533, 515, 620, 867, 641, 573, 778, 502, 755, 818, 589], [622, 588, 693, 664, 538, 529, 933, 928, 568, 584, 980, 848, 911, 747, 829, 619, 652, 863, 909, 576, 657, 753, 845, 991, 773], [823, 975, 767, 802, 866, 888, 738, 949, 577, 894, 546, 619, 713, 843, 668, 592, 956, 908, 687, 880, 861, 969, 646, 765, 620], [558, 649, 655, 825, 547, 852, 637, 708, 727, 620, 668, 508, 697, 644, 832, 977, 579, 780, 643, 753, 747, 535, 701, 903, 564], [943, 950, 696, 827, 802, 811, 747, 833, 564, 612, 930, 838, 950, 611, 759, 985, 729, 837, 664, 780, 954, 997, 619, 500, 966], [866, 991, 736, 689, 799, 883, 885, 582, 998, 808, 774, 627, 589, 787, 667, 631, 903, 747, 636, 520, 608, 639, 802, 611, 510], [705, 511, 609, 897, 782, 574, 943, 788, 840, 921, 916, 734, 570, 756, 768, 556, 888, 999, 539, 839, 748, 506, 687, 515, 539], [649, 736, 552, 803, 956, 741, 788, 515, 702, 637, 842, 951, 997, 771, 514, 841, 755, 896, 994, 923, 634, 549, 869, 816, 606], [620, 936, 990, 699, 664, 608, 960, 727, 807, 919, 889, 643, 503, 868, 535, 736, 583, 889, 540, 735, 802, 861, 791, 705, 585], [951, 642, 923, 859, 728, 653, 886, 504, 793, 827, 974, 862, 814, 984, 935, 896, 880, 973, 775, 574, 928, 507, 525, 931, 969], [796, 899, 609, 721, 754, 726, 789, 952, 880, 914, 710, 627, 688, 984, 953, 539, 511, 835, 637, 505, 588, 748, 909, 946, 933], [868, 955, 524, 969, 529, 885, 878, 938, 740, 666, 594, 696, 980, 914, 614, 998, 543, 682, 684, 979, 906, 799, 637, 784, 927], [500, 875, 530, 980, 929, 785, 563, 957, 885, 536, 725, 772, 737, 566, 560, 578, 910, 898, 605, 620, 561, 572, 721, 660, 906], [554, 514, 593, 686, 885, 639, 979, 558, 753, 988, 501, 508, 633, 951, 650, 512, 791, 545, 758, 501, 645, 638, 729, 971, 993], [975, 883, 972, 527, 629, 833, 853, 787, 653, 687, 725, 863, 719, 678, 703, 882, 863, 582, 615, 843, 727, 903, 941, 990, 533], [615, 576, 648, 739, 718, 546, 983, 813, 769, 699, 825, 740, 792, 580, 767, 885, 782, 668, 678, 695, 873, 902, 792, 860, 735], [839, 901, 966, 551, 795, 643, 840, 866, 861, 544, 969, 558, 714, 964, 607, 832, 979, 600, 646, 594, 667, 570, 903, 831, 658], [657, 990, 691, 504, 514, 987, 900, 877, 759, 543, 873, 506, 673, 538, 779, 666, 798, 913, 898, 974, 616, 572, 618, 607, 811], [532, 772, 573, 842, 871, 899, 735, 668, 776, 633, 703, 688, 899, 614, 513, 501, 920, 728, 585, 519, 828, 848, 905, 754, 969], [646, 978, 770, 737, 636, 728, 821, 945, 524, 744, 523, 759, 659, 615, 896, 927, 598, 946, 612, 990, 709, 860, 965, 667, 795], [549, 715, 886, 739, 701, 868, 947, 534, 552, 816, 629, 753, 908, 966, 754, 568, 574, 989, 733, 585, 971, 548, 592, 981, 600], [547, 636, 909, 889, 780, 653, 836, 962, 900, 617, 998, 590, 787, 773, 947, 777, 657, 708, 611, 917, 540, 511, 710, 861, 596], [828, 596, 872, 798, 729, 778, 526, 978, 516, 910, 630, 909, 980, 934, 723, 806, 857, 533, 705, 792, 869, 942, 792, 584, 883], [553, 652, 822, 775, 941, 546, 590, 608, 527, 839, 744, 928, 669, 844, 554, 690, 736, 645, 701, 823, 758, 648, 633, 502, 565], [857, 515, 643, 945, 643, 617, 581, 576, 581, 696, 533, 724, 655, 500, 576, 524, 937, 951, 687, 527, 725, 944, 910, 545, 752], [847, 625, 992, 976, 817, 846, 854, 895, 824, 853, 945, 815, 810, 810, 568, 725, 627, 643, 717, 953, 639, 592, 750, 809, 532], [617, 875, 558, 613, 800, 543, 755, 590, 884, 689, 840, 799, 890, 901, 966, 756, 829, 530, 545, 693, 547, 954, 588, 696, 802], [829, 859, 668, 592, 649, 772, 967, 702, 667, 925, 914, 821, 862, 637, 646, 692, 744, 694, 744, 806, 612, 568, 621, 661, 525], [728, 713, 844, 665, 990, 511, 532, 987, 994, 555, 831, 784, 892, 661, 740, 667, 882, 588, 978, 978, 931, 663, 653, 887, 765], [941, 750, 582, 928, 997, 580, 931, 712, 781, 995, 589, 775, 508, 793, 982, 690, 693, 887, 722, 580, 688, 534, 757, 705, 921], [679, 756, 767, 799, 622, 511, 921, 554, 867, 679, 803, 756, 665, 501, 847, 771, 677, 921, 643, 613, 873, 590, 908, 773, 818], [665, 868, 809, 619, 584, 798, 674, 555, 837, 933, 880, 799, 823, 601, 559, 895, 725, 899, 851, 661, 977, 668, 705, 505, 858], [957, 573, 608, 773, 907, 545, 719, 615, 961, 578, 868, 978, 516, 511, 778, 974, 868, 637, 608, 573, 915, 995, 571, 757, 714], [644, 976, 773, 970, 625, 530, 980, 853, 611, 687, 755, 887, 865, 627, 993, 532, 940, 698, 708, 802, 719, 786, 896, 517, 657], [986, 865, 713, 501, 702, 783, 966, 614, 818, 770, 525, 807, 761, 675, 993, 657, 693, 674, 932, 992, 734, 681, 739, 818, 668], [765, 698, 857, 884, 797, 615, 633, 510, 552, 936, 967, 699, 681, 767, 648, 793, 801, 571, 856, 852, 633, 996, 948, 626, 945], [655, 805, 835, 936, 975, 767, 690, 893, 808, 950, 892, 612, 743, 639, 728, 938, 953, 547, 727, 644, 865, 559, 546, 534, 930], [772, 871, 515, 597, 650, 541, 756, 816, 654, 933, 548, 543, 553, 641, 668, 728, 859, 793, 580, 678, 654, 656, 661, 508, 939], [922, 642, 823, 655, 749, 943, 717, 741, 623, 551, 527, 545, 524, 600, 565, 739, 898, 848, 816, 877, 588, 600, 541, 955, 787], [849, 941, 948, 841, 546, 720, 646, 909, 830, 852, 869, 647, 659, 939, 676, 949, 610, 569, 780, 960, 618, 513, 848, 954, 502], [810, 859, 956, 992, 829, 665, 515, 839, 702, 925, 641, 696, 652, 709, 695, 716, 931, 543, 685, 680, 774, 699, 626, 972, 780], [638, 831, 537, 966, 802, 556, 897, 778, 826, 952, 699, 610, 714, 618, 577, 673, 917, 506, 899, 981, 532, 985, 755, 672, 814], [926, 827, 707, 747, 828, 664, 774, 738, 857, 696, 549, 744, 915, 731, 574, 751, 891, 890, 607, 840, 993, 931, 921, 665, 966], [557, 736, 928, 904, 636, 867, 854, 686, 834, 869, 634, 689, 758, 517, 766, 705, 736, 989, 550, 984, 897, 662, 798, 710, 960], [653, 788, 820, 625, 918, 793, 839, 596, 927, 867, 974, 853, 545, 926, 571, 757, 866, 738, 586, 506, 878, 747, 943, 581, 736], [784, 975, 699, 763, 701, 771, 625, 565, 584, 606, 575, 625, 525, 729, 933, 856, 631, 990, 803, 514, 814, 644, 787, 783, 632], [700, 643, 905, 870, 622, 609, 630, 574, 852, 574, 743, 796, 692, 722, 635, 621, 750, 747, 702, 887, 982, 996, 926, 670, 782], [501, 634, 991, 639, 751, 521, 798, 576, 605, 650, 998, 981, 831, 669, 916, 878, 753, 799, 960, 850, 788, 816, 978, 892, 524], [534, 899, 793, 794, 866, 729, 693, 871, 860, 658, 822, 856, 628, 697, 987, 953, 855, 619, 778, 501, 806, 568, 734, 813, 726], [703, 684, 731, 894, 928, 694, 585, 531, 992, 807, 660, 946, 793, 996, 882, 912, 915, 566, 620, 907, 543, 590, 784, 589, 649], [687, 776, 947, 640, 569, 940, 806, 658, 962, 623, 764, 952, 987, 989, 792, 627, 726, 572, 550, 743, 785, 774, 623, 663, 788], [674, 524, 836, 714, 612, 775, 673, 664, 658, 909, 729, 562, 910, 963, 893, 928, 523, 755, 836, 875, 797, 585, 915, 516, 508], [876, 537, 567, 572, 974, 744, 606, 508, 845, 792, 850, 961, 777, 611, 909, 766, 506, 753, 765, 914, 935, 815, 502, 623, 991], [507, 577, 761, 562, 634, 707, 950, 805, 507, 629, 885, 581, 882, 923, 901, 663, 989, 791, 684, 757, 916, 970, 746, 752, 679], [753, 806, 670, 535, 578, 650, 714, 529, 802, 579, 572, 719, 963, 701, 922, 658, 558, 907, 919, 598, 839, 907, 531, 879, 764], [653, 870, 594, 889, 941, 902, 824, 956, 831, 931, 517, 836, 854, 548, 756, 532, 934, 552, 644, 745, 951, 527, 765, 993, 711], [603, 561, 631, 926, 991, 849, 640, 895, 514, 796, 757, 889, 957, 623, 534, 517, 670, 951, 974, 985, 519, 573, 590, 862, 756], [962, 649, 723, 917, 635, 566, 803, 922, 534, 867, 591, 834, 540, 880, 917, 818, 633, 991, 931, 681, 991, 738, 940, 901, 727], [766, 746, 651, 983, 781, 833, 986, 748, 966, 799, 817, 868, 923, 828, 713, 976, 944, 687, 550, 631, 792, 800, 871, 723, 989], [953, 837, 843, 771, 702, 929, 508, 925, 652, 652, 549, 760, 904, 622, 907, 695, 698, 840, 565, 809, 692, 885, 557, 679, 980], [851, 728, 980, 545, 722, 667, 631, 538, 915, 712, 770, 552, 753, 984, 723, 689, 895, 560, 702, 690, 757, 663, 979, 659, 624], [585, 652, 890, 550, 538, 714, 655, 593, 701, 914, 590, 593, 597, 550, 575, 557, 728, 575, 901, 594, 682, 580, 725, 677, 686], [739, 574, 732, 621, 649, 949, 894, 668, 953, 613, 902, 744, 925, 731, 992, 977, 931, 777, 795, 912, 651, 786, 677, 923, 825], [998, 769, 966, 880, 966, 572, 622, 598, 623, 824, 644, 672, 628, 803, 934, 995, 515, 875, 979, 549, 621, 646, 525, 687, 576]]
Variable production cost per unit of each product in each period p: 
[[13, 10, 13, 12, 13, 13, 10, 13, 10, 12, 11, 13, 13, 10, 13, 12, 13, 10, 13, 10, 12, 12, 11, 10, 12], [12, 12, 11, 11, 10, 10, 13, 10, 13, 10, 12, 12, 13, 12, 10, 13, 12, 12, 11, 13, 13, 13, 13, 12, 13], [10, 11, 12, 13, 10, 10, 10, 10, 13, 12, 12, 11, 13, 12, 12, 13, 13, 13, 11, 13, 13, 12, 12, 12, 12], [12, 12, 12, 13, 10, 11, 10, 11, 13, 10, 13, 13, 13, 12, 11, 12, 11, 11, 12, 13, 12, 10, 10, 12, 12], [11, 13, 10, 11, 13, 11, 11, 12, 12, 11, 13, 10, 13, 13, 10, 13, 11, 11, 13, 11, 11, 10, 11, 11, 11], [10, 12, 10, 12, 11, 10, 12, 11, 11, 13, 13, 11, 10, 12, 12, 11, 11, 10, 12, 10, 12, 13, 13, 11, 11], [11, 13, 11, 12, 12, 11, 12, 13, 13, 12, 13, 13, 13, 12, 11, 12, 11, 12, 11, 11, 12, 10, 12, 11, 10], [12, 10, 11, 10, 10, 13, 10, 12, 11, 12, 12, 12, 10, 12, 12, 12, 10, 11, 10, 12, 13, 10, 12, 13, 10], [11, 13, 11, 12, 10, 10, 12, 12, 13, 12, 11, 10, 13, 12, 10, 13, 11, 11, 10, 13, 12, 13, 12, 13, 12], [13, 10, 11, 12, 11, 10, 11, 11, 12, 13, 13, 10, 10, 12, 11, 13, 11, 10, 11, 12, 10, 12, 10, 13, 10], [12, 13, 13, 10, 11, 11, 10, 12, 11, 11, 12, 10, 13, 12, 11, 12, 12, 11, 10, 11, 12, 10, 10, 12, 13], [13, 11, 13, 11, 10, 11, 13, 13, 13, 12, 12, 13, 11, 13, 12, 13, 13, 13, 10, 11, 10, 12, 11, 10, 10], [11, 10, 11, 12, 10, 12, 10, 11, 10, 13, 13, 12, 11, 12, 13, 12, 11, 12, 10, 12, 13, 10, 12, 10, 13], [13, 13, 11, 11, 11, 11, 10, 12, 10, 12, 10, 12, 13, 10, 11, 13, 10, 11, 11, 11, 12, 10, 13, 10, 12], [13, 10, 11, 11, 11, 12, 10, 13, 13, 12, 11, 12, 11, 10, 10, 10, 13, 10, 13, 12, 12, 10, 11, 10, 10], [13, 11, 11, 12, 13, 13, 13, 10, 11, 11, 10, 10, 12, 11, 11, 12, 13, 10, 12, 13, 10, 10, 13, 11, 12], [13, 12, 13, 10, 13, 12, 10, 11, 13, 11, 11, 11, 11, 13, 10, 13, 11, 12, 10, 10, 11, 11, 12, 12, 12], [12, 11, 12, 12, 11, 10, 12, 11, 11, 11, 10, 13, 13, 11, 13, 11, 10, 11, 13, 12, 11, 10, 10, 12, 13], [12, 13, 13, 10, 12, 10, 10, 11, 11, 10, 13, 10, 10, 10, 10, 11, 10, 10, 13, 13, 11, 10, 13, 10, 11], [12, 10, 10, 10, 11, 10, 10, 10, 13, 13, 12, 13, 13, 13, 11, 13, 10, 11, 11, 13, 13, 10, 11, 10, 10], [10, 12, 12, 11, 10, 12, 10, 10, 13, 10, 11, 13, 10, 10, 13, 12, 12, 10, 12, 13, 12, 11, 13, 12, 11], [10, 11, 13, 12, 11, 11, 13, 13, 13, 13, 10, 10, 10, 11, 13, 10, 13, 11, 11, 11, 10, 11, 13, 11, 12], [11, 11, 12, 12, 10, 13, 11, 12, 10, 12, 11, 11, 11, 13, 12, 12, 10, 12, 12, 12, 12, 12, 10, 13, 11], [12, 10, 13, 13, 11, 10, 13, 10, 10, 13, 11, 12, 12, 11, 10, 12, 10, 13, 13, 11, 10, 13, 12, 11, 12], [11, 12, 13, 11, 10, 13, 13, 13, 10, 12, 10, 11, 12, 12, 12, 13, 13, 10, 13, 12, 12, 12, 12, 12, 11], [10, 13, 13, 13, 13, 11, 10, 10, 10, 12, 11, 13, 11, 12, 10, 13, 13, 12, 12, 11, 10, 13, 13, 12, 13], [11, 11, 12, 10, 11, 10, 13, 11, 10, 11, 10, 10, 13, 10, 13, 10, 13, 13, 10, 10, 11, 11, 10, 12, 12], [13, 13, 13, 13, 13, 13, 13, 12, 13, 11, 10, 11, 12, 10, 13, 13, 11, 10, 10, 11, 13, 13, 10, 10, 10], [11, 13, 11, 11, 10, 13, 10, 11, 10, 12, 11, 13, 12, 10, 12, 10, 13, 12, 11, 11, 11, 11, 10, 13, 11], [12, 12, 10, 10, 12, 10, 13, 11, 12, 10, 13, 12, 12, 10, 12, 11, 11, 13, 11, 12, 12, 10, 12, 13, 11], [13, 13, 11, 10, 10, 12, 10, 11, 10, 12, 11, 11, 12, 11, 13, 13, 12, 13, 12, 12, 13, 12, 10, 10, 11], [10, 10, 13, 13, 13, 13, 12, 12, 13, 10, 12, 11, 13, 13, 13, 13, 13, 10, 12, 10, 12, 13, 13, 10, 10], [10, 12, 12, 13, 12, 13, 11, 11, 13, 11, 12, 10, 13, 12, 10, 11, 11, 10, 11, 13, 12, 10, 10, 12, 10], [13, 10, 10, 10, 11, 10, 10, 12, 10, 13, 12, 13, 12, 13, 13, 12, 11, 12, 13, 10, 11, 11, 12, 10, 10], [11, 10, 12, 11, 10, 13, 12, 13, 11, 11, 12, 12, 10, 13, 11, 11, 10, 13, 11, 13, 11, 11, 12, 11, 11], [13, 12, 13, 12, 13, 11, 10, 13, 10, 11, 12, 11, 12, 12, 10, 12, 12, 12, 10, 12, 13, 13, 12, 13, 12], [12, 10, 12, 12, 10, 10, 13, 13, 10, 11, 10, 12, 12, 11, 13, 10, 13, 13, 13, 10, 11, 10, 13, 12, 11], [11, 11, 12, 11, 10, 11, 11, 10, 12, 12, 12, 12, 13, 12, 10, 13, 13, 12, 13, 13, 12, 13, 13, 13, 10], [10, 10, 13, 11, 10, 11, 12, 12, 12, 10, 10, 13, 11, 11, 10, 10, 11, 11, 11, 13, 10, 12, 13, 10, 13], [11, 10, 10, 11, 12, 12, 12, 11, 11, 12, 12, 10, 11, 12, 13, 13, 12, 10, 10, 11, 13, 12, 10, 13, 11], [11, 12, 12, 11, 12, 10, 10, 11, 10, 11, 10, 12, 11, 13, 10, 13, 12, 11, 13, 12, 12, 11, 11, 10, 12], [10, 12, 11, 12, 12, 11, 12, 13, 11, 10, 13, 11, 12, 11, 13, 13, 10, 13, 13, 10, 13, 12, 10, 13, 13], [11, 12, 13, 11, 11, 13, 13, 11, 13, 13, 12, 12, 12, 13, 10, 12, 10, 12, 12, 11, 13, 13, 10, 13, 12], [12, 10, 10, 12, 11, 10, 13, 13, 13, 10, 13, 12, 13, 11, 12, 10, 13, 11, 11, 12, 13, 10, 13, 10, 12], [13, 13, 13, 10, 10, 11, 13, 11, 13, 11, 10, 11, 11, 10, 10, 12, 10, 10, 12, 10, 11, 12, 11, 13, 12], [10, 12, 12, 10, 12, 12, 13, 13, 11, 12, 12, 12, 12, 12, 12, 11, 10, 12, 10, 10, 12, 13, 12, 13, 12], [11, 11, 12, 13, 12, 13, 11, 12, 12, 13, 12, 10, 12, 12, 13, 11, 12, 12, 12, 11, 10, 11, 11, 10, 10], [11, 10, 12, 12, 10, 12, 11, 10, 10, 13, 13, 13, 10, 13, 11, 13, 10, 13, 10, 11, 10, 13, 10, 12, 10], [13, 12, 11, 13, 11, 12, 10, 11, 10, 12, 11, 11, 11, 11, 11, 13, 12, 11, 10, 13, 10, 11, 11, 10, 10], [12, 11, 10, 12, 10, 11, 12, 11, 11, 10, 13, 11, 12, 10, 11, 12, 13, 12, 11, 12, 11, 10, 13, 11, 11], [12, 13, 12, 13, 12, 11, 10, 13, 12, 12, 12, 10, 10, 10, 13, 11, 12, 11, 10, 12, 12, 11, 10, 13, 13], [11, 10, 12, 13, 11, 13, 11, 13, 12, 11, 13, 10, 11, 11, 10, 11, 12, 13, 13, 11, 13, 12, 10, 12, 13], [12, 11, 11, 11, 10, 10, 10, 10, 12, 10, 11, 12, 13, 11, 12, 10, 10, 13, 13, 10, 11, 11, 11, 10, 10], [12, 11, 11, 11, 12, 11, 11, 11, 11, 12, 10, 12, 11, 10, 11, 10, 10, 12, 13, 13, 11, 12, 12, 11, 10], [11, 10, 10, 11, 13, 10, 12, 12, 13, 12, 12, 13, 11, 11, 10, 12, 12, 13, 13, 11, 11, 10, 13, 11, 11], [11, 10, 10, 11, 10, 10, 10, 12, 10, 12, 13, 10, 11, 10, 10, 10, 12, 10, 12, 11, 13, 10, 11, 10, 13], [11, 10, 12, 12, 13, 13, 13, 11, 10, 13, 11, 12, 10, 13, 11, 10, 11, 11, 11, 11, 12, 11, 13, 13, 10], [12, 12, 12, 12, 12, 11, 11, 10, 11, 10, 11, 13, 13, 11, 11, 11, 11, 12, 13, 13, 11, 12, 10, 12, 12], [13, 10, 10, 12, 13, 13, 13, 10, 10, 12, 12, 11, 11, 11, 10, 13, 12, 10, 12, 12, 12, 10, 10, 10, 13], [10, 10, 12, 10, 11, 11, 12, 10, 10, 10, 11, 11, 11, 13, 13, 12, 12, 12, 10, 10, 12, 11, 13, 13, 13], [12, 10, 11, 12, 11, 12, 10, 11, 12, 11, 10, 11, 10, 13, 10, 11, 13, 12, 12, 13, 10, 12, 13, 12, 13], [11, 12, 10, 12, 11, 10, 12, 13, 12, 13, 13, 13, 13, 10, 10, 10, 10, 12, 10, 10, 10, 13, 13, 10, 12], [10, 12, 11, 12, 13, 11, 13, 12, 12, 13, 12, 13, 10, 12, 11, 10, 10, 13, 11, 13, 12, 13, 10, 12, 13], [13, 12, 10, 11, 13, 13, 11, 12, 12, 13, 10, 11, 10, 11, 12, 13, 13, 12, 10, 11, 11, 10, 10, 13, 10], [13, 11, 13, 13, 10, 13, 12, 11, 11, 12, 10, 13, 12, 11, 10, 11, 10, 10, 10, 11, 10, 10, 11, 12, 10], [10, 13, 13, 11, 11, 12, 12, 10, 12, 11, 10, 11, 11, 13, 12, 11, 10, 13, 11, 10, 12, 13, 11, 10, 11], [12, 13, 12, 10, 10, 10, 12, 12, 13, 13, 10, 11, 12, 10, 13, 10, 11, 10, 10, 10, 13, 13, 11, 10, 12], [13, 13, 12, 13, 11, 10, 10, 12, 11, 11, 13, 11, 13, 12, 10, 11, 10, 11, 10, 11, 12, 11, 10, 10, 13], [11, 12, 11, 10, 12, 12, 12, 11, 13, 13, 11, 10, 11, 12, 12, 13, 10, 10, 10, 10, 13, 12, 13, 10, 10], [10, 12, 11, 12, 13, 13, 12, 13, 13, 10, 10, 11, 12, 11, 11, 13, 11, 11, 10, 11, 12, 13, 12, 13, 11], [11, 12, 12, 12, 12, 12, 12, 11, 11, 11, 10, 12, 13, 12, 10, 13, 10, 10, 12, 12, 13, 12, 13, 10, 11], [10, 13, 12, 13, 12, 12, 10, 10, 11, 10, 13, 12, 12, 11, 13, 11, 10, 13, 12, 12, 11, 10, 11, 13, 10], [11, 11, 13, 12, 13, 12, 12, 10, 10, 10, 10, 10, 10, 10, 13, 11, 13, 13, 13, 10, 10, 13, 10, 11, 12], [10, 10, 10, 11, 11, 11, 12, 13, 10, 12, 10, 13, 10, 12, 12, 12, 13, 12, 11, 12, 10, 12, 11, 12, 11], [10, 13, 12, 13, 10, 12, 12, 13, 13, 13, 10, 13, 12, 10, 13, 10, 12, 13, 13, 10, 12, 13, 13, 13, 12], [12, 13, 10, 11, 13, 13, 11, 11, 12, 13, 11, 13, 11, 12, 10, 11, 10, 12, 11, 12, 11, 13, 11, 11, 11], [11, 10, 11, 11, 10, 12, 10, 10, 11, 12, 11, 11, 13, 10, 13, 11, 11, 10, 13, 11, 12, 10, 11, 11, 10], [10, 12, 12, 10, 13, 13, 12, 11, 13, 10, 11, 10, 11, 10, 10, 12, 13, 12, 10, 10, 11, 13, 10, 12, 11], [11, 13, 13, 12, 12, 11, 10, 10, 13, 10, 11, 10, 11, 12, 11, 13, 12, 11, 11, 11, 12, 11, 12, 12, 10], [12, 11, 11, 10, 12, 12, 12, 10, 10, 12, 11, 11, 13, 10, 10, 13, 13, 13, 13, 11, 12, 11, 12, 10, 12], [13, 10, 11, 11, 12, 12, 12, 13, 12, 12, 11, 12, 13, 12, 13, 13, 12, 11, 10, 11, 13, 13, 13, 12, 11], [13, 12, 10, 13, 11, 11, 12, 12, 10, 10, 10, 12, 11, 11, 11, 11, 10, 10, 11, 10, 12, 10, 13, 13, 10], [12, 11, 12, 12, 10, 12, 12, 12, 10, 10, 10, 10, 10, 10, 13, 11, 13, 12, 13, 11, 12, 11, 11, 10, 12], [11, 10, 11, 11, 12, 12, 12, 11, 10, 10, 10, 11, 12, 12, 13, 11, 11, 11, 12, 13, 10, 13, 10, 11, 12], [10, 12, 10, 11, 10, 13, 12, 13, 10, 13, 13, 13, 12, 11, 13, 10, 11, 11, 12, 13, 12, 12, 11, 13, 12], [12, 12, 11, 11, 11, 11, 11, 12, 10, 13, 12, 13, 11, 11, 10, 11, 13, 12, 11, 10, 11, 12, 11, 11, 12], [12, 12, 10, 12, 11, 13, 11, 10, 13, 10, 10, 11, 10, 12, 11, 12, 10, 11, 11, 12, 12, 12, 12, 11, 11], [12, 13, 12, 12, 12, 11, 12, 12, 10, 12, 10, 12, 10, 10, 11, 11, 12, 11, 10, 13, 13, 12, 13, 13, 10], [13, 12, 13, 13, 10, 12, 10, 10, 13, 12, 12, 13, 10, 10, 12, 11, 12, 13, 10, 11, 10, 11, 10, 12, 11], [13, 10, 13, 11, 11, 12, 12, 10, 12, 12, 10, 13, 13, 12, 13, 10, 10, 13, 11, 12, 11, 10, 10, 11, 10], [12, 11, 12, 10, 11, 10, 13, 11, 12, 12, 10, 10, 11, 11, 11, 12, 12, 10, 11, 10, 13, 12, 11, 10, 11], [12, 12, 12, 11, 13, 12, 13, 10, 13, 11, 11, 12, 13, 10, 13, 13, 13, 12, 11, 13, 10, 10, 13, 11, 10], [11, 13, 13, 13, 12, 13, 13, 10, 10, 13, 13, 10, 12, 12, 10, 11, 11, 13, 13, 12, 10, 10, 13, 12, 10], [10, 13, 10, 12, 12, 12, 11, 11, 12, 10, 10, 13, 10, 11, 13, 11, 11, 10, 12, 12, 11, 10, 10, 12, 13], [13, 13, 13, 10, 10, 13, 12, 12, 10, 10, 13, 10, 12, 11, 10, 13, 12, 11, 11, 12, 11, 11, 13, 11, 11], [11, 10, 13, 13, 11, 12, 12, 12, 10, 10, 10, 12, 12, 12, 13, 10, 12, 11, 12, 10, 13, 11, 12, 11, 11], [10, 12, 10, 13, 12, 11, 13, 11, 13, 10, 10, 11, 11, 12, 13, 13, 11, 12, 10, 13, 11, 11, 12, 12, 11], [10, 11, 11, 10, 10, 10, 10, 13, 11, 10, 12, 10, 10, 11, 11, 12, 13, 13, 13, 10, 13, 13, 11, 11, 10], [13, 12, 13, 13, 13, 12, 13, 10, 11, 11, 12, 11, 13, 12, 10, 12, 11, 10, 13, 12, 13, 13, 10, 12, 13], [13, 13, 13, 12, 10, 12, 10, 10, 12, 13, 11, 13, 13, 12, 13, 12, 12, 11, 11, 12, 11, 11, 11, 12, 10]]
Inventory holding cost per unit of each product by the end of each period h: 
[[5, 7, 6, 5, 7, 6, 6, 8, 5, 5, 7, 5, 5, 9, 8, 9, 9, 8, 5, 9, 8, 9, 8, 6, 6], [5, 7, 6, 8, 9, 8, 7, 9, 5, 5, 9, 7, 5, 7, 8, 6, 6, 6, 8, 9, 8, 5, 6, 8, 7], [9, 6, 7, 6, 9, 6, 7, 6, 6, 5, 7, 5, 8, 5, 9, 6, 5, 7, 5, 7, 6, 8, 9, 9, 6], [7, 6, 9, 8, 8, 5, 9, 5, 8, 7, 6, 7, 5, 7, 9, 9, 9, 6, 7, 8, 7, 7, 9, 7, 6], [9, 7, 8, 6, 7, 7, 9, 8, 8, 6, 6, 7, 5, 8, 7, 8, 6, 7, 6, 6, 6, 6, 9, 6, 8], [7, 5, 6, 6, 9, 9, 7, 6, 8, 8, 5, 5, 5, 8, 7, 5, 5, 5, 7, 6, 7, 5, 9, 5, 6], [8, 5, 8, 5, 6, 7, 6, 7, 9, 7, 7, 9, 6, 8, 8, 8, 8, 6, 7, 8, 5, 9, 5, 8, 7], [6, 8, 5, 7, 9, 5, 7, 8, 8, 9, 5, 9, 7, 7, 7, 5, 7, 7, 7, 6, 8, 7, 5, 8, 6], [8, 8, 9, 6, 7, 8, 7, 6, 6, 7, 5, 8, 7, 7, 5, 6, 7, 9, 9, 8, 6, 6, 8, 6, 7], [8, 7, 6, 6, 5, 7, 7, 8, 6, 5, 9, 5, 7, 9, 6, 6, 9, 9, 5, 5, 6, 9, 8, 8, 6], [6, 7, 8, 5, 8, 9, 6, 7, 5, 5, 5, 9, 6, 8, 6, 9, 8, 9, 6, 6, 8, 8, 7, 6, 8], [6, 5, 7, 9, 7, 7, 5, 9, 9, 5, 9, 9, 9, 9, 6, 8, 5, 5, 7, 8, 9, 7, 8, 6, 5], [8, 7, 9, 9, 7, 6, 7, 7, 6, 5, 8, 5, 5, 6, 5, 6, 5, 8, 5, 6, 7, 7, 8, 8, 5], [7, 9, 5, 8, 6, 9, 9, 5, 6, 6, 5, 6, 7, 8, 6, 8, 9, 6, 9, 5, 6, 7, 9, 5, 5], [7, 8, 7, 8, 9, 8, 9, 9, 9, 8, 9, 8, 9, 9, 6, 6, 6, 9, 8, 5, 6, 5, 6, 8, 8], [8, 8, 5, 6, 6, 5, 8, 6, 7, 6, 5, 9, 6, 6, 9, 5, 6, 5, 6, 7, 6, 5, 7, 9, 6], [9, 5, 8, 9, 5, 9, 8, 8, 8, 9, 6, 6, 6, 8, 9, 9, 5, 6, 8, 6, 6, 7, 9, 5, 5], [8, 6, 7, 9, 5, 5, 6, 9, 5, 5, 5, 7, 8, 8, 8, 9, 6, 6, 6, 9, 8, 8, 5, 9, 5], [7, 8, 9, 7, 9, 7, 8, 8, 5, 6, 5, 6, 9, 8, 5, 5, 7, 6, 7, 5, 7, 5, 6, 6, 7], [9, 9, 9, 5, 8, 5, 6, 5, 6, 8, 9, 6, 6, 7, 7, 6, 9, 5, 8, 5, 7, 5, 7, 9, 8], [8, 6, 7, 5, 9, 7, 8, 6, 8, 9, 6, 9, 5, 5, 8, 5, 5, 8, 8, 5, 8, 6, 7, 8, 7], [7, 9, 7, 9, 7, 6, 7, 5, 9, 5, 6, 6, 7, 7, 5, 6, 7, 5, 5, 5, 6, 7, 7, 6, 8], [8, 7, 7, 5, 9, 9, 8, 6, 7, 7, 5, 8, 5, 8, 7, 8, 6, 5, 5, 6, 7, 9, 6, 5, 9], [9, 7, 8, 9, 8, 7, 7, 5, 6, 7, 7, 7, 9, 6, 7, 6, 6, 8, 8, 9, 6, 8, 6, 7, 5], [5, 7, 5, 8, 8, 6, 8, 6, 7, 5, 9, 6, 6, 8, 6, 7, 9, 8, 6, 9, 7, 7, 6, 6, 7], [6, 9, 8, 5, 5, 7, 8, 7, 9, 5, 9, 7, 7, 8, 6, 7, 8, 6, 6, 7, 7, 8, 8, 8, 6], [7, 9, 9, 6, 6, 7, 9, 8, 5, 6, 8, 7, 5, 7, 6, 9, 7, 6, 5, 8, 6, 9, 8, 7, 7], [7, 7, 9, 7, 7, 9, 5, 5, 8, 8, 6, 8, 6, 9, 9, 6, 5, 8, 9, 8, 8, 9, 6, 5, 6], [9, 7, 9, 5, 6, 5, 9, 6, 6, 8, 9, 7, 8, 9, 6, 9, 6, 9, 7, 5, 7, 9, 5, 5, 8], [9, 5, 8, 6, 9, 8, 7, 5, 7, 5, 8, 6, 6, 5, 7, 9, 6, 9, 5, 8, 6, 7, 9, 6, 8], [6, 7, 7, 9, 6, 9, 5, 9, 8, 8, 7, 7, 5, 6, 7, 6, 9, 5, 6, 6, 9, 7, 7, 5, 6], [9, 8, 7, 7, 5, 9, 9, 6, 6, 5, 7, 8, 5, 9, 9, 6, 5, 5, 7, 6, 9, 8, 6, 6, 9], [8, 7, 9, 8, 9, 6, 8, 6, 9, 7, 7, 8, 8, 7, 6, 9, 7, 9, 9, 9, 7, 6, 6, 7, 8], [6, 5, 9, 8, 7, 7, 5, 6, 6, 9, 9, 7, 5, 6, 5, 6, 7, 5, 7, 5, 8, 6, 9, 5, 9], [6, 9, 6, 7, 6, 8, 9, 9, 7, 6, 6, 9, 5, 9, 5, 6, 8, 8, 5, 8, 7, 8, 6, 5, 9], [5, 5, 6, 6, 9, 9, 5, 6, 7, 5, 7, 8, 5, 7, 7, 9, 5, 6, 5, 6, 9, 5, 5, 6, 9], [8, 5, 6, 6, 6, 6, 8, 8, 6, 9, 9, 6, 8, 8, 9, 9, 5, 8, 5, 5, 7, 7, 6, 7, 8], [8, 7, 6, 6, 7, 6, 7, 5, 5, 7, 5, 7, 6, 7, 5, 9, 6, 7, 8, 9, 7, 7, 8, 9, 7], [7, 6, 8, 9, 9, 8, 9, 5, 8, 8, 9, 6, 7, 7, 7, 5, 6, 6, 5, 5, 6, 5, 6, 7, 9], [9, 7, 7, 8, 8, 9, 9, 7, 5, 5, 8, 7, 9, 5, 8, 5, 6, 9, 6, 8, 8, 5, 5, 5, 6], [5, 8, 8, 5, 8, 6, 6, 6, 8, 5, 5, 6, 5, 9, 9, 8, 5, 6, 9, 6, 5, 7, 7, 8, 5], [8, 6, 6, 7, 9, 9, 6, 6, 6, 7, 7, 6, 5, 6, 7, 7, 8, 7, 5, 8, 7, 8, 7, 7, 9], [8, 5, 8, 6, 5, 5, 9, 6, 5, 5, 9, 5, 7, 5, 6, 8, 9, 5, 8, 6, 5, 8, 9, 9, 6], [6, 9, 7, 8, 8, 5, 8, 5, 9, 8, 5, 6, 6, 8, 9, 9, 5, 9, 9, 8, 5, 7, 7, 5, 8], [9, 9, 5, 9, 6, 8, 5, 8, 7, 8, 6, 8, 7, 5, 9, 5, 7, 5, 9, 9, 5, 9, 6, 5, 8], [9, 8, 9, 8, 9, 7, 5, 6, 6, 5, 8, 6, 5, 5, 9, 8, 7, 6, 7, 5, 5, 6, 8, 5, 8], [5, 5, 7, 8, 7, 8, 8, 6, 8, 8, 6, 9, 6, 9, 9, 9, 8, 8, 7, 8, 8, 5, 9, 7, 9], [9, 9, 6, 8, 6, 8, 6, 9, 8, 5, 7, 9, 6, 6, 9, 8, 8, 7, 9, 8, 8, 5, 8, 7, 9], [6, 5, 9, 8, 6, 5, 7, 8, 8, 9, 8, 8, 8, 5, 6, 8, 9, 7, 9, 8, 8, 6, 6, 8, 5], [6, 6, 6, 6, 8, 5, 9, 5, 5, 8, 6, 6, 8, 6, 9, 8, 7, 9, 7, 5, 9, 7, 8, 7, 5], [9, 9, 6, 9, 9, 5, 8, 6, 7, 7, 5, 9, 6, 5, 5, 8, 8, 7, 7, 8, 6, 9, 9, 9, 5], [6, 6, 6, 9, 9, 7, 5, 5, 7, 5, 5, 7, 5, 7, 9, 9, 6, 9, 5, 6, 6, 9, 9, 6, 5], [5, 5, 7, 5, 8, 6, 8, 9, 7, 8, 7, 7, 5, 8, 7, 7, 5, 8, 8, 6, 6, 5, 6, 9, 6], [9, 5, 5, 7, 8, 9, 5, 6, 9, 6, 9, 5, 6, 8, 8, 7, 8, 7, 7, 5, 8, 5, 7, 6, 5], [8, 9, 7, 6, 5, 9, 7, 8, 9, 6, 5, 8, 8, 5, 7, 8, 8, 6, 5, 9, 9, 9, 6, 7, 5], [9, 8, 7, 6, 5, 6, 7, 9, 5, 7, 7, 6, 7, 8, 7, 6, 9, 9, 8, 7, 5, 7, 7, 6, 5], [5, 7, 7, 9, 9, 7, 8, 8, 9, 7, 9, 7, 7, 7, 8, 9, 9, 8, 6, 7, 7, 5, 8, 7, 5], [7, 6, 7, 7, 5, 5, 5, 7, 8, 8, 5, 5, 7, 7, 6, 8, 6, 8, 5, 6, 6, 7, 9, 5, 8], [7, 8, 8, 7, 7, 6, 9, 8, 9, 9, 8, 6, 6, 5, 6, 9, 6, 9, 6, 7, 7, 6, 5, 5, 6], [5, 8, 7, 7, 8, 6, 9, 8, 7, 8, 5, 8, 6, 5, 6, 7, 5, 8, 9, 7, 7, 8, 5, 9, 8], [8, 5, 5, 7, 7, 6, 5, 9, 8, 7, 6, 6, 6, 8, 6, 6, 5, 9, 9, 6, 9, 5, 5, 5, 6], [6, 5, 5, 6, 7, 6, 7, 9, 9, 7, 7, 5, 6, 5, 8, 9, 6, 8, 8, 9, 6, 8, 6, 5, 6], [5, 7, 7, 6, 7, 8, 9, 6, 5, 6, 6, 8, 7, 7, 8, 9, 8, 9, 7, 7, 5, 9, 9, 8, 5], [8, 8, 7, 8, 5, 8, 5, 8, 9, 7, 7, 6, 8, 6, 7, 5, 9, 5, 5, 5, 5, 5, 5, 9, 7], [9, 9, 8, 7, 8, 8, 8, 5, 9, 6, 7, 6, 6, 9, 6, 9, 6, 7, 7, 7, 7, 8, 6, 5, 8], [6, 7, 7, 6, 9, 9, 6, 7, 9, 5, 9, 9, 8, 9, 6, 6, 6, 6, 8, 8, 5, 8, 8, 6, 9], [6, 8, 8, 9, 5, 9, 9, 9, 6, 5, 5, 6, 6, 5, 5, 6, 9, 6, 5, 8, 7, 6, 5, 8, 9], [6, 7, 9, 5, 7, 9, 7, 8, 7, 9, 8, 7, 9, 9, 6, 7, 6, 6, 7, 9, 5, 5, 7, 5, 8], [6, 8, 5, 8, 8, 5, 8, 5, 7, 9, 6, 9, 6, 9, 5, 8, 9, 8, 6, 9, 9, 5, 5, 9, 8], [8, 7, 9, 5, 7, 8, 6, 9, 7, 8, 9, 9, 7, 9, 6, 6, 7, 7, 8, 8, 6, 7, 6, 6, 9], [8, 9, 9, 8, 8, 7, 6, 5, 9, 8, 8, 7, 7, 5, 8, 5, 8, 9, 8, 8, 9, 9, 8, 8, 6], [8, 9, 6, 8, 6, 8, 5, 6, 8, 7, 8, 8, 7, 9, 9, 9, 5, 5, 6, 6, 9, 7, 7, 7, 5], [7, 6, 9, 7, 7, 6, 8, 6, 5, 5, 9, 9, 8, 5, 9, 8, 9, 7, 6, 5, 6, 5, 5, 5, 5], [6, 5, 6, 6, 6, 9, 9, 5, 8, 9, 7, 8, 6, 7, 5, 8, 9, 7, 9, 5, 5, 7, 9, 5, 8], [8, 5, 6, 5, 8, 6, 7, 5, 9, 6, 5, 8, 8, 5, 7, 8, 6, 5, 8, 5, 9, 7, 7, 7, 7], [7, 8, 8, 7, 5, 7, 9, 7, 7, 9, 9, 9, 6, 6, 7, 8, 6, 5, 5, 5, 6, 7, 5, 5, 5], [9, 7, 8, 7, 6, 8, 8, 7, 8, 9, 9, 7, 5, 9, 6, 8, 7, 8, 6, 5, 9, 7, 6, 9, 6], [9, 8, 8, 5, 5, 5, 5, 5, 5, 6, 5, 8, 5, 9, 5, 8, 5, 9, 6, 9, 7, 6, 8, 6, 5], [5, 6, 8, 6, 5, 6, 9, 8, 8, 8, 6, 7, 7, 8, 6, 8, 9, 8, 5, 5, 6, 8, 9, 8, 8], [9, 9, 9, 8, 6, 9, 7, 7, 7, 9, 8, 5, 6, 9, 5, 7, 6, 8, 7, 5, 6, 5, 8, 9, 7], [7, 7, 9, 5, 8, 7, 8, 8, 6, 8, 9, 9, 8, 9, 9, 5, 7, 8, 6, 6, 5, 7, 8, 9, 9], [9, 7, 5, 9, 7, 6, 9, 5, 9, 6, 6, 6, 8, 7, 5, 9, 6, 8, 5, 7, 7, 9, 7, 9, 8], [6, 9, 5, 5, 5, 9, 6, 8, 7, 6, 8, 8, 9, 6, 5, 8, 6, 6, 5, 8, 9, 6, 7, 5, 9], [9, 5, 5, 8, 7, 6, 5, 5, 8, 5, 8, 6, 9, 8, 8, 5, 7, 6, 9, 9, 7, 7, 9, 6, 8], [6, 5, 5, 9, 6, 8, 6, 5, 7, 9, 5, 6, 7, 6, 8, 6, 7, 8, 7, 7, 9, 6, 9, 8, 6], [7, 6, 5, 6, 8, 6, 7, 6, 5, 6, 7, 7, 6, 9, 8, 7, 8, 8, 7, 7, 7, 7, 9, 9, 5], [7, 5, 7, 9, 6, 5, 8, 6, 5, 5, 6, 5, 7, 8, 9, 8, 5, 6, 8, 7, 8, 7, 5, 9, 9], [5, 9, 8, 9, 8, 6, 7, 9, 6, 9, 5, 9, 8, 7, 6, 7, 9, 7, 6, 5, 7, 9, 7, 8, 8], [8, 9, 7, 8, 7, 8, 7, 5, 7, 6, 8, 9, 6, 9, 8, 6, 6, 5, 6, 9, 9, 9, 5, 9, 7], [6, 8, 6, 9, 8, 8, 8, 8, 8, 6, 6, 7, 5, 6, 7, 7, 7, 5, 7, 7, 8, 5, 8, 6, 7], [8, 8, 5, 6, 9, 9, 8, 7, 8, 5, 9, 5, 6, 7, 7, 5, 8, 7, 8, 7, 8, 8, 9, 5, 5], [7, 6, 6, 8, 5, 7, 6, 7, 6, 8, 5, 5, 8, 6, 6, 8, 9, 5, 5, 9, 9, 7, 5, 6, 7], [5, 7, 5, 7, 6, 7, 6, 5, 9, 6, 8, 7, 7, 8, 5, 9, 6, 9, 7, 9, 9, 7, 9, 7, 9], [7, 9, 6, 6, 6, 6, 8, 5, 8, 6, 5, 8, 7, 7, 7, 9, 8, 9, 6, 6, 5, 5, 5, 5, 5], [7, 7, 9, 5, 5, 5, 8, 7, 9, 6, 6, 6, 9, 5, 6, 7, 7, 8, 7, 7, 8, 8, 8, 6, 6], [7, 7, 9, 6, 9, 5, 6, 7, 5, 7, 9, 9, 5, 9, 8, 5, 6, 7, 6, 9, 5, 8, 7, 9, 5], [7, 8, 9, 6, 5, 9, 6, 6, 7, 7, 5, 9, 7, 6, 7, 8, 8, 6, 7, 8, 8, 5, 7, 9, 6], [8, 8, 9, 7, 7, 8, 8, 5, 6, 8, 8, 9, 8, 8, 6, 9, 8, 9, 9, 8, 7, 5, 7, 5, 9], [5, 5, 5, 6, 6, 5, 8, 6, 9, 8, 9, 9, 7, 8, 9, 9, 9, 6, 6, 8, 5, 7, 6, 6, 6], [5, 7, 9, 9, 5, 6, 7, 8, 5, 8, 9, 9, 7, 5, 5, 6, 6, 9, 6, 5, 5, 8, 6, 9, 7]]
Demand for each product in each period d: 
[[1, 17, 11, 6, 20, 11, 18, 24, 4, 0, 39, 11, 26, 25, 24, 48, 30, 3, 2, 31, 42, 5, 41, 36, 0], [21, 23, 44, 13, 4, 4, 37, 43, 12, 6, 43, 23, 46, 34, 44, 30, 20, 31, 9, 45, 38, 44, 16, 40, 0], [20, 5, 20, 40, 15, 43, 38, 11, 1, 34, 33, 16, 0, 0, 19, 30, 0, 23, 0, 43, 19, 46, 16, 17, 37], [34, 43, 10, 30, 39, 18, 31, 0, 31, 6, 43, 9, 31, 21, 33, 41, 13, 16, 18, 21, 12, 26, 42, 29, 47], [49, 28, 0, 44, 6, 20, 34, 0, 27, 33, 0, 10, 41, 27, 0, 25, 9, 43, 30, 4, 31, 31, 31, 15, 27], [19, 40, 42, 14, 12, 9, 10, 28, 41, 26, 44, 49, 11, 49, 34, 34, 38, 19, 30, 40, 0, 29, 34, 44, 16], [4, 36, 21, 39, 34, 22, 7, 43, 27, 29, 34, 11, 20, 47, 39, 30, 28, 40, 38, 2, 13, 31, 0, 1, 26], [47, 5, 46, 0, 37, 29, 0, 10, 10, 26, 36, 19, 25, 27, 24, 4, 24, 0, 29, 4, 10, 44, 25, 2, 20], [11, 19, 13, 33, 23, 2, 40, 38, 0, 0, 4, 3, 44, 32, 36, 34, 37, 18, 35, 3, 12, 24, 34, 48, 8], [39, 6, 35, 16, 17, 28, 18, 40, 26, 12, 25, 46, 35, 49, 25, 11, 0, 42, 3, 13, 43, 33, 18, 25, 22], [1, 41, 15, 48, 36, 0, 0, 6, 34, 39, 49, 48, 23, 32, 11, 48, 30, 15, 39, 11, 8, 13, 18, 9, 40], [43, 48, 3, 48, 41, 8, 43, 44, 7, 24, 32, 30, 4, 39, 16, 43, 4, 30, 27, 26, 1, 39, 22, 0, 24], [0, 38, 42, 14, 1, 23, 6, 13, 1, 3, 3, 32, 7, 41, 47, 13, 35, 30, 3, 46, 4, 35, 6, 13, 12], [37, 0, 29, 42, 38, 9, 12, 21, 0, 24, 0, 35, 33, 47, 38, 0, 47, 23, 45, 10, 45, 11, 3, 23, 25], [35, 35, 0, 32, 9, 25, 4, 30, 39, 9, 38, 22, 8, 46, 5, 15, 9, 26, 2, 1, 35, 24, 7, 22, 6], [47, 25, 10, 24, 43, 7, 49, 5, 26, 38, 32, 3, 45, 12, 1, 9, 0, 43, 10, 0, 2, 3, 14, 18, 23], [4, 7, 43, 47, 13, 0, 8, 21, 0, 12, 36, 45, 42, 49, 32, 45, 42, 43, 11, 39, 47, 20, 27, 49, 19], [40, 0, 35, 0, 48, 45, 10, 25, 42, 8, 45, 0, 46, 11, 19, 25, 42, 27, 27, 13, 12, 33, 13, 40, 30], [34, 3, 32, 2, 34, 15, 49, 47, 40, 18, 37, 22, 9, 40, 24, 42, 1, 7, 49, 9, 35, 42, 13, 8, 22], [32, 44, 41, 21, 13, 40, 43, 15, 40, 24, 42, 28, 0, 31, 34, 21, 3, 38, 0, 13, 39, 2, 45, 15, 32], [0, 28, 37, 0, 25, 4, 12, 1, 44, 8, 38, 24, 16, 10, 45, 11, 13, 7, 7, 0, 0, 16, 21, 0, 40], [47, 0, 41, 34, 44, 4, 36, 25, 38, 30, 38, 33, 40, 42, 27, 4, 35, 36, 0, 32, 6, 27, 41, 0, 42], [35, 14, 14, 45, 27, 40, 0, 34, 41, 37, 14, 25, 7, 40, 46, 5, 34, 34, 19, 8, 7, 36, 26, 1, 8], [48, 1, 0, 38, 0, 31, 10, 6, 0, 18, 49, 24, 0, 5, 16, 47, 0, 34, 2, 13, 36, 19, 8, 25, 27], [5, 28, 24, 25, 14, 17, 5, 23, 21, 45, 7, 0, 24, 0, 33, 49, 19, 9, 19, 44, 48, 27, 15, 4, 0], [33, 34, 42, 5, 34, 0, 12, 14, 0, 0, 41, 4, 1, 15, 34, 40, 22, 0, 41, 12, 45, 44, 12, 39, 49], [36, 39, 26, 38, 18, 14, 23, 44, 31, 17, 49, 27, 23, 32, 19, 43, 24, 41, 0, 0, 18, 14, 41, 35, 3], [38, 46, 3, 13, 44, 5, 24, 27, 45, 37, 35, 16, 35, 5, 0, 29, 30, 10, 38, 40, 46, 32, 10, 7, 3], [47, 10, 2, 35, 11, 36, 44, 16, 31, 32, 32, 31, 4, 45, 2, 45, 5, 2, 0, 26, 1, 5, 29, 49, 1], [34, 10, 25, 41, 24, 45, 7, 3, 34, 36, 18, 38, 48, 32, 0, 43, 29, 33, 2, 8, 40, 34, 27, 36, 1], [15, 3, 3, 6, 16, 26, 6, 4, 36, 17, 0, 0, 24, 19, 19, 41, 6, 42, 30, 18, 4, 25, 34, 40, 17], [47, 31, 5, 0, 22, 10, 22, 26, 4, 26, 30, 32, 48, 33, 15, 5, 23, 15, 16, 17, 14, 25, 12, 3, 18], [24, 22, 46, 1, 20, 38, 0, 24, 41, 30, 10, 49, 25, 5, 34, 8, 44, 23, 4, 8, 7, 12, 25, 18, 48], [42, 30, 13, 28, 37, 13, 46, 33, 32, 16, 40, 3, 5, 38, 2, 12, 4, 36, 8, 0, 41, 0, 5, 44, 38], [43, 26, 31, 49, 13, 17, 46, 46, 5, 36, 0, 44, 48, 30, 27, 0, 0, 14, 18, 46, 21, 43, 35, 36, 46], [0, 49, 40, 29, 35, 13, 43, 29, 44, 22, 10, 10, 32, 49, 21, 35, 3, 1, 38, 33, 16, 14, 12, 43, 21], [24, 0, 29, 8, 21, 29, 32, 45, 1, 36, 43, 0, 1, 12, 27, 31, 39, 0, 13, 37, 22, 47, 41, 47, 11], [39, 46, 32, 27, 42, 45, 46, 12, 1, 47, 41, 38, 45, 25, 26, 33, 33, 47, 15, 43, 22, 32, 30, 15, 25], [14, 23, 22, 37, 3, 35, 28, 48, 30, 11, 15, 26, 26, 45, 11, 2, 49, 24, 1, 5, 31, 44, 43, 44, 14], [2, 14, 0, 26, 0, 17, 42, 38, 40, 0, 23, 5, 2, 15, 39, 23, 44, 20, 22, 15, 7, 45, 24, 43, 35], [26, 23, 33, 39, 33, 42, 19, 25, 47, 38, 35, 11, 33, 40, 49, 29, 45, 14, 49, 37, 24, 24, 45, 32, 0], [16, 8, 41, 46, 28, 25, 1, 4, 34, 8, 29, 48, 18, 21, 27, 47, 26, 3, 20, 15, 48, 9, 3, 0, 38], [3, 48, 16, 19, 5, 43, 3, 41, 34, 1, 26, 10, 26, 13, 47, 27, 3, 42, 12, 32, 2, 1, 24, 45, 24], [17, 9, 12, 12, 8, 27, 39, 34, 13, 4, 26, 26, 42, 39, 41, 27, 30, 25, 5, 40, 30, 3, 25, 44, 31], [34, 31, 26, 18, 38, 27, 23, 30, 43, 36, 49, 43, 10, 11, 14, 4, 39, 34, 1, 20, 21, 12, 0, 13, 20], [42, 36, 20, 46, 0, 7, 20, 22, 39, 20, 26, 20, 0, 9, 40, 4, 24, 15, 2, 4, 28, 27, 21, 25, 46], [49, 14, 2, 0, 46, 14, 31, 4, 24, 29, 37, 35, 41, 10, 14, 13, 46, 43, 32, 12, 23, 33, 6, 9, 18], [41, 30, 1, 17, 44, 0, 42, 49, 43, 32, 5, 48, 39, 41, 33, 35, 42, 45, 7, 0, 2, 3, 30, 46, 0], [18, 10, 38, 34, 13, 14, 30, 4, 36, 24, 0, 31, 47, 35, 12, 39, 41, 49, 45, 39, 23, 41, 17, 4, 44], [29, 23, 0, 0, 18, 44, 0, 26, 38, 37, 30, 7, 44, 28, 4, 30, 6, 39, 26, 1, 4, 13, 3, 42, 19], [14, 5, 24, 33, 40, 15, 11, 31, 4, 38, 3, 42, 27, 23, 19, 34, 6, 10, 29, 36, 32, 46, 21, 26, 15], [18, 17, 12, 18, 47, 39, 4, 5, 33, 2, 28, 1, 26, 2, 2, 25, 49, 19, 25, 29, 36, 43, 1, 1, 29], [3, 47, 32, 41, 10, 48, 41, 45, 28, 5, 8, 45, 9, 34, 49, 7, 41, 45, 9, 30, 38, 13, 23, 34, 32], [25, 47, 0, 39, 5, 17, 31, 1, 4, 9, 9, 49, 49, 19, 17, 26, 2, 16, 18, 11, 24, 25, 25, 36, 0], [0, 9, 40, 46, 46, 24, 29, 0, 40, 0, 29, 38, 11, 42, 6, 26, 24, 47, 3, 10, 49, 21, 44, 29, 15], [34, 48, 31, 23, 3, 12, 24, 17, 37, 42, 17, 33, 38, 8, 37, 36, 49, 37, 18, 41, 40, 17, 33, 4, 33], [42, 31, 22, 6, 19, 1, 40, 44, 37, 20, 37, 27, 8, 7, 46, 31, 21, 33, 24, 2, 10, 20, 9, 24, 31], [27, 47, 13, 48, 16, 36, 43, 28, 18, 21, 23, 28, 26, 24, 22, 21, 11, 1, 48, 23, 6, 0, 30, 29, 19], [12, 36, 40, 25, 30, 14, 12, 43, 19, 2, 0, 35, 47, 33, 49, 1, 5, 15, 12, 22, 12, 29, 14, 27, 41], [46, 34, 47, 43, 36, 25, 17, 8, 26, 29, 9, 28, 48, 33, 24, 45, 35, 45, 10, 8, 0, 39, 24, 48, 31], [4, 14, 46, 43, 21, 40, 8, 12, 35, 35, 19, 0, 11, 15, 42, 45, 0, 49, 18, 9, 42, 21, 40, 21, 49], [24, 29, 1, 8, 9, 22, 42, 20, 13, 1, 48, 19, 15, 8, 36, 30, 33, 45, 26, 39, 0, 46, 0, 7, 12], [0, 44, 49, 6, 44, 2, 35, 5, 24, 22, 2, 23, 16, 38, 34, 18, 33, 13, 26, 34, 14, 47, 0, 45, 26], [46, 1, 0, 28, 31, 25, 12, 38, 27, 10, 37, 0, 23, 45, 0, 20, 36, 8, 8, 15, 40, 47, 25, 19, 13], [27, 17, 22, 13, 29, 37, 23, 47, 0, 28, 38, 34, 7, 5, 23, 29, 0, 25, 5, 49, 3, 32, 40, 48, 7], [23, 7, 8, 45, 19, 27, 12, 17, 11, 45, 35, 5, 27, 26, 19, 1, 45, 38, 30, 28, 47, 11, 31, 28, 2], [23, 41, 28, 42, 21, 47, 15, 20, 30, 3, 17, 6, 24, 30, 0, 24, 42, 10, 49, 2, 45, 42, 49, 46, 17], [46, 8, 25, 33, 16, 21, 21, 39, 3, 39, 15, 0, 11, 47, 5, 41, 14, 44, 0, 45, 25, 0, 35, 4, 17], [30, 28, 0, 41, 44, 26, 42, 0, 0, 32, 47, 49, 34, 39, 44, 7, 0, 36, 33, 45, 32, 0, 10, 45, 3], [27, 25, 8, 3, 6, 16, 23, 22, 32, 9, 21, 0, 46, 48, 7, 30, 27, 31, 23, 41, 16, 15, 1, 35, 12], [41, 36, 38, 6, 29, 20, 29, 29, 26, 39, 24, 43, 6, 49, 6, 21, 42, 28, 13, 13, 46, 13, 3, 15, 21], [2, 29, 42, 17, 29, 8, 27, 4, 41, 0, 42, 15, 18, 33, 29, 20, 1, 1, 11, 16, 0, 1, 2, 17, 47], [16, 0, 17, 14, 47, 11, 22, 49, 40, 46, 33, 49, 0, 37, 27, 49, 36, 14, 22, 32, 49, 26, 30, 5, 23], [8, 15, 7, 7, 42, 43, 21, 35, 18, 21, 11, 18, 38, 0, 40, 2, 0, 7, 24, 11, 36, 31, 3, 31, 4], [31, 17, 22, 19, 49, 42, 6, 48, 13, 0, 11, 16, 0, 13, 35, 40, 40, 16, 24, 36, 3, 19, 25, 2, 28], [13, 39, 41, 46, 10, 29, 39, 38, 49, 17, 24, 7, 5, 2, 18, 41, 20, 46, 25, 49, 32, 11, 24, 1, 26], [36, 31, 22, 12, 11, 25, 1, 38, 28, 44, 14, 21, 30, 17, 10, 21, 2, 37, 13, 27, 21, 6, 2, 21, 6], [0, 48, 5, 10, 18, 1, 2, 49, 30, 43, 24, 24, 19, 0, 19, 45, 28, 12, 20, 49, 36, 0, 17, 35, 39], [35, 46, 8, 14, 8, 41, 39, 13, 36, 47, 2, 7, 9, 0, 47, 6, 25, 43, 8, 11, 1, 4, 34, 26, 33], [11, 0, 10, 8, 23, 44, 36, 33, 0, 24, 31, 14, 35, 28, 12, 46, 21, 34, 44, 11, 16, 43, 7, 0, 38], [14, 1, 30, 15, 43, 39, 0, 2, 36, 14, 49, 36, 36, 8, 9, 39, 23, 32, 40, 29, 32, 32, 40, 5, 5], [37, 7, 11, 34, 37, 23, 28, 21, 4, 39, 9, 2, 11, 35, 2, 19, 22, 42, 30, 11, 20, 43, 46, 18, 27], [13, 38, 42, 42, 33, 33, 0, 27, 32, 32, 33, 12, 5, 20, 32, 24, 4, 27, 25, 9, 34, 0, 40, 0, 6], [0, 41, 21, 16, 23, 22, 13, 41, 43, 18, 14, 36, 34, 44, 1, 19, 13, 30, 23, 6, 8, 41, 28, 10, 31], [18, 4, 23, 26, 44, 33, 26, 0, 33, 41, 31, 44, 13, 30, 29, 5, 36, 0, 25, 11, 17, 40, 0, 28, 40], [20, 7, 16, 49, 20, 9, 21, 29, 9, 33, 40, 11, 20, 24, 46, 36, 5, 30, 28, 5, 40, 40, 3, 44, 2], [43, 47, 26, 0, 23, 4, 0, 47, 44, 1, 48, 12, 31, 37, 23, 0, 9, 26, 35, 19, 16, 0, 0, 6, 0], [8, 29, 29, 11, 23, 27, 28, 13, 19, 18, 33, 43, 34, 18, 19, 43, 7, 2, 9, 2, 44, 23, 18, 5, 23], [19, 38, 47, 48, 43, 0, 19, 32, 43, 27, 17, 22, 11, 33, 37, 9, 0, 19, 44, 27, 0, 17, 31, 4, 19], [24, 22, 13, 0, 29, 19, 15, 20, 30, 38, 25, 0, 36, 40, 2, 9, 36, 15, 1, 0, 49, 28, 47, 43, 5], [17, 40, 43, 2, 19, 45, 4, 11, 30, 49, 34, 0, 17, 30, 33, 18, 23, 10, 42, 4, 18, 35, 2, 47, 0], [44, 0, 13, 37, 16, 27, 29, 31, 10, 43, 0, 29, 21, 7, 2, 39, 30, 18, 4, 7, 25, 31, 48, 18, 38], [0, 21, 23, 42, 34, 16, 7, 33, 49, 27, 48, 12, 34, 45, 40, 0, 12, 13, 27, 36, 20, 0, 0, 24, 20], [48, 11, 25, 42, 0, 31, 30, 35, 39, 0, 7, 37, 42, 10, 7, 41, 20, 22, 35, 3, 43, 24, 1, 34, 28], [23, 18, 27, 48, 27, 0, 31, 34, 42, 27, 45, 15, 16, 16, 5, 10, 39, 38, 48, 5, 45, 28, 36, 43, 1], [19, 6, 30, 48, 43, 34, 43, 16, 27, 34, 45, 4, 9, 13, 35, 32, 23, 34, 17, 4, 23, 45, 32, 49, 3], [1, 31, 33, 1, 47, 36, 27, 40, 38, 27, 8, 34, 0, 30, 35, 25, 7, 48, 18, 1, 46, 26, 15, 36, 0], [0, 49, 49, 37, 48, 18, 0, 47, 26, 12, 39, 11, 49, 23, 41, 43, 2, 37, 48, 38, 32, 10, 39, 40, 35], [15, 36, 49, 29, 13, 24, 0, 0, 44, 6, 4, 16, 19, 7, 41, 23, 24, 22, 42, 26, 19, 3, 8, 25, 49], [2, 25, 34, 29, 7, 0, 44, 24, 30, 48, 37, 34, 26, 33, 6, 10, 10, 36, 36, 13, 12, 32, 0, 12, 0]]
Maintenance cost in each period m: 
[11774, 9663, 12106, 12122, 9457, 8888, 11477, 12496, 11694, 8931, 8755, 9004, 12289, 10121, 12126, 8606, 10695, 12005, 11656, 9757, 9368, 11882, 8946, 10039, 8723]
Maximum capacity of the machine cmax: 
4200