Set of periods in the planning horizon T: 
5
Set of products P: 
20
Capacity reduction coefficient alpha: 
0.8
Relative decrease of capacity per set up gamma: 
0.22
Capacity reduction coefficient due to product types beta: 
[0.4, 0.22, 0.32, 0.32, 0.39, 0.36, 0.26, 0.21, 0.26, 0.35, 0.34, 0.23, 0.3, 0.26, 0.38, 0.31, 0.36, 0.37, 0.31, 0.26]
Fixed production cost of each product in each period f: 
[[525, 689, 537, 997, 898], [649, 697, 744, 948, 618], [728, 535, 796, 668, 827], [807, 833, 532, 985, 552], [675, 724, 587, 811, 629], [603, 751, 853, 824, 968], [581, 633, 632, 847, 805], [509, 830, 665, 583, 922], [890, 946, 980, 725, 552], [788, 562, 719, 937, 844], [637, 712, 767, 870, 672], [923, 837, 614, 517, 938], [971, 888, 937, 796, 947], [799, 974, 723, 713, 954], [651, 583, 819, 891, 527], [834, 644, 761, 782, 652], [978, 597, 949, 840, 951], [970, 967, 908, 772, 504], [808, 791, 562, 607, 990], [897, 725, 711, 809, 974]]
Variable production cost per unit of each product in each period p: 
[[11, 11, 12, 11, 11], [10, 10, 12, 11, 12], [11, 13, 11, 10, 13], [13, 11, 12, 12, 11], [11, 12, 13, 11, 11], [12, 11, 11, 10, 13], [11, 12, 12, 11, 10], [13, 13, 10, 10, 11], [12, 12, 11, 10, 12], [11, 12, 13, 13, 11], [13, 12, 10, 11, 13], [10, 11, 11, 10, 11], [13, 12, 10, 13, 12], [10, 11, 10, 13, 13], [10, 13, 11, 10, 11], [12, 11, 12, 10, 10], [11, 10, 10, 13, 13], [10, 13, 13, 13, 13], [10, 12, 10, 13, 13], [10, 11, 10, 11, 13]]
Inventory holding cost per unit of each product by the end of each period h: 
[[5, 8, 5, 9, 7], [8, 6, 6, 9, 8], [5, 5, 9, 9, 6], [8, 9, 9, 9, 8], [5, 9, 5, 6, 6], [7, 7, 5, 6, 8], [8, 5, 6, 8, 5], [7, 7, 7, 7, 7], [9, 5, 8, 5, 5], [9, 9, 9, 6, 5], [5, 9, 7, 8, 6], [7, 9, 5, 7, 6], [7, 8, 6, 5, 5], [8, 6, 5, 7, 5], [6, 5, 6, 6, 5], [5, 9, 8, 8, 7], [9, 6, 7, 6, 5], [5, 5, 8, 8, 7], [8, 7, 5, 6, 7], [9, 6, 6, 5, 8]]
Demand for each product in each period d: 
[[3, 0, 30, 4, 18], [17, 40, 17, 39, 39], [28, 7, 31, 44, 30], [48, 16, 17, 7, 39], [31, 37, 10, 38, 8], [43, 0, 2, 14, 26], [12, 27, 45, 9, 25], [45, 13, 12, 37, 4], [9, 45, 16, 25, 38], [29, 5, 37, 24, 46], [38, 11, 44, 7, 24], [46, 24, 15, 14, 20], [31, 6, 13, 13, 1], [35, 16, 47, 3, 36], [19, 3, 16, 22, 0], [36, 40, 47, 0, 45], [33, 21, 39, 47, 27], [0, 24, 0, 18, 27], [16, 15, 0, 44, 38], [44, 32, 23, 21, 2]]
Maintenance cost in each period m: 
[3825, 2670, 2845, 1847, 3018]
Maximum capacity of the machine cmax: 
880