Set of periods in the planning horizon T: 
10
Set of products P: 
20
Capacity reduction coefficient alpha: 
0.8
Relative decrease of capacity per set up gamma: 
0.21
Capacity reduction coefficient due to product types beta: 
[0.25, 0.38, 0.28, 0.37, 0.26, 0.24, 0.25, 0.2, 0.4, 0.21, 0.21, 0.32, 0.2, 0.29, 0.27, 0.35, 0.38, 0.36, 0.37, 0.25]
Fixed production cost of each product in each period f: 
[[735, 800, 836, 648, 934, 913, 639, 974, 513, 939], [768, 513, 892, 662, 992, 943, 987, 780, 945, 623], [958, 641, 619, 979, 965, 556, 650, 923, 765, 972], [725, 801, 658, 694, 509, 819, 640, 990, 725, 621], [697, 977, 944, 780, 663, 633, 896, 887, 907, 842], [557, 524, 639, 699, 580, 663, 858, 680, 951, 649], [563, 831, 669, 833, 547, 804, 834, 780, 587, 928], [668, 874, 582, 701, 933, 646, 999, 624, 976, 882], [572, 625, 914, 670, 981, 579, 570, 703, 760, 665], [738, 595, 639, 758, 856, 708, 682, 918, 955, 561], [749, 774, 675, 760, 664, 898, 837, 938, 744, 621], [749, 731, 787, 938, 959, 979, 543, 762, 924, 599], [900, 833, 927, 795, 960, 567, 803, 642, 563, 878], [989, 539, 595, 681, 756, 737, 779, 589, 619, 562], [840, 652, 763, 951, 961, 669, 655, 871, 783, 918], [949, 542, 712, 610, 785, 903, 837, 995, 511, 857], [765, 851, 833, 747, 692, 820, 513, 567, 699, 726], [764, 736, 650, 506, 529, 837, 874, 755, 506, 511], [579, 540, 614, 928, 913, 923, 804, 970, 617, 950], [661, 731, 885, 899, 815, 928, 670, 699, 587, 604]]
Variable production cost per unit of each product in each period p: 
[[13, 13, 12, 10, 13, 10, 11, 10, 10, 11], [13, 10, 11, 12, 13, 13, 10, 11, 13, 10], [13, 11, 12, 13, 12, 12, 11, 12, 13, 12], [12, 12, 10, 11, 13, 11, 12, 10, 12, 12], [10, 11, 12, 12, 13, 11, 12, 12, 10, 13], [10, 13, 10, 10, 13, 12, 13, 11, 11, 10], [13, 13, 12, 10, 13, 12, 10, 13, 12, 11], [11, 11, 10, 13, 10, 10, 11, 12, 11, 13], [13, 11, 11, 11, 13, 11, 10, 12, 11, 11], [10, 12, 12, 11, 10, 10, 10, 13, 12, 11], [12, 12, 13, 13, 13, 12, 12, 12, 13, 11], [10, 13, 12, 11, 11, 11, 10, 13, 13, 13], [10, 11, 13, 11, 11, 12, 13, 12, 12, 13], [11, 13, 13, 13, 10, 11, 13, 13, 13, 11], [13, 12, 13, 11, 12, 13, 13, 11, 13, 12], [10, 12, 12, 12, 12, 11, 12, 11, 11, 12], [13, 11, 13, 11, 10, 11, 12, 10, 11, 13], [11, 13, 12, 10, 13, 11, 10, 13, 13, 10], [10, 10, 13, 10, 12, 11, 11, 11, 10, 10], [11, 10, 10, 12, 10, 12, 10, 12, 10, 13]]
Inventory holding cost per unit of each product by the end of each period h: 
[[6, 7, 5, 8, 7, 6, 5, 8, 9, 6], [9, 8, 6, 8, 8, 5, 7, 8, 6, 6], [5, 7, 5, 6, 6, 7, 9, 6, 6, 6], [7, 9, 9, 6, 8, 5, 7, 7, 8, 8], [6, 6, 7, 9, 7, 9, 5, 6, 5, 8], [6, 7, 9, 8, 6, 6, 5, 9, 9, 5], [9, 6, 5, 9, 8, 9, 9, 7, 9, 7], [9, 5, 7, 6, 5, 5, 8, 7, 5, 6], [5, 9, 6, 8, 7, 7, 6, 7, 9, 7], [8, 7, 6, 7, 8, 6, 9, 9, 5, 7], [5, 9, 6, 9, 7, 5, 9, 7, 9, 5], [9, 6, 7, 5, 6, 8, 5, 7, 5, 9], [9, 9, 6, 6, 9, 5, 7, 6, 7, 6], [7, 5, 8, 7, 6, 5, 7, 5, 8, 5], [8, 8, 5, 9, 6, 5, 6, 7, 7, 6], [9, 7, 6, 9, 8, 5, 6, 9, 5, 9], [8, 6, 6, 9, 7, 5, 9, 5, 7, 5], [5, 9, 8, 7, 7, 7, 6, 6, 9, 7], [6, 5, 8, 7, 8, 6, 7, 7, 8, 6], [9, 7, 6, 7, 8, 9, 5, 7, 8, 5]]
Demand for each product in each period d: 
[[40, 0, 47, 28, 39, 22, 37, 26, 45, 21], [32, 41, 13, 36, 34, 28, 45, 44, 32, 40], [29, 20, 46, 39, 33, 16, 24, 27, 43, 29], [22, 37, 7, 0, 1, 20, 19, 25, 2, 3], [20, 25, 0, 0, 49, 37, 0, 37, 26, 2], [15, 21, 34, 27, 34, 47, 30, 18, 14, 11], [29, 19, 8, 28, 47, 26, 6, 36, 12, 20], [45, 35, 31, 5, 16, 8, 49, 26, 16, 7], [17, 32, 42, 25, 17, 36, 40, 0, 3, 22], [23, 37, 48, 37, 32, 24, 0, 5, 3, 48], [24, 34, 31, 17, 2, 18, 12, 22, 14, 5], [8, 30, 42, 47, 4, 14, 19, 39, 2, 28], [33, 8, 0, 14, 42, 24, 4, 23, 47, 11], [40, 25, 29, 3, 28, 10, 0, 7, 29, 0], [2, 47, 0, 12, 3, 47, 19, 24, 36, 15], [41, 18, 36, 18, 43, 28, 18, 43, 15, 27], [4, 20, 0, 43, 45, 30, 13, 7, 3, 10], [25, 0, 3, 11, 16, 17, 21, 48, 16, 26], [24, 3, 0, 24, 49, 4, 42, 48, 8, 29], [25, 8, 9, 19, 33, 32, 21, 43, 8, 0]]
Maintenance cost in each period m: 
[4357, 2953, 2529, 5170, 2179, 2585, 3524, 3940, 4657, 1825]
Maximum capacity of the machine cmax: 
840