Set of periods in the planning horizon T: 
25
Set of products P: 
25
Capacity reduction coefficient alpha: 
0.8
Relative decrease of capacity per set up gamma: 
0.33
Capacity reduction coefficient due to product types beta: 
[0.28, 0.22, 0.23, 0.39, 0.37, 0.21, 0.37, 0.3, 0.24, 0.28, 0.36, 0.31, 0.34, 0.36, 0.36, 0.36, 0.39, 0.39, 0.33, 0.28, 0.24, 0.37, 0.22, 0.31, 0.3]
Fixed production cost of each product in each period f: 
[[818, 940, 868, 861, 972, 847, 743, 998, 604, 789, 887, 661, 902, 846, 548, 998, 505, 592, 841, 659, 758, 729, 598, 935, 784], [913, 576, 522, 802, 764, 687, 730, 868, 898, 857, 868, 649, 774, 578, 531, 580, 741, 554, 528, 690, 556, 596, 658, 735, 657], [834, 842, 796, 904, 622, 856, 614, 744, 806, 740, 513, 639, 508, 776, 874, 971, 917, 847, 860, 504, 710, 851, 914, 977, 949], [948, 802, 965, 702, 643, 527, 798, 817, 909, 526, 646, 512, 802, 949, 798, 995, 919, 950, 685, 606, 906, 526, 569, 894, 766], [827, 798, 564, 605, 863, 732, 577, 508, 966, 717, 665, 889, 634, 695, 683, 823, 601, 811, 505, 603, 528, 928, 800, 532, 583], [537, 832, 625, 853, 924, 684, 569, 656, 526, 940, 829, 507, 564, 853, 673, 637, 974, 923, 638, 804, 763, 601, 665, 533, 565], [512, 661, 776, 683, 802, 835, 906, 877, 874, 773, 644, 804, 721, 941, 945, 767, 740, 931, 679, 987, 882, 720, 610, 517, 637], [970, 948, 553, 629, 527, 618, 649, 853, 933, 521, 505, 796, 808, 944, 544, 761, 861, 834, 787, 960, 720, 686, 638, 698, 841], [973, 552, 786, 962, 526, 954, 936, 908, 651, 882, 765, 940, 502, 669, 926, 725, 507, 825, 896, 682, 519, 785, 785, 777, 717], [987, 646, 901, 947, 611, 918, 977, 531, 516, 920, 680, 588, 639, 681, 722, 679, 957, 801, 762, 756, 617, 642, 905, 671, 725], [790, 931, 762, 796, 809, 574, 511, 948, 566, 764, 859, 736, 822, 514, 742, 916, 878, 544, 850, 560, 792, 729, 939, 612, 944], [591, 796, 980, 943, 894, 507, 991, 849, 749, 549, 930, 624, 814, 703, 806, 720, 867, 953, 720, 639, 795, 575, 783, 780, 523], [627, 557, 802, 665, 607, 815, 994, 646, 975, 657, 837, 610, 785, 600, 842, 987, 562, 775, 726, 957, 844, 585, 846, 660, 676], [959, 944, 985, 604, 632, 635, 565, 924, 920, 675, 680, 970, 730, 994, 537, 595, 705, 753, 548, 823, 804, 865, 596, 891, 637], [729, 862, 911, 682, 634, 609, 522, 879, 903, 550, 521, 549, 697, 977, 678, 896, 733, 832, 607, 707, 789, 881, 994, 529, 830], [993, 960, 780, 816, 937, 889, 677, 512, 512, 879, 509, 996, 549, 856, 581, 920, 777, 512, 923, 893, 950, 508, 958, 882, 926], [920, 796, 537, 639, 530, 507, 644, 505, 667, 720, 769, 934, 817, 632, 887, 871, 892, 733, 631, 639, 615, 668, 783, 572, 831], [623, 916, 913, 753, 516, 721, 992, 540, 643, 975, 725, 654, 726, 503, 743, 739, 775, 711, 669, 834, 729, 600, 868, 875, 975], [963, 537, 667, 793, 536, 705, 537, 919, 835, 925, 780, 542, 857, 695, 543, 732, 556, 657, 590, 899, 801, 576, 600, 774, 972], [944, 665, 960, 592, 549, 956, 966, 542, 845, 743, 772, 620, 995, 997, 991, 641, 754, 796, 938, 618, 705, 574, 829, 932, 673], [989, 940, 704, 827, 643, 907, 997, 542, 743, 503, 510, 826, 856, 930, 622, 651, 923, 616, 618, 537, 728, 513, 746, 763, 536], [743, 596, 998, 713, 825, 765, 863, 946, 625, 771, 912, 914, 875, 677, 707, 700, 679, 760, 650, 757, 590, 564, 558, 693, 861], [737, 799, 934, 548, 686, 764, 715, 598, 989, 501, 542, 686, 978, 610, 507, 782, 731, 924, 722, 830, 975, 916, 890, 626, 660], [661, 669, 827, 618, 552, 699, 896, 600, 861, 660, 598, 538, 597, 585, 942, 551, 670, 938, 633, 762, 803, 886, 933, 970, 908], [579, 593, 709, 800, 650, 513, 569, 552, 816, 966, 940, 732, 678, 999, 834, 537, 756, 535, 983, 750, 705, 922, 664, 847, 616]]
Variable production cost per unit of each product in each period p: 
[[13, 10, 12, 12, 10, 13, 13, 11, 11, 13, 11, 13, 10, 12, 13, 11, 10, 13, 12, 13, 10, 12, 13, 11, 10], [10, 12, 13, 13, 13, 12, 13, 13, 10, 11, 11, 13, 12, 11, 12, 12, 13, 11, 13, 13, 10, 13, 10, 13, 13], [11, 12, 11, 11, 12, 11, 10, 12, 11, 11, 10, 12, 10, 11, 10, 11, 13, 11, 13, 12, 10, 12, 13, 10, 10], [10, 13, 10, 11, 10, 10, 13, 12, 10, 10, 12, 12, 10, 10, 12, 11, 11, 11, 12, 13, 13, 11, 11, 13, 10], [10, 11, 10, 12, 13, 12, 11, 12, 13, 11, 11, 10, 12, 11, 10, 13, 13, 13, 12, 12, 13, 13, 13, 13, 12], [13, 11, 11, 13, 13, 13, 12, 13, 11, 12, 13, 11, 10, 10, 13, 10, 10, 11, 13, 12, 10, 12, 13, 10, 13], [12, 12, 12, 12, 13, 10, 13, 11, 10, 12, 11, 13, 13, 10, 13, 12, 12, 13, 12, 10, 13, 11, 11, 10, 13], [10, 10, 11, 10, 11, 11, 13, 11, 10, 11, 13, 10, 12, 13, 11, 11, 12, 12, 12, 10, 12, 12, 12, 12, 13], [10, 13, 10, 11, 13, 10, 11, 11, 13, 13, 13, 12, 12, 12, 10, 11, 10, 11, 10, 12, 10, 11, 12, 11, 10], [11, 10, 13, 11, 12, 11, 12, 11, 10, 11, 10, 12, 12, 13, 10, 13, 11, 11, 13, 13, 10, 12, 12, 10, 13], [12, 11, 10, 13, 10, 10, 13, 10, 10, 13, 12, 13, 12, 12, 12, 10, 10, 12, 11, 11, 13, 11, 10, 12, 13], [10, 13, 10, 12, 13, 13, 11, 10, 10, 10, 10, 13, 11, 11, 12, 13, 11, 13, 10, 13, 11, 13, 11, 13, 13], [10, 12, 10, 12, 13, 13, 10, 13, 13, 12, 10, 10, 10, 11, 11, 12, 12, 10, 11, 10, 11, 10, 11, 10, 11], [12, 13, 12, 13, 11, 10, 10, 13, 10, 11, 11, 13, 11, 13, 10, 13, 12, 11, 12, 13, 12, 10, 12, 11, 13], [10, 13, 11, 12, 11, 10, 12, 12, 12, 10, 10, 13, 10, 10, 12, 10, 12, 10, 12, 12, 10, 13, 12, 10, 12], [13, 12, 10, 11, 12, 11, 13, 11, 12, 10, 12, 10, 11, 10, 11, 10, 13, 12, 13, 11, 11, 13, 13, 10, 10], [12, 12, 13, 11, 12, 13, 10, 10, 10, 10, 12, 13, 11, 12, 12, 11, 11, 13, 12, 10, 10, 11, 13, 10, 13], [11, 10, 10, 12, 12, 12, 13, 10, 12, 13, 10, 10, 11, 10, 10, 10, 10, 11, 13, 10, 11, 10, 13, 13, 10], [11, 12, 11, 13, 13, 13, 11, 10, 13, 13, 10, 10, 11, 12, 11, 13, 10, 10, 12, 11, 10, 13, 12, 11, 12], [11, 13, 12, 12, 13, 11, 12, 12, 10, 11, 12, 10, 13, 12, 13, 12, 12, 12, 10, 12, 11, 11, 13, 12, 10], [10, 12, 10, 13, 13, 13, 13, 12, 12, 11, 12, 10, 11, 10, 10, 10, 10, 10, 13, 11, 13, 13, 10, 13, 10], [13, 13, 11, 10, 13, 11, 12, 12, 12, 13, 11, 12, 11, 13, 11, 11, 11, 11, 12, 11, 12, 10, 10, 10, 12], [13, 11, 11, 10, 12, 10, 12, 11, 10, 13, 11, 12, 11, 10, 10, 12, 13, 12, 12, 10, 12, 13, 11, 13, 13], [10, 13, 11, 11, 10, 13, 12, 11, 13, 13, 10, 10, 10, 13, 11, 11, 13, 10, 10, 11, 13, 12, 13, 11, 13], [10, 12, 10, 12, 10, 11, 11, 12, 11, 11, 10, 10, 10, 10, 12, 13, 10, 11, 13, 13, 11, 10, 10, 13, 13]]
Inventory holding cost per unit of each product by the end of each period h: 
[[8, 6, 9, 8, 8, 9, 5, 5, 8, 9, 9, 8, 7, 5, 8, 7, 8, 8, 7, 6, 9, 9, 9, 9, 9], [6, 6, 9, 7, 6, 5, 7, 8, 5, 9, 9, 7, 7, 6, 9, 5, 9, 9, 6, 8, 6, 9, 6, 5, 5], [5, 5, 8, 7, 7, 6, 8, 8, 5, 8, 8, 7, 5, 7, 8, 7, 8, 6, 6, 8, 8, 8, 8, 6, 8], [5, 7, 9, 8, 9, 5, 7, 7, 8, 8, 9, 7, 9, 6, 6, 8, 9, 8, 8, 7, 9, 7, 6, 5, 8], [6, 9, 9, 6, 8, 7, 5, 9, 9, 5, 6, 6, 6, 5, 9, 7, 8, 5, 8, 7, 8, 6, 6, 5, 9], [8, 6, 8, 7, 7, 7, 8, 5, 7, 5, 5, 9, 9, 7, 8, 6, 7, 8, 5, 9, 7, 9, 8, 6, 5], [9, 5, 7, 7, 7, 7, 8, 6, 6, 9, 6, 5, 8, 9, 7, 6, 9, 9, 8, 8, 7, 5, 8, 5, 6], [6, 9, 8, 8, 7, 6, 7, 7, 8, 7, 8, 5, 6, 5, 6, 9, 9, 6, 8, 7, 8, 9, 9, 6, 6], [8, 8, 7, 7, 5, 8, 9, 8, 6, 7, 9, 5, 9, 6, 9, 9, 8, 5, 9, 5, 6, 9, 5, 9, 7], [7, 6, 8, 5, 6, 7, 8, 7, 6, 7, 7, 6, 7, 5, 5, 8, 6, 8, 9, 7, 7, 8, 9, 6, 8], [7, 5, 6, 7, 9, 5, 5, 5, 8, 8, 9, 7, 6, 8, 8, 6, 8, 8, 9, 5, 7, 6, 5, 8, 6], [7, 9, 6, 8, 5, 6, 7, 9, 8, 6, 8, 7, 9, 7, 7, 9, 9, 6, 9, 7, 9, 9, 5, 9, 9], [7, 9, 7, 6, 5, 7, 9, 9, 7, 8, 7, 8, 5, 5, 9, 5, 7, 8, 9, 7, 8, 8, 9, 8, 8], [5, 7, 6, 7, 6, 7, 8, 5, 6, 8, 5, 5, 5, 6, 8, 9, 8, 9, 7, 7, 8, 5, 5, 7, 6], [8, 6, 9, 5, 9, 6, 9, 5, 7, 9, 5, 8, 8, 6, 9, 9, 8, 7, 6, 5, 9, 6, 9, 9, 7], [5, 9, 8, 6, 5, 8, 5, 5, 7, 5, 6, 7, 5, 8, 7, 5, 9, 8, 8, 5, 6, 6, 9, 9, 6], [7, 7, 6, 5, 8, 6, 8, 6, 9, 7, 6, 6, 5, 5, 8, 5, 7, 8, 6, 5, 5, 5, 9, 6, 6], [9, 8, 8, 8, 9, 6, 6, 9, 5, 6, 7, 7, 6, 6, 7, 7, 9, 5, 9, 5, 9, 8, 7, 5, 8], [5, 6, 5, 8, 7, 7, 5, 6, 9, 8, 6, 7, 9, 5, 9, 7, 6, 9, 9, 5, 5, 5, 7, 5, 8], [8, 7, 8, 9, 8, 7, 8, 8, 7, 8, 8, 6, 5, 8, 6, 6, 8, 7, 7, 7, 9, 9, 9, 9, 9], [8, 9, 8, 6, 7, 8, 8, 5, 7, 9, 6, 9, 7, 5, 6, 5, 9, 9, 5, 8, 8, 6, 9, 7, 8], [6, 8, 8, 9, 5, 6, 5, 8, 5, 7, 5, 5, 8, 8, 8, 7, 8, 5, 8, 5, 7, 9, 6, 9, 8], [6, 6, 9, 5, 6, 6, 9, 5, 9, 8, 7, 9, 6, 8, 5, 7, 8, 8, 7, 5, 7, 6, 9, 6, 6], [9, 8, 9, 7, 6, 7, 7, 5, 9, 5, 6, 6, 9, 8, 6, 9, 6, 8, 9, 7, 5, 7, 8, 7, 9], [7, 6, 8, 8, 9, 5, 7, 9, 9, 6, 8, 8, 7, 8, 7, 5, 9, 8, 7, 8, 8, 9, 8, 6, 5]]
Demand for each product in each period d: 
[[32, 0, 26, 19, 9, 26, 45, 7, 5, 26, 41, 7, 17, 9, 14, 3, 6, 2, 24, 0, 1, 40, 2, 28, 0], [25, 27, 30, 21, 20, 6, 29, 17, 44, 9, 32, 39, 7, 44, 8, 40, 46, 0, 12, 26, 2, 17, 1, 10, 46], [12, 23, 14, 18, 3, 38, 11, 30, 27, 48, 12, 37, 25, 21, 15, 36, 24, 20, 19, 35, 23, 12, 0, 37, 16], [43, 41, 35, 36, 40, 14, 44, 45, 10, 5, 31, 11, 28, 16, 33, 29, 35, 5, 11, 12, 15, 11, 4, 45, 26], [3, 40, 0, 29, 36, 3, 3, 35, 0, 22, 13, 23, 3, 13, 0, 0, 47, 20, 16, 32, 32, 25, 41, 32, 48], [6, 7, 14, 49, 35, 9, 45, 47, 0, 14, 31, 12, 48, 2, 2, 49, 41, 21, 28, 37, 2, 0, 23, 38, 12], [32, 39, 25, 0, 44, 34, 44, 48, 34, 31, 22, 34, 6, 27, 14, 1, 29, 41, 46, 29, 44, 4, 5, 46, 49], [14, 34, 49, 28, 41, 41, 47, 1, 46, 32, 48, 26, 18, 38, 28, 30, 35, 6, 18, 18, 5, 42, 48, 0, 7], [3, 37, 4, 10, 8, 17, 24, 34, 20, 3, 30, 48, 8, 29, 23, 14, 11, 46, 12, 25, 34, 17, 26, 31, 35], [16, 35, 6, 14, 26, 46, 13, 44, 8, 29, 41, 41, 41, 19, 4, 3, 45, 34, 20, 33, 42, 6, 39, 16, 11], [42, 38, 12, 14, 13, 12, 9, 28, 23, 29, 0, 48, 13, 10, 30, 13, 42, 7, 34, 26, 28, 16, 32, 19, 39], [3, 0, 9, 25, 26, 48, 25, 0, 0, 26, 0, 43, 20, 23, 31, 21, 31, 42, 42, 44, 0, 18, 8, 0, 30], [44, 32, 34, 44, 42, 22, 39, 35, 28, 45, 1, 48, 10, 9, 0, 26, 23, 32, 48, 0, 40, 24, 27, 14, 40], [6, 42, 49, 29, 16, 22, 2, 49, 5, 40, 22, 15, 6, 25, 49, 13, 25, 1, 27, 14, 0, 4, 49, 13, 37], [12, 40, 47, 9, 48, 22, 31, 30, 45, 29, 6, 43, 18, 33, 44, 3, 22, 13, 28, 28, 48, 44, 32, 13, 20], [20, 35, 12, 33, 34, 41, 14, 19, 0, 17, 24, 47, 14, 26, 3, 19, 30, 47, 47, 46, 16, 37, 12, 18, 29], [13, 41, 0, 30, 38, 27, 25, 21, 6, 33, 48, 27, 11, 37, 14, 4, 11, 0, 5, 41, 23, 44, 35, 3, 49], [39, 13, 28, 31, 44, 0, 0, 20, 28, 22, 11, 6, 41, 19, 23, 19, 41, 30, 26, 15, 33, 6, 15, 44, 36], [45, 17, 40, 0, 39, 22, 30, 19, 10, 26, 1, 28, 30, 44, 0, 9, 8, 17, 6, 13, 31, 16, 2, 0, 4], [22, 47, 10, 36, 42, 3, 32, 33, 45, 2, 2, 48, 9, 0, 33, 21, 33, 19, 20, 48, 0, 27, 1, 43, 27], [12, 20, 39, 42, 39, 49, 24, 26, 40, 37, 39, 4, 2, 48, 35, 45, 47, 15, 36, 27, 1, 36, 42, 38, 20], [24, 31, 42, 26, 31, 0, 33, 45, 11, 17, 14, 29, 28, 8, 8, 3, 22, 2, 47, 4, 10, 16, 1, 2, 29], [9, 12, 47, 35, 31, 32, 15, 26, 44, 24, 46, 11, 30, 42, 26, 48, 31, 13, 36, 3, 7, 13, 40, 31, 18], [3, 15, 18, 42, 41, 0, 37, 37, 0, 3, 9, 12, 18, 30, 32, 9, 17, 38, 22, 41, 2, 24, 19, 6, 15], [33, 26, 17, 37, 9, 1, 28, 31, 38, 33, 33, 32, 5, 8, 14, 18, 5, 31, 37, 45, 6, 40, 21, 33, 41]]
Maintenance cost in each period m: 
[5655, 4811, 3249, 2936, 6471, 4944, 5029, 4712, 5761, 6866, 4503, 6679, 4640, 4881, 4777, 6544, 3955, 4029, 6030, 3362, 3129, 4564, 3132, 5920, 3580]
Maximum capacity of the machine cmax: 
1050