Set of periods in the planning horizon T: 
35
Set of products P: 
50
Capacity reduction coefficient alpha: 
0.8
Relative decrease of capacity per set up gamma: 
0.36
Capacity reduction coefficient due to product types beta: 
[0.35, 0.36, 0.38, 0.37, 0.31, 0.39, 0.21, 0.25, 0.32, 0.26, 0.39, 0.23, 0.31, 0.33, 0.3, 0.25, 0.33, 0.3, 0.4, 0.39, 0.33, 0.28, 0.31, 0.22, 0.23, 0.29, 0.22, 0.3, 0.28, 0.3, 0.3, 0.33, 0.23, 0.25, 0.35, 0.22, 0.29, 0.23, 0.35, 0.25, 0.35, 0.25, 0.39, 0.39, 0.38, 0.22, 0.33, 0.21, 0.38, 0.24]
Fixed production cost of each product in each period f: 
[[733, 537, 646, 659, 954, 702, 642, 740, 751, 540, 675, 504, 583, 574, 590, 619, 772, 648, 991, 889, 503, 632, 514, 518, 535, 896, 500, 607, 759, 795, 718, 841, 765, 675, 595], [558, 619, 940, 578, 775, 626, 605, 527, 810, 746, 546, 605, 815, 759, 636, 755, 903, 922, 797, 786, 867, 717, 528, 783, 603, 919, 936, 656, 994, 631, 892, 881, 743, 915, 528], [536, 712, 610, 845, 514, 823, 895, 703, 783, 961, 901, 717, 603, 625, 847, 757, 632, 706, 891, 961, 878, 975, 545, 682, 839, 761, 980, 893, 641, 820, 886, 740, 744, 774, 586], [513, 909, 689, 832, 842, 944, 699, 796, 711, 934, 856, 640, 801, 501, 868, 878, 847, 638, 622, 507, 715, 812, 953, 888, 914, 761, 875, 535, 910, 864, 677, 612, 912, 760, 660], [804, 765, 781, 672, 530, 968, 959, 544, 840, 790, 557, 780, 660, 578, 674, 744, 505, 921, 708, 853, 738, 958, 636, 809, 556, 891, 968, 683, 762, 865, 630, 526, 983, 935, 972], [573, 955, 939, 863, 762, 563, 920, 970, 750, 507, 605, 538, 675, 673, 908, 951, 619, 983, 894, 924, 779, 753, 752, 522, 656, 753, 886, 690, 632, 880, 507, 921, 664, 622, 660], [985, 841, 755, 601, 615, 883, 774, 798, 745, 932, 604, 550, 758, 702, 651, 794, 745, 743, 881, 500, 550, 801, 818, 666, 642, 534, 685, 564, 638, 930, 941, 966, 952, 777, 602], [855, 803, 530, 530, 533, 577, 827, 998, 954, 756, 849, 963, 764, 982, 976, 937, 777, 525, 801, 755, 800, 593, 804, 906, 879, 691, 560, 726, 665, 813, 633, 910, 713, 971, 706], [856, 720, 920, 669, 886, 553, 809, 514, 858, 636, 938, 615, 606, 918, 990, 879, 732, 691, 930, 771, 695, 566, 925, 698, 614, 722, 981, 827, 644, 735, 554, 765, 776, 934, 519], [633, 792, 774, 667, 718, 635, 567, 684, 766, 839, 872, 704, 826, 878, 691, 801, 524, 747, 945, 668, 996, 513, 775, 989, 995, 785, 525, 672, 961, 899, 592, 680, 764, 928, 768], [554, 811, 667, 704, 728, 850, 950, 645, 856, 773, 730, 563, 907, 556, 634, 973, 948, 968, 953, 887, 837, 795, 647, 686, 693, 817, 706, 732, 835, 510, 645, 995, 878, 986, 760], [864, 767, 891, 954, 688, 674, 574, 798, 647, 524, 916, 579, 854, 855, 670, 901, 529, 758, 728, 502, 934, 875, 792, 893, 853, 554, 928, 707, 868, 777, 608, 873, 555, 600, 828], [832, 664, 944, 915, 990, 858, 979, 519, 582, 646, 728, 667, 816, 653, 957, 529, 885, 931, 634, 577, 765, 924, 551, 895, 567, 509, 748, 850, 920, 971, 540, 896, 586, 687, 874], [938, 838, 921, 753, 591, 884, 557, 677, 800, 503, 970, 821, 948, 690, 583, 800, 984, 895, 894, 557, 768, 567, 713, 665, 682, 755, 628, 735, 738, 869, 886, 561, 566, 918, 545], [754, 846, 722, 877, 954, 680, 733, 582, 987, 898, 587, 950, 640, 943, 989, 885, 523, 951, 933, 746, 892, 761, 701, 892, 761, 795, 654, 659, 934, 847, 554, 826, 683, 606, 700], [591, 998, 577, 720, 585, 541, 913, 879, 886, 834, 761, 589, 947, 719, 664, 920, 958, 976, 896, 707, 724, 545, 877, 695, 807, 599, 587, 851, 855, 639, 784, 655, 585, 636, 858], [604, 906, 666, 536, 774, 921, 865, 961, 691, 621, 687, 643, 540, 894, 847, 560, 669, 597, 870, 988, 947, 848, 844, 717, 684, 541, 908, 788, 807, 768, 658, 714, 653, 783, 861], [918, 826, 943, 578, 839, 831, 908, 657, 863, 721, 977, 723, 646, 778, 664, 618, 551, 949, 655, 610, 615, 605, 967, 616, 866, 730, 921, 717, 527, 819, 831, 901, 709, 517, 505], [618, 550, 673, 605, 626, 876, 763, 964, 506, 655, 605, 658, 861, 581, 615, 867, 594, 574, 528, 551, 924, 792, 615, 892, 832, 670, 935, 526, 610, 868, 527, 633, 759, 968, 633], [613, 797, 763, 975, 754, 649, 540, 963, 586, 910, 502, 710, 662, 792, 713, 621, 921, 583, 752, 836, 651, 813, 734, 863, 556, 817, 890, 745, 628, 824, 982, 738, 916, 846, 618], [917, 926, 532, 706, 840, 522, 752, 941, 783, 879, 663, 758, 866, 557, 988, 888, 912, 691, 678, 602, 646, 773, 546, 506, 921, 938, 521, 619, 930, 722, 895, 544, 895, 517, 711], [901, 973, 552, 874, 978, 808, 728, 814, 592, 975, 814, 954, 775, 808, 562, 646, 950, 807, 974, 938, 954, 583, 618, 736, 915, 939, 722, 965, 531, 593, 900, 980, 893, 816, 870], [983, 815, 741, 910, 670, 586, 700, 620, 515, 708, 818, 654, 560, 986, 924, 892, 663, 733, 595, 783, 650, 568, 662, 585, 823, 626, 661, 597, 752, 882, 674, 930, 927, 732, 658], [527, 687, 578, 876, 801, 990, 829, 525, 608, 709, 532, 808, 501, 973, 717, 933, 996, 792, 575, 902, 513, 558, 546, 581, 532, 598, 972, 857, 867, 757, 956, 931, 941, 524, 984], [893, 958, 647, 917, 789, 942, 531, 942, 643, 826, 814, 625, 521, 557, 550, 852, 932, 823, 959, 978, 998, 702, 627, 771, 721, 560, 696, 651, 547, 625, 693, 964, 785, 700, 681], [508, 966, 778, 761, 618, 625, 603, 515, 817, 582, 984, 852, 911, 980, 628, 676, 812, 785, 997, 687, 519, 719, 867, 768, 836, 504, 666, 688, 517, 516, 525, 594, 662, 671, 897], [737, 643, 800, 595, 781, 940, 967, 937, 820, 801, 714, 641, 857, 736, 628, 705, 513, 597, 879, 798, 550, 711, 784, 812, 780, 525, 879, 749, 850, 833, 730, 928, 532, 779, 926], [878, 822, 875, 947, 679, 806, 938, 665, 862, 701, 626, 869, 704, 538, 800, 938, 657, 692, 731, 570, 772, 922, 951, 741, 849, 936, 519, 938, 896, 978, 622, 822, 594, 613, 915], [839, 954, 910, 687, 928, 553, 656, 874, 949, 780, 867, 884, 816, 551, 837, 572, 996, 589, 659, 628, 531, 930, 573, 511, 902, 697, 799, 633, 869, 589, 707, 600, 738, 773, 827], [906, 524, 514, 637, 621, 904, 754, 715, 999, 510, 950, 564, 783, 541, 723, 850, 739, 741, 694, 854, 793, 575, 641, 890, 947, 687, 637, 959, 652, 800, 547, 891, 647, 834, 614], [781, 939, 648, 915, 898, 803, 682, 870, 855, 986, 970, 527, 972, 889, 838, 541, 981, 969, 504, 683, 846, 552, 594, 722, 872, 513, 733, 906, 783, 571, 724, 507, 992, 959, 674], [638, 822, 836, 681, 730, 637, 605, 506, 788, 642, 740, 582, 609, 636, 783, 839, 940, 836, 526, 710, 729, 518, 500, 549, 721, 823, 747, 695, 525, 625, 670, 728, 744, 998, 612], [515, 505, 947, 631, 508, 929, 584, 766, 942, 736, 913, 570, 521, 666, 701, 840, 502, 974, 621, 981, 940, 710, 523, 738, 776, 614, 628, 714, 553, 688, 705, 787, 571, 865, 743], [778, 565, 723, 981, 770, 838, 594, 811, 766, 619, 694, 833, 763, 668, 685, 700, 914, 825, 514, 868, 548, 686, 631, 677, 997, 833, 587, 700, 832, 912, 559, 607, 881, 973, 796], [542, 705, 625, 867, 549, 806, 543, 576, 543, 533, 506, 817, 724, 561, 573, 766, 592, 675, 676, 559, 568, 714, 839, 642, 952, 686, 786, 798, 877, 938, 991, 514, 734, 947, 610], [917, 829, 704, 877, 541, 737, 528, 738, 717, 801, 840, 720, 869, 582, 803, 675, 839, 676, 996, 966, 782, 950, 908, 513, 601, 811, 891, 548, 537, 925, 998, 615, 960, 660, 827], [936, 702, 718, 899, 805, 522, 503, 868, 730, 569, 727, 981, 545, 782, 835, 762, 755, 574, 914, 585, 758, 973, 928, 570, 968, 901, 916, 798, 922, 988, 596, 816, 879, 644, 976], [696, 977, 925, 842, 688, 931, 898, 704, 957, 830, 699, 502, 848, 671, 617, 556, 734, 505, 664, 997, 561, 682, 677, 871, 774, 948, 561, 722, 708, 555, 999, 549, 792, 802, 843], [994, 824, 651, 901, 965, 581, 724, 731, 704, 704, 587, 955, 745, 719, 980, 590, 834, 514, 818, 558, 661, 562, 982, 636, 835, 770, 797, 863, 970, 729, 508, 584, 546, 885, 948], [819, 534, 775, 853, 778, 545, 798, 824, 729, 790, 533, 899, 822, 677, 881, 697, 658, 933, 932, 826, 618, 576, 643, 561, 755, 767, 771, 937, 619, 810, 881, 890, 614, 690, 524], [965, 813, 552, 716, 912, 958, 824, 823, 516, 963, 611, 601, 925, 990, 577, 910, 808, 617, 803, 944, 767, 844, 785, 775, 852, 540, 855, 829, 745, 659, 799, 759, 710, 861, 653], [648, 833, 545, 618, 842, 683, 948, 924, 976, 857, 969, 794, 967, 974, 732, 888, 986, 896, 784, 827, 987, 761, 727, 524, 884, 928, 639, 791, 842, 957, 953, 807, 613, 680, 726], [641, 502, 954, 786, 799, 561, 881, 642, 892, 805, 595, 822, 538, 834, 526, 550, 592, 705, 620, 613, 572, 987, 703, 799, 779, 605, 811, 599, 727, 866, 979, 608, 724, 854, 641], [632, 824, 669, 663, 834, 698, 808, 508, 673, 916, 811, 974, 877, 932, 682, 847, 744, 541, 860, 942, 617, 953, 631, 512, 792, 521, 981, 933, 613, 686, 550, 627, 905, 757, 632], [825, 752, 555, 995, 557, 595, 636, 853, 898, 557, 780, 769, 864, 698, 802, 900, 793, 976, 776, 974, 800, 705, 596, 764, 609, 626, 721, 728, 921, 745, 913, 594, 602, 975, 509], [743, 656, 585, 782, 602, 896, 782, 970, 609, 722, 518, 639, 796, 595, 533, 867, 539, 754, 605, 690, 866, 586, 810, 737, 994, 954, 714, 614, 878, 897, 867, 507, 700, 654, 519], [975, 845, 512, 794, 998, 681, 769, 874, 576, 742, 928, 815, 547, 733, 809, 626, 830, 555, 832, 701, 892, 719, 757, 995, 982, 940, 629, 515, 815, 616, 651, 505, 924, 965, 881], [550, 675, 911, 690, 514, 981, 610, 890, 777, 781, 717, 532, 757, 821, 858, 875, 646, 780, 719, 945, 945, 599, 939, 985, 680, 876, 948, 580, 932, 965, 717, 637, 831, 913, 601], [773, 917, 910, 834, 934, 865, 505, 911, 904, 693, 939, 949, 655, 939, 714, 869, 958, 948, 864, 699, 627, 724, 739, 572, 725, 547, 959, 990, 887, 783, 782, 726, 569, 561, 708], [685, 699, 944, 971, 854, 887, 866, 544, 852, 597, 588, 888, 512, 764, 908, 793, 976, 954, 656, 875, 632, 855, 534, 728, 932, 577, 877, 968, 697, 788, 790, 991, 730, 596, 685]]
Variable production cost per unit of each product in each period p: 
[[10, 12, 13, 11, 11, 10, 13, 12, 13, 11, 10, 11, 11, 11, 13, 10, 12, 13, 12, 12, 10, 10, 12, 10, 12, 11, 12, 11, 13, 12, 11, 11, 11, 12, 13], [11, 10, 13, 13, 11, 10, 12, 13, 12, 13, 11, 10, 10, 10, 13, 13, 13, 12, 13, 11, 10, 12, 12, 13, 13, 11, 13, 10, 10, 13, 11, 10, 10, 13, 11], [11, 10, 11, 10, 11, 10, 13, 13, 13, 13, 10, 12, 11, 12, 13, 12, 13, 11, 13, 11, 13, 12, 10, 12, 13, 10, 10, 11, 11, 10, 12, 10, 10, 11, 12], [13, 12, 12, 12, 11, 11, 11, 11, 10, 12, 10, 10, 11, 12, 12, 11, 13, 10, 10, 11, 13, 12, 13, 13, 10, 10, 12, 12, 13, 10, 10, 11, 10, 10, 12], [12, 11, 11, 10, 10, 10, 11, 11, 10, 13, 10, 12, 12, 10, 12, 11, 13, 11, 10, 12, 10, 10, 10, 10, 10, 10, 11, 10, 10, 11, 12, 11, 12, 10, 13], [10, 11, 10, 10, 13, 13, 13, 11, 10, 12, 13, 10, 11, 12, 10, 10, 12, 12, 11, 10, 10, 13, 13, 11, 10, 12, 10, 13, 11, 11, 10, 13, 12, 13, 11], [13, 10, 13, 10, 12, 10, 12, 12, 11, 13, 12, 11, 10, 10, 12, 11, 12, 11, 13, 13, 13, 10, 11, 11, 12, 12, 10, 13, 13, 10, 11, 12, 10, 11, 13], [10, 11, 11, 10, 13, 13, 10, 10, 12, 11, 12, 11, 11, 11, 10, 13, 10, 12, 12, 11, 10, 12, 10, 11, 12, 13, 13, 12, 13, 12, 12, 12, 13, 10, 12], [11, 12, 10, 13, 11, 10, 13, 10, 12, 12, 13, 13, 13, 13, 13, 10, 10, 12, 10, 12, 10, 13, 10, 13, 12, 11, 12, 11, 10, 10, 11, 10, 13, 12, 13], [10, 11, 12, 10, 12, 12, 11, 11, 13, 12, 12, 12, 11, 13, 12, 12, 10, 10, 12, 12, 10, 11, 11, 12, 13, 12, 10, 13, 11, 11, 11, 10, 11, 11, 13], [11, 10, 12, 10, 13, 10, 10, 12, 13, 11, 11, 11, 13, 11, 11, 12, 11, 13, 13, 13, 11, 11, 10, 12, 11, 13, 11, 12, 12, 10, 10, 11, 13, 12, 13], [10, 10, 13, 11, 11, 13, 12, 10, 11, 10, 11, 13, 12, 10, 10, 13, 11, 12, 13, 11, 11, 11, 13, 12, 12, 11, 11, 11, 13, 13, 12, 13, 11, 13, 10], [10, 10, 12, 10, 13, 12, 10, 11, 10, 12, 10, 10, 12, 12, 12, 11, 12, 10, 13, 11, 13, 13, 12, 12, 12, 11, 11, 13, 11, 13, 10, 11, 11, 10, 13], [11, 12, 12, 10, 13, 12, 13, 12, 13, 13, 11, 10, 12, 11, 13, 12, 11, 10, 13, 12, 11, 10, 10, 13, 10, 10, 12, 10, 13, 11, 12, 12, 11, 13, 11], [10, 12, 12, 12, 11, 13, 13, 12, 10, 13, 10, 12, 11, 12, 13, 10, 13, 10, 13, 13, 11, 13, 11, 13, 11, 12, 13, 13, 12, 12, 13, 11, 11, 13, 12], [10, 11, 13, 11, 10, 10, 11, 12, 11, 12, 11, 10, 12, 13, 12, 11, 10, 10, 11, 13, 11, 10, 12, 11, 12, 10, 13, 13, 13, 10, 11, 11, 10, 13, 11], [10, 12, 13, 13, 13, 11, 10, 13, 10, 13, 12, 12, 13, 11, 12, 10, 10, 11, 11, 11, 12, 13, 13, 12, 10, 12, 11, 12, 13, 11, 11, 13, 13, 10, 10], [12, 13, 12, 10, 11, 11, 12, 11, 13, 11, 11, 13, 13, 13, 11, 11, 10, 13, 11, 11, 13, 10, 11, 13, 13, 11, 13, 10, 12, 11, 10, 12, 10, 13, 10], [10, 10, 10, 11, 12, 11, 11, 10, 13, 11, 11, 11, 10, 11, 11, 12, 11, 10, 12, 10, 10, 11, 10, 13, 13, 10, 12, 10, 10, 13, 10, 13, 11, 11, 11], [13, 13, 11, 10, 11, 11, 10, 12, 11, 10, 13, 11, 13, 11, 12, 10, 13, 11, 12, 10, 11, 12, 10, 11, 12, 12, 10, 11, 12, 12, 11, 13, 12, 11, 12], [13, 10, 11, 13, 11, 10, 11, 13, 10, 13, 13, 13, 11, 10, 12, 12, 12, 10, 10, 10, 12, 13, 11, 10, 12, 10, 13, 13, 12, 13, 10, 10, 13, 10, 13], [10, 13, 10, 11, 10, 12, 13, 11, 11, 12, 12, 11, 10, 13, 10, 10, 12, 10, 10, 13, 11, 11, 12, 11, 10, 11, 13, 10, 12, 10, 10, 10, 13, 10, 11], [10, 12, 11, 11, 11, 11, 10, 13, 11, 13, 10, 13, 11, 10, 10, 10, 11, 12, 13, 12, 12, 11, 12, 11, 12, 11, 10, 10, 13, 13, 12, 13, 11, 13, 13], [11, 13, 11, 12, 12, 12, 11, 10, 12, 13, 12, 13, 10, 13, 13, 13, 13, 13, 12, 13, 11, 13, 11, 11, 13, 11, 12, 12, 10, 13, 11, 10, 12, 11, 10], [11, 10, 11, 10, 12, 13, 11, 11, 12, 13, 10, 12, 13, 12, 11, 13, 12, 10, 12, 11, 13, 12, 13, 11, 11, 12, 13, 12, 10, 13, 12, 13, 10, 12, 13], [11, 11, 10, 13, 13, 12, 13, 10, 11, 13, 11, 10, 10, 10, 11, 12, 12, 12, 12, 13, 10, 10, 10, 11, 13, 13, 12, 13, 13, 12, 13, 12, 12, 11, 10], [13, 11, 12, 13, 10, 10, 12, 12, 10, 13, 13, 11, 12, 13, 11, 12, 12, 12, 13, 11, 12, 10, 11, 13, 12, 13, 11, 13, 11, 13, 13, 12, 11, 10, 10], [10, 12, 13, 10, 11, 11, 10, 12, 11, 12, 11, 12, 12, 13, 11, 10, 13, 11, 12, 13, 11, 11, 11, 10, 11, 10, 11, 10, 12, 11, 10, 12, 12, 11, 11], [12, 11, 12, 12, 11, 11, 12, 12, 11, 11, 12, 11, 12, 12, 10, 12, 10, 13, 10, 12, 11, 13, 10, 13, 12, 12, 12, 13, 11, 13, 11, 11, 12, 13, 11], [10, 12, 12, 11, 10, 12, 11, 10, 11, 10, 13, 12, 12, 11, 13, 12, 12, 13, 13, 13, 11, 13, 11, 11, 12, 11, 13, 13, 11, 12, 11, 10, 12, 11, 12], [10, 11, 13, 13, 13, 10, 12, 13, 11, 11, 11, 11, 11, 10, 12, 11, 13, 13, 10, 11, 13, 13, 12, 12, 12, 12, 10, 10, 10, 10, 12, 10, 12, 12, 12], [13, 11, 10, 12, 10, 13, 12, 13, 11, 11, 13, 11, 10, 10, 11, 12, 12, 11, 12, 12, 12, 11, 12, 12, 13, 11, 13, 10, 13, 10, 10, 11, 13, 11, 10], [11, 10, 13, 13, 10, 12, 13, 10, 10, 11, 12, 13, 10, 12, 12, 13, 12, 13, 12, 13, 10, 13, 10, 12, 12, 10, 12, 12, 13, 10, 11, 12, 11, 10, 12], [10, 12, 13, 10, 13, 10, 11, 11, 11, 12, 11, 12, 10, 12, 10, 11, 13, 13, 10, 13, 12, 10, 10, 13, 13, 12, 13, 12, 13, 12, 13, 12, 10, 11, 13], [13, 11, 11, 12, 10, 13, 11, 12, 10, 12, 10, 12, 12, 11, 12, 10, 12, 10, 11, 13, 12, 13, 13, 10, 11, 12, 13, 12, 12, 10, 10, 10, 13, 11, 11], [11, 12, 11, 12, 12, 12, 12, 10, 10, 11, 12, 12, 12, 11, 10, 12, 10, 11, 11, 12, 11, 10, 10, 11, 11, 12, 11, 11, 13, 13, 10, 10, 10, 13, 11], [10, 13, 13, 11, 10, 11, 11, 10, 11, 13, 11, 11, 10, 10, 12, 10, 13, 12, 11, 10, 13, 10, 13, 12, 13, 13, 13, 13, 12, 12, 10, 12, 13, 12, 12], [10, 11, 11, 10, 10, 11, 12, 13, 13, 11, 11, 13, 12, 13, 10, 13, 10, 13, 11, 10, 10, 10, 11, 11, 12, 12, 10, 10, 13, 13, 11, 11, 13, 13, 11], [10, 11, 11, 12, 13, 11, 10, 13, 13, 13, 13, 11, 12, 11, 13, 13, 10, 13, 13, 12, 12, 13, 10, 11, 12, 10, 10, 11, 13, 12, 12, 12, 10, 10, 13], [10, 12, 10, 10, 11, 11, 12, 12, 11, 11, 12, 13, 11, 12, 13, 10, 12, 11, 10, 13, 13, 12, 13, 11, 12, 11, 10, 10, 10, 13, 10, 10, 10, 10, 12], [10, 13, 10, 12, 10, 11, 10, 12, 10, 12, 10, 11, 13, 13, 12, 11, 10, 11, 10, 13, 10, 11, 12, 12, 12, 10, 11, 11, 12, 11, 13, 13, 11, 10, 10], [12, 12, 12, 10, 11, 13, 10, 13, 13, 11, 10, 11, 10, 10, 11, 13, 11, 12, 11, 13, 10, 13, 10, 11, 11, 12, 13, 10, 10, 10, 11, 12, 12, 11, 12], [13, 11, 13, 12, 12, 11, 11, 12, 12, 12, 11, 13, 10, 12, 11, 10, 11, 10, 13, 12, 13, 10, 12, 11, 10, 13, 13, 13, 13, 13, 12, 12, 10, 10, 12], [12, 12, 11, 10, 11, 12, 10, 11, 10, 12, 11, 10, 11, 11, 11, 11, 11, 10, 11, 10, 10, 12, 12, 11, 10, 12, 13, 10, 11, 10, 12, 12, 11, 13, 13], [11, 10, 11, 13, 13, 11, 11, 10, 11, 13, 10, 13, 10, 10, 13, 12, 11, 12, 10, 10, 10, 12, 12, 11, 11, 12, 12, 11, 13, 12, 12, 12, 11, 11, 11], [11, 11, 11, 12, 10, 11, 13, 12, 11, 12, 13, 10, 10, 13, 11, 11, 10, 13, 10, 12, 13, 13, 12, 10, 11, 13, 12, 10, 12, 12, 12, 13, 10, 12, 12], [11, 13, 11, 13, 11, 11, 11, 11, 12, 11, 10, 13, 11, 11, 12, 10, 13, 10, 13, 10, 12, 10, 13, 12, 11, 12, 12, 13, 10, 10, 12, 12, 10, 12, 11], [12, 11, 13, 11, 13, 11, 13, 10, 10, 12, 12, 13, 11, 11, 11, 12, 13, 13, 11, 12, 12, 12, 10, 11, 11, 12, 12, 13, 11, 11, 11, 11, 13, 12, 11], [10, 10, 13, 10, 10, 12, 13, 12, 10, 11, 11, 12, 11, 11, 10, 13, 11, 10, 10, 11, 13, 13, 12, 12, 13, 12, 10, 12, 12, 13, 10, 12, 12, 12, 12], [12, 11, 11, 11, 10, 13, 10, 12, 12, 13, 11, 12, 13, 11, 13, 13, 12, 11, 13, 10, 13, 11, 12, 12, 12, 11, 13, 12, 11, 12, 10, 13, 12, 10, 10]]
Inventory holding cost per unit of each product by the end of each period h: 
[[6, 7, 6, 9, 7, 5, 9, 6, 6, 5, 7, 9, 8, 7, 7, 5, 9, 7, 7, 8, 9, 7, 7, 7, 8, 5, 9, 5, 6, 6, 7, 6, 6, 9, 8], [5, 6, 8, 7, 6, 5, 7, 6, 8, 9, 9, 8, 5, 9, 9, 5, 5, 8, 8, 7, 6, 7, 7, 8, 8, 5, 6, 8, 6, 8, 6, 7, 8, 8, 8], [7, 9, 5, 7, 9, 9, 7, 9, 8, 8, 6, 8, 5, 5, 5, 8, 9, 6, 7, 7, 8, 9, 8, 6, 6, 7, 9, 8, 7, 9, 5, 7, 6, 9, 7], [5, 7, 9, 9, 6, 5, 9, 8, 5, 8, 6, 5, 9, 5, 6, 8, 9, 9, 5, 5, 5, 5, 5, 5, 6, 6, 9, 6, 6, 7, 8, 5, 5, 5, 9], [9, 8, 5, 8, 6, 8, 5, 9, 9, 7, 8, 9, 8, 8, 9, 6, 9, 7, 7, 6, 5, 6, 8, 8, 7, 9, 8, 5, 6, 5, 9, 7, 8, 5, 9], [5, 7, 7, 5, 5, 7, 8, 7, 6, 7, 5, 6, 8, 7, 9, 7, 5, 8, 7, 6, 5, 9, 8, 8, 5, 6, 8, 5, 5, 7, 8, 6, 9, 9, 9], [8, 9, 7, 6, 8, 7, 7, 6, 5, 7, 6, 9, 8, 9, 9, 8, 7, 7, 5, 9, 5, 7, 8, 7, 5, 9, 9, 7, 5, 7, 9, 6, 5, 5, 8], [6, 5, 6, 5, 6, 5, 5, 8, 9, 9, 7, 7, 7, 6, 7, 8, 5, 5, 7, 5, 7, 7, 7, 6, 9, 6, 9, 7, 8, 5, 6, 7, 6, 8, 8], [8, 9, 9, 8, 5, 5, 9, 8, 8, 6, 6, 5, 7, 8, 8, 7, 9, 5, 7, 6, 8, 5, 7, 5, 6, 9, 6, 9, 6, 6, 6, 8, 6, 5, 6], [5, 7, 5, 9, 6, 9, 8, 8, 9, 8, 9, 5, 6, 8, 5, 7, 8, 9, 5, 5, 9, 8, 9, 7, 7, 8, 6, 5, 7, 5, 7, 7, 6, 8, 5], [9, 8, 9, 7, 9, 8, 7, 6, 8, 7, 9, 5, 8, 6, 9, 6, 7, 8, 6, 5, 8, 5, 5, 9, 7, 6, 9, 9, 5, 6, 7, 9, 7, 5, 6], [7, 5, 8, 6, 7, 7, 9, 8, 8, 5, 9, 5, 6, 6, 6, 7, 9, 5, 6, 6, 8, 8, 8, 6, 5, 7, 9, 6, 7, 5, 8, 9, 6, 7, 7], [6, 5, 6, 9, 9, 5, 6, 5, 5, 6, 5, 7, 8, 9, 9, 5, 5, 9, 8, 5, 8, 8, 5, 7, 9, 6, 8, 5, 5, 9, 5, 8, 9, 7, 7], [7, 9, 6, 5, 5, 7, 9, 9, 5, 7, 5, 5, 9, 5, 8, 9, 6, 8, 7, 7, 8, 8, 8, 6, 5, 6, 7, 8, 8, 8, 8, 6, 9, 9, 9], [7, 9, 7, 9, 6, 5, 5, 8, 5, 8, 9, 7, 7, 7, 5, 7, 5, 7, 7, 9, 6, 6, 9, 8, 7, 8, 7, 6, 7, 5, 5, 5, 8, 8, 6], [8, 9, 8, 9, 5, 6, 8, 6, 5, 5, 9, 5, 8, 9, 7, 7, 8, 5, 5, 6, 6, 6, 8, 7, 6, 7, 8, 9, 9, 7, 8, 9, 9, 9, 6], [5, 6, 8, 9, 8, 5, 5, 6, 9, 6, 6, 8, 5, 5, 8, 7, 5, 7, 6, 5, 9, 5, 6, 9, 6, 6, 6, 6, 5, 6, 9, 8, 5, 9, 9], [5, 6, 5, 9, 9, 8, 6, 7, 6, 6, 8, 9, 5, 6, 7, 9, 9, 8, 9, 8, 9, 8, 9, 6, 7, 6, 7, 9, 6, 9, 5, 8, 7, 8, 7], [5, 9, 8, 5, 8, 6, 6, 6, 9, 8, 7, 7, 9, 9, 5, 6, 7, 5, 7, 7, 7, 8, 5, 9, 9, 7, 6, 9, 6, 8, 8, 7, 6, 8, 7], [5, 5, 7, 6, 5, 5, 6, 5, 9, 6, 9, 6, 9, 7, 5, 5, 5, 7, 5, 6, 6, 6, 9, 8, 6, 6, 6, 7, 5, 7, 8, 6, 9, 7, 9], [7, 8, 8, 8, 8, 7, 9, 6, 8, 8, 8, 9, 5, 5, 9, 6, 8, 8, 7, 7, 6, 9, 6, 6, 9, 8, 6, 5, 6, 7, 5, 9, 9, 8, 5], [7, 8, 5, 9, 5, 7, 6, 7, 5, 8, 6, 6, 6, 8, 6, 5, 9, 9, 7, 7, 5, 9, 9, 5, 7, 7, 5, 8, 9, 5, 5, 7, 6, 6, 6], [7, 7, 8, 6, 6, 6, 8, 8, 7, 7, 7, 7, 6, 5, 5, 7, 5, 5, 7, 6, 7, 8, 7, 6, 5, 8, 9, 5, 7, 5, 7, 8, 6, 8, 8], [7, 7, 9, 5, 5, 6, 7, 9, 6, 7, 9, 9, 8, 7, 7, 9, 5, 8, 6, 8, 6, 9, 9, 6, 6, 6, 9, 7, 8, 8, 9, 6, 7, 8, 8], [7, 8, 9, 6, 5, 7, 9, 7, 5, 7, 9, 6, 7, 5, 6, 6, 6, 8, 9, 8, 9, 7, 8, 9, 5, 8, 5, 9, 5, 9, 9, 6, 8, 9, 9], [6, 9, 8, 6, 9, 5, 8, 7, 7, 5, 8, 8, 6, 6, 7, 8, 9, 6, 7, 8, 9, 7, 5, 6, 6, 8, 6, 6, 9, 6, 5, 9, 7, 9, 6], [5, 5, 7, 9, 6, 6, 5, 9, 9, 8, 7, 6, 7, 7, 9, 5, 8, 7, 5, 9, 8, 8, 8, 5, 9, 8, 8, 8, 5, 9, 8, 8, 5, 7, 8], [7, 9, 7, 7, 8, 6, 7, 8, 7, 8, 9, 7, 9, 8, 5, 8, 7, 7, 8, 5, 8, 8, 7, 6, 7, 6, 9, 7, 7, 5, 6, 6, 9, 6, 5], [7, 5, 8, 9, 9, 7, 8, 9, 5, 6, 5, 6, 9, 8, 9, 6, 7, 9, 6, 8, 9, 6, 8, 7, 8, 9, 8, 7, 8, 7, 5, 6, 6, 7, 7], [5, 8, 8, 6, 9, 5, 6, 7, 7, 8, 8, 8, 8, 5, 7, 8, 8, 8, 6, 5, 6, 8, 9, 9, 6, 9, 8, 7, 5, 5, 7, 6, 6, 9, 7], [6, 9, 9, 8, 6, 9, 6, 8, 6, 7, 9, 7, 8, 8, 8, 9, 8, 7, 9, 7, 8, 8, 8, 5, 9, 9, 9, 6, 5, 5, 8, 8, 7, 9, 5], [7, 5, 6, 6, 6, 6, 8, 6, 9, 7, 7, 5, 5, 9, 5, 6, 5, 6, 5, 9, 9, 8, 7, 5, 9, 9, 7, 9, 6, 8, 5, 6, 5, 8, 8], [5, 9, 8, 5, 8, 5, 6, 9, 9, 9, 9, 8, 9, 9, 9, 5, 5, 6, 7, 8, 5, 9, 7, 6, 8, 6, 6, 7, 5, 7, 6, 9, 6, 6, 5], [6, 6, 6, 9, 9, 5, 8, 6, 5, 9, 9, 9, 9, 7, 7, 8, 9, 5, 8, 5, 5, 9, 9, 5, 6, 8, 6, 5, 9, 9, 8, 6, 6, 8, 8], [6, 9, 5, 6, 8, 8, 8, 8, 7, 7, 8, 9, 9, 6, 6, 5, 6, 5, 7, 7, 9, 5, 7, 9, 7, 7, 9, 6, 8, 8, 5, 7, 8, 7, 9], [8, 9, 6, 7, 6, 9, 9, 9, 9, 6, 5, 7, 8, 5, 7, 7, 7, 9, 9, 6, 8, 6, 6, 5, 6, 7, 7, 8, 5, 7, 9, 5, 5, 9, 5], [9, 8, 7, 7, 7, 8, 6, 6, 5, 5, 6, 8, 9, 5, 9, 7, 6, 7, 8, 9, 8, 9, 8, 6, 5, 8, 6, 7, 6, 5, 8, 6, 6, 5, 6], [6, 6, 7, 6, 9, 6, 6, 5, 5, 9, 9, 8, 9, 5, 7, 5, 5, 6, 8, 8, 6, 6, 5, 6, 6, 7, 9, 9, 6, 5, 6, 9, 9, 9, 7], [5, 8, 5, 7, 7, 7, 8, 7, 8, 6, 7, 9, 8, 9, 7, 6, 6, 7, 5, 8, 8, 6, 9, 5, 8, 9, 7, 7, 8, 8, 9, 6, 9, 7, 5], [8, 6, 6, 9, 8, 5, 9, 9, 8, 5, 7, 7, 7, 7, 7, 5, 8, 7, 9, 7, 6, 8, 9, 8, 5, 5, 6, 5, 8, 7, 5, 6, 5, 7, 9], [6, 6, 6, 9, 5, 9, 6, 8, 9, 8, 6, 9, 5, 8, 7, 9, 9, 9, 9, 6, 9, 6, 5, 6, 8, 6, 9, 9, 6, 9, 9, 9, 8, 5, 9], [8, 7, 9, 8, 8, 9, 8, 7, 5, 6, 6, 8, 5, 6, 9, 5, 5, 6, 9, 7, 6, 6, 6, 5, 5, 7, 8, 9, 5, 7, 6, 7, 6, 7, 7], [7, 8, 8, 9, 7, 8, 5, 6, 7, 8, 8, 8, 9, 6, 5, 7, 6, 9, 6, 8, 6, 6, 5, 8, 9, 9, 9, 9, 8, 8, 8, 8, 8, 6, 5], [8, 6, 5, 7, 5, 6, 7, 9, 7, 8, 5, 6, 7, 6, 8, 6, 6, 7, 9, 5, 7, 8, 7, 7, 5, 7, 9, 9, 5, 9, 5, 5, 8, 5, 9], [9, 8, 5, 9, 8, 8, 9, 9, 7, 9, 7, 7, 8, 9, 9, 7, 7, 9, 7, 9, 9, 8, 6, 8, 9, 9, 6, 8, 6, 7, 5, 8, 5, 7, 8], [5, 7, 5, 6, 9, 9, 8, 6, 9, 7, 5, 5, 5, 7, 5, 9, 7, 6, 6, 6, 8, 7, 5, 5, 9, 5, 9, 6, 7, 8, 6, 5, 9, 8, 5], [5, 9, 6, 5, 7, 5, 6, 8, 7, 7, 9, 9, 7, 6, 9, 7, 5, 7, 8, 7, 5, 5, 9, 5, 5, 8, 8, 7, 8, 8, 8, 5, 6, 5, 6], [5, 8, 6, 9, 8, 9, 9, 9, 6, 7, 6, 6, 5, 6, 7, 9, 8, 8, 5, 8, 6, 6, 5, 5, 9, 5, 5, 9, 6, 8, 9, 8, 5, 9, 5], [8, 8, 7, 6, 6, 9, 6, 8, 7, 7, 8, 6, 9, 6, 5, 8, 6, 6, 6, 8, 9, 8, 7, 6, 7, 6, 8, 9, 8, 8, 7, 6, 6, 8, 6], [8, 6, 9, 9, 8, 7, 6, 6, 6, 9, 9, 8, 9, 5, 8, 7, 7, 7, 5, 6, 5, 9, 6, 7, 7, 9, 8, 5, 6, 6, 8, 5, 5, 7, 9]]
Demand for each product in each period d: 
[[26, 36, 38, 7, 28, 37, 44, 38, 46, 11, 11, 49, 23, 13, 29, 37, 6, 48, 17, 22, 32, 25, 9, 27, 45, 46, 39, 31, 0, 6, 48, 8, 48, 25, 27], [24, 39, 39, 6, 34, 23, 36, 19, 36, 5, 40, 45, 22, 11, 0, 0, 6, 16, 37, 44, 33, 14, 48, 35, 6, 17, 19, 23, 1, 48, 42, 48, 25, 5, 48], [32, 29, 15, 17, 5, 13, 37, 28, 3, 24, 22, 40, 5, 8, 9, 39, 9, 1, 24, 26, 23, 36, 42, 15, 9, 18, 1, 30, 47, 46, 16, 17, 17, 17, 27], [0, 0, 22, 9, 31, 5, 25, 36, 4, 46, 47, 38, 7, 13, 1, 37, 0, 11, 38, 7, 31, 6, 17, 7, 1, 16, 34, 20, 16, 3, 43, 24, 0, 8, 48], [49, 32, 25, 2, 36, 18, 43, 22, 36, 0, 35, 12, 21, 49, 8, 24, 22, 38, 29, 21, 10, 8, 12, 10, 19, 6, 7, 22, 36, 32, 43, 12, 34, 35, 33], [1, 5, 6, 21, 19, 32, 3, 9, 38, 12, 36, 27, 4, 14, 49, 22, 2, 12, 0, 19, 41, 20, 17, 15, 36, 6, 19, 43, 40, 20, 2, 5, 29, 47, 17], [7, 44, 30, 14, 42, 21, 20, 26, 23, 10, 10, 19, 47, 7, 29, 31, 39, 9, 6, 2, 8, 21, 38, 9, 36, 20, 28, 5, 40, 11, 33, 36, 38, 48, 41], [3, 6, 9, 26, 39, 41, 0, 43, 43, 12, 39, 40, 8, 22, 33, 27, 49, 36, 25, 26, 48, 20, 37, 33, 0, 25, 39, 32, 44, 1, 8, 45, 37, 31, 16], [35, 12, 45, 11, 0, 19, 18, 13, 20, 0, 12, 6, 35, 25, 26, 40, 28, 41, 24, 2, 6, 1, 11, 0, 37, 13, 7, 15, 31, 34, 7, 27, 18, 49, 9], [0, 33, 35, 0, 7, 38, 12, 41, 37, 34, 24, 2, 33, 33, 32, 29, 35, 29, 16, 15, 21, 36, 27, 41, 18, 0, 0, 43, 3, 22, 2, 5, 7, 27, 30], [13, 42, 35, 8, 4, 39, 4, 42, 16, 32, 34, 12, 21, 1, 8, 45, 20, 48, 24, 43, 7, 25, 44, 40, 6, 4, 23, 10, 25, 9, 13, 0, 27, 29, 16], [2, 20, 0, 1, 45, 44, 32, 21, 20, 22, 28, 14, 42, 46, 0, 8, 22, 0, 41, 5, 26, 28, 35, 24, 39, 0, 43, 29, 28, 39, 46, 0, 41, 37, 37], [44, 10, 9, 27, 1, 28, 9, 46, 0, 0, 0, 2, 5, 41, 14, 0, 38, 42, 45, 12, 17, 29, 28, 38, 38, 38, 11, 0, 40, 17, 24, 46, 12, 28, 42], [27, 35, 12, 1, 0, 8, 48, 39, 0, 25, 13, 25, 22, 48, 28, 17, 7, 17, 30, 18, 27, 35, 27, 45, 25, 27, 17, 42, 3, 21, 24, 36, 20, 39, 9], [40, 13, 29, 45, 33, 43, 9, 0, 3, 4, 40, 38, 34, 7, 1, 24, 10, 32, 11, 41, 38, 13, 33, 44, 28, 18, 40, 28, 7, 43, 20, 12, 49, 19, 28], [34, 38, 49, 0, 26, 12, 46, 42, 15, 13, 1, 6, 3, 20, 20, 8, 37, 30, 31, 25, 29, 40, 36, 32, 39, 0, 1, 29, 3, 25, 16, 6, 15, 43, 33], [0, 11, 17, 41, 29, 48, 12, 34, 31, 49, 23, 35, 19, 35, 27, 17, 9, 46, 5, 12, 25, 22, 4, 10, 40, 1, 35, 48, 5, 21, 40, 10, 18, 23, 45], [39, 31, 37, 45, 43, 42, 8, 33, 48, 48, 33, 20, 2, 4, 48, 1, 6, 28, 0, 11, 48, 17, 34, 41, 21, 18, 23, 18, 0, 46, 46, 6, 42, 46, 8], [17, 14, 0, 2, 19, 17, 39, 39, 1, 22, 33, 12, 5, 36, 18, 6, 36, 23, 0, 0, 18, 0, 0, 44, 33, 37, 48, 40, 28, 45, 6, 5, 23, 5, 14], [11, 3, 6, 36, 0, 13, 33, 15, 0, 3, 7, 31, 0, 30, 46, 22, 8, 43, 17, 4, 6, 12, 20, 28, 3, 8, 44, 32, 31, 19, 12, 42, 14, 4, 38], [37, 30, 19, 7, 27, 21, 14, 43, 8, 49, 6, 24, 16, 43, 31, 17, 0, 43, 0, 8, 49, 20, 7, 20, 26, 9, 15, 35, 21, 46, 26, 32, 39, 6, 42], [11, 32, 47, 8, 42, 19, 20, 41, 26, 15, 3, 40, 4, 17, 8, 40, 35, 12, 8, 47, 0, 2, 36, 15, 29, 19, 13, 13, 12, 21, 16, 46, 15, 41, 45], [34, 37, 49, 35, 18, 5, 8, 9, 9, 14, 27, 42, 0, 11, 20, 10, 19, 22, 28, 33, 38, 25, 0, 29, 33, 49, 26, 29, 39, 29, 20, 8, 40, 30, 42], [0, 5, 4, 0, 4, 25, 11, 0, 15, 31, 7, 26, 47, 16, 18, 4, 49, 45, 5, 35, 12, 39, 35, 16, 16, 32, 24, 47, 6, 31, 7, 0, 25, 27, 2], [20, 23, 40, 4, 16, 5, 39, 4, 26, 47, 2, 27, 49, 36, 9, 37, 7, 30, 24, 31, 28, 49, 36, 4, 1, 5, 0, 42, 0, 8, 46, 24, 6, 11, 30], [12, 21, 20, 31, 35, 34, 36, 0, 23, 46, 28, 22, 28, 16, 45, 25, 49, 25, 26, 26, 43, 3, 30, 18, 15, 0, 48, 17, 36, 37, 2, 11, 40, 44, 0], [23, 38, 29, 28, 6, 47, 36, 29, 38, 42, 30, 29, 48, 13, 4, 44, 17, 46, 10, 10, 34, 29, 1, 6, 1, 4, 18, 10, 44, 43, 11, 46, 7, 45, 1], [45, 37, 15, 10, 22, 23, 24, 13, 39, 20, 14, 34, 0, 29, 26, 12, 40, 1, 44, 15, 8, 49, 44, 29, 22, 16, 44, 26, 38, 0, 0, 15, 12, 0, 43], [0, 30, 46, 17, 14, 0, 17, 19, 43, 13, 0, 48, 6, 9, 39, 46, 20, 40, 8, 38, 9, 44, 18, 6, 40, 29, 32, 41, 0, 19, 0, 45, 21, 7, 17], [36, 4, 47, 7, 2, 20, 25, 8, 15, 5, 27, 9, 0, 43, 32, 15, 5, 39, 13, 33, 31, 41, 48, 12, 3, 42, 22, 5, 1, 6, 7, 31, 15, 17, 26], [0, 11, 15, 23, 49, 37, 44, 21, 5, 23, 0, 31, 29, 0, 48, 32, 5, 17, 38, 46, 15, 49, 4, 8, 46, 48, 0, 38, 49, 6, 13, 19, 40, 31, 35], [1, 20, 5, 44, 23, 8, 29, 42, 24, 6, 24, 33, 10, 14, 39, 3, 23, 36, 28, 0, 39, 32, 15, 34, 39, 14, 0, 47, 6, 34, 23, 6, 35, 46, 27], [16, 27, 0, 45, 42, 38, 12, 1, 38, 25, 11, 29, 31, 0, 0, 29, 40, 30, 12, 49, 24, 28, 40, 4, 9, 21, 47, 40, 24, 23, 21, 7, 3, 42, 24], [40, 11, 8, 24, 38, 6, 0, 11, 32, 27, 4, 18, 46, 8, 22, 0, 17, 10, 43, 24, 10, 32, 2, 18, 23, 12, 8, 44, 33, 34, 0, 7, 2, 10, 34], [41, 40, 33, 29, 27, 11, 48, 10, 0, 49, 0, 39, 37, 45, 13, 0, 10, 31, 26, 0, 26, 23, 14, 2, 17, 32, 20, 24, 48, 8, 17, 16, 23, 33, 44], [22, 2, 40, 44, 14, 40, 28, 0, 9, 22, 34, 29, 26, 2, 41, 35, 44, 37, 23, 1, 13, 43, 13, 17, 34, 19, 0, 3, 41, 25, 31, 33, 0, 49, 40], [17, 38, 39, 30, 30, 18, 11, 46, 38, 37, 1, 9, 0, 3, 0, 47, 18, 7, 27, 35, 8, 29, 23, 35, 12, 30, 48, 28, 20, 0, 16, 16, 44, 44, 41], [35, 7, 32, 15, 43, 5, 39, 39, 43, 22, 5, 25, 37, 37, 39, 25, 41, 13, 12, 31, 0, 41, 12, 13, 12, 36, 3, 45, 18, 7, 48, 21, 27, 4, 0], [5, 20, 17, 16, 36, 49, 41, 10, 5, 15, 44, 37, 24, 29, 37, 25, 9, 30, 11, 11, 36, 5, 17, 0, 0, 34, 32, 5, 36, 26, 15, 44, 14, 28, 3], [9, 42, 27, 0, 32, 20, 2, 19, 1, 37, 16, 24, 2, 40, 0, 41, 0, 34, 0, 9, 4, 23, 11, 5, 21, 14, 15, 11, 32, 0, 28, 49, 0, 6, 44], [37, 9, 29, 20, 14, 47, 3, 13, 29, 35, 28, 17, 31, 49, 29, 0, 3, 14, 26, 0, 25, 35, 19, 18, 41, 4, 7, 16, 0, 2, 40, 30, 24, 6, 18], [9, 48, 13, 22, 13, 46, 37, 36, 46, 32, 27, 0, 26, 43, 7, 13, 7, 36, 33, 22, 32, 17, 22, 32, 48, 40, 31, 25, 47, 41, 39, 42, 49, 18, 18], [23, 36, 23, 28, 38, 48, 38, 44, 13, 49, 13, 7, 25, 47, 46, 44, 36, 27, 26, 44, 38, 27, 33, 0, 43, 21, 28, 42, 12, 43, 45, 31, 35, 42, 15], [35, 23, 22, 39, 39, 11, 16, 5, 40, 11, 0, 40, 20, 10, 27, 38, 19, 8, 23, 38, 15, 30, 25, 32, 46, 11, 6, 12, 6, 21, 6, 32, 19, 17, 48], [11, 3, 25, 46, 37, 0, 40, 16, 41, 31, 35, 18, 29, 41, 31, 23, 18, 41, 49, 1, 10, 46, 8, 34, 40, 29, 0, 7, 48, 36, 36, 16, 28, 36, 38], [47, 45, 0, 22, 1, 36, 21, 17, 17, 17, 10, 21, 38, 5, 26, 28, 1, 14, 2, 19, 17, 19, 4, 43, 17, 6, 0, 44, 3, 49, 39, 34, 8, 0, 10], [46, 32, 10, 10, 28, 31, 4, 47, 16, 4, 42, 5, 29, 5, 43, 14, 6, 0, 47, 13, 15, 35, 45, 33, 15, 21, 24, 40, 6, 47, 39, 18, 20, 26, 20], [9, 37, 46, 9, 24, 39, 4, 11, 18, 15, 6, 28, 27, 1, 43, 19, 28, 18, 17, 5, 22, 38, 33, 37, 49, 2, 41, 14, 28, 8, 11, 18, 22, 38, 20], [10, 40, 8, 23, 5, 39, 0, 9, 5, 23, 2, 9, 15, 16, 40, 0, 31, 10, 31, 17, 25, 46, 14, 44, 13, 4, 36, 6, 3, 10, 19, 0, 8, 43, 26], [29, 34, 11, 41, 43, 0, 45, 19, 20, 10, 2, 34, 29, 22, 18, 38, 49, 45, 10, 46, 44, 22, 5, 0, 18, 48, 28, 48, 12, 48, 5, 14, 7, 46, 22]]
Maintenance cost in each period m: 
[9080, 9899, 8497, 8783, 7593, 8900, 9148, 7071, 7148, 6766, 9211, 7428, 9318, 8250, 7955, 9097, 9747, 6594, 9142, 7811, 10139, 7443, 8477, 8777, 8024, 9010, 8941, 7012, 9380, 8198, 6738, 9014, 10140, 6326, 9488]
Maximum capacity of the machine cmax: 
2100