Set of periods in the planning horizon T: 
35
Set of products P: 
75
Capacity reduction coefficient alpha: 
0.8
Relative decrease of capacity per set up gamma: 
0.25
Capacity reduction coefficient due to product types beta: 
[0.38, 0.27, 0.33, 0.32, 0.25, 0.21, 0.23, 0.3, 0.31, 0.36, 0.4, 0.3, 0.25, 0.27, 0.32, 0.35, 0.25, 0.23, 0.21, 0.21, 0.37, 0.28, 0.31, 0.38, 0.3, 0.29, 0.22, 0.23, 0.39, 0.26, 0.4, 0.37, 0.23, 0.34, 0.22, 0.33, 0.36, 0.35, 0.29, 0.33, 0.27, 0.22, 0.21, 0.3, 0.27, 0.37, 0.23, 0.3, 0.22, 0.33, 0.29, 0.36, 0.2, 0.34, 0.39, 0.32, 0.26, 0.26, 0.21, 0.31, 0.32, 0.22, 0.34, 0.24, 0.24, 0.39, 0.38, 0.23, 0.26, 0.34, 0.39, 0.39, 0.35, 0.22, 0.25]
Fixed production cost of each product in each period f: 
[[879, 879, 797, 970, 901, 987, 922, 546, 736, 777, 772, 976, 740, 784, 674, 543, 695, 745, 580, 684, 733, 684, 843, 509, 913, 591, 507, 718, 747, 878, 697, 858, 727, 725, 637], [880, 794, 905, 756, 573, 930, 920, 736, 984, 719, 630, 791, 976, 761, 705, 912, 883, 572, 782, 524, 998, 521, 667, 957, 892, 740, 525, 905, 627, 689, 503, 962, 535, 745, 533], [503, 965, 607, 897, 984, 779, 791, 716, 590, 633, 746, 970, 660, 888, 625, 783, 893, 658, 642, 571, 863, 506, 996, 563, 598, 602, 832, 567, 819, 997, 972, 622, 915, 590, 741], [688, 547, 710, 753, 864, 605, 644, 702, 739, 739, 980, 884, 891, 667, 720, 782, 819, 785, 798, 749, 623, 862, 571, 506, 673, 931, 707, 942, 624, 664, 908, 524, 720, 906, 935], [810, 865, 621, 909, 622, 508, 932, 720, 779, 902, 990, 784, 619, 576, 911, 604, 694, 737, 627, 938, 512, 722, 822, 687, 678, 757, 704, 734, 785, 549, 654, 844, 834, 503, 947], [908, 785, 853, 937, 888, 701, 805, 695, 742, 975, 531, 513, 686, 864, 701, 576, 622, 912, 551, 527, 617, 777, 901, 813, 712, 721, 726, 639, 846, 806, 679, 612, 646, 836, 603], [558, 850, 903, 684, 782, 581, 529, 733, 592, 965, 884, 993, 921, 541, 908, 651, 896, 514, 838, 912, 570, 725, 963, 725, 651, 654, 736, 758, 829, 852, 546, 657, 853, 719, 909], [694, 672, 869, 653, 542, 868, 558, 673, 897, 700, 913, 984, 627, 722, 606, 693, 937, 835, 550, 648, 501, 749, 966, 831, 766, 546, 933, 534, 914, 648, 974, 861, 872, 661, 712], [757, 911, 835, 833, 590, 736, 741, 767, 938, 676, 619, 961, 968, 638, 568, 921, 989, 895, 793, 884, 795, 979, 899, 725, 709, 526, 712, 764, 968, 534, 659, 987, 747, 625, 734], [861, 558, 884, 502, 754, 764, 505, 709, 942, 942, 998, 530, 605, 908, 768, 837, 566, 578, 769, 918, 544, 668, 788, 608, 733, 794, 735, 831, 814, 984, 961, 788, 705, 930, 586], [581, 914, 768, 676, 860, 596, 978, 793, 812, 538, 912, 736, 935, 846, 555, 685, 821, 803, 964, 685, 996, 673, 885, 762, 556, 751, 724, 626, 790, 880, 547, 714, 642, 856, 617], [522, 599, 832, 762, 625, 568, 968, 902, 820, 767, 501, 917, 878, 646, 925, 907, 797, 656, 580, 736, 723, 654, 657, 682, 523, 882, 661, 718, 749, 615, 701, 795, 825, 910, 510], [991, 997, 622, 566, 616, 922, 908, 974, 853, 627, 725, 934, 727, 776, 644, 754, 817, 713, 932, 854, 961, 892, 866, 694, 662, 945, 795, 786, 682, 620, 849, 693, 757, 909, 995], [686, 682, 892, 800, 633, 933, 535, 907, 629, 872, 743, 563, 619, 685, 881, 512, 567, 919, 908, 635, 970, 801, 754, 604, 895, 540, 953, 887, 955, 660, 720, 710, 807, 821, 921], [621, 977, 988, 593, 940, 923, 822, 708, 711, 863, 715, 643, 782, 729, 880, 734, 551, 753, 997, 631, 578, 972, 792, 727, 755, 525, 701, 695, 722, 704, 780, 808, 873, 828, 817], [835, 626, 644, 952, 677, 512, 869, 568, 605, 876, 916, 978, 590, 756, 707, 766, 883, 670, 878, 800, 828, 753, 927, 962, 877, 719, 734, 667, 860, 733, 582, 832, 964, 579, 617], [802, 648, 543, 563, 562, 577, 529, 682, 804, 883, 829, 735, 734, 809, 863, 772, 699, 990, 889, 573, 905, 864, 882, 884, 819, 637, 542, 839, 960, 823, 673, 782, 533, 697, 906], [528, 716, 766, 865, 929, 585, 540, 937, 961, 650, 506, 782, 697, 893, 540, 976, 529, 557, 682, 796, 523, 720, 604, 881, 878, 520, 727, 856, 767, 720, 696, 792, 673, 647, 588], [939, 830, 811, 651, 692, 857, 739, 739, 947, 575, 583, 783, 781, 993, 650, 681, 585, 742, 664, 639, 646, 971, 697, 528, 679, 964, 599, 554, 870, 696, 777, 754, 700, 749, 533], [504, 523, 876, 871, 539, 805, 993, 871, 832, 638, 960, 884, 932, 564, 958, 657, 997, 528, 536, 504, 977, 537, 690, 500, 638, 593, 699, 902, 927, 928, 820, 557, 906, 834, 593], [618, 890, 723, 519, 558, 964, 674, 738, 836, 715, 795, 632, 530, 564, 545, 852, 972, 789, 902, 817, 869, 975, 758, 808, 727, 852, 588, 877, 542, 545, 651, 670, 983, 572, 850], [759, 562, 682, 953, 773, 993, 589, 758, 898, 900, 551, 831, 730, 821, 646, 962, 660, 839, 927, 784, 844, 724, 937, 951, 634, 698, 767, 719, 810, 738, 919, 759, 722, 758, 523], [990, 905, 998, 643, 981, 518, 667, 665, 930, 519, 503, 823, 600, 949, 902, 649, 697, 970, 684, 530, 543, 924, 531, 641, 940, 803, 793, 518, 817, 704, 731, 699, 825, 588, 762], [669, 792, 523, 691, 922, 770, 747, 800, 531, 730, 923, 930, 524, 534, 830, 864, 742, 683, 994, 646, 761, 664, 777, 792, 586, 678, 704, 580, 655, 962, 868, 991, 838, 629, 561], [874, 748, 641, 540, 918, 870, 645, 660, 839, 518, 529, 625, 786, 804, 723, 593, 804, 557, 789, 701, 632, 739, 881, 524, 675, 502, 982, 682, 750, 800, 686, 673, 661, 543, 755], [929, 510, 574, 708, 890, 664, 941, 780, 629, 954, 717, 941, 931, 827, 992, 837, 909, 570, 996, 679, 547, 730, 715, 908, 655, 681, 875, 567, 826, 882, 874, 719, 693, 762, 590], [607, 783, 558, 810, 657, 789, 962, 718, 833, 505, 971, 514, 542, 530, 985, 738, 577, 784, 874, 690, 699, 900, 609, 848, 855, 516, 834, 517, 729, 638, 709, 611, 664, 571, 662], [970, 885, 569, 730, 727, 875, 876, 708, 788, 886, 913, 513, 789, 875, 708, 698, 598, 620, 532, 875, 685, 659, 900, 617, 889, 749, 792, 897, 653, 981, 605, 583, 949, 850, 910], [616, 838, 623, 976, 989, 837, 594, 527, 949, 997, 529, 573, 953, 548, 701, 908, 654, 892, 627, 874, 775, 560, 662, 709, 930, 894, 797, 539, 773, 974, 858, 973, 581, 620, 958], [846, 685, 573, 674, 613, 705, 751, 674, 836, 537, 827, 520, 932, 941, 824, 595, 850, 947, 782, 968, 658, 799, 729, 730, 688, 932, 768, 549, 867, 986, 924, 512, 841, 651, 701], [975, 848, 947, 600, 747, 829, 654, 596, 751, 708, 800, 957, 811, 727, 961, 615, 924, 652, 936, 910, 534, 699, 645, 879, 792, 677, 862, 646, 875, 694, 759, 975, 555, 512, 780], [583, 755, 548, 502, 720, 663, 663, 510, 973, 669, 509, 949, 935, 767, 768, 559, 776, 916, 716, 854, 948, 654, 631, 986, 692, 624, 570, 694, 586, 675, 872, 822, 777, 867, 885], [773, 562, 635, 551, 887, 658, 871, 631, 543, 861, 564, 817, 902, 576, 824, 978, 987, 625, 914, 922, 896, 689, 889, 963, 694, 681, 908, 929, 632, 818, 584, 784, 739, 624, 819], [906, 517, 892, 727, 529, 753, 662, 992, 589, 556, 750, 809, 850, 929, 804, 825, 720, 868, 827, 712, 624, 905, 941, 677, 627, 769, 940, 569, 946, 897, 865, 685, 673, 852, 583], [911, 619, 987, 740, 861, 614, 922, 727, 640, 611, 717, 552, 953, 633, 521, 688, 799, 591, 516, 966, 736, 693, 845, 986, 914, 988, 739, 811, 849, 566, 699, 554, 945, 795, 937], [898, 709, 770, 944, 812, 831, 580, 580, 753, 550, 846, 787, 605, 607, 764, 906, 666, 709, 864, 839, 560, 717, 688, 717, 717, 651, 577, 773, 516, 628, 541, 917, 882, 645, 597], [572, 866, 950, 642, 940, 531, 560, 579, 789, 676, 589, 967, 695, 886, 598, 755, 653, 817, 917, 944, 978, 550, 699, 753, 878, 568, 920, 947, 865, 909, 814, 718, 924, 551, 610], [658, 853, 751, 988, 885, 982, 960, 579, 546, 719, 753, 890, 873, 715, 854, 504, 574, 949, 540, 776, 737, 861, 855, 543, 511, 662, 687, 773, 740, 943, 897, 943, 584, 651, 700], [917, 911, 596, 715, 583, 507, 674, 506, 814, 539, 557, 625, 566, 961, 521, 591, 504, 686, 758, 813, 626, 942, 889, 517, 633, 594, 676, 505, 969, 575, 549, 984, 856, 556, 687], [525, 574, 926, 708, 712, 947, 711, 904, 590, 603, 994, 879, 507, 712, 688, 761, 720, 502, 805, 620, 998, 763, 547, 827, 917, 746, 870, 761, 771, 651, 875, 560, 526, 843, 802], [591, 761, 845, 512, 678, 674, 862, 920, 887, 844, 664, 679, 724, 516, 899, 826, 646, 753, 996, 533, 545, 686, 794, 590, 512, 876, 816, 817, 662, 518, 604, 713, 818, 505, 819], [928, 726, 568, 909, 972, 716, 904, 763, 808, 704, 929, 511, 646, 911, 544, 583, 602, 661, 592, 937, 827, 732, 813, 946, 744, 811, 521, 657, 548, 622, 616, 649, 914, 924, 529], [631, 736, 642, 724, 635, 584, 853, 551, 855, 704, 559, 934, 561, 815, 573, 893, 940, 788, 623, 844, 920, 806, 511, 661, 983, 538, 968, 899, 628, 592, 994, 783, 916, 903, 800], [683, 854, 991, 884, 973, 935, 838, 608, 565, 535, 516, 729, 520, 907, 589, 707, 600, 860, 914, 924, 619, 909, 805, 679, 995, 815, 745, 916, 760, 773, 975, 756, 558, 956, 905], [633, 531, 511, 884, 594, 564, 737, 590, 873, 653, 820, 745, 607, 974, 804, 616, 931, 872, 696, 537, 571, 915, 616, 579, 703, 994, 766, 756, 537, 721, 768, 508, 942, 602, 997], [875, 530, 736, 996, 744, 517, 855, 962, 656, 593, 708, 807, 535, 548, 610, 547, 507, 775, 571, 708, 805, 836, 853, 633, 573, 549, 981, 935, 648, 882, 534, 568, 724, 850, 557], [726, 859, 749, 818, 943, 864, 673, 825, 916, 970, 609, 992, 836, 513, 791, 722, 611, 983, 792, 759, 666, 736, 648, 660, 940, 828, 618, 713, 942, 965, 932, 988, 664, 559, 693], [915, 608, 500, 819, 620, 566, 518, 522, 842, 839, 632, 523, 624, 952, 511, 652, 620, 676, 994, 873, 869, 823, 747, 535, 508, 933, 866, 912, 900, 898, 562, 676, 568, 770, 528], [649, 814, 893, 712, 850, 823, 747, 787, 984, 534, 543, 683, 638, 683, 786, 848, 892, 569, 792, 834, 772, 724, 765, 647, 953, 799, 972, 928, 978, 864, 708, 823, 971, 625, 631], [966, 630, 737, 614, 825, 679, 769, 510, 589, 954, 593, 602, 704, 788, 646, 632, 568, 872, 802, 768, 905, 538, 503, 588, 684, 995, 649, 944, 585, 874, 850, 854, 700, 812, 700], [860, 956, 508, 589, 668, 527, 576, 889, 751, 602, 729, 945, 501, 658, 903, 868, 774, 616, 821, 716, 550, 965, 559, 605, 754, 914, 996, 847, 664, 657, 727, 799, 957, 789, 509], [536, 694, 555, 727, 903, 778, 727, 680, 866, 798, 898, 553, 816, 720, 976, 612, 637, 594, 695, 836, 598, 710, 733, 725, 819, 705, 683, 965, 540, 557, 909, 514, 533, 927, 939], [933, 690, 745, 965, 667, 510, 740, 584, 834, 909, 607, 897, 602, 793, 755, 594, 999, 985, 964, 621, 753, 749, 748, 500, 743, 912, 846, 856, 668, 803, 707, 502, 712, 802, 754], [561, 548, 771, 849, 879, 780, 689, 594, 580, 950, 518, 894, 922, 842, 601, 516, 862, 690, 837, 637, 524, 766, 881, 969, 755, 872, 502, 945, 937, 823, 606, 595, 795, 992, 688], [515, 914, 884, 619, 769, 699, 997, 765, 862, 689, 526, 718, 802, 662, 550, 997, 562, 623, 997, 998, 613, 802, 943, 935, 613, 605, 917, 988, 521, 896, 801, 651, 862, 653, 687], [981, 739, 778, 854, 507, 505, 608, 906, 801, 829, 813, 676, 801, 614, 655, 820, 932, 925, 856, 898, 938, 934, 504, 909, 579, 730, 992, 969, 843, 750, 987, 548, 695, 914, 772], [622, 571, 896, 868, 732, 511, 710, 732, 747, 718, 973, 510, 700, 838, 544, 616, 610, 729, 911, 577, 978, 513, 634, 515, 853, 698, 916, 680, 583, 655, 965, 584, 750, 874, 880], [589, 611, 672, 509, 656, 892, 767, 778, 609, 607, 521, 514, 511, 845, 608, 512, 580, 985, 742, 783, 989, 515, 686, 827, 914, 704, 716, 945, 971, 977, 955, 888, 880, 847, 980], [860, 863, 850, 518, 944, 924, 804, 839, 584, 765, 778, 688, 509, 644, 777, 574, 515, 554, 725, 708, 694, 627, 850, 732, 937, 605, 840, 916, 662, 592, 805, 766, 625, 722, 644], [554, 756, 866, 850, 710, 576, 509, 533, 600, 645, 593, 659, 673, 524, 751, 853, 974, 590, 683, 616, 510, 624, 603, 771, 984, 770, 536, 817, 595, 986, 909, 986, 953, 976, 864], [852, 864, 776, 685, 870, 917, 610, 563, 939, 701, 868, 622, 636, 801, 639, 524, 998, 613, 910, 910, 898, 993, 681, 791, 685, 923, 538, 718, 960, 785, 761, 563, 713, 765, 934], [645, 771, 779, 729, 955, 862, 788, 867, 867, 638, 739, 720, 760, 608, 702, 530, 646, 681, 863, 917, 798, 741, 561, 874, 516, 669, 537, 798, 627, 974, 903, 514, 722, 797, 853], [918, 794, 759, 556, 943, 500, 677, 970, 655, 750, 798, 901, 663, 548, 655, 629, 767, 663, 634, 833, 738, 697, 561, 970, 802, 944, 878, 579, 565, 954, 950, 998, 516, 900, 946], [910, 500, 851, 604, 505, 732, 796, 782, 724, 522, 568, 991, 592, 766, 684, 734, 950, 664, 511, 967, 967, 704, 689, 621, 557, 695, 645, 538, 701, 961, 994, 572, 871, 943, 719], [694, 679, 608, 972, 686, 634, 618, 743, 894, 706, 541, 571, 554, 579, 725, 901, 838, 658, 764, 963, 761, 583, 769, 867, 518, 687, 749, 945, 784, 570, 818, 643, 971, 566, 670], [822, 798, 908, 972, 891, 628, 802, 745, 658, 962, 833, 552, 738, 897, 506, 543, 831, 603, 819, 777, 655, 881, 679, 956, 693, 806, 848, 830, 897, 589, 681, 864, 797, 551, 838], [797, 882, 843, 580, 635, 802, 849, 552, 547, 662, 606, 518, 895, 776, 843, 900, 701, 537, 885, 586, 678, 554, 753, 662, 768, 628, 866, 931, 764, 517, 990, 651, 594, 522, 738], [859, 930, 647, 824, 896, 718, 717, 862, 992, 710, 608, 970, 831, 780, 916, 677, 564, 543, 866, 991, 560, 876, 756, 860, 894, 757, 617, 569, 601, 970, 633, 596, 766, 748, 888], [612, 957, 899, 524, 762, 554, 580, 518, 724, 665, 853, 973, 682, 888, 549, 654, 727, 764, 897, 702, 660, 518, 574, 757, 573, 840, 910, 526, 785, 843, 687, 706, 654, 737, 668], [796, 554, 719, 750, 605, 750, 655, 647, 973, 836, 785, 633, 914, 995, 984, 958, 755, 654, 568, 673, 851, 749, 600, 559, 829, 768, 846, 585, 614, 966, 512, 741, 860, 984, 962], [772, 702, 763, 899, 999, 871, 662, 658, 543, 540, 728, 892, 594, 518, 952, 742, 682, 776, 930, 798, 934, 527, 655, 801, 541, 538, 746, 801, 684, 617, 863, 903, 704, 625, 921], [756, 737, 884, 949, 724, 879, 732, 690, 671, 816, 530, 829, 775, 845, 986, 598, 721, 699, 833, 644, 979, 829, 558, 653, 844, 676, 538, 958, 772, 615, 662, 800, 840, 644, 635], [959, 764, 599, 685, 700, 649, 700, 982, 896, 584, 864, 730, 885, 756, 822, 660, 521, 775, 938, 753, 596, 732, 948, 585, 660, 614, 692, 597, 781, 927, 597, 563, 836, 745, 505], [783, 724, 655, 545, 732, 564, 875, 964, 557, 541, 593, 908, 609, 590, 732, 890, 861, 992, 849, 961, 742, 573, 594, 658, 800, 939, 675, 798, 783, 769, 649, 634, 993, 968, 751], [845, 953, 881, 741, 587, 959, 915, 863, 722, 581, 986, 766, 720, 817, 822, 730, 838, 588, 837, 850, 529, 541, 964, 821, 898, 504, 600, 816, 542, 958, 826, 974, 950, 972, 734]]
Variable production cost per unit of each product in each period p: 
[[11, 13, 10, 11, 13, 10, 11, 10, 13, 13, 10, 13, 13, 10, 10, 13, 10, 10, 11, 11, 11, 13, 12, 13, 13, 13, 10, 13, 12, 12, 12, 13, 11, 12, 13], [12, 12, 11, 13, 10, 10, 10, 11, 10, 11, 12, 11, 12, 12, 13, 11, 10, 12, 11, 11, 12, 12, 12, 11, 13, 12, 13, 10, 10, 11, 13, 13, 10, 10, 12], [10, 10, 13, 10, 12, 12, 11, 11, 11, 13, 12, 10, 11, 13, 10, 10, 13, 11, 11, 12, 10, 12, 10, 10, 11, 11, 10, 12, 10, 13, 12, 11, 10, 10, 11], [10, 11, 10, 11, 12, 11, 10, 13, 13, 10, 11, 11, 10, 11, 11, 12, 11, 13, 13, 12, 12, 10, 13, 11, 11, 12, 13, 10, 12, 11, 11, 11, 13, 10, 10], [11, 11, 12, 13, 11, 10, 11, 11, 11, 13, 12, 11, 11, 11, 13, 12, 12, 13, 12, 12, 10, 13, 10, 12, 11, 11, 11, 12, 13, 12, 13, 13, 12, 10, 10], [13, 13, 13, 11, 10, 12, 11, 12, 12, 10, 10, 12, 10, 12, 10, 10, 10, 11, 12, 13, 12, 10, 13, 12, 10, 12, 11, 13, 13, 11, 10, 11, 10, 11, 12], [10, 11, 12, 10, 11, 13, 10, 13, 10, 10, 10, 10, 10, 13, 12, 10, 13, 11, 11, 13, 10, 10, 12, 11, 10, 13, 12, 13, 12, 13, 12, 10, 13, 10, 12], [12, 11, 12, 10, 11, 11, 12, 13, 12, 13, 13, 11, 12, 12, 12, 12, 10, 11, 13, 12, 10, 12, 10, 12, 10, 10, 11, 12, 13, 13, 13, 13, 13, 11, 13], [10, 12, 13, 12, 12, 13, 11, 11, 11, 12, 12, 12, 12, 10, 12, 10, 10, 12, 11, 12, 13, 12, 11, 10, 13, 11, 12, 13, 11, 13, 13, 10, 10, 11, 10], [11, 12, 13, 10, 12, 10, 10, 12, 11, 12, 12, 11, 13, 13, 11, 12, 12, 10, 10, 10, 13, 13, 10, 12, 11, 10, 13, 11, 12, 11, 12, 12, 11, 12, 10], [12, 11, 13, 10, 11, 13, 10, 10, 12, 12, 12, 11, 13, 13, 11, 12, 13, 11, 11, 12, 10, 10, 12, 12, 13, 10, 13, 11, 12, 11, 11, 12, 13, 12, 10], [11, 10, 11, 11, 13, 12, 10, 13, 13, 13, 12, 10, 11, 11, 12, 12, 13, 11, 10, 13, 11, 12, 13, 12, 12, 11, 10, 13, 10, 11, 12, 11, 11, 10, 11], [13, 10, 13, 11, 12, 13, 13, 13, 13, 13, 13, 13, 13, 13, 10, 10, 12, 13, 13, 11, 12, 13, 12, 11, 12, 10, 12, 12, 13, 12, 11, 10, 12, 13, 12], [10, 10, 13, 10, 12, 10, 13, 13, 12, 10, 12, 12, 10, 12, 12, 10, 12, 12, 12, 10, 12, 10, 13, 12, 11, 12, 13, 13, 10, 11, 12, 11, 10, 13, 11], [10, 11, 13, 11, 10, 12, 10, 10, 13, 12, 13, 12, 10, 13, 13, 13, 12, 11, 11, 13, 12, 13, 12, 12, 12, 12, 11, 12, 10, 13, 10, 12, 10, 10, 10], [10, 10, 10, 13, 13, 12, 12, 12, 11, 12, 10, 11, 13, 11, 12, 13, 10, 13, 11, 13, 11, 13, 13, 12, 13, 12, 13, 11, 11, 10, 12, 10, 11, 10, 11], [13, 13, 13, 12, 12, 13, 10, 10, 13, 11, 10, 12, 11, 11, 10, 12, 12, 10, 13, 12, 11, 11, 11, 13, 10, 11, 12, 11, 10, 10, 11, 12, 10, 12, 10], [11, 11, 10, 10, 13, 13, 10, 13, 10, 13, 13, 11, 13, 11, 13, 11, 12, 12, 12, 12, 11, 13, 12, 10, 12, 11, 11, 10, 12, 10, 13, 10, 13, 12, 13], [10, 10, 12, 10, 10, 13, 12, 10, 13, 13, 12, 13, 10, 11, 12, 12, 12, 10, 13, 11, 12, 10, 11, 13, 13, 10, 12, 13, 10, 13, 11, 13, 13, 10, 10], [12, 13, 10, 12, 10, 11, 11, 13, 12, 10, 12, 10, 10, 12, 10, 12, 12, 12, 13, 13, 10, 13, 13, 13, 11, 10, 10, 11, 12, 13, 11, 12, 12, 12, 11], [13, 10, 10, 11, 12, 11, 12, 10, 12, 13, 12, 12, 12, 12, 10, 11, 12, 12, 11, 12, 11, 12, 12, 13, 12, 11, 10, 11, 13, 12, 13, 12, 11, 12, 10], [10, 11, 13, 13, 11, 12, 11, 12, 13, 12, 12, 10, 11, 13, 10, 11, 12, 10, 13, 13, 12, 13, 11, 11, 13, 10, 10, 13, 13, 10, 12, 12, 12, 10, 10], [12, 13, 10, 11, 10, 11, 12, 12, 10, 13, 13, 10, 12, 10, 13, 10, 12, 13, 12, 13, 13, 13, 10, 12, 10, 11, 13, 12, 12, 13, 11, 11, 12, 12, 13], [13, 13, 11, 12, 13, 12, 11, 11, 10, 12, 13, 11, 12, 10, 11, 11, 12, 12, 12, 12, 11, 12, 13, 13, 12, 10, 10, 11, 12, 13, 13, 12, 13, 13, 10], [11, 12, 11, 13, 13, 13, 12, 13, 12, 13, 13, 10, 11, 13, 13, 13, 13, 11, 13, 10, 10, 11, 11, 13, 13, 10, 12, 13, 12, 10, 12, 13, 10, 13, 11], [10, 11, 13, 10, 13, 10, 10, 12, 11, 13, 13, 10, 11, 13, 11, 10, 12, 13, 11, 11, 12, 13, 13, 12, 11, 12, 13, 10, 12, 11, 12, 10, 11, 10, 12], [13, 11, 10, 10, 13, 12, 11, 11, 13, 12, 10, 11, 13, 13, 10, 10, 12, 12, 12, 12, 11, 11, 12, 13, 11, 13, 13, 10, 13, 13, 11, 11, 12, 12, 11], [11, 12, 11, 12, 11, 11, 10, 10, 10, 13, 12, 11, 10, 12, 10, 10, 12, 12, 12, 13, 11, 13, 11, 10, 13, 13, 10, 13, 13, 10, 11, 10, 12, 12, 10], [11, 10, 11, 10, 10, 12, 10, 10, 12, 12, 10, 11, 12, 13, 10, 13, 10, 12, 11, 10, 10, 10, 10, 11, 12, 12, 10, 12, 13, 11, 11, 11, 10, 13, 13], [11, 10, 10, 12, 12, 11, 13, 10, 12, 12, 11, 10, 10, 12, 13, 11, 11, 13, 13, 13, 10, 10, 12, 10, 12, 11, 11, 10, 10, 12, 13, 10, 11, 11, 10], [13, 13, 13, 13, 12, 10, 11, 13, 10, 12, 10, 10, 11, 11, 13, 13, 10, 13, 12, 10, 11, 10, 12, 13, 13, 12, 12, 10, 12, 10, 10, 11, 13, 10, 11], [13, 13, 11, 10, 13, 10, 12, 12, 11, 11, 10, 12, 12, 11, 13, 11, 11, 13, 11, 11, 12, 10, 11, 13, 11, 12, 13, 13, 13, 10, 13, 10, 11, 10, 12], [10, 10, 12, 10, 11, 10, 11, 13, 11, 12, 10, 12, 13, 13, 11, 13, 12, 11, 13, 13, 13, 13, 13, 12, 11, 10, 10, 11, 10, 10, 12, 12, 10, 13, 13], [10, 13, 13, 11, 13, 13, 11, 12, 12, 10, 10, 12, 12, 11, 13, 10, 11, 11, 11, 10, 11, 13, 11, 13, 13, 12, 13, 11, 11, 11, 12, 12, 10, 10, 13], [13, 10, 10, 13, 10, 12, 11, 13, 10, 13, 10, 12, 13, 13, 13, 11, 10, 10, 11, 13, 10, 11, 10, 10, 12, 12, 12, 12, 10, 10, 11, 12, 13, 10, 10], [11, 13, 13, 12, 13, 12, 12, 13, 12, 12, 13, 12, 12, 11, 12, 10, 10, 11, 11, 10, 11, 11, 10, 12, 11, 10, 11, 11, 12, 12, 11, 13, 11, 11, 13], [10, 11, 10, 10, 12, 13, 12, 12, 13, 11, 10, 10, 11, 12, 12, 10, 11, 10, 10, 13, 11, 13, 12, 13, 10, 12, 12, 13, 11, 13, 12, 10, 13, 11, 12], [10, 13, 12, 13, 11, 10, 11, 10, 10, 11, 12, 10, 10, 10, 12, 12, 12, 10, 12, 10, 12, 12, 10, 13, 10, 11, 12, 12, 12, 10, 11, 11, 11, 11, 10], [10, 11, 11, 12, 12, 12, 11, 12, 12, 11, 12, 10, 13, 13, 11, 13, 10, 12, 11, 11, 13, 13, 12, 11, 11, 13, 12, 11, 10, 12, 12, 10, 13, 11, 12], [13, 10, 13, 12, 11, 13, 10, 12, 13, 11, 11, 11, 13, 11, 11, 12, 10, 11, 11, 12, 13, 10, 13, 11, 10, 12, 12, 10, 12, 12, 13, 10, 11, 10, 10], [13, 11, 13, 12, 10, 13, 11, 12, 10, 10, 10, 12, 10, 11, 10, 11, 12, 11, 10, 12, 12, 10, 13, 10, 11, 11, 13, 13, 10, 10, 11, 13, 10, 10, 12], [13, 10, 11, 10, 12, 12, 10, 12, 13, 13, 11, 13, 12, 12, 13, 12, 11, 11, 12, 13, 13, 10, 13, 11, 12, 10, 13, 12, 13, 13, 12, 11, 11, 12, 12], [12, 10, 11, 11, 13, 11, 10, 10, 11, 13, 13, 10, 12, 12, 11, 11, 13, 10, 10, 11, 10, 10, 13, 12, 13, 12, 10, 11, 11, 11, 13, 10, 10, 11, 11], [13, 12, 10, 11, 10, 12, 13, 12, 13, 13, 13, 13, 12, 12, 11, 13, 12, 10, 11, 10, 11, 11, 12, 11, 12, 11, 10, 11, 12, 12, 10, 11, 10, 11, 13], [10, 11, 10, 13, 11, 13, 12, 11, 11, 10, 13, 12, 12, 10, 13, 13, 12, 10, 11, 13, 13, 10, 13, 12, 13, 12, 10, 10, 13, 10, 10, 10, 10, 13, 10], [13, 11, 13, 10, 11, 13, 12, 10, 10, 11, 13, 11, 10, 12, 11, 12, 13, 11, 11, 13, 13, 11, 12, 13, 11, 12, 10, 10, 11, 13, 10, 13, 10, 10, 12], [12, 11, 10, 10, 10, 12, 13, 11, 11, 10, 12, 10, 13, 11, 13, 11, 12, 13, 13, 11, 11, 10, 12, 13, 10, 10, 13, 10, 13, 11, 12, 10, 13, 10, 12], [13, 11, 12, 12, 11, 11, 13, 12, 13, 11, 11, 13, 10, 11, 13, 12, 10, 12, 11, 11, 11, 10, 11, 10, 12, 13, 12, 13, 10, 13, 11, 10, 10, 12, 12], [12, 10, 12, 11, 11, 12, 10, 12, 10, 10, 12, 10, 10, 10, 12, 12, 10, 12, 11, 10, 12, 11, 11, 12, 10, 10, 13, 10, 12, 10, 10, 13, 13, 13, 11], [10, 13, 11, 13, 11, 13, 11, 13, 13, 11, 13, 12, 13, 10, 12, 12, 13, 12, 11, 11, 10, 11, 11, 10, 12, 10, 10, 10, 13, 10, 13, 10, 11, 11, 10], [11, 11, 13, 11, 12, 10, 10, 11, 13, 10, 10, 11, 10, 10, 11, 11, 10, 12, 13, 11, 10, 11, 12, 10, 13, 10, 11, 13, 12, 10, 11, 11, 13, 12, 10], [11, 13, 11, 12, 12, 12, 13, 10, 13, 12, 10, 12, 11, 11, 11, 12, 12, 12, 12, 12, 13, 11, 12, 12, 10, 13, 10, 11, 10, 10, 10, 13, 11, 12, 13], [11, 13, 10, 10, 13, 10, 10, 11, 12, 10, 10, 10, 13, 12, 11, 12, 10, 10, 11, 12, 11, 10, 10, 11, 12, 12, 12, 13, 12, 10, 12, 11, 12, 13, 11], [10, 10, 12, 11, 12, 12, 13, 11, 10, 11, 10, 13, 13, 12, 10, 11, 12, 13, 11, 13, 12, 12, 12, 11, 13, 11, 13, 13, 13, 12, 13, 13, 12, 10, 12], [10, 12, 12, 10, 11, 13, 11, 13, 11, 12, 10, 11, 10, 10, 12, 10, 11, 12, 13, 13, 10, 11, 13, 12, 13, 10, 11, 13, 11, 12, 13, 13, 12, 12, 12], [10, 12, 10, 10, 12, 11, 11, 10, 12, 11, 10, 13, 13, 12, 10, 11, 12, 12, 13, 11, 12, 11, 13, 13, 10, 11, 12, 12, 12, 11, 12, 12, 10, 12, 12], [11, 10, 13, 12, 11, 10, 10, 12, 12, 12, 11, 11, 10, 10, 13, 11, 11, 12, 11, 11, 13, 13, 10, 13, 10, 13, 12, 11, 12, 12, 10, 13, 12, 13, 11], [11, 13, 11, 11, 10, 12, 11, 11, 12, 11, 11, 13, 11, 11, 13, 10, 10, 10, 12, 12, 11, 11, 13, 10, 13, 12, 11, 11, 10, 10, 13, 12, 10, 12, 12], [12, 11, 13, 12, 11, 10, 11, 11, 11, 11, 11, 11, 11, 10, 10, 12, 10, 12, 11, 13, 11, 10, 11, 12, 10, 12, 12, 11, 13, 12, 12, 10, 12, 10, 13], [10, 12, 12, 11, 12, 11, 10, 13, 11, 10, 13, 11, 11, 10, 12, 13, 12, 12, 10, 11, 13, 11, 13, 10, 12, 10, 10, 12, 11, 10, 13, 13, 12, 13, 13], [11, 12, 10, 11, 12, 12, 12, 12, 10, 12, 12, 11, 12, 10, 13, 11, 11, 11, 11, 13, 13, 10, 12, 13, 11, 13, 10, 11, 11, 13, 11, 10, 10, 11, 12], [11, 10, 13, 10, 11, 12, 11, 11, 10, 12, 10, 11, 10, 13, 11, 13, 11, 12, 11, 11, 13, 10, 10, 13, 13, 10, 12, 11, 13, 12, 12, 12, 10, 12, 12], [12, 10, 11, 11, 13, 13, 11, 10, 11, 10, 12, 10, 13, 12, 12, 11, 11, 13, 13, 13, 10, 13, 11, 11, 10, 12, 12, 10, 11, 13, 12, 11, 12, 12, 10], [13, 12, 11, 13, 10, 12, 11, 10, 13, 13, 13, 10, 13, 13, 13, 12, 10, 11, 13, 12, 10, 10, 10, 11, 11, 11, 11, 11, 11, 13, 13, 12, 11, 12, 13], [10, 10, 10, 10, 10, 10, 12, 11, 13, 11, 13, 11, 11, 10, 13, 12, 11, 11, 13, 10, 13, 12, 12, 13, 12, 12, 11, 13, 10, 13, 12, 13, 13, 11, 10], [10, 12, 11, 12, 11, 13, 11, 13, 12, 13, 13, 10, 12, 13, 13, 11, 11, 12, 13, 12, 11, 13, 11, 12, 13, 12, 12, 11, 10, 13, 11, 11, 10, 11, 11], [10, 12, 10, 10, 13, 10, 13, 11, 13, 13, 11, 11, 11, 11, 10, 13, 13, 12, 11, 13, 13, 10, 11, 10, 10, 10, 13, 13, 12, 12, 10, 13, 13, 10, 11], [10, 10, 11, 11, 13, 12, 12, 10, 11, 11, 13, 12, 10, 13, 11, 10, 13, 13, 11, 11, 11, 11, 10, 11, 13, 13, 12, 12, 10, 11, 13, 12, 10, 12, 11], [11, 13, 13, 13, 12, 11, 13, 11, 11, 12, 10, 13, 11, 13, 13, 12, 13, 10, 13, 12, 13, 12, 12, 11, 10, 10, 11, 13, 12, 10, 12, 13, 11, 13, 12], [10, 12, 13, 12, 13, 11, 10, 12, 11, 10, 12, 10, 11, 10, 10, 11, 11, 12, 12, 11, 13, 10, 12, 13, 11, 11, 10, 13, 11, 12, 11, 12, 12, 11, 11], [11, 10, 13, 12, 13, 10, 11, 13, 10, 13, 11, 11, 13, 11, 13, 12, 13, 11, 12, 13, 10, 12, 11, 13, 10, 13, 10, 10, 11, 12, 12, 13, 11, 12, 11], [11, 11, 10, 13, 12, 11, 13, 10, 12, 10, 13, 11, 12, 10, 10, 11, 10, 10, 12, 12, 12, 11, 10, 11, 12, 13, 10, 10, 10, 10, 10, 13, 11, 13, 10], [12, 13, 10, 11, 11, 10, 11, 13, 13, 11, 12, 13, 13, 11, 13, 11, 12, 11, 10, 10, 11, 10, 10, 13, 13, 11, 13, 12, 13, 12, 12, 13, 11, 10, 13], [12, 12, 12, 12, 13, 11, 12, 11, 12, 12, 13, 11, 10, 11, 11, 11, 10, 10, 10, 10, 13, 11, 11, 13, 12, 10, 10, 10, 12, 13, 12, 10, 12, 13, 11], [12, 12, 12, 13, 13, 12, 10, 12, 11, 11, 12, 11, 11, 13, 12, 12, 12, 10, 13, 10, 10, 10, 11, 13, 10, 11, 11, 12, 11, 11, 13, 13, 13, 13, 13]]
Inventory holding cost per unit of each product by the end of each period h: 
[[7, 9, 7, 5, 7, 9, 7, 7, 7, 9, 8, 8, 8, 6, 5, 6, 9, 7, 8, 9, 5, 5, 5, 7, 8, 8, 6, 6, 8, 8, 5, 9, 5, 5, 6], [8, 7, 9, 6, 8, 9, 5, 8, 7, 5, 6, 5, 5, 9, 9, 7, 9, 8, 5, 6, 6, 9, 9, 7, 8, 6, 5, 6, 7, 5, 5, 5, 7, 9, 9], [5, 7, 5, 5, 6, 9, 7, 9, 6, 6, 9, 8, 6, 6, 9, 5, 8, 6, 9, 7, 6, 5, 6, 8, 5, 7, 9, 8, 9, 8, 7, 6, 6, 5, 6], [8, 8, 6, 6, 8, 8, 8, 6, 9, 6, 5, 7, 5, 9, 9, 9, 7, 7, 8, 7, 8, 7, 5, 6, 9, 5, 5, 6, 5, 6, 8, 8, 8, 7, 7], [6, 5, 6, 6, 8, 7, 7, 7, 5, 5, 6, 6, 7, 5, 7, 7, 6, 8, 7, 9, 6, 7, 5, 9, 7, 7, 7, 6, 9, 8, 9, 6, 8, 8, 7], [9, 7, 5, 5, 5, 7, 9, 8, 9, 7, 6, 6, 7, 9, 5, 5, 9, 7, 5, 8, 7, 8, 8, 9, 8, 8, 7, 5, 9, 8, 5, 6, 6, 7, 6], [6, 9, 5, 9, 6, 9, 5, 9, 7, 9, 5, 8, 6, 8, 9, 6, 7, 9, 8, 7, 7, 6, 5, 8, 9, 5, 5, 5, 8, 8, 9, 7, 5, 5, 8], [9, 5, 8, 6, 8, 7, 6, 9, 9, 5, 6, 6, 5, 5, 7, 7, 7, 8, 8, 5, 8, 5, 8, 6, 6, 6, 5, 8, 9, 9, 8, 6, 5, 5, 9], [6, 8, 7, 9, 9, 5, 8, 6, 7, 6, 5, 7, 5, 5, 7, 7, 5, 9, 5, 7, 6, 9, 6, 7, 6, 5, 9, 5, 9, 6, 5, 9, 7, 7, 5], [6, 9, 8, 7, 5, 7, 9, 5, 7, 9, 9, 8, 9, 8, 9, 5, 9, 6, 6, 7, 8, 6, 7, 8, 5, 6, 8, 5, 5, 5, 7, 5, 9, 7, 5], [5, 6, 8, 7, 5, 8, 8, 8, 8, 8, 7, 6, 7, 5, 8, 6, 6, 6, 7, 7, 5, 9, 8, 8, 9, 7, 7, 8, 6, 7, 6, 6, 8, 7, 8], [8, 7, 9, 6, 8, 6, 9, 6, 7, 8, 6, 5, 8, 9, 8, 6, 9, 5, 9, 9, 8, 6, 5, 7, 9, 8, 9, 7, 9, 5, 9, 7, 6, 9, 7], [6, 9, 5, 5, 9, 9, 7, 9, 9, 9, 5, 6, 6, 9, 9, 6, 6, 5, 7, 5, 9, 8, 5, 6, 5, 6, 8, 8, 9, 5, 7, 9, 6, 8, 5], [9, 7, 8, 7, 9, 7, 5, 5, 8, 5, 6, 7, 5, 6, 9, 5, 5, 5, 9, 8, 8, 9, 8, 9, 8, 6, 6, 5, 5, 8, 5, 5, 7, 5, 5], [7, 6, 6, 6, 7, 9, 6, 6, 9, 8, 8, 8, 8, 8, 9, 6, 9, 8, 5, 6, 7, 5, 6, 5, 7, 8, 9, 8, 7, 7, 6, 7, 7, 7, 7], [6, 5, 5, 9, 7, 7, 6, 8, 8, 7, 8, 8, 7, 9, 5, 8, 5, 8, 6, 9, 6, 8, 5, 6, 5, 6, 6, 8, 9, 9, 6, 6, 9, 7, 7], [5, 8, 6, 8, 6, 5, 8, 5, 9, 5, 8, 8, 5, 9, 8, 7, 5, 7, 8, 6, 5, 7, 8, 5, 5, 6, 8, 8, 7, 5, 8, 5, 5, 6, 6], [8, 6, 8, 5, 7, 7, 6, 8, 8, 5, 9, 8, 5, 8, 8, 5, 9, 8, 7, 6, 8, 6, 7, 9, 9, 7, 6, 8, 8, 5, 6, 9, 9, 8, 5], [7, 5, 5, 7, 6, 5, 5, 5, 7, 5, 5, 7, 5, 7, 7, 5, 7, 5, 5, 5, 6, 7, 7, 8, 7, 5, 5, 9, 6, 9, 6, 6, 5, 6, 8], [5, 8, 8, 8, 7, 5, 6, 7, 5, 7, 6, 6, 9, 7, 9, 6, 7, 8, 6, 7, 7, 6, 7, 6, 8, 9, 6, 6, 5, 5, 9, 9, 9, 8, 5], [6, 8, 6, 6, 8, 5, 5, 7, 9, 5, 7, 8, 5, 9, 5, 9, 5, 7, 9, 9, 5, 8, 5, 8, 9, 5, 9, 7, 5, 8, 9, 5, 8, 9, 6], [6, 5, 5, 9, 8, 5, 5, 7, 9, 7, 9, 8, 7, 5, 5, 8, 5, 6, 5, 7, 7, 7, 7, 6, 7, 6, 5, 8, 5, 9, 5, 5, 7, 5, 8], [8, 9, 8, 7, 5, 5, 9, 7, 9, 8, 8, 9, 7, 6, 7, 7, 8, 8, 7, 9, 5, 5, 6, 6, 6, 8, 5, 6, 7, 5, 9, 9, 7, 5, 5], [5, 5, 6, 7, 5, 8, 8, 6, 7, 5, 9, 5, 7, 9, 8, 9, 8, 5, 9, 6, 8, 7, 6, 9, 6, 6, 9, 6, 5, 5, 6, 6, 7, 5, 8], [8, 7, 6, 5, 6, 5, 7, 9, 8, 5, 5, 5, 8, 6, 6, 9, 7, 7, 5, 7, 8, 8, 8, 8, 5, 8, 9, 8, 8, 7, 7, 9, 9, 8, 7], [6, 5, 7, 7, 9, 8, 9, 6, 7, 6, 7, 6, 9, 8, 6, 5, 6, 8, 7, 8, 5, 6, 9, 7, 5, 5, 9, 7, 8, 8, 9, 5, 7, 9, 9], [6, 5, 5, 7, 5, 5, 5, 7, 7, 8, 9, 7, 9, 9, 6, 8, 5, 7, 9, 9, 5, 8, 7, 5, 8, 5, 7, 6, 8, 8, 7, 9, 5, 7, 8], [9, 9, 5, 6, 7, 8, 5, 8, 6, 6, 8, 9, 7, 9, 7, 5, 7, 5, 8, 8, 8, 9, 9, 9, 5, 5, 8, 7, 6, 8, 5, 6, 9, 8, 5], [9, 7, 6, 5, 6, 7, 5, 7, 8, 9, 8, 9, 7, 5, 9, 6, 8, 5, 7, 7, 7, 7, 6, 6, 6, 5, 8, 5, 7, 7, 7, 7, 8, 7, 5], [8, 8, 7, 5, 8, 5, 7, 8, 9, 5, 8, 6, 9, 9, 9, 6, 6, 9, 9, 5, 9, 8, 6, 8, 5, 5, 5, 7, 5, 8, 9, 9, 8, 9, 8], [7, 9, 7, 6, 9, 9, 6, 9, 6, 8, 8, 8, 7, 7, 7, 5, 5, 7, 5, 6, 7, 6, 5, 8, 7, 8, 8, 6, 9, 9, 8, 7, 5, 5, 8], [7, 6, 8, 9, 5, 6, 8, 7, 5, 8, 7, 8, 6, 5, 6, 9, 7, 7, 5, 8, 7, 6, 8, 9, 7, 8, 5, 7, 6, 6, 7, 6, 8, 5, 7], [5, 5, 7, 6, 7, 7, 6, 9, 8, 6, 8, 5, 8, 7, 6, 7, 8, 6, 8, 8, 9, 6, 5, 6, 9, 8, 7, 8, 9, 5, 6, 6, 8, 6, 6], [9, 5, 7, 7, 6, 6, 7, 6, 6, 8, 9, 6, 9, 9, 7, 9, 5, 6, 6, 6, 5, 5, 9, 8, 9, 6, 5, 5, 5, 8, 7, 8, 7, 8, 5], [9, 5, 5, 7, 6, 5, 7, 9, 5, 9, 7, 5, 7, 9, 6, 6, 7, 8, 7, 7, 8, 9, 9, 5, 6, 8, 8, 6, 8, 5, 8, 6, 5, 8, 9], [8, 9, 6, 6, 5, 9, 7, 7, 5, 8, 9, 9, 8, 9, 7, 8, 6, 7, 9, 7, 9, 8, 7, 9, 6, 9, 5, 5, 5, 8, 8, 8, 7, 9, 9], [6, 9, 9, 8, 5, 6, 5, 5, 9, 6, 6, 7, 9, 9, 8, 9, 8, 5, 6, 7, 5, 7, 7, 6, 7, 7, 6, 5, 9, 6, 9, 5, 6, 8, 6], [6, 5, 6, 9, 6, 9, 6, 5, 8, 8, 8, 9, 9, 5, 8, 8, 9, 7, 8, 5, 5, 6, 7, 9, 5, 9, 7, 8, 8, 6, 7, 7, 6, 8, 9], [7, 6, 7, 5, 6, 7, 8, 7, 8, 6, 9, 5, 7, 5, 7, 9, 8, 5, 5, 5, 8, 6, 9, 6, 5, 6, 6, 8, 9, 6, 8, 5, 9, 7, 9], [5, 5, 9, 5, 8, 9, 9, 6, 8, 5, 6, 6, 6, 9, 6, 7, 8, 7, 6, 6, 9, 8, 8, 8, 5, 9, 6, 8, 9, 9, 9, 8, 7, 7, 5], [7, 9, 8, 6, 6, 5, 6, 9, 9, 9, 8, 8, 5, 6, 5, 6, 8, 6, 9, 7, 5, 6, 5, 6, 6, 9, 8, 6, 7, 5, 9, 8, 5, 7, 8], [5, 5, 7, 9, 8, 8, 7, 7, 9, 5, 5, 6, 7, 6, 7, 7, 9, 7, 9, 6, 9, 8, 9, 5, 5, 6, 6, 8, 8, 5, 9, 5, 9, 9, 6], [6, 8, 9, 5, 9, 9, 6, 5, 5, 7, 5, 7, 7, 7, 5, 5, 6, 5, 5, 6, 6, 6, 5, 5, 5, 8, 9, 5, 5, 7, 8, 9, 5, 6, 6], [9, 6, 6, 9, 9, 6, 7, 5, 5, 5, 6, 9, 6, 6, 5, 7, 6, 7, 8, 5, 7, 8, 7, 5, 6, 6, 5, 8, 9, 7, 6, 5, 8, 5, 8], [8, 6, 7, 7, 9, 8, 9, 5, 7, 8, 9, 9, 7, 8, 5, 8, 6, 7, 7, 5, 9, 9, 6, 9, 6, 9, 8, 7, 8, 5, 8, 9, 8, 6, 5], [9, 6, 7, 7, 8, 8, 5, 8, 7, 5, 8, 8, 7, 6, 8, 5, 9, 6, 8, 6, 8, 7, 8, 7, 5, 6, 5, 5, 9, 7, 8, 9, 6, 9, 6], [5, 7, 8, 5, 7, 8, 7, 6, 8, 5, 8, 9, 5, 7, 5, 8, 6, 9, 5, 5, 5, 7, 9, 9, 6, 9, 9, 5, 8, 8, 8, 5, 6, 6, 9], [5, 5, 7, 7, 6, 9, 6, 9, 7, 7, 8, 6, 7, 7, 7, 9, 9, 6, 9, 8, 5, 5, 5, 8, 5, 5, 9, 5, 6, 9, 5, 6, 7, 5, 6], [7, 9, 8, 5, 9, 7, 8, 7, 7, 8, 7, 7, 5, 8, 6, 8, 9, 8, 9, 8, 6, 6, 5, 9, 8, 6, 8, 5, 6, 6, 7, 7, 5, 5, 8], [8, 7, 8, 9, 7, 6, 6, 8, 5, 5, 8, 6, 7, 9, 8, 8, 6, 9, 9, 7, 7, 8, 6, 8, 8, 5, 6, 7, 9, 6, 5, 8, 9, 7, 7], [6, 6, 7, 8, 5, 5, 6, 7, 7, 5, 8, 8, 6, 8, 9, 5, 7, 7, 9, 9, 7, 8, 5, 5, 8, 6, 6, 6, 7, 7, 7, 7, 7, 5, 9], [7, 8, 9, 7, 7, 9, 6, 8, 9, 6, 8, 7, 5, 7, 5, 6, 7, 7, 6, 5, 7, 8, 6, 7, 6, 5, 7, 6, 6, 9, 8, 8, 8, 8, 9], [5, 7, 9, 5, 5, 5, 6, 7, 5, 7, 9, 9, 6, 8, 7, 6, 9, 6, 8, 6, 5, 6, 7, 6, 8, 7, 8, 8, 5, 5, 9, 7, 9, 6, 5], [7, 9, 6, 8, 6, 7, 8, 5, 6, 9, 9, 9, 9, 8, 8, 5, 5, 5, 5, 6, 5, 5, 6, 5, 8, 6, 7, 6, 8, 8, 8, 6, 9, 8, 9], [8, 8, 8, 6, 9, 9, 8, 9, 5, 5, 9, 7, 7, 6, 5, 7, 5, 6, 6, 8, 9, 5, 6, 5, 6, 8, 7, 5, 6, 5, 9, 8, 6, 8, 8], [7, 9, 9, 8, 5, 9, 9, 9, 5, 8, 8, 5, 6, 5, 7, 9, 7, 7, 7, 6, 9, 5, 8, 5, 7, 6, 6, 7, 5, 6, 6, 5, 6, 7, 7], [8, 9, 6, 8, 5, 7, 5, 7, 9, 9, 6, 9, 7, 9, 7, 5, 6, 7, 5, 7, 8, 8, 6, 5, 6, 8, 7, 9, 5, 7, 5, 5, 8, 8, 8], [6, 6, 9, 9, 9, 6, 9, 9, 6, 9, 6, 6, 6, 5, 7, 9, 6, 7, 7, 8, 8, 6, 9, 5, 9, 6, 7, 9, 7, 5, 6, 9, 5, 6, 5], [9, 9, 9, 8, 5, 8, 5, 7, 6, 6, 8, 7, 7, 8, 9, 5, 6, 6, 6, 9, 6, 6, 9, 8, 6, 9, 6, 6, 9, 6, 6, 6, 7, 7, 7], [7, 7, 8, 8, 8, 6, 7, 9, 5, 6, 7, 8, 7, 8, 8, 9, 9, 8, 7, 7, 6, 7, 5, 8, 7, 6, 6, 5, 8, 7, 7, 8, 9, 9, 6], [5, 6, 8, 7, 9, 9, 5, 7, 7, 8, 8, 9, 9, 9, 5, 5, 9, 8, 8, 9, 6, 7, 9, 8, 5, 8, 8, 7, 8, 9, 7, 7, 9, 5, 7], [5, 9, 5, 5, 8, 8, 7, 6, 7, 6, 8, 8, 8, 8, 6, 8, 8, 8, 8, 8, 8, 9, 9, 8, 9, 8, 6, 8, 8, 7, 8, 7, 6, 6, 7], [7, 5, 6, 7, 6, 7, 6, 9, 9, 9, 6, 9, 9, 5, 9, 7, 6, 6, 5, 6, 6, 5, 9, 5, 5, 9, 9, 8, 8, 5, 6, 6, 5, 7, 7], [8, 9, 5, 7, 9, 6, 5, 9, 6, 9, 6, 5, 6, 5, 5, 9, 5, 5, 7, 5, 6, 6, 9, 8, 5, 5, 8, 8, 8, 6, 9, 7, 5, 9, 8], [9, 7, 9, 7, 9, 5, 5, 5, 9, 8, 6, 6, 8, 7, 8, 6, 9, 8, 6, 7, 6, 6, 7, 6, 9, 8, 6, 5, 8, 7, 7, 7, 5, 6, 7], [8, 9, 6, 9, 7, 5, 7, 5, 8, 6, 5, 6, 5, 5, 8, 9, 5, 9, 8, 9, 5, 9, 8, 5, 5, 6, 9, 6, 6, 6, 5, 8, 5, 8, 6], [8, 7, 9, 5, 8, 5, 7, 8, 5, 6, 6, 7, 8, 6, 5, 9, 9, 7, 6, 8, 6, 9, 9, 6, 6, 5, 7, 9, 9, 5, 5, 8, 7, 8, 6], [7, 5, 9, 7, 6, 7, 8, 9, 6, 8, 6, 8, 7, 8, 7, 6, 7, 5, 9, 8, 9, 5, 6, 9, 9, 6, 6, 6, 8, 5, 6, 6, 9, 9, 6], [8, 6, 7, 9, 9, 9, 7, 6, 6, 9, 5, 6, 5, 5, 6, 8, 7, 5, 7, 9, 6, 9, 8, 9, 9, 5, 6, 8, 9, 9, 7, 9, 5, 6, 7], [8, 9, 8, 8, 5, 6, 5, 6, 8, 7, 6, 6, 5, 5, 7, 7, 6, 9, 5, 5, 8, 8, 7, 6, 7, 8, 7, 6, 9, 6, 6, 8, 7, 9, 6], [6, 6, 8, 8, 8, 5, 8, 8, 7, 6, 7, 6, 5, 6, 8, 5, 9, 8, 9, 5, 9, 8, 5, 5, 5, 8, 8, 9, 9, 9, 6, 6, 8, 9, 9], [5, 8, 7, 6, 8, 7, 7, 9, 9, 8, 8, 9, 6, 5, 6, 6, 6, 7, 6, 5, 9, 5, 5, 6, 5, 7, 8, 8, 8, 5, 8, 8, 8, 6, 8], [5, 6, 5, 5, 6, 5, 7, 9, 8, 6, 8, 7, 9, 9, 8, 8, 5, 5, 9, 8, 9, 8, 5, 8, 5, 8, 5, 7, 7, 7, 5, 5, 6, 9, 9], [8, 6, 5, 7, 7, 7, 6, 6, 9, 7, 6, 5, 7, 5, 8, 8, 9, 7, 6, 9, 9, 5, 6, 5, 6, 7, 5, 7, 6, 8, 9, 8, 8, 6, 6], [8, 9, 6, 7, 8, 5, 5, 6, 7, 6, 8, 6, 6, 7, 7, 8, 5, 8, 8, 6, 7, 8, 7, 9, 9, 9, 7, 7, 9, 6, 9, 9, 7, 6, 9]]
Demand for each product in each period d: 
[[35, 35, 26, 21, 48, 15, 23, 11, 26, 28, 14, 3, 26, 43, 24, 26, 36, 15, 39, 12, 0, 46, 9, 6, 5, 19, 33, 1, 27, 18, 24, 21, 8, 29, 30], [21, 25, 27, 27, 1, 9, 33, 0, 0, 45, 47, 11, 1, 1, 35, 4, 46, 17, 13, 5, 45, 8, 18, 15, 47, 40, 16, 30, 46, 9, 0, 3, 10, 16, 34], [0, 38, 7, 0, 6, 0, 34, 30, 34, 33, 49, 32, 5, 22, 39, 27, 27, 42, 8, 4, 41, 3, 0, 6, 19, 0, 34, 28, 23, 16, 7, 30, 29, 10, 22], [36, 42, 8, 39, 6, 2, 7, 48, 24, 20, 34, 29, 40, 39, 28, 20, 27, 16, 18, 7, 0, 0, 40, 25, 39, 0, 9, 18, 1, 32, 13, 39, 18, 10, 4], [47, 32, 47, 13, 28, 25, 22, 23, 0, 21, 41, 24, 25, 0, 18, 16, 26, 19, 6, 32, 43, 5, 37, 33, 41, 14, 42, 0, 0, 34, 7, 24, 45, 36, 41], [13, 15, 23, 45, 39, 10, 4, 7, 0, 32, 0, 8, 9, 48, 32, 1, 25, 8, 39, 43, 8, 26, 13, 8, 20, 21, 5, 39, 46, 18, 46, 47, 23, 36, 9], [28, 0, 28, 7, 17, 14, 39, 16, 37, 0, 13, 45, 34, 17, 1, 29, 36, 48, 19, 49, 17, 43, 18, 17, 30, 28, 37, 46, 5, 7, 34, 14, 27, 31, 7], [9, 31, 48, 36, 25, 28, 34, 7, 37, 18, 31, 31, 40, 40, 6, 12, 48, 11, 1, 23, 36, 40, 36, 36, 27, 4, 24, 10, 33, 47, 39, 49, 33, 6, 7], [0, 20, 9, 48, 21, 11, 0, 49, 38, 7, 45, 32, 1, 35, 42, 18, 20, 16, 7, 39, 13, 48, 29, 34, 0, 23, 42, 34, 11, 5, 1, 25, 1, 41, 4], [0, 32, 1, 19, 38, 43, 1, 42, 46, 35, 22, 40, 37, 10, 21, 38, 8, 0, 8, 0, 24, 44, 5, 7, 46, 36, 36, 22, 0, 30, 7, 14, 4, 41, 47], [49, 17, 48, 47, 38, 25, 10, 0, 23, 13, 21, 43, 28, 49, 32, 33, 35, 27, 46, 45, 38, 23, 8, 6, 38, 14, 26, 28, 31, 11, 22, 30, 32, 0, 15], [8, 13, 29, 20, 26, 11, 38, 2, 25, 34, 27, 19, 4, 19, 27, 18, 36, 39, 23, 24, 14, 3, 18, 45, 35, 0, 17, 41, 15, 23, 31, 1, 4, 49, 20], [21, 0, 2, 16, 8, 34, 29, 47, 18, 29, 30, 34, 25, 11, 47, 27, 43, 20, 38, 10, 37, 0, 2, 10, 48, 0, 44, 17, 3, 45, 19, 0, 39, 3, 23], [27, 8, 38, 0, 39, 16, 7, 8, 11, 16, 0, 0, 13, 30, 29, 0, 48, 22, 42, 17, 21, 27, 24, 15, 12, 27, 23, 0, 48, 41, 5, 0, 23, 9, 44], [27, 40, 3, 6, 15, 48, 0, 8, 44, 28, 39, 36, 12, 14, 5, 42, 24, 10, 49, 19, 1, 13, 12, 29, 35, 0, 11, 11, 19, 32, 28, 11, 23, 3, 0], [16, 48, 22, 0, 28, 20, 7, 34, 28, 35, 36, 40, 12, 0, 31, 5, 3, 15, 0, 32, 49, 40, 8, 37, 32, 3, 0, 19, 23, 0, 18, 12, 1, 7, 39], [1, 42, 1, 39, 45, 18, 18, 25, 42, 31, 0, 30, 22, 33, 35, 27, 22, 12, 29, 14, 30, 15, 0, 21, 9, 18, 23, 48, 29, 9, 5, 27, 28, 37, 36], [7, 4, 5, 0, 33, 4, 23, 45, 31, 3, 5, 0, 12, 3, 44, 29, 33, 33, 43, 31, 48, 37, 40, 36, 5, 38, 12, 22, 43, 0, 11, 27, 30, 12, 45], [19, 33, 32, 33, 35, 46, 6, 26, 35, 25, 20, 24, 4, 23, 24, 37, 48, 19, 3, 7, 47, 48, 26, 17, 20, 8, 5, 45, 33, 21, 35, 38, 26, 28, 0], [1, 0, 6, 14, 10, 16, 20, 35, 21, 6, 0, 23, 12, 33, 31, 0, 0, 45, 34, 1, 39, 9, 21, 39, 16, 20, 45, 24, 44, 33, 15, 23, 21, 25, 27], [31, 26, 12, 37, 7, 24, 34, 37, 5, 0, 20, 42, 14, 42, 0, 29, 15, 0, 36, 28, 16, 26, 17, 12, 21, 17, 36, 13, 20, 48, 26, 38, 39, 47, 21], [25, 46, 49, 0, 18, 29, 25, 49, 2, 48, 40, 42, 43, 35, 36, 45, 36, 15, 32, 28, 15, 26, 31, 5, 15, 23, 16, 28, 23, 35, 32, 49, 26, 21, 34], [6, 12, 7, 9, 19, 1, 27, 23, 27, 15, 7, 39, 44, 0, 2, 35, 31, 40, 6, 1, 10, 38, 35, 34, 12, 9, 19, 39, 47, 1, 3, 47, 7, 29, 48], [34, 21, 13, 18, 45, 42, 36, 6, 36, 10, 15, 21, 17, 0, 21, 38, 23, 7, 49, 15, 31, 9, 41, 21, 13, 1, 14, 36, 47, 23, 35, 38, 38, 34, 45], [49, 2, 27, 30, 4, 0, 7, 12, 37, 4, 45, 29, 26, 44, 38, 24, 18, 22, 11, 39, 9, 18, 0, 11, 18, 40, 2, 7, 4, 25, 32, 31, 4, 28, 19], [21, 31, 29, 39, 46, 11, 27, 0, 8, 0, 16, 6, 0, 2, 37, 15, 40, 28, 29, 43, 49, 36, 40, 5, 25, 17, 49, 13, 41, 0, 16, 44, 40, 1, 25], [39, 11, 22, 32, 17, 20, 49, 21, 17, 37, 37, 19, 5, 22, 16, 34, 0, 25, 17, 2, 46, 6, 21, 42, 11, 3, 0, 6, 38, 8, 27, 12, 19, 26, 44], [16, 5, 21, 39, 25, 45, 34, 3, 24, 21, 49, 12, 42, 18, 33, 18, 11, 9, 0, 4, 11, 47, 2, 35, 15, 27, 6, 16, 45, 18, 17, 14, 36, 32, 43], [33, 42, 26, 35, 24, 14, 10, 46, 28, 16, 39, 27, 5, 30, 23, 22, 27, 2, 43, 36, 20, 5, 19, 34, 5, 3, 29, 24, 22, 0, 7, 9, 48, 15, 20], [24, 21, 29, 37, 11, 35, 2, 29, 36, 8, 20, 35, 0, 48, 18, 0, 33, 46, 1, 48, 21, 39, 31, 19, 47, 11, 37, 0, 14, 39, 48, 47, 24, 34, 8], [41, 30, 42, 46, 2, 17, 46, 16, 28, 48, 36, 20, 45, 6, 5, 8, 39, 1, 13, 26, 0, 37, 15, 29, 0, 31, 11, 36, 38, 17, 18, 48, 0, 9, 17], [43, 22, 34, 32, 38, 36, 16, 36, 21, 24, 13, 33, 28, 35, 11, 47, 34, 48, 0, 18, 39, 42, 1, 37, 48, 11, 35, 31, 47, 32, 46, 38, 47, 21, 47], [38, 0, 30, 9, 11, 25, 33, 48, 46, 30, 4, 0, 24, 44, 19, 39, 42, 41, 37, 38, 1, 48, 42, 12, 11, 0, 47, 4, 9, 40, 27, 4, 37, 17, 4], [30, 6, 46, 9, 15, 16, 40, 8, 25, 32, 11, 15, 31, 28, 7, 43, 44, 5, 48, 35, 18, 40, 27, 38, 43, 0, 45, 4, 36, 18, 10, 13, 47, 9, 9], [1, 36, 25, 15, 15, 4, 0, 46, 33, 2, 16, 3, 15, 21, 34, 46, 16, 18, 15, 23, 20, 0, 42, 3, 21, 2, 24, 0, 38, 35, 21, 23, 44, 20, 28], [0, 27, 22, 39, 45, 29, 18, 8, 45, 12, 12, 40, 17, 24, 4, 13, 43, 15, 27, 24, 7, 25, 48, 32, 28, 42, 7, 25, 31, 5, 26, 10, 23, 36, 40], [18, 14, 3, 30, 19, 4, 29, 29, 18, 15, 36, 14, 27, 2, 36, 41, 38, 2, 11, 41, 10, 36, 2, 17, 42, 43, 43, 45, 47, 9, 5, 0, 7, 27, 34], [3, 44, 31, 14, 47, 9, 39, 24, 10, 24, 5, 6, 22, 12, 21, 17, 44, 9, 36, 31, 33, 39, 10, 27, 2, 8, 9, 25, 2, 7, 43, 0, 5, 43, 2], [43, 9, 31, 38, 9, 40, 22, 6, 23, 26, 6, 33, 26, 30, 48, 44, 14, 46, 18, 21, 5, 33, 20, 49, 17, 31, 47, 49, 38, 9, 29, 6, 46, 34, 18], [0, 21, 3, 21, 26, 3, 40, 26, 47, 18, 0, 48, 8, 0, 25, 37, 23, 11, 2, 44, 25, 8, 20, 34, 40, 0, 20, 29, 27, 0, 35, 31, 22, 0, 17], [0, 3, 34, 38, 8, 8, 0, 13, 27, 21, 0, 0, 49, 2, 19, 23, 47, 42, 44, 33, 9, 39, 5, 39, 20, 8, 0, 12, 44, 47, 42, 23, 19, 29, 43], [13, 14, 42, 3, 17, 43, 46, 26, 25, 23, 3, 2, 37, 0, 14, 17, 2, 31, 49, 21, 25, 42, 37, 19, 9, 31, 46, 16, 5, 0, 44, 24, 3, 10, 15], [32, 17, 40, 35, 11, 3, 46, 34, 36, 13, 12, 19, 8, 45, 38, 36, 31, 7, 20, 28, 34, 0, 0, 0, 29, 46, 15, 14, 15, 42, 9, 47, 43, 47, 9], [48, 23, 0, 25, 31, 33, 27, 49, 27, 10, 0, 10, 44, 3, 30, 39, 40, 42, 10, 41, 24, 0, 9, 20, 31, 28, 34, 47, 36, 20, 25, 2, 0, 4, 0], [2, 25, 22, 39, 48, 26, 21, 1, 40, 38, 16, 22, 40, 29, 23, 23, 24, 26, 49, 0, 30, 24, 40, 0, 1, 1, 32, 47, 25, 6, 33, 22, 24, 33, 31], [23, 22, 39, 31, 26, 41, 20, 32, 10, 45, 37, 12, 27, 44, 36, 15, 37, 21, 3, 17, 24, 39, 48, 36, 6, 3, 31, 29, 9, 28, 36, 4, 31, 5, 43], [17, 43, 38, 16, 22, 9, 22, 46, 15, 40, 45, 42, 17, 2, 34, 11, 0, 23, 11, 43, 27, 14, 37, 29, 17, 49, 38, 6, 23, 4, 15, 2, 1, 11, 6], [42, 48, 39, 29, 6, 18, 42, 27, 48, 38, 16, 18, 25, 44, 31, 29, 31, 40, 7, 32, 45, 9, 24, 26, 18, 49, 31, 12, 13, 14, 39, 27, 16, 40, 32], [41, 27, 21, 10, 12, 11, 3, 43, 35, 14, 41, 28, 8, 19, 30, 15, 23, 30, 13, 44, 38, 38, 0, 36, 26, 34, 10, 0, 12, 42, 29, 1, 17, 14, 20], [46, 0, 16, 32, 1, 15, 28, 2, 14, 40, 37, 45, 35, 8, 46, 25, 9, 25, 17, 42, 24, 0, 47, 9, 35, 33, 5, 30, 5, 7, 39, 32, 35, 17, 38], [5, 27, 47, 0, 44, 33, 10, 41, 41, 8, 23, 42, 46, 49, 31, 26, 33, 17, 0, 10, 3, 4, 1, 45, 16, 0, 2, 48, 33, 17, 5, 46, 33, 22, 28], [34, 0, 15, 35, 2, 42, 21, 39, 43, 3, 42, 25, 49, 18, 41, 41, 0, 46, 39, 40, 43, 21, 44, 15, 42, 38, 49, 23, 28, 2, 24, 6, 25, 37, 46], [41, 15, 4, 32, 24, 14, 25, 26, 31, 21, 10, 33, 38, 9, 20, 20, 0, 6, 49, 37, 21, 15, 0, 17, 3, 16, 3, 2, 38, 33, 0, 13, 2, 39, 33], [17, 16, 0, 22, 0, 46, 3, 45, 33, 12, 36, 49, 42, 20, 49, 10, 9, 5, 15, 0, 42, 30, 26, 8, 44, 49, 11, 39, 11, 13, 19, 15, 22, 20, 0], [35, 45, 2, 37, 15, 0, 35, 28, 40, 22, 13, 11, 35, 1, 29, 9, 41, 13, 24, 38, 45, 1, 44, 28, 22, 35, 31, 41, 40, 5, 1, 27, 31, 6, 20], [38, 12, 0, 30, 10, 11, 5, 10, 22, 5, 10, 17, 25, 1, 31, 13, 4, 39, 15, 7, 9, 43, 35, 43, 5, 6, 34, 5, 35, 46, 35, 6, 34, 25, 36], [4, 21, 6, 31, 44, 45, 27, 17, 36, 2, 32, 12, 25, 31, 28, 4, 9, 16, 0, 29, 30, 0, 19, 36, 37, 0, 23, 28, 2, 27, 0, 11, 38, 11, 49], [25, 14, 41, 17, 34, 40, 7, 8, 17, 0, 8, 20, 28, 0, 29, 3, 37, 13, 1, 14, 20, 16, 16, 30, 17, 1, 34, 13, 17, 4, 43, 40, 30, 21, 38], [7, 0, 5, 7, 2, 44, 6, 36, 18, 39, 4, 23, 12, 32, 27, 42, 2, 17, 23, 17, 33, 27, 19, 0, 5, 27, 39, 18, 10, 24, 6, 21, 31, 24, 41], [11, 48, 43, 17, 24, 34, 2, 0, 14, 23, 9, 36, 34, 1, 34, 22, 32, 26, 40, 1, 11, 1, 17, 12, 48, 19, 45, 7, 0, 0, 7, 46, 29, 45, 41], [31, 25, 7, 17, 13, 45, 2, 2, 1, 22, 30, 39, 25, 3, 37, 14, 14, 4, 43, 43, 42, 22, 12, 13, 34, 32, 20, 0, 31, 22, 5, 38, 47, 33, 8], [36, 39, 0, 24, 34, 46, 26, 21, 15, 38, 6, 10, 27, 39, 41, 3, 0, 30, 22, 48, 24, 46, 48, 40, 8, 11, 26, 3, 43, 9, 26, 36, 31, 11, 17], [43, 0, 11, 31, 40, 37, 9, 37, 24, 0, 27, 27, 9, 24, 0, 49, 35, 22, 0, 14, 0, 1, 9, 29, 43, 27, 39, 13, 47, 39, 18, 22, 16, 46, 23], [39, 42, 7, 37, 35, 1, 26, 49, 1, 21, 46, 29, 15, 5, 16, 14, 15, 5, 40, 1, 11, 24, 4, 9, 40, 40, 11, 38, 0, 39, 25, 22, 0, 32, 0], [45, 27, 1, 32, 14, 11, 10, 41, 11, 24, 36, 29, 3, 27, 17, 0, 37, 38, 40, 9, 17, 34, 42, 20, 45, 17, 34, 12, 2, 7, 0, 18, 40, 43, 14], [20, 48, 36, 0, 43, 18, 48, 44, 20, 0, 23, 22, 29, 33, 28, 31, 45, 6, 3, 7, 22, 14, 31, 32, 31, 11, 33, 6, 31, 23, 15, 24, 42, 25, 41], [28, 26, 9, 2, 26, 7, 10, 39, 18, 46, 42, 36, 12, 49, 30, 0, 13, 0, 20, 42, 27, 41, 38, 4, 25, 0, 22, 9, 6, 36, 7, 20, 21, 8, 24], [49, 24, 16, 11, 29, 43, 7, 25, 0, 24, 0, 32, 0, 32, 17, 40, 20, 17, 17, 28, 23, 23, 29, 1, 12, 12, 41, 44, 2, 48, 48, 2, 41, 36, 2], [45, 46, 23, 12, 0, 10, 0, 33, 18, 44, 10, 9, 36, 45, 19, 39, 19, 37, 3, 18, 34, 39, 11, 11, 15, 6, 41, 15, 11, 0, 7, 7, 0, 25, 37], [4, 33, 18, 4, 2, 1, 29, 13, 6, 31, 23, 8, 36, 45, 11, 8, 45, 36, 13, 36, 20, 47, 29, 27, 36, 19, 14, 25, 32, 17, 42, 46, 32, 20, 25], [13, 8, 43, 37, 0, 24, 48, 5, 14, 40, 25, 47, 12, 19, 33, 45, 21, 12, 13, 38, 42, 19, 30, 27, 45, 11, 43, 1, 23, 46, 37, 31, 45, 40, 3], [36, 22, 34, 48, 6, 8, 11, 1, 2, 23, 6, 42, 17, 9, 21, 44, 2, 30, 41, 15, 3, 18, 15, 46, 18, 0, 45, 7, 32, 40, 31, 9, 27, 7, 17], [43, 29, 1, 18, 28, 15, 19, 42, 41, 42, 21, 10, 29, 43, 34, 27, 35, 5, 37, 0, 41, 36, 20, 36, 9, 3, 37, 35, 42, 18, 23, 47, 49, 5, 12], [13, 2, 21, 48, 3, 33, 49, 31, 44, 14, 0, 7, 25, 13, 33, 24, 20, 29, 13, 11, 43, 17, 37, 0, 31, 13, 25, 22, 3, 23, 4, 25, 10, 0, 25], [12, 0, 49, 46, 36, 32, 13, 28, 35, 23, 44, 41, 46, 20, 4, 25, 36, 13, 18, 33, 46, 20, 43, 43, 3, 23, 1, 34, 0, 8, 35, 30, 0, 21, 0]]
Maintenance cost in each period m: 
[12822, 9733, 9333, 11358, 9158, 12067, 12815, 11202, 9333, 11787, 10597, 12474, 11924, 9708, 10125, 9662, 11244, 8938, 9801, 11394, 12262, 11441, 11168, 10358, 10901, 12312, 11015, 9072, 8924, 12426, 10423, 11475, 9292, 12870, 9588]
Maximum capacity of the machine cmax: 
3000