Set of periods in the planning horizon T: 
25
Set of products P: 
35
Capacity reduction coefficient alpha: 
0.8
Relative decrease of capacity per set up gamma: 
0.3
Capacity reduction coefficient due to product types beta: 
[0.35, 0.27, 0.31, 0.24, 0.34, 0.21, 0.28, 0.21, 0.24, 0.38, 0.22, 0.31, 0.36, 0.28, 0.3, 0.38, 0.23, 0.39, 0.36, 0.32, 0.27, 0.39, 0.26, 0.38, 0.2, 0.36, 0.38, 0.4, 0.35, 0.28, 0.3, 0.23, 0.24, 0.22, 0.33]
Fixed production cost of each product in each period f: 
[[603, 580, 871, 648, 864, 531, 682, 552, 688, 608, 700, 989, 966, 941, 914, 720, 954, 634, 803, 807, 995, 732, 521, 654, 571], [606, 526, 728, 818, 535, 631, 603, 974, 600, 905, 824, 739, 687, 558, 534, 580, 724, 826, 725, 930, 760, 947, 938, 858, 980], [791, 688, 969, 551, 770, 544, 780, 825, 584, 733, 679, 801, 828, 806, 808, 685, 838, 820, 776, 735, 952, 738, 642, 966, 937], [642, 519, 761, 632, 818, 773, 531, 986, 726, 629, 912, 673, 721, 675, 976, 857, 943, 874, 562, 636, 693, 645, 580, 623, 657], [964, 891, 628, 650, 651, 570, 501, 758, 794, 990, 913, 547, 510, 744, 735, 545, 663, 515, 843, 723, 973, 832, 750, 722, 973], [959, 521, 618, 696, 573, 804, 524, 738, 776, 630, 981, 742, 654, 664, 972, 702, 970, 968, 732, 883, 514, 716, 845, 632, 878], [595, 837, 794, 824, 865, 961, 873, 682, 834, 611, 908, 927, 979, 576, 951, 891, 510, 559, 865, 967, 788, 904, 648, 558, 999], [513, 864, 882, 673, 532, 669, 551, 865, 517, 982, 512, 868, 627, 721, 789, 569, 500, 507, 700, 622, 569, 780, 962, 836, 894], [655, 742, 687, 882, 861, 711, 922, 586, 934, 654, 725, 938, 758, 930, 795, 986, 626, 837, 537, 526, 506, 625, 538, 586, 863], [910, 507, 575, 559, 767, 652, 854, 869, 503, 811, 922, 910, 715, 864, 761, 517, 566, 957, 629, 755, 671, 680, 685, 642, 943], [650, 511, 798, 995, 857, 892, 881, 893, 987, 526, 953, 645, 578, 681, 774, 682, 547, 541, 715, 890, 930, 994, 526, 614, 723], [988, 935, 526, 514, 687, 632, 611, 660, 855, 710, 757, 946, 812, 785, 830, 810, 937, 508, 554, 757, 920, 707, 830, 893, 929], [826, 729, 537, 563, 544, 640, 987, 751, 925, 803, 848, 772, 799, 642, 743, 713, 962, 706, 822, 660, 962, 745, 759, 838, 589], [858, 749, 608, 905, 993, 709, 511, 979, 930, 587, 702, 530, 512, 999, 669, 621, 860, 779, 866, 916, 538, 926, 961, 855, 766], [501, 807, 778, 612, 679, 906, 667, 613, 583, 777, 629, 572, 560, 942, 900, 532, 885, 693, 992, 961, 952, 828, 798, 804, 938], [904, 668, 945, 833, 713, 846, 893, 560, 643, 989, 911, 834, 689, 561, 596, 967, 582, 853, 852, 835, 962, 910, 758, 908, 582], [578, 766, 572, 914, 530, 616, 769, 547, 723, 908, 713, 977, 653, 785, 510, 526, 530, 949, 986, 754, 758, 815, 663, 834, 733], [846, 515, 575, 911, 966, 524, 918, 654, 768, 539, 671, 976, 668, 842, 797, 633, 772, 641, 528, 659, 853, 583, 641, 662, 686], [994, 732, 882, 902, 801, 959, 686, 841, 864, 594, 543, 987, 508, 849, 737, 578, 871, 816, 700, 875, 654, 773, 667, 779, 831], [663, 857, 548, 743, 831, 761, 639, 994, 972, 520, 709, 739, 585, 593, 513, 816, 999, 933, 894, 876, 683, 825, 678, 543, 728], [509, 796, 615, 734, 848, 921, 634, 619, 922, 928, 883, 815, 513, 580, 759, 713, 753, 870, 771, 625, 663, 886, 841, 642, 590], [991, 902, 775, 960, 571, 605, 866, 542, 801, 519, 886, 831, 892, 710, 982, 804, 971, 556, 978, 897, 976, 902, 776, 612, 607], [783, 548, 866, 805, 683, 655, 903, 606, 620, 898, 792, 682, 748, 707, 533, 805, 988, 777, 563, 557, 672, 515, 605, 904, 846], [770, 945, 973, 999, 660, 587, 794, 615, 605, 987, 833, 579, 693, 809, 820, 987, 799, 939, 907, 752, 612, 980, 769, 700, 847], [993, 687, 773, 966, 914, 799, 995, 747, 651, 886, 529, 737, 554, 958, 722, 814, 759, 830, 925, 673, 731, 664, 772, 789, 535], [719, 573, 576, 986, 652, 907, 590, 661, 837, 836, 910, 934, 595, 810, 936, 527, 792, 774, 747, 899, 893, 970, 624, 715, 535], [932, 628, 597, 781, 815, 943, 551, 739, 976, 768, 620, 839, 739, 644, 595, 637, 728, 530, 708, 610, 514, 981, 531, 862, 814], [827, 621, 580, 950, 916, 722, 992, 650, 676, 792, 727, 549, 605, 732, 607, 818, 731, 707, 670, 944, 796, 888, 816, 596, 867], [792, 820, 761, 621, 921, 567, 522, 748, 546, 724, 558, 504, 704, 795, 907, 661, 575, 780, 624, 834, 572, 652, 912, 982, 829], [887, 541, 781, 829, 861, 823, 838, 957, 892, 974, 800, 520, 833, 638, 723, 897, 936, 563, 873, 892, 728, 993, 754, 933, 737], [725, 941, 657, 965, 717, 787, 937, 804, 674, 912, 527, 531, 637, 892, 923, 786, 645, 503, 661, 602, 787, 891, 991, 703, 815], [874, 824, 994, 507, 635, 635, 619, 631, 957, 677, 996, 677, 785, 905, 523, 868, 512, 817, 803, 703, 939, 621, 980, 650, 539], [886, 653, 733, 895, 626, 621, 510, 746, 542, 584, 580, 835, 700, 615, 680, 791, 921, 817, 546, 635, 644, 578, 580, 951, 726], [869, 817, 640, 804, 535, 675, 534, 930, 628, 908, 581, 879, 540, 781, 729, 958, 797, 618, 868, 779, 777, 749, 865, 756, 907], [693, 696, 865, 975, 788, 744, 929, 793, 854, 693, 767, 538, 536, 811, 528, 906, 782, 685, 961, 944, 530, 949, 786, 573, 510]]
Variable production cost per unit of each product in each period p: 
[[13, 12, 10, 11, 12, 13, 11, 12, 11, 10, 12, 11, 11, 13, 11, 12, 11, 12, 12, 11, 13, 11, 11, 11, 10], [13, 12, 11, 13, 13, 12, 12, 13, 13, 11, 13, 11, 11, 11, 12, 11, 11, 13, 10, 10, 12, 13, 13, 10, 12], [10, 12, 11, 13, 13, 11, 13, 13, 11, 13, 13, 13, 11, 13, 12, 13, 12, 12, 13, 10, 12, 11, 11, 12, 12], [11, 10, 13, 12, 12, 13, 11, 10, 12, 11, 13, 12, 13, 11, 13, 10, 11, 11, 12, 13, 10, 13, 12, 11, 10], [11, 12, 13, 13, 12, 12, 11, 10, 10, 13, 13, 11, 13, 11, 13, 11, 11, 12, 12, 11, 11, 12, 10, 13, 12], [10, 11, 12, 11, 11, 10, 12, 11, 11, 10, 11, 10, 13, 11, 13, 13, 12, 13, 13, 12, 11, 11, 13, 10, 13], [13, 10, 10, 10, 13, 12, 11, 12, 12, 12, 12, 11, 10, 10, 13, 10, 11, 11, 11, 10, 11, 10, 11, 12, 11], [13, 10, 12, 12, 10, 11, 10, 10, 13, 12, 13, 12, 12, 12, 13, 10, 12, 10, 13, 10, 10, 12, 13, 11, 12], [10, 10, 12, 11, 11, 12, 11, 13, 10, 10, 10, 12, 13, 13, 11, 12, 11, 12, 12, 13, 10, 10, 11, 10, 10], [11, 12, 11, 12, 13, 12, 11, 13, 13, 11, 12, 10, 10, 10, 10, 10, 13, 10, 11, 10, 13, 13, 11, 10, 11], [10, 10, 10, 13, 11, 10, 13, 10, 13, 11, 13, 12, 13, 11, 11, 12, 10, 13, 10, 12, 11, 12, 10, 12, 10], [12, 11, 13, 11, 13, 11, 10, 10, 11, 10, 11, 12, 13, 10, 11, 12, 12, 12, 10, 13, 12, 12, 10, 10, 13], [10, 12, 12, 11, 10, 10, 12, 11, 10, 12, 11, 10, 12, 12, 13, 13, 12, 12, 13, 11, 10, 12, 11, 11, 10], [11, 13, 12, 10, 12, 10, 10, 13, 12, 12, 10, 11, 10, 13, 13, 10, 13, 10, 12, 11, 12, 12, 10, 10, 12], [11, 10, 10, 10, 13, 13, 12, 12, 10, 13, 11, 12, 12, 13, 10, 10, 12, 11, 11, 13, 13, 11, 10, 12, 10], [12, 13, 12, 10, 11, 13, 12, 10, 11, 10, 13, 10, 12, 13, 11, 13, 13, 13, 13, 12, 12, 13, 13, 11, 11], [11, 10, 12, 10, 13, 11, 13, 12, 11, 13, 11, 11, 13, 11, 11, 11, 13, 11, 10, 12, 11, 13, 13, 11, 13], [13, 11, 13, 13, 10, 13, 12, 13, 12, 13, 12, 10, 12, 13, 10, 12, 12, 11, 12, 10, 10, 12, 13, 12, 13], [10, 12, 10, 11, 11, 10, 11, 10, 13, 12, 13, 13, 11, 10, 10, 12, 10, 13, 12, 10, 10, 12, 12, 13, 13], [12, 13, 13, 13, 13, 10, 10, 10, 12, 11, 12, 13, 11, 11, 12, 13, 10, 13, 12, 12, 12, 10, 13, 11, 13], [13, 13, 10, 12, 10, 10, 12, 10, 12, 12, 10, 13, 10, 13, 12, 10, 10, 12, 10, 10, 13, 10, 11, 11, 10], [10, 11, 10, 12, 10, 11, 10, 12, 11, 13, 13, 11, 12, 11, 11, 11, 13, 12, 13, 10, 10, 12, 12, 13, 12], [10, 11, 10, 11, 12, 11, 11, 11, 11, 10, 10, 13, 13, 13, 11, 13, 10, 10, 10, 11, 12, 10, 10, 10, 10], [11, 11, 13, 11, 13, 10, 13, 13, 10, 13, 13, 13, 12, 11, 11, 10, 12, 11, 13, 13, 10, 10, 13, 13, 10], [13, 10, 12, 10, 13, 12, 11, 13, 11, 12, 10, 10, 10, 13, 10, 11, 10, 10, 11, 12, 13, 13, 12, 13, 13], [10, 10, 10, 13, 10, 10, 10, 13, 13, 11, 12, 12, 12, 10, 12, 12, 11, 11, 13, 10, 11, 10, 13, 12, 10], [12, 11, 12, 10, 13, 13, 12, 12, 10, 11, 12, 12, 11, 11, 13, 13, 10, 10, 10, 10, 10, 13, 12, 13, 11], [11, 11, 10, 10, 11, 12, 13, 12, 12, 10, 12, 13, 10, 12, 10, 10, 10, 10, 11, 13, 10, 13, 10, 13, 13], [12, 10, 11, 13, 11, 12, 12, 10, 10, 10, 11, 12, 11, 12, 13, 12, 11, 12, 10, 12, 12, 11, 12, 10, 13], [10, 11, 12, 12, 13, 13, 10, 11, 11, 13, 10, 11, 13, 12, 13, 13, 13, 13, 12, 12, 12, 12, 10, 12, 12], [10, 10, 11, 11, 10, 12, 10, 10, 13, 11, 11, 10, 11, 13, 11, 13, 12, 12, 13, 12, 13, 12, 10, 11, 10], [11, 13, 13, 13, 12, 10, 13, 11, 12, 13, 13, 11, 10, 10, 11, 13, 13, 12, 10, 13, 12, 12, 11, 13, 10], [12, 12, 11, 13, 10, 12, 13, 13, 12, 13, 11, 12, 13, 12, 12, 10, 12, 10, 10, 12, 10, 12, 11, 12, 13], [11, 12, 11, 11, 11, 11, 12, 11, 12, 13, 13, 12, 13, 11, 13, 10, 11, 13, 10, 10, 13, 13, 13, 10, 12], [10, 11, 13, 12, 13, 11, 11, 13, 13, 12, 12, 11, 12, 10, 13, 12, 10, 13, 11, 10, 10, 10, 11, 12, 10]]
Inventory holding cost per unit of each product by the end of each period h: 
[[7, 6, 5, 5, 5, 8, 5, 6, 6, 5, 6, 5, 6, 8, 5, 7, 7, 9, 6, 9, 5, 8, 5, 6, 9], [5, 6, 5, 9, 7, 8, 5, 6, 9, 9, 9, 7, 7, 9, 8, 5, 5, 7, 6, 7, 8, 9, 7, 5, 5], [7, 5, 5, 7, 9, 6, 6, 9, 7, 6, 8, 8, 9, 6, 5, 9, 7, 7, 6, 7, 5, 9, 8, 9, 7], [6, 6, 8, 6, 7, 5, 5, 8, 8, 6, 6, 5, 8, 6, 6, 5, 9, 6, 7, 9, 8, 5, 7, 6, 7], [5, 8, 8, 8, 6, 8, 5, 8, 8, 9, 7, 5, 8, 5, 9, 8, 7, 8, 7, 5, 7, 8, 9, 5, 9], [8, 6, 7, 7, 6, 6, 5, 9, 5, 6, 8, 5, 6, 7, 6, 6, 6, 8, 9, 8, 6, 6, 6, 7, 9], [6, 7, 9, 6, 9, 6, 5, 7, 8, 6, 5, 7, 7, 8, 9, 6, 9, 7, 7, 5, 7, 6, 7, 8, 9], [9, 9, 6, 8, 5, 6, 5, 9, 7, 6, 7, 7, 5, 5, 5, 5, 8, 7, 6, 9, 8, 7, 8, 5, 8], [7, 9, 6, 8, 7, 7, 7, 8, 9, 6, 9, 8, 6, 7, 6, 6, 5, 8, 9, 7, 5, 9, 9, 7, 5], [5, 9, 9, 9, 8, 5, 7, 6, 5, 9, 5, 6, 9, 9, 5, 9, 7, 8, 8, 8, 8, 9, 9, 6, 9], [5, 8, 9, 9, 9, 8, 5, 6, 9, 9, 6, 5, 6, 9, 5, 9, 5, 5, 5, 8, 9, 8, 9, 9, 8], [7, 9, 9, 6, 8, 8, 9, 6, 6, 5, 9, 6, 6, 5, 7, 6, 8, 9, 9, 7, 7, 6, 8, 6, 7], [5, 8, 7, 6, 6, 9, 6, 6, 8, 9, 5, 8, 8, 7, 7, 9, 9, 6, 8, 5, 8, 8, 7, 6, 8], [8, 5, 9, 6, 7, 9, 9, 7, 5, 5, 8, 7, 6, 6, 6, 9, 5, 9, 5, 5, 9, 6, 6, 5, 9], [9, 9, 6, 8, 7, 9, 8, 5, 5, 9, 5, 5, 9, 7, 6, 5, 5, 9, 8, 6, 9, 7, 7, 8, 9], [6, 8, 8, 7, 7, 7, 9, 9, 7, 5, 8, 8, 5, 9, 5, 6, 9, 6, 6, 6, 8, 5, 5, 6, 9], [8, 9, 9, 6, 5, 7, 6, 6, 8, 9, 5, 9, 9, 6, 8, 9, 8, 8, 5, 6, 6, 7, 6, 8, 8], [8, 5, 6, 6, 8, 8, 7, 8, 8, 6, 5, 7, 9, 8, 7, 6, 6, 5, 8, 9, 8, 9, 9, 5, 5], [6, 6, 7, 5, 5, 8, 8, 6, 5, 8, 5, 6, 9, 6, 6, 6, 5, 7, 8, 9, 9, 5, 8, 7, 6], [5, 9, 7, 6, 8, 6, 9, 8, 9, 9, 5, 6, 6, 5, 9, 8, 9, 7, 8, 8, 9, 7, 8, 8, 5], [8, 6, 6, 8, 5, 8, 5, 5, 9, 6, 5, 9, 8, 5, 9, 5, 8, 7, 5, 9, 8, 9, 9, 8, 5], [7, 6, 7, 7, 9, 7, 9, 6, 7, 8, 6, 8, 6, 5, 5, 6, 5, 7, 6, 9, 7, 5, 5, 8, 9], [7, 9, 9, 8, 7, 7, 9, 6, 6, 5, 8, 9, 8, 9, 6, 8, 7, 5, 7, 8, 8, 8, 5, 9, 8], [5, 6, 5, 6, 8, 6, 7, 6, 7, 8, 9, 7, 7, 9, 6, 7, 8, 9, 8, 8, 5, 7, 5, 6, 5], [7, 8, 9, 5, 5, 7, 5, 8, 7, 5, 8, 8, 9, 6, 6, 7, 6, 9, 8, 7, 9, 7, 5, 8, 5], [6, 5, 9, 7, 5, 8, 7, 5, 6, 5, 8, 8, 6, 5, 9, 5, 6, 9, 8, 5, 9, 5, 9, 8, 8], [8, 5, 7, 5, 7, 8, 7, 5, 6, 6, 7, 7, 5, 8, 8, 7, 9, 6, 5, 7, 7, 9, 8, 8, 5], [9, 5, 5, 5, 9, 9, 5, 9, 7, 7, 9, 9, 6, 5, 9, 5, 7, 7, 8, 9, 9, 7, 7, 7, 9], [5, 9, 9, 9, 6, 8, 9, 5, 8, 8, 8, 8, 5, 6, 5, 8, 5, 5, 7, 5, 7, 6, 6, 7, 5], [5, 6, 6, 5, 8, 5, 6, 7, 6, 6, 7, 9, 8, 7, 9, 5, 6, 6, 6, 6, 5, 5, 6, 7, 8], [9, 7, 7, 9, 9, 5, 8, 9, 6, 8, 7, 7, 8, 8, 8, 5, 7, 6, 9, 8, 5, 9, 7, 9, 9], [7, 9, 7, 8, 5, 8, 7, 7, 5, 7, 5, 8, 9, 5, 5, 9, 6, 6, 5, 7, 9, 5, 5, 6, 6], [5, 6, 5, 7, 9, 8, 9, 5, 8, 7, 8, 8, 6, 7, 7, 5, 8, 9, 6, 9, 7, 6, 9, 9, 7], [7, 8, 7, 7, 8, 9, 7, 6, 8, 9, 5, 5, 7, 8, 9, 7, 7, 6, 6, 5, 9, 8, 5, 9, 6], [9, 8, 9, 9, 6, 7, 6, 6, 8, 5, 5, 8, 9, 6, 9, 6, 5, 9, 8, 6, 7, 7, 7, 9, 9]]
Demand for each product in each period d: 
[[49, 37, 38, 6, 40, 1, 42, 33, 40, 27, 16, 4, 2, 0, 22, 49, 5, 11, 26, 27, 16, 6, 26, 44, 25], [0, 9, 7, 42, 12, 34, 5, 25, 24, 46, 20, 35, 23, 40, 31, 16, 19, 36, 0, 17, 37, 49, 0, 45, 30], [30, 2, 26, 3, 42, 42, 17, 49, 28, 0, 30, 33, 35, 9, 18, 16, 5, 23, 22, 20, 10, 46, 34, 43, 0], [29, 40, 3, 3, 34, 3, 29, 23, 14, 18, 41, 10, 32, 36, 2, 42, 28, 6, 28, 12, 49, 39, 11, 13, 7], [0, 23, 8, 7, 7, 15, 0, 19, 12, 2, 40, 9, 48, 19, 7, 0, 9, 27, 30, 3, 13, 38, 6, 35, 22], [24, 15, 42, 45, 17, 13, 17, 47, 36, 44, 26, 34, 49, 28, 47, 35, 0, 1, 33, 7, 3, 23, 22, 11, 37], [31, 6, 8, 6, 29, 48, 41, 29, 23, 3, 0, 34, 30, 28, 18, 18, 12, 13, 42, 6, 18, 22, 31, 9, 27], [3, 4, 33, 4, 25, 48, 26, 13, 43, 4, 25, 33, 0, 0, 20, 18, 39, 17, 49, 37, 24, 43, 47, 11, 24], [35, 1, 0, 8, 33, 38, 26, 38, 10, 37, 2, 44, 41, 48, 21, 29, 36, 40, 0, 12, 29, 29, 13, 7, 24], [26, 19, 37, 38, 7, 31, 24, 25, 1, 26, 43, 11, 11, 13, 16, 43, 22, 41, 36, 27, 5, 39, 47, 13, 10], [0, 10, 16, 28, 39, 7, 0, 34, 28, 35, 0, 15, 36, 35, 26, 16, 20, 37, 46, 36, 27, 10, 0, 5, 18], [2, 7, 0, 36, 13, 47, 31, 0, 0, 13, 32, 12, 0, 38, 43, 13, 26, 0, 15, 28, 1, 22, 25, 30, 42], [0, 28, 16, 7, 9, 8, 33, 0, 0, 4, 44, 25, 11, 40, 39, 24, 45, 9, 21, 29, 10, 44, 23, 6, 12], [36, 44, 9, 49, 15, 41, 36, 0, 15, 3, 24, 29, 36, 48, 6, 46, 40, 9, 46, 29, 19, 19, 14, 11, 45], [19, 14, 28, 11, 48, 2, 48, 47, 30, 27, 37, 14, 3, 18, 3, 28, 25, 43, 8, 29, 20, 16, 24, 40, 11], [0, 34, 30, 22, 35, 37, 11, 9, 6, 17, 37, 13, 18, 5, 10, 12, 37, 15, 0, 26, 45, 35, 13, 0, 43], [43, 16, 4, 38, 10, 18, 10, 3, 14, 42, 23, 27, 8, 9, 32, 18, 44, 19, 40, 0, 17, 16, 39, 15, 10], [43, 30, 42, 37, 44, 12, 22, 19, 32, 47, 49, 28, 2, 17, 17, 0, 32, 49, 36, 40, 0, 37, 29, 25, 17], [0, 10, 20, 31, 1, 23, 22, 27, 3, 7, 18, 46, 5, 11, 38, 44, 25, 8, 10, 17, 19, 3, 27, 33, 34], [39, 22, 10, 26, 48, 41, 31, 36, 35, 28, 45, 0, 2, 31, 49, 23, 14, 11, 28, 36, 26, 4, 24, 10, 12], [48, 33, 14, 0, 0, 24, 3, 20, 15, 13, 39, 47, 0, 34, 18, 14, 37, 22, 21, 18, 2, 46, 11, 8, 48], [44, 17, 28, 20, 14, 42, 21, 17, 18, 22, 24, 5, 25, 5, 14, 37, 22, 36, 37, 9, 9, 35, 13, 27, 43], [15, 3, 20, 10, 15, 33, 2, 48, 8, 48, 41, 30, 34, 9, 18, 6, 3, 41, 7, 39, 15, 47, 37, 41, 25], [0, 32, 2, 39, 44, 44, 25, 37, 5, 19, 6, 23, 22, 34, 0, 3, 23, 46, 4, 11, 43, 36, 17, 7, 41], [1, 38, 31, 27, 10, 8, 37, 49, 45, 37, 14, 28, 44, 13, 48, 48, 43, 13, 18, 14, 33, 14, 44, 3, 12], [4, 43, 7, 17, 0, 31, 28, 36, 8, 2, 46, 8, 9, 37, 42, 2, 16, 38, 10, 8, 40, 31, 38, 27, 6], [15, 14, 22, 9, 4, 49, 28, 36, 14, 47, 15, 41, 14, 21, 24, 46, 1, 15, 0, 40, 35, 26, 39, 44, 7], [33, 37, 48, 38, 41, 20, 33, 49, 4, 35, 46, 19, 48, 1, 5, 19, 0, 6, 33, 20, 14, 36, 21, 1, 40], [11, 28, 8, 25, 8, 25, 27, 44, 43, 8, 12, 47, 6, 24, 2, 0, 0, 30, 13, 16, 18, 2, 0, 33, 34], [18, 0, 4, 43, 5, 1, 0, 3, 16, 37, 34, 2, 13, 30, 7, 28, 32, 29, 42, 41, 46, 30, 13, 25, 13], [45, 0, 1, 7, 1, 23, 12, 0, 9, 44, 36, 5, 11, 40, 28, 21, 21, 46, 16, 12, 46, 0, 48, 3, 11], [39, 34, 20, 49, 33, 0, 10, 49, 13, 26, 33, 20, 0, 16, 44, 23, 43, 22, 28, 37, 28, 38, 31, 18, 0], [0, 14, 34, 38, 21, 30, 5, 47, 39, 49, 34, 37, 15, 9, 40, 17, 16, 28, 7, 48, 2, 9, 10, 46, 14], [44, 46, 31, 8, 37, 8, 17, 43, 47, 39, 19, 46, 36, 29, 1, 44, 28, 27, 16, 10, 23, 32, 20, 0, 35], [9, 36, 2, 0, 15, 0, 10, 16, 4, 27, 27, 16, 27, 45, 41, 18, 6, 20, 47, 34, 26, 3, 0, 0, 48]]
Maintenance cost in each period m: 
[3969, 6569, 7043, 4594, 4547, 4466, 7432, 5594, 4764, 7494, 6855, 4735, 4876, 6038, 5590, 6870, 5929, 7127, 3940, 7378, 7401, 3783, 7216, 4005, 5720]
Maximum capacity of the machine cmax: 
1435