Set of periods in the planning horizon T: 
5
Set of products P: 
50
Capacity reduction coefficient alpha: 
0.8
Relative decrease of capacity per set up gamma: 
0.28
Capacity reduction coefficient due to product types beta: 
[0.35, 0.25, 0.23, 0.33, 0.26, 0.37, 0.33, 0.34, 0.29, 0.37, 0.28, 0.3, 0.27, 0.27, 0.23, 0.3, 0.36, 0.29, 0.27, 0.3, 0.4, 0.31, 0.4, 0.35, 0.36, 0.33, 0.4, 0.35, 0.35, 0.21, 0.39, 0.28, 0.39, 0.35, 0.29, 0.28, 0.28, 0.35, 0.31, 0.39, 0.27, 0.38, 0.21, 0.36, 0.36, 0.28, 0.4, 0.38, 0.26, 0.32]
Fixed production cost of each product in each period f: 
[[704, 968, 882, 701, 904], [548, 592, 955, 671, 870], [810, 712, 781, 846, 879], [961, 990, 750, 515, 669], [878, 894, 640, 529, 501], [530, 878, 677, 871, 725], [873, 736, 692, 863, 818], [796, 982, 952, 768, 760], [814, 612, 763, 922, 694], [545, 615, 917, 567, 987], [999, 881, 541, 669, 606], [507, 828, 981, 827, 536], [534, 523, 916, 752, 723], [855, 830, 750, 537, 815], [529, 761, 778, 937, 985], [725, 973, 561, 686, 708], [987, 761, 826, 668, 567], [930, 610, 972, 646, 967], [845, 779, 741, 777, 852], [925, 711, 957, 771, 557], [588, 964, 696, 673, 785], [805, 937, 546, 755, 527], [884, 676, 869, 655, 719], [828, 506, 698, 697, 916], [638, 770, 999, 809, 706], [535, 570, 692, 653, 732], [984, 729, 776, 671, 530], [886, 803, 777, 945, 829], [969, 872, 895, 729, 897], [626, 704, 797, 901, 959], [978, 684, 778, 570, 687], [836, 670, 666, 755, 643], [522, 960, 713, 902, 730], [893, 707, 777, 977, 622], [805, 735, 820, 585, 668], [695, 518, 616, 606, 852], [751, 811, 860, 512, 780], [740, 896, 702, 850, 584], [881, 604, 929, 636, 667], [929, 961, 621, 762, 502], [664, 837, 785, 636, 544], [764, 962, 521, 867, 612], [796, 674, 918, 679, 891], [928, 925, 897, 682, 908], [559, 630, 643, 824, 710], [744, 662, 808, 790, 813], [787, 976, 888, 884, 940], [634, 767, 988, 730, 974], [817, 729, 844, 958, 868], [677, 948, 747, 712, 926]]
Variable production cost per unit of each product in each period p: 
[[13, 12, 12, 11, 13], [10, 10, 12, 11, 12], [10, 12, 13, 13, 12], [13, 10, 13, 11, 10], [10, 12, 10, 13, 12], [13, 13, 10, 11, 10], [13, 11, 10, 13, 12], [13, 11, 12, 13, 13], [10, 10, 10, 11, 12], [11, 13, 12, 12, 13], [10, 12, 10, 13, 11], [11, 13, 10, 12, 10], [11, 13, 10, 12, 11], [10, 13, 12, 11, 13], [12, 13, 12, 10, 12], [11, 13, 12, 12, 10], [13, 12, 11, 12, 13], [13, 12, 12, 10, 11], [10, 11, 10, 11, 11], [11, 11, 12, 13, 10], [11, 10, 13, 10, 11], [10, 10, 11, 13, 13], [11, 13, 13, 13, 13], [10, 12, 13, 12, 13], [10, 10, 11, 13, 10], [12, 13, 13, 11, 13], [10, 10, 11, 13, 10], [11, 12, 13, 11, 10], [13, 12, 12, 12, 11], [12, 10, 10, 13, 13], [13, 11, 11, 13, 13], [10, 13, 12, 12, 12], [10, 11, 13, 12, 12], [10, 12, 13, 12, 10], [13, 13, 10, 13, 12], [12, 10, 13, 12, 11], [10, 12, 10, 13, 11], [12, 10, 10, 13, 12], [12, 10, 10, 11, 11], [12, 11, 11, 12, 12], [12, 12, 11, 12, 10], [13, 11, 10, 12, 12], [13, 13, 11, 12, 12], [11, 11, 13, 11, 13], [13, 12, 13, 10, 13], [11, 13, 13, 12, 11], [10, 11, 11, 11, 11], [12, 13, 11, 10, 10], [12, 13, 11, 12, 10], [12, 13, 10, 13, 11]]
Inventory holding cost per unit of each product by the end of each period h: 
[[6, 6, 7, 7, 7], [8, 9, 5, 8, 9], [9, 6, 8, 7, 8], [9, 5, 9, 7, 7], [7, 6, 8, 6, 5], [8, 6, 7, 8, 8], [7, 6, 7, 7, 8], [6, 6, 7, 8, 6], [9, 5, 9, 8, 5], [5, 6, 7, 8, 5], [7, 9, 8, 9, 8], [6, 9, 6, 5, 7], [6, 7, 9, 8, 6], [7, 7, 6, 8, 5], [6, 9, 7, 6, 6], [7, 5, 6, 8, 7], [9, 6, 9, 8, 6], [8, 7, 7, 8, 7], [5, 7, 9, 7, 5], [6, 6, 6, 5, 5], [6, 6, 6, 8, 7], [6, 7, 9, 8, 9], [8, 8, 7, 5, 9], [9, 6, 6, 8, 8], [6, 5, 7, 8, 6], [6, 8, 6, 7, 6], [5, 8, 5, 8, 8], [7, 5, 8, 7, 7], [9, 6, 5, 6, 6], [5, 9, 6, 8, 6], [8, 8, 5, 5, 8], [6, 6, 9, 5, 5], [7, 5, 9, 9, 8], [9, 5, 8, 7, 9], [9, 8, 6, 5, 6], [5, 8, 5, 6, 9], [9, 8, 9, 7, 6], [6, 8, 7, 5, 8], [8, 5, 6, 9, 8], [6, 5, 7, 6, 5], [8, 7, 6, 8, 6], [8, 5, 6, 9, 6], [8, 7, 8, 9, 5], [5, 7, 8, 7, 6], [8, 7, 5, 5, 6], [7, 8, 5, 6, 9], [5, 8, 5, 6, 8], [6, 5, 8, 5, 7], [7, 5, 9, 7, 8], [6, 9, 5, 5, 9]]
Demand for each product in each period d: 
[[5, 2, 22, 11, 22], [44, 44, 3, 13, 39], [31, 38, 5, 0, 35], [11, 7, 15, 26, 33], [38, 34, 25, 0, 6], [7, 4, 40, 11, 10], [2, 6, 34, 0, 37], [0, 43, 36, 33, 0], [49, 25, 25, 39, 11], [7, 13, 37, 49, 33], [25, 37, 35, 0, 16], [10, 24, 44, 26, 39], [34, 14, 45, 16, 23], [10, 2, 46, 16, 12], [21, 34, 0, 4, 43], [1, 3, 35, 2, 22], [46, 22, 49, 0, 7], [10, 12, 4, 19, 25], [5, 23, 21, 10, 16], [22, 37, 34, 45, 2], [40, 11, 36, 40, 13], [26, 36, 30, 44, 40], [3, 37, 35, 13, 15], [33, 36, 43, 44, 46], [44, 33, 3, 1, 0], [11, 49, 28, 0, 14], [47, 45, 28, 9, 2], [17, 48, 31, 45, 40], [43, 29, 33, 0, 38], [9, 25, 21, 0, 17], [40, 15, 6, 0, 12], [30, 13, 24, 31, 0], [7, 20, 47, 21, 15], [30, 47, 4, 29, 29], [47, 38, 8, 1, 9], [34, 30, 5, 42, 21], [47, 22, 43, 48, 15], [17, 32, 9, 15, 28], [31, 38, 19, 43, 7], [26, 22, 47, 36, 14], [7, 0, 39, 12, 0], [8, 24, 1, 29, 0], [15, 10, 10, 39, 39], [1, 32, 16, 8, 43], [29, 41, 21, 32, 7], [8, 2, 2, 29, 9], [34, 48, 44, 44, 13], [17, 2, 0, 5, 41], [3, 18, 4, 32, 33], [45, 0, 1, 32, 0]]
Maintenance cost in each period m: 
[4927, 4504, 3883, 4916, 3500]
Maximum capacity of the machine cmax: 
2250