Set of periods in the planning horizon T: 
10
Set of products P: 
100
Capacity reduction coefficient alpha: 
0.8
Relative decrease of capacity per set up gamma: 
0.37
Capacity reduction coefficient due to product types beta: 
[0.35, 0.38, 0.32, 0.34, 0.22, 0.36, 0.37, 0.33, 0.32, 0.35, 0.38, 0.28, 0.27, 0.38, 0.21, 0.33, 0.22, 0.28, 0.29, 0.3, 0.4, 0.24, 0.27, 0.25, 0.21, 0.34, 0.33, 0.36, 0.35, 0.4, 0.4, 0.36, 0.24, 0.21, 0.2, 0.27, 0.29, 0.34, 0.33, 0.37, 0.33, 0.28, 0.23, 0.2, 0.37, 0.24, 0.38, 0.3, 0.38, 0.34, 0.34, 0.35, 0.23, 0.36, 0.26, 0.3, 0.37, 0.21, 0.3, 0.3, 0.35, 0.31, 0.22, 0.29, 0.36, 0.31, 0.37, 0.33, 0.33, 0.37, 0.35, 0.22, 0.21, 0.37, 0.4, 0.26, 0.39, 0.27, 0.26, 0.33, 0.39, 0.28, 0.31, 0.29, 0.22, 0.35, 0.39, 0.38, 0.23, 0.34, 0.36, 0.35, 0.22, 0.22, 0.32, 0.25, 0.27, 0.3, 0.36, 0.22]
Fixed production cost of each product in each period f: 
[[863, 571, 574, 674, 541, 856, 826, 770, 658, 915], [879, 653, 856, 792, 724, 714, 890, 773, 869, 824], [955, 627, 825, 574, 641, 929, 881, 973, 823, 898], [979, 986, 892, 699, 927, 722, 607, 691, 579, 987], [739, 990, 649, 770, 793, 648, 992, 546, 841, 538], [697, 577, 670, 527, 965, 842, 845, 624, 617, 767], [928, 668, 907, 992, 643, 522, 544, 718, 856, 501], [858, 962, 908, 612, 715, 646, 833, 891, 712, 751], [908, 597, 887, 801, 789, 823, 790, 563, 784, 594], [609, 832, 832, 630, 777, 673, 850, 833, 637, 560], [667, 639, 745, 804, 690, 673, 869, 908, 744, 989], [869, 761, 645, 531, 550, 525, 802, 766, 837, 704], [875, 843, 763, 737, 860, 522, 926, 731, 583, 680], [908, 609, 718, 540, 631, 502, 507, 894, 574, 811], [986, 783, 620, 825, 574, 814, 913, 790, 864, 857], [793, 807, 641, 928, 629, 802, 670, 585, 876, 543], [520, 791, 782, 726, 910, 790, 978, 557, 555, 544], [957, 694, 753, 862, 904, 733, 515, 934, 639, 590], [672, 599, 707, 877, 781, 920, 944, 574, 525, 895], [963, 658, 774, 567, 619, 539, 646, 657, 675, 735], [587, 529, 543, 724, 975, 895, 707, 594, 553, 840], [610, 964, 859, 521, 909, 922, 785, 713, 638, 970], [683, 636, 984, 947, 817, 649, 701, 704, 531, 667], [664, 709, 662, 539, 924, 782, 566, 586, 643, 771], [739, 722, 931, 838, 595, 963, 986, 869, 951, 986], [964, 897, 646, 712, 981, 999, 956, 831, 630, 853], [942, 807, 885, 542, 946, 788, 501, 816, 803, 553], [595, 947, 997, 766, 976, 529, 696, 967, 630, 501], [923, 570, 542, 902, 622, 681, 815, 940, 837, 536], [594, 809, 601, 686, 607, 816, 986, 948, 695, 555], [842, 884, 549, 785, 630, 713, 865, 683, 576, 826], [867, 736, 602, 975, 798, 970, 590, 623, 853, 652], [550, 506, 816, 837, 793, 690, 601, 623, 966, 867], [669, 919, 872, 986, 630, 568, 659, 569, 932, 936], [913, 518, 875, 640, 874, 979, 557, 818, 889, 527], [962, 740, 660, 808, 962, 614, 836, 543, 571, 517], [981, 937, 503, 814, 848, 791, 852, 891, 924, 873], [822, 976, 502, 840, 802, 636, 987, 704, 993, 907], [516, 735, 950, 816, 579, 985, 957, 903, 570, 679], [874, 774, 833, 791, 623, 585, 582, 921, 648, 769], [641, 729, 900, 991, 896, 553, 543, 841, 987, 687], [916, 760, 840, 874, 979, 554, 719, 957, 650, 626], [842, 995, 653, 909, 631, 509, 788, 545, 972, 636], [967, 788, 959, 625, 678, 813, 779, 785, 693, 711], [540, 901, 659, 702, 880, 991, 997, 789, 964, 912], [771, 798, 519, 811, 735, 527, 793, 737, 959, 966], [522, 779, 858, 773, 761, 776, 765, 612, 982, 548], [604, 951, 908, 917, 946, 630, 924, 541, 744, 565], [594, 597, 936, 507, 627, 930, 868, 847, 666, 615], [859, 937, 656, 738, 744, 539, 679, 846, 630, 548], [831, 587, 620, 593, 814, 810, 896, 770, 757, 848], [506, 916, 830, 551, 843, 999, 740, 847, 684, 682], [933, 635, 651, 651, 804, 944, 881, 525, 755, 849], [897, 886, 737, 955, 599, 763, 990, 525, 934, 839], [549, 637, 891, 857, 751, 756, 650, 913, 908, 639], [900, 905, 933, 918, 807, 608, 910, 829, 787, 924], [827, 765, 718, 528, 615, 510, 818, 806, 967, 756], [873, 973, 922, 905, 970, 566, 623, 748, 798, 834], [642, 587, 899, 811, 618, 990, 621, 982, 660, 993], [890, 959, 516, 670, 787, 603, 511, 781, 886, 736], [791, 738, 907, 996, 886, 847, 614, 813, 608, 685], [762, 679, 665, 953, 870, 889, 633, 757, 508, 719], [814, 890, 976, 645, 869, 711, 905, 759, 782, 747], [737, 798, 552, 728, 746, 908, 746, 783, 941, 949], [605, 582, 803, 769, 852, 688, 704, 960, 971, 568], [824, 775, 507, 931, 625, 679, 502, 833, 924, 727], [544, 967, 832, 581, 970, 624, 858, 604, 568, 868], [957, 932, 902, 613, 969, 865, 592, 575, 911, 863], [546, 608, 715, 934, 954, 569, 937, 500, 755, 780], [618, 662, 511, 944, 560, 618, 867, 617, 932, 842], [731, 541, 922, 740, 568, 744, 733, 709, 966, 980], [879, 703, 661, 668, 744, 617, 784, 580, 621, 588], [873, 953, 549, 634, 848, 560, 756, 726, 886, 767], [622, 942, 761, 797, 843, 547, 864, 977, 994, 974], [584, 542, 617, 763, 984, 553, 628, 962, 843, 952], [746, 776, 617, 978, 697, 772, 583, 673, 626, 751], [856, 795, 921, 542, 534, 661, 920, 579, 749, 903], [639, 913, 802, 510, 757, 664, 503, 983, 792, 579], [661, 887, 582, 525, 910, 792, 734, 740, 912, 893], [620, 766, 533, 754, 815, 916, 948, 749, 775, 873], [884, 787, 842, 663, 937, 840, 735, 612, 516, 983], [767, 634, 879, 956, 998, 615, 802, 924, 574, 882], [793, 632, 802, 500, 650, 893, 970, 645, 636, 732], [879, 693, 507, 859, 643, 886, 514, 919, 715, 925], [925, 592, 691, 626, 874, 615, 511, 854, 826, 703], [560, 713, 687, 820, 736, 905, 767, 684, 949, 881], [884, 577, 589, 622, 650, 503, 629, 994, 891, 984], [959, 880, 862, 920, 943, 942, 731, 752, 854, 967], [602, 576, 843, 654, 703, 674, 741, 584, 681, 604], [539, 671, 514, 795, 959, 985, 773, 546, 740, 897], [851, 519, 884, 707, 842, 650, 776, 577, 767, 889], [744, 982, 966, 920, 721, 713, 899, 754, 536, 897], [897, 575, 881, 882, 927, 627, 906, 771, 558, 684], [985, 944, 993, 945, 791, 551, 870, 872, 807, 692], [582, 640, 971, 571, 864, 988, 783, 590, 704, 817], [549, 631, 501, 966, 703, 750, 999, 820, 837, 982], [549, 626, 857, 742, 971, 643, 946, 871, 790, 845], [873, 927, 814, 678, 867, 639, 564, 867, 937, 698], [832, 918, 783, 631, 977, 997, 810, 960, 667, 941], [537, 511, 589, 750, 663, 727, 882, 941, 718, 607]]
Variable production cost per unit of each product in each period p: 
[[12, 12, 12, 10, 10, 12, 10, 10, 10, 11], [13, 12, 11, 13, 11, 13, 10, 13, 11, 11], [10, 13, 13, 10, 11, 10, 13, 12, 13, 12], [12, 10, 11, 10, 10, 11, 11, 12, 12, 12], [12, 10, 11, 10, 11, 13, 12, 10, 13, 11], [10, 11, 13, 11, 13, 12, 13, 11, 10, 13], [11, 13, 13, 11, 11, 11, 11, 12, 13, 12], [13, 10, 11, 10, 11, 12, 13, 10, 11, 12], [13, 12, 12, 11, 13, 12, 13, 11, 10, 11], [10, 10, 10, 13, 10, 13, 13, 10, 10, 12], [13, 12, 13, 13, 13, 10, 12, 11, 12, 10], [13, 12, 11, 10, 13, 13, 10, 12, 10, 10], [13, 12, 10, 12, 13, 10, 12, 12, 10, 12], [12, 13, 12, 12, 13, 12, 10, 13, 13, 12], [13, 13, 13, 11, 11, 10, 13, 10, 10, 11], [13, 13, 12, 13, 12, 11, 10, 13, 11, 12], [12, 13, 10, 10, 12, 12, 13, 10, 10, 11], [10, 11, 13, 10, 12, 13, 13, 13, 13, 11], [11, 13, 12, 11, 11, 10, 11, 13, 12, 13], [12, 10, 11, 12, 10, 12, 12, 12, 13, 11], [11, 11, 13, 13, 13, 11, 13, 13, 12, 11], [13, 13, 10, 10, 13, 10, 11, 12, 12, 10], [10, 12, 11, 10, 13, 10, 12, 13, 13, 12], [10, 11, 11, 13, 10, 12, 10, 10, 12, 13], [12, 13, 11, 10, 11, 11, 13, 11, 12, 12], [12, 12, 12, 13, 13, 12, 12, 13, 11, 11], [10, 13, 11, 11, 13, 12, 13, 12, 12, 12], [13, 11, 12, 11, 13, 13, 12, 11, 11, 13], [11, 13, 13, 12, 12, 10, 11, 10, 10, 10], [11, 13, 11, 11, 10, 12, 10, 13, 11, 12], [13, 13, 12, 12, 10, 11, 12, 10, 13, 11], [12, 12, 13, 12, 10, 13, 11, 10, 12, 13], [13, 13, 13, 11, 10, 12, 11, 11, 12, 11], [10, 12, 10, 11, 13, 13, 11, 12, 12, 10], [12, 11, 10, 10, 12, 11, 10, 10, 13, 12], [10, 11, 12, 13, 10, 13, 13, 10, 11, 11], [10, 12, 11, 13, 11, 11, 10, 12, 11, 13], [11, 10, 13, 13, 10, 10, 13, 13, 10, 13], [12, 10, 13, 12, 12, 10, 13, 13, 13, 11], [11, 12, 10, 12, 10, 10, 13, 10, 13, 10], [11, 10, 12, 12, 12, 12, 13, 10, 11, 12], [10, 10, 12, 12, 12, 13, 11, 12, 12, 10], [10, 12, 10, 10, 11, 12, 10, 11, 12, 11], [13, 13, 12, 11, 12, 10, 13, 11, 13, 13], [12, 10, 13, 13, 13, 10, 12, 13, 11, 10], [11, 11, 12, 11, 11, 11, 10, 11, 13, 10], [13, 10, 13, 13, 13, 11, 10, 10, 10, 10], [11, 13, 13, 13, 12, 13, 11, 11, 10, 12], [10, 13, 13, 11, 10, 10, 12, 10, 10, 10], [10, 12, 13, 13, 12, 12, 13, 12, 13, 13], [12, 11, 13, 10, 12, 10, 13, 12, 11, 10], [13, 13, 12, 10, 13, 11, 13, 11, 13, 13], [11, 12, 11, 10, 10, 13, 12, 13, 10, 10], [11, 11, 10, 13, 10, 13, 13, 10, 11, 10], [12, 13, 12, 12, 13, 12, 11, 12, 12, 13], [11, 13, 12, 12, 11, 13, 11, 10, 12, 11], [11, 12, 12, 10, 10, 13, 13, 13, 11, 11], [13, 12, 12, 13, 10, 11, 10, 12, 10, 10], [10, 11, 13, 12, 13, 11, 13, 12, 10, 11], [12, 13, 13, 12, 10, 10, 11, 10, 10, 11], [10, 11, 12, 10, 11, 11, 10, 13, 12, 11], [11, 12, 13, 11, 12, 10, 12, 10, 12, 11], [12, 13, 12, 13, 11, 13, 13, 10, 10, 10], [13, 13, 11, 11, 12, 12, 10, 12, 12, 13], [12, 10, 13, 13, 11, 11, 10, 13, 10, 12], [13, 10, 11, 10, 11, 11, 10, 12, 13, 10], [10, 13, 11, 13, 13, 13, 13, 13, 11, 10], [12, 10, 12, 11, 11, 10, 12, 13, 10, 13], [13, 13, 13, 13, 11, 10, 11, 13, 12, 11], [13, 10, 12, 13, 10, 12, 10, 10, 10, 13], [13, 12, 13, 11, 10, 12, 13, 11, 10, 13], [10, 12, 12, 11, 10, 12, 10, 10, 13, 13], [10, 10, 11, 11, 11, 10, 12, 12, 13, 10], [11, 10, 12, 10, 13, 13, 13, 11, 11, 11], [10, 11, 10, 12, 10, 11, 11, 11, 12, 12], [12, 13, 12, 12, 12, 13, 13, 11, 13, 13], [10, 11, 13, 10, 10, 10, 13, 12, 11, 11], [11, 12, 11, 13, 11, 13, 11, 13, 10, 10], [12, 13, 11, 10, 12, 10, 10, 10, 11, 11], [10, 12, 11, 12, 12, 12, 12, 12, 13, 13], [13, 13, 13, 11, 12, 12, 10, 10, 11, 13], [10, 11, 13, 13, 12, 12, 13, 10, 11, 11], [13, 11, 10, 11, 11, 11, 12, 11, 10, 11], [12, 10, 12, 13, 13, 10, 10, 11, 13, 12], [11, 11, 12, 12, 13, 10, 12, 13, 12, 10], [13, 10, 10, 13, 12, 12, 13, 12, 13, 13], [10, 12, 11, 11, 10, 12, 10, 11, 10, 10], [10, 10, 10, 13, 10, 13, 13, 12, 12, 13], [10, 13, 11, 12, 11, 12, 10, 11, 11, 11], [12, 12, 11, 13, 13, 12, 10, 13, 12, 12], [13, 10, 10, 12, 12, 12, 11, 13, 12, 13], [11, 12, 13, 12, 13, 13, 13, 12, 10, 12], [12, 11, 13, 12, 10, 11, 11, 11, 13, 12], [11, 10, 10, 12, 11, 10, 10, 12, 10, 12], [10, 12, 11, 13, 13, 11, 11, 10, 13, 12], [10, 10, 13, 10, 13, 10, 11, 10, 13, 10], [13, 12, 13, 10, 10, 12, 11, 12, 12, 13], [10, 10, 12, 11, 12, 10, 11, 12, 11, 12], [13, 12, 10, 11, 11, 10, 13, 11, 13, 13], [11, 11, 10, 12, 11, 10, 11, 12, 10, 11]]
Inventory holding cost per unit of each product by the end of each period h: 
[[5, 7, 8, 7, 8, 7, 8, 9, 7, 5], [6, 5, 7, 6, 6, 7, 8, 9, 6, 5], [7, 7, 9, 8, 7, 6, 6, 8, 6, 9], [7, 7, 8, 9, 9, 6, 5, 7, 5, 7], [8, 9, 7, 8, 5, 5, 6, 7, 6, 7], [6, 7, 9, 5, 5, 9, 8, 6, 9, 9], [6, 8, 9, 8, 8, 7, 9, 8, 6, 6], [8, 6, 9, 6, 5, 7, 9, 6, 8, 6], [8, 7, 6, 9, 5, 7, 7, 8, 7, 7], [7, 7, 6, 5, 7, 7, 9, 5, 9, 8], [7, 7, 6, 7, 7, 8, 7, 5, 5, 7], [6, 5, 6, 5, 8, 7, 9, 7, 9, 7], [9, 7, 8, 5, 7, 9, 7, 8, 9, 9], [7, 5, 9, 6, 8, 5, 9, 5, 9, 9], [6, 9, 7, 8, 6, 8, 5, 7, 5, 5], [9, 5, 9, 8, 7, 5, 9, 6, 7, 9], [8, 8, 8, 5, 8, 9, 7, 9, 8, 9], [8, 7, 6, 5, 9, 6, 7, 7, 8, 8], [6, 6, 5, 7, 8, 8, 5, 9, 8, 6], [6, 8, 5, 5, 9, 8, 7, 9, 9, 8], [8, 9, 5, 6, 5, 7, 5, 7, 6, 8], [9, 5, 8, 5, 5, 7, 9, 7, 6, 5], [5, 8, 6, 6, 6, 7, 9, 6, 8, 7], [9, 5, 7, 7, 7, 8, 8, 8, 5, 5], [5, 6, 6, 6, 5, 7, 8, 7, 5, 9], [8, 6, 6, 9, 5, 6, 9, 7, 9, 5], [8, 6, 9, 5, 5, 8, 5, 9, 5, 5], [6, 7, 9, 9, 6, 7, 9, 6, 9, 7], [5, 7, 8, 5, 8, 5, 7, 9, 8, 5], [7, 9, 5, 9, 5, 5, 9, 7, 6, 6], [9, 7, 7, 7, 9, 6, 5, 6, 9, 7], [9, 7, 9, 7, 7, 9, 7, 9, 9, 9], [9, 6, 9, 7, 7, 9, 8, 8, 7, 6], [7, 9, 9, 7, 5, 7, 8, 5, 8, 6], [5, 8, 6, 9, 7, 6, 9, 5, 8, 6], [6, 7, 9, 8, 7, 6, 6, 6, 7, 6], [8, 6, 9, 5, 9, 6, 9, 6, 8, 6], [9, 8, 8, 8, 6, 5, 7, 8, 6, 6], [5, 7, 7, 5, 9, 6, 9, 6, 8, 9], [5, 7, 8, 5, 8, 8, 7, 8, 5, 9], [5, 6, 6, 9, 8, 5, 9, 8, 8, 8], [9, 5, 5, 6, 9, 9, 9, 5, 6, 5], [6, 7, 8, 8, 7, 7, 8, 7, 5, 6], [9, 5, 5, 7, 8, 7, 5, 9, 8, 8], [6, 6, 9, 6, 5, 7, 8, 6, 9, 5], [8, 5, 9, 8, 9, 6, 6, 9, 6, 5], [8, 7, 8, 7, 5, 7, 5, 5, 8, 7], [7, 7, 9, 9, 5, 5, 8, 6, 8, 9], [8, 5, 8, 5, 5, 8, 7, 7, 8, 8], [8, 7, 8, 7, 5, 7, 9, 6, 9, 8], [7, 9, 5, 7, 7, 6, 8, 5, 5, 8], [7, 5, 6, 6, 6, 8, 5, 9, 9, 5], [8, 7, 8, 7, 6, 5, 6, 9, 9, 6], [9, 8, 6, 7, 8, 6, 6, 5, 5, 7], [5, 6, 9, 7, 5, 6, 8, 8, 6, 9], [7, 8, 7, 7, 7, 6, 5, 7, 6, 5], [9, 5, 9, 7, 6, 9, 5, 9, 5, 9], [5, 7, 6, 7, 8, 9, 8, 5, 8, 8], [7, 5, 8, 8, 8, 6, 9, 6, 5, 5], [5, 7, 7, 5, 6, 8, 9, 6, 5, 5], [6, 9, 7, 8, 7, 8, 7, 5, 8, 9], [6, 9, 8, 7, 7, 9, 5, 6, 5, 6], [5, 7, 6, 7, 9, 7, 9, 7, 7, 6], [9, 6, 5, 8, 9, 9, 9, 8, 9, 8], [6, 5, 5, 5, 9, 7, 7, 7, 9, 9], [9, 9, 6, 6, 8, 7, 9, 9, 9, 5], [8, 9, 7, 9, 5, 6, 9, 7, 5, 6], [5, 6, 9, 9, 7, 7, 9, 5, 6, 8], [5, 8, 5, 6, 8, 6, 7, 5, 5, 6], [9, 7, 9, 9, 9, 7, 7, 5, 9, 7], [8, 9, 6, 8, 8, 7, 9, 8, 6, 7], [5, 6, 6, 8, 7, 9, 9, 9, 5, 6], [9, 8, 9, 8, 9, 8, 6, 5, 7, 5], [9, 9, 6, 9, 7, 9, 8, 6, 6, 7], [6, 6, 9, 5, 8, 6, 7, 6, 7, 8], [9, 5, 7, 6, 7, 6, 9, 9, 9, 6], [9, 8, 5, 8, 5, 6, 8, 6, 6, 6], [6, 6, 6, 7, 8, 5, 6, 5, 7, 5], [8, 8, 9, 9, 6, 6, 7, 9, 9, 7], [5, 9, 9, 6, 7, 9, 5, 9, 6, 5], [6, 7, 6, 7, 7, 9, 6, 5, 5, 5], [9, 5, 8, 6, 9, 6, 7, 5, 9, 9], [6, 8, 9, 9, 8, 7, 8, 7, 5, 8], [6, 7, 9, 5, 6, 6, 8, 6, 6, 9], [5, 9, 5, 8, 5, 6, 6, 6, 8, 5], [6, 8, 6, 5, 6, 6, 5, 5, 7, 6], [6, 5, 5, 5, 6, 8, 6, 6, 7, 6], [5, 8, 7, 9, 8, 6, 8, 5, 6, 7], [7, 5, 9, 8, 6, 5, 7, 9, 9, 6], [8, 5, 8, 5, 8, 6, 9, 8, 6, 9], [7, 8, 7, 5, 5, 9, 8, 6, 9, 5], [8, 6, 8, 5, 9, 5, 6, 5, 7, 5], [9, 5, 9, 6, 6, 5, 6, 5, 6, 5], [6, 5, 9, 6, 6, 9, 9, 8, 6, 6], [5, 7, 5, 7, 6, 9, 9, 8, 8, 6], [7, 9, 7, 6, 5, 7, 6, 9, 7, 9], [5, 8, 5, 6, 9, 8, 8, 8, 9, 5], [7, 7, 9, 8, 8, 7, 9, 5, 5, 9], [6, 5, 6, 7, 8, 9, 8, 5, 9, 5], [8, 7, 7, 7, 6, 6, 9, 5, 8, 5]]
Demand for each product in each period d: 
[[46, 44, 30, 37, 10, 20, 22, 0, 49, 5], [47, 26, 30, 45, 8, 33, 0, 41, 7, 14], [26, 10, 40, 29, 2, 5, 0, 45, 18, 14], [30, 28, 29, 3, 45, 12, 42, 7, 49, 37], [45, 11, 38, 14, 28, 0, 39, 9, 29, 44], [8, 47, 8, 47, 41, 11, 35, 44, 13, 0], [49, 0, 7, 22, 14, 15, 47, 19, 25, 32], [29, 8, 29, 21, 38, 11, 2, 33, 3, 39], [48, 24, 14, 26, 7, 30, 44, 31, 28, 5], [10, 17, 41, 10, 20, 41, 13, 49, 6, 22], [0, 30, 45, 36, 10, 11, 45, 6, 9, 5], [29, 31, 9, 24, 30, 29, 14, 6, 8, 47], [3, 45, 11, 38, 4, 6, 21, 9, 49, 2], [10, 9, 19, 13, 48, 34, 23, 33, 49, 33], [11, 34, 48, 16, 38, 28, 9, 7, 0, 43], [21, 44, 40, 0, 26, 10, 25, 8, 36, 25], [28, 17, 23, 18, 44, 15, 15, 39, 1, 27], [19, 15, 15, 13, 33, 10, 0, 38, 2, 12], [37, 4, 0, 6, 0, 6, 0, 16, 44, 0], [0, 47, 11, 2, 22, 24, 38, 48, 26, 31], [38, 0, 31, 16, 36, 38, 3, 23, 30, 26], [33, 35, 0, 34, 0, 22, 19, 10, 30, 1], [29, 0, 29, 24, 24, 0, 9, 0, 7, 7], [13, 29, 3, 39, 5, 6, 41, 36, 1, 23], [47, 36, 20, 23, 20, 25, 4, 35, 8, 4], [43, 5, 9, 11, 46, 7, 31, 25, 32, 34], [1, 0, 32, 34, 13, 12, 7, 35, 37, 23], [0, 10, 37, 7, 9, 34, 30, 3, 11, 0], [11, 0, 13, 7, 30, 16, 32, 13, 16, 47], [45, 24, 34, 33, 36, 3, 20, 49, 8, 13], [31, 37, 26, 42, 37, 43, 0, 12, 37, 4], [47, 3, 1, 14, 38, 10, 33, 0, 27, 23], [0, 0, 18, 14, 14, 44, 48, 29, 32, 45], [26, 1, 9, 9, 14, 25, 0, 49, 18, 1], [11, 37, 2, 44, 41, 10, 20, 1, 6, 26], [0, 8, 0, 10, 45, 2, 39, 32, 7, 24], [13, 49, 27, 30, 15, 7, 14, 41, 27, 0], [48, 47, 46, 41, 0, 29, 1, 29, 39, 30], [0, 10, 48, 31, 46, 40, 9, 6, 40, 14], [34, 15, 45, 32, 46, 44, 48, 48, 40, 10], [27, 20, 29, 15, 45, 8, 17, 4, 41, 20], [48, 30, 43, 13, 46, 43, 25, 1, 33, 0], [10, 23, 13, 30, 7, 18, 0, 26, 11, 0], [9, 38, 19, 12, 32, 37, 31, 9, 17, 41], [31, 11, 3, 34, 48, 16, 21, 6, 26, 27], [47, 45, 30, 13, 39, 36, 40, 5, 18, 0], [38, 22, 24, 20, 26, 0, 40, 10, 22, 18], [49, 2, 5, 22, 15, 49, 32, 6, 10, 21], [42, 5, 33, 0, 5, 14, 33, 5, 9, 19], [27, 18, 45, 38, 13, 22, 1, 20, 46, 41], [24, 41, 15, 46, 35, 9, 41, 0, 3, 28], [13, 38, 21, 6, 13, 29, 26, 42, 11, 49], [47, 0, 0, 34, 1, 46, 0, 2, 1, 25], [25, 7, 9, 43, 26, 22, 36, 41, 38, 19], [12, 0, 7, 9, 36, 0, 2, 15, 36, 3], [22, 28, 19, 21, 30, 18, 46, 45, 32, 19], [42, 38, 3, 37, 37, 18, 4, 34, 13, 2], [0, 1, 16, 49, 22, 0, 10, 49, 43, 8], [43, 13, 25, 16, 33, 12, 24, 40, 15, 23], [1, 26, 9, 11, 0, 42, 17, 16, 4, 42], [39, 3, 48, 25, 19, 31, 41, 9, 25, 0], [47, 35, 44, 15, 46, 33, 18, 37, 13, 37], [47, 23, 0, 2, 1, 3, 45, 45, 15, 16], [35, 9, 34, 8, 43, 11, 31, 8, 24, 42], [12, 42, 18, 14, 18, 44, 0, 7, 48, 35], [29, 26, 5, 49, 10, 26, 10, 28, 20, 37], [34, 43, 2, 4, 14, 43, 37, 18, 23, 49], [23, 38, 20, 4, 5, 12, 23, 46, 26, 35], [11, 33, 8, 4, 6, 13, 22, 44, 17, 42], [10, 30, 26, 35, 37, 45, 41, 22, 22, 37], [0, 44, 43, 10, 6, 34, 9, 39, 31, 23], [33, 12, 7, 19, 7, 29, 8, 20, 13, 13], [32, 48, 25, 48, 15, 38, 13, 16, 21, 9], [15, 23, 21, 23, 8, 26, 16, 3, 3, 0], [2, 12, 33, 32, 1, 43, 8, 11, 0, 34], [17, 30, 3, 41, 14, 8, 31, 32, 17, 1], [39, 7, 11, 9, 7, 49, 3, 17, 28, 40], [35, 28, 23, 36, 32, 9, 16, 13, 39, 35], [16, 43, 40, 24, 32, 0, 25, 4, 21, 19], [18, 42, 6, 39, 45, 21, 29, 29, 7, 42], [8, 0, 31, 10, 48, 46, 19, 22, 11, 16], [40, 7, 39, 5, 1, 26, 19, 23, 49, 40], [18, 35, 8, 6, 43, 43, 16, 10, 39, 33], [36, 9, 2, 42, 25, 41, 2, 48, 25, 10], [45, 13, 9, 47, 17, 24, 0, 4, 21, 17], [25, 12, 14, 11, 28, 49, 11, 27, 42, 47], [1, 21, 44, 47, 1, 14, 35, 35, 33, 7], [6, 40, 0, 37, 17, 2, 30, 32, 24, 34], [34, 9, 10, 34, 28, 21, 30, 19, 0, 34], [44, 34, 38, 14, 4, 14, 38, 0, 2, 40], [13, 32, 42, 7, 26, 0, 7, 0, 49, 0], [30, 34, 21, 33, 37, 35, 25, 2, 3, 1], [0, 24, 17, 1, 37, 6, 28, 34, 27, 19], [34, 17, 12, 45, 14, 33, 47, 8, 17, 12], [11, 22, 35, 43, 40, 3, 29, 33, 0, 0], [21, 13, 6, 31, 26, 0, 40, 32, 14, 8], [45, 13, 36, 41, 0, 16, 9, 0, 2, 29], [18, 7, 34, 10, 22, 6, 31, 28, 37, 6], [8, 9, 23, 48, 3, 40, 32, 36, 5, 17], [19, 42, 32, 41, 40, 20, 6, 36, 20, 19]]
Maintenance cost in each period m: 
[4004, 6744, 7575, 5823, 4383, 5542, 6550, 7489, 6384, 4630]
Maximum capacity of the machine cmax: 
4500