Set of periods in the planning horizon T: 
10
Set of products P: 
20
Capacity reduction coefficient alpha: 
0.8
Relative decrease of capacity per set up gamma: 
0.32
Capacity reduction coefficient due to product types beta: 
[0.33, 0.23, 0.31, 0.29, 0.25, 0.37, 0.32, 0.3, 0.34, 0.29, 0.31, 0.21, 0.27, 0.25, 0.29, 0.24, 0.26, 0.35, 0.3, 0.24]
Fixed production cost of each product in each period f: 
[[588, 536, 534, 665, 907, 577, 962, 778, 930, 840], [682, 682, 652, 961, 980, 525, 816, 500, 645, 631], [902, 542, 777, 774, 579, 642, 801, 675, 577, 501], [517, 552, 650, 991, 953, 755, 570, 564, 677, 515], [904, 759, 509, 661, 722, 769, 728, 770, 766, 597], [658, 830, 721, 622, 697, 876, 768, 579, 873, 548], [864, 653, 771, 745, 505, 785, 750, 642, 987, 703], [908, 600, 557, 731, 549, 803, 513, 941, 829, 647], [822, 979, 597, 790, 871, 534, 709, 557, 971, 848], [741, 980, 669, 733, 614, 946, 789, 538, 976, 693], [970, 603, 530, 547, 675, 804, 528, 791, 695, 643], [852, 749, 763, 534, 922, 817, 577, 761, 776, 850], [830, 917, 681, 712, 602, 542, 690, 500, 902, 517], [945, 895, 941, 846, 706, 916, 677, 887, 833, 896], [683, 597, 713, 897, 817, 716, 885, 695, 831, 661], [987, 799, 578, 838, 780, 685, 755, 845, 564, 935], [779, 505, 732, 519, 529, 884, 893, 932, 861, 852], [841, 757, 848, 611, 968, 843, 650, 794, 596, 906], [812, 714, 616, 802, 517, 602, 751, 620, 895, 670], [670, 865, 882, 571, 796, 953, 713, 723, 937, 828]]
Variable production cost per unit of each product in each period p: 
[[11, 13, 11, 10, 11, 10, 11, 11, 11, 10], [10, 10, 13, 10, 10, 13, 12, 13, 13, 11], [10, 10, 11, 10, 11, 11, 12, 13, 10, 12], [13, 10, 10, 13, 12, 13, 12, 12, 12, 10], [10, 11, 13, 10, 11, 10, 12, 10, 11, 13], [10, 13, 10, 10, 13, 13, 10, 11, 11, 13], [11, 11, 12, 11, 12, 12, 12, 13, 11, 13], [13, 12, 10, 10, 12, 11, 10, 12, 12, 12], [10, 12, 11, 12, 12, 10, 11, 12, 11, 12], [10, 11, 11, 13, 12, 10, 10, 12, 10, 11], [11, 12, 12, 11, 12, 10, 12, 12, 11, 10], [11, 10, 11, 12, 13, 13, 10, 10, 10, 13], [13, 11, 11, 13, 13, 12, 10, 13, 11, 13], [12, 10, 11, 12, 13, 11, 11, 11, 13, 10], [10, 12, 13, 11, 12, 11, 13, 12, 11, 10], [13, 13, 10, 10, 11, 12, 10, 13, 12, 10], [10, 10, 10, 10, 10, 11, 12, 12, 13, 12], [11, 10, 12, 10, 10, 12, 13, 12, 10, 13], [12, 10, 12, 11, 12, 13, 13, 10, 12, 13], [11, 12, 10, 10, 11, 12, 10, 11, 13, 12]]
Inventory holding cost per unit of each product by the end of each period h: 
[[6, 5, 6, 5, 7, 8, 8, 8, 6, 8], [7, 5, 7, 7, 5, 5, 6, 7, 8, 6], [8, 5, 6, 7, 5, 8, 7, 8, 5, 8], [7, 9, 8, 5, 9, 8, 6, 7, 5, 8], [7, 5, 5, 9, 8, 9, 5, 5, 7, 9], [6, 7, 7, 5, 7, 6, 6, 8, 7, 5], [8, 7, 6, 6, 8, 6, 9, 9, 9, 6], [7, 6, 5, 5, 8, 5, 7, 7, 6, 7], [8, 5, 8, 6, 6, 5, 8, 8, 9, 8], [6, 7, 5, 6, 9, 8, 9, 9, 8, 8], [8, 5, 6, 8, 6, 5, 9, 9, 6, 9], [8, 6, 8, 7, 6, 5, 9, 8, 6, 5], [7, 8, 5, 5, 7, 9, 5, 8, 7, 7], [9, 9, 9, 6, 5, 7, 6, 8, 5, 7], [7, 5, 7, 8, 5, 6, 8, 6, 8, 8], [6, 7, 9, 5, 9, 7, 9, 7, 6, 5], [7, 7, 5, 8, 6, 6, 8, 5, 8, 9], [7, 9, 7, 7, 6, 6, 9, 9, 5, 9], [8, 9, 8, 7, 9, 5, 7, 8, 6, 9], [5, 7, 8, 7, 5, 6, 6, 6, 5, 7]]
Demand for each product in each period d: 
[[42, 34, 0, 31, 4, 8, 29, 2, 0, 46], [29, 0, 30, 43, 12, 32, 48, 34, 16, 16], [8, 48, 48, 2, 19, 37, 0, 13, 37, 42], [46, 40, 31, 17, 19, 37, 4, 19, 6, 32], [30, 43, 24, 31, 25, 16, 37, 43, 34, 48], [46, 39, 3, 26, 29, 4, 25, 5, 0, 45], [5, 42, 1, 39, 45, 19, 0, 4, 7, 40], [42, 34, 30, 25, 17, 8, 30, 16, 47, 0], [36, 0, 14, 14, 27, 32, 22, 29, 18, 26], [20, 6, 43, 1, 5, 18, 41, 11, 0, 4], [8, 42, 2, 11, 41, 45, 10, 31, 25, 38], [43, 8, 31, 48, 24, 21, 22, 41, 43, 17], [30, 32, 40, 47, 35, 17, 20, 18, 2, 29], [43, 13, 17, 34, 0, 46, 42, 46, 22, 48], [30, 18, 22, 0, 7, 0, 10, 19, 11, 0], [24, 5, 14, 26, 49, 42, 0, 5, 43, 19], [32, 26, 22, 6, 45, 1, 10, 9, 7, 9], [4, 21, 8, 2, 45, 15, 18, 8, 18, 29], [39, 8, 39, 25, 30, 19, 35, 13, 12, 30], [0, 6, 38, 47, 44, 46, 39, 47, 3, 26]]
Maintenance cost in each period m: 
[4832, 2025, 3122, 5443, 2620, 1883, 1820, 3218, 5410, 1841]
Maximum capacity of the machine cmax: 
960