Set of periods in the planning horizon T: 
5
Set of products P: 
20
Capacity reduction coefficient alpha: 
0.8
Relative decrease of capacity per set up gamma: 
0.27
Capacity reduction coefficient due to product types beta: 
[0.3, 0.33, 0.24, 0.23, 0.27, 0.22, 0.34, 0.26, 0.35, 0.22, 0.26, 0.4, 0.23, 0.35, 0.29, 0.33, 0.25, 0.27, 0.24, 0.4]
Fixed production cost of each product in each period f: 
[[654, 617, 759, 594, 519], [876, 747, 863, 515, 513], [805, 509, 709, 655, 743], [667, 793, 944, 880, 512], [733, 759, 996, 971, 961], [808, 526, 986, 547, 719], [731, 812, 907, 994, 712], [992, 680, 922, 949, 592], [623, 695, 723, 991, 783], [720, 860, 770, 631, 815], [757, 634, 722, 552, 796], [699, 682, 552, 515, 976], [689, 718, 802, 872, 682], [964, 750, 819, 529, 887], [646, 828, 661, 524, 856], [759, 746, 726, 671, 711], [885, 728, 965, 641, 598], [913, 591, 944, 788, 726], [589, 912, 819, 854, 978], [711, 966, 879, 975, 549]]
Variable production cost per unit of each product in each period p: 
[[12, 13, 10, 10, 11], [13, 13, 11, 12, 12], [11, 13, 10, 12, 10], [12, 13, 11, 12, 11], [11, 11, 12, 12, 11], [11, 12, 11, 10, 10], [12, 10, 10, 13, 11], [12, 12, 10, 10, 12], [11, 10, 13, 10, 10], [12, 13, 11, 13, 12], [10, 10, 11, 12, 11], [13, 10, 10, 11, 12], [12, 10, 10, 13, 13], [12, 10, 11, 12, 13], [12, 10, 10, 13, 11], [10, 11, 12, 12, 12], [10, 10, 13, 12, 10], [12, 12, 11, 10, 10], [11, 10, 10, 12, 13], [11, 13, 12, 11, 13]]
Inventory holding cost per unit of each product by the end of each period h: 
[[5, 5, 9, 8, 8], [5, 7, 9, 6, 9], [6, 9, 8, 7, 5], [8, 5, 6, 8, 8], [8, 8, 8, 8, 6], [8, 7, 8, 6, 9], [7, 8, 8, 6, 7], [7, 6, 8, 9, 7], [7, 7, 9, 5, 6], [6, 7, 9, 5, 7], [5, 7, 9, 7, 9], [6, 8, 5, 7, 5], [8, 5, 7, 9, 5], [8, 5, 5, 7, 6], [8, 6, 9, 8, 7], [7, 6, 5, 7, 7], [5, 9, 6, 7, 8], [7, 7, 7, 7, 9], [8, 7, 8, 6, 9], [6, 6, 7, 5, 9]]
Demand for each product in each period d: 
[[20, 10, 10, 47, 48], [10, 1, 32, 4, 24], [17, 5, 45, 0, 21], [2, 35, 18, 20, 37], [16, 49, 2, 45, 10], [34, 3, 24, 0, 7], [43, 37, 28, 17, 41], [14, 15, 43, 15, 29], [25, 49, 9, 0, 4], [46, 15, 9, 49, 41], [22, 8, 14, 21, 3], [5, 37, 28, 19, 24], [12, 32, 28, 12, 3], [23, 35, 34, 48, 40], [30, 0, 12, 43, 23], [24, 12, 19, 10, 38], [13, 34, 37, 14, 43], [0, 2, 7, 5, 14], [21, 5, 38, 41, 17], [22, 13, 26, 49, 28]]
Maintenance cost in each period m: 
[3362, 2248, 1380, 4922, 1759]
Maximum capacity of the machine cmax: 
900