Set of periods in the planning horizon T: 
50
Set of products P: 
120
Capacity reduction coefficient alpha: 
0.8
Relative decrease of capacity per set up gamma: 
0.28
Capacity reduction coefficient due to product types beta: 
[0.36, 0.23, 0.2, 0.23, 0.22, 0.26, 0.2, 0.32, 0.26, 0.28, 0.33, 0.21, 0.29, 0.39, 0.34, 0.39, 0.34, 0.25, 0.28, 0.22, 0.33, 0.34, 0.29, 0.31, 0.29, 0.21, 0.35, 0.35, 0.32, 0.38, 0.32, 0.28, 0.38, 0.24, 0.36, 0.35, 0.22, 0.35, 0.3, 0.28, 0.26, 0.21, 0.4, 0.29, 0.27, 0.33, 0.26, 0.36, 0.21, 0.31, 0.37, 0.39, 0.23, 0.27, 0.26, 0.2, 0.32, 0.38, 0.39, 0.36, 0.35, 0.39, 0.33, 0.38, 0.31, 0.31, 0.35, 0.39, 0.25, 0.22, 0.37, 0.22, 0.22, 0.33, 0.35, 0.37, 0.33, 0.25, 0.25, 0.23, 0.39, 0.35, 0.31, 0.38, 0.23, 0.36, 0.32, 0.36, 0.32, 0.31, 0.25, 0.24, 0.31, 0.28, 0.23, 0.25, 0.36, 0.33, 0.29, 0.32, 0.23, 0.31, 0.28, 0.21, 0.37, 0.24, 0.32, 0.29, 0.27, 0.24, 0.29, 0.39, 0.4, 0.39, 0.35, 0.2, 0.28, 0.27, 0.24, 0.22]
Fixed production cost of each product in each period f: 
[[548, 983, 973, 662, 587, 584, 551, 854, 678, 915, 751, 939, 722, 837, 527, 922, 842, 824, 658, 678, 853, 666, 553, 757, 811, 560, 653, 799, 714, 905, 808, 727, 963, 702, 690, 819, 806, 803, 644, 752, 666, 611, 939, 814, 638, 700, 562, 575, 658, 924], [618, 741, 559, 874, 666, 578, 555, 713, 851, 999, 593, 565, 909, 668, 781, 926, 513, 951, 537, 592, 509, 703, 654, 880, 998, 923, 810, 779, 958, 565, 924, 511, 723, 979, 643, 733, 989, 780, 977, 957, 568, 589, 903, 840, 905, 988, 686, 601, 942, 986], [563, 912, 868, 513, 587, 561, 935, 749, 675, 820, 707, 513, 981, 827, 785, 612, 761, 794, 992, 799, 763, 688, 708, 943, 875, 772, 634, 935, 569, 636, 547, 838, 501, 807, 684, 699, 580, 968, 683, 889, 862, 968, 681, 977, 552, 631, 621, 650, 521, 836], [507, 939, 703, 674, 698, 545, 597, 542, 565, 590, 697, 756, 777, 866, 673, 802, 956, 531, 926, 749, 579, 688, 525, 673, 681, 509, 890, 964, 985, 811, 583, 953, 899, 930, 654, 874, 865, 771, 676, 973, 918, 947, 772, 696, 665, 718, 746, 791, 586, 795], [663, 919, 552, 653, 572, 725, 569, 810, 620, 643, 899, 656, 854, 616, 610, 549, 903, 532, 592, 560, 873, 916, 651, 593, 792, 557, 954, 909, 547, 889, 919, 518, 772, 517, 611, 890, 567, 965, 669, 933, 578, 708, 840, 927, 670, 928, 524, 865, 540, 516], [818, 663, 925, 819, 516, 917, 835, 803, 949, 854, 913, 521, 520, 682, 695, 994, 723, 592, 540, 629, 695, 955, 653, 804, 795, 589, 917, 605, 988, 646, 609, 759, 838, 904, 920, 707, 649, 696, 599, 549, 603, 905, 994, 685, 775, 986, 788, 531, 667, 919], [843, 563, 996, 616, 612, 843, 995, 971, 705, 960, 568, 818, 727, 829, 913, 818, 727, 615, 523, 661, 834, 929, 870, 598, 782, 949, 914, 657, 584, 676, 897, 888, 842, 775, 720, 892, 692, 654, 635, 987, 637, 528, 623, 796, 589, 661, 542, 753, 970, 554], [602, 895, 747, 516, 596, 945, 594, 758, 733, 715, 861, 923, 641, 707, 604, 807, 646, 534, 785, 888, 962, 723, 984, 682, 841, 729, 795, 626, 667, 791, 543, 703, 549, 991, 502, 593, 987, 908, 588, 524, 593, 984, 921, 943, 933, 710, 827, 512, 603, 735], [646, 823, 982, 881, 856, 650, 775, 701, 785, 738, 924, 694, 958, 501, 628, 856, 663, 753, 951, 855, 653, 543, 838, 554, 671, 983, 649, 681, 741, 881, 540, 762, 812, 706, 904, 791, 677, 837, 535, 820, 997, 666, 787, 788, 780, 679, 722, 557, 533, 825], [929, 505, 521, 956, 736, 523, 559, 911, 610, 688, 706, 764, 703, 661, 768, 833, 943, 538, 545, 544, 742, 636, 687, 924, 987, 906, 603, 796, 868, 788, 760, 747, 741, 864, 846, 594, 735, 893, 879, 504, 969, 957, 864, 913, 583, 588, 552, 662, 774, 589], [683, 632, 968, 845, 656, 967, 982, 675, 559, 527, 761, 841, 648, 771, 757, 820, 683, 878, 640, 863, 524, 860, 775, 774, 590, 513, 860, 831, 999, 840, 888, 947, 508, 546, 990, 743, 811, 940, 771, 936, 659, 639, 880, 670, 620, 999, 994, 735, 537, 790], [925, 930, 854, 752, 966, 914, 850, 659, 754, 710, 848, 711, 787, 950, 610, 875, 722, 870, 862, 697, 984, 819, 973, 593, 620, 705, 948, 601, 734, 784, 628, 580, 667, 824, 738, 621, 935, 582, 515, 925, 830, 686, 571, 990, 722, 879, 635, 662, 519, 904], [798, 981, 895, 959, 789, 821, 982, 627, 787, 955, 817, 655, 634, 981, 870, 777, 898, 817, 648, 789, 940, 591, 925, 856, 894, 971, 979, 861, 757, 509, 982, 742, 599, 921, 781, 736, 562, 699, 744, 920, 791, 652, 560, 879, 850, 685, 871, 575, 920, 785], [877, 770, 574, 949, 703, 863, 798, 816, 815, 516, 732, 995, 694, 968, 642, 780, 810, 579, 836, 538, 741, 511, 568, 761, 816, 530, 549, 707, 538, 592, 882, 726, 791, 906, 943, 840, 937, 865, 582, 959, 640, 717, 518, 968, 837, 872, 597, 850, 744, 845], [831, 988, 682, 777, 772, 871, 552, 654, 818, 948, 863, 668, 760, 680, 920, 527, 776, 971, 829, 890, 540, 614, 913, 586, 546, 807, 514, 779, 943, 996, 515, 672, 708, 715, 693, 669, 667, 872, 717, 964, 820, 603, 864, 933, 624, 890, 909, 585, 589, 932], [904, 716, 510, 753, 568, 724, 941, 611, 641, 740, 873, 712, 745, 636, 584, 983, 678, 540, 587, 627, 668, 943, 829, 996, 782, 967, 519, 542, 658, 790, 511, 901, 945, 974, 655, 571, 809, 813, 666, 968, 560, 771, 704, 914, 770, 530, 620, 764, 657, 513], [686, 544, 666, 737, 998, 778, 619, 649, 890, 651, 603, 515, 970, 799, 820, 581, 564, 749, 547, 785, 538, 676, 521, 850, 652, 756, 899, 689, 700, 990, 829, 969, 587, 670, 509, 881, 803, 812, 969, 636, 747, 811, 538, 566, 656, 894, 729, 531, 689, 521], [523, 506, 691, 730, 502, 978, 531, 617, 580, 625, 674, 954, 753, 567, 808, 519, 769, 551, 908, 869, 723, 950, 949, 795, 844, 743, 861, 825, 939, 617, 563, 603, 805, 549, 728, 969, 987, 609, 728, 637, 856, 504, 778, 719, 668, 689, 635, 808, 827, 967], [575, 707, 684, 984, 904, 523, 884, 661, 640, 650, 865, 931, 900, 903, 761, 906, 656, 726, 861, 760, 892, 689, 732, 984, 550, 948, 573, 570, 855, 943, 800, 773, 616, 562, 629, 648, 698, 631, 945, 928, 519, 790, 699, 868, 872, 529, 753, 577, 965, 702], [780, 833, 847, 808, 703, 568, 817, 789, 631, 732, 846, 983, 818, 935, 677, 717, 877, 922, 780, 607, 700, 771, 730, 871, 582, 989, 842, 944, 532, 972, 712, 602, 729, 721, 872, 835, 502, 854, 822, 650, 800, 892, 893, 535, 660, 634, 637, 674, 955, 751], [908, 859, 975, 741, 919, 787, 800, 726, 994, 566, 537, 840, 692, 786, 650, 521, 827, 790, 896, 546, 587, 539, 652, 607, 851, 562, 674, 976, 795, 768, 813, 609, 517, 634, 826, 567, 850, 701, 771, 927, 886, 827, 687, 678, 694, 965, 850, 776, 920, 894], [933, 956, 671, 630, 994, 722, 607, 536, 711, 867, 813, 527, 683, 573, 950, 875, 648, 837, 571, 505, 627, 637, 600, 823, 556, 856, 858, 586, 961, 584, 579, 552, 860, 676, 626, 597, 926, 697, 682, 663, 518, 766, 949, 754, 794, 622, 902, 872, 844, 669], [518, 976, 721, 677, 815, 529, 823, 891, 846, 631, 963, 529, 645, 762, 676, 969, 783, 900, 503, 787, 971, 619, 960, 869, 625, 862, 826, 975, 811, 919, 791, 980, 962, 508, 580, 741, 849, 987, 767, 605, 515, 862, 522, 685, 729, 927, 948, 753, 808, 767], [849, 987, 576, 569, 535, 968, 833, 726, 606, 703, 735, 751, 975, 893, 511, 784, 748, 771, 528, 702, 925, 608, 985, 804, 900, 719, 608, 584, 609, 966, 673, 511, 969, 824, 570, 967, 807, 938, 778, 671, 741, 609, 863, 990, 987, 735, 809, 946, 871, 764], [560, 816, 550, 981, 948, 554, 567, 532, 516, 887, 548, 866, 655, 758, 734, 941, 906, 886, 672, 866, 903, 783, 927, 634, 581, 894, 935, 512, 848, 668, 752, 506, 748, 783, 509, 519, 616, 524, 874, 889, 637, 799, 562, 524, 666, 696, 641, 711, 788, 654], [938, 529, 505, 864, 981, 709, 969, 811, 921, 737, 907, 847, 737, 794, 764, 528, 872, 682, 767, 717, 621, 920, 978, 906, 525, 695, 872, 810, 538, 661, 958, 876, 989, 714, 531, 734, 684, 960, 879, 600, 651, 661, 598, 732, 618, 657, 823, 610, 683, 620], [916, 762, 593, 678, 635, 644, 607, 680, 624, 969, 937, 916, 503, 877, 691, 699, 799, 883, 592, 527, 724, 634, 919, 783, 703, 844, 827, 597, 804, 586, 858, 568, 697, 677, 532, 602, 644, 696, 886, 529, 530, 631, 902, 822, 859, 992, 661, 903, 824, 944], [758, 719, 680, 576, 717, 659, 955, 927, 594, 780, 500, 978, 771, 600, 722, 737, 908, 680, 583, 556, 565, 687, 583, 644, 619, 975, 710, 703, 587, 597, 790, 652, 634, 687, 621, 728, 695, 603, 550, 568, 844, 986, 665, 856, 670, 689, 684, 622, 611, 690], [654, 912, 541, 548, 686, 581, 634, 869, 824, 673, 772, 884, 806, 569, 807, 559, 667, 896, 760, 723, 904, 674, 571, 952, 886, 823, 971, 804, 826, 676, 803, 592, 547, 737, 693, 813, 862, 910, 580, 536, 920, 899, 694, 922, 752, 955, 975, 640, 597, 702], [731, 925, 686, 697, 529, 843, 728, 993, 532, 956, 594, 688, 995, 976, 605, 572, 652, 551, 993, 729, 768, 529, 870, 871, 538, 964, 680, 988, 828, 529, 708, 860, 762, 566, 750, 632, 549, 652, 828, 855, 879, 563, 698, 670, 838, 880, 931, 970, 898, 548], [684, 885, 865, 687, 971, 630, 623, 862, 530, 774, 846, 850, 806, 950, 773, 746, 912, 558, 721, 858, 661, 767, 772, 626, 511, 555, 958, 589, 960, 514, 502, 582, 664, 673, 950, 913, 879, 549, 519, 541, 958, 770, 633, 509, 983, 800, 820, 560, 745, 804], [679, 772, 928, 536, 733, 889, 668, 724, 983, 999, 746, 631, 961, 901, 568, 981, 733, 720, 567, 964, 969, 900, 688, 760, 593, 713, 560, 554, 628, 854, 521, 845, 687, 554, 878, 864, 847, 678, 827, 600, 934, 748, 617, 724, 765, 759, 818, 914, 591, 815], [731, 768, 512, 797, 714, 735, 901, 944, 588, 520, 743, 747, 946, 913, 534, 895, 629, 768, 638, 714, 645, 759, 780, 606, 648, 755, 715, 790, 706, 603, 669, 663, 719, 626, 929, 576, 601, 764, 627, 921, 783, 564, 913, 606, 872, 665, 901, 596, 865, 698], [731, 667, 779, 602, 503, 958, 697, 642, 536, 718, 861, 526, 865, 602, 627, 541, 868, 567, 511, 514, 988, 673, 578, 751, 768, 922, 903, 808, 883, 942, 726, 624, 911, 694, 911, 555, 815, 994, 510, 582, 554, 890, 760, 666, 778, 625, 501, 977, 821, 772], [519, 829, 886, 815, 967, 509, 776, 816, 833, 665, 719, 847, 907, 693, 741, 857, 909, 862, 770, 625, 582, 969, 520, 758, 985, 752, 688, 931, 845, 768, 850, 653, 939, 748, 709, 721, 517, 718, 819, 667, 532, 901, 975, 674, 542, 561, 538, 502, 573, 917], [861, 833, 658, 779, 689, 997, 957, 730, 640, 555, 757, 865, 622, 577, 616, 711, 822, 896, 814, 870, 907, 670, 644, 662, 971, 623, 505, 589, 652, 687, 855, 621, 716, 840, 524, 763, 868, 790, 772, 716, 594, 529, 925, 629, 586, 800, 738, 860, 876, 898], [671, 944, 879, 554, 616, 630, 561, 977, 706, 828, 819, 516, 706, 896, 689, 570, 898, 540, 925, 983, 652, 736, 694, 911, 839, 865, 780, 809, 827, 563, 687, 557, 859, 694, 839, 723, 797, 584, 671, 729, 758, 537, 669, 708, 665, 612, 693, 868, 683, 636], [661, 628, 727, 860, 803, 579, 828, 799, 512, 630, 559, 578, 629, 643, 793, 932, 590, 885, 647, 729, 507, 694, 707, 831, 792, 509, 583, 613, 887, 936, 619, 741, 929, 713, 641, 964, 769, 986, 545, 935, 882, 912, 562, 978, 700, 596, 766, 503, 595, 778], [789, 868, 730, 627, 979, 773, 698, 968, 609, 592, 870, 857, 923, 924, 763, 770, 744, 737, 648, 539, 645, 732, 772, 630, 993, 877, 674, 774, 928, 657, 517, 775, 756, 565, 820, 533, 821, 783, 804, 954, 825, 766, 559, 632, 729, 551, 890, 760, 804, 849], [917, 667, 544, 537, 514, 973, 578, 904, 844, 981, 699, 676, 900, 581, 891, 696, 744, 904, 959, 919, 572, 740, 728, 956, 604, 650, 732, 711, 852, 935, 641, 971, 729, 813, 573, 578, 562, 933, 872, 766, 736, 695, 526, 692, 645, 917, 884, 605, 629, 631], [547, 867, 829, 727, 744, 844, 977, 826, 979, 537, 718, 580, 896, 744, 979, 793, 787, 969, 787, 588, 795, 970, 735, 746, 934, 967, 913, 641, 656, 778, 943, 697, 663, 919, 724, 891, 615, 668, 630, 518, 738, 524, 751, 765, 567, 578, 960, 586, 942, 604], [739, 520, 567, 835, 796, 818, 546, 934, 928, 866, 985, 763, 731, 764, 852, 702, 980, 538, 600, 743, 894, 882, 988, 695, 921, 534, 890, 825, 740, 700, 862, 518, 996, 676, 873, 672, 613, 842, 756, 628, 977, 957, 579, 851, 766, 767, 876, 857, 841, 523], [527, 868, 951, 818, 667, 530, 541, 654, 876, 501, 877, 638, 816, 708, 721, 875, 904, 570, 644, 923, 722, 681, 895, 655, 952, 698, 960, 634, 969, 596, 682, 641, 874, 763, 743, 587, 874, 582, 522, 784, 626, 819, 794, 795, 980, 569, 939, 667, 509, 983], [933, 500, 978, 642, 570, 517, 768, 924, 722, 652, 612, 910, 596, 716, 745, 916, 970, 852, 837, 809, 606, 533, 556, 821, 556, 726, 827, 508, 876, 977, 570, 692, 862, 777, 668, 802, 727, 726, 830, 772, 862, 901, 974, 732, 977, 575, 683, 675, 516, 886], [892, 921, 749, 923, 629, 638, 763, 554, 688, 891, 700, 782, 672, 795, 642, 703, 774, 869, 691, 821, 519, 882, 984, 928, 539, 689, 524, 643, 880, 522, 614, 942, 605, 523, 931, 883, 820, 597, 963, 982, 782, 911, 851, 513, 893, 857, 718, 665, 890, 608], [617, 507, 832, 524, 945, 753, 813, 729, 548, 884, 890, 556, 621, 726, 872, 587, 937, 828, 559, 736, 576, 613, 712, 905, 951, 937, 585, 990, 974, 888, 624, 886, 821, 794, 546, 535, 660, 838, 548, 934, 772, 817, 913, 779, 885, 977, 998, 747, 809, 875], [885, 641, 559, 942, 952, 727, 706, 991, 589, 929, 562, 785, 672, 980, 887, 645, 774, 811, 958, 575, 621, 641, 834, 849, 687, 858, 794, 606, 864, 912, 943, 869, 582, 631, 712, 648, 907, 829, 782, 939, 585, 714, 584, 610, 634, 516, 619, 741, 972, 807], [887, 623, 977, 710, 897, 710, 914, 939, 937, 801, 721, 545, 904, 888, 552, 949, 555, 536, 575, 594, 964, 741, 535, 840, 965, 977, 834, 613, 922, 842, 919, 874, 563, 883, 691, 547, 990, 671, 535, 904, 928, 822, 772, 558, 773, 959, 691, 783, 651, 528], [647, 797, 644, 600, 979, 701, 833, 939, 752, 770, 642, 763, 516, 906, 771, 612, 668, 554, 891, 939, 535, 721, 982, 663, 933, 546, 586, 855, 831, 701, 896, 708, 528, 583, 735, 654, 868, 824, 761, 860, 583, 846, 898, 915, 528, 851, 932, 780, 636, 910], [503, 996, 959, 756, 733, 628, 892, 787, 786, 698, 903, 888, 695, 819, 709, 660, 881, 985, 622, 652, 654, 955, 994, 534, 943, 639, 867, 788, 669, 942, 594, 972, 747, 949, 898, 904, 769, 552, 523, 727, 712, 623, 926, 779, 969, 957, 818, 939, 520, 632], [943, 892, 636, 744, 513, 585, 946, 597, 610, 749, 592, 723, 853, 583, 771, 987, 562, 823, 703, 524, 594, 754, 554, 992, 616, 514, 700, 712, 831, 813, 763, 651, 618, 912, 623, 786, 846, 571, 609, 609, 782, 972, 885, 859, 528, 957, 617, 765, 637, 779], [853, 904, 727, 546, 610, 736, 700, 924, 883, 737, 739, 517, 579, 767, 695, 838, 885, 560, 705, 610, 611, 783, 514, 581, 610, 702, 999, 751, 737, 792, 626, 865, 793, 546, 823, 601, 690, 500, 932, 541, 532, 672, 639, 913, 914, 678, 915, 841, 590, 930], [916, 947, 861, 554, 954, 695, 988, 559, 818, 709, 649, 513, 849, 885, 615, 861, 942, 864, 707, 577, 873, 768, 687, 832, 898, 623, 768, 860, 939, 573, 587, 607, 512, 968, 610, 611, 689, 572, 725, 839, 847, 994, 927, 567, 666, 699, 542, 785, 744, 758], [863, 921, 718, 661, 851, 583, 894, 637, 916, 967, 971, 799, 655, 821, 926, 567, 899, 529, 611, 526, 545, 686, 695, 888, 929, 874, 995, 808, 648, 892, 906, 793, 669, 863, 828, 856, 502, 639, 866, 781, 648, 994, 827, 588, 614, 785, 632, 731, 643, 611], [576, 676, 844, 715, 661, 573, 863, 590, 558, 913, 632, 901, 760, 801, 598, 950, 807, 660, 766, 654, 528, 835, 621, 979, 650, 869, 988, 885, 515, 740, 910, 951, 537, 515, 838, 740, 866, 953, 874, 616, 782, 722, 888, 789, 871, 835, 927, 565, 506, 659], [780, 840, 506, 751, 636, 556, 851, 905, 746, 655, 882, 736, 757, 786, 569, 529, 954, 644, 715, 835, 704, 889, 895, 986, 604, 762, 599, 908, 510, 672, 948, 941, 824, 923, 968, 519, 956, 827, 916, 792, 861, 752, 842, 843, 860, 509, 547, 638, 596, 607], [965, 964, 967, 899, 648, 912, 631, 746, 614, 564, 856, 790, 995, 521, 673, 855, 778, 952, 830, 964, 817, 512, 789, 942, 974, 965, 928, 923, 726, 565, 852, 972, 579, 890, 774, 928, 666, 691, 586, 605, 803, 748, 807, 642, 645, 894, 957, 533, 559, 998], [598, 543, 978, 842, 621, 978, 814, 717, 724, 680, 608, 552, 926, 632, 909, 830, 984, 653, 961, 780, 922, 615, 526, 889, 957, 993, 743, 998, 901, 979, 970, 791, 781, 636, 730, 522, 509, 863, 533, 780, 761, 591, 768, 977, 508, 526, 576, 670, 698, 608], [579, 681, 862, 505, 827, 662, 617, 827, 866, 718, 893, 618, 755, 781, 734, 822, 641, 780, 505, 568, 702, 832, 991, 573, 671, 695, 741, 782, 620, 904, 518, 841, 518, 859, 669, 692, 942, 591, 978, 681, 932, 859, 501, 885, 867, 947, 635, 830, 744, 714], [804, 706, 980, 618, 944, 520, 806, 719, 770, 724, 735, 647, 933, 562, 769, 793, 520, 914, 545, 569, 900, 601, 791, 946, 872, 556, 651, 945, 846, 774, 974, 844, 572, 718, 512, 612, 657, 832, 806, 865, 746, 649, 683, 789, 791, 962, 678, 505, 614, 764], [858, 537, 560, 888, 910, 589, 956, 760, 751, 666, 560, 782, 566, 631, 567, 644, 774, 805, 694, 506, 906, 752, 724, 781, 762, 804, 958, 996, 684, 932, 885, 537, 718, 730, 516, 859, 855, 867, 956, 776, 525, 658, 802, 974, 636, 598, 746, 731, 591, 910], [852, 563, 931, 888, 661, 640, 854, 853, 618, 704, 708, 801, 831, 507, 922, 585, 947, 563, 525, 878, 832, 814, 659, 519, 858, 630, 754, 897, 641, 505, 564, 523, 627, 560, 694, 968, 958, 540, 701, 569, 550, 677, 543, 744, 730, 815, 890, 736, 924, 568], [526, 627, 590, 637, 847, 648, 624, 945, 990, 560, 501, 630, 576, 544, 682, 531, 947, 968, 564, 968, 578, 533, 679, 805, 906, 893, 517, 933, 616, 528, 839, 794, 836, 993, 944, 508, 634, 975, 781, 876, 740, 836, 598, 809, 902, 682, 822, 899, 647, 938], [959, 826, 652, 799, 938, 593, 641, 748, 986, 655, 719, 858, 965, 532, 554, 841, 983, 798, 547, 693, 684, 991, 771, 972, 951, 547, 627, 763, 929, 717, 666, 661, 603, 546, 585, 859, 777, 950, 981, 659, 538, 806, 732, 561, 605, 519, 653, 524, 833, 654], [863, 945, 675, 864, 924, 826, 926, 561, 853, 520, 657, 921, 683, 975, 762, 667, 719, 749, 910, 981, 653, 576, 858, 559, 741, 570, 933, 799, 747, 810, 940, 552, 710, 858, 875, 642, 570, 798, 722, 772, 541, 521, 634, 974, 612, 787, 736, 876, 771, 776], [847, 963, 785, 925, 818, 715, 591, 849, 645, 806, 700, 537, 544, 900, 787, 567, 876, 760, 858, 512, 738, 830, 540, 621, 695, 998, 630, 507, 730, 879, 684, 839, 590, 755, 708, 851, 652, 928, 662, 923, 530, 950, 929, 659, 637, 586, 598, 685, 667, 826], [549, 886, 701, 661, 551, 907, 828, 602, 519, 831, 758, 805, 796, 969, 796, 581, 719, 660, 606, 689, 952, 794, 513, 801, 561, 901, 556, 824, 652, 579, 972, 638, 886, 709, 927, 995, 534, 765, 544, 535, 705, 561, 503, 692, 728, 912, 843, 769, 651, 932], [557, 914, 663, 872, 646, 948, 969, 848, 520, 906, 824, 834, 914, 572, 999, 657, 653, 508, 539, 902, 850, 800, 717, 503, 862, 577, 682, 937, 952, 727, 823, 725, 548, 681, 747, 949, 890, 984, 885, 537, 601, 798, 579, 514, 568, 833, 547, 806, 737, 774], [957, 788, 938, 860, 843, 692, 565, 796, 917, 956, 641, 547, 608, 728, 874, 520, 836, 881, 901, 554, 629, 733, 642, 601, 724, 722, 665, 805, 845, 680, 868, 604, 988, 768, 872, 891, 992, 935, 795, 514, 721, 526, 603, 650, 962, 679, 690, 828, 838, 567], [719, 650, 717, 831, 616, 753, 648, 665, 932, 938, 591, 628, 501, 880, 538, 654, 998, 999, 524, 708, 621, 524, 591, 834, 918, 559, 513, 683, 717, 925, 582, 914, 784, 933, 725, 842, 643, 558, 571, 533, 667, 726, 616, 962, 644, 582, 693, 904, 603, 907], [641, 835, 811, 772, 544, 980, 647, 662, 612, 957, 619, 627, 888, 857, 644, 562, 652, 784, 916, 666, 920, 685, 783, 633, 581, 938, 596, 670, 879, 532, 780, 864, 916, 952, 607, 966, 736, 795, 874, 527, 622, 551, 736, 608, 899, 882, 761, 940, 911, 501], [715, 592, 728, 867, 689, 604, 614, 809, 907, 959, 902, 594, 788, 892, 503, 722, 833, 886, 905, 509, 968, 553, 614, 896, 525, 862, 645, 805, 710, 977, 943, 537, 689, 810, 630, 666, 724, 815, 919, 798, 778, 706, 904, 715, 608, 761, 858, 917, 622, 671], [999, 632, 696, 590, 948, 524, 930, 654, 782, 801, 921, 820, 901, 924, 595, 790, 796, 907, 553, 547, 540, 526, 746, 937, 714, 884, 698, 689, 559, 502, 950, 537, 990, 655, 853, 745, 673, 844, 990, 704, 534, 870, 947, 830, 793, 882, 938, 879, 875, 900], [507, 565, 683, 993, 781, 537, 672, 996, 830, 792, 509, 790, 762, 864, 561, 927, 736, 805, 761, 725, 542, 746, 912, 960, 675, 940, 734, 830, 833, 574, 868, 551, 786, 921, 928, 610, 792, 728, 931, 816, 868, 977, 702, 718, 613, 752, 739, 609, 708, 543], [610, 846, 601, 619, 821, 565, 599, 825, 562, 652, 640, 918, 868, 678, 628, 640, 510, 857, 609, 640, 947, 555, 636, 878, 717, 626, 767, 875, 570, 622, 996, 582, 733, 588, 718, 503, 754, 543, 543, 915, 772, 797, 834, 738, 547, 919, 784, 655, 623, 786], [934, 551, 736, 815, 598, 789, 916, 886, 643, 812, 571, 988, 632, 986, 829, 669, 635, 628, 772, 671, 540, 962, 571, 716, 897, 749, 843, 550, 985, 944, 558, 688, 995, 982, 518, 778, 730, 575, 518, 708, 734, 593, 962, 736, 610, 580, 570, 715, 568, 680], [695, 672, 935, 648, 967, 970, 841, 643, 578, 510, 950, 845, 883, 923, 926, 849, 875, 926, 660, 684, 862, 880, 986, 594, 943, 565, 588, 894, 627, 682, 940, 679, 665, 960, 918, 971, 988, 602, 710, 537, 645, 927, 516, 555, 580, 648, 852, 700, 791, 896], [924, 827, 971, 731, 675, 742, 961, 531, 818, 579, 543, 868, 609, 661, 798, 826, 618, 811, 801, 627, 818, 978, 690, 914, 882, 698, 930, 702, 824, 669, 941, 617, 607, 772, 696, 838, 930, 626, 835, 945, 948, 855, 585, 682, 801, 540, 732, 674, 814, 662], [961, 834, 738, 532, 587, 932, 842, 667, 997, 558, 727, 528, 958, 500, 512, 983, 956, 651, 648, 561, 925, 808, 529, 577, 680, 639, 756, 507, 918, 929, 888, 987, 703, 901, 762, 983, 882, 540, 853, 918, 890, 747, 898, 720, 511, 655, 995, 959, 889, 962], [997, 703, 967, 576, 612, 724, 785, 669, 585, 582, 557, 838, 790, 603, 829, 994, 943, 928, 587, 583, 785, 640, 615, 928, 629, 735, 763, 672, 812, 798, 673, 866, 773, 895, 594, 868, 960, 529, 655, 881, 775, 847, 629, 578, 923, 702, 739, 986, 525, 618], [914, 617, 693, 612, 744, 763, 818, 699, 759, 714, 857, 794, 779, 831, 726, 970, 657, 828, 909, 712, 926, 842, 830, 553, 972, 601, 645, 640, 901, 676, 782, 659, 552, 752, 807, 819, 744, 726, 883, 877, 840, 584, 814, 537, 659, 926, 935, 603, 615, 729], [564, 515, 734, 599, 817, 558, 810, 580, 554, 879, 585, 660, 950, 603, 814, 869, 772, 535, 678, 890, 914, 846, 513, 824, 886, 971, 520, 766, 975, 540, 880, 704, 598, 508, 607, 711, 572, 742, 568, 938, 699, 553, 679, 802, 907, 864, 888, 751, 794, 558], [969, 528, 803, 592, 658, 805, 509, 779, 690, 738, 565, 588, 877, 909, 826, 547, 949, 938, 969, 911, 518, 804, 631, 885, 983, 871, 928, 599, 860, 959, 749, 827, 538, 815, 775, 638, 607, 528, 959, 530, 652, 929, 825, 775, 711, 668, 620, 505, 530, 759], [719, 802, 919, 924, 519, 718, 723, 509, 630, 537, 997, 740, 621, 905, 639, 644, 914, 883, 863, 690, 736, 555, 519, 520, 653, 971, 717, 801, 742, 892, 504, 912, 816, 717, 610, 869, 781, 792, 877, 836, 795, 669, 500, 747, 924, 838, 857, 538, 624, 783], [559, 507, 746, 675, 514, 998, 886, 721, 653, 818, 991, 987, 899, 811, 521, 908, 651, 557, 886, 731, 744, 886, 662, 986, 574, 602, 815, 715, 931, 772, 549, 831, 655, 769, 949, 632, 862, 723, 845, 766, 937, 647, 699, 946, 611, 618, 843, 754, 749, 660], [946, 578, 529, 645, 591, 836, 974, 831, 726, 640, 787, 825, 555, 738, 812, 539, 944, 647, 594, 642, 874, 769, 580, 540, 645, 879, 913, 963, 641, 560, 847, 972, 770, 634, 613, 573, 623, 927, 825, 925, 526, 657, 837, 661, 964, 798, 820, 985, 631, 799], [757, 909, 826, 904, 910, 501, 564, 930, 998, 996, 885, 881, 885, 868, 782, 904, 814, 500, 611, 687, 598, 894, 837, 842, 653, 651, 735, 530, 639, 935, 523, 882, 816, 957, 664, 747, 576, 727, 965, 610, 931, 573, 807, 897, 563, 875, 640, 676, 946, 951], [817, 933, 509, 863, 866, 798, 644, 836, 899, 683, 607, 616, 599, 937, 553, 583, 764, 865, 697, 620, 554, 671, 705, 581, 613, 867, 569, 808, 995, 792, 594, 772, 653, 626, 953, 519, 764, 553, 718, 687, 815, 975, 925, 843, 748, 757, 959, 579, 871, 674], [750, 535, 625, 981, 619, 901, 910, 662, 529, 915, 995, 503, 516, 881, 633, 672, 665, 802, 590, 979, 932, 546, 607, 762, 930, 746, 878, 835, 725, 753, 557, 878, 948, 707, 740, 679, 600, 925, 576, 940, 523, 801, 632, 850, 817, 514, 524, 642, 620, 506], [589, 522, 992, 864, 503, 828, 628, 608, 955, 956, 540, 859, 907, 614, 791, 738, 595, 668, 651, 635, 998, 711, 632, 805, 944, 741, 529, 989, 851, 534, 728, 740, 909, 766, 506, 764, 690, 579, 978, 902, 500, 520, 857, 588, 766, 905, 770, 692, 635, 608], [666, 612, 659, 763, 533, 576, 764, 543, 847, 505, 620, 957, 950, 996, 643, 804, 664, 971, 624, 927, 846, 647, 720, 775, 702, 965, 887, 973, 933, 987, 831, 669, 580, 706, 920, 554, 705, 567, 580, 518, 550, 507, 734, 572, 914, 737, 887, 646, 817, 637], [693, 732, 749, 816, 766, 718, 905, 502, 602, 836, 834, 580, 966, 708, 986, 860, 682, 926, 728, 536, 643, 748, 788, 622, 838, 687, 735, 986, 921, 843, 838, 561, 905, 653, 713, 785, 675, 834, 800, 639, 735, 766, 574, 640, 890, 831, 824, 755, 652, 522], [646, 912, 546, 779, 517, 995, 515, 650, 577, 618, 869, 662, 702, 550, 517, 748, 859, 601, 625, 525, 868, 893, 750, 757, 590, 963, 949, 905, 901, 990, 762, 561, 711, 751, 656, 831, 629, 716, 837, 622, 856, 959, 894, 903, 946, 896, 877, 778, 686, 785], [854, 836, 593, 711, 821, 934, 805, 654, 844, 689, 774, 613, 652, 825, 510, 992, 766, 649, 707, 947, 505, 771, 669, 585, 936, 965, 645, 667, 617, 664, 701, 895, 972, 604, 997, 525, 963, 708, 723, 909, 957, 654, 625, 828, 524, 634, 860, 561, 573, 796], [560, 692, 604, 898, 548, 687, 824, 600, 857, 875, 825, 656, 655, 751, 913, 839, 887, 902, 691, 587, 688, 952, 994, 783, 716, 571, 543, 557, 543, 678, 765, 599, 698, 757, 812, 948, 907, 886, 879, 692, 877, 861, 520, 667, 882, 584, 925, 506, 960, 737], [598, 964, 537, 813, 529, 532, 743, 809, 747, 604, 501, 644, 513, 590, 932, 994, 839, 801, 940, 800, 667, 952, 911, 503, 619, 810, 561, 700, 977, 503, 692, 966, 653, 607, 523, 656, 928, 966, 877, 633, 724, 605, 762, 923, 695, 908, 888, 598, 720, 833], [692, 870, 707, 539, 909, 701, 768, 558, 672, 825, 694, 598, 818, 620, 534, 703, 761, 654, 514, 807, 775, 750, 692, 919, 904, 540, 667, 623, 572, 632, 651, 801, 777, 822, 853, 915, 712, 841, 635, 868, 810, 629, 631, 733, 952, 906, 638, 990, 967, 547], [929, 780, 792, 729, 577, 893, 713, 882, 804, 705, 889, 789, 908, 975, 716, 980, 998, 921, 957, 652, 726, 745, 736, 512, 530, 969, 977, 708, 678, 722, 935, 662, 781, 612, 699, 777, 696, 650, 593, 766, 943, 500, 856, 615, 785, 888, 983, 849, 974, 724], [776, 521, 651, 797, 691, 672, 784, 724, 652, 602, 889, 658, 619, 511, 881, 615, 981, 867, 982, 963, 570, 737, 990, 686, 558, 684, 691, 528, 505, 647, 623, 507, 605, 960, 606, 686, 929, 938, 650, 703, 605, 770, 963, 809, 944, 582, 873, 997, 518, 830], [783, 617, 943, 898, 960, 524, 718, 845, 512, 965, 899, 801, 644, 566, 902, 532, 854, 840, 578, 783, 874, 661, 675, 770, 955, 777, 834, 750, 651, 653, 967, 639, 619, 598, 564, 726, 939, 914, 671, 562, 770, 735, 903, 785, 861, 991, 573, 982, 929, 825], [851, 957, 628, 999, 965, 709, 894, 913, 683, 596, 807, 917, 864, 972, 600, 761, 790, 947, 848, 577, 517, 509, 603, 775, 813, 579, 519, 944, 974, 772, 538, 664, 828, 660, 963, 556, 879, 827, 940, 868, 826, 515, 827, 647, 982, 903, 830, 663, 628, 577], [655, 542, 901, 632, 595, 702, 775, 977, 643, 976, 707, 849, 888, 727, 716, 995, 693, 940, 704, 860, 722, 651, 814, 665, 615, 766, 642, 772, 585, 784, 977, 605, 633, 817, 720, 811, 813, 693, 727, 864, 543, 968, 746, 831, 681, 571, 764, 528, 936, 692], [697, 646, 847, 799, 954, 685, 671, 664, 968, 521, 665, 811, 953, 877, 859, 722, 581, 614, 892, 829, 680, 964, 998, 575, 755, 791, 962, 827, 589, 761, 666, 856, 805, 872, 770, 688, 753, 763, 647, 514, 982, 892, 998, 619, 991, 846, 983, 596, 615, 538], [946, 897, 828, 671, 895, 558, 696, 861, 779, 536, 558, 869, 905, 562, 749, 563, 874, 840, 791, 935, 846, 956, 626, 797, 891, 965, 706, 547, 514, 882, 734, 549, 575, 940, 773, 604, 587, 703, 773, 933, 987, 729, 586, 867, 570, 753, 545, 520, 594, 925], [992, 515, 929, 668, 603, 569, 927, 664, 518, 523, 500, 585, 704, 858, 882, 717, 912, 693, 519, 544, 666, 881, 579, 906, 792, 748, 900, 548, 518, 972, 929, 526, 989, 548, 626, 793, 990, 515, 881, 559, 513, 605, 558, 817, 735, 979, 505, 862, 673, 805], [916, 784, 662, 720, 749, 738, 951, 558, 565, 901, 659, 696, 642, 959, 865, 985, 560, 935, 793, 620, 697, 578, 792, 900, 862, 734, 500, 896, 644, 921, 708, 755, 970, 641, 747, 567, 764, 650, 694, 928, 607, 959, 585, 863, 918, 863, 743, 795, 545, 664], [777, 927, 964, 917, 578, 630, 875, 957, 608, 965, 531, 743, 865, 672, 667, 902, 771, 696, 705, 614, 765, 605, 623, 798, 903, 664, 741, 855, 599, 700, 867, 844, 685, 693, 931, 826, 646, 714, 645, 603, 783, 835, 606, 961, 861, 851, 638, 699, 910, 782], [799, 754, 553, 827, 585, 815, 852, 772, 951, 543, 515, 529, 674, 528, 627, 601, 968, 512, 634, 695, 658, 526, 570, 742, 514, 573, 841, 983, 626, 841, 688, 592, 984, 632, 802, 728, 714, 554, 897, 628, 551, 951, 554, 850, 820, 523, 831, 790, 780, 633], [997, 946, 719, 671, 873, 975, 768, 565, 691, 600, 850, 751, 819, 939, 907, 837, 920, 556, 954, 931, 810, 673, 613, 708, 651, 911, 647, 751, 628, 637, 726, 849, 590, 848, 534, 978, 629, 680, 786, 954, 535, 929, 783, 694, 632, 910, 823, 678, 573, 508], [511, 506, 988, 738, 763, 893, 747, 782, 859, 880, 553, 557, 924, 981, 823, 803, 726, 687, 722, 979, 662, 748, 953, 825, 885, 967, 805, 734, 863, 636, 542, 744, 785, 712, 948, 605, 701, 985, 640, 769, 747, 872, 741, 750, 843, 863, 721, 818, 600, 560], [764, 860, 618, 555, 606, 628, 833, 845, 747, 824, 978, 962, 911, 629, 651, 690, 817, 557, 890, 854, 890, 598, 584, 715, 659, 830, 603, 549, 875, 711, 973, 890, 773, 665, 691, 513, 975, 580, 934, 551, 988, 642, 920, 603, 693, 857, 645, 517, 768, 719], [977, 755, 538, 785, 771, 929, 686, 983, 910, 539, 704, 772, 561, 549, 991, 729, 979, 598, 665, 782, 902, 819, 763, 529, 555, 999, 722, 528, 760, 672, 712, 973, 813, 558, 988, 788, 770, 660, 579, 954, 842, 959, 744, 664, 771, 586, 938, 918, 906, 785], [651, 714, 975, 558, 539, 838, 707, 852, 694, 673, 519, 781, 651, 872, 775, 804, 686, 874, 715, 877, 744, 794, 816, 860, 871, 919, 697, 879, 738, 744, 983, 908, 751, 611, 892, 892, 932, 578, 510, 938, 979, 723, 629, 901, 591, 924, 808, 987, 558, 655], [732, 507, 718, 883, 961, 836, 772, 891, 538, 881, 925, 959, 623, 809, 975, 632, 708, 822, 722, 832, 721, 697, 741, 740, 658, 754, 648, 547, 686, 518, 868, 877, 914, 851, 547, 930, 554, 826, 599, 547, 706, 654, 571, 746, 932, 612, 535, 603, 500, 875], [524, 970, 743, 882, 597, 536, 929, 867, 641, 564, 794, 922, 868, 673, 577, 859, 755, 818, 778, 690, 630, 777, 996, 539, 945, 549, 924, 821, 646, 655, 656, 797, 682, 590, 867, 622, 897, 596, 705, 635, 548, 587, 585, 514, 804, 911, 903, 505, 734, 860], [569, 852, 579, 944, 982, 840, 624, 681, 961, 590, 701, 595, 798, 890, 542, 649, 641, 880, 868, 604, 587, 610, 602, 697, 521, 585, 817, 890, 744, 560, 792, 750, 879, 750, 995, 926, 536, 715, 746, 550, 516, 579, 916, 725, 848, 769, 595, 968, 794, 860], [663, 971, 915, 653, 645, 650, 645, 716, 662, 597, 658, 722, 853, 513, 536, 841, 511, 983, 725, 977, 978, 708, 810, 550, 843, 556, 781, 846, 700, 992, 809, 804, 975, 679, 549, 972, 871, 502, 715, 594, 793, 570, 541, 500, 739, 586, 894, 525, 612, 907], [508, 832, 708, 893, 551, 517, 700, 981, 801, 999, 797, 525, 937, 951, 507, 665, 730, 826, 621, 532, 522, 984, 565, 971, 950, 774, 996, 893, 890, 816, 905, 576, 801, 642, 952, 912, 759, 953, 863, 567, 537, 736, 629, 964, 625, 956, 698, 824, 763, 668], [551, 787, 651, 929, 622, 936, 892, 760, 588, 907, 855, 956, 529, 849, 821, 965, 624, 836, 953, 610, 563, 618, 654, 538, 651, 554, 773, 731, 562, 753, 559, 982, 880, 518, 968, 927, 555, 538, 842, 708, 764, 745, 975, 728, 613, 919, 854, 775, 765, 686], [598, 659, 841, 730, 669, 753, 654, 655, 946, 860, 710, 800, 824, 629, 876, 573, 516, 671, 852, 933, 864, 564, 700, 624, 944, 902, 987, 928, 953, 609, 502, 947, 519, 892, 931, 612, 921, 679, 649, 747, 653, 860, 629, 686, 968, 533, 933, 956, 825, 607]]
Variable production cost per unit of each product in each period p: 
[[12, 10, 11, 10, 13, 13, 13, 13, 10, 11, 10, 10, 11, 12, 11, 13, 13, 13, 13, 13, 11, 11, 11, 13, 12, 12, 12, 10, 10, 11, 12, 12, 10, 12, 12, 12, 13, 10, 11, 11, 13, 13, 13, 10, 13, 12, 13, 13, 13, 11], [11, 10, 10, 12, 12, 13, 12, 11, 11, 13, 10, 10, 12, 10, 11, 10, 12, 12, 10, 12, 13, 12, 13, 10, 13, 12, 10, 11, 11, 10, 11, 10, 12, 12, 10, 11, 10, 13, 12, 11, 10, 10, 13, 11, 13, 12, 11, 11, 10, 11], [13, 10, 11, 10, 11, 10, 13, 10, 12, 11, 10, 12, 11, 12, 11, 11, 11, 10, 11, 11, 12, 13, 11, 10, 10, 10, 10, 12, 10, 10, 11, 11, 10, 13, 10, 12, 11, 11, 11, 10, 12, 11, 13, 10, 10, 11, 12, 12, 11, 10], [11, 13, 12, 11, 11, 13, 10, 12, 12, 13, 10, 13, 12, 11, 11, 12, 11, 12, 11, 13, 10, 12, 13, 12, 10, 13, 11, 13, 10, 13, 12, 11, 13, 12, 10, 12, 10, 11, 12, 13, 13, 13, 12, 11, 13, 12, 12, 11, 12, 12], [13, 13, 10, 10, 10, 12, 12, 12, 13, 11, 11, 11, 11, 13, 10, 10, 10, 11, 11, 13, 11, 10, 11, 13, 11, 12, 11, 11, 10, 13, 11, 10, 11, 10, 13, 12, 10, 13, 10, 13, 11, 12, 10, 10, 10, 12, 12, 13, 10, 10], [10, 12, 10, 11, 12, 11, 11, 10, 12, 13, 10, 11, 12, 12, 13, 11, 13, 10, 10, 10, 13, 10, 10, 13, 11, 10, 12, 12, 11, 12, 12, 13, 13, 10, 13, 13, 11, 12, 12, 12, 11, 12, 13, 10, 12, 10, 13, 10, 13, 12], [12, 10, 10, 12, 10, 12, 12, 11, 13, 11, 10, 11, 12, 12, 11, 10, 13, 10, 11, 10, 10, 12, 12, 11, 13, 12, 11, 13, 13, 12, 11, 12, 12, 12, 10, 11, 11, 10, 13, 12, 13, 10, 13, 10, 13, 11, 13, 10, 10, 10], [10, 12, 12, 10, 11, 10, 12, 12, 12, 11, 11, 13, 12, 11, 13, 11, 10, 13, 11, 10, 12, 12, 10, 10, 13, 11, 12, 10, 10, 11, 11, 13, 12, 11, 10, 11, 12, 10, 13, 11, 12, 13, 13, 10, 10, 13, 12, 10, 12, 13], [12, 11, 11, 10, 12, 10, 12, 10, 12, 11, 11, 12, 11, 10, 13, 11, 13, 10, 12, 11, 10, 13, 11, 13, 12, 12, 13, 10, 10, 12, 13, 13, 12, 13, 13, 10, 12, 10, 11, 10, 10, 11, 10, 12, 13, 11, 11, 10, 12, 13], [12, 12, 11, 10, 11, 10, 13, 12, 13, 11, 12, 12, 13, 10, 10, 12, 11, 11, 12, 13, 11, 10, 13, 12, 10, 11, 13, 13, 10, 11, 10, 10, 11, 13, 13, 11, 13, 10, 10, 13, 13, 13, 13, 11, 13, 13, 10, 11, 12, 12], [12, 12, 13, 13, 13, 12, 13, 12, 10, 13, 11, 12, 10, 10, 11, 10, 10, 10, 13, 10, 12, 10, 10, 13, 11, 11, 10, 13, 10, 10, 12, 12, 13, 13, 12, 13, 12, 10, 11, 12, 13, 10, 13, 10, 10, 11, 10, 11, 11, 11], [13, 13, 11, 12, 12, 12, 12, 12, 13, 11, 12, 12, 10, 10, 12, 12, 11, 10, 12, 10, 13, 12, 13, 13, 13, 10, 13, 10, 13, 12, 13, 11, 13, 10, 13, 13, 13, 13, 11, 13, 10, 13, 13, 10, 10, 12, 10, 12, 11, 13], [13, 12, 10, 12, 13, 11, 13, 11, 11, 13, 11, 13, 10, 12, 13, 13, 10, 13, 13, 11, 11, 10, 13, 12, 11, 12, 10, 13, 13, 13, 11, 10, 11, 11, 13, 10, 12, 10, 12, 12, 11, 12, 12, 11, 12, 10, 11, 12, 12, 12], [11, 10, 11, 12, 13, 12, 13, 12, 13, 12, 10, 11, 13, 13, 10, 12, 10, 10, 10, 13, 12, 12, 10, 10, 12, 11, 12, 10, 10, 10, 10, 12, 12, 12, 12, 11, 12, 11, 11, 13, 13, 12, 11, 11, 11, 10, 12, 13, 13, 10], [10, 11, 10, 12, 10, 10, 10, 10, 11, 13, 12, 13, 12, 11, 11, 11, 11, 11, 12, 12, 12, 12, 10, 11, 12, 12, 11, 11, 10, 11, 11, 11, 11, 10, 13, 10, 13, 11, 12, 11, 11, 10, 10, 12, 11, 10, 11, 10, 10, 12], [11, 13, 12, 10, 11, 13, 13, 13, 12, 13, 13, 10, 10, 10, 13, 11, 11, 13, 12, 13, 13, 12, 10, 10, 10, 10, 12, 13, 13, 13, 10, 11, 12, 12, 12, 10, 11, 13, 11, 13, 11, 10, 12, 12, 13, 11, 12, 11, 11, 10], [13, 12, 10, 11, 12, 12, 11, 12, 12, 12, 11, 11, 13, 12, 12, 12, 10, 11, 12, 12, 13, 13, 13, 11, 11, 11, 11, 12, 10, 10, 12, 12, 13, 11, 13, 11, 13, 11, 11, 12, 10, 13, 11, 10, 13, 10, 11, 13, 12, 11], [11, 12, 11, 11, 11, 10, 12, 13, 12, 12, 12, 11, 10, 10, 10, 13, 11, 11, 10, 13, 13, 10, 12, 13, 13, 12, 11, 12, 13, 12, 11, 10, 13, 10, 11, 11, 13, 12, 13, 13, 11, 13, 12, 12, 12, 10, 12, 12, 13, 12], [11, 12, 13, 10, 11, 10, 11, 10, 12, 10, 11, 11, 10, 12, 10, 10, 10, 11, 11, 12, 10, 11, 13, 12, 12, 11, 10, 10, 10, 12, 12, 11, 11, 13, 10, 10, 10, 11, 13, 11, 11, 13, 12, 11, 13, 13, 10, 12, 13, 10], [13, 13, 12, 10, 13, 10, 13, 10, 11, 10, 11, 13, 12, 10, 12, 10, 12, 12, 11, 10, 13, 10, 12, 11, 12, 13, 13, 11, 13, 11, 13, 12, 11, 11, 12, 10, 13, 12, 10, 10, 11, 12, 11, 10, 11, 10, 10, 10, 13, 10], [11, 10, 13, 10, 12, 12, 12, 10, 10, 10, 12, 10, 11, 10, 13, 12, 10, 12, 13, 11, 11, 13, 10, 13, 13, 12, 10, 12, 12, 12, 11, 12, 12, 10, 10, 11, 10, 12, 11, 12, 12, 13, 10, 12, 13, 10, 13, 13, 12, 12], [10, 11, 12, 11, 10, 12, 10, 11, 11, 13, 11, 12, 11, 12, 13, 12, 11, 11, 13, 12, 11, 13, 13, 12, 13, 12, 12, 11, 12, 13, 12, 13, 12, 10, 12, 10, 12, 10, 10, 12, 13, 13, 12, 11, 13, 13, 12, 10, 10, 10], [10, 12, 12, 11, 11, 12, 13, 13, 10, 10, 10, 13, 12, 12, 13, 11, 13, 11, 12, 12, 12, 11, 13, 11, 10, 10, 12, 11, 10, 11, 12, 10, 13, 10, 12, 12, 12, 12, 12, 12, 10, 12, 10, 12, 10, 10, 13, 10, 10, 13], [13, 12, 12, 13, 12, 10, 13, 11, 11, 12, 11, 11, 13, 11, 10, 12, 12, 10, 10, 12, 12, 13, 10, 12, 10, 12, 13, 10, 10, 10, 12, 11, 10, 12, 12, 10, 13, 11, 11, 11, 11, 13, 13, 11, 10, 10, 12, 11, 10, 10], [12, 12, 12, 12, 10, 13, 12, 12, 10, 12, 11, 11, 12, 11, 11, 11, 13, 10, 11, 10, 13, 10, 11, 12, 13, 12, 10, 10, 10, 13, 12, 12, 10, 11, 11, 11, 11, 10, 13, 11, 11, 11, 10, 13, 13, 12, 12, 13, 11, 11], [10, 13, 10, 12, 11, 10, 12, 10, 11, 13, 13, 12, 10, 11, 12, 11, 12, 12, 12, 13, 11, 10, 13, 12, 12, 13, 12, 10, 11, 13, 13, 11, 11, 13, 13, 12, 12, 13, 10, 12, 12, 13, 13, 11, 13, 11, 10, 10, 11, 10], [11, 11, 12, 10, 12, 13, 12, 10, 13, 12, 11, 12, 13, 10, 12, 11, 13, 11, 13, 13, 13, 13, 10, 11, 10, 12, 12, 11, 13, 10, 13, 10, 13, 13, 13, 12, 13, 12, 12, 13, 13, 12, 10, 12, 12, 10, 13, 12, 10, 12], [12, 13, 12, 11, 13, 13, 10, 10, 10, 10, 10, 10, 12, 11, 13, 10, 12, 10, 10, 12, 13, 11, 10, 13, 11, 13, 12, 10, 13, 11, 11, 11, 12, 11, 10, 10, 11, 13, 12, 13, 11, 10, 11, 13, 12, 10, 11, 11, 12, 12], [11, 13, 10, 12, 10, 13, 11, 11, 12, 10, 12, 12, 10, 10, 12, 11, 10, 13, 13, 10, 13, 11, 11, 13, 12, 13, 12, 13, 12, 11, 10, 10, 12, 10, 13, 10, 11, 13, 11, 10, 10, 10, 11, 11, 10, 12, 12, 12, 10, 11], [12, 12, 12, 13, 10, 13, 12, 12, 11, 12, 10, 11, 11, 11, 10, 12, 12, 10, 10, 12, 10, 12, 13, 11, 10, 11, 11, 11, 13, 10, 10, 11, 12, 10, 10, 12, 12, 10, 10, 13, 12, 13, 12, 10, 13, 10, 11, 11, 13, 13], [13, 13, 11, 10, 11, 13, 10, 13, 12, 10, 10, 10, 11, 12, 13, 12, 10, 10, 12, 13, 10, 13, 10, 12, 10, 10, 13, 10, 13, 10, 11, 10, 10, 12, 12, 13, 12, 13, 11, 12, 13, 10, 10, 11, 12, 13, 10, 13, 10, 13], [12, 11, 10, 10, 11, 13, 11, 12, 11, 13, 10, 12, 13, 13, 13, 12, 10, 13, 10, 10, 10, 11, 10, 10, 12, 10, 11, 12, 11, 11, 12, 11, 12, 12, 11, 11, 13, 11, 12, 11, 13, 10, 12, 13, 11, 12, 11, 13, 12, 13], [11, 11, 10, 10, 10, 11, 10, 10, 10, 10, 11, 12, 11, 11, 10, 11, 12, 13, 11, 13, 11, 11, 11, 11, 12, 12, 11, 12, 11, 10, 11, 13, 13, 12, 11, 11, 11, 10, 11, 11, 13, 11, 12, 12, 12, 13, 12, 11, 12, 13], [12, 11, 13, 12, 13, 11, 13, 12, 11, 13, 10, 10, 10, 13, 13, 11, 13, 11, 13, 11, 13, 12, 11, 11, 12, 13, 13, 11, 12, 11, 13, 10, 13, 12, 11, 12, 12, 13, 11, 10, 11, 10, 13, 12, 10, 12, 12, 11, 12, 10], [11, 13, 10, 12, 12, 12, 13, 11, 12, 13, 12, 13, 12, 13, 11, 11, 13, 10, 11, 10, 13, 12, 13, 10, 13, 12, 13, 12, 10, 12, 13, 12, 10, 11, 10, 12, 13, 13, 13, 12, 12, 13, 12, 10, 10, 10, 11, 12, 13, 13], [11, 12, 13, 13, 11, 12, 13, 10, 11, 12, 11, 11, 13, 12, 13, 11, 11, 11, 13, 12, 10, 10, 11, 10, 13, 10, 11, 10, 13, 12, 12, 12, 12, 13, 12, 10, 13, 11, 10, 11, 12, 10, 11, 12, 11, 10, 10, 13, 12, 12], [10, 11, 13, 10, 11, 11, 13, 11, 11, 10, 10, 12, 13, 12, 10, 12, 13, 13, 10, 11, 11, 12, 13, 10, 11, 12, 12, 13, 11, 13, 13, 10, 13, 10, 12, 10, 12, 12, 10, 12, 11, 10, 12, 13, 12, 13, 12, 12, 10, 13], [13, 12, 12, 12, 13, 12, 11, 12, 13, 12, 11, 12, 12, 13, 11, 12, 12, 12, 13, 12, 13, 13, 11, 11, 13, 12, 10, 10, 13, 10, 12, 12, 13, 11, 13, 13, 10, 13, 11, 13, 12, 10, 12, 11, 11, 12, 10, 13, 12, 12], [12, 10, 10, 10, 13, 10, 13, 11, 13, 10, 11, 10, 12, 13, 13, 13, 12, 13, 13, 10, 10, 11, 13, 10, 12, 11, 13, 13, 12, 12, 10, 10, 12, 12, 13, 10, 11, 11, 10, 13, 10, 11, 11, 11, 13, 12, 13, 11, 12, 13], [13, 12, 12, 11, 13, 13, 11, 10, 12, 10, 10, 13, 11, 10, 11, 12, 12, 10, 13, 11, 10, 12, 11, 13, 10, 12, 13, 10, 12, 13, 12, 10, 12, 12, 12, 11, 11, 12, 12, 13, 10, 10, 13, 10, 11, 13, 12, 12, 10, 10], [10, 13, 10, 11, 12, 11, 10, 13, 12, 11, 13, 13, 11, 10, 12, 11, 13, 10, 12, 10, 11, 10, 10, 13, 10, 11, 11, 10, 13, 13, 13, 10, 10, 12, 10, 11, 13, 11, 10, 12, 13, 12, 13, 10, 11, 10, 12, 11, 10, 12], [11, 12, 10, 11, 11, 10, 12, 13, 13, 10, 10, 11, 10, 12, 13, 10, 11, 10, 13, 13, 13, 12, 12, 13, 12, 10, 13, 10, 10, 12, 13, 10, 12, 12, 12, 12, 11, 13, 11, 13, 10, 10, 11, 10, 11, 12, 12, 13, 10, 13], [13, 10, 10, 13, 13, 11, 12, 13, 12, 12, 12, 12, 11, 10, 10, 12, 11, 13, 10, 10, 12, 13, 10, 13, 11, 11, 12, 10, 13, 13, 12, 12, 13, 12, 13, 11, 11, 10, 11, 11, 13, 10, 11, 10, 13, 13, 13, 10, 12, 11], [10, 10, 12, 12, 11, 10, 10, 12, 13, 12, 10, 10, 12, 13, 12, 12, 13, 12, 11, 10, 10, 10, 12, 10, 10, 11, 13, 10, 10, 10, 13, 12, 13, 11, 13, 13, 11, 10, 11, 13, 10, 12, 10, 10, 11, 12, 10, 10, 11, 13], [12, 10, 11, 10, 12, 13, 12, 13, 10, 12, 13, 12, 11, 10, 13, 12, 11, 12, 13, 12, 10, 12, 13, 12, 10, 10, 12, 10, 12, 10, 12, 10, 10, 12, 12, 10, 11, 11, 11, 13, 11, 11, 13, 11, 12, 12, 10, 11, 11, 12], [13, 11, 10, 10, 13, 13, 13, 10, 10, 11, 10, 13, 12, 11, 10, 11, 10, 10, 13, 13, 10, 10, 10, 11, 13, 11, 12, 12, 12, 13, 13, 11, 12, 13, 13, 11, 10, 13, 10, 13, 11, 11, 11, 11, 12, 11, 10, 11, 10, 12], [12, 11, 12, 13, 12, 13, 11, 11, 13, 12, 11, 12, 10, 13, 12, 13, 10, 10, 11, 12, 12, 11, 13, 10, 11, 12, 12, 12, 10, 10, 11, 10, 10, 13, 11, 11, 13, 13, 12, 13, 12, 10, 11, 12, 11, 10, 11, 12, 13, 13], [13, 13, 13, 11, 10, 11, 11, 11, 11, 12, 13, 10, 11, 10, 11, 12, 10, 11, 12, 13, 12, 12, 13, 11, 12, 13, 13, 11, 13, 12, 10, 11, 12, 12, 10, 13, 12, 11, 13, 13, 11, 10, 12, 11, 11, 11, 12, 12, 11, 13], [13, 11, 10, 10, 11, 12, 10, 10, 11, 11, 11, 10, 12, 12, 10, 13, 13, 11, 11, 11, 11, 10, 11, 10, 13, 10, 13, 10, 12, 11, 10, 12, 12, 11, 11, 13, 12, 12, 10, 10, 11, 12, 11, 12, 10, 12, 12, 10, 10, 13], [10, 12, 13, 10, 11, 11, 10, 13, 12, 13, 11, 11, 12, 13, 13, 13, 13, 10, 13, 10, 10, 11, 10, 13, 11, 11, 13, 13, 11, 11, 11, 10, 11, 12, 13, 10, 10, 11, 12, 13, 11, 12, 12, 11, 13, 13, 13, 10, 10, 13], [10, 13, 13, 13, 10, 10, 10, 13, 11, 10, 10, 12, 10, 13, 10, 11, 13, 10, 12, 10, 10, 13, 12, 13, 13, 12, 11, 12, 13, 11, 12, 12, 13, 11, 12, 12, 10, 10, 10, 11, 13, 11, 10, 12, 13, 11, 10, 12, 11, 10], [13, 13, 12, 12, 11, 11, 11, 12, 10, 12, 11, 10, 12, 11, 13, 12, 10, 10, 11, 13, 13, 13, 13, 11, 10, 13, 11, 11, 13, 10, 12, 13, 11, 13, 10, 13, 12, 11, 12, 11, 13, 11, 13, 12, 13, 11, 12, 11, 12, 10], [11, 11, 11, 12, 12, 10, 13, 10, 12, 12, 10, 12, 10, 13, 13, 13, 12, 13, 12, 13, 12, 12, 11, 11, 12, 13, 12, 10, 11, 11, 13, 12, 12, 10, 11, 13, 10, 12, 10, 10, 10, 13, 13, 12, 12, 13, 10, 10, 13, 13], [10, 12, 10, 11, 10, 12, 13, 13, 11, 13, 12, 12, 13, 13, 13, 12, 13, 11, 10, 10, 13, 11, 10, 11, 13, 10, 12, 10, 11, 13, 10, 13, 13, 10, 12, 13, 10, 13, 12, 12, 11, 12, 12, 10, 12, 13, 10, 10, 10, 13], [12, 10, 10, 13, 10, 13, 10, 12, 12, 13, 13, 12, 12, 10, 10, 13, 11, 11, 13, 13, 12, 11, 12, 10, 13, 10, 10, 10, 13, 10, 10, 12, 13, 12, 13, 13, 10, 12, 10, 11, 10, 10, 13, 10, 10, 10, 13, 11, 12, 13], [13, 10, 13, 13, 10, 10, 10, 13, 11, 10, 11, 13, 13, 12, 11, 11, 11, 12, 11, 10, 13, 10, 13, 11, 11, 10, 13, 13, 13, 13, 13, 11, 13, 12, 10, 10, 10, 10, 11, 10, 10, 11, 13, 13, 12, 10, 12, 11, 12, 12], [12, 13, 10, 11, 13, 11, 10, 13, 11, 13, 13, 13, 12, 12, 11, 10, 13, 12, 10, 12, 13, 10, 12, 13, 10, 13, 12, 13, 10, 13, 12, 11, 12, 11, 11, 10, 12, 13, 10, 13, 13, 13, 10, 11, 11, 12, 12, 13, 11, 12], [13, 12, 11, 12, 10, 13, 10, 13, 11, 13, 10, 13, 12, 10, 12, 11, 13, 10, 11, 13, 13, 12, 12, 12, 10, 13, 10, 10, 13, 13, 12, 10, 10, 11, 12, 12, 11, 11, 10, 12, 12, 11, 12, 12, 13, 10, 12, 12, 12, 11], [12, 13, 13, 12, 11, 12, 13, 13, 13, 10, 11, 12, 11, 13, 11, 12, 11, 13, 13, 11, 10, 10, 12, 11, 12, 11, 13, 10, 10, 13, 13, 10, 10, 11, 10, 12, 13, 13, 10, 11, 10, 13, 10, 10, 10, 11, 13, 13, 12, 13], [11, 12, 12, 13, 11, 12, 13, 13, 12, 10, 12, 12, 10, 12, 11, 12, 12, 12, 11, 12, 13, 11, 11, 12, 12, 10, 10, 12, 13, 12, 12, 12, 11, 13, 11, 11, 11, 11, 12, 11, 11, 11, 13, 12, 11, 11, 13, 11, 10, 10], [12, 13, 12, 12, 13, 12, 10, 12, 13, 11, 10, 11, 10, 13, 10, 10, 11, 10, 10, 12, 12, 12, 13, 10, 11, 11, 10, 11, 11, 13, 10, 12, 10, 12, 13, 10, 12, 12, 13, 12, 10, 12, 12, 12, 10, 12, 11, 10, 12, 10], [13, 10, 12, 12, 10, 12, 10, 13, 11, 11, 12, 12, 13, 10, 10, 11, 12, 13, 10, 10, 10, 12, 12, 12, 13, 10, 10, 11, 10, 13, 10, 12, 12, 10, 10, 13, 13, 13, 12, 13, 10, 11, 13, 10, 12, 13, 13, 13, 12, 10], [11, 12, 11, 12, 12, 11, 13, 12, 10, 10, 12, 13, 13, 10, 11, 12, 13, 13, 13, 10, 10, 12, 12, 13, 12, 10, 10, 13, 10, 11, 12, 13, 11, 13, 10, 13, 12, 10, 11, 12, 12, 12, 10, 13, 13, 12, 11, 10, 13, 13], [11, 10, 12, 11, 11, 10, 11, 12, 11, 13, 11, 11, 10, 12, 12, 10, 13, 10, 12, 12, 10, 12, 10, 10, 11, 11, 13, 12, 12, 11, 10, 11, 12, 13, 11, 10, 10, 11, 11, 12, 13, 13, 12, 10, 13, 13, 12, 11, 10, 10], [10, 13, 12, 10, 13, 11, 11, 12, 12, 12, 12, 13, 13, 11, 10, 10, 12, 11, 12, 12, 10, 13, 11, 11, 10, 12, 10, 12, 10, 11, 13, 12, 12, 11, 13, 10, 12, 12, 10, 11, 12, 13, 12, 13, 12, 12, 12, 12, 13, 11], [12, 10, 12, 13, 10, 11, 12, 12, 10, 13, 13, 11, 12, 10, 13, 11, 11, 10, 12, 11, 10, 11, 12, 10, 13, 12, 10, 12, 11, 11, 13, 13, 10, 11, 10, 12, 13, 13, 11, 10, 10, 12, 13, 12, 11, 12, 11, 13, 10, 13], [10, 13, 10, 10, 10, 13, 10, 12, 12, 13, 11, 13, 11, 13, 12, 13, 12, 13, 10, 11, 10, 12, 13, 12, 13, 12, 13, 11, 12, 12, 12, 13, 11, 12, 12, 13, 13, 12, 10, 11, 13, 10, 10, 13, 10, 13, 13, 12, 11, 12], [12, 11, 10, 13, 12, 13, 12, 12, 11, 10, 10, 13, 11, 11, 11, 13, 11, 10, 12, 12, 11, 12, 12, 10, 13, 10, 12, 11, 13, 13, 12, 11, 10, 12, 10, 12, 11, 12, 10, 11, 11, 11, 10, 10, 11, 12, 13, 10, 10, 12], [11, 10, 13, 10, 12, 12, 11, 12, 10, 13, 12, 12, 13, 10, 13, 11, 10, 10, 13, 13, 12, 11, 12, 11, 10, 13, 12, 11, 11, 10, 12, 11, 10, 13, 12, 12, 10, 13, 13, 12, 10, 12, 11, 10, 12, 10, 12, 11, 12, 13], [10, 11, 11, 12, 11, 10, 13, 12, 13, 12, 12, 12, 11, 12, 12, 10, 10, 12, 13, 12, 12, 11, 13, 10, 10, 13, 13, 13, 11, 10, 13, 13, 11, 11, 11, 13, 11, 12, 11, 13, 12, 12, 11, 13, 13, 12, 10, 12, 12, 12], [12, 11, 11, 12, 12, 13, 10, 12, 12, 13, 11, 11, 11, 13, 12, 11, 12, 13, 12, 10, 12, 12, 12, 11, 12, 10, 10, 13, 12, 10, 11, 11, 10, 10, 11, 10, 12, 12, 12, 10, 11, 13, 13, 10, 11, 11, 13, 10, 10, 10], [11, 12, 13, 12, 11, 12, 13, 13, 11, 13, 10, 12, 11, 11, 13, 10, 10, 12, 11, 12, 10, 10, 10, 11, 13, 11, 13, 10, 11, 10, 11, 13, 12, 13, 12, 13, 10, 13, 12, 10, 13, 10, 10, 10, 10, 11, 11, 11, 10, 11], [13, 12, 13, 10, 12, 12, 10, 11, 10, 12, 11, 11, 12, 13, 10, 11, 11, 10, 10, 12, 12, 12, 12, 13, 11, 13, 11, 12, 11, 13, 11, 10, 12, 13, 13, 13, 12, 12, 12, 13, 12, 11, 10, 12, 10, 10, 12, 10, 12, 10], [11, 12, 13, 10, 13, 11, 11, 11, 10, 10, 10, 11, 13, 11, 11, 13, 12, 11, 13, 10, 12, 10, 12, 11, 10, 13, 13, 11, 12, 13, 12, 11, 12, 10, 10, 13, 12, 13, 13, 11, 11, 11, 10, 10, 13, 11, 11, 12, 11, 10], [13, 11, 11, 12, 10, 11, 13, 13, 13, 11, 11, 13, 13, 11, 10, 11, 12, 12, 10, 13, 12, 10, 10, 11, 12, 13, 11, 12, 13, 13, 11, 10, 12, 12, 13, 10, 10, 11, 11, 11, 12, 10, 13, 12, 11, 11, 12, 11, 10, 10], [10, 12, 11, 13, 11, 11, 12, 11, 13, 11, 11, 11, 13, 10, 10, 11, 10, 11, 13, 10, 13, 12, 11, 13, 13, 10, 12, 10, 12, 10, 12, 12, 12, 10, 10, 11, 11, 12, 13, 12, 12, 10, 12, 10, 11, 12, 12, 11, 12, 12], [10, 10, 12, 10, 12, 11, 13, 10, 12, 13, 10, 12, 12, 12, 12, 13, 13, 10, 11, 10, 12, 11, 12, 12, 13, 11, 10, 13, 13, 11, 11, 10, 12, 12, 12, 11, 11, 13, 13, 10, 11, 11, 10, 11, 10, 13, 11, 11, 13, 10], [12, 13, 13, 11, 10, 11, 12, 10, 13, 13, 11, 13, 11, 11, 12, 12, 13, 11, 12, 13, 11, 12, 12, 11, 12, 10, 13, 13, 12, 10, 10, 11, 11, 13, 12, 11, 10, 13, 11, 13, 11, 11, 12, 13, 13, 12, 11, 11, 11, 10], [10, 13, 11, 11, 13, 10, 10, 10, 10, 12, 13, 12, 13, 13, 12, 10, 11, 10, 11, 12, 12, 11, 13, 12, 11, 11, 12, 10, 11, 12, 11, 10, 10, 13, 12, 10, 12, 10, 11, 12, 12, 11, 10, 11, 13, 12, 11, 13, 12, 13], [12, 12, 11, 11, 12, 13, 13, 11, 12, 12, 11, 13, 13, 13, 11, 12, 12, 13, 12, 12, 12, 11, 12, 13, 11, 12, 13, 10, 13, 10, 10, 12, 11, 12, 12, 13, 12, 10, 11, 11, 11, 13, 11, 10, 11, 10, 10, 12, 13, 12], [13, 11, 11, 10, 10, 11, 12, 12, 13, 12, 11, 12, 12, 13, 11, 12, 12, 10, 12, 11, 11, 11, 11, 11, 11, 10, 10, 12, 12, 10, 10, 12, 13, 12, 13, 13, 12, 10, 11, 13, 10, 10, 11, 11, 13, 10, 11, 10, 12, 11], [12, 11, 11, 11, 11, 11, 13, 11, 13, 13, 11, 11, 13, 13, 13, 11, 11, 13, 10, 12, 13, 12, 10, 13, 13, 10, 12, 12, 13, 11, 13, 10, 13, 11, 12, 12, 10, 12, 10, 12, 12, 12, 10, 11, 11, 12, 12, 13, 13, 13], [12, 10, 10, 11, 11, 12, 10, 13, 10, 10, 10, 12, 13, 10, 10, 10, 13, 10, 12, 12, 13, 11, 12, 11, 10, 12, 10, 11, 12, 12, 12, 10, 10, 10, 12, 10, 12, 13, 12, 13, 11, 11, 11, 12, 10, 10, 13, 13, 13, 12], [13, 12, 10, 12, 11, 13, 12, 13, 12, 12, 13, 12, 10, 12, 13, 10, 13, 10, 10, 11, 10, 13, 13, 13, 13, 11, 12, 10, 10, 11, 12, 10, 12, 11, 11, 12, 11, 13, 10, 11, 13, 13, 11, 11, 11, 10, 11, 11, 11, 13], [12, 11, 11, 10, 11, 11, 12, 13, 11, 10, 11, 12, 11, 11, 13, 11, 12, 13, 13, 12, 13, 12, 12, 12, 10, 12, 13, 13, 12, 11, 12, 12, 10, 13, 10, 11, 10, 11, 13, 12, 13, 12, 13, 10, 13, 11, 12, 13, 11, 12], [12, 10, 12, 12, 13, 10, 12, 13, 11, 12, 10, 10, 12, 13, 10, 12, 11, 13, 11, 13, 11, 12, 12, 12, 11, 11, 13, 12, 13, 10, 11, 12, 10, 13, 13, 13, 13, 10, 10, 12, 12, 12, 10, 12, 12, 12, 13, 12, 13, 12], [12, 10, 13, 11, 12, 10, 13, 11, 10, 10, 13, 13, 10, 10, 13, 10, 13, 13, 13, 11, 11, 10, 13, 10, 11, 13, 11, 10, 13, 10, 13, 12, 12, 12, 10, 12, 12, 11, 12, 12, 11, 11, 10, 12, 11, 10, 13, 10, 12, 11], [10, 10, 11, 12, 12, 12, 12, 10, 12, 13, 10, 13, 10, 10, 10, 10, 12, 11, 10, 11, 12, 13, 13, 11, 12, 13, 12, 10, 12, 12, 13, 13, 10, 12, 13, 13, 12, 12, 13, 11, 12, 11, 10, 11, 13, 10, 10, 13, 13, 10], [13, 13, 11, 11, 10, 12, 13, 11, 11, 12, 13, 10, 11, 12, 13, 10, 11, 12, 11, 12, 11, 11, 11, 12, 13, 12, 13, 13, 13, 12, 11, 11, 12, 11, 12, 11, 12, 10, 13, 10, 12, 13, 10, 10, 13, 11, 12, 13, 11, 13], [10, 13, 13, 10, 10, 12, 10, 13, 11, 11, 11, 11, 13, 11, 11, 10, 12, 11, 12, 13, 11, 11, 13, 12, 10, 12, 10, 10, 13, 11, 13, 10, 12, 12, 10, 11, 11, 13, 12, 11, 13, 10, 10, 11, 12, 11, 10, 13, 12, 13], [13, 13, 12, 13, 12, 13, 12, 13, 10, 10, 11, 10, 11, 12, 13, 12, 12, 13, 10, 13, 11, 11, 10, 10, 11, 12, 10, 12, 13, 10, 10, 10, 11, 10, 12, 13, 11, 13, 11, 10, 12, 12, 11, 11, 13, 12, 12, 11, 13, 11], [10, 13, 12, 10, 10, 12, 13, 12, 13, 11, 13, 10, 11, 10, 12, 13, 13, 13, 11, 10, 13, 10, 10, 11, 12, 10, 13, 10, 11, 13, 10, 10, 13, 11, 10, 12, 13, 11, 12, 10, 10, 10, 10, 11, 12, 11, 10, 12, 11, 11], [13, 10, 10, 11, 10, 10, 10, 13, 10, 10, 10, 13, 12, 12, 12, 12, 12, 11, 13, 11, 13, 13, 10, 10, 11, 10, 12, 13, 10, 12, 13, 13, 13, 13, 13, 11, 10, 10, 11, 11, 10, 10, 11, 13, 12, 10, 12, 11, 11, 10], [13, 13, 10, 11, 10, 11, 12, 11, 12, 10, 10, 12, 11, 11, 12, 11, 13, 12, 10, 13, 10, 13, 11, 10, 13, 10, 10, 12, 12, 11, 11, 10, 13, 11, 13, 10, 12, 12, 10, 12, 12, 13, 10, 13, 12, 11, 10, 12, 11, 10], [10, 12, 10, 10, 11, 12, 13, 10, 12, 10, 12, 10, 10, 10, 12, 13, 10, 12, 13, 12, 12, 10, 12, 10, 10, 12, 12, 13, 12, 11, 13, 11, 10, 12, 10, 13, 13, 12, 13, 13, 13, 10, 13, 11, 10, 12, 13, 11, 13, 11], [12, 10, 13, 12, 10, 12, 10, 12, 12, 11, 11, 11, 10, 11, 13, 10, 12, 12, 13, 10, 10, 12, 10, 13, 10, 10, 13, 11, 11, 12, 11, 13, 12, 11, 13, 13, 11, 11, 11, 11, 11, 11, 10, 10, 11, 12, 13, 12, 12, 13], [10, 13, 12, 13, 11, 10, 11, 10, 13, 12, 13, 12, 12, 12, 13, 12, 10, 13, 13, 10, 10, 10, 13, 12, 12, 10, 11, 10, 10, 10, 10, 10, 10, 12, 13, 12, 11, 12, 13, 13, 10, 10, 13, 10, 12, 11, 11, 12, 13, 13], [13, 11, 10, 13, 13, 12, 11, 10, 12, 10, 12, 11, 10, 13, 13, 13, 11, 11, 11, 11, 13, 12, 13, 13, 12, 13, 12, 12, 13, 11, 10, 10, 13, 11, 13, 13, 11, 12, 13, 13, 11, 13, 12, 10, 12, 12, 12, 11, 13, 12], [13, 12, 11, 12, 11, 13, 10, 13, 11, 13, 12, 12, 12, 12, 10, 11, 11, 12, 11, 10, 13, 13, 10, 10, 13, 12, 12, 11, 13, 12, 10, 13, 10, 12, 11, 10, 12, 12, 11, 11, 11, 12, 12, 12, 11, 12, 13, 10, 10, 12], [10, 13, 11, 12, 11, 12, 10, 12, 11, 11, 11, 13, 10, 11, 12, 10, 12, 10, 11, 12, 11, 13, 12, 10, 11, 10, 12, 11, 10, 13, 13, 13, 10, 10, 13, 12, 10, 12, 12, 11, 10, 10, 13, 11, 10, 12, 10, 13, 12, 12], [13, 12, 11, 12, 13, 11, 12, 11, 10, 12, 10, 13, 11, 11, 13, 10, 10, 13, 11, 13, 13, 10, 11, 10, 13, 10, 12, 10, 11, 11, 11, 13, 11, 11, 11, 12, 13, 10, 10, 11, 12, 10, 10, 13, 10, 12, 12, 11, 10, 11], [11, 11, 13, 13, 11, 10, 10, 13, 13, 10, 12, 10, 11, 11, 11, 10, 11, 12, 12, 12, 10, 10, 11, 13, 10, 13, 10, 11, 13, 13, 12, 10, 10, 10, 12, 10, 11, 12, 11, 12, 13, 11, 11, 13, 12, 11, 11, 11, 13, 11], [10, 11, 11, 10, 10, 11, 11, 11, 12, 10, 12, 12, 10, 13, 13, 12, 11, 13, 10, 13, 10, 11, 11, 12, 11, 11, 10, 10, 12, 13, 12, 13, 11, 13, 13, 11, 12, 12, 12, 13, 10, 10, 12, 12, 13, 10, 10, 11, 13, 12], [12, 11, 10, 10, 10, 11, 11, 10, 11, 12, 12, 11, 13, 12, 11, 10, 12, 11, 12, 11, 10, 10, 10, 10, 10, 11, 10, 11, 11, 10, 11, 11, 11, 11, 11, 10, 11, 11, 13, 12, 12, 11, 10, 11, 11, 11, 11, 11, 13, 13], [11, 13, 11, 12, 11, 10, 12, 10, 11, 12, 13, 12, 11, 13, 12, 13, 11, 12, 11, 12, 12, 12, 11, 13, 10, 13, 10, 11, 11, 13, 13, 12, 12, 13, 10, 13, 12, 10, 10, 12, 10, 13, 13, 13, 13, 13, 13, 13, 12, 11], [11, 13, 11, 10, 10, 10, 10, 10, 10, 13, 11, 12, 11, 10, 10, 13, 13, 10, 12, 13, 12, 13, 13, 11, 11, 11, 12, 13, 10, 11, 11, 12, 12, 13, 11, 10, 13, 11, 11, 11, 13, 13, 10, 11, 13, 13, 13, 11, 12, 10], [13, 12, 11, 10, 13, 12, 10, 12, 11, 11, 12, 13, 13, 12, 12, 11, 13, 12, 11, 13, 13, 11, 11, 13, 10, 13, 12, 12, 12, 12, 12, 11, 12, 11, 12, 13, 12, 12, 12, 13, 10, 13, 11, 13, 10, 11, 13, 11, 10, 13], [10, 10, 12, 11, 11, 12, 11, 12, 11, 10, 11, 13, 13, 11, 11, 12, 12, 10, 10, 11, 10, 13, 10, 12, 13, 12, 11, 11, 12, 10, 10, 13, 10, 10, 13, 10, 12, 12, 13, 11, 12, 12, 13, 10, 13, 11, 12, 13, 12, 12], [12, 13, 10, 11, 10, 11, 11, 11, 11, 10, 10, 13, 13, 11, 13, 11, 10, 12, 11, 10, 10, 13, 12, 10, 13, 10, 12, 10, 12, 12, 11, 13, 11, 12, 11, 11, 10, 13, 10, 10, 12, 12, 12, 13, 12, 12, 10, 11, 13, 10], [11, 13, 13, 11, 10, 11, 10, 11, 13, 12, 12, 12, 13, 12, 13, 10, 10, 10, 13, 13, 13, 12, 10, 12, 12, 10, 11, 13, 10, 12, 12, 13, 13, 11, 13, 13, 11, 13, 11, 10, 10, 10, 11, 10, 11, 10, 11, 12, 10, 13], [12, 12, 13, 11, 11, 11, 12, 11, 10, 12, 13, 12, 13, 10, 13, 11, 11, 13, 13, 12, 13, 11, 10, 12, 12, 13, 11, 11, 10, 10, 12, 11, 11, 10, 12, 12, 11, 12, 12, 10, 13, 11, 13, 11, 11, 13, 11, 10, 10, 12], [12, 11, 12, 11, 12, 13, 13, 10, 12, 11, 12, 12, 12, 12, 10, 13, 10, 13, 12, 11, 10, 12, 12, 11, 13, 12, 13, 11, 13, 10, 12, 11, 12, 13, 12, 11, 12, 12, 13, 11, 12, 13, 11, 10, 11, 11, 12, 11, 13, 10], [10, 11, 12, 10, 13, 11, 12, 10, 10, 11, 10, 10, 12, 12, 13, 11, 10, 13, 12, 12, 12, 13, 10, 11, 10, 11, 13, 10, 13, 13, 13, 11, 10, 10, 11, 10, 11, 11, 10, 12, 11, 12, 10, 11, 13, 10, 12, 13, 11, 10], [11, 12, 11, 10, 13, 12, 13, 11, 12, 12, 11, 10, 10, 10, 10, 11, 10, 10, 12, 11, 13, 12, 10, 11, 12, 11, 12, 10, 10, 13, 10, 11, 11, 13, 11, 10, 10, 11, 13, 10, 12, 10, 13, 13, 10, 13, 12, 12, 10, 11], [11, 13, 13, 12, 10, 13, 11, 10, 10, 11, 11, 12, 13, 12, 13, 11, 10, 12, 13, 12, 12, 13, 10, 13, 13, 11, 10, 11, 13, 10, 11, 12, 12, 12, 13, 10, 10, 11, 11, 11, 10, 11, 11, 12, 12, 11, 12, 13, 10, 11], [11, 10, 10, 11, 11, 13, 10, 10, 13, 12, 10, 12, 13, 13, 12, 11, 11, 11, 10, 13, 12, 13, 13, 10, 13, 11, 11, 13, 12, 12, 10, 12, 12, 11, 10, 12, 12, 10, 13, 12, 13, 12, 10, 13, 13, 11, 13, 12, 11, 13], [12, 10, 13, 10, 13, 12, 11, 12, 13, 13, 10, 13, 10, 13, 13, 11, 10, 13, 10, 11, 13, 10, 13, 10, 13, 10, 12, 10, 11, 10, 10, 13, 10, 12, 11, 11, 13, 12, 13, 13, 12, 13, 13, 11, 12, 10, 13, 10, 13, 12], [12, 13, 10, 12, 12, 12, 10, 13, 11, 12, 13, 10, 10, 13, 13, 10, 11, 12, 10, 13, 12, 10, 12, 11, 12, 11, 11, 12, 11, 12, 11, 10, 12, 13, 11, 11, 12, 12, 10, 12, 10, 12, 11, 11, 10, 13, 12, 11, 10, 12], [12, 13, 10, 12, 10, 13, 12, 13, 12, 12, 11, 11, 13, 12, 11, 12, 13, 10, 10, 13, 13, 12, 11, 10, 10, 10, 12, 10, 11, 12, 12, 11, 10, 11, 11, 12, 10, 12, 10, 12, 11, 12, 11, 12, 12, 10, 10, 13, 12, 11], [12, 10, 12, 12, 13, 12, 10, 13, 13, 11, 11, 13, 12, 11, 12, 11, 12, 13, 13, 11, 12, 10, 11, 13, 12, 11, 11, 10, 13, 12, 10, 13, 10, 10, 10, 12, 10, 10, 11, 10, 11, 11, 13, 13, 13, 11, 13, 12, 11, 11]]
Inventory holding cost per unit of each product by the end of each period h: 
[[6, 8, 8, 7, 8, 9, 7, 5, 5, 7, 7, 6, 6, 8, 8, 5, 6, 6, 6, 5, 7, 9, 5, 8, 7, 6, 6, 5, 8, 6, 7, 8, 6, 5, 7, 7, 7, 5, 7, 7, 6, 9, 6, 7, 9, 6, 8, 6, 9, 7], [7, 7, 7, 8, 5, 8, 6, 8, 6, 7, 8, 9, 8, 5, 9, 9, 6, 9, 6, 8, 8, 9, 7, 6, 8, 6, 9, 9, 7, 7, 7, 8, 8, 8, 8, 5, 7, 8, 8, 7, 9, 7, 5, 7, 8, 6, 6, 6, 8, 7], [8, 9, 6, 5, 8, 8, 9, 6, 6, 5, 6, 9, 7, 8, 5, 9, 6, 5, 7, 8, 9, 6, 8, 6, 7, 9, 9, 9, 9, 5, 7, 5, 6, 6, 6, 5, 6, 7, 9, 9, 5, 5, 7, 5, 6, 8, 9, 7, 8, 5], [6, 9, 9, 7, 9, 6, 6, 8, 7, 8, 9, 5, 5, 5, 7, 8, 9, 5, 5, 8, 6, 7, 5, 8, 9, 9, 7, 6, 5, 7, 9, 9, 9, 7, 9, 7, 6, 7, 9, 9, 9, 6, 8, 7, 8, 9, 7, 9, 7, 9], [6, 9, 7, 9, 6, 7, 9, 7, 5, 7, 9, 9, 5, 8, 5, 9, 6, 9, 9, 5, 6, 8, 8, 7, 5, 7, 5, 6, 5, 8, 8, 6, 6, 7, 5, 7, 7, 7, 7, 5, 8, 7, 7, 6, 7, 8, 5, 7, 7, 9], [8, 7, 6, 5, 9, 7, 9, 9, 9, 6, 7, 7, 6, 8, 6, 9, 7, 8, 6, 5, 5, 8, 5, 6, 8, 6, 8, 6, 8, 9, 5, 6, 8, 7, 6, 6, 7, 8, 5, 7, 9, 7, 7, 8, 8, 5, 7, 7, 7, 8], [5, 8, 8, 8, 8, 7, 8, 9, 8, 5, 5, 8, 8, 7, 5, 9, 5, 9, 7, 8, 6, 7, 8, 8, 8, 7, 7, 5, 9, 9, 7, 9, 8, 8, 5, 8, 8, 8, 9, 8, 6, 7, 9, 9, 7, 6, 6, 9, 5, 9], [6, 8, 8, 5, 5, 5, 9, 9, 8, 5, 9, 5, 7, 5, 7, 7, 6, 5, 8, 7, 6, 9, 9, 5, 9, 6, 8, 7, 6, 6, 9, 6, 7, 9, 5, 7, 6, 6, 8, 8, 6, 8, 7, 7, 5, 8, 7, 6, 7, 8], [7, 8, 5, 5, 5, 8, 7, 8, 7, 6, 6, 8, 5, 9, 9, 7, 9, 5, 5, 8, 5, 8, 9, 7, 9, 5, 8, 8, 5, 9, 7, 7, 7, 7, 9, 7, 8, 5, 9, 5, 6, 6, 9, 8, 8, 6, 7, 5, 8, 9], [7, 8, 8, 9, 8, 9, 8, 9, 5, 5, 6, 9, 5, 7, 5, 6, 8, 7, 8, 7, 6, 9, 5, 9, 8, 7, 9, 8, 6, 7, 5, 7, 8, 5, 5, 5, 5, 8, 8, 5, 6, 8, 9, 9, 8, 5, 6, 8, 5, 8], [5, 5, 5, 9, 5, 6, 5, 6, 8, 8, 5, 7, 7, 6, 5, 5, 9, 5, 9, 8, 7, 9, 6, 9, 8, 8, 7, 6, 9, 8, 8, 9, 8, 6, 9, 6, 9, 5, 9, 9, 9, 7, 5, 7, 7, 7, 6, 6, 8, 5], [9, 6, 9, 7, 7, 8, 6, 8, 5, 9, 9, 8, 7, 8, 7, 8, 8, 9, 9, 6, 9, 8, 8, 6, 6, 5, 6, 5, 7, 6, 7, 7, 5, 8, 5, 5, 6, 9, 6, 5, 6, 7, 8, 6, 6, 8, 8, 9, 8, 9], [8, 7, 9, 5, 8, 9, 6, 8, 6, 8, 8, 9, 5, 5, 5, 8, 7, 6, 6, 5, 6, 7, 7, 9, 5, 7, 6, 6, 8, 6, 9, 7, 7, 6, 6, 7, 9, 6, 9, 7, 6, 8, 9, 5, 5, 8, 6, 5, 5, 9], [9, 8, 5, 8, 9, 5, 9, 8, 8, 8, 5, 8, 8, 8, 8, 8, 5, 6, 9, 8, 5, 9, 6, 9, 5, 5, 5, 6, 9, 7, 9, 6, 7, 7, 7, 9, 8, 5, 7, 8, 7, 5, 8, 5, 5, 6, 7, 8, 7, 7], [7, 5, 7, 6, 6, 5, 6, 9, 5, 6, 6, 9, 9, 5, 7, 7, 5, 8, 7, 8, 6, 5, 5, 5, 5, 7, 7, 7, 9, 7, 5, 8, 6, 9, 8, 5, 9, 8, 5, 9, 9, 6, 9, 8, 9, 8, 9, 7, 6, 6], [9, 9, 8, 7, 9, 9, 6, 9, 8, 5, 9, 8, 7, 5, 8, 9, 5, 5, 6, 8, 8, 6, 7, 5, 5, 9, 8, 5, 5, 6, 5, 6, 7, 8, 6, 9, 5, 8, 9, 9, 9, 9, 9, 6, 5, 8, 7, 9, 7, 7], [5, 8, 9, 9, 9, 5, 7, 7, 7, 7, 6, 8, 6, 7, 6, 6, 6, 9, 7, 7, 9, 7, 7, 5, 5, 5, 8, 5, 9, 7, 7, 5, 5, 9, 6, 8, 6, 8, 8, 6, 8, 5, 9, 5, 5, 7, 8, 7, 9, 7], [9, 8, 9, 6, 9, 6, 6, 9, 5, 5, 9, 8, 5, 5, 9, 8, 6, 6, 9, 8, 5, 6, 8, 8, 8, 7, 6, 6, 8, 5, 5, 6, 8, 7, 8, 6, 9, 6, 5, 9, 8, 8, 9, 6, 7, 9, 7, 8, 6, 6], [9, 8, 9, 7, 8, 5, 7, 6, 5, 9, 8, 9, 7, 8, 5, 6, 5, 9, 7, 7, 8, 8, 7, 9, 8, 5, 7, 7, 5, 5, 9, 5, 9, 6, 6, 5, 7, 5, 9, 8, 9, 6, 7, 8, 9, 7, 9, 8, 5, 5], [7, 6, 9, 7, 6, 8, 6, 7, 9, 7, 6, 6, 5, 5, 8, 7, 6, 8, 6, 8, 8, 6, 8, 8, 6, 9, 9, 7, 9, 7, 5, 7, 9, 7, 8, 6, 9, 5, 8, 8, 9, 9, 8, 9, 8, 5, 6, 5, 7, 6], [6, 9, 7, 7, 8, 7, 6, 8, 5, 7, 9, 8, 5, 5, 6, 9, 7, 6, 5, 7, 8, 9, 5, 5, 8, 6, 8, 9, 9, 7, 5, 9, 6, 7, 8, 7, 7, 8, 7, 5, 6, 7, 6, 9, 9, 7, 6, 5, 7, 7], [9, 6, 9, 5, 8, 6, 8, 5, 8, 9, 9, 5, 8, 6, 6, 7, 9, 7, 8, 6, 9, 9, 8, 5, 6, 6, 6, 7, 7, 9, 9, 6, 7, 8, 7, 9, 5, 6, 6, 7, 8, 6, 6, 8, 7, 5, 6, 9, 8, 8], [7, 5, 6, 8, 8, 9, 6, 8, 5, 7, 9, 7, 8, 5, 8, 8, 6, 9, 6, 6, 6, 5, 7, 9, 7, 9, 9, 5, 6, 9, 8, 8, 8, 9, 8, 7, 8, 8, 8, 5, 5, 7, 9, 8, 9, 5, 8, 7, 7, 5], [9, 6, 7, 9, 8, 6, 7, 7, 6, 9, 8, 9, 6, 7, 7, 6, 9, 7, 7, 5, 5, 5, 5, 6, 5, 7, 9, 8, 9, 8, 7, 7, 8, 7, 6, 7, 6, 6, 6, 6, 5, 7, 6, 9, 5, 7, 6, 6, 7, 7], [8, 9, 9, 8, 9, 9, 8, 6, 9, 8, 8, 5, 5, 6, 7, 6, 7, 9, 8, 9, 8, 9, 6, 9, 6, 9, 6, 6, 6, 5, 5, 6, 8, 7, 5, 7, 7, 7, 7, 7, 8, 6, 8, 5, 7, 8, 9, 6, 5, 9], [7, 9, 7, 8, 8, 8, 5, 8, 7, 8, 8, 6, 8, 8, 8, 6, 7, 9, 8, 5, 9, 6, 9, 7, 6, 5, 5, 9, 6, 7, 9, 9, 9, 6, 9, 8, 5, 5, 8, 7, 8, 9, 9, 9, 9, 9, 6, 6, 9, 7], [7, 9, 6, 7, 9, 5, 9, 5, 6, 9, 6, 7, 8, 6, 6, 6, 9, 6, 8, 7, 7, 8, 9, 7, 7, 9, 7, 5, 6, 5, 5, 9, 7, 5, 8, 8, 8, 5, 8, 7, 5, 8, 8, 9, 9, 5, 7, 9, 5, 9], [7, 6, 8, 6, 6, 9, 5, 9, 5, 8, 9, 5, 7, 8, 9, 6, 5, 8, 5, 7, 9, 9, 6, 5, 6, 5, 9, 8, 9, 9, 8, 6, 8, 5, 5, 7, 6, 7, 7, 6, 8, 6, 9, 7, 8, 5, 6, 7, 7, 5], [8, 9, 6, 7, 5, 9, 8, 8, 8, 6, 9, 6, 9, 5, 6, 7, 9, 5, 6, 6, 8, 9, 6, 5, 6, 5, 8, 6, 7, 9, 9, 6, 8, 9, 5, 9, 8, 6, 7, 9, 5, 8, 9, 9, 7, 5, 9, 5, 5, 6], [5, 8, 9, 7, 9, 6, 5, 7, 6, 5, 5, 8, 6, 8, 5, 6, 6, 9, 8, 7, 8, 8, 5, 6, 7, 9, 9, 6, 5, 6, 8, 8, 7, 6, 5, 5, 7, 5, 7, 5, 5, 5, 7, 8, 6, 6, 7, 9, 6, 9], [9, 9, 5, 6, 8, 9, 9, 9, 9, 7, 8, 9, 9, 9, 9, 7, 7, 8, 7, 9, 9, 5, 5, 5, 5, 9, 8, 5, 6, 7, 8, 9, 7, 8, 8, 6, 8, 8, 8, 6, 5, 5, 8, 7, 7, 8, 5, 6, 8, 6], [7, 9, 6, 5, 5, 6, 9, 5, 5, 5, 8, 5, 8, 7, 8, 5, 7, 7, 7, 9, 5, 5, 6, 5, 8, 7, 8, 7, 9, 7, 9, 7, 8, 5, 6, 6, 7, 8, 8, 7, 8, 9, 5, 5, 6, 8, 7, 6, 8, 9], [9, 7, 5, 5, 9, 5, 6, 5, 9, 7, 6, 5, 5, 7, 9, 5, 8, 9, 7, 9, 5, 5, 9, 8, 5, 7, 9, 7, 5, 7, 6, 8, 6, 6, 8, 5, 9, 8, 5, 7, 9, 5, 8, 7, 6, 9, 5, 5, 6, 6], [6, 5, 8, 9, 6, 6, 9, 5, 5, 7, 9, 6, 8, 9, 6, 6, 8, 7, 5, 7, 9, 5, 5, 7, 7, 8, 6, 5, 6, 7, 8, 6, 9, 8, 6, 8, 8, 9, 8, 7, 7, 8, 7, 5, 9, 8, 8, 6, 7, 5], [6, 8, 9, 5, 5, 6, 7, 5, 7, 8, 5, 6, 5, 8, 7, 6, 5, 6, 9, 5, 9, 5, 7, 9, 7, 6, 5, 5, 8, 5, 8, 9, 9, 5, 7, 6, 5, 9, 8, 9, 5, 6, 7, 8, 8, 8, 7, 7, 5, 7], [7, 9, 9, 5, 5, 8, 6, 7, 6, 7, 8, 5, 6, 6, 5, 6, 5, 9, 9, 6, 9, 6, 5, 7, 9, 7, 6, 8, 6, 5, 5, 6, 9, 6, 5, 7, 6, 8, 9, 9, 7, 8, 7, 9, 5, 6, 6, 8, 8, 8], [8, 7, 5, 5, 7, 9, 5, 6, 6, 7, 8, 5, 9, 7, 5, 6, 8, 7, 8, 7, 6, 6, 6, 8, 7, 7, 6, 8, 5, 7, 5, 9, 5, 5, 7, 5, 6, 7, 8, 6, 7, 9, 6, 5, 8, 8, 6, 9, 8, 8], [9, 8, 6, 7, 7, 8, 7, 5, 8, 6, 9, 6, 8, 8, 8, 9, 9, 6, 5, 9, 6, 9, 5, 9, 6, 6, 6, 8, 6, 6, 7, 8, 7, 5, 7, 9, 5, 5, 9, 6, 8, 9, 8, 8, 9, 5, 6, 6, 6, 8], [9, 6, 7, 7, 5, 7, 8, 5, 6, 7, 8, 5, 7, 8, 7, 8, 7, 5, 6, 7, 9, 9, 7, 6, 5, 9, 7, 8, 6, 8, 5, 7, 5, 6, 5, 8, 8, 7, 7, 5, 7, 9, 9, 5, 8, 5, 8, 5, 8, 6], [8, 8, 6, 6, 9, 8, 6, 7, 9, 5, 6, 8, 6, 7, 6, 9, 8, 5, 6, 5, 6, 5, 8, 7, 7, 9, 9, 8, 8, 8, 7, 5, 8, 7, 5, 5, 7, 6, 6, 5, 9, 6, 7, 7, 6, 8, 7, 8, 8, 9], [8, 6, 8, 9, 8, 9, 6, 9, 8, 6, 8, 9, 5, 9, 7, 5, 6, 7, 6, 7, 6, 9, 8, 5, 5, 7, 6, 9, 6, 9, 9, 9, 5, 6, 9, 9, 5, 5, 8, 9, 6, 8, 5, 9, 9, 5, 8, 8, 5, 8], [9, 9, 5, 9, 9, 5, 6, 5, 7, 5, 6, 9, 8, 5, 7, 8, 8, 5, 9, 9, 5, 6, 6, 5, 5, 7, 8, 7, 7, 5, 9, 9, 8, 5, 6, 9, 6, 6, 8, 6, 5, 7, 8, 7, 6, 8, 7, 6, 9, 7], [6, 9, 8, 9, 8, 6, 5, 7, 9, 6, 8, 8, 6, 8, 8, 5, 9, 9, 5, 9, 7, 9, 7, 5, 5, 9, 7, 6, 6, 5, 8, 6, 8, 6, 7, 7, 5, 6, 7, 6, 6, 7, 8, 5, 6, 7, 8, 7, 6, 9], [5, 6, 6, 5, 9, 5, 6, 8, 7, 8, 6, 6, 7, 8, 9, 6, 7, 6, 6, 7, 8, 9, 5, 6, 5, 6, 7, 6, 8, 7, 8, 9, 8, 9, 5, 9, 9, 5, 6, 6, 5, 8, 9, 7, 8, 8, 8, 7, 5, 5], [8, 7, 8, 7, 9, 6, 9, 9, 5, 9, 7, 6, 6, 9, 8, 6, 8, 8, 7, 5, 5, 5, 8, 9, 6, 8, 9, 5, 7, 6, 9, 6, 8, 5, 8, 9, 7, 9, 9, 5, 6, 8, 9, 7, 9, 9, 8, 9, 7, 5], [8, 5, 7, 7, 5, 5, 8, 6, 9, 6, 5, 9, 7, 9, 7, 8, 9, 6, 6, 9, 7, 6, 8, 8, 5, 7, 6, 5, 6, 7, 6, 9, 5, 5, 5, 8, 7, 9, 8, 8, 8, 9, 9, 6, 9, 7, 8, 6, 7, 5], [9, 9, 7, 7, 5, 6, 7, 9, 9, 5, 5, 9, 5, 9, 8, 9, 7, 7, 8, 8, 8, 5, 6, 6, 8, 7, 7, 8, 9, 9, 9, 8, 5, 7, 9, 7, 6, 7, 8, 5, 8, 6, 8, 8, 9, 5, 7, 8, 8, 7], [8, 5, 6, 8, 9, 8, 5, 5, 5, 8, 5, 8, 6, 9, 9, 5, 6, 8, 6, 9, 7, 7, 7, 8, 6, 7, 7, 7, 6, 5, 6, 9, 5, 8, 9, 9, 8, 6, 7, 5, 5, 6, 6, 8, 8, 6, 8, 9, 7, 9], [7, 5, 5, 5, 6, 8, 6, 5, 7, 5, 6, 9, 5, 8, 5, 6, 9, 9, 9, 7, 5, 6, 9, 9, 6, 7, 5, 5, 5, 5, 8, 8, 7, 8, 8, 9, 5, 9, 7, 7, 5, 7, 5, 7, 6, 9, 6, 8, 7, 6], [5, 6, 5, 9, 6, 5, 7, 8, 6, 9, 6, 6, 8, 6, 7, 8, 7, 6, 5, 9, 9, 6, 6, 7, 8, 6, 8, 6, 5, 7, 9, 7, 9, 6, 9, 6, 9, 5, 8, 7, 7, 5, 7, 9, 5, 9, 9, 5, 7, 5], [5, 7, 6, 5, 8, 9, 9, 6, 8, 8, 8, 7, 7, 6, 9, 5, 7, 6, 9, 8, 5, 8, 8, 8, 5, 6, 9, 8, 6, 6, 8, 5, 9, 9, 8, 9, 8, 5, 7, 8, 5, 6, 5, 5, 5, 9, 6, 8, 8, 6], [5, 9, 9, 9, 5, 6, 6, 6, 8, 6, 8, 9, 6, 7, 8, 7, 5, 8, 5, 7, 5, 6, 9, 7, 7, 8, 7, 9, 6, 7, 5, 8, 8, 6, 8, 7, 5, 7, 9, 7, 5, 5, 6, 8, 6, 9, 5, 9, 6, 8], [9, 7, 9, 7, 7, 5, 8, 5, 5, 5, 9, 9, 8, 9, 7, 6, 8, 9, 9, 9, 8, 5, 9, 7, 6, 6, 7, 6, 6, 8, 6, 7, 8, 9, 8, 7, 8, 9, 9, 7, 6, 7, 8, 5, 8, 6, 8, 9, 7, 5], [8, 7, 6, 5, 8, 9, 5, 8, 8, 5, 8, 8, 9, 9, 8, 8, 5, 8, 6, 6, 9, 9, 9, 9, 8, 7, 7, 5, 6, 9, 8, 6, 7, 9, 9, 9, 6, 7, 6, 8, 7, 8, 8, 8, 7, 5, 7, 6, 7, 5], [5, 9, 9, 5, 5, 8, 6, 5, 5, 6, 8, 9, 6, 9, 8, 7, 7, 9, 6, 6, 9, 9, 5, 9, 9, 7, 9, 5, 9, 7, 8, 7, 8, 9, 9, 7, 5, 7, 5, 8, 5, 5, 8, 8, 8, 5, 7, 6, 5, 9], [8, 8, 7, 7, 5, 5, 9, 9, 7, 9, 8, 6, 6, 9, 7, 5, 8, 6, 7, 8, 5, 5, 7, 8, 7, 8, 9, 5, 5, 6, 5, 8, 9, 9, 9, 6, 8, 5, 6, 8, 8, 5, 6, 5, 9, 8, 6, 5, 7, 8], [6, 5, 9, 6, 6, 7, 6, 8, 6, 6, 6, 6, 8, 5, 5, 7, 5, 8, 8, 5, 7, 7, 6, 6, 9, 5, 9, 5, 9, 8, 6, 7, 7, 5, 7, 8, 6, 5, 6, 9, 6, 7, 6, 9, 6, 8, 7, 9, 9, 8], [9, 9, 5, 8, 9, 6, 6, 5, 7, 8, 6, 6, 5, 8, 8, 5, 6, 8, 6, 6, 6, 7, 5, 8, 5, 9, 8, 9, 7, 5, 7, 5, 5, 8, 5, 5, 5, 9, 9, 5, 5, 8, 8, 6, 8, 6, 8, 5, 5, 9], [8, 9, 5, 5, 5, 8, 7, 7, 8, 6, 8, 5, 7, 8, 9, 8, 6, 6, 9, 9, 9, 9, 6, 9, 5, 6, 7, 8, 9, 5, 6, 9, 7, 8, 7, 7, 7, 5, 7, 6, 9, 5, 6, 5, 5, 7, 9, 6, 7, 5], [5, 7, 6, 5, 9, 7, 9, 9, 8, 6, 8, 7, 9, 9, 6, 9, 9, 9, 8, 7, 7, 9, 6, 6, 8, 7, 6, 5, 7, 6, 5, 5, 8, 6, 8, 9, 5, 6, 5, 7, 8, 6, 6, 6, 8, 9, 9, 9, 9, 8], [9, 7, 5, 6, 8, 6, 7, 8, 7, 7, 5, 7, 7, 8, 8, 5, 7, 7, 8, 7, 9, 5, 7, 6, 8, 5, 7, 8, 9, 8, 6, 6, 6, 8, 5, 9, 7, 7, 9, 8, 9, 5, 8, 9, 7, 9, 6, 9, 6, 6], [7, 5, 8, 7, 5, 8, 5, 7, 9, 6, 7, 9, 6, 6, 7, 7, 9, 7, 9, 7, 5, 7, 7, 5, 6, 5, 5, 7, 8, 5, 8, 8, 6, 5, 9, 6, 7, 5, 9, 7, 6, 8, 8, 8, 5, 6, 5, 7, 7, 8], [8, 7, 9, 7, 6, 9, 5, 5, 9, 5, 9, 8, 6, 6, 8, 5, 8, 6, 5, 6, 8, 8, 7, 5, 6, 9, 6, 8, 6, 5, 8, 9, 7, 6, 9, 7, 9, 6, 7, 6, 7, 8, 8, 9, 7, 6, 7, 9, 5, 7], [8, 7, 6, 7, 5, 5, 8, 9, 9, 9, 7, 5, 6, 5, 8, 7, 7, 8, 5, 5, 6, 9, 8, 7, 5, 9, 8, 9, 9, 9, 5, 7, 7, 9, 7, 6, 8, 9, 9, 7, 6, 7, 5, 6, 5, 5, 9, 5, 8, 9], [5, 8, 9, 9, 5, 7, 8, 9, 9, 7, 5, 5, 6, 6, 7, 8, 8, 6, 6, 7, 7, 9, 8, 5, 7, 8, 9, 8, 7, 5, 6, 5, 8, 8, 6, 9, 7, 6, 5, 6, 6, 8, 8, 7, 9, 7, 7, 5, 9, 7], [5, 9, 7, 9, 9, 5, 9, 8, 5, 9, 6, 9, 9, 6, 7, 8, 5, 6, 7, 7, 9, 9, 6, 7, 7, 6, 9, 5, 8, 8, 6, 8, 7, 5, 6, 6, 7, 6, 6, 8, 6, 8, 8, 8, 5, 7, 5, 5, 7, 6], [9, 9, 9, 7, 5, 7, 9, 8, 6, 5, 5, 7, 9, 9, 8, 6, 9, 9, 7, 9, 6, 9, 7, 6, 5, 6, 6, 8, 6, 8, 8, 7, 9, 8, 6, 7, 7, 7, 7, 6, 6, 8, 9, 9, 7, 6, 8, 9, 5, 7], [7, 9, 8, 5, 7, 8, 7, 8, 9, 5, 6, 5, 6, 6, 6, 9, 9, 8, 5, 6, 9, 7, 9, 5, 6, 8, 5, 7, 5, 6, 9, 9, 6, 7, 8, 8, 9, 8, 6, 9, 8, 8, 7, 6, 8, 8, 6, 9, 5, 8], [8, 9, 7, 5, 7, 5, 5, 8, 7, 6, 6, 6, 5, 8, 5, 7, 5, 8, 8, 5, 7, 7, 6, 6, 9, 6, 8, 7, 7, 6, 5, 6, 5, 8, 8, 9, 8, 7, 6, 9, 7, 9, 8, 5, 9, 9, 5, 8, 6, 5], [7, 7, 7, 9, 9, 8, 5, 9, 6, 8, 7, 6, 8, 5, 9, 6, 8, 7, 6, 9, 7, 6, 8, 8, 8, 8, 7, 7, 5, 8, 5, 6, 5, 6, 8, 5, 7, 5, 8, 7, 7, 5, 5, 9, 8, 6, 9, 8, 9, 8], [7, 9, 7, 5, 9, 6, 5, 9, 8, 7, 7, 7, 7, 5, 6, 7, 5, 6, 8, 6, 6, 8, 9, 5, 9, 9, 6, 5, 6, 6, 7, 6, 5, 8, 9, 8, 5, 9, 6, 5, 7, 5, 5, 7, 8, 8, 9, 6, 8, 8], [7, 8, 5, 5, 6, 7, 8, 7, 7, 9, 6, 6, 7, 8, 8, 7, 6, 9, 7, 6, 9, 9, 6, 7, 5, 5, 6, 7, 7, 5, 8, 5, 8, 6, 7, 9, 5, 5, 9, 9, 5, 7, 5, 9, 9, 6, 7, 6, 5, 8], [9, 9, 8, 6, 8, 6, 9, 7, 9, 5, 9, 9, 8, 7, 6, 7, 8, 7, 7, 6, 8, 6, 7, 8, 7, 9, 9, 5, 8, 6, 6, 6, 8, 8, 8, 6, 8, 7, 5, 5, 6, 7, 7, 5, 6, 5, 7, 7, 6, 7], [7, 9, 7, 5, 9, 5, 8, 6, 9, 6, 5, 9, 6, 8, 5, 5, 5, 6, 5, 9, 8, 6, 7, 7, 6, 9, 9, 5, 6, 5, 8, 5, 6, 5, 9, 6, 6, 7, 6, 6, 6, 9, 5, 9, 6, 9, 9, 7, 9, 6], [8, 8, 6, 7, 8, 7, 5, 9, 9, 7, 5, 8, 5, 8, 7, 9, 7, 9, 7, 8, 9, 6, 9, 6, 9, 8, 5, 9, 7, 5, 6, 7, 7, 6, 7, 8, 9, 5, 9, 6, 6, 5, 8, 7, 5, 6, 5, 6, 9, 6], [5, 6, 6, 9, 6, 6, 7, 6, 5, 8, 5, 5, 5, 5, 9, 6, 7, 5, 9, 7, 9, 7, 6, 6, 9, 5, 6, 8, 9, 8, 9, 7, 5, 7, 5, 7, 6, 6, 9, 9, 8, 6, 9, 8, 5, 6, 6, 8, 5, 9], [5, 7, 6, 9, 9, 8, 9, 9, 7, 7, 8, 9, 9, 8, 7, 9, 6, 6, 7, 5, 8, 5, 5, 8, 5, 9, 9, 8, 9, 7, 9, 7, 9, 7, 9, 5, 7, 6, 6, 6, 8, 6, 6, 7, 8, 7, 6, 6, 8, 9], [8, 6, 8, 5, 5, 9, 9, 5, 5, 9, 7, 9, 6, 9, 5, 7, 8, 9, 6, 9, 9, 9, 8, 6, 8, 5, 6, 5, 6, 8, 5, 5, 9, 5, 8, 6, 8, 6, 8, 9, 6, 8, 5, 5, 6, 9, 5, 6, 5, 7], [9, 5, 8, 5, 7, 8, 6, 8, 7, 8, 5, 5, 7, 9, 8, 9, 8, 6, 7, 6, 5, 6, 7, 6, 8, 8, 9, 6, 7, 6, 9, 9, 7, 7, 7, 7, 8, 7, 7, 6, 8, 9, 8, 7, 9, 5, 8, 7, 5, 6], [5, 9, 7, 7, 7, 7, 5, 5, 6, 5, 7, 9, 8, 6, 9, 7, 8, 6, 6, 7, 7, 5, 7, 8, 5, 5, 7, 5, 7, 5, 6, 8, 5, 8, 7, 7, 6, 6, 8, 8, 7, 6, 6, 8, 9, 9, 6, 5, 9, 7], [9, 9, 6, 7, 9, 5, 9, 5, 6, 6, 8, 5, 8, 6, 7, 8, 9, 6, 7, 9, 5, 8, 5, 7, 7, 7, 9, 9, 9, 5, 9, 5, 5, 9, 9, 8, 9, 7, 5, 8, 7, 9, 5, 7, 7, 5, 8, 8, 6, 6], [8, 6, 6, 7, 6, 7, 7, 8, 9, 5, 8, 9, 8, 9, 8, 6, 7, 8, 8, 8, 9, 5, 8, 7, 8, 9, 9, 5, 7, 7, 8, 8, 5, 5, 9, 6, 5, 9, 9, 8, 5, 5, 5, 6, 6, 8, 6, 9, 8, 8], [5, 8, 9, 5, 9, 8, 8, 6, 5, 5, 6, 8, 9, 5, 7, 7, 7, 6, 9, 9, 6, 7, 8, 6, 9, 9, 6, 9, 8, 5, 8, 9, 7, 7, 5, 7, 9, 9, 6, 9, 6, 7, 6, 5, 6, 6, 5, 8, 5, 6], [8, 9, 8, 8, 6, 9, 6, 9, 7, 9, 9, 9, 5, 9, 9, 7, 6, 8, 7, 9, 6, 7, 6, 5, 8, 9, 7, 6, 5, 9, 6, 7, 9, 9, 9, 8, 7, 5, 8, 5, 8, 9, 7, 5, 9, 8, 7, 8, 7, 5], [7, 8, 7, 5, 6, 5, 6, 7, 9, 7, 7, 9, 8, 9, 6, 9, 6, 8, 5, 7, 6, 6, 6, 6, 8, 9, 7, 5, 9, 7, 9, 7, 7, 7, 9, 9, 8, 9, 7, 6, 8, 5, 7, 9, 9, 8, 6, 6, 9, 5], [9, 6, 6, 6, 8, 8, 8, 9, 7, 7, 8, 8, 8, 8, 5, 6, 8, 7, 7, 6, 6, 6, 6, 5, 7, 9, 7, 5, 8, 7, 8, 5, 7, 6, 5, 8, 7, 6, 7, 9, 8, 8, 7, 6, 9, 5, 5, 5, 7, 5], [6, 5, 8, 6, 9, 9, 8, 5, 9, 6, 8, 7, 7, 5, 9, 5, 5, 9, 7, 6, 5, 8, 9, 5, 9, 8, 5, 9, 8, 6, 9, 7, 7, 5, 8, 9, 7, 5, 8, 6, 7, 9, 5, 6, 6, 5, 6, 5, 5, 7], [5, 7, 6, 7, 5, 6, 7, 8, 6, 9, 9, 9, 8, 5, 7, 5, 6, 5, 6, 8, 5, 5, 6, 5, 9, 7, 9, 5, 6, 8, 5, 7, 8, 8, 6, 7, 9, 7, 8, 8, 6, 8, 5, 8, 9, 7, 6, 7, 7, 6], [8, 6, 5, 9, 9, 8, 5, 5, 9, 9, 9, 5, 6, 5, 8, 7, 5, 7, 8, 7, 7, 5, 5, 5, 9, 8, 8, 9, 8, 5, 6, 8, 6, 9, 6, 6, 6, 6, 8, 8, 5, 8, 7, 7, 8, 8, 8, 8, 5, 8], [6, 7, 8, 9, 8, 8, 9, 5, 7, 8, 6, 8, 6, 9, 7, 8, 9, 5, 5, 6, 5, 9, 5, 9, 7, 6, 9, 9, 6, 7, 7, 6, 5, 5, 5, 7, 9, 6, 9, 8, 5, 7, 5, 7, 8, 9, 8, 6, 5, 7], [5, 8, 7, 7, 9, 9, 9, 8, 7, 7, 6, 7, 8, 7, 9, 7, 6, 7, 5, 7, 8, 8, 8, 7, 6, 6, 8, 5, 5, 8, 9, 8, 8, 5, 7, 5, 7, 9, 8, 8, 8, 6, 5, 7, 7, 6, 8, 5, 6, 5], [8, 5, 7, 7, 9, 6, 5, 7, 5, 6, 7, 5, 5, 9, 6, 6, 6, 8, 6, 8, 5, 7, 8, 7, 7, 7, 8, 8, 7, 5, 5, 8, 9, 8, 7, 7, 8, 9, 8, 5, 8, 7, 6, 9, 5, 9, 7, 6, 5, 7], [8, 8, 9, 8, 5, 8, 5, 5, 6, 5, 6, 5, 9, 7, 7, 5, 7, 6, 9, 9, 7, 8, 8, 9, 9, 8, 8, 6, 9, 5, 9, 8, 9, 7, 5, 5, 9, 7, 6, 5, 6, 9, 8, 9, 5, 9, 9, 8, 6, 5], [7, 7, 5, 8, 9, 6, 5, 6, 6, 6, 6, 7, 9, 8, 5, 9, 7, 6, 7, 7, 8, 9, 6, 6, 8, 9, 7, 7, 8, 6, 9, 7, 9, 5, 9, 8, 9, 9, 8, 6, 9, 6, 9, 8, 7, 9, 5, 8, 9, 9], [6, 6, 7, 9, 5, 5, 7, 7, 9, 9, 9, 6, 8, 7, 8, 8, 5, 6, 6, 8, 8, 8, 9, 8, 5, 7, 5, 9, 9, 9, 7, 6, 7, 7, 5, 6, 8, 9, 7, 9, 6, 5, 6, 5, 9, 5, 6, 5, 8, 7], [6, 7, 7, 5, 5, 8, 6, 7, 8, 6, 5, 8, 6, 5, 8, 7, 9, 7, 5, 9, 7, 9, 6, 7, 8, 9, 8, 9, 8, 9, 7, 8, 9, 7, 6, 8, 8, 5, 5, 9, 7, 8, 7, 7, 8, 9, 7, 9, 7, 6], [9, 7, 6, 7, 7, 7, 8, 8, 6, 5, 7, 9, 9, 8, 9, 7, 6, 7, 9, 6, 6, 7, 8, 9, 6, 9, 6, 7, 6, 6, 6, 9, 6, 6, 5, 6, 8, 8, 5, 8, 7, 5, 7, 9, 5, 6, 8, 6, 8, 5], [9, 7, 5, 8, 9, 8, 6, 7, 8, 5, 8, 6, 8, 9, 9, 9, 9, 7, 5, 8, 5, 5, 5, 8, 6, 6, 9, 5, 8, 6, 9, 8, 7, 8, 9, 7, 7, 6, 7, 9, 7, 5, 9, 5, 5, 8, 6, 5, 8, 5], [7, 9, 9, 5, 9, 5, 6, 5, 6, 5, 8, 7, 7, 5, 8, 7, 5, 8, 8, 8, 5, 6, 9, 5, 6, 8, 9, 5, 7, 7, 9, 8, 8, 7, 7, 6, 5, 7, 7, 5, 9, 8, 7, 8, 9, 9, 9, 7, 7, 8], [8, 6, 6, 7, 8, 8, 6, 5, 9, 5, 9, 8, 7, 8, 8, 5, 8, 6, 6, 8, 5, 6, 8, 5, 9, 8, 5, 7, 5, 5, 8, 9, 5, 9, 9, 9, 9, 9, 7, 9, 8, 5, 5, 8, 5, 6, 5, 7, 9, 6], [6, 6, 9, 5, 5, 8, 7, 8, 5, 5, 5, 7, 7, 5, 9, 6, 6, 6, 8, 6, 9, 5, 5, 6, 8, 7, 6, 9, 5, 6, 7, 5, 7, 5, 7, 5, 8, 5, 7, 5, 5, 5, 8, 7, 9, 8, 8, 5, 7, 6], [7, 9, 7, 9, 8, 5, 9, 7, 5, 6, 6, 5, 7, 5, 7, 5, 6, 5, 8, 6, 8, 5, 5, 8, 6, 6, 5, 9, 5, 8, 6, 9, 6, 7, 6, 5, 8, 9, 6, 7, 6, 7, 5, 6, 8, 7, 9, 6, 9, 9], [5, 5, 8, 9, 9, 5, 6, 9, 8, 5, 9, 7, 6, 5, 7, 8, 7, 8, 8, 6, 7, 8, 6, 8, 7, 7, 6, 7, 7, 5, 6, 6, 8, 9, 5, 9, 8, 7, 5, 5, 7, 8, 7, 9, 8, 9, 5, 5, 6, 9], [9, 8, 8, 9, 9, 8, 9, 9, 8, 9, 9, 5, 6, 9, 6, 9, 7, 6, 5, 7, 5, 7, 5, 7, 5, 9, 5, 5, 8, 5, 7, 8, 8, 7, 8, 6, 5, 8, 5, 6, 8, 6, 9, 5, 7, 9, 9, 8, 8, 8], [7, 8, 8, 5, 5, 7, 7, 8, 5, 9, 6, 9, 8, 5, 8, 7, 8, 6, 8, 8, 7, 7, 7, 9, 8, 9, 8, 8, 6, 6, 7, 5, 7, 8, 8, 9, 8, 7, 6, 5, 8, 7, 5, 8, 7, 6, 8, 8, 8, 8], [8, 6, 6, 7, 6, 8, 6, 9, 8, 6, 6, 8, 8, 6, 6, 5, 6, 9, 8, 9, 9, 5, 9, 5, 5, 9, 8, 5, 8, 6, 9, 7, 5, 6, 9, 5, 9, 8, 8, 7, 7, 6, 7, 6, 9, 7, 6, 6, 9, 7], [7, 5, 8, 5, 8, 9, 8, 9, 9, 9, 5, 9, 9, 5, 7, 6, 8, 8, 7, 5, 7, 9, 8, 8, 9, 9, 8, 7, 7, 8, 5, 8, 6, 8, 5, 6, 9, 7, 5, 9, 6, 9, 7, 6, 5, 9, 9, 7, 7, 9], [9, 7, 6, 9, 9, 8, 5, 6, 6, 9, 9, 6, 7, 9, 8, 8, 9, 9, 9, 9, 5, 5, 7, 5, 8, 7, 8, 5, 5, 5, 6, 7, 7, 7, 8, 7, 6, 5, 9, 7, 7, 9, 7, 7, 7, 9, 5, 6, 7, 9], [5, 8, 8, 5, 5, 5, 8, 6, 8, 7, 9, 9, 9, 5, 9, 8, 5, 9, 9, 8, 8, 7, 6, 6, 7, 6, 7, 7, 6, 6, 8, 5, 6, 7, 6, 6, 5, 7, 5, 6, 7, 5, 9, 9, 9, 7, 9, 8, 9, 5], [7, 5, 5, 7, 8, 5, 5, 8, 5, 8, 9, 6, 8, 6, 8, 6, 9, 5, 6, 7, 6, 5, 6, 6, 8, 5, 5, 6, 5, 9, 6, 8, 6, 8, 6, 6, 8, 9, 7, 6, 7, 5, 9, 8, 7, 7, 7, 5, 7, 5], [5, 6, 8, 9, 5, 7, 7, 8, 9, 6, 5, 7, 7, 9, 8, 8, 8, 9, 5, 9, 5, 5, 6, 8, 5, 7, 9, 8, 5, 7, 6, 6, 8, 9, 7, 9, 8, 8, 9, 9, 9, 9, 7, 8, 8, 9, 8, 7, 7, 5], [5, 6, 5, 6, 6, 7, 6, 8, 6, 6, 9, 7, 7, 7, 5, 8, 5, 6, 9, 6, 7, 8, 9, 7, 5, 8, 8, 9, 5, 7, 5, 7, 5, 7, 6, 6, 5, 9, 5, 6, 7, 8, 8, 6, 5, 7, 8, 9, 8, 7], [7, 5, 9, 6, 6, 6, 9, 9, 7, 6, 6, 9, 6, 7, 8, 8, 9, 8, 8, 9, 8, 9, 8, 7, 8, 5, 9, 6, 7, 6, 5, 8, 7, 6, 6, 7, 8, 8, 8, 6, 9, 9, 8, 5, 8, 5, 7, 8, 6, 6], [6, 7, 7, 9, 8, 9, 7, 6, 7, 7, 9, 8, 5, 5, 5, 7, 8, 6, 5, 5, 7, 7, 6, 6, 6, 8, 5, 6, 5, 6, 9, 8, 7, 5, 8, 8, 9, 9, 7, 7, 6, 5, 7, 5, 8, 9, 6, 9, 9, 7], [7, 9, 7, 6, 7, 7, 7, 7, 6, 7, 6, 6, 9, 8, 6, 6, 5, 9, 9, 9, 5, 8, 5, 6, 9, 8, 9, 8, 6, 8, 6, 8, 9, 8, 9, 8, 9, 5, 6, 9, 6, 5, 7, 8, 9, 5, 5, 7, 5, 8], [6, 9, 7, 9, 6, 5, 5, 7, 9, 6, 6, 9, 8, 7, 6, 5, 5, 5, 5, 5, 7, 7, 9, 7, 6, 9, 9, 9, 7, 7, 5, 7, 7, 7, 5, 7, 6, 8, 8, 7, 7, 9, 6, 7, 6, 9, 8, 8, 9, 5], [7, 8, 7, 9, 6, 9, 5, 8, 6, 5, 9, 5, 9, 7, 7, 7, 5, 5, 5, 9, 9, 6, 9, 5, 6, 6, 8, 9, 7, 5, 5, 5, 6, 9, 5, 5, 8, 6, 9, 9, 9, 5, 8, 9, 7, 5, 9, 9, 7, 9], [7, 9, 5, 7, 9, 7, 8, 8, 9, 9, 8, 8, 6, 7, 7, 8, 7, 5, 8, 5, 7, 7, 7, 5, 7, 8, 5, 7, 5, 7, 9, 8, 8, 7, 7, 5, 6, 7, 9, 7, 9, 8, 7, 7, 5, 6, 8, 6, 5, 7], [6, 9, 9, 8, 9, 6, 7, 9, 8, 7, 8, 6, 8, 9, 9, 7, 5, 9, 7, 9, 8, 9, 7, 9, 6, 5, 9, 9, 7, 8, 9, 7, 6, 5, 9, 6, 9, 9, 8, 8, 8, 9, 8, 8, 5, 6, 7, 7, 5, 5], [5, 8, 6, 9, 8, 7, 8, 5, 9, 6, 9, 6, 6, 5, 9, 7, 7, 6, 6, 9, 5, 9, 9, 6, 5, 8, 9, 8, 9, 8, 9, 5, 8, 7, 9, 9, 8, 9, 6, 6, 6, 7, 6, 6, 9, 5, 8, 6, 8, 6]]
Demand for each product in each period d: 
[[41, 5, 17, 11, 17, 40, 11, 30, 18, 38, 19, 28, 12, 39, 20, 26, 6, 15, 7, 23, 8, 0, 34, 49, 0, 5, 22, 38, 40, 4, 11, 39, 32, 2, 49, 43, 42, 16, 6, 17, 22, 33, 13, 46, 7, 41, 11, 24, 43, 32], [10, 12, 26, 35, 40, 12, 22, 5, 37, 49, 11, 40, 17, 19, 3, 5, 18, 23, 36, 22, 38, 16, 13, 1, 43, 18, 42, 15, 31, 14, 38, 10, 25, 25, 37, 42, 41, 11, 35, 25, 1, 26, 19, 9, 0, 20, 1, 42, 42, 3], [46, 13, 39, 43, 18, 12, 36, 43, 29, 15, 0, 5, 33, 27, 7, 47, 0, 5, 27, 9, 15, 20, 40, 43, 6, 30, 48, 0, 1, 10, 24, 49, 24, 0, 32, 36, 8, 35, 5, 28, 35, 38, 29, 42, 39, 24, 44, 36, 13, 2], [45, 33, 24, 14, 40, 34, 47, 37, 3, 0, 19, 38, 1, 18, 21, 15, 22, 44, 7, 1, 32, 13, 11, 17, 37, 42, 43, 29, 0, 48, 33, 45, 29, 9, 35, 47, 27, 18, 32, 29, 37, 36, 29, 8, 29, 0, 25, 42, 0, 7], [13, 7, 13, 30, 34, 14, 8, 30, 39, 47, 48, 36, 30, 12, 16, 30, 0, 20, 31, 3, 3, 25, 7, 26, 37, 49, 45, 20, 29, 10, 13, 30, 38, 39, 17, 24, 9, 48, 24, 48, 39, 35, 18, 38, 35, 16, 48, 12, 40, 47], [38, 48, 27, 36, 25, 5, 0, 31, 26, 36, 35, 45, 39, 38, 41, 45, 45, 27, 46, 25, 11, 19, 37, 48, 39, 0, 2, 0, 27, 41, 26, 23, 2, 14, 44, 46, 6, 3, 37, 32, 4, 7, 34, 0, 8, 49, 43, 23, 8, 42], [0, 18, 17, 5, 27, 29, 22, 47, 13, 37, 8, 49, 2, 44, 39, 24, 40, 26, 24, 23, 2, 29, 27, 49, 23, 5, 37, 44, 7, 2, 22, 16, 17, 46, 5, 9, 21, 4, 9, 33, 31, 46, 5, 18, 2, 31, 0, 32, 17, 11], [49, 35, 30, 10, 43, 45, 26, 18, 46, 16, 41, 8, 17, 11, 32, 34, 40, 7, 14, 26, 39, 8, 11, 18, 47, 3, 45, 10, 36, 8, 6, 11, 9, 49, 45, 2, 39, 32, 25, 31, 30, 38, 18, 18, 21, 21, 4, 0, 10, 47], [11, 0, 39, 46, 9, 48, 0, 4, 26, 26, 16, 39, 0, 14, 49, 35, 35, 29, 31, 30, 29, 34, 13, 23, 31, 42, 24, 29, 14, 1, 34, 0, 37, 39, 24, 0, 30, 5, 45, 47, 36, 2, 22, 25, 34, 17, 17, 39, 2, 8], [30, 5, 42, 26, 30, 19, 22, 14, 41, 13, 43, 11, 18, 13, 0, 49, 27, 0, 13, 45, 42, 5, 15, 15, 14, 25, 0, 45, 0, 23, 39, 16, 43, 20, 7, 22, 9, 0, 20, 0, 21, 16, 14, 16, 9, 9, 44, 15, 10, 40], [14, 28, 42, 0, 21, 31, 22, 1, 23, 36, 49, 0, 36, 46, 7, 49, 11, 4, 20, 22, 29, 33, 42, 37, 28, 13, 35, 9, 12, 24, 25, 33, 20, 21, 21, 34, 42, 23, 13, 6, 26, 23, 47, 4, 5, 0, 20, 48, 2, 20], [2, 0, 12, 44, 10, 35, 3, 7, 22, 34, 42, 40, 0, 12, 18, 9, 0, 13, 0, 0, 15, 0, 29, 22, 5, 46, 12, 38, 42, 39, 13, 25, 4, 40, 29, 24, 13, 2, 41, 31, 5, 0, 19, 24, 3, 27, 1, 8, 5, 28], [25, 31, 2, 7, 43, 14, 47, 48, 39, 12, 11, 32, 44, 0, 2, 31, 18, 6, 8, 27, 17, 17, 49, 44, 3, 39, 12, 31, 34, 30, 37, 30, 48, 41, 41, 15, 4, 3, 17, 7, 9, 12, 39, 33, 39, 37, 39, 41, 35, 9], [5, 34, 4, 29, 26, 45, 21, 0, 2, 29, 6, 12, 0, 48, 1, 19, 11, 49, 43, 25, 33, 7, 3, 19, 48, 9, 14, 0, 14, 36, 32, 22, 5, 46, 0, 27, 37, 32, 40, 40, 5, 36, 37, 29, 8, 46, 37, 12, 16, 6], [25, 46, 28, 41, 41, 36, 19, 23, 13, 37, 41, 25, 17, 43, 38, 20, 37, 36, 21, 16, 0, 21, 39, 15, 13, 27, 43, 21, 35, 29, 35, 36, 23, 30, 41, 13, 19, 16, 37, 18, 7, 32, 4, 37, 36, 31, 25, 14, 17, 14], [29, 49, 42, 36, 32, 0, 37, 26, 0, 2, 12, 9, 40, 12, 10, 14, 49, 40, 23, 18, 46, 39, 18, 2, 45, 3, 13, 23, 29, 33, 23, 7, 4, 4, 9, 33, 16, 1, 14, 29, 12, 25, 27, 35, 30, 37, 42, 27, 30, 49], [26, 41, 45, 5, 27, 7, 38, 21, 1, 35, 3, 42, 12, 24, 39, 1, 36, 13, 0, 42, 35, 40, 25, 12, 40, 38, 12, 8, 20, 14, 1, 27, 10, 23, 49, 25, 34, 31, 1, 25, 0, 34, 5, 35, 8, 25, 43, 29, 9, 21], [6, 7, 49, 10, 26, 15, 35, 28, 16, 34, 37, 23, 47, 16, 11, 16, 17, 15, 0, 36, 44, 8, 39, 10, 36, 29, 21, 4, 3, 39, 23, 0, 0, 0, 28, 48, 44, 28, 35, 24, 27, 0, 9, 0, 43, 14, 0, 38, 4, 9], [37, 6, 39, 16, 0, 47, 1, 0, 37, 37, 43, 8, 37, 24, 48, 25, 0, 40, 30, 36, 1, 43, 0, 32, 15, 17, 48, 4, 48, 22, 16, 19, 22, 17, 1, 45, 26, 0, 7, 44, 36, 23, 39, 8, 4, 4, 42, 27, 0, 32], [24, 34, 28, 43, 28, 15, 48, 0, 20, 11, 17, 30, 48, 45, 27, 35, 8, 30, 40, 25, 2, 24, 39, 40, 38, 3, 12, 13, 39, 33, 21, 11, 7, 41, 13, 39, 10, 34, 33, 37, 21, 19, 36, 20, 44, 17, 10, 43, 16, 25], [14, 6, 49, 47, 4, 45, 28, 31, 46, 38, 36, 43, 4, 36, 16, 20, 39, 36, 28, 44, 29, 35, 7, 42, 35, 13, 49, 1, 9, 21, 31, 35, 44, 47, 43, 0, 39, 24, 23, 15, 3, 0, 13, 35, 9, 45, 0, 43, 32, 45], [24, 13, 1, 32, 46, 5, 10, 47, 29, 46, 0, 22, 30, 37, 19, 33, 17, 27, 48, 8, 29, 6, 43, 10, 18, 16, 16, 13, 45, 35, 0, 10, 0, 37, 30, 49, 48, 24, 43, 17, 27, 17, 8, 17, 0, 39, 6, 6, 6, 14], [48, 18, 18, 9, 46, 37, 37, 10, 7, 37, 6, 48, 12, 25, 0, 12, 48, 25, 44, 43, 48, 7, 0, 0, 32, 26, 44, 47, 21, 38, 41, 16, 45, 1, 14, 29, 37, 15, 40, 7, 0, 38, 0, 38, 5, 35, 28, 41, 10, 8], [47, 22, 0, 11, 0, 0, 37, 46, 35, 46, 9, 39, 15, 0, 4, 0, 36, 17, 15, 47, 46, 31, 28, 48, 0, 31, 22, 28, 17, 49, 29, 42, 46, 41, 38, 34, 23, 4, 27, 21, 27, 23, 8, 33, 12, 26, 9, 0, 44, 29], [4, 2, 3, 42, 21, 13, 20, 46, 18, 46, 8, 24, 16, 0, 24, 3, 32, 8, 5, 26, 26, 42, 41, 32, 41, 25, 46, 9, 9, 20, 3, 47, 31, 39, 17, 14, 0, 49, 44, 45, 20, 16, 2, 0, 41, 13, 47, 42, 4, 0], [0, 45, 38, 7, 15, 0, 9, 1, 0, 9, 22, 16, 7, 37, 28, 41, 14, 40, 22, 11, 0, 19, 11, 26, 25, 36, 2, 37, 23, 7, 39, 41, 49, 1, 8, 47, 0, 33, 17, 6, 8, 3, 20, 46, 37, 14, 48, 32, 12, 49], [29, 24, 15, 23, 12, 0, 31, 8, 40, 30, 46, 35, 35, 20, 2, 18, 1, 43, 11, 34, 44, 6, 25, 13, 32, 46, 7, 39, 42, 39, 37, 49, 5, 25, 2, 33, 40, 43, 17, 2, 41, 24, 25, 0, 32, 2, 27, 46, 27, 43], [34, 34, 44, 21, 19, 25, 35, 15, 14, 36, 22, 29, 15, 37, 20, 44, 14, 0, 40, 30, 25, 31, 44, 21, 0, 49, 25, 29, 42, 18, 28, 11, 19, 12, 46, 18, 45, 17, 21, 46, 27, 0, 42, 45, 25, 35, 47, 5, 45, 28], [31, 8, 9, 12, 17, 0, 12, 43, 21, 1, 18, 46, 40, 13, 13, 10, 23, 15, 30, 16, 15, 29, 33, 48, 47, 11, 14, 39, 35, 8, 29, 0, 11, 13, 10, 33, 29, 15, 43, 49, 0, 31, 47, 49, 29, 0, 36, 2, 17, 33], [5, 31, 49, 2, 26, 36, 29, 0, 10, 44, 0, 5, 18, 35, 48, 0, 42, 9, 22, 0, 39, 17, 25, 16, 37, 0, 47, 7, 25, 15, 39, 15, 29, 11, 33, 1, 35, 17, 46, 0, 4, 14, 49, 17, 44, 2, 15, 2, 0, 16], [21, 26, 9, 11, 36, 46, 19, 27, 2, 1, 35, 37, 29, 40, 17, 18, 12, 25, 17, 0, 3, 4, 7, 33, 18, 0, 16, 0, 16, 0, 38, 47, 13, 48, 31, 34, 45, 40, 26, 3, 49, 21, 4, 11, 10, 37, 39, 26, 35, 37], [10, 8, 16, 39, 48, 30, 35, 34, 11, 16, 40, 1, 0, 4, 44, 25, 2, 18, 24, 46, 6, 41, 9, 12, 9, 49, 25, 7, 28, 1, 0, 8, 18, 15, 0, 19, 12, 36, 20, 32, 34, 2, 20, 2, 3, 31, 29, 11, 4, 13], [38, 2, 19, 44, 20, 20, 19, 34, 24, 38, 26, 13, 0, 17, 43, 8, 19, 0, 34, 0, 34, 3, 1, 37, 38, 45, 32, 25, 26, 27, 19, 7, 14, 21, 0, 38, 31, 20, 4, 49, 13, 20, 5, 1, 30, 46, 24, 25, 15, 30], [32, 19, 45, 0, 20, 10, 21, 33, 28, 8, 21, 13, 18, 15, 16, 32, 9, 15, 11, 15, 44, 16, 0, 41, 47, 43, 23, 0, 13, 14, 42, 42, 40, 3, 28, 39, 21, 12, 29, 41, 1, 21, 29, 38, 5, 36, 1, 25, 3, 2], [0, 26, 41, 31, 26, 40, 47, 28, 32, 30, 19, 26, 0, 34, 0, 42, 16, 27, 25, 3, 8, 35, 0, 29, 25, 0, 46, 8, 1, 43, 34, 37, 36, 14, 20, 8, 6, 33, 26, 37, 23, 33, 24, 35, 20, 31, 24, 22, 16, 45], [14, 46, 23, 11, 34, 36, 20, 3, 1, 31, 41, 3, 17, 25, 34, 0, 30, 26, 46, 17, 32, 5, 31, 46, 9, 31, 10, 0, 35, 1, 41, 23, 28, 21, 16, 32, 36, 41, 31, 43, 7, 32, 44, 49, 43, 46, 29, 32, 25, 5], [36, 5, 20, 46, 4, 44, 45, 11, 38, 10, 16, 24, 22, 31, 47, 7, 49, 21, 18, 22, 6, 49, 20, 35, 0, 38, 27, 29, 10, 42, 24, 22, 15, 1, 30, 40, 25, 46, 5, 8, 43, 22, 6, 19, 44, 38, 13, 12, 20, 12], [10, 9, 0, 1, 10, 14, 3, 20, 38, 12, 23, 15, 0, 17, 14, 13, 40, 28, 22, 10, 31, 43, 6, 4, 10, 46, 31, 42, 36, 46, 27, 37, 38, 40, 36, 47, 2, 12, 9, 23, 0, 18, 9, 32, 6, 0, 10, 29, 6, 3], [13, 44, 34, 15, 27, 6, 48, 34, 5, 29, 47, 31, 37, 43, 35, 38, 23, 46, 33, 37, 7, 3, 28, 17, 0, 36, 32, 0, 11, 12, 21, 16, 29, 14, 26, 3, 19, 1, 35, 0, 45, 42, 3, 0, 0, 29, 5, 10, 37, 11], [0, 46, 10, 36, 47, 47, 14, 22, 45, 21, 22, 9, 5, 0, 27, 0, 6, 29, 8, 37, 33, 20, 47, 10, 35, 7, 3, 39, 0, 11, 48, 10, 0, 4, 31, 0, 32, 40, 45, 0, 6, 24, 0, 10, 41, 47, 17, 46, 35, 40], [26, 25, 20, 12, 20, 14, 25, 35, 37, 0, 45, 7, 24, 38, 42, 14, 0, 42, 24, 36, 47, 17, 13, 36, 36, 40, 4, 46, 12, 37, 26, 41, 48, 45, 37, 47, 44, 9, 2, 47, 24, 0, 23, 23, 43, 23, 10, 40, 2, 6], [2, 46, 48, 13, 44, 35, 0, 16, 48, 42, 21, 31, 0, 0, 24, 2, 38, 28, 17, 26, 44, 24, 16, 4, 2, 14, 24, 12, 35, 29, 14, 1, 40, 11, 0, 22, 12, 0, 33, 33, 21, 11, 35, 36, 39, 14, 12, 24, 23, 13], [0, 34, 48, 8, 18, 5, 43, 44, 29, 46, 23, 20, 22, 24, 3, 1, 45, 33, 18, 9, 13, 4, 13, 7, 11, 0, 41, 26, 39, 18, 10, 12, 24, 20, 4, 34, 12, 39, 24, 49, 17, 5, 37, 12, 38, 29, 14, 18, 0, 37], [8, 31, 15, 12, 18, 13, 4, 7, 6, 19, 45, 12, 20, 42, 21, 48, 5, 41, 11, 25, 20, 4, 27, 1, 0, 38, 38, 6, 6, 41, 34, 47, 41, 42, 42, 26, 10, 13, 22, 13, 7, 0, 26, 19, 27, 0, 19, 46, 46, 34], [24, 9, 46, 46, 43, 49, 21, 21, 13, 6, 25, 31, 39, 42, 31, 44, 10, 16, 37, 1, 36, 10, 27, 44, 45, 42, 36, 42, 13, 44, 16, 23, 21, 12, 32, 8, 23, 0, 33, 42, 32, 25, 25, 8, 41, 2, 16, 38, 31, 48], [41, 7, 3, 32, 31, 21, 20, 45, 36, 8, 3, 1, 7, 40, 3, 21, 36, 6, 18, 20, 22, 32, 37, 46, 29, 0, 31, 48, 25, 47, 14, 0, 0, 41, 8, 33, 2, 2, 5, 29, 20, 26, 29, 6, 36, 35, 33, 16, 3, 13], [2, 0, 29, 0, 17, 7, 42, 8, 25, 9, 0, 22, 26, 26, 41, 0, 28, 18, 42, 10, 48, 20, 9, 49, 15, 3, 19, 26, 24, 34, 0, 0, 20, 14, 2, 9, 44, 30, 47, 18, 18, 6, 3, 24, 8, 34, 7, 18, 12, 46], [18, 26, 16, 46, 11, 1, 11, 1, 45, 35, 15, 9, 15, 8, 11, 17, 47, 36, 13, 26, 38, 42, 22, 14, 42, 9, 5, 26, 8, 22, 16, 1, 21, 48, 9, 31, 30, 21, 35, 14, 20, 0, 44, 45, 36, 22, 47, 4, 20, 2], [21, 47, 38, 15, 44, 23, 20, 35, 47, 44, 21, 42, 14, 39, 11, 13, 41, 3, 26, 48, 2, 36, 0, 12, 14, 28, 25, 35, 14, 26, 22, 10, 5, 25, 30, 39, 49, 20, 32, 32, 49, 17, 17, 0, 47, 0, 11, 1, 8, 25], [23, 12, 48, 39, 0, 0, 36, 31, 46, 6, 40, 25, 23, 38, 27, 44, 39, 26, 17, 41, 38, 3, 5, 0, 42, 46, 0, 32, 8, 43, 31, 5, 4, 4, 34, 31, 0, 31, 31, 49, 4, 1, 40, 45, 45, 45, 35, 46, 18, 43], [7, 22, 3, 46, 31, 24, 16, 17, 9, 46, 29, 2, 20, 31, 42, 10, 30, 29, 9, 35, 20, 25, 28, 20, 15, 4, 35, 7, 32, 10, 26, 40, 16, 17, 18, 1, 3, 31, 44, 18, 0, 32, 14, 2, 21, 14, 37, 7, 0, 21], [21, 17, 9, 35, 18, 7, 2, 18, 29, 9, 6, 43, 46, 48, 0, 0, 32, 5, 39, 17, 31, 2, 27, 42, 17, 9, 5, 37, 15, 26, 1, 21, 42, 1, 23, 13, 13, 18, 18, 48, 43, 31, 42, 9, 42, 25, 2, 22, 43, 20], [22, 37, 42, 12, 3, 20, 17, 21, 48, 37, 31, 29, 0, 40, 29, 46, 13, 0, 34, 13, 39, 41, 20, 6, 25, 0, 0, 17, 0, 37, 43, 12, 4, 0, 32, 13, 38, 32, 38, 0, 45, 22, 34, 19, 0, 28, 46, 32, 2, 14], [29, 1, 39, 19, 27, 24, 2, 29, 47, 10, 37, 41, 39, 47, 47, 1, 0, 9, 34, 14, 26, 37, 42, 20, 48, 9, 8, 14, 47, 3, 8, 40, 0, 17, 25, 31, 8, 43, 8, 42, 17, 3, 15, 46, 0, 36, 35, 5, 31, 40], [13, 21, 5, 35, 28, 47, 30, 9, 30, 33, 0, 40, 3, 27, 0, 6, 33, 46, 46, 14, 41, 37, 46, 14, 10, 16, 2, 33, 3, 20, 45, 9, 21, 38, 8, 10, 1, 1, 20, 43, 19, 19, 4, 41, 1, 35, 2, 31, 44, 26], [4, 20, 31, 13, 36, 12, 35, 47, 45, 17, 35, 12, 24, 35, 17, 46, 14, 17, 47, 0, 26, 49, 2, 47, 9, 19, 28, 23, 13, 36, 41, 16, 1, 36, 14, 43, 30, 43, 41, 43, 15, 32, 24, 32, 36, 9, 5, 0, 12, 14], [17, 0, 26, 15, 24, 3, 42, 0, 1, 11, 27, 6, 5, 18, 45, 0, 27, 12, 43, 13, 30, 11, 0, 29, 0, 28, 23, 19, 39, 21, 34, 17, 28, 29, 35, 0, 32, 22, 4, 30, 12, 9, 42, 43, 44, 3, 24, 45, 48, 21], [0, 29, 35, 24, 40, 8, 47, 37, 15, 15, 24, 35, 31, 41, 0, 0, 41, 22, 0, 43, 6, 21, 42, 36, 32, 44, 0, 47, 0, 14, 6, 33, 33, 31, 25, 7, 36, 9, 29, 33, 42, 19, 5, 29, 37, 29, 4, 0, 22, 3], [42, 35, 34, 0, 0, 4, 43, 44, 36, 28, 18, 40, 19, 33, 43, 5, 5, 47, 17, 39, 37, 26, 30, 45, 35, 17, 42, 32, 40, 29, 37, 31, 46, 26, 38, 43, 0, 28, 43, 1, 30, 42, 44, 29, 21, 6, 49, 31, 33, 41], [21, 32, 25, 41, 0, 23, 43, 35, 36, 0, 12, 15, 1, 19, 6, 49, 21, 47, 0, 27, 32, 20, 2, 0, 49, 32, 46, 37, 3, 15, 0, 0, 25, 32, 13, 25, 31, 39, 49, 17, 5, 9, 24, 38, 4, 49, 2, 10, 42, 2], [0, 3, 14, 49, 0, 8, 38, 29, 21, 27, 45, 32, 49, 31, 48, 16, 47, 37, 4, 20, 45, 43, 45, 0, 30, 28, 30, 7, 49, 48, 5, 0, 28, 9, 22, 37, 28, 40, 36, 19, 22, 21, 13, 14, 0, 17, 1, 43, 29, 16], [30, 12, 16, 7, 1, 40, 32, 17, 27, 0, 33, 21, 9, 40, 35, 24, 49, 6, 0, 40, 4, 26, 41, 9, 20, 20, 8, 0, 28, 18, 8, 5, 18, 42, 43, 18, 33, 38, 15, 2, 9, 34, 24, 12, 25, 19, 36, 19, 28, 2], [1, 22, 8, 12, 12, 34, 22, 16, 34, 29, 30, 39, 34, 1, 7, 15, 1, 39, 43, 46, 36, 16, 49, 30, 32, 10, 0, 15, 8, 5, 18, 47, 6, 48, 27, 5, 48, 18, 27, 36, 44, 40, 31, 4, 13, 14, 19, 7, 37, 0], [43, 33, 0, 31, 6, 21, 33, 27, 13, 0, 46, 7, 48, 0, 46, 36, 15, 30, 44, 49, 1, 40, 0, 20, 37, 0, 17, 19, 12, 9, 41, 31, 17, 21, 18, 44, 20, 2, 4, 17, 31, 26, 24, 5, 4, 29, 10, 49, 11, 2], [3, 46, 32, 25, 11, 2, 16, 34, 9, 38, 31, 34, 7, 16, 23, 12, 35, 9, 34, 18, 0, 31, 26, 24, 49, 49, 9, 4, 27, 28, 0, 10, 32, 40, 24, 48, 42, 31, 10, 39, 33, 23, 3, 24, 16, 33, 15, 38, 46, 21], [33, 3, 15, 37, 23, 7, 20, 20, 46, 43, 47, 28, 40, 9, 36, 14, 48, 15, 47, 41, 20, 25, 41, 27, 10, 20, 19, 4, 0, 36, 9, 1, 29, 48, 21, 5, 24, 46, 38, 4, 13, 47, 25, 16, 28, 37, 23, 10, 31, 8], [28, 41, 30, 1, 3, 37, 22, 26, 22, 4, 30, 27, 0, 14, 0, 21, 27, 13, 42, 27, 13, 5, 24, 4, 24, 19, 35, 49, 4, 10, 46, 9, 38, 25, 49, 40, 27, 9, 0, 40, 0, 0, 6, 30, 43, 37, 49, 14, 0, 42], [27, 44, 46, 5, 2, 28, 27, 43, 6, 25, 37, 48, 42, 38, 11, 19, 39, 41, 47, 39, 32, 25, 0, 12, 17, 36, 17, 24, 31, 35, 42, 46, 11, 38, 27, 16, 10, 25, 39, 33, 25, 4, 25, 40, 42, 13, 9, 44, 19, 7], [3, 48, 30, 13, 39, 46, 4, 0, 1, 45, 10, 37, 8, 14, 37, 22, 30, 48, 5, 45, 15, 24, 46, 12, 45, 0, 42, 43, 44, 12, 17, 34, 16, 11, 33, 1, 46, 15, 40, 41, 46, 2, 12, 48, 48, 0, 11, 33, 22, 45], [0, 17, 43, 30, 4, 7, 32, 18, 14, 4, 34, 46, 43, 36, 34, 10, 0, 1, 0, 12, 4, 34, 37, 0, 8, 27, 19, 45, 6, 18, 24, 44, 2, 20, 44, 4, 32, 38, 22, 12, 42, 21, 25, 5, 22, 17, 9, 0, 18, 2], [31, 35, 46, 18, 13, 24, 27, 45, 25, 30, 15, 25, 32, 28, 13, 16, 45, 28, 7, 29, 14, 27, 0, 14, 4, 16, 25, 25, 47, 13, 37, 10, 38, 30, 45, 1, 40, 35, 42, 14, 18, 0, 35, 42, 32, 33, 45, 6, 27, 12], [3, 16, 7, 35, 10, 1, 44, 37, 10, 17, 8, 0, 11, 27, 0, 37, 23, 41, 19, 45, 6, 40, 47, 3, 22, 47, 41, 49, 32, 27, 1, 48, 13, 49, 24, 0, 36, 22, 33, 49, 19, 29, 10, 4, 3, 31, 30, 19, 46, 7], [18, 12, 20, 32, 2, 27, 14, 9, 13, 10, 38, 3, 2, 0, 11, 25, 7, 11, 15, 33, 17, 24, 17, 28, 44, 20, 10, 40, 36, 2, 12, 8, 26, 24, 4, 30, 29, 29, 28, 40, 11, 32, 42, 35, 13, 0, 9, 35, 9, 27], [0, 0, 24, 14, 0, 36, 30, 44, 16, 28, 6, 1, 28, 33, 30, 36, 27, 34, 18, 49, 49, 49, 15, 12, 7, 10, 12, 43, 18, 37, 0, 44, 33, 48, 18, 11, 20, 20, 5, 0, 37, 40, 13, 25, 17, 11, 20, 20, 40, 23], [41, 15, 49, 31, 9, 33, 35, 16, 30, 43, 38, 15, 26, 1, 29, 36, 36, 33, 22, 19, 43, 21, 39, 43, 13, 31, 34, 40, 29, 1, 8, 16, 0, 4, 49, 2, 15, 44, 43, 3, 17, 33, 6, 17, 35, 7, 31, 25, 32, 11], [16, 23, 0, 31, 0, 25, 33, 7, 14, 33, 6, 36, 34, 5, 1, 25, 28, 15, 47, 20, 0, 10, 0, 18, 32, 11, 38, 19, 38, 45, 36, 44, 16, 41, 33, 14, 23, 15, 15, 11, 7, 10, 29, 44, 28, 25, 1, 0, 0, 39], [26, 23, 43, 42, 4, 41, 0, 34, 3, 19, 12, 0, 3, 28, 48, 39, 16, 6, 15, 4, 48, 43, 19, 46, 10, 24, 27, 9, 23, 18, 45, 41, 22, 10, 7, 9, 0, 15, 33, 29, 44, 33, 7, 28, 46, 43, 39, 0, 15, 8], [3, 7, 36, 6, 12, 7, 34, 0, 44, 41, 29, 24, 16, 15, 41, 36, 35, 21, 0, 11, 24, 36, 0, 9, 41, 41, 13, 46, 36, 48, 28, 37, 21, 30, 19, 11, 31, 29, 7, 47, 38, 22, 2, 37, 0, 19, 48, 35, 43, 10], [44, 10, 0, 9, 18, 20, 47, 45, 36, 38, 27, 39, 49, 18, 21, 25, 8, 2, 4, 27, 3, 22, 15, 34, 33, 4, 18, 38, 12, 41, 18, 12, 35, 48, 49, 29, 0, 23, 5, 29, 48, 27, 0, 25, 49, 42, 10, 3, 17, 34], [18, 40, 11, 0, 4, 33, 18, 9, 49, 31, 20, 28, 40, 0, 22, 4, 2, 42, 0, 0, 6, 2, 22, 18, 15, 9, 38, 20, 10, 28, 23, 23, 1, 44, 8, 35, 29, 39, 29, 29, 43, 24, 8, 12, 38, 36, 7, 34, 47, 37], [43, 17, 20, 44, 23, 31, 13, 33, 34, 9, 35, 46, 19, 45, 38, 48, 0, 48, 35, 0, 23, 0, 43, 5, 12, 30, 48, 8, 49, 26, 24, 31, 11, 13, 0, 40, 3, 35, 48, 0, 4, 42, 0, 10, 5, 18, 42, 48, 0, 27], [33, 12, 0, 16, 10, 5, 39, 13, 44, 9, 21, 11, 35, 38, 14, 29, 39, 20, 4, 48, 35, 40, 22, 39, 40, 25, 32, 11, 16, 13, 18, 45, 2, 37, 25, 2, 36, 25, 1, 34, 11, 24, 20, 16, 42, 7, 6, 34, 4, 25], [44, 0, 32, 9, 36, 32, 5, 25, 3, 17, 23, 19, 48, 44, 7, 8, 2, 15, 0, 30, 18, 20, 42, 21, 17, 19, 5, 27, 27, 5, 38, 4, 46, 26, 40, 17, 33, 34, 25, 29, 16, 0, 14, 20, 1, 25, 40, 22, 32, 28], [4, 8, 39, 0, 17, 21, 0, 6, 26, 38, 39, 12, 33, 25, 29, 22, 44, 3, 22, 47, 27, 10, 29, 3, 39, 47, 22, 11, 23, 0, 23, 3, 42, 46, 44, 12, 15, 23, 30, 47, 32, 0, 0, 49, 9, 30, 6, 10, 40, 17], [15, 31, 40, 5, 16, 0, 39, 24, 29, 48, 5, 24, 0, 46, 4, 48, 43, 37, 49, 1, 34, 6, 37, 46, 5, 0, 25, 20, 17, 8, 41, 44, 13, 7, 2, 42, 20, 34, 32, 28, 1, 6, 12, 7, 28, 46, 47, 18, 20, 22], [21, 42, 5, 16, 47, 29, 19, 41, 22, 34, 0, 49, 42, 20, 45, 42, 0, 9, 17, 16, 12, 35, 23, 18, 27, 8, 4, 42, 33, 48, 38, 38, 43, 13, 35, 0, 25, 0, 30, 21, 41, 29, 5, 40, 27, 18, 42, 3, 22, 41], [44, 16, 43, 10, 20, 47, 4, 17, 3, 29, 1, 32, 40, 42, 0, 15, 12, 10, 7, 41, 48, 25, 4, 47, 46, 0, 23, 12, 47, 2, 17, 15, 5, 17, 3, 24, 46, 13, 19, 19, 11, 39, 36, 47, 41, 13, 6, 17, 1, 8], [37, 40, 33, 48, 13, 20, 32, 46, 19, 29, 22, 19, 8, 5, 12, 0, 44, 49, 36, 29, 38, 22, 40, 22, 26, 28, 23, 22, 19, 2, 9, 12, 25, 42, 0, 43, 28, 5, 6, 25, 46, 17, 0, 26, 21, 27, 27, 37, 22, 14], [42, 44, 43, 39, 33, 9, 4, 39, 48, 14, 26, 44, 29, 23, 5, 46, 38, 21, 44, 47, 4, 0, 8, 3, 1, 4, 2, 49, 45, 42, 27, 28, 0, 2, 29, 20, 12, 0, 14, 25, 8, 9, 49, 16, 20, 10, 31, 1, 37, 0], [14, 26, 37, 41, 23, 47, 20, 27, 42, 39, 27, 17, 5, 12, 40, 40, 38, 30, 11, 45, 10, 10, 3, 41, 14, 14, 10, 19, 0, 44, 32, 26, 0, 32, 37, 18, 9, 25, 49, 34, 23, 7, 48, 21, 31, 26, 20, 41, 8, 37], [14, 18, 21, 23, 39, 8, 33, 6, 4, 27, 46, 16, 4, 25, 33, 16, 43, 3, 49, 2, 20, 8, 36, 40, 48, 22, 25, 11, 4, 36, 31, 27, 35, 11, 38, 21, 40, 40, 3, 5, 0, 0, 32, 25, 40, 37, 26, 21, 32, 6], [8, 38, 48, 8, 26, 26, 26, 6, 37, 35, 12, 19, 5, 29, 35, 12, 34, 24, 6, 38, 11, 12, 20, 49, 0, 18, 17, 48, 36, 31, 35, 4, 37, 24, 41, 49, 29, 14, 5, 46, 38, 48, 9, 33, 43, 30, 37, 43, 6, 18], [20, 47, 23, 22, 42, 28, 44, 6, 28, 23, 20, 7, 1, 49, 19, 44, 9, 40, 48, 24, 46, 42, 21, 3, 38, 22, 13, 45, 8, 42, 0, 31, 31, 5, 22, 37, 37, 14, 32, 12, 18, 7, 25, 44, 19, 28, 26, 0, 9, 23], [1, 5, 30, 34, 41, 13, 1, 31, 5, 26, 25, 21, 0, 6, 18, 13, 46, 31, 6, 1, 31, 0, 35, 12, 13, 15, 49, 17, 12, 5, 39, 0, 27, 11, 15, 17, 5, 21, 9, 6, 23, 2, 31, 22, 48, 21, 7, 37, 45, 3], [39, 17, 31, 32, 17, 5, 17, 46, 2, 18, 25, 0, 2, 32, 36, 20, 3, 14, 38, 10, 25, 30, 3, 27, 37, 40, 34, 45, 21, 44, 43, 49, 3, 48, 45, 17, 43, 47, 6, 42, 21, 25, 10, 39, 43, 20, 46, 7, 44, 34], [12, 38, 35, 9, 24, 30, 45, 18, 37, 25, 34, 33, 21, 49, 2, 24, 11, 49, 0, 34, 11, 6, 8, 0, 34, 11, 47, 17, 0, 0, 26, 4, 22, 2, 26, 0, 26, 2, 20, 32, 0, 1, 39, 5, 21, 35, 28, 4, 11, 19], [36, 35, 5, 34, 39, 24, 16, 20, 30, 12, 0, 12, 0, 8, 7, 28, 21, 48, 18, 27, 40, 13, 27, 28, 13, 31, 45, 44, 35, 5, 16, 14, 39, 43, 37, 2, 44, 38, 0, 18, 17, 0, 2, 8, 9, 35, 49, 35, 45, 34], [20, 42, 0, 36, 19, 2, 0, 45, 30, 37, 41, 30, 35, 44, 35, 21, 20, 29, 27, 9, 12, 4, 38, 39, 36, 49, 1, 18, 43, 48, 18, 41, 15, 23, 5, 30, 27, 14, 22, 6, 39, 18, 30, 48, 6, 41, 16, 17, 9, 30], [26, 15, 3, 45, 34, 24, 33, 13, 17, 11, 35, 7, 6, 20, 29, 22, 12, 42, 1, 12, 1, 21, 16, 27, 30, 30, 25, 7, 11, 36, 43, 20, 36, 39, 28, 33, 20, 0, 34, 5, 42, 41, 47, 0, 40, 31, 6, 16, 35, 25], [32, 41, 44, 43, 16, 31, 9, 45, 15, 41, 45, 35, 0, 0, 13, 38, 44, 10, 42, 11, 29, 46, 45, 28, 45, 36, 26, 33, 41, 35, 25, 6, 45, 31, 48, 5, 0, 41, 8, 6, 21, 9, 45, 24, 6, 18, 10, 0, 28, 0], [9, 28, 37, 3, 29, 31, 34, 24, 40, 17, 28, 27, 37, 49, 6, 39, 29, 48, 31, 42, 26, 38, 33, 42, 23, 33, 15, 19, 42, 30, 28, 24, 48, 7, 48, 23, 5, 47, 34, 45, 33, 1, 0, 28, 30, 40, 1, 0, 27, 41], [26, 25, 28, 10, 45, 22, 4, 14, 30, 7, 27, 13, 9, 35, 40, 17, 13, 49, 35, 8, 35, 24, 34, 18, 41, 45, 0, 14, 16, 13, 15, 3, 28, 1, 20, 38, 0, 15, 28, 0, 45, 11, 42, 14, 43, 30, 18, 36, 31, 12], [43, 34, 3, 7, 9, 23, 17, 37, 40, 22, 35, 36, 18, 23, 36, 32, 24, 22, 22, 36, 16, 40, 6, 30, 33, 18, 5, 42, 16, 19, 0, 35, 42, 38, 44, 10, 15, 33, 1, 21, 12, 12, 17, 15, 47, 10, 13, 32, 24, 0], [17, 42, 23, 13, 21, 0, 35, 13, 22, 34, 10, 21, 8, 13, 40, 43, 46, 27, 37, 3, 4, 17, 4, 35, 25, 19, 35, 15, 16, 33, 49, 48, 32, 7, 10, 7, 47, 0, 29, 19, 4, 26, 8, 11, 30, 40, 36, 0, 0, 45], [0, 27, 30, 0, 16, 21, 8, 34, 41, 49, 7, 2, 36, 32, 1, 1, 10, 44, 8, 34, 0, 28, 1, 20, 7, 43, 24, 49, 0, 29, 8, 10, 0, 17, 9, 0, 23, 46, 0, 19, 40, 28, 0, 27, 28, 46, 18, 47, 35, 1], [2, 42, 0, 49, 36, 20, 17, 39, 26, 32, 46, 1, 27, 0, 29, 14, 17, 18, 3, 40, 37, 1, 0, 36, 42, 16, 22, 42, 0, 17, 15, 5, 43, 2, 27, 11, 0, 4, 22, 38, 39, 0, 21, 19, 27, 38, 40, 14, 17, 24], [21, 23, 14, 42, 7, 9, 17, 0, 28, 14, 34, 10, 2, 3, 27, 44, 0, 0, 27, 3, 41, 5, 8, 0, 26, 11, 0, 29, 26, 37, 25, 16, 7, 26, 15, 0, 29, 5, 37, 14, 28, 37, 0, 0, 26, 13, 6, 30, 2, 23], [39, 40, 9, 1, 42, 24, 44, 33, 33, 0, 21, 26, 33, 26, 10, 12, 25, 36, 0, 28, 42, 6, 43, 1, 25, 16, 23, 21, 24, 37, 0, 28, 21, 43, 19, 32, 49, 39, 4, 0, 23, 33, 13, 27, 26, 37, 38, 34, 20, 41], [39, 0, 24, 10, 22, 25, 40, 0, 26, 11, 8, 31, 2, 2, 28, 48, 19, 39, 45, 45, 29, 10, 40, 22, 12, 38, 37, 0, 37, 17, 43, 13, 42, 18, 45, 18, 9, 8, 9, 18, 27, 16, 47, 0, 48, 18, 7, 30, 13, 18], [9, 42, 17, 14, 44, 23, 0, 13, 24, 4, 0, 24, 0, 37, 38, 0, 10, 46, 28, 28, 23, 41, 13, 8, 49, 46, 15, 6, 0, 44, 18, 39, 15, 41, 22, 26, 14, 2, 26, 14, 23, 31, 7, 15, 11, 17, 16, 7, 10, 11], [41, 32, 20, 24, 48, 41, 19, 20, 3, 44, 27, 17, 17, 32, 35, 0, 0, 1, 0, 0, 33, 48, 16, 28, 7, 45, 49, 40, 4, 0, 0, 32, 9, 32, 5, 27, 2, 44, 31, 26, 36, 28, 19, 29, 16, 31, 38, 43, 17, 0], [32, 0, 27, 0, 9, 4, 4, 25, 35, 16, 40, 26, 20, 10, 22, 35, 22, 32, 13, 3, 2, 7, 33, 0, 45, 39, 43, 20, 17, 29, 6, 3, 1, 33, 25, 0, 33, 21, 36, 37, 17, 41, 35, 18, 20, 0, 35, 26, 24, 44], [23, 10, 10, 26, 0, 4, 46, 11, 37, 21, 8, 24, 20, 28, 1, 11, 0, 46, 24, 42, 31, 49, 6, 36, 35, 5, 23, 16, 27, 43, 6, 39, 25, 37, 12, 14, 15, 43, 30, 37, 38, 41, 0, 0, 7, 33, 3, 23, 12, 0], [5, 41, 37, 34, 30, 47, 14, 16, 23, 21, 41, 39, 29, 41, 39, 37, 5, 46, 23, 16, 0, 8, 32, 0, 43, 6, 28, 42, 20, 24, 14, 7, 10, 46, 12, 6, 29, 13, 25, 4, 2, 48, 0, 44, 1, 29, 35, 42, 15, 34], [14, 47, 0, 16, 5, 32, 36, 45, 41, 12, 0, 28, 25, 21, 9, 42, 15, 0, 21, 28, 43, 31, 46, 41, 29, 31, 0, 17, 46, 22, 27, 12, 42, 44, 7, 47, 4, 47, 34, 12, 13, 45, 4, 16, 0, 39, 17, 9, 21, 18], [8, 20, 0, 25, 42, 5, 35, 30, 45, 0, 45, 18, 1, 3, 32, 26, 26, 47, 27, 26, 45, 36, 0, 47, 27, 0, 5, 15, 32, 12, 10, 18, 26, 4, 25, 49, 43, 35, 2, 21, 28, 7, 44, 31, 12, 44, 32, 14, 4, 45], [48, 40, 19, 22, 48, 12, 40, 30, 41, 11, 43, 39, 4, 37, 20, 0, 16, 29, 47, 13, 5, 41, 41, 5, 12, 21, 39, 4, 32, 32, 38, 49, 21, 1, 16, 32, 37, 5, 14, 34, 17, 8, 18, 8, 4, 38, 9, 16, 22, 25], [44, 2, 13, 3, 43, 4, 47, 33, 2, 36, 28, 40, 8, 38, 11, 25, 13, 45, 0, 0, 8, 9, 46, 0, 25, 48, 49, 3, 7, 32, 0, 15, 39, 2, 10, 24, 44, 24, 41, 19, 37, 17, 3, 13, 33, 3, 27, 11, 1, 32], [23, 22, 25, 43, 3, 35, 9, 46, 25, 36, 16, 46, 2, 37, 20, 37, 41, 0, 9, 26, 4, 46, 10, 13, 20, 24, 16, 6, 32, 32, 0, 44, 30, 47, 36, 36, 12, 49, 19, 31, 23, 44, 28, 14, 0, 0, 43, 37, 1, 12], [45, 29, 37, 38, 8, 14, 34, 49, 24, 49, 0, 16, 47, 7, 20, 28, 31, 40, 0, 45, 18, 17, 5, 37, 16, 17, 22, 5, 22, 0, 4, 12, 17, 15, 39, 5, 19, 0, 9, 7, 18, 49, 25, 29, 35, 12, 48, 31, 49, 37]]
Maintenance cost in each period m: 
[20530, 22283, 20762, 21690, 20391, 19040, 19803, 20013, 22129, 19790, 21967, 22317, 22103, 19639, 22715, 21318, 22189, 20463, 19848, 21432, 19661, 20908, 19048, 22145, 22228, 22340, 20014, 20237, 21965, 21127, 19296, 22128, 19477, 21468, 22348, 21192, 22460, 19156, 20715, 22728, 21743, 22301, 21169, 19344, 22137, 22865, 19940, 22990, 20191, 20680]
Maximum capacity of the machine cmax: 
5520