Set of periods in the planning horizon T: 
35
Set of products P: 
125
Capacity reduction coefficient alpha: 
0.8
Relative decrease of capacity per set up gamma: 
0.35
Capacity reduction coefficient due to product types beta: 
[0.22, 0.31, 0.21, 0.25, 0.3, 0.3, 0.31, 0.27, 0.25, 0.37, 0.36, 0.27, 0.29, 0.33, 0.4, 0.32, 0.27, 0.25, 0.35, 0.23, 0.26, 0.3, 0.22, 0.22, 0.29, 0.36, 0.33, 0.36, 0.3, 0.22, 0.36, 0.26, 0.31, 0.36, 0.22, 0.31, 0.29, 0.28, 0.25, 0.34, 0.21, 0.3, 0.37, 0.37, 0.39, 0.38, 0.29, 0.34, 0.21, 0.25, 0.39, 0.34, 0.25, 0.36, 0.37, 0.39, 0.29, 0.37, 0.24, 0.35, 0.29, 0.29, 0.21, 0.26, 0.25, 0.26, 0.28, 0.3, 0.28, 0.36, 0.21, 0.3, 0.33, 0.21, 0.28, 0.32, 0.39, 0.28, 0.24, 0.39, 0.33, 0.31, 0.37, 0.39, 0.35, 0.34, 0.34, 0.38, 0.31, 0.27, 0.31, 0.37, 0.25, 0.27, 0.36, 0.32, 0.25, 0.28, 0.27, 0.36, 0.23, 0.3, 0.22, 0.29, 0.32, 0.29, 0.3, 0.35, 0.34, 0.33, 0.28, 0.21, 0.34, 0.35, 0.33, 0.22, 0.28, 0.31, 0.31, 0.38, 0.3, 0.38, 0.26, 0.39, 0.26]
Fixed production cost of each product in each period f: 
[[561, 672, 519, 780, 874, 999, 545, 987, 995, 828, 798, 564, 717, 824, 736, 878, 781, 525, 610, 562, 666, 961, 577, 584, 894, 502, 559, 501, 521, 806, 959, 909, 836, 733, 768], [679, 675, 892, 614, 574, 566, 586, 617, 714, 895, 957, 807, 815, 540, 522, 621, 924, 596, 542, 802, 778, 752, 679, 827, 999, 703, 870, 883, 512, 569, 659, 704, 626, 658, 566], [627, 904, 668, 777, 872, 548, 956, 645, 628, 564, 614, 526, 859, 616, 979, 582, 602, 692, 827, 973, 772, 617, 789, 655, 507, 664, 940, 710, 917, 861, 764, 850, 944, 501, 650], [911, 852, 647, 525, 506, 523, 839, 805, 925, 972, 947, 718, 812, 589, 777, 655, 647, 589, 921, 538, 520, 959, 637, 612, 640, 888, 655, 944, 835, 672, 703, 544, 663, 600, 877], [729, 526, 708, 621, 790, 594, 540, 622, 537, 874, 741, 835, 633, 708, 684, 786, 535, 506, 557, 930, 815, 605, 883, 766, 555, 999, 849, 980, 724, 995, 526, 698, 954, 841, 536], [588, 565, 838, 649, 589, 659, 851, 755, 887, 871, 523, 696, 939, 501, 739, 647, 616, 634, 815, 837, 739, 765, 510, 692, 815, 665, 764, 799, 848, 880, 794, 898, 955, 767, 823], [925, 805, 732, 579, 533, 854, 880, 918, 810, 978, 684, 622, 512, 581, 669, 950, 526, 579, 887, 695, 935, 938, 889, 538, 734, 709, 911, 894, 985, 661, 615, 773, 841, 737, 886], [551, 568, 827, 560, 691, 687, 743, 686, 703, 637, 586, 988, 928, 820, 832, 548, 690, 674, 526, 597, 585, 845, 796, 848, 944, 950, 923, 688, 656, 788, 915, 670, 880, 831, 609], [709, 602, 563, 861, 516, 891, 631, 977, 542, 683, 865, 789, 609, 545, 594, 813, 661, 957, 625, 906, 957, 966, 547, 895, 635, 967, 848, 642, 739, 553, 864, 547, 920, 677, 570], [853, 868, 953, 822, 545, 780, 780, 652, 960, 799, 740, 918, 918, 585, 749, 618, 924, 937, 793, 978, 859, 974, 755, 993, 722, 703, 675, 542, 636, 630, 853, 985, 645, 932, 791], [841, 945, 971, 806, 598, 852, 622, 936, 602, 961, 850, 605, 509, 539, 649, 829, 659, 722, 706, 877, 961, 827, 519, 889, 994, 642, 707, 529, 821, 836, 948, 757, 866, 887, 978], [781, 536, 549, 886, 987, 980, 908, 610, 542, 908, 730, 797, 642, 594, 675, 862, 760, 863, 562, 847, 855, 789, 873, 738, 913, 520, 724, 519, 852, 631, 516, 569, 625, 686, 693], [913, 897, 720, 573, 903, 508, 527, 958, 524, 696, 621, 581, 910, 696, 904, 663, 791, 973, 558, 557, 519, 603, 666, 959, 747, 742, 510, 873, 727, 950, 502, 945, 581, 989, 955], [947, 656, 697, 932, 771, 759, 593, 839, 912, 991, 738, 766, 633, 985, 668, 912, 972, 665, 554, 828, 868, 637, 525, 797, 737, 582, 636, 533, 908, 528, 745, 631, 703, 692, 950], [930, 936, 554, 668, 980, 868, 826, 520, 911, 533, 718, 905, 935, 873, 948, 952, 639, 641, 600, 570, 575, 578, 732, 530, 562, 784, 705, 959, 662, 621, 842, 636, 793, 825, 553], [551, 756, 849, 909, 848, 846, 632, 593, 961, 635, 982, 696, 881, 845, 698, 985, 764, 912, 791, 648, 557, 671, 634, 799, 700, 876, 944, 748, 967, 962, 603, 561, 877, 675, 577], [630, 552, 749, 876, 869, 548, 661, 581, 925, 974, 555, 623, 969, 516, 598, 790, 518, 726, 533, 568, 901, 841, 753, 706, 554, 905, 858, 906, 888, 560, 544, 785, 980, 737, 903], [764, 624, 629, 579, 690, 984, 869, 505, 612, 698, 994, 527, 541, 703, 631, 974, 500, 818, 747, 626, 756, 775, 567, 756, 713, 750, 932, 892, 937, 583, 954, 580, 609, 677, 759], [596, 502, 592, 687, 621, 536, 877, 716, 850, 588, 579, 535, 680, 829, 825, 638, 734, 964, 969, 642, 883, 977, 798, 870, 500, 670, 972, 770, 528, 953, 502, 512, 886, 780, 764], [711, 643, 926, 657, 830, 523, 739, 614, 841, 855, 868, 992, 563, 916, 829, 985, 897, 639, 956, 976, 552, 799, 638, 944, 814, 844, 752, 640, 732, 792, 899, 805, 866, 625, 926], [777, 652, 619, 705, 755, 705, 506, 871, 844, 830, 901, 932, 583, 918, 575, 849, 918, 622, 506, 988, 887, 869, 771, 700, 554, 812, 549, 526, 554, 933, 944, 693, 875, 724, 663], [968, 510, 765, 520, 727, 562, 935, 611, 513, 562, 743, 561, 720, 523, 536, 632, 985, 772, 888, 516, 525, 554, 719, 674, 855, 788, 917, 862, 575, 831, 635, 623, 796, 930, 623], [932, 924, 704, 758, 946, 722, 731, 875, 562, 820, 761, 834, 896, 622, 744, 924, 769, 713, 645, 621, 597, 722, 805, 617, 563, 541, 754, 543, 700, 695, 698, 629, 595, 527, 944], [638, 893, 579, 735, 968, 690, 789, 812, 972, 995, 625, 624, 938, 877, 755, 614, 532, 512, 612, 851, 686, 713, 525, 953, 920, 642, 969, 992, 932, 551, 952, 609, 542, 846, 959], [562, 607, 910, 844, 718, 895, 705, 632, 594, 646, 931, 882, 991, 830, 989, 956, 925, 734, 998, 691, 824, 857, 992, 504, 808, 622, 937, 810, 826, 547, 855, 751, 549, 835, 636], [514, 726, 750, 857, 902, 556, 852, 850, 949, 753, 776, 817, 573, 631, 946, 545, 773, 770, 729, 958, 682, 633, 888, 702, 904, 901, 707, 796, 789, 754, 801, 983, 855, 610, 926], [731, 925, 708, 950, 692, 688, 648, 520, 937, 697, 677, 837, 514, 514, 969, 770, 673, 823, 775, 696, 600, 964, 750, 933, 847, 577, 853, 860, 699, 690, 709, 961, 831, 839, 962], [889, 748, 830, 988, 672, 534, 783, 703, 655, 929, 712, 880, 526, 690, 556, 514, 542, 880, 925, 600, 813, 530, 892, 688, 948, 562, 640, 736, 782, 528, 848, 947, 812, 505, 561], [610, 706, 586, 915, 701, 552, 897, 852, 677, 828, 983, 750, 737, 838, 977, 707, 847, 757, 830, 852, 898, 627, 650, 761, 785, 846, 893, 511, 871, 877, 675, 885, 732, 885, 811], [565, 521, 601, 809, 857, 914, 935, 997, 789, 645, 936, 814, 751, 694, 845, 707, 627, 744, 918, 703, 778, 981, 552, 788, 785, 842, 601, 882, 512, 687, 971, 644, 547, 886, 588], [704, 953, 903, 526, 662, 866, 881, 961, 886, 514, 951, 520, 948, 662, 771, 519, 994, 812, 525, 836, 772, 653, 513, 572, 571, 738, 702, 649, 848, 629, 808, 586, 538, 802, 696], [892, 711, 903, 990, 979, 747, 622, 730, 713, 657, 993, 735, 750, 819, 634, 509, 843, 882, 926, 781, 698, 772, 983, 952, 682, 932, 969, 734, 948, 593, 503, 583, 591, 512, 760], [796, 786, 867, 953, 568, 615, 601, 902, 752, 754, 751, 973, 962, 848, 812, 652, 595, 960, 602, 660, 717, 994, 908, 600, 534, 678, 802, 818, 815, 764, 734, 764, 654, 561, 745], [888, 952, 503, 532, 703, 919, 514, 841, 881, 882, 899, 541, 814, 769, 887, 584, 825, 551, 999, 788, 852, 903, 913, 797, 775, 708, 735, 674, 790, 848, 998, 527, 988, 854, 648], [797, 514, 924, 728, 825, 551, 591, 827, 594, 543, 824, 931, 991, 679, 621, 957, 697, 704, 900, 616, 985, 957, 612, 887, 656, 964, 922, 624, 938, 555, 583, 993, 909, 666, 646], [540, 875, 748, 885, 564, 898, 670, 648, 932, 963, 731, 988, 700, 933, 999, 974, 709, 762, 756, 724, 608, 708, 531, 914, 668, 639, 919, 952, 986, 519, 696, 819, 697, 676, 815], [700, 735, 558, 558, 571, 685, 632, 754, 761, 725, 603, 615, 808, 902, 520, 908, 705, 762, 587, 633, 943, 515, 726, 998, 768, 578, 705, 912, 827, 807, 985, 742, 746, 568, 701], [886, 684, 795, 918, 739, 795, 820, 612, 615, 978, 668, 669, 727, 941, 563, 686, 561, 611, 578, 657, 947, 843, 549, 533, 667, 579, 743, 932, 869, 733, 726, 715, 954, 631, 838], [853, 869, 884, 521, 891, 622, 736, 560, 974, 891, 724, 603, 980, 509, 580, 613, 803, 556, 633, 625, 509, 904, 828, 976, 919, 633, 936, 576, 754, 546, 599, 651, 703, 630, 640], [767, 920, 809, 653, 774, 821, 942, 961, 947, 858, 730, 966, 567, 711, 882, 869, 895, 705, 701, 744, 679, 636, 611, 936, 754, 832, 704, 767, 871, 683, 519, 955, 711, 965, 868], [891, 685, 513, 855, 661, 648, 922, 704, 506, 612, 564, 782, 922, 556, 947, 791, 841, 842, 541, 576, 917, 715, 706, 825, 576, 694, 651, 566, 698, 656, 910, 961, 503, 918, 582], [996, 866, 615, 957, 993, 617, 897, 542, 709, 909, 934, 688, 597, 667, 624, 713, 927, 869, 916, 694, 826, 616, 603, 770, 986, 921, 670, 600, 784, 896, 755, 818, 899, 860, 776], [500, 625, 740, 563, 668, 512, 644, 636, 981, 511, 855, 841, 892, 903, 663, 718, 856, 668, 502, 586, 939, 643, 764, 971, 817, 817, 688, 574, 595, 740, 567, 572, 582, 791, 738], [759, 816, 845, 615, 925, 803, 621, 541, 777, 928, 533, 567, 807, 695, 571, 629, 787, 802, 651, 946, 972, 970, 759, 790, 685, 666, 831, 575, 541, 652, 802, 727, 673, 580, 643], [755, 808, 572, 575, 884, 698, 957, 576, 901, 849, 925, 541, 969, 644, 715, 908, 639, 906, 924, 854, 622, 890, 674, 669, 685, 646, 519, 818, 555, 599, 565, 583, 984, 934, 808], [861, 884, 799, 541, 775, 714, 531, 844, 532, 646, 592, 792, 548, 642, 538, 836, 879, 639, 809, 757, 935, 795, 585, 918, 651, 712, 934, 561, 774, 902, 505, 868, 707, 578, 703], [796, 924, 803, 939, 894, 942, 974, 514, 711, 735, 886, 532, 732, 837, 829, 677, 907, 820, 729, 742, 867, 542, 862, 528, 677, 905, 813, 645, 921, 730, 869, 872, 789, 937, 504], [875, 677, 636, 520, 549, 578, 670, 549, 916, 713, 603, 867, 861, 586, 782, 563, 879, 935, 861, 534, 635, 508, 808, 744, 583, 856, 513, 930, 730, 548, 523, 587, 785, 689, 868], [950, 621, 864, 997, 939, 826, 817, 839, 881, 640, 820, 579, 815, 879, 818, 538, 811, 879, 944, 843, 819, 779, 599, 862, 699, 543, 714, 933, 816, 857, 675, 999, 580, 790, 942], [898, 893, 517, 545, 587, 603, 978, 689, 855, 806, 686, 877, 909, 861, 525, 524, 548, 994, 537, 651, 677, 628, 754, 730, 534, 916, 539, 690, 844, 796, 596, 743, 606, 715, 946], [629, 879, 830, 836, 592, 777, 998, 660, 716, 587, 985, 758, 545, 757, 614, 923, 968, 634, 813, 677, 977, 834, 758, 713, 995, 870, 953, 504, 837, 633, 593, 636, 576, 710, 752], [883, 739, 906, 909, 887, 804, 645, 814, 792, 956, 721, 898, 544, 709, 565, 565, 601, 812, 974, 803, 635, 805, 655, 863, 916, 510, 504, 941, 712, 538, 666, 682, 911, 533, 702], [888, 705, 988, 663, 871, 547, 673, 710, 770, 683, 851, 856, 987, 823, 625, 876, 739, 743, 769, 783, 834, 711, 663, 849, 945, 529, 927, 718, 913, 856, 977, 857, 581, 593, 641], [684, 956, 990, 860, 503, 928, 966, 832, 619, 646, 678, 652, 525, 982, 619, 895, 965, 721, 556, 960, 982, 535, 562, 989, 701, 805, 946, 911, 835, 808, 685, 733, 760, 706, 808], [746, 934, 708, 628, 576, 888, 866, 864, 561, 832, 534, 622, 841, 969, 606, 555, 878, 960, 702, 513, 599, 987, 866, 521, 889, 531, 766, 650, 511, 507, 612, 555, 505, 893, 942], [875, 643, 682, 903, 831, 739, 556, 987, 604, 774, 995, 975, 864, 554, 999, 986, 543, 888, 635, 592, 719, 841, 858, 876, 634, 822, 626, 926, 640, 530, 718, 997, 820, 700, 837], [957, 563, 533, 684, 801, 924, 876, 661, 520, 524, 973, 717, 982, 873, 789, 620, 682, 968, 596, 549, 619, 784, 818, 745, 722, 576, 680, 605, 935, 524, 975, 523, 939, 534, 540], [950, 879, 862, 966, 589, 833, 580, 611, 752, 606, 600, 587, 641, 890, 671, 979, 719, 932, 968, 532, 585, 679, 940, 720, 676, 849, 707, 587, 956, 774, 911, 778, 719, 503, 591], [659, 579, 662, 826, 953, 840, 603, 588, 906, 559, 923, 767, 580, 772, 979, 943, 578, 979, 637, 817, 623, 974, 738, 698, 641, 824, 659, 662, 874, 989, 644, 578, 918, 532, 723], [622, 700, 682, 592, 884, 576, 641, 584, 822, 992, 551, 986, 925, 862, 523, 815, 881, 608, 580, 923, 928, 768, 976, 855, 897, 735, 698, 808, 719, 684, 560, 786, 862, 843, 601], [898, 717, 728, 889, 799, 630, 849, 984, 802, 565, 502, 847, 514, 702, 580, 702, 813, 990, 559, 581, 828, 813, 600, 944, 965, 725, 583, 723, 888, 563, 874, 854, 793, 526, 783], [803, 636, 523, 934, 690, 907, 726, 735, 695, 815, 784, 604, 722, 918, 508, 565, 824, 657, 614, 524, 940, 543, 807, 580, 637, 602, 621, 767, 766, 589, 690, 545, 567, 787, 730], [866, 503, 973, 617, 925, 952, 728, 728, 788, 660, 946, 867, 996, 759, 994, 639, 866, 639, 642, 965, 733, 552, 564, 717, 601, 749, 757, 973, 571, 666, 835, 652, 807, 860, 789], [706, 708, 992, 941, 917, 884, 710, 610, 887, 634, 674, 649, 615, 934, 723, 866, 754, 756, 747, 683, 960, 528, 926, 500, 862, 586, 921, 820, 576, 861, 996, 779, 877, 563, 953], [688, 549, 623, 931, 841, 892, 603, 574, 753, 787, 588, 872, 637, 899, 598, 923, 961, 640, 764, 518, 658, 568, 924, 900, 981, 944, 777, 579, 533, 507, 525, 784, 938, 957, 662], [924, 847, 901, 836, 737, 537, 814, 703, 850, 942, 928, 766, 549, 946, 543, 513, 962, 906, 521, 768, 626, 575, 899, 841, 946, 531, 594, 516, 989, 796, 843, 528, 708, 638, 547], [593, 589, 934, 872, 568, 872, 611, 509, 603, 802, 827, 535, 726, 739, 765, 870, 716, 977, 558, 703, 741, 887, 660, 522, 687, 605, 775, 889, 911, 506, 872, 897, 997, 932, 641], [711, 709, 863, 583, 937, 517, 927, 947, 859, 783, 978, 615, 748, 553, 737, 558, 780, 684, 948, 940, 655, 619, 993, 604, 882, 837, 682, 808, 957, 586, 994, 888, 653, 726, 928], [980, 967, 891, 551, 662, 555, 981, 917, 941, 996, 690, 962, 990, 599, 562, 940, 732, 848, 806, 761, 869, 984, 792, 685, 986, 612, 552, 933, 571, 547, 923, 691, 770, 797, 563], [670, 733, 718, 978, 848, 955, 778, 620, 784, 786, 658, 920, 757, 515, 955, 978, 879, 977, 999, 958, 639, 897, 833, 639, 561, 828, 908, 916, 610, 858, 952, 998, 605, 834, 708], [574, 740, 890, 712, 941, 748, 801, 723, 628, 683, 977, 749, 933, 717, 789, 710, 553, 778, 806, 665, 805, 877, 516, 896, 697, 616, 883, 515, 639, 689, 653, 870, 529, 519, 659], [579, 730, 533, 533, 751, 856, 750, 878, 666, 902, 689, 576, 970, 753, 694, 964, 567, 845, 621, 903, 929, 970, 950, 505, 686, 500, 577, 958, 849, 749, 526, 849, 518, 904, 858], [769, 546, 744, 748, 550, 529, 910, 539, 553, 560, 823, 753, 671, 769, 545, 534, 792, 502, 687, 585, 756, 583, 830, 943, 899, 921, 741, 605, 948, 969, 795, 802, 702, 988, 820], [644, 686, 752, 594, 902, 975, 938, 615, 504, 601, 636, 854, 646, 568, 672, 948, 918, 669, 726, 595, 599, 688, 870, 677, 711, 922, 905, 776, 585, 525, 616, 816, 710, 687, 953], [532, 584, 576, 689, 979, 944, 849, 583, 893, 975, 821, 947, 755, 947, 978, 649, 753, 950, 774, 768, 737, 726, 983, 866, 785, 807, 989, 975, 943, 513, 667, 559, 769, 582, 761], [690, 501, 972, 877, 915, 540, 989, 575, 813, 823, 667, 572, 547, 881, 643, 929, 654, 748, 568, 691, 653, 531, 895, 855, 644, 760, 818, 974, 638, 560, 738, 692, 685, 648, 684], [948, 696, 775, 952, 908, 540, 850, 664, 857, 582, 601, 582, 515, 544, 936, 844, 786, 532, 928, 934, 691, 572, 822, 988, 846, 528, 951, 534, 936, 629, 811, 972, 805, 746, 832], [920, 723, 646, 576, 520, 907, 567, 637, 659, 970, 657, 856, 802, 964, 655, 642, 583, 721, 577, 862, 576, 972, 907, 682, 546, 571, 955, 791, 732, 839, 768, 833, 698, 621, 980], [656, 873, 892, 507, 610, 879, 966, 718, 725, 753, 798, 591, 637, 947, 905, 824, 747, 975, 706, 524, 558, 510, 908, 878, 671, 902, 787, 709, 911, 978, 790, 798, 898, 984, 804], [829, 555, 730, 881, 730, 720, 785, 522, 872, 521, 562, 862, 829, 983, 653, 979, 768, 506, 831, 998, 583, 826, 523, 549, 858, 731, 639, 539, 522, 894, 644, 643, 934, 655, 586], [945, 551, 905, 843, 556, 845, 787, 559, 959, 835, 836, 831, 759, 655, 605, 675, 748, 746, 761, 573, 662, 624, 843, 857, 690, 720, 573, 886, 719, 534, 600, 908, 806, 874, 631], [547, 598, 622, 724, 634, 610, 603, 556, 553, 689, 779, 964, 904, 781, 718, 695, 548, 916, 973, 853, 729, 913, 669, 951, 724, 906, 831, 657, 824, 760, 562, 803, 790, 998, 639], [551, 601, 885, 984, 739, 915, 760, 750, 927, 711, 931, 719, 928, 845, 764, 799, 576, 895, 920, 839, 649, 926, 774, 607, 892, 677, 580, 726, 745, 768, 711, 998, 748, 705, 654], [870, 594, 936, 818, 942, 953, 811, 851, 548, 811, 547, 608, 560, 896, 670, 550, 730, 561, 886, 907, 926, 776, 740, 847, 977, 682, 592, 508, 937, 587, 892, 624, 811, 778, 703], [884, 747, 652, 648, 714, 549, 511, 512, 590, 513, 989, 678, 517, 607, 655, 961, 581, 637, 855, 809, 504, 538, 682, 884, 694, 560, 850, 542, 560, 997, 502, 847, 882, 991, 975], [530, 656, 744, 902, 761, 539, 691, 925, 933, 682, 969, 733, 614, 729, 560, 732, 563, 946, 548, 566, 611, 967, 626, 939, 821, 946, 674, 965, 809, 965, 588, 501, 694, 757, 989], [593, 891, 553, 733, 961, 987, 735, 617, 676, 868, 979, 969, 866, 982, 618, 980, 867, 727, 719, 642, 799, 737, 925, 696, 680, 929, 869, 668, 598, 969, 630, 585, 875, 597, 672], [900, 545, 974, 918, 860, 703, 828, 743, 653, 577, 825, 917, 973, 526, 546, 725, 768, 525, 506, 662, 664, 619, 679, 537, 795, 772, 820, 513, 962, 852, 667, 681, 525, 725, 706], [804, 849, 651, 597, 823, 899, 554, 549, 954, 739, 937, 938, 509, 797, 780, 762, 962, 557, 660, 915, 897, 581, 660, 563, 882, 954, 586, 732, 770, 784, 997, 953, 929, 755, 590], [760, 914, 614, 622, 598, 901, 858, 779, 566, 948, 885, 796, 650, 880, 693, 969, 602, 997, 579, 948, 740, 619, 899, 631, 579, 953, 554, 534, 525, 502, 801, 569, 671, 929, 758], [971, 730, 508, 649, 856, 814, 860, 701, 848, 623, 767, 544, 781, 702, 976, 745, 890, 936, 636, 600, 789, 758, 912, 962, 985, 735, 886, 792, 815, 743, 931, 994, 644, 815, 785], [784, 552, 791, 957, 501, 794, 706, 652, 728, 717, 611, 609, 730, 525, 775, 992, 520, 762, 885, 561, 631, 645, 866, 568, 506, 549, 520, 878, 632, 576, 854, 880, 631, 513, 518], [844, 996, 681, 927, 689, 507, 792, 660, 634, 720, 699, 668, 713, 779, 934, 694, 610, 555, 733, 665, 768, 771, 720, 518, 899, 791, 553, 915, 715, 908, 994, 885, 909, 687, 983], [530, 754, 725, 626, 854, 994, 515, 759, 606, 763, 835, 823, 830, 786, 748, 634, 986, 832, 599, 701, 976, 663, 543, 699, 618, 688, 738, 968, 641, 885, 738, 602, 813, 871, 915], [845, 946, 857, 621, 822, 779, 526, 611, 550, 893, 951, 635, 678, 991, 842, 681, 767, 984, 653, 911, 994, 808, 514, 648, 781, 867, 655, 902, 600, 861, 829, 892, 559, 753, 579], [780, 574, 554, 801, 710, 623, 791, 805, 595, 854, 653, 983, 571, 754, 616, 912, 567, 978, 940, 988, 592, 698, 880, 703, 650, 871, 719, 508, 782, 560, 599, 973, 776, 615, 509], [825, 852, 584, 807, 977, 885, 846, 546, 993, 811, 920, 693, 896, 629, 561, 922, 808, 785, 639, 575, 973, 514, 988, 969, 903, 660, 515, 678, 600, 892, 855, 897, 817, 968, 636], [779, 511, 500, 644, 922, 539, 594, 671, 885, 646, 822, 954, 741, 819, 830, 889, 706, 938, 541, 530, 724, 560, 588, 666, 737, 679, 546, 890, 541, 830, 720, 641, 882, 745, 640], [845, 526, 640, 541, 661, 738, 557, 576, 781, 901, 568, 617, 912, 776, 761, 900, 526, 595, 719, 660, 536, 684, 777, 847, 734, 763, 572, 911, 942, 515, 786, 661, 980, 706, 584], [815, 588, 504, 630, 672, 983, 864, 874, 631, 723, 994, 816, 604, 648, 540, 972, 528, 979, 589, 889, 521, 838, 806, 700, 773, 522, 617, 552, 584, 903, 754, 941, 505, 727, 783], [867, 957, 790, 908, 636, 513, 851, 956, 606, 863, 699, 517, 885, 723, 901, 794, 859, 916, 508, 813, 769, 561, 927, 715, 734, 936, 615, 612, 764, 960, 886, 669, 672, 502, 888], [905, 899, 788, 588, 610, 796, 534, 933, 864, 966, 975, 834, 739, 644, 998, 826, 557, 538, 615, 931, 555, 923, 505, 523, 607, 889, 574, 666, 825, 723, 841, 568, 573, 952, 810], [586, 769, 624, 582, 537, 834, 908, 826, 957, 625, 998, 740, 793, 811, 562, 500, 949, 859, 898, 546, 789, 570, 602, 786, 876, 989, 901, 783, 627, 634, 913, 806, 635, 573, 677], [857, 838, 947, 717, 625, 852, 564, 746, 515, 899, 628, 889, 885, 893, 585, 822, 859, 949, 812, 517, 548, 781, 954, 801, 929, 644, 985, 813, 926, 907, 854, 578, 585, 512, 889], [931, 722, 716, 613, 671, 928, 600, 558, 975, 535, 778, 551, 928, 789, 582, 513, 838, 809, 693, 966, 696, 716, 892, 736, 565, 593, 531, 966, 685, 937, 799, 694, 921, 791, 506], [544, 510, 793, 654, 881, 673, 513, 918, 828, 703, 713, 667, 520, 682, 903, 651, 795, 611, 909, 923, 769, 710, 578, 600, 942, 627, 585, 928, 822, 791, 571, 922, 559, 841, 688], [846, 574, 835, 551, 579, 744, 500, 881, 544, 502, 836, 599, 833, 559, 635, 591, 713, 642, 962, 503, 930, 767, 942, 962, 593, 918, 503, 545, 516, 516, 929, 751, 584, 827, 844], [632, 562, 710, 929, 525, 715, 776, 944, 923, 926, 874, 767, 596, 939, 694, 932, 798, 904, 725, 924, 555, 662, 865, 786, 950, 689, 772, 623, 687, 819, 753, 730, 720, 815, 678], [824, 691, 938, 579, 776, 649, 827, 915, 770, 635, 924, 594, 909, 811, 683, 518, 639, 748, 731, 840, 743, 896, 738, 623, 826, 709, 597, 635, 775, 630, 685, 961, 802, 989, 548], [564, 835, 530, 537, 664, 654, 655, 694, 968, 886, 901, 750, 541, 927, 607, 961, 613, 560, 890, 984, 853, 813, 834, 886, 694, 677, 607, 798, 559, 729, 595, 556, 798, 997, 893], [510, 917, 834, 803, 769, 563, 652, 564, 921, 810, 773, 966, 990, 921, 973, 606, 886, 927, 542, 935, 667, 752, 989, 680, 927, 875, 998, 573, 749, 544, 880, 953, 911, 752, 720], [817, 669, 877, 667, 666, 578, 891, 598, 881, 888, 925, 671, 955, 917, 921, 693, 877, 651, 752, 949, 902, 630, 617, 730, 981, 640, 677, 668, 594, 798, 607, 966, 749, 855, 577], [997, 958, 662, 853, 755, 657, 604, 867, 980, 861, 710, 657, 663, 615, 704, 641, 563, 808, 849, 948, 854, 728, 651, 518, 936, 625, 747, 913, 618, 915, 846, 681, 691, 661, 833], [863, 657, 613, 873, 688, 560, 822, 799, 799, 664, 826, 785, 570, 994, 938, 613, 538, 584, 644, 902, 749, 970, 972, 508, 828, 752, 537, 722, 644, 968, 972, 586, 619, 510, 753], [682, 845, 878, 885, 795, 523, 803, 794, 873, 705, 984, 789, 864, 827, 745, 552, 579, 791, 542, 682, 632, 852, 917, 832, 824, 694, 657, 906, 513, 715, 537, 668, 643, 658, 642], [818, 608, 599, 782, 886, 532, 625, 800, 950, 580, 540, 524, 608, 922, 892, 692, 863, 991, 687, 534, 783, 967, 954, 829, 677, 630, 579, 755, 802, 687, 623, 745, 921, 823, 516], [593, 691, 809, 560, 757, 798, 903, 612, 614, 644, 780, 688, 590, 947, 597, 875, 664, 825, 749, 774, 545, 508, 659, 701, 730, 853, 901, 963, 546, 775, 586, 674, 536, 605, 656], [505, 906, 938, 547, 877, 886, 785, 780, 541, 813, 708, 727, 999, 799, 677, 976, 874, 948, 924, 695, 733, 535, 524, 993, 879, 547, 588, 795, 822, 805, 835, 816, 934, 531, 513], [780, 799, 708, 775, 567, 551, 732, 678, 755, 754, 662, 711, 625, 766, 905, 514, 649, 836, 973, 754, 542, 828, 584, 851, 866, 693, 810, 895, 556, 578, 779, 504, 766, 776, 972], [695, 544, 509, 943, 875, 861, 767, 609, 992, 730, 808, 838, 788, 864, 620, 648, 845, 709, 747, 953, 785, 836, 647, 549, 807, 583, 593, 699, 951, 730, 825, 693, 601, 855, 877], [599, 641, 552, 921, 684, 946, 567, 852, 682, 800, 818, 519, 904, 756, 598, 656, 652, 596, 590, 603, 518, 756, 643, 563, 551, 649, 986, 789, 803, 980, 901, 723, 605, 936, 633], [845, 988, 843, 952, 788, 980, 893, 906, 882, 875, 882, 792, 920, 967, 500, 530, 938, 813, 922, 781, 911, 882, 924, 950, 942, 699, 756, 668, 626, 687, 817, 832, 617, 500, 565], [670, 742, 976, 745, 612, 810, 969, 845, 756, 803, 889, 554, 568, 660, 883, 532, 862, 583, 986, 519, 625, 688, 757, 682, 749, 817, 688, 816, 925, 510, 518, 588, 730, 779, 722], [653, 741, 921, 621, 656, 751, 594, 614, 785, 984, 851, 526, 809, 703, 711, 893, 876, 886, 744, 750, 935, 838, 954, 939, 957, 813, 690, 863, 870, 848, 625, 659, 550, 502, 754], [717, 980, 534, 985, 552, 651, 834, 955, 795, 796, 856, 734, 938, 981, 705, 933, 827, 849, 559, 894, 523, 604, 833, 799, 759, 911, 882, 665, 860, 873, 509, 813, 643, 593, 567]]
Variable production cost per unit of each product in each period p: 
[[12, 13, 10, 13, 10, 11, 12, 13, 10, 13, 10, 13, 10, 13, 13, 12, 13, 12, 10, 11, 13, 10, 10, 12, 10, 11, 11, 13, 12, 11, 11, 12, 13, 10, 11], [11, 12, 12, 10, 10, 11, 11, 12, 10, 12, 10, 10, 11, 12, 12, 13, 12, 12, 12, 12, 10, 10, 11, 12, 11, 12, 10, 13, 10, 13, 11, 10, 13, 12, 11], [11, 11, 11, 10, 11, 12, 11, 10, 11, 10, 11, 12, 10, 11, 11, 11, 11, 12, 11, 11, 10, 10, 10, 11, 11, 12, 12, 13, 13, 10, 12, 13, 13, 13, 11], [12, 13, 12, 12, 10, 12, 12, 13, 11, 11, 13, 10, 11, 12, 12, 13, 12, 13, 11, 12, 12, 10, 13, 10, 10, 13, 11, 10, 12, 11, 10, 10, 13, 11, 11], [12, 13, 11, 10, 11, 10, 10, 10, 12, 10, 10, 10, 11, 13, 10, 12, 10, 13, 13, 12, 10, 13, 10, 10, 12, 11, 13, 11, 12, 13, 12, 12, 10, 12, 12], [12, 13, 10, 13, 13, 13, 10, 12, 10, 11, 12, 12, 13, 13, 12, 12, 11, 10, 12, 13, 10, 10, 13, 10, 12, 11, 11, 12, 11, 12, 12, 13, 13, 12, 11], [11, 12, 13, 10, 13, 13, 10, 12, 13, 12, 13, 10, 12, 13, 12, 13, 10, 13, 11, 12, 13, 11, 10, 12, 13, 12, 11, 11, 11, 12, 11, 10, 12, 11, 11], [11, 10, 11, 13, 10, 12, 11, 11, 10, 11, 10, 12, 13, 12, 13, 11, 13, 12, 10, 12, 13, 10, 13, 11, 11, 12, 13, 10, 12, 12, 10, 13, 10, 13, 11], [10, 13, 11, 10, 13, 12, 10, 10, 11, 11, 13, 13, 13, 11, 12, 12, 10, 13, 10, 12, 12, 10, 11, 12, 12, 12, 13, 12, 13, 10, 12, 10, 11, 13, 12], [13, 10, 13, 11, 11, 11, 12, 11, 12, 10, 13, 11, 10, 12, 13, 11, 13, 12, 12, 10, 13, 12, 11, 10, 10, 10, 12, 10, 13, 12, 11, 12, 12, 12, 10], [10, 10, 11, 10, 13, 10, 13, 12, 11, 12, 13, 13, 10, 10, 11, 10, 10, 10, 10, 13, 11, 12, 12, 13, 12, 13, 11, 12, 13, 12, 11, 12, 13, 10, 11], [12, 11, 12, 12, 11, 13, 13, 11, 13, 12, 12, 12, 12, 11, 13, 12, 11, 10, 13, 12, 12, 12, 11, 13, 12, 10, 10, 10, 12, 12, 11, 13, 12, 12, 11], [13, 12, 12, 11, 11, 12, 11, 13, 13, 12, 10, 11, 12, 12, 13, 13, 10, 10, 13, 12, 10, 13, 10, 10, 12, 10, 13, 12, 10, 10, 10, 13, 12, 12, 11], [10, 13, 12, 10, 13, 10, 12, 12, 10, 10, 10, 13, 10, 13, 12, 12, 11, 12, 12, 12, 11, 10, 12, 11, 10, 13, 10, 10, 12, 10, 11, 10, 11, 11, 11], [12, 11, 11, 11, 10, 12, 10, 10, 12, 10, 11, 11, 12, 12, 11, 12, 12, 12, 11, 12, 13, 11, 13, 11, 11, 10, 12, 13, 10, 12, 13, 13, 13, 11, 13], [12, 13, 10, 13, 12, 13, 10, 13, 12, 11, 10, 11, 10, 10, 13, 12, 10, 13, 12, 12, 13, 10, 12, 13, 12, 10, 13, 13, 10, 12, 13, 13, 11, 10, 12], [13, 10, 11, 11, 13, 10, 11, 10, 11, 11, 11, 12, 11, 13, 13, 13, 11, 10, 10, 10, 12, 12, 12, 10, 12, 10, 12, 10, 10, 10, 10, 11, 11, 10, 13], [12, 10, 10, 10, 12, 10, 11, 10, 12, 11, 13, 13, 11, 13, 10, 11, 10, 10, 11, 10, 11, 13, 10, 11, 13, 12, 10, 13, 13, 11, 13, 10, 12, 13, 10], [10, 12, 13, 13, 11, 12, 12, 10, 13, 10, 12, 11, 11, 11, 10, 12, 12, 10, 12, 11, 13, 11, 10, 10, 11, 13, 10, 12, 11, 12, 13, 12, 13, 10, 11], [10, 10, 10, 11, 10, 13, 10, 10, 10, 12, 10, 12, 11, 12, 13, 12, 13, 13, 12, 13, 13, 10, 10, 12, 11, 12, 11, 11, 12, 10, 12, 12, 11, 12, 10], [13, 12, 10, 10, 11, 11, 13, 10, 11, 10, 10, 13, 10, 13, 12, 11, 12, 12, 11, 13, 12, 12, 13, 13, 11, 11, 11, 13, 12, 13, 12, 12, 12, 11, 12], [13, 11, 12, 11, 10, 10, 11, 10, 11, 12, 13, 11, 10, 11, 12, 13, 13, 10, 13, 11, 11, 13, 13, 10, 13, 10, 12, 12, 10, 11, 10, 12, 11, 13, 10], [13, 13, 11, 13, 11, 13, 10, 13, 11, 13, 10, 13, 12, 11, 12, 10, 11, 12, 10, 11, 11, 11, 12, 12, 11, 12, 13, 13, 11, 11, 11, 11, 13, 10, 11], [13, 10, 11, 11, 11, 10, 13, 10, 12, 10, 11, 10, 11, 12, 11, 11, 10, 12, 12, 10, 11, 12, 10, 11, 10, 11, 13, 11, 11, 10, 12, 12, 13, 12, 10], [10, 13, 13, 11, 10, 12, 13, 10, 12, 13, 13, 13, 10, 13, 11, 12, 10, 11, 11, 10, 11, 12, 12, 12, 13, 12, 11, 11, 12, 12, 12, 13, 10, 12, 12], [13, 12, 12, 12, 13, 10, 11, 11, 11, 13, 11, 11, 12, 12, 11, 10, 12, 12, 11, 12, 10, 11, 11, 10, 12, 11, 10, 13, 10, 12, 11, 10, 13, 13, 13], [10, 10, 12, 13, 13, 13, 10, 11, 11, 13, 11, 13, 12, 13, 12, 13, 12, 12, 12, 12, 11, 13, 13, 10, 13, 13, 12, 13, 11, 12, 11, 10, 10, 13, 10], [12, 13, 10, 12, 11, 12, 10, 11, 10, 11, 10, 13, 12, 10, 10, 11, 11, 11, 10, 11, 12, 11, 10, 10, 12, 10, 10, 13, 11, 12, 12, 12, 12, 11, 12], [11, 10, 11, 10, 11, 13, 11, 11, 13, 13, 11, 10, 13, 10, 12, 10, 11, 13, 11, 11, 11, 12, 13, 10, 11, 12, 11, 10, 13, 13, 11, 13, 13, 12, 12], [13, 13, 13, 12, 12, 10, 13, 12, 10, 10, 11, 11, 12, 11, 13, 10, 10, 13, 13, 13, 12, 10, 13, 13, 11, 12, 11, 11, 10, 11, 12, 10, 10, 12, 11], [12, 13, 12, 11, 11, 12, 10, 10, 13, 13, 10, 10, 12, 11, 13, 12, 12, 13, 13, 13, 10, 12, 12, 13, 12, 10, 13, 12, 13, 11, 12, 12, 10, 13, 12], [11, 11, 13, 11, 13, 11, 12, 11, 12, 12, 13, 13, 10, 10, 11, 11, 11, 11, 11, 11, 13, 12, 10, 11, 10, 12, 11, 13, 11, 10, 11, 11, 12, 11, 10], [13, 12, 11, 10, 10, 11, 12, 11, 10, 10, 11, 13, 13, 11, 11, 10, 10, 12, 10, 10, 11, 11, 10, 11, 13, 10, 13, 13, 11, 13, 12, 10, 11, 13, 13], [12, 12, 10, 11, 13, 11, 13, 11, 11, 10, 12, 10, 12, 12, 12, 12, 11, 11, 11, 11, 11, 12, 13, 11, 12, 13, 12, 12, 10, 10, 13, 11, 10, 10, 12], [11, 10, 10, 12, 13, 11, 10, 11, 10, 12, 11, 10, 12, 11, 12, 12, 12, 10, 13, 11, 13, 11, 12, 12, 13, 12, 10, 13, 11, 11, 11, 12, 10, 10, 11], [11, 12, 10, 12, 10, 13, 13, 10, 13, 10, 10, 10, 13, 13, 10, 11, 12, 10, 11, 10, 13, 13, 11, 11, 13, 10, 13, 13, 10, 11, 10, 11, 13, 11, 13], [11, 11, 11, 12, 11, 11, 11, 11, 10, 13, 10, 10, 12, 10, 10, 13, 10, 12, 13, 11, 11, 11, 11, 12, 10, 13, 10, 10, 11, 10, 11, 11, 10, 12, 10], [13, 10, 11, 12, 12, 10, 10, 11, 10, 10, 10, 10, 12, 12, 10, 10, 13, 11, 11, 13, 11, 13, 13, 12, 10, 11, 13, 12, 10, 10, 13, 12, 11, 12, 13], [13, 11, 13, 13, 13, 10, 13, 11, 10, 13, 12, 13, 10, 12, 11, 12, 10, 10, 13, 10, 12, 10, 10, 13, 11, 10, 12, 13, 12, 12, 12, 13, 11, 12, 13], [13, 12, 11, 11, 13, 13, 10, 12, 10, 13, 13, 10, 13, 12, 10, 11, 12, 10, 13, 13, 12, 13, 10, 10, 11, 10, 10, 10, 11, 10, 10, 10, 12, 10, 12], [11, 11, 13, 11, 13, 12, 11, 10, 12, 12, 12, 13, 12, 10, 13, 11, 10, 13, 10, 10, 10, 10, 12, 12, 11, 13, 12, 12, 13, 12, 12, 10, 12, 12, 10], [11, 10, 13, 10, 12, 13, 11, 10, 10, 11, 12, 12, 13, 11, 13, 11, 12, 10, 11, 12, 13, 10, 10, 11, 13, 11, 11, 10, 13, 10, 10, 13, 12, 12, 12], [11, 11, 12, 10, 10, 13, 13, 10, 10, 11, 11, 10, 10, 13, 11, 10, 12, 11, 10, 12, 13, 12, 12, 11, 13, 11, 12, 13, 12, 10, 12, 11, 12, 13, 10], [13, 10, 13, 11, 13, 11, 12, 10, 10, 10, 12, 12, 10, 12, 12, 11, 12, 11, 12, 11, 11, 11, 12, 12, 10, 11, 12, 13, 10, 10, 12, 12, 13, 13, 10], [10, 12, 10, 11, 10, 10, 11, 10, 11, 13, 10, 10, 11, 12, 11, 12, 10, 13, 12, 11, 11, 11, 13, 10, 11, 11, 11, 13, 12, 13, 12, 10, 11, 12, 10], [12, 11, 10, 13, 11, 10, 13, 13, 11, 12, 11, 12, 12, 10, 10, 12, 11, 13, 10, 12, 11, 10, 11, 13, 11, 10, 10, 12, 10, 10, 12, 12, 12, 10, 11], [12, 11, 12, 12, 11, 10, 10, 12, 13, 11, 12, 13, 11, 13, 13, 13, 10, 12, 11, 11, 11, 11, 11, 11, 12, 11, 13, 13, 11, 10, 11, 13, 10, 11, 12], [13, 10, 13, 11, 12, 13, 13, 11, 13, 12, 11, 10, 10, 12, 11, 10, 13, 13, 13, 10, 10, 11, 11, 11, 12, 13, 12, 12, 11, 13, 12, 11, 10, 11, 11], [11, 11, 10, 12, 11, 12, 12, 11, 12, 10, 12, 11, 11, 13, 12, 13, 11, 11, 13, 12, 13, 11, 10, 12, 13, 10, 11, 12, 10, 13, 12, 10, 12, 11, 13], [13, 11, 11, 11, 12, 13, 12, 13, 11, 11, 12, 10, 13, 12, 13, 13, 13, 13, 12, 12, 13, 12, 13, 10, 12, 12, 11, 12, 13, 10, 12, 10, 11, 10, 10], [13, 13, 10, 11, 13, 13, 13, 11, 10, 13, 12, 10, 12, 12, 10, 11, 11, 13, 13, 11, 13, 12, 11, 10, 10, 11, 11, 10, 11, 11, 10, 11, 11, 11, 13], [11, 12, 11, 13, 11, 10, 10, 10, 13, 12, 13, 10, 10, 10, 12, 13, 10, 12, 12, 10, 12, 12, 11, 10, 10, 10, 10, 11, 11, 13, 10, 10, 10, 11, 12], [12, 10, 12, 10, 13, 11, 12, 11, 12, 12, 13, 10, 13, 10, 12, 10, 10, 13, 13, 10, 10, 11, 12, 11, 10, 13, 13, 12, 13, 10, 13, 10, 10, 11, 10], [11, 10, 11, 13, 10, 12, 13, 10, 12, 10, 12, 13, 10, 13, 12, 10, 11, 13, 12, 13, 12, 10, 13, 10, 13, 11, 10, 11, 13, 12, 10, 10, 12, 13, 11], [10, 13, 10, 13, 12, 11, 10, 10, 10, 13, 13, 11, 10, 12, 13, 13, 13, 11, 10, 13, 12, 13, 11, 11, 12, 11, 10, 10, 11, 11, 11, 13, 13, 10, 13], [12, 10, 12, 12, 11, 11, 12, 11, 12, 10, 12, 10, 11, 12, 10, 11, 12, 13, 13, 10, 13, 13, 12, 11, 11, 12, 11, 11, 12, 10, 11, 11, 12, 11, 13], [10, 10, 13, 11, 13, 11, 13, 13, 11, 12, 13, 11, 11, 12, 12, 11, 11, 11, 13, 13, 10, 12, 12, 12, 11, 10, 11, 10, 12, 11, 13, 10, 10, 12, 11], [10, 11, 13, 13, 12, 12, 10, 10, 13, 12, 12, 13, 12, 11, 13, 12, 11, 13, 11, 11, 11, 10, 12, 12, 12, 13, 13, 13, 10, 13, 10, 13, 13, 11, 12], [11, 11, 13, 10, 12, 13, 12, 13, 10, 13, 13, 10, 13, 12, 12, 13, 12, 10, 12, 13, 13, 12, 13, 13, 11, 10, 13, 11, 13, 11, 13, 10, 13, 10, 11], [12, 12, 12, 11, 13, 10, 10, 13, 11, 13, 13, 11, 13, 11, 10, 13, 13, 13, 11, 12, 11, 12, 11, 13, 10, 13, 12, 11, 12, 12, 12, 12, 12, 13, 10], [10, 13, 10, 12, 11, 11, 12, 12, 11, 11, 11, 11, 11, 11, 10, 12, 11, 11, 10, 10, 12, 12, 10, 11, 12, 13, 10, 10, 10, 12, 10, 13, 13, 13, 12], [10, 13, 10, 10, 13, 10, 10, 12, 10, 12, 13, 10, 13, 13, 13, 10, 11, 12, 10, 11, 13, 10, 11, 11, 12, 11, 10, 13, 12, 12, 12, 13, 11, 10, 11], [13, 11, 13, 11, 11, 10, 13, 10, 10, 13, 11, 11, 10, 13, 13, 10, 13, 11, 11, 10, 10, 11, 12, 12, 12, 11, 13, 10, 11, 11, 11, 12, 11, 13, 13], [13, 10, 12, 13, 13, 10, 11, 13, 12, 10, 12, 12, 11, 10, 13, 10, 10, 12, 11, 13, 13, 11, 12, 10, 12, 13, 10, 10, 13, 10, 13, 13, 10, 11, 10], [11, 10, 11, 10, 11, 12, 10, 12, 10, 10, 11, 10, 13, 13, 10, 11, 13, 12, 12, 12, 13, 13, 10, 10, 10, 13, 10, 12, 10, 11, 10, 12, 10, 13, 10], [10, 12, 12, 12, 11, 10, 12, 13, 10, 12, 12, 13, 10, 13, 10, 13, 10, 12, 13, 11, 12, 13, 10, 10, 12, 12, 12, 10, 12, 13, 13, 13, 13, 10, 10], [10, 12, 11, 11, 12, 12, 12, 12, 13, 13, 10, 11, 12, 10, 12, 11, 10, 12, 12, 11, 10, 13, 11, 10, 10, 10, 11, 10, 12, 12, 12, 13, 13, 12, 10], [11, 11, 12, 10, 10, 13, 11, 13, 11, 10, 13, 12, 13, 10, 11, 10, 12, 12, 11, 13, 11, 10, 11, 11, 10, 11, 10, 13, 13, 11, 11, 12, 10, 12, 12], [11, 12, 13, 13, 11, 13, 12, 10, 13, 13, 13, 13, 10, 10, 13, 10, 10, 11, 11, 11, 13, 12, 11, 13, 11, 10, 10, 12, 11, 12, 10, 11, 11, 11, 12], [10, 11, 13, 12, 13, 13, 13, 11, 12, 12, 11, 11, 12, 12, 13, 11, 13, 12, 12, 13, 10, 13, 12, 11, 13, 11, 13, 13, 13, 11, 13, 13, 10, 10, 12], [10, 12, 11, 12, 11, 13, 12, 12, 13, 12, 11, 12, 10, 10, 11, 13, 10, 11, 10, 11, 13, 11, 10, 11, 11, 13, 12, 13, 10, 10, 12, 10, 13, 13, 12], [10, 12, 10, 11, 12, 12, 11, 13, 13, 13, 13, 10, 11, 11, 12, 12, 12, 13, 13, 11, 11, 11, 13, 11, 13, 13, 12, 10, 10, 10, 10, 12, 13, 10, 10], [12, 10, 11, 10, 12, 13, 11, 13, 12, 11, 12, 10, 13, 12, 10, 13, 13, 12, 13, 12, 13, 10, 13, 13, 11, 12, 12, 10, 10, 11, 11, 12, 13, 12, 13], [13, 11, 12, 12, 11, 12, 12, 11, 12, 13, 11, 12, 12, 11, 11, 13, 10, 10, 13, 13, 11, 13, 13, 12, 13, 13, 12, 10, 10, 12, 12, 12, 11, 12, 13], [12, 11, 12, 13, 11, 12, 13, 13, 13, 13, 13, 10, 11, 11, 13, 12, 10, 13, 13, 12, 13, 10, 10, 13, 13, 11, 11, 10, 10, 12, 13, 12, 12, 11, 11], [13, 13, 12, 11, 13, 11, 12, 11, 10, 12, 13, 13, 13, 13, 11, 11, 11, 10, 10, 13, 10, 11, 10, 12, 13, 12, 13, 10, 12, 12, 12, 11, 13, 11, 12], [10, 10, 11, 10, 11, 10, 11, 11, 12, 12, 11, 10, 13, 11, 13, 11, 12, 13, 10, 10, 10, 11, 10, 10, 12, 10, 12, 11, 11, 10, 12, 10, 11, 12, 11], [11, 12, 10, 13, 12, 10, 11, 10, 13, 11, 10, 10, 10, 10, 11, 13, 12, 12, 13, 11, 10, 13, 12, 12, 11, 11, 11, 13, 11, 10, 11, 11, 12, 11, 11], [12, 12, 11, 12, 11, 12, 10, 10, 11, 12, 10, 11, 10, 13, 12, 10, 12, 11, 10, 12, 12, 10, 11, 11, 11, 11, 13, 13, 11, 13, 10, 12, 11, 11, 10], [11, 11, 13, 11, 10, 10, 11, 10, 12, 11, 13, 11, 11, 12, 10, 13, 11, 13, 11, 11, 13, 13, 12, 12, 11, 13, 10, 13, 12, 10, 10, 12, 13, 12, 10], [11, 13, 13, 13, 12, 10, 13, 13, 12, 13, 11, 11, 10, 10, 10, 13, 11, 12, 11, 12, 12, 11, 11, 11, 11, 12, 13, 13, 10, 12, 12, 10, 10, 11, 10], [10, 10, 10, 10, 10, 13, 13, 11, 13, 13, 12, 13, 12, 13, 11, 11, 13, 13, 12, 10, 13, 10, 10, 11, 13, 11, 13, 10, 10, 11, 13, 10, 10, 10, 10], [13, 10, 10, 11, 13, 12, 13, 13, 11, 11, 12, 13, 10, 11, 11, 10, 10, 12, 12, 10, 12, 13, 13, 12, 10, 12, 12, 13, 10, 12, 10, 10, 11, 12, 13], [13, 13, 13, 13, 10, 12, 10, 10, 10, 12, 13, 13, 12, 11, 10, 11, 11, 11, 11, 10, 12, 10, 12, 12, 10, 12, 11, 12, 13, 11, 12, 11, 10, 10, 10], [10, 12, 10, 11, 12, 13, 11, 11, 13, 10, 11, 13, 13, 10, 12, 13, 11, 11, 12, 13, 13, 12, 11, 11, 13, 12, 12, 13, 11, 12, 11, 10, 10, 13, 12], [10, 11, 10, 10, 12, 11, 12, 12, 10, 12, 12, 11, 12, 12, 12, 10, 10, 13, 13, 13, 11, 11, 12, 10, 10, 13, 13, 13, 13, 13, 10, 11, 10, 11, 12], [13, 13, 10, 12, 13, 11, 11, 13, 11, 10, 11, 10, 13, 12, 10, 11, 10, 12, 13, 11, 12, 10, 12, 13, 13, 11, 13, 12, 11, 12, 10, 10, 11, 11, 10], [13, 10, 11, 13, 12, 11, 12, 11, 10, 12, 11, 10, 13, 11, 11, 13, 11, 11, 13, 13, 11, 11, 10, 13, 10, 11, 10, 13, 12, 10, 10, 11, 13, 13, 12], [11, 11, 10, 11, 12, 12, 12, 10, 11, 13, 11, 12, 11, 12, 12, 12, 12, 13, 13, 13, 11, 12, 13, 11, 12, 11, 11, 11, 10, 11, 11, 11, 13, 10, 11], [10, 13, 10, 11, 11, 12, 10, 11, 10, 12, 11, 10, 12, 10, 11, 12, 10, 10, 10, 12, 11, 13, 11, 10, 10, 10, 13, 10, 13, 13, 10, 10, 10, 11, 10], [10, 10, 10, 13, 11, 10, 11, 11, 13, 11, 10, 13, 10, 13, 10, 12, 13, 12, 11, 10, 13, 10, 11, 11, 12, 12, 12, 11, 11, 12, 13, 10, 13, 13, 10], [10, 10, 11, 13, 10, 11, 11, 11, 11, 13, 10, 11, 11, 12, 13, 13, 13, 10, 11, 10, 13, 11, 12, 13, 13, 13, 13, 13, 13, 13, 12, 13, 11, 13, 13], [10, 13, 12, 12, 10, 13, 11, 13, 11, 10, 10, 13, 11, 12, 13, 11, 12, 10, 10, 12, 11, 12, 12, 13, 12, 12, 11, 11, 11, 12, 13, 12, 11, 12, 12], [13, 10, 11, 12, 10, 10, 11, 13, 11, 11, 10, 10, 10, 10, 12, 13, 10, 12, 12, 11, 10, 12, 10, 13, 13, 12, 13, 12, 12, 13, 11, 11, 13, 13, 10], [12, 11, 11, 11, 13, 10, 11, 10, 11, 10, 13, 12, 12, 13, 13, 12, 13, 10, 10, 10, 12, 10, 10, 11, 11, 13, 10, 13, 13, 10, 11, 10, 12, 11, 11], [12, 10, 13, 13, 12, 11, 11, 10, 12, 11, 11, 12, 11, 13, 10, 13, 11, 10, 10, 11, 10, 13, 11, 10, 10, 10, 13, 11, 10, 12, 10, 13, 10, 11, 11], [13, 11, 13, 12, 12, 10, 13, 12, 10, 10, 10, 13, 10, 10, 12, 11, 11, 10, 12, 10, 10, 10, 13, 10, 13, 12, 10, 10, 12, 10, 11, 10, 13, 10, 12], [12, 12, 11, 12, 13, 11, 13, 13, 10, 12, 10, 10, 10, 11, 12, 13, 10, 11, 10, 11, 10, 12, 13, 13, 13, 10, 11, 13, 13, 12, 12, 13, 11, 10, 12], [11, 12, 13, 13, 12, 12, 10, 11, 12, 13, 13, 13, 12, 12, 12, 13, 13, 10, 13, 11, 13, 11, 11, 11, 13, 13, 12, 11, 10, 13, 11, 12, 13, 13, 13], [11, 11, 10, 13, 13, 11, 10, 13, 13, 11, 13, 10, 11, 12, 13, 12, 13, 13, 10, 11, 12, 10, 11, 11, 12, 12, 11, 11, 12, 12, 10, 12, 12, 12, 13], [10, 11, 13, 11, 10, 11, 10, 11, 10, 10, 12, 10, 11, 11, 10, 12, 12, 10, 11, 11, 12, 12, 11, 12, 11, 11, 10, 12, 11, 11, 11, 10, 13, 11, 10], [12, 10, 10, 10, 12, 13, 13, 10, 11, 10, 13, 10, 13, 10, 12, 13, 13, 11, 10, 11, 12, 12, 11, 12, 13, 13, 10, 13, 13, 10, 10, 10, 10, 11, 13], [10, 13, 12, 10, 12, 12, 13, 11, 13, 11, 10, 12, 11, 13, 12, 12, 11, 10, 12, 11, 10, 11, 13, 11, 13, 13, 13, 12, 10, 13, 12, 11, 11, 11, 10], [13, 13, 10, 13, 10, 11, 10, 13, 10, 10, 13, 12, 13, 12, 10, 13, 11, 12, 13, 13, 12, 11, 10, 10, 10, 12, 13, 10, 10, 12, 12, 10, 10, 10, 11], [13, 13, 10, 12, 12, 11, 13, 10, 12, 10, 13, 11, 11, 12, 13, 11, 12, 12, 12, 12, 13, 10, 10, 13, 13, 10, 10, 13, 11, 13, 12, 13, 11, 10, 11], [10, 11, 12, 10, 11, 10, 11, 11, 13, 13, 13, 13, 11, 11, 10, 10, 11, 12, 12, 10, 11, 10, 12, 13, 12, 12, 13, 10, 11, 10, 11, 12, 13, 11, 11], [10, 10, 11, 12, 10, 13, 13, 10, 11, 13, 10, 12, 10, 11, 12, 11, 10, 13, 10, 13, 11, 11, 13, 10, 12, 10, 10, 12, 12, 13, 11, 11, 10, 11, 12], [10, 10, 11, 10, 13, 11, 12, 13, 13, 13, 10, 13, 12, 12, 13, 11, 11, 11, 12, 10, 11, 13, 13, 12, 12, 10, 10, 10, 13, 12, 10, 11, 11, 10, 13], [13, 11, 12, 12, 11, 10, 12, 10, 13, 11, 13, 12, 11, 12, 12, 13, 11, 13, 11, 10, 10, 10, 12, 12, 13, 11, 12, 10, 10, 13, 11, 12, 13, 11, 10], [12, 13, 12, 11, 11, 11, 12, 13, 12, 11, 12, 13, 11, 10, 10, 11, 12, 11, 11, 11, 11, 12, 10, 11, 11, 11, 10, 10, 11, 13, 10, 11, 13, 12, 12], [11, 11, 10, 12, 12, 11, 13, 12, 12, 10, 11, 11, 13, 13, 11, 11, 12, 13, 10, 10, 13, 12, 10, 13, 12, 11, 11, 11, 10, 10, 12, 11, 12, 10, 11], [13, 13, 10, 11, 11, 12, 12, 11, 10, 12, 13, 11, 13, 11, 11, 12, 11, 10, 12, 13, 10, 13, 10, 11, 13, 12, 11, 10, 10, 12, 11, 10, 10, 13, 10], [10, 13, 12, 10, 12, 13, 12, 12, 12, 10, 11, 11, 13, 12, 10, 10, 13, 11, 10, 13, 10, 11, 11, 10, 11, 12, 13, 11, 13, 12, 13, 13, 10, 11, 12], [12, 13, 12, 11, 10, 11, 10, 12, 10, 10, 12, 10, 12, 12, 12, 13, 11, 11, 10, 13, 11, 13, 11, 10, 10, 10, 13, 11, 10, 11, 13, 11, 12, 13, 12], [13, 12, 12, 12, 11, 13, 12, 10, 11, 11, 12, 13, 11, 10, 10, 12, 13, 11, 10, 12, 13, 10, 11, 11, 13, 10, 10, 11, 13, 11, 13, 11, 11, 12, 12], [10, 11, 13, 12, 10, 12, 12, 13, 13, 10, 13, 10, 10, 12, 10, 12, 12, 10, 13, 11, 12, 10, 10, 13, 10, 12, 13, 11, 13, 13, 10, 12, 13, 13, 11], [13, 10, 12, 12, 12, 10, 11, 11, 12, 12, 12, 13, 11, 10, 11, 10, 10, 12, 10, 13, 10, 13, 11, 10, 13, 10, 11, 12, 12, 11, 10, 13, 12, 10, 11], [10, 10, 11, 10, 10, 10, 11, 10, 10, 13, 10, 11, 12, 12, 13, 11, 11, 13, 13, 11, 10, 10, 10, 11, 12, 12, 12, 13, 12, 11, 10, 13, 12, 10, 12], [11, 13, 13, 13, 13, 11, 10, 13, 10, 10, 12, 11, 12, 11, 10, 13, 12, 12, 11, 12, 10, 12, 12, 11, 11, 11, 13, 12, 13, 12, 13, 10, 12, 13, 12], [12, 12, 10, 12, 12, 10, 11, 11, 12, 12, 13, 13, 10, 10, 12, 13, 11, 13, 10, 12, 11, 12, 10, 11, 13, 12, 11, 10, 11, 13, 10, 13, 13, 12, 11], [12, 10, 11, 10, 10, 10, 13, 10, 13, 10, 13, 11, 12, 13, 12, 11, 12, 10, 10, 10, 12, 12, 10, 10, 13, 10, 12, 13, 13, 12, 12, 12, 11, 12, 12], [10, 11, 11, 11, 10, 13, 13, 10, 11, 13, 10, 13, 10, 12, 10, 10, 10, 13, 12, 10, 12, 12, 10, 10, 11, 12, 10, 13, 12, 10, 12, 11, 10, 11, 11], [10, 11, 10, 10, 11, 10, 11, 11, 10, 10, 11, 12, 12, 10, 11, 13, 13, 10, 12, 13, 12, 12, 13, 12, 13, 11, 13, 11, 11, 10, 11, 10, 11, 10, 10], [10, 10, 11, 10, 10, 11, 11, 13, 11, 11, 10, 12, 10, 12, 10, 11, 11, 12, 13, 11, 10, 10, 13, 10, 11, 10, 11, 13, 10, 13, 10, 11, 13, 12, 13], [10, 13, 13, 11, 13, 11, 13, 13, 13, 12, 13, 11, 13, 13, 13, 10, 13, 10, 13, 11, 11, 10, 10, 10, 10, 10, 11, 13, 12, 12, 13, 13, 10, 10, 12]]
Inventory holding cost per unit of each product by the end of each period h: 
[[8, 7, 5, 7, 7, 5, 5, 6, 6, 5, 5, 9, 9, 8, 7, 8, 6, 9, 5, 9, 6, 8, 8, 5, 8, 9, 8, 5, 6, 8, 5, 6, 6, 6, 7], [9, 6, 8, 7, 7, 7, 7, 8, 8, 8, 8, 7, 8, 8, 5, 8, 5, 7, 6, 8, 7, 9, 6, 9, 5, 5, 8, 9, 6, 5, 7, 7, 6, 9, 9], [7, 7, 7, 7, 6, 6, 5, 9, 6, 5, 5, 7, 7, 7, 5, 5, 9, 5, 8, 5, 7, 5, 9, 6, 7, 5, 6, 6, 7, 7, 9, 8, 5, 6, 5], [6, 9, 8, 5, 5, 8, 8, 6, 9, 8, 7, 7, 7, 5, 8, 5, 5, 9, 6, 8, 7, 9, 6, 9, 9, 9, 5, 7, 5, 6, 7, 8, 9, 8, 8], [6, 5, 7, 6, 9, 6, 5, 8, 9, 7, 5, 9, 7, 9, 5, 9, 8, 7, 7, 5, 7, 8, 5, 6, 7, 5, 9, 6, 6, 9, 8, 6, 7, 6, 5], [6, 5, 6, 5, 8, 5, 7, 6, 7, 5, 5, 9, 6, 6, 9, 5, 8, 7, 5, 9, 7, 6, 8, 9, 6, 6, 7, 8, 7, 9, 5, 7, 8, 8, 6], [6, 8, 6, 9, 6, 8, 6, 5, 7, 6, 7, 7, 5, 6, 5, 6, 9, 6, 9, 9, 5, 8, 8, 6, 6, 9, 9, 6, 9, 5, 8, 6, 5, 5, 8], [7, 6, 5, 7, 9, 6, 6, 7, 8, 7, 7, 7, 5, 9, 8, 5, 8, 9, 7, 8, 8, 9, 5, 9, 5, 6, 8, 8, 7, 5, 7, 7, 7, 5, 5], [5, 6, 8, 8, 6, 6, 9, 9, 6, 8, 9, 6, 9, 7, 9, 6, 8, 6, 8, 8, 5, 9, 5, 8, 9, 9, 8, 6, 6, 6, 8, 7, 7, 7, 8], [6, 7, 5, 6, 6, 7, 8, 9, 9, 5, 8, 9, 5, 5, 7, 9, 7, 7, 8, 6, 9, 8, 6, 7, 6, 8, 7, 7, 5, 6, 9, 5, 5, 9, 6], [7, 5, 6, 6, 9, 6, 6, 8, 8, 9, 9, 7, 6, 8, 6, 7, 8, 9, 8, 8, 8, 7, 5, 6, 7, 5, 8, 6, 9, 5, 9, 7, 7, 9, 9], [9, 7, 6, 6, 5, 7, 5, 8, 6, 5, 5, 9, 5, 7, 6, 5, 9, 6, 5, 6, 9, 9, 5, 7, 7, 9, 9, 9, 5, 8, 8, 6, 7, 5, 7], [5, 8, 8, 9, 7, 8, 5, 8, 6, 6, 8, 6, 6, 9, 7, 9, 7, 5, 8, 5, 6, 9, 7, 6, 5, 5, 7, 9, 7, 8, 8, 9, 5, 8, 5], [8, 7, 8, 5, 9, 5, 7, 7, 8, 7, 6, 6, 7, 9, 6, 9, 9, 6, 9, 6, 9, 7, 6, 5, 5, 8, 7, 9, 8, 8, 6, 8, 6, 7, 5], [9, 9, 7, 8, 5, 7, 8, 9, 7, 8, 9, 5, 8, 9, 9, 6, 9, 5, 6, 5, 8, 5, 8, 9, 6, 8, 6, 9, 5, 5, 5, 5, 8, 9, 8], [5, 5, 5, 5, 9, 5, 7, 7, 6, 8, 9, 5, 6, 7, 6, 6, 8, 7, 7, 9, 7, 7, 7, 5, 5, 9, 9, 5, 8, 6, 7, 7, 5, 5, 8], [6, 5, 9, 9, 8, 7, 8, 7, 5, 5, 8, 8, 8, 7, 8, 8, 7, 5, 8, 9, 8, 9, 6, 5, 8, 7, 7, 8, 9, 9, 7, 9, 9, 6, 8], [5, 5, 7, 5, 6, 5, 5, 8, 5, 8, 9, 7, 6, 9, 9, 9, 7, 7, 5, 7, 5, 7, 6, 6, 8, 9, 8, 9, 9, 5, 5, 8, 8, 8, 9], [7, 9, 7, 8, 6, 8, 7, 8, 5, 9, 9, 6, 5, 8, 6, 8, 5, 5, 7, 8, 5, 7, 6, 5, 8, 6, 8, 8, 6, 6, 6, 9, 8, 6, 8], [8, 8, 6, 8, 8, 7, 6, 8, 6, 7, 5, 8, 8, 7, 9, 5, 6, 8, 7, 9, 6, 8, 8, 5, 8, 8, 7, 9, 5, 6, 7, 9, 7, 9, 7], [6, 8, 5, 6, 9, 6, 7, 8, 5, 7, 9, 9, 9, 8, 8, 6, 7, 9, 6, 9, 5, 5, 5, 7, 9, 7, 5, 8, 9, 7, 6, 9, 6, 7, 5], [9, 5, 6, 8, 9, 6, 7, 7, 5, 8, 9, 7, 5, 7, 5, 8, 9, 9, 9, 5, 5, 8, 6, 9, 8, 8, 5, 7, 8, 8, 7, 5, 5, 9, 7], [8, 8, 8, 9, 6, 5, 8, 8, 8, 6, 5, 8, 8, 6, 7, 7, 5, 8, 8, 6, 5, 7, 8, 9, 5, 8, 8, 9, 9, 7, 5, 5, 9, 9, 8], [5, 8, 5, 9, 5, 6, 7, 9, 6, 5, 8, 8, 6, 8, 7, 7, 7, 7, 6, 8, 7, 8, 6, 9, 8, 7, 5, 5, 7, 7, 5, 8, 5, 6, 9], [8, 8, 5, 6, 5, 6, 7, 9, 9, 8, 9, 8, 8, 7, 9, 8, 8, 5, 7, 8, 9, 8, 6, 7, 9, 8, 9, 7, 7, 5, 5, 8, 7, 5, 8], [5, 8, 8, 7, 8, 6, 8, 7, 5, 8, 8, 8, 6, 6, 6, 5, 9, 6, 5, 6, 8, 7, 8, 5, 8, 7, 9, 5, 8, 9, 6, 7, 8, 7, 5], [6, 8, 6, 8, 9, 8, 8, 7, 5, 6, 9, 7, 6, 5, 5, 8, 5, 5, 9, 8, 5, 9, 6, 9, 8, 6, 9, 8, 5, 6, 7, 8, 8, 7, 6], [8, 8, 6, 9, 5, 7, 5, 6, 8, 9, 8, 6, 8, 6, 6, 5, 5, 5, 8, 7, 9, 9, 8, 7, 9, 5, 6, 8, 6, 9, 9, 8, 9, 6, 6], [6, 5, 9, 6, 9, 9, 6, 5, 6, 9, 9, 6, 9, 5, 5, 7, 6, 8, 8, 6, 6, 8, 8, 5, 8, 5, 7, 5, 5, 8, 5, 5, 6, 9, 9], [6, 5, 6, 7, 5, 8, 7, 6, 5, 9, 8, 5, 8, 5, 6, 6, 8, 8, 7, 5, 6, 5, 7, 5, 8, 9, 6, 6, 9, 8, 6, 7, 8, 9, 9], [8, 7, 5, 6, 9, 8, 5, 8, 7, 9, 8, 8, 8, 8, 9, 9, 8, 8, 6, 5, 6, 6, 5, 6, 9, 7, 8, 6, 8, 8, 9, 6, 7, 9, 5], [5, 6, 9, 5, 5, 8, 5, 8, 8, 6, 5, 5, 8, 7, 5, 8, 7, 7, 9, 7, 7, 9, 7, 7, 8, 6, 9, 8, 8, 8, 8, 5, 5, 5, 6], [6, 6, 7, 9, 8, 5, 9, 8, 6, 6, 9, 7, 7, 9, 8, 8, 9, 7, 5, 6, 7, 5, 6, 5, 8, 6, 5, 6, 8, 8, 8, 8, 7, 8, 8], [7, 7, 8, 7, 9, 9, 7, 6, 6, 7, 8, 5, 7, 8, 8, 9, 6, 9, 8, 6, 6, 6, 7, 9, 7, 5, 8, 8, 7, 7, 6, 6, 6, 6, 9], [5, 7, 6, 9, 6, 5, 7, 9, 8, 9, 6, 8, 5, 8, 9, 8, 6, 8, 8, 6, 9, 9, 5, 6, 6, 5, 9, 9, 9, 8, 5, 5, 8, 8, 7], [6, 6, 8, 7, 5, 5, 6, 6, 7, 8, 7, 8, 8, 7, 9, 9, 6, 6, 9, 5, 6, 7, 7, 7, 7, 8, 9, 6, 9, 9, 5, 9, 8, 5, 6], [8, 9, 8, 5, 9, 7, 9, 5, 8, 5, 5, 8, 5, 9, 7, 7, 9, 7, 5, 5, 7, 9, 5, 6, 7, 6, 8, 9, 9, 7, 9, 9, 9, 8, 5], [9, 8, 8, 9, 8, 5, 6, 8, 5, 9, 6, 7, 9, 8, 6, 9, 9, 5, 8, 7, 5, 7, 8, 6, 9, 5, 6, 5, 9, 8, 5, 7, 7, 9, 7], [7, 9, 9, 9, 8, 8, 6, 5, 7, 7, 8, 5, 8, 9, 5, 9, 5, 6, 8, 8, 5, 7, 5, 6, 9, 5, 5, 8, 8, 6, 8, 7, 9, 9, 9], [6, 6, 6, 8, 6, 5, 7, 7, 8, 6, 9, 7, 7, 8, 9, 6, 9, 8, 6, 6, 6, 6, 8, 8, 9, 9, 8, 5, 8, 9, 8, 9, 6, 9, 5], [5, 8, 5, 8, 8, 9, 9, 6, 5, 8, 7, 7, 7, 9, 9, 9, 5, 7, 5, 5, 7, 7, 6, 7, 9, 7, 6, 5, 8, 5, 5, 8, 8, 8, 5], [6, 9, 7, 6, 9, 7, 6, 9, 7, 7, 6, 6, 7, 6, 7, 9, 6, 9, 8, 7, 5, 9, 5, 6, 9, 9, 6, 7, 6, 8, 9, 5, 8, 9, 6], [7, 6, 5, 6, 8, 5, 9, 8, 6, 9, 9, 7, 5, 5, 9, 7, 7, 9, 8, 8, 8, 9, 8, 6, 8, 6, 6, 8, 5, 7, 5, 9, 8, 5, 6], [7, 8, 9, 7, 8, 6, 9, 8, 6, 9, 9, 8, 7, 6, 5, 7, 7, 8, 8, 5, 5, 6, 6, 8, 9, 6, 5, 5, 9, 5, 5, 5, 7, 6, 6], [9, 9, 9, 5, 5, 8, 5, 8, 9, 7, 5, 6, 6, 7, 6, 8, 5, 8, 9, 8, 7, 6, 8, 8, 6, 6, 9, 8, 6, 9, 8, 6, 8, 5, 8], [6, 7, 7, 9, 5, 8, 8, 5, 5, 9, 8, 7, 9, 6, 9, 9, 8, 8, 8, 6, 8, 9, 5, 7, 5, 6, 6, 5, 8, 8, 8, 7, 9, 8, 6], [8, 8, 7, 8, 5, 8, 5, 7, 5, 6, 8, 5, 6, 9, 9, 6, 5, 5, 7, 6, 6, 5, 6, 9, 9, 8, 7, 5, 6, 5, 8, 8, 7, 7, 8], [8, 8, 5, 9, 6, 7, 9, 7, 8, 8, 7, 6, 9, 9, 9, 8, 7, 9, 6, 5, 9, 9, 9, 9, 9, 5, 9, 6, 6, 6, 7, 6, 8, 8, 9], [6, 9, 9, 7, 8, 6, 8, 6, 8, 8, 9, 8, 8, 6, 9, 5, 8, 6, 9, 9, 8, 8, 7, 9, 9, 5, 5, 7, 5, 5, 7, 9, 8, 7, 7], [5, 5, 6, 8, 6, 9, 8, 8, 9, 5, 7, 5, 5, 8, 8, 9, 6, 8, 6, 6, 5, 5, 8, 6, 7, 8, 7, 9, 9, 7, 8, 8, 6, 9, 5], [7, 6, 9, 8, 8, 5, 7, 9, 9, 8, 9, 7, 8, 9, 8, 5, 8, 7, 6, 6, 9, 7, 7, 6, 5, 9, 8, 7, 6, 9, 6, 7, 7, 8, 9], [7, 5, 7, 7, 8, 5, 9, 8, 8, 7, 5, 7, 8, 7, 7, 7, 5, 7, 9, 6, 8, 5, 9, 7, 6, 8, 8, 5, 7, 7, 6, 9, 9, 5, 9], [5, 9, 5, 7, 8, 5, 8, 6, 8, 8, 9, 6, 6, 5, 5, 8, 5, 9, 7, 7, 6, 6, 6, 7, 9, 5, 5, 7, 6, 9, 7, 8, 8, 6, 7], [8, 7, 6, 6, 6, 6, 8, 7, 6, 8, 9, 8, 5, 7, 7, 5, 5, 5, 5, 9, 5, 7, 6, 7, 7, 7, 9, 7, 9, 5, 6, 5, 6, 7, 8], [6, 5, 9, 7, 9, 8, 9, 6, 8, 8, 9, 6, 8, 5, 5, 6, 8, 8, 7, 7, 5, 7, 9, 8, 7, 5, 8, 6, 7, 7, 7, 8, 5, 7, 7], [6, 5, 9, 6, 9, 5, 6, 9, 8, 6, 9, 6, 7, 7, 7, 9, 5, 8, 6, 9, 7, 8, 9, 9, 8, 7, 6, 7, 7, 5, 8, 8, 6, 5, 5], [9, 9, 6, 9, 6, 8, 6, 5, 9, 5, 9, 5, 8, 5, 9, 6, 7, 8, 7, 6, 5, 7, 6, 9, 6, 6, 8, 6, 5, 8, 7, 9, 7, 5, 7], [8, 6, 9, 9, 5, 5, 5, 8, 9, 7, 9, 7, 9, 5, 7, 7, 9, 8, 9, 7, 6, 7, 5, 5, 7, 7, 6, 8, 9, 8, 5, 9, 6, 5, 5], [5, 7, 6, 6, 9, 9, 5, 6, 5, 6, 8, 5, 6, 8, 9, 5, 7, 7, 8, 5, 5, 8, 8, 5, 6, 8, 6, 6, 6, 9, 7, 7, 9, 5, 7], [6, 8, 5, 8, 7, 5, 5, 9, 6, 7, 8, 6, 9, 8, 7, 9, 8, 8, 5, 6, 9, 7, 6, 6, 5, 6, 6, 9, 7, 9, 6, 7, 5, 5, 9], [8, 6, 7, 8, 8, 7, 5, 8, 6, 5, 6, 5, 6, 5, 5, 7, 5, 5, 9, 9, 6, 5, 9, 6, 6, 9, 9, 6, 7, 9, 6, 8, 5, 8, 7], [5, 8, 6, 6, 6, 7, 8, 5, 9, 9, 9, 7, 8, 7, 6, 6, 7, 9, 8, 6, 5, 7, 9, 8, 9, 7, 9, 8, 8, 6, 8, 7, 7, 6, 9], [5, 7, 8, 6, 6, 8, 8, 8, 9, 8, 8, 5, 5, 9, 5, 7, 9, 8, 8, 9, 6, 9, 6, 8, 6, 5, 8, 6, 6, 5, 5, 7, 5, 9, 8], [7, 9, 7, 7, 6, 7, 7, 7, 5, 7, 6, 9, 8, 7, 6, 6, 9, 7, 7, 8, 9, 6, 8, 7, 6, 6, 7, 9, 5, 7, 8, 7, 9, 8, 5], [9, 9, 7, 5, 5, 8, 7, 8, 9, 7, 6, 8, 7, 7, 9, 9, 7, 9, 9, 9, 5, 9, 5, 7, 5, 8, 7, 7, 6, 6, 8, 5, 9, 5, 5], [9, 9, 9, 7, 7, 6, 5, 7, 9, 9, 9, 5, 5, 9, 6, 9, 7, 9, 6, 8, 7, 7, 6, 7, 8, 6, 6, 8, 8, 8, 7, 5, 5, 8, 5], [7, 7, 8, 5, 7, 6, 5, 5, 9, 9, 8, 6, 7, 9, 8, 8, 7, 7, 5, 5, 6, 7, 7, 9, 8, 7, 5, 5, 8, 7, 6, 8, 6, 5, 5], [5, 8, 6, 8, 6, 6, 8, 8, 7, 7, 5, 9, 6, 6, 9, 5, 9, 7, 8, 9, 7, 9, 6, 7, 5, 6, 8, 7, 6, 5, 6, 6, 7, 8, 5], [5, 9, 8, 6, 8, 7, 9, 5, 8, 9, 9, 9, 6, 5, 9, 6, 8, 8, 5, 5, 8, 9, 8, 6, 8, 9, 6, 7, 7, 7, 5, 5, 9, 6, 9], [6, 8, 6, 9, 6, 7, 8, 5, 8, 8, 9, 9, 8, 5, 9, 9, 7, 6, 5, 6, 8, 5, 6, 6, 8, 6, 6, 9, 8, 9, 5, 8, 6, 5, 9], [5, 9, 8, 6, 5, 8, 7, 8, 5, 7, 6, 7, 5, 6, 5, 6, 6, 5, 6, 6, 6, 9, 6, 9, 5, 9, 6, 7, 8, 8, 9, 7, 6, 5, 9], [6, 6, 9, 6, 9, 6, 9, 8, 9, 6, 5, 8, 7, 8, 6, 9, 5, 5, 9, 9, 6, 9, 7, 7, 5, 6, 7, 5, 5, 7, 5, 7, 7, 8, 8], [6, 7, 9, 5, 7, 7, 5, 9, 9, 7, 9, 9, 8, 9, 6, 9, 9, 6, 5, 6, 6, 5, 7, 7, 9, 9, 8, 7, 9, 5, 8, 5, 7, 8, 7], [5, 5, 6, 7, 6, 9, 7, 5, 8, 6, 5, 7, 9, 5, 8, 9, 5, 9, 8, 6, 8, 6, 9, 8, 6, 5, 8, 7, 9, 5, 8, 6, 9, 9, 9], [8, 9, 7, 8, 6, 6, 8, 7, 8, 8, 9, 6, 8, 5, 9, 9, 6, 7, 9, 5, 9, 9, 8, 8, 7, 6, 5, 5, 8, 8, 5, 8, 7, 6, 9], [6, 7, 5, 6, 7, 7, 6, 6, 9, 8, 5, 8, 5, 9, 6, 9, 5, 5, 7, 5, 7, 8, 7, 5, 7, 5, 9, 8, 5, 6, 9, 7, 9, 8, 9], [7, 8, 8, 5, 9, 6, 7, 8, 5, 7, 6, 9, 8, 7, 8, 9, 5, 9, 9, 8, 7, 5, 9, 5, 6, 8, 8, 5, 6, 8, 6, 8, 9, 9, 8], [8, 9, 5, 9, 8, 9, 7, 6, 7, 8, 8, 9, 7, 9, 6, 7, 5, 8, 9, 9, 8, 7, 7, 6, 9, 8, 9, 5, 8, 6, 7, 5, 7, 5, 6], [8, 6, 6, 5, 9, 6, 9, 8, 5, 6, 6, 9, 7, 6, 6, 9, 8, 7, 9, 6, 9, 9, 6, 5, 6, 8, 8, 8, 5, 5, 6, 6, 9, 7, 9], [8, 9, 7, 8, 9, 5, 5, 9, 5, 7, 9, 7, 8, 6, 8, 9, 7, 7, 8, 9, 5, 8, 7, 8, 6, 7, 5, 8, 6, 9, 7, 5, 5, 5, 9], [9, 9, 9, 9, 7, 9, 8, 7, 6, 6, 7, 5, 6, 9, 8, 8, 9, 9, 7, 9, 5, 7, 8, 7, 5, 5, 9, 8, 9, 6, 9, 6, 6, 8, 7], [7, 7, 8, 7, 6, 9, 5, 8, 6, 7, 5, 6, 7, 5, 5, 7, 5, 7, 6, 8, 6, 7, 8, 5, 7, 5, 8, 9, 9, 7, 9, 7, 8, 5, 8], [6, 7, 9, 7, 7, 5, 6, 7, 7, 5, 8, 8, 5, 5, 5, 9, 8, 6, 8, 6, 5, 6, 8, 5, 6, 7, 6, 6, 9, 9, 6, 6, 7, 6, 8], [6, 5, 8, 9, 7, 7, 7, 8, 7, 5, 8, 8, 8, 6, 5, 6, 9, 5, 8, 7, 5, 5, 8, 5, 6, 6, 5, 9, 7, 5, 7, 8, 5, 7, 8], [8, 5, 8, 7, 6, 9, 7, 7, 7, 5, 9, 6, 9, 5, 5, 8, 5, 8, 8, 8, 6, 5, 5, 7, 6, 5, 9, 8, 8, 5, 5, 5, 7, 9, 5], [5, 9, 5, 5, 9, 7, 5, 5, 9, 8, 9, 8, 6, 9, 7, 8, 7, 6, 5, 9, 7, 7, 9, 8, 5, 5, 7, 6, 6, 9, 9, 8, 7, 6, 6], [9, 8, 7, 9, 7, 6, 5, 9, 8, 5, 7, 6, 6, 6, 9, 7, 6, 7, 6, 7, 5, 6, 8, 5, 9, 7, 9, 9, 9, 9, 9, 9, 7, 6, 8], [7, 5, 6, 5, 8, 7, 9, 9, 6, 6, 8, 9, 6, 5, 6, 8, 9, 6, 8, 9, 7, 7, 9, 6, 7, 8, 7, 7, 6, 9, 5, 6, 5, 5, 7], [6, 8, 6, 8, 7, 6, 7, 9, 7, 6, 9, 6, 6, 8, 9, 8, 7, 9, 8, 9, 5, 9, 5, 8, 7, 8, 8, 6, 6, 5, 9, 7, 7, 8, 6], [8, 6, 9, 6, 9, 8, 7, 7, 6, 7, 7, 8, 8, 7, 5, 7, 8, 7, 9, 6, 9, 8, 8, 5, 6, 5, 9, 8, 6, 5, 6, 6, 9, 5, 8], [5, 9, 5, 9, 9, 8, 7, 5, 7, 8, 5, 7, 5, 6, 8, 5, 7, 5, 7, 7, 9, 9, 5, 9, 7, 7, 5, 8, 7, 9, 8, 6, 7, 8, 8], [5, 9, 8, 5, 7, 9, 5, 5, 9, 9, 9, 7, 7, 7, 5, 6, 9, 5, 7, 7, 8, 7, 8, 7, 8, 7, 8, 8, 9, 8, 6, 8, 8, 9, 5], [7, 5, 6, 5, 8, 9, 6, 9, 6, 5, 6, 5, 7, 6, 5, 7, 7, 5, 9, 9, 9, 7, 9, 7, 7, 8, 8, 6, 8, 8, 8, 5, 7, 9, 7], [8, 5, 6, 9, 9, 5, 6, 6, 5, 6, 9, 8, 8, 8, 8, 5, 8, 8, 7, 8, 5, 7, 5, 9, 6, 8, 7, 9, 8, 9, 9, 7, 8, 7, 9], [9, 9, 5, 8, 6, 9, 5, 5, 9, 5, 7, 6, 5, 5, 8, 8, 7, 6, 5, 5, 6, 8, 9, 6, 9, 9, 7, 6, 7, 7, 5, 7, 8, 6, 8], [7, 9, 7, 6, 5, 6, 8, 7, 8, 8, 8, 7, 5, 5, 5, 6, 7, 7, 6, 9, 6, 5, 9, 8, 8, 9, 8, 6, 6, 6, 5, 7, 5, 7, 7], [6, 6, 6, 8, 5, 8, 7, 9, 5, 6, 7, 6, 9, 6, 8, 8, 9, 9, 8, 8, 8, 6, 9, 5, 7, 9, 7, 7, 7, 8, 9, 7, 9, 6, 7], [5, 5, 5, 9, 8, 9, 6, 5, 5, 6, 6, 8, 6, 8, 7, 7, 7, 8, 5, 9, 5, 8, 9, 8, 6, 5, 8, 5, 6, 6, 5, 9, 5, 7, 6], [8, 6, 6, 8, 9, 8, 6, 5, 5, 5, 9, 7, 6, 9, 9, 6, 8, 6, 9, 6, 6, 7, 7, 9, 5, 7, 7, 8, 5, 5, 9, 5, 9, 5, 5], [7, 5, 6, 7, 6, 6, 7, 9, 8, 9, 9, 8, 9, 6, 9, 7, 7, 6, 8, 6, 8, 7, 9, 6, 6, 5, 8, 5, 9, 6, 9, 6, 8, 6, 8], [5, 7, 9, 6, 7, 9, 6, 7, 8, 7, 8, 7, 9, 8, 6, 8, 9, 5, 9, 7, 6, 9, 6, 7, 9, 6, 6, 6, 6, 5, 7, 8, 7, 9, 6], [7, 6, 8, 9, 7, 5, 5, 7, 5, 8, 9, 7, 6, 5, 9, 7, 5, 5, 7, 9, 5, 6, 6, 7, 8, 8, 9, 5, 6, 8, 6, 9, 7, 6, 6], [5, 6, 8, 5, 8, 9, 9, 7, 9, 5, 5, 9, 6, 8, 6, 5, 6, 8, 7, 5, 7, 7, 9, 6, 8, 5, 6, 9, 7, 6, 5, 6, 5, 8, 9], [6, 7, 6, 9, 6, 7, 8, 9, 5, 9, 9, 9, 8, 8, 8, 5, 5, 5, 8, 5, 5, 7, 5, 6, 7, 5, 6, 7, 6, 9, 9, 6, 9, 5, 9], [9, 8, 8, 9, 5, 6, 5, 7, 7, 5, 8, 6, 6, 9, 5, 9, 8, 9, 5, 8, 9, 6, 5, 8, 7, 8, 6, 9, 7, 5, 6, 5, 6, 8, 8], [7, 9, 8, 8, 9, 8, 8, 5, 5, 7, 6, 9, 6, 5, 7, 5, 6, 6, 5, 8, 8, 5, 7, 9, 8, 6, 6, 7, 7, 6, 8, 6, 5, 5, 6], [5, 9, 7, 5, 7, 5, 6, 8, 8, 8, 8, 6, 6, 9, 6, 5, 6, 5, 8, 8, 8, 5, 5, 7, 9, 6, 5, 7, 7, 6, 8, 9, 8, 5, 9], [5, 8, 9, 9, 9, 9, 5, 9, 8, 9, 9, 6, 6, 8, 6, 6, 7, 5, 6, 5, 6, 8, 5, 7, 6, 8, 9, 9, 6, 8, 7, 6, 9, 9, 9], [8, 9, 5, 9, 7, 7, 8, 6, 5, 8, 9, 5, 7, 5, 5, 9, 7, 8, 7, 8, 8, 5, 7, 8, 9, 7, 5, 7, 7, 9, 9, 8, 9, 8, 8], [8, 9, 6, 7, 8, 9, 8, 6, 6, 7, 9, 9, 7, 5, 7, 5, 5, 5, 7, 8, 9, 7, 9, 8, 6, 7, 6, 7, 6, 7, 9, 9, 6, 5, 5], [6, 7, 6, 5, 6, 6, 6, 7, 8, 9, 5, 6, 9, 6, 8, 7, 5, 5, 7, 8, 9, 7, 7, 7, 9, 8, 7, 5, 6, 5, 9, 9, 7, 6, 7], [8, 8, 9, 5, 9, 5, 8, 5, 7, 8, 8, 8, 5, 7, 6, 5, 7, 5, 5, 7, 5, 7, 7, 5, 8, 6, 5, 6, 6, 7, 7, 6, 6, 5, 5], [6, 8, 7, 7, 7, 7, 7, 8, 9, 5, 8, 6, 5, 9, 6, 5, 6, 6, 6, 7, 8, 6, 9, 5, 5, 9, 5, 9, 9, 5, 5, 5, 6, 6, 6], [6, 6, 7, 7, 8, 8, 9, 5, 6, 9, 9, 8, 6, 9, 9, 7, 7, 9, 7, 5, 6, 5, 5, 8, 5, 8, 8, 6, 7, 5, 7, 9, 7, 9, 6], [9, 9, 9, 6, 7, 5, 9, 8, 8, 8, 8, 6, 6, 5, 9, 9, 7, 9, 5, 6, 5, 6, 6, 8, 9, 5, 9, 7, 6, 9, 6, 7, 6, 7, 5], [6, 9, 6, 7, 8, 9, 6, 9, 6, 7, 8, 8, 7, 8, 5, 5, 6, 9, 7, 7, 9, 8, 9, 8, 5, 5, 5, 6, 9, 6, 6, 7, 9, 7, 6], [9, 8, 9, 5, 5, 8, 9, 8, 7, 8, 7, 7, 9, 9, 8, 9, 5, 7, 6, 7, 8, 5, 8, 5, 8, 6, 5, 6, 5, 9, 6, 7, 6, 6, 9], [5, 9, 5, 9, 9, 6, 5, 6, 5, 9, 6, 5, 8, 5, 8, 6, 9, 5, 5, 8, 8, 9, 5, 8, 6, 5, 7, 9, 9, 8, 9, 7, 7, 6, 7], [7, 5, 5, 5, 6, 7, 7, 9, 8, 7, 8, 9, 6, 8, 6, 9, 8, 5, 7, 5, 8, 9, 8, 7, 9, 9, 5, 7, 8, 6, 7, 8, 9, 5, 7], [9, 5, 8, 5, 7, 8, 6, 8, 7, 7, 9, 6, 6, 7, 5, 9, 8, 7, 5, 6, 5, 6, 6, 6, 7, 8, 9, 9, 6, 6, 5, 9, 6, 8, 9], [6, 5, 9, 7, 8, 6, 5, 6, 9, 9, 5, 5, 9, 9, 6, 7, 7, 5, 8, 5, 8, 8, 7, 8, 7, 5, 5, 8, 9, 5, 5, 6, 7, 5, 8], [8, 5, 6, 8, 6, 6, 7, 9, 8, 8, 6, 8, 8, 8, 6, 8, 5, 6, 8, 5, 9, 9, 9, 8, 8, 8, 6, 9, 5, 6, 6, 7, 8, 6, 7], [9, 7, 7, 6, 5, 9, 6, 9, 6, 5, 5, 5, 8, 5, 5, 6, 8, 9, 5, 5, 6, 6, 8, 8, 8, 8, 5, 8, 8, 5, 9, 8, 8, 9, 6], [5, 5, 6, 6, 8, 7, 8, 9, 7, 6, 5, 9, 9, 9, 7, 8, 9, 7, 8, 5, 6, 6, 5, 5, 8, 9, 9, 7, 5, 8, 5, 5, 8, 5, 5], [7, 7, 9, 5, 5, 9, 8, 5, 6, 7, 9, 8, 8, 7, 6, 9, 7, 5, 7, 6, 8, 9, 9, 6, 6, 5, 5, 5, 7, 8, 6, 5, 6, 9, 8]]
Demand for each product in each period d: 
[[23, 0, 40, 2, 48, 42, 41, 30, 24, 40, 18, 45, 6, 44, 15, 31, 25, 0, 0, 27, 44, 39, 48, 5, 17, 16, 3, 1, 48, 0, 44, 11, 11, 5, 45], [28, 12, 0, 22, 46, 17, 9, 40, 0, 24, 15, 37, 13, 23, 2, 46, 23, 22, 10, 13, 41, 43, 0, 15, 26, 46, 47, 45, 10, 33, 34, 0, 17, 14, 24], [45, 15, 2, 44, 33, 0, 9, 0, 11, 19, 41, 21, 17, 44, 49, 3, 40, 42, 16, 6, 9, 4, 39, 35, 18, 43, 28, 13, 35, 0, 37, 36, 2, 28, 32], [0, 46, 24, 20, 18, 20, 30, 2, 25, 7, 15, 37, 34, 48, 10, 21, 25, 36, 22, 34, 27, 23, 22, 47, 14, 0, 3, 42, 39, 11, 16, 32, 24, 46, 11], [1, 0, 1, 29, 40, 13, 25, 0, 12, 34, 0, 2, 7, 45, 23, 42, 16, 10, 19, 32, 40, 17, 34, 39, 0, 38, 37, 37, 29, 0, 40, 34, 29, 8, 7], [2, 27, 1, 24, 41, 44, 42, 5, 16, 39, 43, 3, 43, 12, 28, 43, 47, 27, 0, 30, 0, 1, 32, 32, 3, 38, 38, 43, 0, 31, 1, 20, 18, 0, 17], [43, 24, 10, 10, 30, 25, 43, 28, 17, 31, 39, 19, 42, 40, 3, 0, 36, 15, 33, 27, 20, 26, 5, 16, 41, 24, 0, 5, 35, 0, 27, 20, 43, 3, 41], [0, 45, 25, 23, 43, 7, 45, 41, 0, 32, 25, 13, 14, 33, 23, 34, 14, 45, 20, 46, 21, 0, 22, 21, 2, 30, 8, 41, 35, 35, 41, 26, 42, 15, 9], [13, 46, 3, 30, 0, 38, 26, 30, 39, 41, 6, 42, 43, 32, 24, 10, 7, 2, 43, 47, 34, 45, 18, 21, 49, 33, 31, 16, 20, 24, 8, 0, 28, 38, 3], [32, 27, 15, 18, 7, 37, 43, 33, 12, 44, 23, 9, 36, 13, 11, 38, 11, 33, 24, 43, 8, 44, 49, 36, 6, 13, 39, 8, 49, 21, 27, 27, 21, 37, 4], [11, 24, 16, 40, 30, 8, 3, 34, 0, 41, 37, 38, 33, 12, 0, 33, 36, 0, 37, 41, 36, 28, 1, 29, 9, 29, 36, 45, 0, 15, 8, 45, 49, 29, 42], [27, 28, 42, 47, 38, 0, 46, 11, 14, 0, 22, 17, 0, 18, 10, 47, 47, 30, 7, 18, 18, 44, 16, 17, 3, 11, 48, 17, 3, 13, 32, 41, 12, 41, 12], [0, 35, 23, 48, 16, 19, 24, 47, 20, 11, 42, 17, 46, 6, 45, 19, 13, 17, 11, 0, 21, 35, 38, 10, 10, 40, 19, 35, 41, 45, 31, 0, 34, 22, 16], [35, 35, 25, 29, 45, 6, 8, 39, 0, 21, 4, 28, 8, 26, 45, 42, 42, 4, 5, 10, 8, 36, 0, 48, 28, 13, 16, 37, 4, 31, 48, 36, 27, 9, 5], [22, 38, 26, 21, 13, 3, 9, 36, 14, 4, 34, 23, 1, 46, 49, 25, 0, 28, 37, 28, 41, 26, 23, 0, 0, 39, 22, 11, 29, 0, 12, 37, 6, 14, 34], [12, 5, 17, 49, 35, 39, 49, 39, 43, 20, 22, 29, 29, 48, 49, 0, 28, 23, 15, 39, 5, 46, 38, 4, 8, 40, 32, 25, 2, 28, 0, 35, 0, 18, 5], [39, 18, 11, 34, 39, 38, 7, 1, 41, 49, 0, 0, 32, 48, 25, 27, 17, 17, 22, 14, 36, 7, 48, 14, 27, 28, 10, 38, 5, 4, 24, 47, 34, 44, 39], [10, 44, 9, 32, 17, 14, 0, 8, 49, 18, 21, 5, 46, 27, 48, 40, 14, 43, 35, 8, 28, 11, 6, 22, 21, 3, 45, 0, 24, 31, 26, 29, 13, 12, 45], [47, 17, 36, 38, 33, 9, 7, 3, 10, 30, 43, 3, 5, 6, 4, 15, 31, 0, 12, 4, 33, 32, 0, 16, 12, 20, 35, 29, 29, 21, 47, 47, 5, 7, 41], [47, 28, 40, 1, 4, 18, 46, 2, 41, 19, 18, 10, 44, 34, 47, 35, 16, 34, 13, 41, 25, 41, 35, 47, 37, 9, 26, 46, 31, 0, 8, 21, 33, 38, 22], [12, 36, 8, 31, 6, 17, 0, 6, 31, 1, 31, 17, 35, 25, 8, 5, 31, 34, 9, 31, 0, 23, 47, 11, 32, 29, 33, 26, 13, 19, 25, 12, 32, 39, 4], [13, 29, 0, 5, 0, 37, 1, 42, 26, 30, 37, 46, 6, 42, 22, 18, 36, 0, 24, 0, 29, 41, 27, 42, 0, 13, 17, 47, 23, 5, 29, 20, 0, 16, 11], [10, 37, 6, 42, 31, 38, 29, 2, 46, 17, 9, 16, 15, 32, 5, 2, 13, 21, 34, 44, 30, 32, 38, 3, 6, 13, 1, 42, 29, 25, 14, 48, 10, 6, 12], [43, 38, 46, 29, 26, 18, 21, 32, 35, 19, 12, 40, 8, 20, 33, 6, 14, 0, 32, 15, 14, 15, 25, 22, 44, 41, 17, 44, 47, 8, 0, 44, 32, 15, 17], [0, 0, 25, 12, 29, 29, 6, 6, 27, 0, 3, 46, 27, 37, 18, 17, 8, 7, 24, 30, 44, 39, 0, 32, 12, 34, 19, 32, 10, 7, 7, 27, 34, 25, 10], [32, 21, 16, 48, 29, 27, 22, 29, 36, 48, 5, 48, 2, 22, 19, 9, 41, 27, 41, 45, 8, 38, 34, 47, 33, 5, 10, 1, 42, 49, 0, 6, 18, 23, 3], [40, 29, 45, 27, 40, 28, 17, 5, 0, 36, 39, 39, 8, 17, 17, 0, 21, 26, 48, 48, 48, 13, 26, 45, 8, 10, 20, 0, 3, 2, 9, 15, 20, 12, 30], [0, 17, 38, 44, 36, 7, 17, 44, 10, 18, 33, 9, 46, 6, 30, 22, 49, 38, 0, 30, 48, 7, 13, 29, 7, 47, 0, 29, 45, 27, 31, 9, 24, 37, 45], [6, 41, 43, 26, 40, 0, 33, 40, 4, 18, 27, 11, 20, 35, 26, 41, 10, 8, 31, 3, 12, 17, 38, 4, 22, 45, 20, 0, 6, 17, 31, 0, 19, 2, 40], [37, 27, 5, 12, 3, 49, 31, 15, 1, 6, 43, 15, 42, 23, 0, 0, 42, 38, 41, 35, 42, 25, 29, 22, 12, 43, 1, 17, 16, 2, 2, 2, 32, 49, 16], [15, 45, 5, 20, 45, 27, 49, 0, 31, 18, 48, 30, 24, 4, 36, 3, 7, 34, 33, 40, 21, 12, 23, 40, 30, 39, 12, 30, 40, 26, 33, 24, 25, 49, 34], [9, 28, 48, 0, 42, 19, 31, 33, 0, 42, 30, 37, 49, 43, 4, 12, 16, 29, 23, 14, 39, 0, 24, 38, 13, 0, 24, 29, 16, 32, 38, 8, 49, 9, 4], [45, 16, 41, 37, 48, 11, 15, 3, 5, 1, 8, 2, 11, 0, 22, 24, 43, 34, 9, 31, 23, 32, 36, 23, 3, 15, 13, 30, 4, 32, 1, 18, 13, 1, 31], [15, 24, 15, 20, 27, 19, 18, 37, 13, 15, 6, 3, 26, 32, 48, 41, 1, 15, 6, 44, 42, 22, 10, 12, 29, 0, 17, 46, 11, 24, 38, 45, 15, 1, 15], [48, 25, 0, 44, 12, 0, 5, 16, 45, 5, 8, 48, 21, 10, 20, 30, 21, 13, 7, 0, 19, 6, 20, 48, 31, 10, 10, 20, 48, 9, 0, 33, 9, 33, 25], [49, 14, 20, 10, 21, 20, 13, 10, 8, 2, 41, 17, 5, 34, 28, 25, 5, 29, 10, 43, 39, 23, 7, 23, 0, 6, 7, 24, 37, 25, 19, 1, 29, 47, 22], [2, 43, 2, 23, 6, 25, 26, 41, 1, 41, 32, 12, 15, 46, 33, 25, 45, 8, 6, 20, 11, 33, 17, 7, 23, 8, 15, 28, 13, 2, 14, 32, 49, 3, 0], [15, 28, 4, 10, 40, 11, 3, 26, 11, 29, 38, 39, 12, 1, 19, 20, 25, 0, 21, 8, 15, 0, 1, 47, 4, 43, 1, 2, 16, 5, 45, 8, 32, 30, 32], [38, 36, 49, 12, 21, 17, 4, 28, 14, 27, 20, 32, 17, 34, 3, 15, 37, 2, 46, 10, 38, 28, 41, 2, 23, 19, 1, 33, 38, 32, 15, 47, 5, 46, 41], [2, 23, 14, 1, 45, 26, 29, 19, 18, 33, 19, 9, 1, 6, 7, 46, 41, 2, 0, 0, 44, 20, 30, 15, 42, 0, 49, 41, 15, 33, 9, 30, 46, 24, 3], [23, 17, 1, 15, 2, 16, 11, 8, 25, 1, 21, 20, 45, 29, 0, 15, 31, 0, 40, 45, 9, 6, 17, 48, 28, 23, 21, 15, 26, 26, 48, 26, 36, 22, 7], [11, 27, 40, 28, 0, 24, 12, 38, 45, 48, 23, 10, 23, 10, 44, 8, 44, 47, 8, 44, 25, 0, 24, 40, 44, 7, 0, 0, 3, 26, 0, 11, 19, 29, 36], [44, 48, 2, 45, 38, 40, 20, 0, 17, 2, 0, 46, 45, 0, 48, 33, 32, 0, 1, 30, 22, 12, 34, 24, 28, 41, 9, 0, 34, 40, 33, 3, 37, 15, 11], [8, 27, 23, 8, 29, 13, 45, 34, 0, 14, 47, 5, 35, 49, 29, 30, 27, 7, 47, 7, 26, 6, 31, 30, 2, 2, 49, 0, 23, 23, 31, 16, 4, 7, 0], [39, 34, 27, 37, 40, 37, 14, 8, 23, 49, 19, 37, 2, 35, 24, 9, 24, 44, 32, 15, 39, 31, 36, 18, 43, 8, 48, 24, 32, 7, 21, 22, 20, 19, 2], [8, 20, 43, 10, 8, 37, 25, 12, 40, 12, 7, 43, 29, 0, 16, 44, 0, 23, 10, 20, 17, 16, 21, 11, 12, 22, 18, 5, 15, 12, 47, 28, 33, 39, 12], [19, 3, 0, 18, 42, 31, 42, 5, 42, 48, 49, 31, 0, 35, 9, 5, 6, 42, 18, 46, 32, 13, 2, 4, 49, 39, 24, 17, 29, 41, 20, 0, 8, 0, 35], [24, 25, 33, 1, 10, 26, 36, 38, 20, 36, 31, 16, 19, 40, 30, 39, 26, 15, 45, 5, 47, 16, 0, 9, 0, 22, 11, 39, 35, 25, 31, 45, 33, 44, 13], [16, 20, 29, 30, 4, 32, 23, 5, 5, 12, 24, 38, 0, 22, 6, 39, 36, 19, 23, 16, 48, 10, 3, 40, 3, 47, 31, 8, 25, 9, 30, 28, 39, 44, 47], [0, 27, 39, 11, 39, 5, 34, 7, 31, 15, 38, 6, 43, 12, 25, 49, 3, 29, 46, 40, 5, 27, 35, 48, 1, 35, 39, 29, 37, 27, 48, 3, 4, 45, 22], [21, 4, 18, 16, 33, 45, 9, 19, 13, 27, 7, 31, 8, 42, 27, 18, 0, 25, 32, 39, 25, 10, 41, 34, 1, 18, 0, 38, 34, 3, 40, 0, 44, 37, 8], [24, 37, 24, 41, 14, 18, 36, 46, 30, 33, 44, 2, 23, 34, 9, 39, 17, 30, 0, 31, 0, 48, 13, 38, 30, 46, 13, 23, 13, 18, 30, 17, 8, 18, 43], [11, 13, 5, 45, 43, 33, 9, 2, 27, 36, 16, 9, 42, 6, 9, 29, 11, 21, 11, 21, 2, 49, 19, 25, 12, 35, 14, 31, 0, 17, 16, 14, 0, 0, 0], [41, 26, 41, 35, 13, 26, 27, 6, 17, 40, 41, 14, 20, 45, 29, 38, 12, 41, 23, 17, 23, 13, 9, 7, 22, 43, 0, 3, 22, 9, 30, 0, 47, 36, 5], [36, 32, 0, 13, 16, 4, 0, 46, 0, 15, 37, 14, 47, 46, 30, 44, 1, 4, 49, 42, 16, 4, 39, 19, 29, 1, 3, 26, 1, 9, 35, 4, 47, 10, 35], [49, 32, 37, 10, 0, 12, 0, 40, 25, 10, 0, 30, 4, 44, 37, 3, 10, 19, 41, 11, 23, 22, 0, 21, 23, 28, 17, 16, 20, 37, 17, 4, 28, 41, 0], [48, 3, 27, 37, 32, 13, 4, 36, 10, 29, 23, 43, 17, 44, 20, 32, 47, 23, 30, 22, 18, 17, 22, 44, 24, 2, 33, 4, 43, 25, 30, 16, 3, 1, 22], [6, 42, 3, 47, 45, 26, 24, 49, 0, 36, 32, 12, 26, 1, 46, 10, 8, 17, 44, 47, 13, 6, 37, 41, 30, 25, 32, 48, 44, 13, 47, 46, 49, 38, 46], [49, 38, 4, 38, 9, 42, 43, 40, 43, 36, 47, 15, 7, 27, 18, 19, 10, 8, 31, 44, 8, 40, 25, 33, 26, 27, 5, 4, 49, 0, 0, 16, 0, 32, 46], [48, 12, 19, 0, 39, 39, 10, 2, 47, 32, 38, 20, 36, 1, 20, 0, 47, 39, 35, 32, 2, 0, 41, 7, 48, 13, 42, 8, 49, 33, 8, 13, 8, 38, 25], [15, 43, 31, 35, 7, 4, 10, 25, 33, 7, 5, 41, 31, 48, 18, 16, 49, 37, 33, 45, 27, 18, 36, 1, 2, 48, 11, 20, 38, 28, 0, 35, 3, 29, 34], [42, 0, 11, 7, 2, 45, 13, 0, 30, 6, 0, 1, 32, 12, 1, 0, 27, 35, 0, 0, 32, 16, 24, 32, 6, 40, 26, 22, 45, 15, 32, 16, 5, 36, 38], [16, 21, 5, 46, 36, 21, 25, 12, 24, 42, 16, 26, 35, 36, 37, 5, 4, 13, 16, 35, 36, 5, 47, 0, 23, 0, 39, 38, 12, 15, 45, 16, 31, 37, 6], [28, 32, 14, 13, 23, 16, 9, 2, 6, 15, 15, 26, 18, 45, 40, 3, 40, 38, 20, 7, 28, 16, 12, 8, 32, 29, 23, 21, 39, 0, 46, 39, 17, 41, 37], [47, 21, 43, 6, 35, 0, 42, 14, 9, 7, 3, 10, 5, 45, 25, 10, 13, 29, 5, 47, 35, 11, 15, 7, 32, 44, 46, 36, 44, 19, 18, 6, 34, 9, 24], [31, 45, 27, 42, 8, 29, 0, 35, 33, 2, 13, 28, 19, 44, 13, 25, 36, 48, 0, 46, 30, 48, 36, 26, 11, 31, 17, 12, 0, 12, 14, 34, 49, 26, 35], [26, 25, 31, 1, 16, 46, 5, 29, 15, 27, 21, 18, 4, 39, 17, 34, 0, 3, 17, 49, 1, 7, 27, 27, 0, 6, 18, 23, 32, 31, 16, 21, 14, 35, 45], [18, 27, 5, 41, 32, 14, 17, 0, 28, 23, 40, 7, 41, 29, 1, 8, 6, 34, 40, 0, 42, 36, 44, 46, 40, 6, 20, 43, 32, 3, 31, 24, 32, 37, 38], [22, 21, 5, 20, 40, 21, 9, 12, 10, 46, 3, 43, 1, 29, 47, 41, 5, 45, 35, 12, 9, 12, 33, 22, 38, 42, 23, 41, 28, 36, 24, 47, 10, 7, 3], [5, 17, 41, 16, 44, 26, 0, 45, 22, 1, 36, 10, 13, 28, 48, 25, 17, 31, 37, 45, 9, 23, 30, 9, 0, 29, 2, 29, 36, 22, 45, 48, 29, 29, 0], [17, 29, 7, 32, 0, 9, 15, 4, 23, 37, 33, 43, 16, 46, 29, 34, 49, 46, 20, 10, 2, 35, 14, 9, 16, 6, 1, 36, 14, 6, 16, 36, 17, 15, 35], [43, 39, 47, 1, 21, 37, 9, 32, 19, 23, 23, 46, 42, 26, 33, 46, 28, 49, 24, 6, 2, 10, 0, 43, 2, 35, 26, 15, 0, 12, 26, 35, 24, 1, 26], [32, 1, 12, 31, 37, 46, 0, 39, 36, 35, 7, 37, 0, 0, 22, 40, 31, 0, 47, 12, 1, 27, 42, 49, 26, 34, 44, 18, 9, 6, 32, 49, 31, 21, 2], [37, 20, 21, 14, 0, 33, 17, 0, 0, 3, 28, 39, 0, 36, 48, 37, 49, 1, 16, 20, 47, 11, 28, 17, 21, 1, 47, 42, 8, 24, 48, 12, 37, 18, 41], [38, 13, 36, 49, 26, 14, 26, 22, 43, 0, 38, 47, 31, 2, 0, 16, 25, 45, 28, 12, 9, 39, 25, 21, 28, 4, 45, 4, 11, 27, 24, 3, 5, 23, 46], [2, 45, 0, 39, 35, 32, 36, 1, 31, 9, 34, 0, 3, 13, 9, 22, 35, 40, 38, 5, 15, 44, 28, 5, 13, 7, 26, 20, 13, 9, 14, 22, 9, 24, 45], [43, 27, 0, 0, 40, 39, 20, 46, 33, 4, 5, 5, 39, 3, 6, 28, 42, 14, 9, 9, 21, 3, 39, 31, 44, 15, 47, 36, 48, 35, 9, 27, 6, 26, 36], [21, 36, 5, 49, 13, 26, 16, 9, 11, 27, 39, 21, 17, 0, 4, 25, 35, 0, 32, 15, 0, 25, 36, 37, 0, 26, 18, 33, 0, 6, 34, 12, 0, 45, 18], [42, 14, 0, 26, 42, 13, 22, 0, 2, 27, 24, 28, 17, 29, 21, 0, 49, 34, 5, 17, 21, 49, 23, 14, 25, 46, 11, 33, 37, 5, 5, 41, 28, 39, 11], [42, 16, 31, 17, 41, 15, 38, 36, 11, 9, 2, 2, 6, 48, 3, 31, 16, 1, 27, 19, 0, 31, 35, 5, 23, 5, 2, 11, 43, 5, 40, 6, 15, 27, 5], [15, 12, 14, 34, 47, 12, 10, 17, 25, 25, 12, 8, 9, 1, 43, 16, 21, 4, 48, 28, 27, 26, 35, 12, 44, 41, 49, 14, 29, 21, 29, 10, 27, 28, 35], [36, 27, 46, 35, 39, 0, 39, 15, 46, 34, 1, 32, 36, 18, 43, 46, 16, 38, 42, 22, 22, 23, 45, 0, 28, 7, 7, 11, 39, 15, 49, 23, 45, 22, 30], [13, 23, 39, 12, 4, 23, 46, 39, 5, 13, 7, 45, 0, 49, 43, 30, 27, 16, 9, 5, 35, 31, 49, 40, 30, 0, 35, 0, 34, 40, 46, 36, 31, 49, 24], [0, 11, 31, 36, 49, 13, 9, 24, 31, 28, 35, 44, 12, 19, 10, 8, 11, 3, 30, 14, 20, 24, 19, 22, 31, 1, 13, 47, 46, 43, 41, 13, 2, 37, 19], [47, 7, 12, 15, 6, 32, 28, 28, 22, 45, 36, 24, 32, 28, 27, 24, 14, 35, 7, 12, 49, 0, 41, 19, 15, 24, 5, 26, 19, 38, 32, 43, 5, 42, 40], [33, 5, 0, 28, 12, 43, 11, 22, 18, 22, 6, 1, 28, 29, 43, 10, 24, 14, 29, 25, 36, 32, 22, 18, 46, 45, 7, 44, 27, 45, 31, 18, 29, 7, 19], [43, 17, 43, 40, 39, 26, 22, 2, 31, 1, 28, 1, 18, 17, 24, 34, 45, 44, 0, 37, 0, 24, 24, 34, 37, 24, 45, 41, 15, 0, 2, 2, 48, 26, 3], [23, 36, 27, 2, 19, 19, 30, 0, 10, 43, 20, 9, 2, 29, 24, 46, 35, 42, 17, 31, 21, 8, 9, 11, 19, 0, 35, 29, 36, 41, 10, 29, 11, 11, 3], [0, 19, 14, 18, 4, 32, 26, 8, 0, 46, 26, 7, 36, 2, 26, 27, 34, 4, 4, 35, 0, 9, 29, 40, 41, 44, 30, 48, 12, 17, 43, 1, 43, 16, 1], [19, 18, 35, 47, 39, 0, 41, 38, 46, 0, 17, 6, 44, 0, 32, 0, 47, 33, 27, 9, 35, 43, 15, 2, 21, 34, 31, 29, 37, 35, 0, 25, 8, 0, 0], [6, 16, 34, 32, 43, 46, 48, 16, 8, 30, 0, 20, 15, 0, 49, 10, 22, 0, 28, 2, 0, 44, 8, 46, 6, 13, 18, 12, 38, 30, 13, 23, 20, 28, 18], [11, 0, 0, 46, 21, 7, 5, 0, 31, 5, 4, 0, 48, 45, 36, 47, 46, 21, 46, 39, 42, 11, 36, 1, 44, 13, 22, 46, 9, 45, 41, 45, 7, 28, 27], [36, 36, 0, 35, 35, 43, 27, 34, 35, 0, 44, 42, 0, 42, 47, 21, 3, 15, 21, 40, 41, 38, 3, 32, 25, 0, 29, 9, 10, 15, 32, 45, 29, 37, 6], [11, 34, 8, 26, 20, 31, 36, 43, 25, 14, 40, 8, 38, 19, 11, 49, 3, 6, 0, 46, 31, 0, 17, 22, 0, 22, 13, 39, 48, 21, 40, 43, 31, 48, 6], [47, 1, 32, 9, 0, 40, 29, 0, 4, 38, 12, 25, 0, 16, 30, 42, 47, 5, 36, 29, 43, 36, 4, 0, 20, 5, 42, 28, 38, 0, 39, 0, 43, 9, 0], [17, 12, 15, 38, 26, 21, 34, 34, 12, 1, 30, 40, 14, 5, 13, 29, 45, 0, 21, 39, 30, 4, 19, 22, 42, 5, 31, 16, 3, 12, 16, 21, 47, 47, 38], [1, 40, 36, 16, 8, 6, 41, 7, 7, 17, 12, 33, 0, 39, 5, 32, 32, 14, 35, 25, 21, 41, 39, 37, 31, 40, 43, 1, 21, 0, 17, 0, 48, 46, 46], [10, 31, 36, 47, 37, 41, 1, 29, 21, 18, 9, 9, 24, 16, 42, 20, 34, 5, 12, 0, 40, 10, 14, 3, 14, 0, 37, 15, 33, 36, 20, 46, 26, 48, 10], [43, 47, 11, 15, 18, 0, 42, 13, 3, 39, 17, 11, 14, 40, 35, 37, 17, 20, 0, 9, 45, 1, 10, 10, 45, 32, 2, 19, 10, 39, 44, 34, 28, 5, 13], [4, 9, 2, 32, 28, 44, 41, 5, 32, 0, 41, 39, 7, 19, 38, 35, 25, 0, 0, 21, 42, 1, 22, 0, 22, 16, 11, 10, 37, 41, 18, 44, 47, 19, 40], [41, 29, 21, 1, 35, 5, 40, 33, 12, 39, 21, 19, 11, 7, 41, 20, 8, 32, 2, 46, 38, 1, 0, 24, 44, 11, 42, 24, 21, 26, 6, 47, 39, 18, 0], [26, 29, 9, 0, 45, 37, 0, 0, 26, 10, 31, 33, 3, 43, 15, 12, 46, 33, 10, 7, 0, 21, 16, 14, 44, 0, 30, 8, 10, 0, 25, 10, 24, 10, 9], [9, 1, 2, 11, 48, 25, 7, 18, 39, 44, 45, 38, 24, 24, 32, 16, 26, 8, 3, 23, 8, 30, 2, 25, 9, 25, 9, 44, 18, 7, 19, 12, 18, 22, 42], [44, 8, 3, 33, 25, 0, 15, 42, 15, 27, 33, 46, 2, 20, 8, 47, 37, 1, 43, 0, 6, 0, 5, 49, 5, 32, 20, 31, 43, 21, 15, 35, 39, 38, 24], [11, 26, 46, 36, 11, 4, 4, 9, 35, 31, 36, 33, 1, 27, 6, 6, 9, 11, 12, 33, 4, 35, 10, 39, 45, 32, 16, 45, 3, 1, 49, 31, 40, 29, 7], [10, 16, 21, 0, 39, 1, 4, 47, 44, 8, 7, 29, 31, 38, 48, 26, 1, 1, 0, 39, 5, 32, 1, 18, 23, 33, 11, 42, 6, 37, 29, 1, 26, 3, 19], [2, 32, 13, 28, 42, 38, 38, 28, 36, 47, 8, 41, 3, 26, 30, 28, 12, 26, 23, 21, 25, 29, 34, 10, 0, 43, 9, 34, 10, 16, 15, 36, 37, 47, 2], [30, 43, 47, 11, 28, 41, 11, 9, 29, 44, 9, 29, 48, 30, 14, 29, 12, 0, 8, 7, 6, 0, 6, 20, 9, 14, 40, 33, 26, 7, 34, 39, 22, 48, 23], [26, 42, 31, 24, 20, 13, 5, 4, 40, 4, 0, 19, 25, 45, 13, 23, 27, 0, 0, 19, 1, 25, 0, 28, 22, 5, 19, 10, 35, 15, 30, 34, 33, 14, 40], [30, 15, 21, 36, 26, 38, 26, 7, 14, 40, 28, 12, 49, 22, 38, 0, 30, 0, 47, 20, 17, 28, 1, 29, 39, 9, 33, 43, 17, 35, 0, 1, 39, 18, 31], [11, 32, 6, 30, 2, 14, 24, 23, 0, 18, 1, 1, 16, 14, 2, 20, 21, 3, 15, 25, 26, 26, 27, 48, 28, 4, 1, 22, 38, 0, 0, 39, 42, 47, 29], [13, 9, 15, 6, 0, 41, 17, 9, 15, 34, 6, 0, 49, 49, 23, 12, 8, 21, 36, 45, 0, 26, 46, 41, 15, 20, 25, 16, 28, 17, 19, 10, 48, 40, 29], [16, 22, 24, 0, 46, 33, 47, 22, 20, 44, 0, 34, 42, 34, 26, 16, 34, 41, 3, 5, 14, 42, 0, 30, 13, 23, 40, 46, 38, 19, 37, 49, 37, 39, 33], [15, 35, 8, 20, 28, 47, 47, 26, 9, 25, 29, 43, 38, 34, 41, 31, 12, 11, 30, 30, 19, 0, 43, 42, 47, 47, 45, 3, 38, 5, 0, 4, 40, 37, 47], [49, 36, 26, 1, 40, 21, 34, 29, 8, 33, 36, 11, 40, 31, 15, 0, 30, 0, 9, 7, 43, 39, 49, 29, 1, 0, 48, 6, 4, 16, 24, 25, 48, 42, 48], [36, 13, 1, 23, 27, 9, 0, 41, 15, 49, 34, 47, 45, 39, 33, 27, 10, 29, 32, 7, 20, 36, 15, 44, 39, 7, 12, 38, 24, 1, 7, 0, 33, 35, 42], [16, 6, 31, 0, 39, 38, 8, 2, 21, 1, 24, 32, 15, 0, 17, 3, 16, 2, 10, 29, 34, 25, 16, 24, 11, 10, 24, 27, 0, 11, 27, 45, 45, 22, 34], [0, 34, 0, 0, 37, 46, 9, 0, 48, 33, 39, 33, 25, 35, 41, 31, 18, 38, 7, 15, 1, 37, 16, 0, 9, 31, 14, 33, 16, 16, 27, 23, 2, 31, 29], [18, 32, 35, 24, 39, 19, 4, 8, 18, 3, 1, 6, 22, 49, 37, 49, 14, 27, 26, 26, 18, 23, 28, 49, 6, 11, 26, 44, 33, 30, 22, 45, 0, 18, 42], [45, 5, 10, 32, 16, 44, 3, 31, 13, 0, 18, 0, 37, 49, 3, 34, 43, 14, 10, 21, 7, 4, 35, 42, 38, 32, 31, 0, 46, 29, 37, 7, 3, 42, 26], [34, 25, 31, 44, 30, 43, 17, 7, 12, 7, 33, 0, 44, 27, 15, 29, 0, 25, 45, 15, 38, 5, 19, 22, 17, 44, 28, 35, 13, 2, 29, 23, 12, 23, 25], [10, 17, 33, 6, 23, 31, 35, 37, 11, 38, 47, 0, 13, 17, 44, 15, 21, 11, 24, 29, 42, 0, 3, 7, 24, 1, 0, 16, 20, 22, 38, 25, 25, 42, 39], [8, 23, 8, 4, 32, 1, 35, 26, 16, 20, 11, 42, 13, 24, 23, 42, 41, 30, 24, 34, 36, 49, 30, 0, 34, 28, 41, 2, 37, 17, 0, 23, 3, 9, 7], [9, 38, 22, 2, 43, 30, 42, 41, 22, 3, 21, 41, 39, 28, 33, 28, 19, 5, 49, 20, 9, 5, 36, 1, 23, 46, 17, 39, 1, 49, 20, 49, 14, 2, 26], [8, 47, 35, 49, 24, 30, 37, 37, 28, 30, 9, 38, 24, 44, 0, 49, 25, 17, 0, 0, 46, 15, 5, 23, 12, 34, 16, 15, 46, 49, 18, 31, 19, 0, 36]]
Maintenance cost in each period m: 
[16119, 15886, 14184, 14327, 14719, 15283, 14711, 15395, 15932, 14671, 17934, 16714, 15389, 17230, 16636, 14349, 17784, 15849, 17810, 14944, 17168, 16934, 14802, 15946, 17570, 15279, 16221, 17324, 16020, 15999, 16582, 18020, 15832, 15965, 17621]
Maximum capacity of the machine cmax: 
6125