Set of periods in the planning horizon T: 
10
Set of products P: 
20
Capacity reduction coefficient alpha: 
0.8
Relative decrease of capacity per set up gamma: 
0.21
Capacity reduction coefficient due to product types beta: 
[0.31, 0.26, 0.31, 0.35, 0.32, 0.25, 0.24, 0.35, 0.3, 0.27, 0.32, 0.24, 0.3, 0.4, 0.36, 0.21, 0.32, 0.39, 0.39, 0.25]
Fixed production cost of each product in each period f: 
[[628, 980, 518, 943, 727, 519, 955, 937, 511, 895], [591, 596, 864, 735, 654, 888, 697, 679, 540, 585], [695, 560, 672, 942, 848, 998, 810, 835, 994, 973], [873, 929, 858, 846, 920, 763, 579, 985, 675, 700], [697, 718, 666, 864, 871, 956, 752, 780, 512, 897], [959, 691, 731, 608, 905, 896, 778, 526, 556, 991], [676, 839, 815, 785, 582, 664, 994, 895, 906, 974], [801, 912, 913, 679, 541, 538, 993, 768, 619, 926], [981, 576, 611, 990, 978, 510, 905, 606, 929, 883], [732, 739, 609, 858, 972, 614, 751, 854, 545, 868], [606, 688, 668, 561, 926, 675, 772, 711, 658, 723], [981, 607, 547, 920, 859, 809, 682, 974, 596, 772], [708, 845, 595, 519, 543, 771, 876, 763, 861, 614], [736, 673, 802, 898, 827, 735, 925, 916, 877, 848], [912, 888, 867, 975, 927, 715, 756, 799, 886, 507], [840, 805, 677, 821, 596, 893, 738, 504, 977, 682], [832, 841, 648, 818, 598, 533, 501, 866, 911, 561], [665, 714, 887, 731, 851, 579, 837, 707, 864, 718], [739, 561, 569, 907, 604, 680, 793, 830, 653, 834], [942, 546, 868, 640, 646, 637, 572, 997, 605, 675]]
Variable production cost per unit of each product in each period p: 
[[11, 12, 12, 12, 13, 12, 13, 10, 11, 13], [10, 11, 12, 11, 11, 11, 11, 11, 12, 11], [12, 12, 10, 12, 10, 13, 11, 13, 10, 12], [10, 12, 10, 10, 12, 10, 10, 13, 12, 13], [11, 10, 10, 12, 10, 13, 13, 12, 13, 11], [13, 11, 12, 11, 10, 11, 12, 12, 12, 10], [12, 12, 10, 12, 12, 10, 11, 11, 12, 10], [11, 12, 13, 12, 12, 12, 13, 10, 11, 13], [10, 13, 11, 11, 12, 10, 12, 12, 10, 10], [11, 11, 11, 12, 12, 11, 11, 13, 11, 13], [13, 13, 12, 12, 10, 13, 10, 13, 10, 12], [12, 11, 12, 13, 12, 11, 11, 13, 10, 12], [12, 10, 13, 11, 12, 12, 13, 13, 11, 10], [11, 13, 11, 11, 11, 13, 10, 12, 12, 11], [13, 11, 11, 13, 12, 11, 12, 12, 11, 13], [13, 11, 12, 12, 13, 12, 10, 13, 13, 10], [11, 10, 12, 12, 11, 10, 10, 13, 13, 13], [12, 12, 13, 12, 13, 10, 11, 12, 12, 13], [12, 13, 11, 11, 13, 12, 12, 10, 13, 12], [12, 13, 10, 12, 12, 11, 13, 13, 12, 11]]
Inventory holding cost per unit of each product by the end of each period h: 
[[5, 5, 6, 9, 8, 6, 6, 9, 9, 9], [7, 5, 8, 5, 8, 8, 6, 7, 5, 6], [9, 5, 5, 8, 7, 7, 7, 9, 8, 7], [7, 9, 8, 8, 7, 7, 9, 7, 8, 7], [6, 5, 9, 6, 9, 9, 6, 9, 7, 5], [9, 8, 6, 9, 8, 8, 7, 9, 5, 6], [6, 6, 5, 5, 7, 8, 6, 5, 9, 6], [7, 9, 7, 8, 8, 9, 8, 9, 6, 5], [8, 6, 9, 8, 6, 7, 6, 9, 8, 9], [6, 7, 5, 6, 5, 8, 9, 6, 8, 7], [6, 6, 7, 5, 9, 6, 5, 5, 9, 8], [5, 8, 5, 5, 6, 5, 9, 5, 5, 8], [6, 9, 6, 9, 7, 8, 8, 8, 6, 5], [9, 6, 8, 5, 7, 8, 8, 9, 7, 9], [9, 6, 5, 8, 9, 8, 7, 5, 6, 7], [9, 8, 7, 7, 5, 9, 8, 9, 9, 9], [8, 6, 7, 8, 7, 6, 8, 8, 5, 8], [5, 9, 9, 5, 5, 7, 8, 5, 7, 6], [8, 5, 8, 6, 5, 9, 5, 9, 8, 5], [5, 9, 8, 9, 9, 6, 8, 6, 7, 8]]
Demand for each product in each period d: 
[[43, 3, 1, 7, 49, 2, 26, 14, 41, 8], [7, 24, 7, 0, 30, 11, 10, 11, 10, 18], [49, 0, 49, 28, 25, 16, 43, 39, 26, 10], [38, 21, 38, 0, 46, 28, 8, 4, 10, 0], [25, 3, 39, 11, 0, 7, 0, 5, 44, 31], [24, 7, 43, 33, 20, 20, 45, 24, 20, 12], [28, 0, 9, 5, 28, 6, 20, 3, 21, 6], [25, 6, 31, 36, 1, 12, 34, 45, 33, 20], [27, 0, 33, 0, 0, 21, 3, 35, 35, 19], [6, 22, 46, 0, 45, 1, 18, 16, 18, 34], [35, 24, 23, 29, 40, 30, 18, 44, 3, 45], [22, 28, 21, 38, 1, 31, 17, 11, 16, 22], [30, 48, 14, 29, 49, 15, 9, 32, 49, 42], [47, 20, 10, 9, 29, 31, 18, 37, 0, 21], [0, 26, 4, 19, 10, 0, 33, 38, 8, 24], [37, 37, 34, 32, 7, 45, 1, 4, 18, 44], [27, 37, 42, 46, 14, 27, 38, 49, 33, 28], [48, 38, 2, 20, 0, 46, 0, 29, 31, 3], [28, 35, 2, 31, 38, 23, 24, 37, 18, 39], [29, 25, 41, 22, 0, 5, 1, 16, 27, 13]]
Maintenance cost in each period m: 
[5342, 2584, 4843, 3135, 3240, 2242, 4142, 4093, 3880, 1782]
Maximum capacity of the machine cmax: 
820