Set of periods in the planning horizon T: 
35
Set of products P: 
125
Capacity reduction coefficient alpha: 
0.8
Relative decrease of capacity per set up gamma: 
0.34
Capacity reduction coefficient due to product types beta: 
[0.38, 0.21, 0.36, 0.33, 0.36, 0.29, 0.35, 0.3, 0.3, 0.21, 0.21, 0.27, 0.36, 0.37, 0.35, 0.21, 0.39, 0.24, 0.31, 0.25, 0.25, 0.21, 0.32, 0.28, 0.33, 0.31, 0.22, 0.26, 0.22, 0.28, 0.29, 0.35, 0.28, 0.38, 0.32, 0.33, 0.27, 0.3, 0.36, 0.23, 0.39, 0.24, 0.22, 0.24, 0.24, 0.27, 0.23, 0.37, 0.27, 0.35, 0.3, 0.26, 0.33, 0.38, 0.24, 0.25, 0.34, 0.3, 0.21, 0.39, 0.21, 0.4, 0.33, 0.26, 0.29, 0.32, 0.31, 0.21, 0.39, 0.25, 0.2, 0.23, 0.33, 0.29, 0.26, 0.33, 0.26, 0.29, 0.25, 0.23, 0.39, 0.28, 0.33, 0.3, 0.23, 0.24, 0.28, 0.23, 0.29, 0.24, 0.25, 0.34, 0.38, 0.22, 0.33, 0.3, 0.33, 0.33, 0.22, 0.27, 0.29, 0.21, 0.36, 0.24, 0.22, 0.34, 0.34, 0.33, 0.3, 0.29, 0.21, 0.35, 0.3, 0.29, 0.26, 0.23, 0.29, 0.27, 0.2, 0.27, 0.32, 0.22, 0.22, 0.37, 0.27]
Fixed production cost of each product in each period f: 
[[724, 636, 854, 683, 689, 645, 720, 823, 763, 733, 979, 964, 964, 645, 915, 669, 663, 530, 884, 832, 637, 720, 610, 912, 763, 659, 838, 640, 977, 673, 658, 745, 896, 799, 648], [697, 660, 910, 625, 571, 689, 568, 778, 511, 761, 766, 503, 824, 947, 591, 593, 677, 533, 877, 580, 822, 595, 656, 505, 540, 711, 718, 505, 761, 796, 926, 541, 952, 519, 648], [508, 918, 977, 550, 570, 585, 862, 532, 711, 781, 958, 866, 894, 501, 613, 722, 607, 712, 870, 916, 732, 533, 750, 909, 788, 599, 560, 564, 872, 934, 637, 560, 707, 686, 575], [644, 976, 537, 563, 852, 944, 542, 708, 927, 934, 802, 819, 729, 931, 873, 908, 580, 745, 923, 720, 872, 706, 648, 881, 551, 512, 780, 791, 571, 822, 869, 738, 573, 776, 684], [919, 516, 803, 740, 672, 548, 822, 662, 877, 933, 531, 761, 554, 576, 511, 732, 750, 500, 514, 806, 617, 658, 512, 937, 645, 705, 826, 984, 719, 827, 670, 989, 794, 759, 891], [642, 579, 622, 596, 837, 869, 842, 656, 913, 552, 535, 525, 758, 741, 648, 575, 793, 902, 612, 899, 673, 991, 996, 739, 887, 568, 805, 614, 547, 707, 864, 937, 552, 757, 648], [655, 828, 717, 894, 701, 514, 842, 641, 910, 772, 668, 515, 912, 851, 510, 958, 837, 996, 981, 742, 647, 906, 697, 682, 750, 902, 867, 560, 713, 780, 953, 524, 797, 648, 680], [521, 721, 517, 731, 795, 640, 700, 855, 643, 733, 540, 521, 766, 730, 778, 558, 606, 689, 890, 865, 569, 674, 668, 613, 508, 554, 692, 789, 726, 696, 685, 705, 891, 558, 760], [785, 609, 984, 598, 823, 888, 612, 544, 829, 567, 663, 967, 556, 966, 993, 625, 669, 930, 787, 575, 876, 810, 546, 751, 610, 658, 813, 699, 580, 680, 546, 518, 593, 827, 555], [754, 924, 531, 631, 950, 918, 766, 946, 547, 958, 642, 606, 728, 627, 581, 605, 628, 938, 625, 942, 847, 776, 816, 910, 953, 840, 676, 811, 903, 914, 876, 732, 632, 644, 956], [754, 916, 943, 760, 928, 818, 771, 718, 833, 720, 702, 686, 667, 883, 764, 568, 609, 514, 549, 713, 715, 756, 672, 975, 688, 935, 716, 981, 911, 662, 930, 904, 605, 766, 820], [679, 882, 691, 999, 790, 548, 820, 992, 865, 568, 948, 615, 510, 954, 961, 973, 785, 822, 879, 632, 864, 522, 708, 541, 686, 857, 616, 923, 605, 684, 685, 887, 621, 512, 852], [926, 518, 638, 798, 898, 547, 791, 753, 978, 836, 804, 759, 578, 665, 504, 854, 664, 960, 659, 756, 884, 677, 916, 545, 650, 994, 721, 523, 660, 738, 634, 505, 617, 553, 530], [687, 896, 759, 523, 762, 578, 700, 730, 972, 795, 882, 720, 565, 724, 610, 688, 896, 666, 686, 993, 896, 732, 948, 680, 692, 898, 647, 950, 695, 729, 627, 537, 849, 594, 588], [780, 725, 615, 942, 985, 829, 669, 565, 605, 718, 803, 963, 590, 679, 801, 991, 523, 520, 598, 951, 914, 658, 708, 634, 710, 657, 663, 967, 949, 556, 626, 767, 798, 913, 503], [841, 680, 727, 792, 625, 958, 829, 607, 709, 634, 790, 930, 785, 908, 563, 884, 884, 615, 686, 936, 984, 831, 698, 926, 733, 766, 786, 983, 827, 882, 716, 685, 968, 681, 779], [849, 694, 769, 936, 726, 663, 870, 952, 947, 691, 900, 732, 645, 606, 548, 798, 787, 750, 666, 547, 862, 704, 948, 801, 663, 766, 599, 837, 574, 501, 812, 552, 983, 926, 605], [508, 749, 599, 752, 860, 744, 563, 768, 580, 981, 729, 549, 647, 531, 565, 755, 666, 814, 738, 828, 623, 901, 746, 625, 758, 547, 993, 705, 628, 799, 996, 569, 590, 633, 532], [586, 680, 521, 938, 707, 739, 913, 665, 945, 650, 874, 524, 693, 586, 918, 934, 705, 547, 811, 814, 590, 799, 580, 712, 810, 731, 571, 577, 714, 975, 953, 792, 828, 658, 746], [652, 967, 624, 809, 976, 688, 636, 881, 939, 636, 774, 767, 996, 969, 815, 511, 786, 553, 565, 967, 885, 568, 609, 613, 824, 950, 502, 705, 517, 819, 904, 853, 576, 913, 576], [850, 563, 925, 575, 704, 813, 793, 655, 895, 832, 788, 775, 950, 888, 684, 533, 891, 955, 694, 967, 510, 867, 691, 784, 979, 810, 799, 677, 716, 769, 531, 868, 939, 675, 545], [938, 502, 770, 996, 685, 609, 998, 730, 857, 792, 614, 991, 609, 569, 677, 693, 726, 749, 914, 802, 656, 852, 603, 873, 857, 967, 970, 719, 998, 778, 879, 707, 898, 905, 885], [628, 507, 921, 748, 621, 591, 860, 971, 533, 553, 665, 714, 663, 952, 573, 671, 605, 841, 546, 652, 704, 590, 701, 678, 745, 804, 544, 657, 653, 787, 803, 603, 679, 808, 809], [510, 606, 542, 710, 981, 688, 512, 705, 860, 763, 531, 560, 797, 635, 909, 946, 645, 763, 938, 566, 821, 854, 899, 908, 515, 925, 874, 890, 578, 775, 885, 586, 915, 645, 814], [579, 521, 815, 550, 654, 833, 639, 886, 957, 580, 671, 983, 867, 754, 881, 735, 822, 796, 926, 531, 755, 991, 604, 971, 818, 510, 675, 559, 898, 907, 789, 722, 757, 560, 807], [653, 862, 909, 921, 896, 805, 739, 539, 964, 962, 909, 755, 722, 885, 999, 937, 630, 853, 912, 877, 944, 512, 644, 677, 607, 992, 937, 752, 731, 918, 500, 612, 576, 583, 621], [507, 520, 733, 978, 612, 823, 764, 682, 566, 805, 894, 840, 740, 569, 730, 767, 971, 806, 747, 934, 872, 875, 730, 648, 767, 723, 688, 531, 645, 856, 651, 847, 821, 880, 681], [718, 885, 861, 809, 944, 728, 975, 984, 935, 888, 940, 851, 767, 522, 941, 953, 634, 652, 698, 759, 905, 590, 630, 889, 557, 570, 966, 649, 511, 525, 984, 694, 881, 949, 772], [796, 863, 837, 988, 620, 592, 919, 977, 886, 562, 514, 974, 759, 544, 951, 696, 777, 983, 838, 619, 614, 708, 879, 706, 964, 961, 984, 875, 804, 559, 907, 660, 990, 587, 856], [705, 606, 554, 881, 590, 958, 683, 837, 675, 887, 637, 879, 755, 808, 560, 927, 912, 959, 926, 563, 603, 791, 545, 873, 686, 596, 764, 723, 633, 554, 689, 891, 999, 974, 728], [618, 786, 529, 626, 988, 744, 546, 780, 934, 700, 817, 939, 720, 942, 915, 952, 783, 939, 845, 502, 970, 979, 828, 715, 997, 530, 694, 857, 727, 975, 882, 747, 599, 583, 909], [866, 980, 596, 590, 844, 596, 898, 922, 978, 893, 519, 630, 924, 687, 986, 608, 715, 700, 751, 726, 775, 962, 513, 652, 728, 988, 504, 511, 872, 977, 823, 802, 524, 678, 641], [768, 705, 936, 671, 973, 819, 909, 773, 605, 977, 655, 992, 745, 944, 858, 531, 697, 860, 628, 766, 698, 891, 972, 564, 550, 649, 683, 720, 665, 908, 825, 562, 945, 683, 605], [784, 827, 819, 651, 709, 716, 786, 577, 696, 721, 669, 547, 553, 896, 714, 555, 908, 933, 578, 649, 703, 938, 883, 779, 987, 560, 502, 760, 764, 582, 567, 969, 531, 701, 690], [677, 892, 754, 863, 833, 697, 848, 933, 688, 713, 601, 917, 647, 585, 921, 546, 895, 791, 979, 983, 535, 604, 563, 756, 523, 817, 825, 789, 653, 665, 803, 964, 868, 575, 879], [953, 591, 542, 777, 709, 967, 667, 594, 730, 751, 644, 730, 880, 668, 959, 653, 752, 775, 762, 571, 890, 615, 644, 551, 921, 944, 524, 626, 920, 693, 768, 731, 501, 813, 964], [896, 662, 803, 901, 831, 836, 725, 566, 573, 828, 821, 563, 646, 730, 852, 737, 510, 932, 939, 526, 559, 558, 727, 503, 944, 901, 682, 595, 764, 894, 877, 745, 915, 705, 837], [967, 576, 954, 763, 567, 664, 819, 915, 667, 721, 847, 756, 830, 858, 762, 763, 842, 859, 721, 966, 803, 713, 782, 859, 571, 605, 810, 549, 554, 505, 835, 980, 554, 749, 954], [895, 533, 660, 944, 762, 545, 750, 782, 913, 923, 525, 947, 879, 747, 760, 892, 715, 745, 717, 737, 579, 703, 756, 872, 729, 829, 685, 841, 770, 890, 539, 829, 774, 736, 622], [786, 860, 842, 811, 524, 734, 592, 509, 883, 537, 807, 622, 635, 623, 928, 742, 872, 873, 997, 530, 675, 931, 935, 834, 925, 728, 744, 626, 811, 907, 980, 681, 675, 819, 633], [559, 632, 871, 868, 960, 686, 864, 545, 893, 618, 970, 720, 546, 833, 613, 771, 635, 806, 966, 778, 553, 534, 744, 750, 874, 991, 819, 766, 849, 851, 877, 589, 967, 564, 628], [850, 524, 932, 687, 691, 606, 944, 993, 538, 889, 522, 779, 978, 878, 848, 924, 741, 902, 621, 870, 793, 600, 942, 688, 891, 564, 644, 651, 546, 530, 715, 818, 802, 911, 923], [822, 689, 902, 678, 712, 815, 601, 762, 547, 944, 886, 948, 794, 888, 864, 994, 577, 555, 816, 670, 927, 676, 550, 965, 771, 697, 613, 623, 895, 628, 505, 847, 860, 681, 740], [798, 591, 539, 613, 746, 699, 745, 702, 954, 883, 858, 812, 538, 742, 555, 897, 641, 528, 501, 919, 564, 687, 622, 554, 711, 874, 986, 673, 708, 773, 931, 875, 786, 712, 886], [889, 682, 821, 932, 993, 782, 606, 712, 546, 836, 844, 522, 897, 718, 812, 857, 545, 884, 653, 824, 983, 753, 907, 875, 675, 948, 756, 896, 788, 937, 627, 755, 640, 902, 640], [921, 827, 673, 941, 612, 572, 813, 956, 720, 912, 951, 539, 569, 591, 672, 525, 952, 782, 841, 772, 634, 712, 567, 622, 994, 730, 684, 708, 505, 931, 934, 544, 557, 801, 945], [988, 785, 973, 734, 786, 527, 694, 772, 630, 973, 846, 813, 969, 790, 560, 690, 872, 728, 691, 777, 597, 723, 677, 853, 711, 665, 949, 887, 705, 573, 727, 596, 834, 713, 639], [661, 735, 588, 828, 864, 699, 930, 606, 961, 914, 760, 730, 681, 556, 798, 892, 689, 794, 748, 572, 517, 575, 899, 621, 913, 619, 820, 600, 555, 781, 716, 823, 986, 903, 947], [740, 699, 919, 531, 626, 681, 767, 769, 822, 726, 589, 509, 504, 870, 967, 878, 610, 880, 979, 569, 503, 590, 744, 500, 507, 807, 757, 843, 555, 628, 729, 794, 618, 989, 767], [958, 936, 877, 851, 796, 622, 943, 814, 942, 805, 669, 932, 786, 671, 927, 978, 571, 848, 669, 957, 950, 821, 842, 691, 780, 721, 663, 675, 782, 538, 871, 772, 799, 639, 716], [729, 964, 640, 780, 956, 995, 680, 737, 720, 867, 509, 913, 713, 661, 506, 942, 522, 555, 603, 738, 614, 642, 603, 624, 661, 982, 968, 752, 892, 987, 955, 610, 667, 792, 998], [536, 834, 852, 851, 796, 588, 797, 684, 605, 880, 922, 570, 975, 684, 845, 683, 911, 592, 584, 916, 525, 884, 697, 842, 546, 726, 787, 933, 702, 559, 505, 663, 620, 977, 518], [701, 921, 616, 859, 637, 736, 511, 863, 749, 728, 535, 777, 734, 894, 833, 913, 766, 528, 770, 758, 989, 800, 549, 657, 609, 506, 622, 574, 512, 917, 882, 820, 694, 784, 693], [798, 747, 601, 830, 706, 722, 724, 983, 685, 532, 738, 841, 561, 952, 543, 909, 660, 630, 792, 605, 932, 974, 667, 505, 869, 753, 971, 590, 755, 962, 620, 676, 908, 721, 932], [768, 670, 854, 892, 774, 847, 657, 653, 996, 677, 815, 865, 821, 550, 967, 643, 666, 939, 750, 678, 893, 863, 691, 701, 837, 675, 666, 569, 956, 862, 999, 572, 664, 590, 658], [523, 648, 571, 796, 990, 740, 948, 571, 654, 571, 931, 622, 811, 853, 587, 795, 985, 622, 684, 667, 518, 670, 689, 706, 700, 839, 779, 825, 812, 525, 640, 857, 581, 839, 906], [614, 898, 829, 818, 958, 773, 598, 531, 793, 530, 892, 856, 958, 669, 954, 898, 668, 676, 909, 596, 826, 598, 804, 630, 911, 803, 658, 510, 973, 999, 502, 903, 562, 794, 934], [773, 816, 722, 690, 678, 569, 949, 687, 845, 822, 937, 553, 543, 577, 906, 508, 703, 985, 941, 996, 788, 818, 790, 500, 688, 844, 921, 824, 796, 775, 692, 897, 698, 596, 834], [623, 554, 732, 717, 795, 838, 999, 708, 847, 680, 731, 712, 667, 738, 662, 544, 978, 517, 613, 994, 860, 910, 647, 683, 911, 631, 595, 681, 598, 548, 543, 833, 743, 750, 903], [881, 965, 975, 547, 672, 885, 862, 702, 965, 908, 850, 508, 876, 789, 756, 761, 950, 891, 943, 776, 909, 769, 861, 972, 881, 736, 796, 984, 915, 561, 740, 897, 524, 668, 705], [596, 557, 909, 650, 716, 828, 595, 792, 687, 776, 907, 918, 509, 706, 742, 908, 874, 829, 539, 745, 995, 747, 785, 936, 756, 734, 906, 755, 980, 793, 735, 599, 735, 977, 602], [862, 975, 845, 525, 738, 667, 926, 985, 862, 737, 864, 543, 688, 557, 765, 791, 593, 950, 820, 698, 844, 795, 636, 753, 506, 767, 562, 546, 792, 805, 654, 954, 508, 619, 726], [961, 621, 666, 546, 720, 764, 938, 800, 503, 809, 546, 836, 517, 831, 946, 786, 520, 854, 739, 888, 889, 763, 885, 530, 955, 728, 853, 807, 944, 675, 608, 538, 651, 619, 565], [520, 704, 652, 507, 849, 996, 932, 647, 814, 527, 562, 781, 573, 690, 648, 617, 998, 590, 565, 595, 531, 553, 755, 752, 516, 572, 900, 788, 780, 991, 977, 600, 919, 622, 932], [653, 827, 920, 701, 570, 718, 996, 718, 685, 947, 588, 751, 694, 860, 512, 698, 518, 699, 936, 554, 700, 576, 862, 594, 836, 535, 778, 537, 842, 748, 744, 885, 995, 862, 757], [944, 986, 921, 958, 772, 883, 528, 981, 563, 930, 810, 853, 816, 918, 557, 916, 596, 521, 985, 663, 960, 902, 533, 772, 915, 512, 607, 821, 817, 670, 554, 769, 822, 843, 950], [574, 501, 898, 919, 793, 634, 828, 650, 512, 680, 967, 673, 623, 874, 618, 897, 633, 780, 558, 900, 612, 706, 580, 730, 606, 646, 525, 854, 721, 863, 705, 831, 663, 687, 677], [577, 773, 734, 937, 886, 767, 893, 712, 925, 598, 556, 658, 717, 651, 551, 624, 568, 532, 583, 846, 561, 907, 852, 578, 874, 930, 868, 763, 538, 985, 639, 859, 870, 839, 911], [927, 708, 748, 785, 863, 670, 693, 754, 815, 651, 872, 813, 521, 517, 808, 738, 799, 816, 559, 752, 762, 852, 843, 749, 632, 541, 596, 623, 794, 777, 863, 633, 836, 623, 921], [697, 889, 954, 653, 845, 543, 708, 870, 673, 701, 986, 806, 990, 870, 847, 903, 903, 949, 549, 808, 893, 610, 731, 758, 599, 820, 536, 956, 669, 502, 896, 684, 831, 601, 501], [810, 689, 940, 852, 980, 958, 757, 925, 541, 978, 717, 575, 745, 965, 738, 559, 951, 622, 961, 847, 832, 938, 663, 879, 632, 738, 862, 902, 621, 624, 785, 693, 647, 650, 928], [629, 629, 955, 684, 854, 784, 550, 596, 694, 780, 817, 864, 969, 900, 537, 521, 816, 525, 953, 541, 828, 955, 549, 735, 776, 613, 947, 734, 694, 601, 741, 993, 634, 660, 510], [906, 941, 737, 784, 563, 583, 664, 568, 798, 795, 601, 573, 843, 770, 525, 974, 558, 786, 840, 650, 843, 709, 930, 763, 839, 996, 843, 604, 636, 926, 709, 904, 948, 919, 669], [870, 862, 513, 588, 854, 590, 727, 514, 871, 645, 927, 811, 899, 524, 981, 942, 519, 817, 838, 941, 849, 993, 766, 651, 695, 580, 966, 812, 911, 827, 950, 817, 552, 505, 959], [904, 996, 505, 705, 594, 569, 549, 723, 842, 563, 745, 864, 771, 528, 626, 851, 627, 924, 664, 660, 804, 980, 921, 673, 758, 744, 928, 757, 545, 593, 989, 754, 839, 709, 859], [531, 743, 728, 529, 608, 555, 996, 792, 819, 791, 929, 790, 656, 877, 800, 639, 525, 621, 722, 565, 833, 755, 950, 729, 958, 724, 840, 933, 890, 965, 580, 582, 507, 776, 933], [744, 993, 742, 742, 587, 765, 564, 513, 630, 552, 927, 942, 871, 553, 819, 939, 951, 562, 970, 987, 870, 730, 588, 630, 542, 581, 893, 710, 526, 666, 777, 954, 996, 736, 868], [690, 833, 504, 848, 916, 818, 746, 763, 698, 586, 704, 893, 685, 767, 801, 746, 779, 949, 598, 713, 987, 714, 816, 767, 793, 590, 927, 900, 592, 918, 743, 891, 868, 789, 755], [893, 758, 947, 786, 728, 529, 704, 544, 590, 959, 671, 950, 648, 928, 536, 587, 547, 574, 600, 545, 963, 623, 504, 526, 982, 925, 728, 623, 783, 503, 753, 689, 977, 556, 634], [972, 705, 759, 733, 958, 626, 529, 761, 631, 644, 664, 955, 585, 624, 786, 791, 515, 500, 854, 719, 526, 951, 773, 826, 938, 855, 877, 738, 561, 556, 888, 872, 929, 739, 673], [709, 854, 749, 634, 760, 923, 978, 594, 661, 816, 572, 818, 634, 702, 935, 642, 953, 974, 985, 508, 846, 933, 933, 709, 788, 877, 994, 880, 563, 730, 758, 782, 880, 992, 619], [577, 958, 627, 616, 826, 794, 887, 781, 593, 631, 527, 888, 959, 930, 531, 803, 784, 735, 584, 707, 843, 573, 991, 804, 934, 945, 977, 779, 990, 800, 850, 624, 652, 545, 876], [574, 943, 837, 779, 581, 752, 740, 541, 994, 871, 964, 874, 763, 981, 804, 812, 690, 726, 570, 505, 586, 504, 735, 567, 854, 522, 569, 527, 730, 663, 762, 792, 749, 864, 928], [630, 622, 715, 708, 690, 991, 688, 558, 795, 966, 709, 594, 632, 691, 917, 926, 909, 605, 950, 558, 943, 542, 649, 814, 721, 781, 993, 675, 852, 765, 927, 523, 995, 531, 708], [712, 669, 866, 659, 563, 877, 991, 646, 733, 834, 935, 763, 676, 925, 613, 954, 890, 837, 661, 558, 903, 604, 756, 914, 694, 968, 720, 650, 711, 626, 825, 733, 982, 915, 788], [706, 832, 700, 569, 704, 825, 989, 945, 794, 759, 598, 941, 867, 559, 823, 629, 998, 640, 867, 826, 587, 865, 708, 724, 534, 668, 980, 974, 617, 978, 626, 887, 832, 577, 574], [895, 555, 906, 718, 920, 745, 795, 800, 690, 575, 835, 573, 759, 562, 973, 551, 691, 836, 684, 642, 997, 987, 952, 976, 730, 835, 719, 918, 878, 942, 540, 647, 529, 513, 834], [896, 558, 892, 826, 998, 508, 638, 710, 688, 523, 795, 849, 871, 502, 549, 992, 830, 785, 661, 833, 553, 927, 720, 621, 953, 668, 811, 676, 894, 796, 992, 989, 824, 570, 761], [562, 710, 862, 990, 533, 748, 950, 620, 780, 975, 966, 638, 807, 644, 754, 719, 547, 721, 785, 798, 594, 874, 608, 975, 692, 519, 666, 867, 775, 636, 553, 877, 667, 693, 973], [522, 658, 947, 965, 595, 825, 932, 796, 613, 751, 587, 728, 725, 503, 800, 836, 624, 711, 632, 717, 557, 725, 690, 925, 649, 978, 706, 896, 820, 802, 842, 840, 904, 989, 620], [589, 663, 744, 693, 760, 653, 606, 976, 563, 828, 942, 755, 994, 896, 983, 594, 852, 634, 921, 898, 915, 962, 538, 848, 561, 967, 638, 841, 941, 979, 663, 683, 980, 595, 740], [610, 937, 663, 557, 634, 859, 645, 860, 664, 621, 724, 520, 920, 769, 649, 709, 579, 883, 687, 642, 961, 572, 666, 539, 629, 955, 976, 617, 550, 584, 706, 515, 647, 501, 795], [723, 955, 733, 731, 776, 596, 666, 882, 809, 730, 527, 951, 788, 645, 706, 824, 643, 816, 529, 648, 997, 650, 535, 901, 696, 831, 662, 758, 874, 836, 670, 885, 634, 890, 875], [956, 766, 958, 980, 700, 849, 915, 773, 535, 949, 509, 782, 518, 830, 715, 993, 634, 630, 507, 712, 566, 511, 862, 801, 823, 917, 870, 760, 893, 872, 835, 593, 514, 985, 738], [522, 888, 830, 939, 650, 630, 655, 528, 809, 589, 642, 588, 812, 622, 630, 848, 510, 869, 699, 689, 983, 598, 934, 878, 940, 951, 704, 740, 819, 818, 864, 944, 584, 984, 699], [577, 830, 530, 961, 658, 891, 860, 880, 698, 587, 721, 998, 560, 915, 986, 648, 747, 867, 953, 954, 893, 565, 963, 589, 943, 622, 917, 559, 877, 603, 543, 666, 600, 734, 529], [985, 649, 770, 590, 906, 606, 966, 980, 816, 907, 652, 773, 731, 615, 860, 829, 740, 911, 721, 946, 951, 567, 869, 793, 874, 827, 672, 780, 760, 812, 653, 844, 545, 837, 515], [592, 891, 630, 776, 726, 673, 581, 768, 781, 829, 591, 556, 850, 735, 522, 957, 658, 788, 822, 518, 503, 965, 967, 785, 732, 614, 751, 615, 647, 626, 806, 600, 916, 685, 500], [957, 823, 671, 604, 754, 741, 740, 591, 653, 834, 645, 563, 660, 996, 952, 616, 543, 539, 613, 526, 876, 965, 736, 892, 743, 959, 797, 561, 543, 783, 952, 636, 770, 685, 731], [687, 829, 518, 513, 961, 545, 654, 546, 919, 960, 657, 992, 726, 656, 957, 581, 882, 689, 706, 640, 719, 924, 788, 505, 815, 754, 781, 909, 507, 907, 771, 514, 884, 757, 700], [514, 630, 735, 808, 914, 960, 532, 564, 680, 545, 853, 682, 923, 873, 944, 979, 567, 933, 812, 876, 804, 753, 965, 508, 815, 901, 865, 604, 798, 979, 787, 750, 856, 534, 779], [933, 867, 583, 535, 734, 632, 769, 673, 546, 795, 541, 819, 807, 862, 900, 550, 830, 843, 686, 953, 682, 610, 830, 719, 800, 667, 985, 980, 641, 798, 540, 997, 702, 943, 520], [893, 512, 980, 605, 954, 828, 624, 779, 547, 597, 698, 548, 829, 929, 736, 571, 681, 796, 601, 500, 568, 748, 973, 537, 569, 765, 900, 848, 715, 633, 589, 728, 900, 941, 649], [763, 944, 609, 528, 858, 509, 760, 671, 753, 611, 511, 602, 558, 727, 583, 508, 584, 955, 887, 747, 664, 612, 629, 649, 870, 608, 967, 861, 827, 563, 776, 643, 910, 577, 706], [729, 997, 776, 690, 517, 541, 817, 649, 633, 747, 852, 798, 726, 730, 581, 790, 926, 600, 977, 876, 716, 739, 813, 660, 563, 679, 944, 808, 658, 516, 601, 699, 887, 577, 808], [730, 767, 596, 805, 636, 758, 669, 677, 895, 886, 823, 780, 999, 940, 534, 580, 512, 550, 885, 606, 672, 881, 774, 810, 938, 570, 769, 532, 920, 887, 975, 993, 952, 720, 684], [928, 866, 647, 669, 561, 603, 994, 535, 640, 569, 568, 996, 678, 695, 973, 703, 558, 633, 913, 706, 654, 637, 783, 883, 944, 511, 994, 700, 897, 985, 592, 955, 966, 791, 715], [962, 612, 831, 724, 895, 803, 555, 710, 936, 540, 772, 764, 546, 633, 589, 874, 913, 918, 913, 926, 685, 616, 933, 890, 581, 513, 777, 633, 971, 576, 680, 513, 574, 734, 678], [708, 602, 860, 982, 503, 500, 938, 529, 918, 681, 791, 853, 505, 578, 878, 983, 922, 719, 646, 746, 753, 724, 800, 600, 805, 884, 553, 878, 633, 748, 723, 921, 865, 796, 690], [717, 615, 637, 838, 716, 849, 798, 621, 908, 776, 623, 964, 630, 866, 703, 894, 882, 934, 955, 986, 568, 767, 950, 679, 803, 758, 552, 710, 629, 663, 830, 625, 950, 737, 977], [583, 757, 647, 575, 731, 525, 917, 886, 554, 737, 598, 854, 644, 932, 505, 699, 656, 778, 575, 545, 953, 854, 563, 719, 712, 718, 610, 957, 916, 989, 746, 759, 939, 602, 505], [520, 736, 938, 813, 860, 723, 882, 871, 920, 715, 768, 916, 650, 851, 723, 830, 707, 687, 912, 778, 632, 541, 668, 547, 501, 804, 639, 799, 616, 943, 891, 822, 713, 609, 544], [584, 843, 932, 957, 898, 740, 629, 574, 887, 717, 879, 785, 850, 627, 561, 855, 871, 553, 625, 880, 562, 635, 827, 916, 762, 626, 557, 693, 571, 790, 899, 856, 960, 986, 669], [739, 775, 596, 767, 604, 633, 863, 533, 715, 911, 604, 609, 693, 900, 976, 670, 757, 843, 789, 829, 842, 901, 767, 880, 770, 500, 540, 867, 671, 763, 594, 885, 559, 616, 767], [757, 588, 857, 526, 797, 679, 790, 645, 898, 776, 627, 753, 903, 744, 765, 884, 863, 577, 859, 520, 764, 836, 705, 888, 954, 853, 812, 550, 790, 622, 660, 527, 729, 925, 538], [720, 946, 636, 955, 555, 715, 873, 967, 945, 981, 814, 553, 774, 693, 779, 970, 806, 866, 616, 736, 880, 911, 513, 807, 579, 917, 540, 576, 766, 668, 805, 718, 730, 765, 746], [565, 599, 572, 500, 689, 949, 924, 783, 864, 707, 824, 602, 716, 697, 594, 642, 844, 639, 982, 608, 824, 844, 861, 504, 961, 642, 524, 536, 564, 560, 928, 920, 830, 994, 890], [967, 748, 935, 571, 988, 638, 947, 872, 918, 733, 651, 814, 799, 537, 877, 971, 629, 888, 772, 673, 653, 725, 828, 578, 960, 526, 845, 923, 575, 619, 646, 996, 561, 994, 799], [765, 974, 620, 527, 765, 846, 926, 633, 567, 508, 834, 929, 832, 804, 630, 982, 613, 886, 710, 987, 995, 803, 798, 595, 961, 585, 939, 962, 870, 981, 679, 992, 950, 523, 571], [686, 578, 844, 859, 659, 645, 557, 882, 536, 641, 604, 981, 740, 604, 668, 641, 574, 655, 781, 802, 598, 869, 653, 590, 730, 723, 709, 962, 910, 773, 545, 964, 900, 517, 908], [801, 707, 531, 567, 904, 637, 845, 727, 947, 960, 865, 834, 876, 868, 842, 738, 751, 966, 618, 526, 848, 751, 958, 737, 509, 928, 511, 962, 950, 938, 585, 873, 670, 722, 646], [836, 781, 829, 853, 576, 539, 529, 550, 604, 959, 620, 681, 608, 967, 991, 728, 663, 849, 658, 621, 528, 611, 991, 806, 601, 722, 851, 705, 991, 779, 975, 691, 600, 619, 727], [997, 826, 652, 900, 745, 798, 597, 867, 937, 970, 707, 900, 634, 803, 903, 593, 869, 940, 579, 714, 801, 694, 511, 912, 760, 768, 828, 532, 647, 746, 610, 702, 977, 551, 991], [707, 721, 578, 507, 607, 519, 586, 576, 900, 751, 964, 725, 517, 574, 791, 852, 559, 638, 802, 706, 685, 796, 504, 939, 712, 871, 719, 750, 841, 567, 874, 700, 717, 946, 592], [854, 542, 918, 704, 995, 591, 676, 677, 793, 529, 959, 818, 603, 842, 751, 905, 981, 733, 891, 996, 686, 854, 680, 513, 712, 707, 896, 557, 931, 633, 646, 840, 678, 557, 976]]
Variable production cost per unit of each product in each period p: 
[[10, 13, 10, 10, 13, 10, 13, 10, 10, 12, 10, 12, 10, 13, 13, 10, 11, 12, 13, 13, 12, 12, 13, 10, 13, 11, 10, 10, 11, 10, 11, 10, 10, 12, 11], [13, 11, 13, 10, 12, 11, 13, 13, 13, 10, 12, 13, 13, 11, 10, 12, 12, 10, 12, 12, 10, 10, 11, 10, 10, 12, 10, 13, 10, 11, 12, 12, 10, 12, 10], [11, 10, 11, 10, 11, 13, 13, 10, 10, 12, 12, 11, 10, 13, 11, 11, 13, 12, 10, 13, 10, 10, 12, 10, 12, 13, 12, 10, 11, 13, 10, 10, 11, 12, 13], [13, 10, 10, 13, 11, 10, 11, 11, 13, 12, 11, 10, 13, 10, 10, 13, 13, 11, 12, 11, 11, 11, 13, 13, 13, 11, 13, 10, 12, 12, 11, 11, 13, 11, 11], [12, 11, 10, 13, 11, 12, 11, 12, 12, 12, 12, 13, 10, 10, 10, 10, 13, 11, 13, 11, 10, 13, 10, 11, 11, 12, 11, 10, 11, 11, 11, 11, 13, 11, 13], [11, 12, 11, 12, 13, 11, 12, 11, 13, 13, 13, 13, 10, 12, 13, 10, 13, 11, 13, 11, 12, 11, 13, 11, 11, 10, 13, 12, 10, 13, 13, 13, 10, 10, 11], [13, 13, 10, 12, 13, 13, 12, 12, 13, 11, 12, 11, 10, 13, 11, 10, 12, 12, 13, 10, 11, 13, 13, 11, 11, 11, 10, 13, 12, 12, 13, 12, 10, 13, 10], [12, 10, 11, 10, 12, 12, 11, 11, 12, 12, 11, 11, 11, 11, 13, 11, 11, 11, 11, 12, 13, 10, 11, 11, 11, 10, 13, 12, 13, 10, 10, 13, 12, 10, 12], [12, 13, 13, 11, 13, 11, 13, 12, 10, 10, 13, 13, 13, 13, 10, 11, 10, 12, 10, 12, 13, 12, 12, 12, 12, 10, 11, 13, 12, 13, 13, 12, 11, 10, 10], [10, 10, 12, 10, 12, 13, 10, 10, 13, 12, 10, 10, 10, 11, 11, 11, 11, 10, 12, 11, 12, 13, 13, 11, 11, 11, 10, 11, 13, 10, 11, 11, 11, 10, 12], [12, 11, 13, 10, 11, 12, 11, 12, 10, 13, 12, 13, 11, 10, 10, 12, 13, 10, 13, 13, 11, 12, 10, 11, 10, 10, 13, 11, 13, 10, 13, 13, 13, 10, 12], [10, 10, 13, 12, 13, 10, 12, 11, 13, 13, 12, 13, 11, 13, 13, 13, 13, 12, 13, 10, 12, 10, 11, 11, 10, 12, 11, 10, 11, 13, 11, 10, 13, 12, 12], [12, 10, 10, 12, 12, 13, 11, 12, 11, 13, 12, 13, 12, 10, 13, 13, 10, 10, 11, 13, 10, 11, 13, 11, 12, 13, 13, 11, 12, 12, 13, 12, 12, 12, 10], [11, 12, 13, 11, 11, 12, 11, 13, 12, 11, 11, 10, 12, 10, 12, 11, 12, 10, 12, 13, 12, 11, 12, 12, 13, 12, 13, 12, 11, 13, 12, 12, 10, 12, 13], [11, 13, 10, 11, 10, 11, 13, 12, 11, 10, 13, 11, 12, 13, 13, 11, 13, 10, 10, 10, 11, 11, 13, 12, 12, 12, 13, 10, 13, 10, 12, 13, 12, 11, 12], [10, 13, 11, 11, 10, 11, 12, 11, 11, 13, 10, 13, 11, 11, 12, 10, 11, 10, 11, 10, 13, 13, 13, 10, 11, 10, 13, 11, 10, 13, 10, 11, 10, 11, 11], [12, 12, 11, 10, 11, 10, 10, 10, 12, 13, 13, 12, 10, 12, 13, 12, 11, 12, 12, 11, 13, 11, 10, 13, 12, 11, 11, 13, 12, 11, 12, 10, 11, 11, 13], [12, 11, 10, 10, 13, 11, 13, 11, 11, 13, 13, 13, 12, 12, 11, 13, 12, 11, 12, 13, 13, 11, 13, 12, 13, 11, 11, 10, 10, 11, 10, 11, 12, 11, 10], [11, 11, 12, 10, 12, 10, 11, 11, 11, 11, 13, 12, 11, 11, 10, 12, 13, 12, 13, 13, 13, 10, 11, 11, 12, 13, 12, 13, 12, 12, 11, 12, 13, 11, 12], [13, 11, 11, 12, 11, 12, 12, 11, 13, 12, 12, 10, 13, 12, 12, 12, 12, 12, 13, 12, 12, 12, 13, 13, 12, 13, 13, 13, 13, 11, 10, 13, 10, 12, 10], [13, 13, 11, 13, 10, 13, 10, 13, 13, 10, 12, 13, 10, 10, 10, 13, 11, 10, 12, 10, 10, 13, 11, 13, 10, 12, 11, 13, 12, 11, 11, 11, 11, 13, 11], [11, 12, 11, 12, 11, 11, 10, 10, 13, 13, 12, 13, 10, 10, 12, 11, 10, 13, 11, 10, 11, 13, 12, 11, 11, 12, 12, 13, 10, 10, 11, 10, 13, 13, 11], [13, 11, 13, 10, 10, 13, 12, 10, 13, 11, 13, 11, 13, 13, 13, 13, 11, 10, 11, 10, 11, 13, 12, 11, 10, 11, 12, 11, 12, 11, 12, 12, 12, 13, 11], [10, 11, 10, 12, 12, 10, 10, 10, 13, 12, 10, 13, 13, 13, 10, 12, 10, 12, 12, 11, 12, 10, 11, 12, 12, 13, 13, 11, 12, 12, 12, 11, 10, 12, 11], [13, 11, 12, 12, 10, 13, 12, 13, 10, 10, 11, 11, 11, 10, 11, 11, 10, 11, 11, 12, 12, 11, 10, 10, 11, 11, 11, 10, 13, 12, 12, 13, 13, 11, 13], [13, 13, 11, 10, 13, 12, 13, 12, 10, 12, 11, 11, 12, 13, 10, 12, 10, 10, 12, 10, 12, 12, 13, 12, 13, 12, 11, 12, 12, 12, 11, 12, 13, 10, 11], [10, 11, 13, 13, 12, 12, 10, 12, 10, 11, 12, 12, 11, 13, 13, 10, 12, 13, 13, 11, 10, 12, 11, 11, 12, 11, 12, 12, 13, 13, 10, 13, 11, 10, 12], [11, 13, 13, 11, 11, 10, 11, 13, 10, 12, 12, 10, 12, 13, 11, 10, 10, 10, 10, 10, 10, 11, 12, 13, 13, 10, 13, 10, 13, 10, 13, 13, 13, 10, 12], [12, 10, 13, 11, 12, 12, 12, 12, 10, 13, 12, 11, 13, 10, 11, 11, 11, 12, 11, 10, 13, 11, 12, 13, 12, 13, 12, 13, 12, 11, 13, 13, 13, 10, 11], [13, 10, 13, 10, 10, 11, 10, 12, 13, 13, 10, 12, 11, 12, 11, 11, 10, 12, 13, 13, 13, 11, 10, 10, 11, 11, 10, 10, 13, 12, 13, 13, 12, 10, 10], [12, 12, 11, 10, 13, 13, 12, 10, 12, 10, 11, 10, 13, 12, 13, 12, 10, 12, 13, 10, 10, 12, 11, 11, 11, 10, 12, 10, 11, 12, 10, 13, 11, 11, 12], [12, 11, 12, 10, 10, 10, 10, 10, 13, 13, 10, 12, 11, 11, 10, 11, 12, 11, 13, 12, 13, 10, 10, 12, 13, 12, 11, 13, 13, 11, 10, 10, 10, 12, 13], [13, 10, 12, 13, 13, 12, 13, 10, 11, 11, 13, 12, 10, 12, 12, 13, 11, 11, 13, 10, 12, 12, 12, 12, 12, 12, 12, 11, 12, 12, 13, 12, 12, 12, 10], [13, 11, 11, 12, 13, 10, 11, 11, 11, 10, 13, 11, 11, 11, 10, 13, 13, 12, 11, 10, 12, 13, 11, 12, 11, 11, 11, 10, 10, 11, 13, 11, 12, 10, 12], [11, 11, 10, 11, 11, 13, 11, 10, 13, 11, 10, 12, 10, 10, 12, 11, 10, 13, 10, 10, 11, 12, 11, 13, 12, 11, 11, 10, 10, 13, 12, 12, 10, 13, 11], [11, 10, 11, 11, 11, 11, 10, 12, 11, 11, 10, 13, 13, 11, 12, 11, 10, 13, 11, 12, 10, 10, 12, 11, 11, 13, 13, 11, 11, 13, 10, 12, 13, 11, 13], [13, 12, 10, 12, 13, 13, 13, 12, 13, 10, 12, 13, 13, 12, 10, 13, 12, 11, 11, 10, 10, 11, 10, 12, 13, 12, 12, 13, 11, 12, 10, 13, 10, 10, 13], [13, 13, 11, 12, 11, 11, 11, 10, 11, 13, 11, 12, 11, 12, 11, 11, 12, 12, 10, 13, 12, 13, 11, 12, 11, 12, 10, 10, 12, 11, 13, 12, 11, 11, 12], [13, 10, 12, 12, 10, 12, 12, 10, 12, 11, 10, 10, 11, 13, 11, 11, 12, 13, 10, 10, 12, 12, 10, 10, 10, 10, 13, 13, 10, 10, 12, 12, 13, 11, 10], [11, 11, 10, 12, 10, 10, 11, 10, 10, 13, 10, 13, 11, 12, 10, 13, 11, 11, 11, 10, 10, 10, 11, 11, 11, 12, 13, 11, 11, 12, 10, 13, 10, 13, 10], [10, 10, 11, 12, 11, 11, 11, 12, 11, 11, 12, 12, 10, 13, 12, 10, 12, 11, 11, 11, 13, 12, 13, 11, 11, 11, 12, 13, 11, 10, 12, 12, 13, 13, 12], [13, 10, 10, 10, 13, 11, 10, 10, 13, 12, 11, 10, 12, 12, 10, 13, 10, 10, 11, 11, 12, 10, 11, 11, 12, 10, 13, 13, 11, 11, 13, 10, 11, 11, 13], [10, 12, 12, 11, 10, 11, 11, 13, 11, 12, 12, 13, 11, 10, 12, 13, 12, 13, 12, 10, 13, 10, 10, 11, 12, 10, 13, 11, 11, 12, 10, 13, 10, 13, 12], [11, 11, 11, 11, 11, 12, 10, 12, 12, 12, 11, 10, 10, 10, 13, 11, 13, 10, 12, 13, 11, 13, 11, 11, 11, 12, 10, 11, 12, 11, 11, 10, 13, 10, 10], [11, 13, 11, 11, 13, 13, 13, 10, 10, 10, 10, 11, 11, 11, 11, 11, 11, 10, 13, 13, 11, 12, 12, 10, 11, 10, 13, 11, 13, 11, 10, 10, 13, 12, 13], [10, 13, 11, 13, 11, 10, 10, 11, 13, 10, 10, 12, 12, 13, 12, 13, 11, 11, 13, 11, 12, 12, 13, 11, 12, 12, 11, 12, 12, 12, 11, 10, 13, 11, 10], [13, 13, 11, 11, 10, 10, 11, 10, 12, 13, 13, 10, 13, 12, 11, 13, 10, 10, 11, 10, 13, 11, 10, 13, 10, 10, 13, 11, 10, 11, 10, 10, 12, 12, 13], [12, 11, 12, 13, 12, 13, 11, 11, 12, 13, 11, 12, 11, 13, 11, 13, 13, 13, 11, 11, 10, 11, 13, 13, 12, 13, 11, 12, 10, 12, 12, 12, 12, 11, 12], [13, 13, 11, 13, 13, 12, 13, 13, 13, 11, 13, 11, 13, 13, 10, 13, 12, 13, 12, 11, 13, 13, 12, 11, 13, 13, 13, 12, 10, 11, 11, 10, 10, 10, 10], [12, 13, 13, 13, 10, 10, 12, 12, 12, 13, 10, 13, 12, 13, 11, 11, 13, 13, 13, 13, 13, 10, 11, 11, 10, 12, 11, 12, 10, 13, 12, 11, 12, 11, 11], [13, 13, 11, 12, 12, 12, 12, 12, 10, 13, 12, 10, 10, 12, 10, 11, 11, 11, 10, 11, 12, 12, 12, 11, 13, 10, 12, 11, 13, 13, 12, 10, 13, 11, 12], [11, 11, 13, 13, 10, 11, 13, 10, 11, 11, 13, 12, 13, 12, 11, 11, 10, 11, 13, 10, 13, 13, 11, 12, 11, 13, 13, 13, 10, 10, 10, 11, 10, 10, 10], [13, 10, 10, 10, 13, 13, 13, 10, 10, 13, 11, 12, 13, 10, 11, 10, 11, 13, 12, 11, 12, 11, 11, 13, 13, 12, 10, 11, 10, 11, 13, 12, 12, 12, 12], [11, 13, 13, 11, 12, 12, 13, 10, 13, 11, 10, 12, 13, 11, 13, 12, 12, 11, 12, 13, 11, 12, 13, 13, 10, 13, 11, 10, 13, 13, 10, 10, 11, 11, 11], [12, 12, 12, 10, 13, 11, 11, 12, 13, 12, 11, 11, 13, 10, 11, 12, 13, 13, 13, 11, 12, 10, 10, 12, 11, 10, 11, 10, 10, 12, 12, 12, 12, 10, 12], [11, 10, 10, 10, 12, 12, 12, 11, 12, 13, 11, 10, 13, 11, 12, 10, 11, 13, 10, 11, 13, 13, 11, 10, 10, 11, 12, 12, 13, 12, 13, 13, 12, 13, 10], [10, 13, 12, 12, 11, 10, 10, 11, 11, 13, 11, 13, 11, 13, 13, 10, 12, 11, 13, 10, 10, 10, 10, 10, 10, 13, 13, 12, 11, 11, 13, 11, 11, 11, 10], [13, 13, 11, 11, 13, 12, 11, 13, 10, 12, 12, 12, 10, 10, 11, 13, 12, 10, 12, 11, 11, 13, 13, 10, 10, 12, 10, 13, 12, 13, 10, 12, 10, 12, 11], [13, 13, 12, 10, 12, 12, 12, 12, 13, 12, 10, 12, 13, 11, 10, 11, 12, 12, 12, 13, 12, 13, 10, 12, 13, 12, 12, 13, 12, 13, 12, 10, 13, 12, 11], [12, 11, 10, 11, 12, 10, 13, 13, 11, 12, 11, 12, 12, 10, 13, 11, 12, 10, 10, 12, 13, 12, 13, 12, 10, 11, 12, 13, 10, 11, 12, 10, 12, 13, 13], [13, 12, 12, 11, 13, 11, 13, 10, 12, 12, 11, 11, 10, 12, 11, 10, 13, 10, 13, 13, 13, 11, 13, 13, 13, 10, 13, 12, 11, 10, 11, 12, 12, 11, 12], [10, 10, 12, 10, 13, 12, 10, 11, 10, 13, 12, 10, 12, 13, 13, 11, 11, 13, 12, 13, 13, 10, 11, 13, 11, 11, 12, 11, 10, 10, 11, 10, 12, 10, 13], [10, 10, 13, 13, 12, 13, 10, 10, 12, 10, 10, 11, 11, 11, 11, 13, 10, 12, 13, 10, 12, 13, 13, 12, 12, 13, 11, 11, 13, 10, 12, 11, 12, 13, 10], [10, 11, 11, 13, 11, 13, 11, 10, 13, 13, 11, 13, 11, 10, 11, 13, 11, 13, 10, 10, 11, 11, 13, 13, 11, 13, 13, 13, 13, 13, 11, 13, 13, 13, 12], [11, 12, 12, 10, 11, 12, 11, 12, 11, 13, 10, 11, 12, 10, 11, 13, 10, 12, 11, 13, 11, 13, 11, 10, 10, 13, 12, 10, 13, 11, 12, 11, 12, 10, 12], [10, 12, 12, 13, 12, 10, 12, 13, 10, 11, 10, 10, 13, 11, 11, 13, 10, 10, 10, 11, 12, 10, 13, 12, 11, 12, 12, 10, 12, 13, 10, 12, 12, 10, 12], [13, 13, 13, 10, 10, 11, 12, 11, 11, 13, 10, 11, 11, 12, 12, 11, 12, 10, 12, 13, 11, 11, 12, 10, 10, 10, 10, 12, 12, 10, 11, 10, 12, 13, 13], [13, 11, 11, 13, 11, 12, 13, 12, 13, 10, 12, 11, 12, 12, 11, 11, 11, 11, 13, 12, 13, 11, 11, 11, 10, 13, 11, 10, 12, 12, 12, 11, 12, 11, 11], [11, 10, 12, 11, 12, 13, 13, 13, 12, 13, 11, 13, 12, 13, 10, 10, 10, 12, 10, 11, 13, 10, 13, 10, 10, 11, 11, 13, 12, 12, 13, 11, 11, 12, 13], [13, 12, 11, 10, 13, 11, 10, 11, 10, 13, 10, 12, 12, 11, 11, 12, 13, 13, 10, 10, 12, 10, 13, 13, 10, 12, 13, 10, 12, 11, 10, 12, 12, 13, 10], [13, 13, 12, 13, 12, 13, 10, 13, 10, 11, 10, 11, 11, 12, 10, 13, 12, 13, 12, 13, 13, 11, 12, 12, 12, 12, 11, 13, 13, 12, 10, 12, 13, 13, 13], [11, 12, 13, 11, 11, 13, 13, 11, 12, 12, 12, 10, 10, 13, 12, 12, 13, 10, 10, 12, 12, 13, 11, 12, 10, 12, 11, 13, 13, 12, 10, 12, 12, 11, 10], [13, 12, 13, 12, 12, 13, 10, 10, 11, 11, 10, 10, 10, 13, 12, 12, 11, 10, 13, 12, 10, 11, 12, 12, 12, 13, 10, 10, 13, 10, 12, 13, 12, 11, 11], [11, 10, 13, 10, 12, 10, 12, 10, 13, 10, 11, 13, 10, 12, 12, 13, 10, 11, 10, 12, 12, 12, 13, 11, 11, 12, 10, 13, 10, 12, 13, 10, 12, 11, 13], [11, 13, 12, 10, 13, 13, 13, 12, 12, 12, 11, 12, 12, 13, 12, 10, 11, 10, 12, 13, 13, 11, 10, 13, 10, 12, 11, 13, 10, 12, 13, 12, 11, 10, 13], [13, 11, 10, 12, 12, 12, 11, 13, 13, 11, 11, 11, 11, 13, 11, 13, 13, 11, 13, 10, 13, 13, 10, 11, 12, 13, 11, 10, 10, 12, 13, 10, 12, 10, 12], [12, 12, 11, 10, 13, 10, 11, 10, 11, 10, 12, 13, 10, 13, 13, 13, 10, 11, 11, 10, 13, 13, 12, 10, 10, 12, 10, 10, 12, 11, 11, 10, 10, 10, 13], [10, 11, 11, 12, 13, 11, 10, 11, 10, 13, 11, 12, 11, 13, 12, 10, 12, 13, 11, 13, 12, 12, 12, 13, 11, 13, 11, 12, 12, 12, 10, 13, 12, 12, 10], [12, 13, 11, 12, 10, 13, 13, 11, 11, 11, 12, 11, 12, 13, 12, 11, 11, 12, 12, 12, 10, 13, 13, 13, 11, 13, 13, 12, 10, 12, 13, 11, 12, 13, 10], [13, 12, 11, 11, 11, 12, 12, 11, 13, 11, 10, 11, 13, 12, 13, 10, 13, 12, 13, 10, 10, 13, 13, 11, 11, 12, 10, 10, 11, 12, 12, 13, 11, 10, 10], [10, 12, 10, 13, 10, 12, 13, 12, 11, 12, 10, 13, 13, 13, 13, 13, 12, 10, 11, 10, 12, 12, 12, 13, 11, 11, 10, 13, 10, 13, 10, 11, 13, 11, 10], [11, 12, 11, 12, 13, 13, 13, 13, 13, 13, 12, 13, 11, 10, 11, 11, 10, 12, 10, 12, 13, 13, 10, 12, 13, 11, 10, 11, 12, 10, 13, 12, 12, 13, 10], [12, 13, 13, 12, 12, 13, 12, 10, 11, 11, 12, 10, 10, 13, 13, 12, 10, 11, 11, 10, 12, 12, 10, 11, 11, 10, 10, 12, 12, 10, 10, 13, 10, 11, 10], [12, 13, 12, 10, 11, 10, 11, 11, 13, 10, 12, 13, 10, 11, 10, 12, 10, 11, 11, 11, 13, 10, 11, 11, 13, 12, 11, 12, 11, 13, 11, 12, 12, 10, 13], [10, 11, 11, 11, 10, 12, 12, 13, 10, 13, 11, 10, 10, 13, 11, 13, 11, 11, 10, 10, 12, 10, 11, 12, 12, 13, 10, 10, 13, 11, 12, 10, 10, 10, 13], [10, 12, 12, 13, 11, 13, 12, 11, 13, 13, 13, 11, 12, 11, 10, 13, 12, 11, 12, 11, 11, 11, 12, 12, 11, 11, 11, 11, 13, 11, 11, 13, 10, 10, 10], [11, 10, 10, 13, 10, 11, 12, 11, 11, 10, 13, 11, 11, 13, 11, 12, 10, 13, 10, 12, 13, 12, 10, 11, 13, 12, 13, 12, 11, 10, 13, 10, 11, 13, 12], [11, 10, 10, 12, 10, 12, 12, 13, 12, 10, 10, 12, 13, 13, 11, 11, 13, 10, 11, 10, 10, 12, 11, 10, 11, 13, 11, 10, 12, 11, 12, 11, 10, 11, 12], [10, 13, 12, 12, 10, 13, 13, 13, 12, 12, 12, 13, 10, 12, 13, 13, 12, 10, 10, 12, 10, 12, 11, 11, 13, 12, 12, 12, 13, 13, 13, 11, 11, 13, 12], [13, 13, 10, 13, 11, 12, 13, 12, 10, 12, 12, 10, 12, 11, 11, 11, 12, 10, 12, 10, 11, 11, 13, 10, 13, 10, 12, 12, 13, 11, 13, 13, 11, 12, 10], [13, 11, 13, 11, 13, 13, 11, 10, 10, 10, 11, 12, 11, 12, 11, 13, 11, 12, 13, 12, 11, 13, 10, 10, 10, 11, 13, 13, 10, 12, 10, 10, 12, 10, 12], [11, 13, 13, 12, 13, 11, 13, 13, 12, 10, 11, 12, 12, 12, 10, 10, 10, 10, 11, 13, 13, 13, 11, 13, 12, 13, 12, 11, 11, 10, 10, 10, 11, 13, 12], [13, 12, 10, 13, 11, 12, 13, 10, 11, 13, 10, 10, 13, 12, 11, 12, 10, 10, 13, 10, 10, 12, 13, 10, 11, 13, 10, 12, 10, 10, 12, 12, 11, 10, 12], [10, 11, 13, 11, 12, 10, 10, 13, 12, 11, 11, 12, 10, 11, 10, 10, 13, 13, 12, 13, 13, 12, 10, 10, 10, 10, 10, 12, 10, 11, 11, 10, 12, 12, 13], [13, 11, 11, 13, 13, 11, 10, 12, 13, 11, 12, 13, 10, 10, 12, 10, 10, 12, 10, 12, 11, 11, 12, 13, 11, 13, 10, 12, 11, 12, 12, 11, 10, 11, 12], [10, 13, 11, 11, 13, 13, 11, 13, 11, 12, 10, 10, 11, 10, 12, 13, 10, 11, 12, 13, 13, 11, 11, 13, 12, 13, 13, 10, 10, 13, 13, 13, 13, 11, 11], [13, 10, 11, 11, 10, 11, 13, 10, 13, 10, 13, 10, 12, 10, 12, 12, 12, 11, 13, 11, 10, 11, 13, 11, 12, 10, 11, 13, 10, 12, 11, 12, 12, 10, 11], [11, 10, 11, 11, 13, 13, 13, 13, 12, 11, 13, 11, 13, 11, 10, 10, 10, 12, 11, 10, 13, 13, 10, 11, 11, 13, 10, 12, 13, 10, 10, 13, 12, 11, 11], [13, 12, 11, 10, 13, 13, 13, 13, 12, 12, 13, 12, 10, 12, 10, 13, 13, 10, 11, 13, 12, 11, 13, 11, 10, 11, 12, 13, 10, 11, 13, 12, 12, 11, 11], [12, 12, 10, 11, 11, 11, 10, 10, 13, 12, 10, 12, 10, 13, 10, 11, 11, 11, 13, 11, 10, 11, 10, 13, 11, 10, 10, 11, 10, 13, 11, 12, 10, 11, 13], [11, 12, 12, 10, 12, 11, 11, 10, 13, 13, 12, 11, 12, 11, 12, 10, 11, 12, 11, 13, 12, 12, 11, 13, 12, 13, 11, 13, 13, 11, 11, 12, 13, 13, 10], [13, 10, 12, 11, 11, 13, 11, 10, 13, 10, 10, 10, 13, 12, 12, 13, 13, 10, 11, 11, 11, 13, 10, 10, 12, 13, 13, 11, 11, 10, 11, 11, 12, 10, 12], [11, 11, 12, 13, 12, 10, 11, 13, 10, 10, 11, 12, 12, 13, 10, 11, 13, 11, 13, 13, 12, 10, 13, 10, 12, 13, 11, 13, 13, 13, 10, 10, 11, 11, 12], [12, 12, 11, 13, 12, 12, 12, 10, 13, 10, 13, 13, 11, 11, 10, 11, 13, 12, 13, 12, 13, 11, 10, 13, 13, 11, 12, 11, 10, 12, 13, 13, 12, 10, 12], [10, 13, 11, 12, 11, 12, 10, 10, 13, 13, 12, 10, 13, 12, 11, 12, 12, 10, 11, 12, 11, 10, 10, 12, 11, 12, 12, 12, 12, 13, 11, 13, 13, 10, 11], [10, 11, 10, 13, 10, 13, 10, 11, 12, 11, 13, 13, 10, 12, 13, 12, 12, 13, 12, 10, 13, 12, 11, 11, 12, 11, 11, 10, 10, 11, 13, 11, 11, 12, 13], [13, 13, 13, 12, 11, 12, 12, 11, 12, 12, 10, 10, 12, 11, 12, 11, 11, 13, 12, 12, 10, 11, 10, 10, 11, 10, 12, 13, 10, 12, 11, 13, 10, 13, 10], [10, 11, 10, 10, 10, 12, 10, 12, 12, 12, 11, 13, 11, 12, 11, 12, 11, 13, 11, 12, 11, 13, 10, 12, 13, 10, 11, 13, 12, 13, 13, 12, 13, 10, 10], [13, 12, 10, 10, 12, 11, 13, 12, 12, 13, 13, 10, 10, 11, 11, 10, 13, 13, 10, 10, 13, 10, 11, 12, 11, 10, 10, 13, 12, 13, 13, 10, 11, 10, 10], [10, 12, 10, 12, 11, 13, 12, 11, 13, 11, 10, 11, 10, 13, 13, 10, 10, 13, 10, 10, 10, 10, 10, 10, 10, 11, 10, 12, 11, 12, 11, 13, 13, 10, 12], [10, 13, 12, 12, 13, 12, 13, 10, 11, 10, 12, 13, 12, 11, 10, 13, 12, 10, 12, 13, 11, 13, 12, 13, 10, 10, 12, 10, 12, 11, 10, 11, 10, 11, 10], [11, 13, 10, 10, 12, 11, 11, 13, 10, 13, 12, 10, 10, 12, 13, 10, 13, 12, 13, 13, 11, 11, 11, 12, 11, 13, 13, 12, 13, 10, 11, 13, 11, 11, 11], [13, 10, 12, 12, 10, 12, 13, 12, 13, 11, 13, 10, 10, 11, 10, 11, 12, 10, 11, 11, 13, 10, 11, 13, 11, 10, 11, 10, 11, 12, 10, 11, 13, 11, 11], [12, 10, 11, 11, 11, 13, 11, 12, 13, 10, 12, 12, 12, 13, 12, 12, 13, 12, 10, 10, 12, 13, 10, 12, 13, 10, 11, 13, 11, 11, 10, 12, 10, 13, 13], [10, 12, 12, 13, 10, 10, 13, 13, 12, 10, 10, 10, 12, 11, 12, 11, 11, 10, 10, 11, 13, 12, 12, 11, 11, 13, 12, 11, 10, 11, 11, 10, 12, 11, 11], [13, 13, 13, 13, 11, 12, 10, 12, 13, 13, 12, 10, 11, 12, 12, 13, 12, 11, 12, 13, 13, 10, 13, 13, 12, 13, 11, 11, 12, 10, 11, 13, 10, 12, 13], [10, 13, 11, 12, 10, 13, 11, 12, 12, 11, 12, 11, 12, 13, 10, 11, 13, 10, 12, 13, 11, 13, 11, 10, 10, 12, 10, 12, 11, 12, 13, 11, 11, 13, 12], [11, 10, 12, 10, 12, 10, 12, 13, 11, 13, 13, 12, 11, 12, 13, 13, 11, 11, 10, 10, 12, 12, 11, 12, 12, 11, 12, 12, 12, 13, 10, 10, 10, 10, 11], [12, 11, 12, 11, 13, 13, 12, 11, 10, 12, 13, 13, 12, 13, 12, 13, 13, 10, 11, 12, 13, 12, 10, 13, 10, 12, 13, 10, 11, 12, 13, 10, 10, 12, 10], [10, 12, 13, 10, 12, 13, 11, 13, 13, 10, 11, 11, 13, 10, 10, 13, 13, 12, 11, 12, 12, 13, 13, 11, 10, 10, 10, 13, 11, 13, 10, 12, 11, 10, 11], [10, 13, 10, 12, 12, 10, 11, 10, 10, 11, 11, 13, 10, 12, 11, 12, 13, 11, 10, 13, 12, 12, 12, 11, 12, 10, 12, 11, 10, 12, 12, 13, 13, 13, 12], [13, 10, 10, 13, 13, 11, 10, 12, 11, 13, 10, 13, 10, 12, 10, 11, 12, 12, 10, 12, 10, 12, 12, 13, 13, 13, 11, 13, 13, 11, 11, 10, 10, 11, 13], [11, 10, 10, 10, 13, 10, 10, 11, 12, 12, 11, 10, 12, 12, 11, 10, 12, 13, 12, 10, 10, 10, 10, 10, 12, 10, 10, 10, 12, 13, 12, 11, 10, 10, 13], [10, 10, 10, 13, 11, 12, 12, 10, 12, 10, 11, 11, 13, 12, 12, 11, 13, 11, 12, 11, 12, 13, 13, 12, 12, 12, 13, 11, 10, 12, 13, 11, 10, 13, 10], [13, 12, 13, 12, 13, 10, 13, 10, 10, 11, 10, 12, 10, 10, 11, 13, 11, 13, 13, 13, 13, 13, 13, 13, 12, 11, 11, 10, 13, 10, 10, 10, 10, 13, 13]]
Inventory holding cost per unit of each product by the end of each period h: 
[[9, 8, 8, 6, 9, 8, 9, 6, 5, 6, 7, 6, 6, 8, 8, 9, 7, 8, 6, 7, 6, 6, 9, 5, 7, 7, 6, 5, 5, 7, 6, 9, 5, 5, 8], [9, 6, 6, 6, 5, 8, 7, 7, 7, 7, 8, 7, 9, 5, 5, 6, 8, 5, 8, 5, 9, 5, 9, 6, 6, 7, 7, 5, 6, 6, 9, 8, 6, 7, 8], [5, 5, 9, 6, 7, 9, 5, 8, 7, 8, 7, 5, 9, 8, 9, 6, 6, 9, 9, 5, 7, 9, 6, 6, 5, 6, 6, 7, 9, 6, 9, 9, 8, 6, 9], [6, 6, 8, 5, 7, 6, 5, 6, 6, 8, 8, 8, 5, 9, 8, 7, 6, 6, 7, 6, 9, 9, 7, 7, 5, 9, 6, 5, 8, 6, 7, 6, 7, 6, 6], [5, 7, 5, 9, 9, 8, 5, 9, 6, 9, 5, 5, 7, 7, 6, 7, 9, 7, 5, 6, 8, 6, 8, 6, 9, 7, 7, 7, 7, 6, 6, 9, 6, 9, 7], [7, 9, 5, 8, 9, 7, 7, 8, 9, 6, 8, 7, 6, 5, 7, 9, 9, 7, 7, 7, 5, 5, 5, 6, 8, 7, 9, 6, 6, 9, 7, 7, 5, 5, 7], [5, 9, 7, 8, 5, 6, 6, 5, 5, 6, 7, 8, 9, 8, 5, 8, 5, 5, 8, 9, 9, 8, 9, 8, 9, 6, 7, 6, 9, 9, 5, 6, 5, 7, 6], [6, 8, 8, 5, 6, 7, 5, 9, 7, 8, 8, 8, 5, 7, 9, 5, 7, 9, 6, 9, 9, 8, 8, 5, 6, 6, 9, 8, 9, 8, 6, 5, 7, 7, 8], [8, 8, 7, 7, 8, 5, 6, 9, 9, 6, 9, 6, 9, 5, 6, 9, 6, 7, 8, 5, 5, 6, 5, 7, 9, 8, 5, 9, 8, 5, 6, 9, 5, 8, 9], [8, 7, 9, 6, 8, 8, 5, 6, 5, 6, 5, 8, 9, 6, 5, 5, 8, 7, 7, 8, 9, 8, 9, 7, 9, 5, 5, 8, 7, 9, 8, 6, 8, 7, 9], [7, 5, 7, 7, 7, 6, 8, 5, 5, 7, 8, 6, 9, 6, 9, 9, 8, 8, 6, 6, 8, 6, 9, 5, 9, 8, 8, 7, 8, 7, 9, 6, 7, 6, 9], [6, 7, 5, 6, 7, 8, 9, 7, 6, 7, 7, 9, 8, 8, 9, 8, 6, 9, 7, 8, 6, 5, 7, 5, 9, 5, 9, 9, 7, 5, 6, 7, 5, 5, 7], [5, 6, 9, 5, 8, 6, 5, 5, 6, 5, 6, 9, 7, 5, 9, 8, 7, 8, 9, 9, 5, 7, 9, 7, 9, 8, 8, 9, 6, 6, 8, 9, 8, 8, 7], [9, 6, 7, 5, 5, 5, 8, 7, 7, 6, 7, 9, 7, 8, 9, 7, 9, 8, 6, 8, 7, 5, 6, 6, 6, 9, 5, 9, 6, 9, 7, 5, 7, 8, 9], [5, 5, 9, 8, 9, 9, 8, 7, 8, 6, 9, 5, 7, 5, 6, 9, 5, 9, 9, 7, 8, 6, 7, 6, 6, 6, 9, 8, 7, 9, 8, 8, 6, 9, 7], [9, 7, 6, 5, 9, 5, 8, 9, 7, 5, 9, 8, 8, 8, 7, 6, 5, 5, 8, 8, 5, 7, 5, 8, 7, 7, 9, 6, 6, 6, 8, 9, 6, 9, 6], [5, 9, 7, 5, 9, 7, 6, 8, 8, 6, 6, 9, 7, 7, 6, 6, 7, 9, 6, 8, 6, 6, 5, 6, 9, 5, 6, 5, 8, 5, 6, 6, 6, 5, 9], [7, 8, 9, 8, 8, 6, 5, 6, 5, 8, 5, 5, 6, 6, 7, 7, 5, 8, 7, 9, 8, 6, 7, 6, 9, 6, 5, 9, 5, 5, 6, 8, 6, 6, 9], [9, 7, 5, 7, 9, 6, 8, 8, 8, 8, 5, 9, 5, 5, 9, 7, 5, 8, 7, 7, 9, 9, 7, 7, 8, 6, 9, 5, 5, 7, 8, 6, 9, 7, 9], [5, 5, 9, 5, 9, 6, 6, 6, 7, 6, 6, 9, 6, 7, 5, 6, 5, 6, 9, 5, 8, 5, 7, 8, 9, 7, 6, 8, 6, 6, 9, 8, 9, 5, 9], [6, 7, 7, 6, 6, 5, 9, 9, 7, 9, 5, 5, 6, 5, 6, 5, 7, 5, 7, 8, 8, 9, 9, 9, 5, 7, 5, 6, 8, 6, 7, 8, 6, 7, 7], [8, 7, 9, 6, 8, 8, 9, 5, 9, 7, 7, 9, 8, 9, 8, 9, 5, 6, 7, 7, 7, 6, 9, 5, 8, 6, 7, 7, 5, 7, 9, 8, 6, 8, 9], [7, 8, 8, 7, 9, 7, 7, 5, 7, 7, 5, 7, 9, 8, 7, 7, 6, 6, 5, 6, 5, 7, 5, 9, 5, 8, 9, 9, 5, 9, 5, 9, 6, 5, 8], [7, 6, 9, 8, 9, 5, 5, 9, 5, 8, 7, 8, 7, 9, 7, 9, 7, 8, 8, 7, 8, 8, 5, 6, 9, 6, 7, 5, 7, 5, 9, 8, 9, 5, 5], [5, 8, 5, 6, 8, 5, 6, 5, 8, 5, 9, 7, 5, 5, 6, 8, 8, 5, 6, 6, 9, 6, 5, 5, 6, 5, 9, 5, 5, 8, 9, 9, 9, 8, 8], [5, 7, 8, 6, 8, 9, 7, 7, 8, 9, 9, 9, 8, 9, 7, 9, 5, 5, 5, 9, 8, 7, 7, 7, 8, 9, 7, 7, 5, 6, 9, 7, 6, 5, 6], [7, 8, 7, 5, 8, 8, 5, 8, 7, 5, 9, 7, 6, 7, 8, 6, 6, 8, 8, 6, 9, 5, 6, 7, 7, 9, 8, 9, 8, 7, 9, 6, 8, 5, 5], [5, 8, 7, 6, 6, 7, 5, 5, 8, 7, 9, 7, 5, 6, 6, 8, 8, 8, 8, 6, 5, 7, 8, 5, 9, 7, 7, 7, 9, 8, 5, 6, 8, 5, 7], [6, 7, 5, 5, 9, 6, 6, 5, 9, 7, 5, 7, 8, 7, 5, 5, 7, 6, 6, 9, 5, 8, 6, 8, 6, 7, 7, 9, 6, 7, 9, 5, 8, 6, 7], [9, 9, 8, 9, 8, 9, 8, 5, 6, 9, 8, 9, 7, 9, 8, 6, 5, 9, 8, 8, 7, 8, 7, 7, 7, 8, 8, 7, 9, 6, 9, 8, 8, 9, 6], [9, 6, 9, 5, 5, 8, 7, 5, 6, 7, 9, 8, 9, 7, 6, 9, 9, 9, 8, 6, 7, 5, 9, 5, 8, 8, 7, 9, 5, 7, 8, 5, 5, 7, 9], [7, 8, 9, 5, 8, 9, 6, 7, 7, 6, 9, 5, 5, 8, 6, 8, 9, 8, 5, 7, 7, 7, 9, 7, 8, 5, 6, 6, 8, 9, 8, 9, 7, 9, 9], [5, 7, 7, 7, 8, 5, 8, 8, 6, 7, 7, 5, 9, 8, 8, 7, 6, 8, 5, 5, 5, 5, 6, 8, 6, 6, 9, 6, 5, 7, 9, 6, 9, 8, 9], [7, 6, 8, 5, 6, 7, 7, 9, 7, 6, 8, 8, 8, 7, 8, 6, 6, 5, 9, 6, 7, 9, 5, 5, 7, 9, 5, 5, 8, 8, 7, 6, 9, 9, 7], [9, 6, 9, 6, 6, 7, 9, 5, 6, 9, 8, 7, 5, 7, 7, 9, 6, 8, 9, 7, 5, 7, 8, 9, 5, 6, 7, 5, 9, 8, 8, 7, 9, 9, 5], [9, 7, 8, 6, 6, 8, 9, 6, 5, 5, 9, 6, 9, 6, 5, 8, 9, 8, 9, 5, 5, 5, 7, 9, 5, 6, 9, 8, 5, 8, 8, 8, 5, 5, 5], [7, 5, 6, 8, 6, 8, 7, 8, 6, 7, 7, 9, 6, 5, 8, 6, 8, 5, 9, 6, 5, 7, 8, 6, 5, 9, 9, 7, 6, 8, 9, 9, 8, 8, 9], [8, 7, 7, 9, 6, 9, 8, 9, 8, 5, 9, 8, 7, 5, 6, 8, 9, 9, 6, 6, 5, 5, 6, 9, 7, 5, 7, 6, 7, 9, 6, 9, 7, 8, 6], [5, 6, 8, 6, 6, 5, 7, 6, 9, 7, 8, 8, 7, 5, 6, 8, 5, 8, 5, 6, 5, 7, 6, 6, 7, 5, 5, 6, 8, 9, 6, 7, 5, 8, 5], [8, 8, 7, 9, 7, 7, 5, 7, 8, 8, 6, 5, 7, 6, 9, 8, 6, 8, 6, 5, 6, 6, 7, 8, 8, 9, 7, 8, 6, 6, 7, 6, 6, 9, 5], [7, 9, 6, 8, 8, 5, 8, 9, 9, 6, 7, 7, 7, 7, 7, 8, 7, 9, 9, 6, 7, 9, 7, 7, 9, 6, 6, 5, 8, 5, 9, 6, 6, 5, 9], [8, 7, 9, 8, 9, 9, 6, 6, 7, 7, 7, 9, 5, 9, 7, 6, 5, 7, 9, 6, 8, 6, 7, 7, 5, 9, 7, 8, 9, 8, 8, 9, 5, 8, 7], [7, 8, 9, 9, 7, 5, 8, 7, 9, 8, 7, 5, 6, 8, 7, 6, 9, 8, 5, 5, 7, 9, 9, 6, 6, 6, 7, 5, 5, 5, 8, 8, 6, 5, 9], [7, 9, 7, 8, 7, 9, 7, 5, 9, 6, 7, 8, 5, 7, 9, 5, 5, 9, 8, 8, 6, 5, 9, 5, 7, 9, 6, 7, 6, 7, 9, 6, 7, 7, 5], [8, 9, 6, 6, 5, 7, 6, 8, 8, 8, 7, 6, 6, 9, 5, 6, 8, 6, 7, 8, 9, 9, 8, 7, 8, 9, 5, 8, 5, 9, 9, 9, 9, 7, 9], [9, 9, 7, 8, 6, 7, 6, 7, 6, 6, 8, 6, 6, 6, 7, 9, 5, 6, 9, 6, 9, 5, 8, 5, 8, 5, 9, 7, 6, 7, 7, 6, 5, 8, 7], [7, 6, 5, 6, 6, 9, 7, 5, 9, 7, 5, 7, 9, 6, 8, 6, 5, 5, 7, 9, 5, 7, 8, 6, 7, 9, 9, 7, 6, 5, 6, 9, 7, 9, 6], [5, 7, 8, 5, 5, 5, 6, 7, 9, 7, 8, 7, 7, 5, 7, 6, 9, 7, 6, 9, 9, 9, 9, 5, 9, 9, 8, 6, 8, 5, 8, 5, 8, 9, 8], [6, 9, 8, 5, 8, 7, 5, 6, 7, 7, 9, 8, 6, 6, 9, 6, 7, 8, 7, 6, 6, 8, 9, 9, 9, 7, 6, 9, 5, 6, 6, 9, 5, 6, 9], [6, 5, 8, 7, 6, 5, 6, 8, 5, 8, 9, 8, 9, 5, 6, 6, 8, 6, 8, 9, 5, 7, 9, 9, 9, 9, 8, 5, 5, 6, 7, 7, 6, 8, 6], [7, 8, 8, 6, 8, 5, 6, 6, 6, 5, 7, 7, 5, 6, 9, 7, 5, 6, 9, 5, 8, 9, 9, 7, 5, 8, 5, 8, 8, 6, 9, 9, 9, 9, 5], [7, 9, 9, 9, 6, 7, 8, 7, 6, 5, 5, 9, 7, 5, 6, 9, 5, 6, 9, 9, 5, 5, 6, 6, 8, 7, 8, 6, 6, 9, 9, 7, 9, 5, 7], [5, 6, 7, 9, 5, 5, 9, 7, 9, 5, 9, 7, 9, 8, 5, 5, 7, 6, 6, 7, 5, 7, 8, 5, 7, 9, 6, 8, 6, 9, 9, 7, 7, 8, 6], [5, 6, 7, 6, 8, 9, 6, 5, 6, 7, 8, 7, 7, 6, 8, 6, 9, 6, 7, 5, 7, 6, 7, 7, 9, 6, 9, 6, 8, 5, 7, 6, 5, 7, 6], [8, 8, 8, 8, 7, 5, 7, 8, 5, 9, 6, 6, 8, 5, 5, 7, 5, 7, 9, 6, 9, 8, 6, 7, 8, 5, 5, 7, 5, 5, 8, 7, 9, 9, 7], [5, 9, 6, 7, 6, 7, 6, 9, 5, 7, 5, 6, 8, 9, 9, 8, 6, 8, 8, 9, 5, 6, 8, 6, 9, 7, 8, 6, 6, 9, 8, 8, 6, 9, 6], [5, 8, 8, 6, 7, 9, 6, 5, 7, 8, 9, 9, 8, 6, 6, 6, 7, 8, 8, 8, 9, 7, 7, 8, 5, 8, 8, 7, 7, 9, 6, 8, 7, 9, 6], [8, 8, 9, 9, 8, 6, 7, 7, 5, 6, 9, 7, 8, 7, 8, 9, 6, 5, 8, 8, 8, 5, 7, 7, 6, 8, 7, 9, 5, 8, 9, 7, 9, 8, 5], [9, 6, 5, 9, 7, 9, 8, 6, 7, 6, 9, 6, 8, 5, 8, 6, 6, 7, 8, 6, 5, 7, 6, 6, 7, 8, 6, 5, 6, 6, 5, 8, 6, 8, 6], [5, 7, 7, 7, 8, 9, 6, 6, 7, 7, 9, 7, 7, 6, 6, 9, 8, 6, 7, 9, 6, 6, 7, 5, 9, 6, 8, 5, 5, 7, 5, 5, 6, 7, 7], [5, 7, 9, 9, 5, 5, 9, 7, 7, 8, 8, 6, 5, 7, 9, 8, 7, 9, 7, 9, 6, 6, 6, 5, 8, 9, 6, 8, 7, 6, 7, 7, 6, 5, 6], [7, 8, 7, 5, 9, 7, 5, 9, 6, 5, 5, 9, 6, 7, 7, 9, 6, 8, 6, 9, 9, 8, 8, 9, 6, 6, 6, 9, 8, 8, 9, 8, 8, 7, 9], [6, 9, 7, 7, 7, 5, 8, 6, 5, 7, 5, 9, 5, 8, 9, 6, 9, 8, 8, 9, 8, 8, 8, 9, 7, 6, 6, 8, 5, 9, 5, 5, 7, 7, 8], [9, 8, 9, 8, 7, 6, 5, 7, 9, 7, 8, 9, 6, 7, 7, 5, 9, 6, 8, 9, 6, 9, 7, 8, 9, 8, 7, 5, 5, 6, 6, 5, 7, 8, 9], [8, 7, 8, 9, 5, 8, 6, 7, 6, 8, 5, 9, 6, 6, 5, 6, 8, 7, 5, 5, 6, 6, 6, 5, 6, 9, 6, 7, 7, 6, 9, 8, 5, 7, 5], [7, 7, 7, 9, 9, 7, 5, 6, 9, 5, 9, 8, 8, 6, 5, 8, 9, 8, 5, 7, 7, 6, 5, 7, 6, 8, 6, 6, 7, 5, 9, 8, 8, 8, 6], [6, 7, 7, 7, 5, 7, 5, 5, 7, 6, 7, 9, 6, 8, 5, 7, 5, 5, 9, 7, 9, 6, 6, 8, 9, 5, 5, 7, 8, 6, 8, 6, 6, 6, 5], [5, 5, 7, 7, 7, 6, 9, 7, 5, 7, 9, 9, 5, 5, 9, 9, 6, 6, 6, 5, 9, 6, 5, 5, 6, 8, 5, 7, 5, 8, 5, 6, 7, 7, 8], [7, 9, 6, 7, 5, 9, 6, 5, 9, 7, 6, 7, 8, 7, 7, 8, 7, 6, 5, 8, 5, 8, 8, 6, 8, 8, 7, 9, 9, 9, 6, 6, 9, 5, 8], [8, 8, 6, 6, 6, 9, 9, 5, 8, 9, 9, 9, 9, 6, 6, 5, 8, 6, 6, 8, 8, 8, 9, 7, 8, 8, 8, 5, 5, 8, 7, 5, 9, 9, 9], [9, 6, 5, 8, 7, 8, 5, 9, 5, 5, 5, 6, 5, 9, 5, 8, 9, 7, 6, 8, 6, 8, 7, 5, 9, 9, 7, 5, 5, 9, 7, 6, 6, 7, 9], [6, 6, 8, 9, 5, 9, 7, 5, 5, 6, 8, 5, 8, 8, 7, 7, 7, 5, 8, 6, 7, 7, 5, 9, 9, 9, 8, 6, 7, 9, 8, 8, 6, 5, 9], [5, 7, 7, 9, 5, 5, 9, 7, 5, 5, 7, 8, 8, 7, 6, 5, 8, 5, 7, 8, 5, 6, 5, 8, 7, 9, 6, 8, 8, 5, 6, 9, 5, 8, 6], [7, 8, 6, 7, 6, 7, 9, 6, 9, 7, 7, 5, 6, 5, 6, 7, 8, 8, 5, 8, 9, 8, 9, 5, 9, 9, 7, 8, 5, 7, 6, 9, 9, 9, 5], [6, 8, 9, 8, 9, 9, 6, 9, 6, 6, 8, 9, 9, 6, 9, 5, 8, 8, 6, 8, 9, 5, 9, 8, 7, 9, 8, 7, 5, 6, 7, 8, 8, 7, 7], [8, 6, 5, 7, 7, 9, 5, 6, 9, 6, 5, 9, 6, 7, 6, 8, 5, 9, 9, 6, 7, 8, 7, 8, 7, 5, 8, 9, 6, 9, 8, 8, 6, 9, 5], [8, 7, 5, 9, 6, 8, 5, 7, 9, 5, 8, 8, 8, 5, 5, 8, 7, 5, 6, 8, 6, 8, 5, 5, 8, 7, 8, 8, 7, 6, 5, 8, 5, 9, 7], [7, 9, 6, 7, 6, 7, 5, 5, 7, 5, 5, 8, 6, 7, 9, 5, 6, 6, 9, 6, 7, 6, 7, 9, 5, 8, 7, 5, 6, 8, 6, 6, 7, 6, 6], [6, 7, 6, 8, 5, 7, 6, 6, 7, 8, 9, 9, 5, 8, 8, 8, 9, 8, 7, 5, 7, 6, 5, 8, 6, 6, 9, 9, 5, 8, 5, 5, 7, 9, 9], [6, 8, 8, 5, 9, 8, 9, 6, 7, 7, 9, 6, 6, 6, 7, 5, 8, 6, 6, 5, 7, 5, 7, 7, 8, 9, 7, 9, 7, 6, 8, 7, 7, 7, 6], [7, 8, 7, 7, 5, 6, 9, 8, 9, 8, 9, 5, 5, 6, 8, 5, 9, 5, 7, 5, 8, 7, 6, 9, 5, 8, 9, 8, 8, 5, 8, 6, 8, 7, 7], [5, 7, 9, 7, 8, 5, 5, 6, 7, 5, 9, 8, 9, 8, 7, 9, 5, 7, 6, 7, 9, 7, 5, 8, 5, 5, 6, 8, 8, 9, 6, 9, 7, 9, 7], [9, 8, 7, 7, 9, 7, 8, 8, 6, 8, 6, 6, 6, 9, 9, 7, 5, 9, 5, 8, 9, 8, 6, 8, 9, 8, 8, 8, 6, 9, 7, 8, 5, 7, 6], [9, 6, 9, 6, 7, 5, 5, 9, 6, 5, 5, 9, 5, 7, 8, 6, 9, 8, 6, 6, 9, 9, 6, 8, 8, 9, 7, 8, 7, 6, 7, 8, 5, 5, 6], [8, 7, 8, 9, 8, 8, 8, 9, 8, 5, 9, 6, 6, 7, 6, 5, 6, 7, 7, 8, 5, 7, 9, 8, 7, 9, 6, 5, 9, 8, 6, 7, 8, 7, 9], [9, 5, 5, 5, 5, 5, 5, 7, 6, 7, 8, 6, 8, 6, 5, 6, 8, 7, 8, 7, 5, 6, 8, 8, 9, 9, 9, 8, 8, 8, 8, 6, 6, 7, 5], [5, 6, 5, 8, 7, 9, 7, 5, 8, 9, 9, 6, 7, 6, 7, 6, 9, 6, 7, 5, 7, 7, 5, 6, 5, 5, 6, 9, 9, 9, 9, 5, 9, 7, 9], [7, 6, 8, 6, 8, 5, 7, 6, 8, 7, 7, 5, 6, 7, 6, 5, 8, 7, 7, 7, 9, 9, 9, 7, 9, 5, 5, 8, 6, 5, 7, 7, 9, 5, 7], [9, 8, 8, 9, 6, 7, 5, 9, 5, 9, 6, 8, 8, 8, 6, 7, 6, 8, 7, 8, 6, 7, 8, 5, 5, 7, 8, 9, 5, 9, 6, 6, 5, 7, 8], [8, 9, 5, 5, 6, 6, 6, 8, 7, 8, 8, 7, 7, 6, 8, 8, 9, 9, 6, 5, 9, 8, 6, 7, 6, 6, 7, 8, 7, 6, 6, 6, 7, 9, 6], [5, 6, 6, 7, 5, 8, 5, 7, 9, 8, 6, 5, 5, 6, 5, 9, 6, 5, 5, 5, 9, 5, 8, 8, 6, 6, 7, 5, 5, 6, 7, 6, 5, 9, 5], [9, 9, 8, 5, 9, 8, 6, 8, 7, 5, 6, 6, 7, 5, 9, 9, 8, 7, 8, 8, 6, 9, 9, 6, 5, 5, 8, 8, 6, 7, 9, 5, 9, 5, 5], [6, 7, 5, 7, 6, 9, 6, 8, 9, 8, 8, 6, 9, 8, 7, 5, 8, 7, 8, 8, 9, 8, 5, 5, 9, 9, 5, 9, 6, 7, 9, 6, 6, 9, 7], [7, 8, 9, 5, 8, 5, 5, 9, 8, 8, 7, 6, 9, 7, 5, 9, 8, 9, 6, 8, 8, 7, 5, 8, 7, 7, 6, 9, 7, 7, 7, 9, 5, 7, 5], [7, 7, 7, 8, 8, 8, 8, 7, 8, 7, 8, 5, 7, 7, 9, 9, 8, 6, 6, 9, 8, 9, 6, 8, 7, 8, 8, 7, 6, 5, 7, 8, 9, 5, 5], [7, 6, 8, 6, 9, 7, 5, 8, 7, 6, 6, 5, 7, 8, 9, 8, 5, 8, 9, 6, 9, 7, 5, 5, 6, 8, 6, 7, 5, 8, 7, 6, 5, 8, 6], [9, 5, 7, 9, 9, 9, 6, 8, 8, 6, 7, 7, 9, 7, 9, 7, 9, 5, 9, 8, 8, 9, 5, 5, 7, 5, 9, 8, 6, 9, 8, 7, 7, 5, 7], [6, 8, 5, 6, 9, 5, 6, 5, 7, 7, 8, 8, 9, 6, 5, 8, 6, 8, 6, 8, 7, 8, 8, 5, 6, 8, 8, 8, 6, 8, 9, 9, 5, 6, 8], [9, 5, 9, 6, 5, 6, 6, 5, 5, 7, 5, 6, 5, 7, 5, 8, 8, 5, 6, 6, 6, 8, 6, 8, 5, 7, 7, 9, 9, 7, 9, 9, 7, 6, 6], [5, 5, 7, 5, 8, 5, 8, 9, 9, 5, 6, 5, 8, 9, 5, 9, 7, 6, 7, 6, 6, 5, 8, 6, 6, 6, 8, 7, 8, 5, 6, 8, 5, 5, 9], [7, 9, 8, 9, 8, 9, 5, 8, 6, 6, 6, 5, 9, 9, 9, 6, 8, 9, 5, 8, 9, 7, 9, 7, 8, 9, 7, 6, 9, 6, 7, 9, 5, 5, 6], [6, 6, 5, 7, 5, 7, 9, 7, 9, 6, 9, 8, 6, 7, 8, 7, 6, 8, 6, 5, 6, 8, 6, 6, 7, 7, 7, 5, 6, 7, 9, 6, 8, 7, 7], [8, 8, 5, 6, 5, 6, 5, 5, 5, 7, 5, 8, 8, 8, 5, 6, 6, 7, 9, 5, 5, 6, 9, 6, 6, 8, 9, 7, 8, 6, 9, 9, 8, 7, 9], [9, 8, 7, 8, 5, 9, 7, 6, 5, 9, 6, 6, 5, 5, 9, 6, 8, 7, 6, 7, 7, 9, 5, 8, 8, 7, 9, 9, 9, 9, 7, 6, 9, 9, 7], [5, 9, 6, 9, 9, 8, 6, 6, 7, 6, 8, 5, 9, 9, 5, 6, 7, 6, 7, 9, 7, 6, 9, 9, 6, 9, 7, 8, 5, 9, 6, 7, 5, 8, 9], [5, 8, 9, 6, 9, 8, 5, 8, 9, 6, 6, 7, 7, 7, 9, 5, 5, 6, 5, 7, 7, 6, 8, 8, 7, 7, 5, 9, 8, 8, 9, 6, 9, 9, 6], [6, 5, 9, 6, 8, 8, 7, 9, 8, 6, 9, 8, 5, 5, 5, 8, 5, 5, 5, 5, 8, 5, 8, 8, 8, 8, 9, 9, 5, 6, 6, 5, 6, 7, 8], [9, 8, 9, 5, 6, 8, 9, 8, 7, 9, 8, 9, 6, 5, 5, 8, 8, 6, 5, 8, 9, 9, 6, 5, 9, 6, 6, 8, 9, 9, 5, 5, 6, 5, 7], [9, 9, 5, 5, 5, 6, 8, 7, 8, 8, 9, 7, 5, 5, 8, 5, 8, 6, 6, 5, 6, 8, 6, 9, 6, 8, 8, 9, 9, 5, 5, 5, 6, 9, 5], [5, 6, 7, 7, 7, 5, 8, 5, 9, 7, 9, 8, 7, 5, 8, 5, 9, 6, 7, 9, 5, 9, 7, 8, 7, 5, 7, 6, 7, 6, 5, 8, 8, 5, 8], [8, 8, 8, 8, 6, 8, 8, 5, 5, 9, 7, 5, 9, 8, 6, 5, 5, 5, 9, 7, 8, 7, 5, 6, 5, 8, 6, 6, 5, 5, 7, 7, 7, 9, 7], [8, 5, 5, 5, 7, 6, 9, 7, 7, 5, 9, 9, 7, 8, 6, 8, 9, 6, 7, 9, 5, 8, 9, 6, 7, 6, 7, 5, 7, 7, 9, 5, 7, 8, 8], [8, 6, 8, 5, 5, 7, 8, 8, 5, 9, 5, 5, 8, 6, 7, 7, 9, 6, 6, 7, 6, 8, 5, 7, 9, 6, 6, 9, 9, 8, 6, 7, 7, 6, 9], [7, 7, 6, 5, 6, 8, 7, 9, 9, 9, 9, 5, 8, 7, 7, 8, 9, 7, 9, 8, 7, 7, 6, 5, 7, 5, 7, 9, 5, 9, 7, 7, 6, 6, 6], [7, 5, 8, 7, 5, 7, 7, 9, 5, 9, 9, 6, 8, 9, 9, 7, 6, 8, 5, 6, 6, 5, 8, 9, 6, 6, 6, 9, 9, 9, 9, 5, 9, 9, 7], [9, 6, 8, 5, 5, 5, 8, 6, 8, 5, 5, 9, 7, 5, 7, 7, 8, 9, 9, 7, 7, 7, 7, 8, 5, 5, 7, 8, 9, 6, 6, 9, 6, 6, 8], [8, 6, 8, 8, 9, 8, 8, 6, 6, 5, 8, 7, 7, 5, 9, 6, 5, 7, 8, 7, 5, 7, 6, 9, 5, 6, 9, 5, 7, 7, 5, 7, 8, 5, 9], [8, 7, 5, 6, 5, 9, 8, 8, 5, 7, 8, 8, 8, 6, 8, 7, 5, 6, 9, 5, 8, 6, 5, 5, 5, 8, 5, 8, 6, 9, 5, 9, 9, 9, 7], [5, 6, 9, 9, 7, 8, 7, 8, 8, 6, 8, 7, 8, 6, 8, 9, 5, 5, 8, 8, 5, 7, 8, 5, 8, 5, 7, 9, 8, 6, 8, 8, 5, 7, 9], [5, 8, 8, 5, 6, 6, 8, 8, 6, 5, 5, 6, 8, 9, 8, 8, 9, 7, 6, 5, 5, 7, 5, 5, 6, 9, 8, 6, 6, 5, 8, 7, 9, 5, 7], [7, 8, 9, 8, 6, 7, 9, 9, 5, 7, 6, 8, 7, 5, 9, 9, 5, 5, 5, 6, 8, 9, 7, 8, 7, 6, 7, 8, 9, 9, 8, 9, 6, 8, 6], [6, 9, 6, 6, 7, 9, 9, 5, 6, 7, 5, 8, 7, 5, 5, 6, 5, 5, 6, 8, 6, 7, 7, 9, 6, 5, 5, 9, 8, 8, 7, 6, 8, 7, 5], [8, 7, 8, 8, 6, 5, 7, 8, 7, 6, 9, 9, 5, 7, 5, 5, 9, 6, 9, 7, 5, 7, 5, 6, 9, 9, 8, 5, 5, 5, 8, 7, 7, 9, 8], [8, 9, 9, 6, 9, 7, 6, 7, 7, 7, 7, 6, 6, 6, 6, 9, 8, 8, 7, 8, 9, 5, 9, 9, 5, 8, 8, 5, 5, 5, 5, 8, 9, 6, 6], [8, 5, 7, 5, 7, 6, 5, 6, 9, 9, 7, 5, 5, 6, 6, 9, 7, 5, 8, 7, 6, 6, 7, 7, 6, 5, 7, 7, 8, 6, 9, 8, 8, 9, 5]]
Demand for each product in each period d: 
[[28, 5, 34, 8, 49, 37, 31, 28, 6, 41, 15, 24, 3, 37, 0, 24, 49, 22, 37, 45, 17, 17, 8, 41, 44, 35, 8, 25, 37, 36, 0, 3, 7, 28, 13], [3, 32, 2, 21, 45, 33, 17, 22, 33, 11, 47, 39, 45, 30, 44, 20, 0, 44, 44, 0, 10, 1, 15, 3, 6, 28, 45, 30, 19, 42, 38, 28, 39, 31, 9], [49, 0, 33, 0, 3, 17, 0, 43, 0, 10, 1, 8, 40, 14, 18, 13, 32, 38, 47, 13, 32, 12, 16, 20, 18, 8, 0, 37, 42, 0, 20, 10, 47, 28, 25], [0, 45, 41, 43, 27, 48, 35, 8, 37, 46, 20, 34, 0, 43, 13, 26, 0, 10, 43, 24, 12, 9, 17, 0, 30, 43, 3, 19, 28, 0, 10, 6, 26, 27, 6], [21, 32, 0, 16, 44, 32, 8, 27, 0, 20, 21, 42, 0, 2, 33, 38, 21, 4, 36, 11, 45, 17, 6, 30, 0, 24, 3, 13, 36, 4, 19, 32, 12, 44, 39], [5, 8, 35, 35, 17, 17, 32, 4, 30, 46, 21, 47, 35, 19, 12, 8, 44, 37, 34, 48, 14, 42, 23, 40, 5, 42, 32, 26, 14, 9, 8, 38, 43, 43, 2], [44, 41, 48, 25, 20, 48, 15, 1, 19, 35, 3, 32, 44, 5, 11, 11, 35, 42, 17, 13, 48, 45, 2, 17, 26, 11, 31, 11, 25, 3, 18, 7, 2, 0, 21], [23, 1, 15, 0, 6, 46, 8, 0, 18, 17, 46, 34, 45, 6, 16, 45, 19, 22, 27, 29, 35, 24, 1, 0, 47, 39, 22, 6, 35, 21, 21, 32, 1, 46, 8], [30, 9, 46, 20, 46, 48, 37, 19, 28, 17, 31, 38, 35, 31, 13, 28, 31, 2, 21, 31, 3, 12, 4, 8, 9, 6, 17, 27, 39, 29, 16, 12, 28, 16, 45], [3, 23, 32, 38, 15, 44, 20, 23, 23, 0, 42, 15, 7, 12, 49, 16, 27, 0, 14, 46, 48, 5, 30, 20, 25, 19, 37, 13, 35, 25, 9, 25, 21, 1, 23], [23, 45, 32, 49, 24, 9, 5, 32, 0, 14, 0, 7, 38, 12, 12, 4, 47, 17, 1, 40, 10, 4, 13, 41, 4, 45, 39, 4, 6, 8, 34, 48, 16, 45, 6], [30, 47, 13, 22, 46, 45, 41, 19, 18, 26, 21, 18, 26, 10, 2, 10, 16, 38, 30, 38, 46, 3, 1, 22, 19, 27, 16, 26, 29, 15, 25, 3, 40, 8, 39], [18, 14, 8, 16, 17, 0, 31, 9, 10, 46, 29, 7, 11, 39, 6, 23, 36, 44, 20, 35, 45, 9, 44, 12, 3, 32, 23, 45, 0, 29, 31, 10, 19, 30, 24], [0, 35, 0, 36, 13, 49, 22, 5, 7, 3, 45, 6, 26, 9, 34, 8, 9, 11, 28, 30, 35, 8, 47, 26, 32, 48, 21, 13, 42, 7, 19, 43, 25, 21, 34], [9, 43, 7, 45, 0, 40, 9, 24, 7, 34, 9, 24, 31, 7, 5, 0, 36, 45, 10, 47, 16, 22, 12, 34, 5, 39, 39, 13, 7, 16, 0, 27, 37, 26, 18], [43, 0, 35, 43, 0, 30, 36, 7, 0, 33, 43, 18, 24, 12, 3, 47, 49, 5, 39, 39, 24, 2, 6, 20, 10, 9, 6, 19, 16, 17, 6, 25, 42, 39, 21], [11, 37, 1, 28, 0, 12, 33, 18, 0, 49, 34, 12, 6, 11, 36, 28, 25, 32, 22, 45, 24, 37, 31, 37, 22, 47, 45, 31, 28, 0, 36, 17, 25, 27, 7], [28, 21, 38, 23, 26, 24, 35, 24, 32, 31, 25, 3, 2, 23, 15, 20, 30, 34, 38, 0, 34, 3, 20, 0, 6, 6, 5, 15, 18, 45, 24, 42, 49, 16, 17], [34, 40, 9, 44, 0, 37, 46, 46, 38, 10, 27, 28, 0, 15, 35, 19, 32, 43, 41, 0, 34, 15, 30, 12, 32, 16, 45, 37, 8, 37, 29, 20, 38, 17, 31], [0, 25, 44, 35, 0, 11, 17, 13, 9, 45, 8, 8, 4, 13, 41, 27, 35, 30, 13, 15, 44, 46, 3, 8, 25, 29, 39, 31, 24, 26, 29, 0, 0, 43, 45], [41, 17, 0, 49, 0, 19, 41, 39, 6, 42, 5, 0, 28, 0, 28, 46, 38, 43, 27, 40, 47, 35, 6, 14, 6, 9, 24, 15, 28, 35, 31, 35, 7, 46, 21], [39, 28, 18, 19, 9, 46, 18, 20, 0, 46, 48, 18, 1, 3, 16, 21, 2, 46, 21, 20, 22, 1, 1, 2, 4, 47, 49, 28, 2, 48, 14, 39, 22, 40, 39], [38, 24, 3, 11, 3, 2, 38, 18, 25, 12, 10, 0, 47, 2, 0, 3, 6, 26, 12, 24, 3, 9, 21, 23, 16, 40, 9, 4, 0, 47, 29, 34, 1, 45, 44], [32, 0, 49, 22, 0, 20, 0, 49, 19, 23, 32, 7, 26, 2, 46, 5, 29, 14, 36, 1, 0, 43, 37, 36, 32, 4, 32, 21, 26, 10, 4, 9, 18, 5, 11], [32, 26, 7, 0, 17, 0, 31, 13, 8, 35, 5, 37, 26, 37, 27, 24, 20, 38, 7, 24, 9, 10, 28, 0, 27, 3, 25, 20, 49, 40, 9, 44, 36, 48, 25], [3, 7, 34, 13, 13, 34, 4, 39, 41, 32, 1, 45, 31, 34, 28, 17, 43, 5, 45, 0, 12, 29, 23, 45, 41, 36, 40, 40, 14, 42, 45, 10, 9, 29, 48], [28, 2, 46, 1, 3, 20, 42, 28, 36, 13, 44, 0, 34, 47, 46, 23, 48, 3, 33, 0, 23, 42, 27, 49, 45, 23, 10, 38, 6, 39, 34, 19, 29, 19, 26], [40, 0, 5, 12, 8, 44, 5, 29, 0, 19, 16, 45, 20, 0, 17, 5, 24, 19, 10, 25, 0, 0, 34, 15, 34, 27, 12, 19, 12, 13, 16, 41, 43, 7, 0], [47, 39, 37, 13, 28, 7, 37, 28, 24, 46, 13, 5, 12, 13, 29, 0, 29, 48, 5, 34, 31, 43, 44, 0, 32, 12, 3, 46, 44, 41, 43, 14, 10, 24, 20], [39, 18, 45, 34, 23, 2, 48, 48, 5, 30, 5, 3, 41, 23, 18, 39, 36, 40, 24, 4, 27, 32, 39, 26, 48, 28, 47, 9, 37, 30, 17, 43, 48, 39, 0], [45, 45, 32, 8, 46, 10, 17, 0, 38, 16, 7, 0, 0, 5, 22, 47, 3, 33, 5, 46, 26, 8, 37, 0, 12, 29, 19, 0, 0, 43, 22, 29, 5, 0, 36], [11, 3, 19, 43, 28, 11, 4, 22, 2, 11, 47, 46, 33, 24, 15, 37, 45, 44, 36, 18, 46, 28, 40, 22, 0, 42, 9, 38, 3, 0, 14, 7, 24, 49, 20], [17, 35, 43, 11, 21, 6, 24, 12, 16, 12, 29, 31, 29, 35, 1, 33, 48, 47, 13, 0, 31, 34, 33, 19, 16, 0, 18, 6, 40, 0, 5, 40, 47, 0, 45], [13, 45, 46, 43, 16, 43, 40, 49, 22, 34, 23, 28, 36, 29, 46, 36, 0, 22, 8, 28, 22, 25, 23, 19, 3, 8, 0, 45, 1, 0, 49, 35, 1, 32, 45], [49, 49, 24, 47, 39, 34, 47, 18, 10, 4, 3, 9, 0, 44, 7, 29, 1, 38, 17, 25, 46, 31, 36, 43, 25, 25, 3, 39, 14, 20, 31, 6, 18, 8, 10], [40, 23, 2, 0, 47, 23, 0, 11, 34, 38, 0, 7, 16, 22, 10, 6, 49, 46, 30, 11, 21, 36, 12, 42, 27, 4, 18, 11, 9, 34, 18, 44, 4, 6, 49], [32, 6, 12, 10, 4, 38, 28, 12, 20, 10, 44, 0, 42, 42, 31, 0, 0, 31, 23, 16, 47, 11, 43, 47, 29, 28, 30, 31, 7, 0, 9, 49, 25, 27, 20], [6, 21, 14, 19, 20, 17, 5, 44, 38, 41, 48, 26, 29, 26, 27, 37, 46, 31, 49, 45, 43, 16, 47, 7, 0, 6, 28, 32, 23, 1, 41, 0, 18, 20, 24], [17, 28, 0, 46, 43, 7, 27, 43, 37, 3, 34, 15, 36, 41, 31, 6, 9, 42, 49, 6, 9, 47, 33, 6, 16, 13, 9, 30, 15, 33, 4, 14, 16, 25, 27], [3, 43, 0, 20, 35, 26, 25, 9, 0, 2, 12, 42, 37, 48, 7, 24, 10, 12, 25, 35, 9, 37, 23, 19, 30, 8, 31, 7, 47, 48, 1, 31, 5, 33, 36], [13, 0, 22, 37, 45, 14, 45, 0, 48, 14, 7, 39, 12, 6, 18, 21, 6, 14, 16, 39, 12, 8, 22, 11, 3, 47, 20, 26, 34, 44, 42, 37, 29, 13, 3], [37, 16, 7, 33, 6, 38, 12, 17, 11, 41, 45, 20, 0, 11, 26, 43, 22, 24, 8, 34, 49, 41, 5, 38, 9, 22, 20, 39, 32, 28, 46, 41, 40, 9, 1], [44, 49, 12, 13, 41, 10, 19, 39, 45, 39, 29, 28, 18, 21, 24, 30, 34, 47, 43, 29, 28, 49, 43, 43, 1, 30, 40, 26, 27, 22, 9, 1, 25, 27, 37], [0, 34, 30, 9, 40, 30, 7, 12, 11, 38, 22, 36, 15, 14, 6, 29, 40, 3, 41, 38, 6, 0, 46, 19, 47, 28, 10, 45, 43, 26, 6, 18, 0, 30, 3], [26, 29, 23, 10, 16, 1, 33, 45, 2, 38, 4, 18, 18, 38, 39, 10, 3, 36, 28, 40, 39, 32, 36, 36, 0, 36, 26, 14, 12, 34, 43, 16, 17, 26, 49], [27, 37, 48, 44, 28, 38, 17, 18, 1, 23, 14, 16, 33, 13, 11, 4, 41, 3, 33, 22, 9, 0, 21, 45, 33, 1, 39, 25, 17, 0, 0, 13, 16, 34, 0], [43, 24, 16, 0, 10, 13, 38, 33, 49, 32, 27, 0, 0, 42, 0, 18, 2, 28, 45, 36, 31, 49, 25, 30, 32, 10, 36, 38, 3, 35, 13, 21, 4, 43, 26], [25, 24, 36, 28, 44, 36, 42, 19, 30, 2, 37, 46, 26, 6, 24, 14, 19, 12, 22, 14, 6, 41, 23, 42, 24, 21, 13, 0, 20, 4, 40, 25, 2, 37, 35], [18, 9, 49, 29, 48, 6, 32, 7, 19, 26, 44, 29, 23, 8, 25, 41, 17, 49, 46, 11, 10, 45, 46, 0, 27, 32, 33, 24, 2, 21, 34, 12, 18, 22, 10], [46, 17, 46, 13, 19, 45, 0, 0, 0, 30, 5, 24, 23, 22, 35, 0, 45, 27, 32, 31, 0, 0, 39, 3, 45, 20, 14, 37, 49, 45, 44, 5, 40, 35, 34], [46, 42, 43, 41, 38, 1, 3, 29, 2, 34, 5, 26, 21, 0, 40, 40, 38, 10, 42, 12, 37, 0, 42, 22, 23, 12, 17, 21, 29, 35, 12, 13, 22, 47, 25], [44, 6, 34, 11, 17, 35, 17, 34, 32, 0, 22, 20, 35, 46, 49, 33, 45, 40, 31, 40, 29, 18, 39, 45, 45, 24, 28, 26, 0, 48, 0, 25, 12, 19, 19], [48, 2, 18, 42, 28, 25, 28, 0, 2, 12, 2, 47, 0, 33, 35, 7, 2, 49, 13, 11, 41, 36, 16, 13, 35, 0, 29, 45, 20, 23, 21, 28, 13, 13, 3], [30, 38, 20, 9, 3, 21, 6, 12, 20, 13, 32, 21, 34, 44, 35, 16, 6, 21, 37, 3, 43, 9, 25, 5, 35, 41, 12, 46, 48, 41, 13, 31, 36, 47, 9], [35, 9, 28, 6, 47, 0, 13, 0, 18, 16, 18, 28, 26, 8, 34, 20, 23, 10, 20, 42, 9, 1, 32, 12, 36, 49, 27, 39, 12, 33, 0, 30, 9, 30, 29], [5, 41, 42, 45, 28, 33, 30, 24, 23, 12, 49, 43, 49, 4, 0, 6, 1, 40, 0, 13, 16, 5, 35, 16, 37, 14, 23, 0, 44, 0, 3, 29, 2, 15, 26], [38, 29, 42, 22, 0, 13, 35, 23, 2, 5, 47, 39, 13, 40, 32, 8, 18, 15, 49, 40, 46, 1, 16, 49, 17, 19, 13, 10, 13, 0, 27, 18, 38, 15, 9], [6, 36, 23, 17, 6, 24, 37, 7, 16, 42, 10, 23, 4, 40, 38, 13, 38, 2, 10, 44, 9, 15, 0, 12, 15, 24, 16, 49, 32, 16, 49, 30, 48, 12, 3], [0, 27, 7, 2, 49, 31, 2, 5, 4, 36, 7, 31, 18, 47, 39, 38, 41, 2, 36, 27, 49, 40, 16, 39, 22, 29, 18, 18, 15, 8, 48, 21, 10, 32, 42], [23, 25, 17, 4, 37, 48, 12, 36, 4, 16, 47, 7, 2, 35, 2, 15, 32, 4, 19, 43, 35, 42, 48, 33, 27, 8, 45, 42, 49, 20, 29, 33, 44, 44, 35], [25, 25, 13, 44, 38, 34, 41, 14, 45, 3, 21, 0, 35, 37, 0, 21, 30, 4, 24, 32, 46, 35, 15, 43, 32, 0, 33, 43, 0, 32, 22, 41, 42, 36, 16], [49, 28, 5, 8, 35, 24, 19, 30, 19, 41, 37, 24, 32, 10, 20, 1, 24, 20, 23, 40, 47, 10, 3, 9, 41, 38, 12, 24, 28, 47, 19, 17, 7, 48, 36], [2, 49, 6, 0, 20, 46, 37, 41, 18, 43, 13, 19, 22, 37, 23, 35, 40, 10, 25, 37, 5, 0, 0, 21, 13, 19, 46, 39, 46, 0, 22, 16, 49, 28, 44], [24, 40, 46, 46, 49, 31, 24, 23, 36, 24, 1, 41, 6, 3, 8, 5, 47, 0, 0, 21, 41, 37, 17, 47, 5, 28, 11, 11, 28, 23, 39, 0, 2, 12, 0], [22, 17, 41, 24, 8, 1, 34, 42, 36, 40, 36, 23, 9, 3, 37, 9, 43, 29, 45, 5, 22, 6, 37, 13, 46, 39, 47, 14, 14, 5, 35, 0, 37, 18, 22], [38, 12, 18, 41, 3, 0, 2, 36, 24, 3, 15, 14, 22, 43, 15, 20, 5, 46, 42, 1, 20, 13, 0, 41, 19, 47, 43, 29, 20, 3, 42, 45, 40, 7, 8], [48, 11, 39, 19, 0, 37, 32, 7, 33, 0, 28, 17, 20, 25, 16, 49, 17, 10, 8, 2, 44, 2, 0, 14, 5, 27, 9, 26, 31, 20, 37, 1, 9, 20, 41], [43, 33, 3, 23, 7, 32, 38, 41, 24, 16, 16, 5, 19, 32, 11, 25, 4, 38, 27, 43, 24, 19, 10, 32, 5, 28, 20, 41, 26, 0, 7, 23, 22, 34, 2], [14, 4, 28, 0, 46, 18, 13, 22, 8, 14, 12, 31, 8, 16, 15, 30, 13, 14, 18, 2, 33, 16, 46, 0, 22, 11, 21, 47, 43, 48, 22, 1, 41, 18, 49], [7, 11, 9, 0, 19, 28, 12, 15, 37, 25, 30, 10, 10, 10, 19, 40, 0, 4, 21, 12, 44, 31, 7, 17, 10, 40, 42, 10, 26, 42, 37, 41, 38, 19, 34], [38, 36, 27, 0, 18, 3, 1, 48, 45, 31, 45, 25, 17, 21, 31, 18, 49, 29, 13, 13, 20, 40, 48, 2, 25, 2, 47, 47, 15, 13, 46, 45, 28, 0, 44], [48, 4, 1, 0, 10, 17, 45, 41, 37, 26, 11, 34, 28, 10, 35, 25, 12, 12, 39, 1, 7, 22, 0, 44, 6, 14, 40, 30, 46, 23, 14, 5, 40, 13, 38], [5, 40, 13, 49, 8, 23, 26, 4, 49, 33, 23, 41, 0, 17, 12, 11, 16, 3, 25, 33, 31, 46, 36, 12, 42, 18, 20, 10, 41, 19, 48, 21, 5, 25, 0], [22, 10, 0, 4, 1, 7, 38, 32, 1, 31, 37, 21, 14, 34, 35, 8, 22, 14, 26, 21, 27, 6, 38, 20, 33, 31, 12, 33, 46, 35, 0, 44, 22, 3, 28], [24, 29, 29, 14, 11, 28, 45, 6, 36, 12, 8, 20, 4, 2, 15, 34, 24, 13, 49, 36, 36, 14, 5, 4, 22, 45, 27, 26, 0, 27, 27, 20, 47, 21, 1], [12, 0, 0, 38, 31, 2, 23, 40, 11, 7, 46, 16, 23, 0, 7, 30, 19, 37, 29, 41, 33, 2, 20, 41, 18, 16, 36, 31, 38, 25, 14, 28, 14, 18, 40], [28, 34, 12, 48, 0, 38, 36, 37, 32, 1, 20, 25, 0, 7, 48, 38, 32, 28, 11, 27, 27, 9, 25, 0, 29, 46, 27, 9, 27, 21, 1, 0, 38, 8, 12], [41, 26, 40, 41, 0, 4, 2, 27, 44, 15, 36, 34, 14, 33, 1, 13, 15, 38, 40, 0, 14, 22, 7, 35, 44, 29, 11, 8, 31, 29, 41, 22, 36, 47, 8], [41, 37, 20, 15, 42, 26, 0, 11, 0, 40, 18, 16, 30, 13, 42, 33, 13, 12, 27, 21, 17, 46, 4, 10, 43, 0, 48, 35, 12, 17, 12, 39, 39, 9, 7], [14, 39, 40, 8, 1, 6, 4, 25, 16, 7, 35, 0, 3, 26, 24, 8, 24, 20, 30, 16, 20, 20, 17, 2, 6, 22, 28, 28, 31, 39, 40, 49, 45, 30, 27], [42, 45, 27, 12, 37, 15, 24, 9, 4, 42, 21, 45, 47, 4, 14, 3, 43, 33, 43, 19, 0, 46, 29, 1, 0, 13, 5, 4, 11, 2, 36, 28, 31, 12, 27], [6, 21, 4, 24, 0, 40, 47, 23, 1, 21, 38, 36, 9, 43, 30, 39, 11, 13, 24, 6, 15, 36, 43, 13, 4, 39, 40, 48, 5, 0, 40, 12, 42, 39, 7], [34, 45, 4, 32, 28, 8, 19, 41, 4, 39, 1, 27, 45, 35, 23, 34, 35, 36, 48, 20, 30, 9, 43, 39, 49, 13, 47, 0, 15, 6, 3, 19, 26, 12, 19], [7, 40, 8, 36, 49, 47, 16, 45, 2, 39, 49, 6, 15, 44, 34, 10, 9, 15, 41, 2, 10, 0, 47, 16, 14, 4, 28, 42, 0, 35, 26, 46, 19, 37, 39], [34, 17, 11, 27, 18, 17, 45, 48, 3, 23, 26, 42, 10, 16, 49, 25, 9, 5, 45, 41, 27, 10, 35, 32, 20, 0, 16, 1, 43, 36, 2, 39, 47, 3, 36], [14, 36, 45, 0, 49, 39, 6, 24, 2, 16, 38, 0, 35, 31, 35, 9, 8, 46, 48, 6, 25, 10, 11, 23, 37, 22, 32, 25, 39, 31, 17, 33, 44, 22, 2], [27, 0, 26, 32, 40, 14, 23, 32, 46, 39, 1, 0, 45, 31, 47, 49, 9, 24, 2, 29, 0, 4, 43, 44, 15, 13, 15, 11, 24, 43, 39, 23, 45, 13, 47], [33, 13, 17, 18, 11, 42, 47, 0, 46, 20, 40, 11, 3, 48, 22, 31, 10, 45, 6, 29, 32, 30, 16, 21, 0, 37, 46, 4, 7, 13, 39, 2, 29, 9, 33], [9, 4, 22, 34, 2, 30, 2, 21, 18, 0, 46, 20, 15, 40, 28, 10, 13, 49, 0, 7, 10, 28, 5, 49, 23, 20, 9, 0, 32, 28, 31, 0, 19, 45, 22], [27, 32, 45, 34, 21, 0, 17, 5, 9, 27, 34, 32, 43, 3, 3, 35, 34, 0, 21, 14, 45, 41, 12, 48, 10, 0, 10, 46, 36, 0, 38, 12, 9, 46, 43], [35, 31, 12, 36, 40, 34, 35, 13, 26, 9, 9, 18, 40, 46, 5, 0, 8, 15, 20, 13, 39, 29, 25, 29, 29, 49, 30, 28, 27, 27, 45, 14, 13, 9, 11], [46, 0, 31, 42, 6, 25, 20, 38, 46, 4, 36, 20, 30, 41, 36, 11, 0, 7, 31, 3, 3, 29, 22, 42, 21, 40, 6, 7, 27, 29, 27, 22, 26, 8, 35], [26, 33, 36, 6, 15, 4, 11, 47, 45, 0, 16, 43, 0, 36, 16, 46, 44, 33, 36, 9, 0, 38, 27, 21, 6, 35, 11, 39, 3, 9, 26, 3, 44, 34, 5], [6, 30, 0, 27, 3, 12, 19, 29, 2, 44, 26, 25, 23, 29, 5, 0, 10, 44, 20, 26, 1, 49, 25, 36, 8, 14, 32, 48, 9, 3, 38, 11, 8, 2, 4], [2, 43, 49, 34, 40, 33, 35, 0, 5, 41, 45, 37, 26, 35, 40, 13, 22, 31, 6, 49, 4, 49, 37, 23, 49, 23, 0, 21, 7, 10, 5, 9, 16, 7, 19], [17, 18, 19, 35, 2, 47, 12, 0, 15, 7, 24, 1, 45, 3, 32, 43, 48, 31, 9, 1, 24, 27, 48, 14, 42, 49, 0, 23, 18, 23, 13, 28, 10, 5, 0], [32, 18, 41, 44, 46, 32, 36, 45, 18, 30, 4, 23, 25, 22, 28, 39, 38, 0, 27, 34, 6, 44, 2, 26, 0, 5, 10, 6, 24, 49, 33, 33, 8, 26, 9], [14, 27, 22, 10, 23, 19, 38, 38, 10, 8, 15, 40, 0, 40, 12, 48, 2, 2, 14, 23, 12, 7, 35, 20, 25, 19, 7, 23, 0, 38, 9, 9, 12, 47, 29], [0, 11, 23, 21, 40, 3, 5, 0, 47, 34, 44, 20, 1, 46, 49, 49, 49, 42, 17, 6, 20, 36, 37, 35, 27, 13, 39, 46, 29, 20, 15, 38, 40, 12, 35], [20, 7, 8, 35, 15, 20, 47, 11, 16, 29, 5, 27, 2, 6, 12, 11, 0, 25, 4, 2, 42, 17, 0, 46, 31, 46, 0, 41, 36, 35, 35, 43, 16, 20, 16], [3, 37, 9, 7, 5, 32, 6, 29, 30, 6, 39, 3, 41, 47, 25, 1, 7, 28, 48, 10, 36, 33, 3, 9, 23, 33, 38, 41, 8, 41, 35, 6, 6, 14, 24], [19, 45, 42, 21, 40, 15, 40, 14, 17, 19, 12, 8, 26, 38, 44, 27, 18, 16, 39, 48, 36, 42, 21, 18, 14, 33, 11, 0, 4, 38, 25, 45, 10, 32, 20], [9, 14, 27, 45, 7, 27, 6, 26, 31, 10, 25, 7, 13, 31, 12, 15, 13, 29, 42, 38, 36, 46, 43, 23, 22, 31, 12, 34, 18, 38, 25, 14, 7, 45, 20], [2, 33, 0, 8, 47, 10, 39, 18, 0, 42, 11, 46, 14, 47, 35, 10, 7, 42, 16, 47, 14, 21, 1, 18, 4, 11, 26, 16, 16, 0, 9, 20, 37, 44, 44], [12, 43, 15, 41, 18, 8, 24, 42, 38, 0, 18, 42, 13, 2, 28, 27, 0, 22, 1, 18, 9, 48, 29, 39, 4, 0, 9, 10, 25, 0, 4, 19, 38, 48, 15], [7, 45, 4, 40, 33, 26, 0, 5, 0, 18, 11, 40, 28, 12, 17, 41, 26, 33, 38, 4, 28, 28, 37, 9, 13, 19, 40, 18, 25, 38, 45, 18, 0, 9, 5], [38, 22, 20, 31, 17, 5, 44, 0, 14, 5, 11, 14, 44, 16, 0, 0, 48, 49, 10, 25, 20, 43, 32, 8, 30, 38, 39, 24, 19, 45, 31, 10, 29, 13, 0], [19, 0, 37, 0, 48, 29, 31, 25, 46, 10, 3, 42, 28, 9, 41, 5, 35, 44, 4, 19, 17, 31, 21, 17, 48, 9, 37, 18, 35, 44, 3, 17, 43, 0, 0], [7, 41, 44, 46, 49, 5, 49, 0, 0, 27, 7, 18, 2, 5, 46, 30, 26, 24, 26, 18, 32, 14, 21, 30, 26, 19, 8, 6, 20, 8, 36, 14, 43, 37, 12], [0, 34, 37, 14, 3, 39, 37, 0, 22, 29, 0, 9, 49, 42, 17, 4, 45, 24, 38, 0, 14, 42, 28, 16, 36, 48, 40, 39, 35, 24, 7, 16, 31, 18, 35], [30, 29, 9, 0, 28, 21, 6, 6, 40, 23, 3, 9, 4, 43, 34, 28, 13, 13, 36, 36, 12, 42, 0, 1, 0, 9, 39, 18, 15, 14, 29, 38, 37, 0, 6], [4, 37, 16, 18, 7, 47, 34, 23, 26, 11, 42, 42, 6, 43, 4, 11, 12, 0, 13, 14, 43, 2, 33, 9, 36, 35, 42, 31, 17, 13, 29, 15, 33, 42, 6], [27, 0, 6, 8, 14, 27, 49, 27, 47, 44, 3, 30, 44, 30, 15, 36, 2, 20, 36, 23, 33, 0, 35, 32, 24, 44, 41, 28, 38, 0, 19, 40, 28, 9, 22], [7, 24, 37, 39, 5, 18, 49, 30, 32, 30, 0, 7, 46, 24, 31, 8, 31, 0, 0, 33, 42, 11, 8, 1, 27, 42, 48, 27, 42, 45, 2, 45, 28, 6, 48], [38, 27, 11, 45, 46, 42, 7, 4, 35, 45, 34, 21, 18, 40, 27, 0, 37, 0, 6, 49, 33, 36, 42, 46, 1, 22, 28, 48, 13, 27, 21, 38, 0, 12, 20], [37, 48, 30, 11, 0, 28, 34, 18, 41, 33, 22, 7, 34, 0, 15, 0, 22, 1, 28, 15, 38, 41, 20, 43, 41, 3, 4, 20, 0, 6, 45, 11, 35, 16, 1], [32, 22, 25, 4, 1, 38, 28, 9, 34, 30, 14, 0, 43, 49, 0, 45, 0, 5, 47, 23, 48, 32, 3, 24, 5, 35, 14, 1, 30, 35, 29, 0, 31, 27, 6], [49, 7, 30, 27, 44, 9, 18, 46, 33, 25, 43, 22, 46, 14, 31, 24, 5, 19, 45, 47, 2, 2, 24, 16, 41, 30, 45, 23, 43, 9, 1, 22, 19, 45, 30], [44, 36, 14, 45, 8, 16, 39, 44, 0, 11, 10, 16, 32, 28, 0, 38, 33, 30, 41, 48, 17, 39, 38, 1, 7, 2, 24, 16, 44, 32, 6, 2, 2, 49, 24], [17, 18, 44, 2, 21, 15, 8, 0, 37, 29, 47, 18, 44, 24, 46, 26, 26, 12, 48, 38, 45, 29, 49, 30, 4, 31, 11, 34, 31, 8, 37, 36, 37, 29, 0], [7, 13, 47, 40, 42, 48, 38, 38, 11, 24, 46, 21, 37, 9, 43, 8, 13, 35, 44, 34, 48, 31, 5, 21, 23, 17, 17, 0, 22, 23, 28, 33, 40, 6, 29], [42, 30, 14, 0, 16, 33, 3, 46, 43, 21, 2, 37, 39, 44, 38, 23, 27, 28, 23, 0, 38, 21, 0, 26, 39, 15, 21, 32, 2, 15, 3, 25, 41, 33, 4], [26, 29, 11, 45, 1, 26, 38, 17, 12, 8, 42, 23, 9, 10, 24, 43, 23, 6, 6, 43, 24, 14, 41, 45, 44, 0, 6, 5, 0, 47, 32, 27, 5, 35, 5], [6, 43, 46, 12, 29, 38, 13, 31, 47, 44, 30, 24, 34, 44, 47, 44, 3, 42, 14, 12, 42, 23, 23, 6, 41, 46, 38, 12, 32, 27, 12, 1, 2, 26, 39], [14, 1, 3, 24, 40, 6, 33, 24, 33, 22, 35, 0, 46, 25, 29, 30, 8, 38, 45, 12, 25, 3, 39, 1, 35, 0, 14, 0, 12, 6, 15, 12, 36, 8, 28]]
Maintenance cost in each period m: 
[16821, 17377, 15697, 16710, 14927, 14786, 14208, 16992, 15067, 17890, 16105, 15341, 17184, 16735, 14219, 15293, 15132, 16719, 17245, 16247, 16114, 17293, 15007, 17180, 14388, 14927, 14560, 15563, 14570, 14835, 17431, 15154, 15537, 17803, 16191]
Maximum capacity of the machine cmax: 
5625