Set of periods in the planning horizon T: 
25
Set of products P: 
50
Capacity reduction coefficient alpha: 
0.8
Relative decrease of capacity per set up gamma: 
0.3
Capacity reduction coefficient due to product types beta: 
[0.26, 0.29, 0.36, 0.38, 0.21, 0.32, 0.32, 0.33, 0.22, 0.39, 0.37, 0.23, 0.28, 0.28, 0.39, 0.31, 0.24, 0.29, 0.33, 0.24, 0.38, 0.25, 0.33, 0.2, 0.32, 0.4, 0.28, 0.4, 0.3, 0.28, 0.23, 0.25, 0.28, 0.31, 0.25, 0.37, 0.31, 0.3, 0.23, 0.36, 0.36, 0.25, 0.21, 0.37, 0.23, 0.31, 0.33, 0.23, 0.34, 0.36]
Fixed production cost of each product in each period f: 
[[920, 579, 875, 801, 656, 501, 624, 714, 785, 918, 964, 649, 868, 788, 786, 689, 933, 884, 770, 558, 649, 713, 658, 785, 659], [915, 937, 657, 650, 568, 928, 971, 910, 526, 904, 853, 602, 859, 983, 785, 590, 643, 976, 717, 714, 717, 836, 892, 516, 934], [510, 896, 670, 802, 839, 690, 594, 558, 792, 769, 875, 629, 532, 677, 512, 589, 815, 789, 619, 979, 895, 637, 934, 789, 643], [573, 878, 688, 971, 700, 560, 572, 644, 567, 946, 813, 702, 841, 932, 522, 951, 615, 966, 941, 943, 669, 673, 820, 983, 871], [947, 652, 947, 842, 762, 676, 607, 906, 526, 820, 530, 752, 916, 704, 832, 559, 867, 936, 615, 649, 778, 538, 985, 785, 702], [975, 903, 510, 528, 910, 933, 628, 555, 648, 776, 614, 851, 511, 799, 512, 697, 995, 583, 695, 501, 572, 670, 839, 601, 773], [764, 991, 667, 727, 682, 812, 654, 653, 664, 771, 538, 617, 866, 860, 828, 500, 939, 539, 756, 629, 979, 845, 672, 829, 796], [939, 853, 747, 885, 679, 583, 616, 865, 988, 520, 878, 911, 555, 841, 835, 921, 561, 691, 942, 980, 551, 579, 846, 733, 936], [929, 973, 728, 697, 846, 521, 549, 988, 872, 508, 530, 684, 523, 658, 829, 683, 624, 750, 993, 620, 993, 691, 633, 894, 594], [554, 694, 711, 858, 960, 928, 628, 714, 837, 670, 926, 811, 997, 982, 688, 568, 836, 937, 694, 662, 887, 707, 632, 602, 507], [753, 995, 623, 785, 719, 668, 521, 672, 576, 997, 521, 902, 862, 938, 687, 602, 732, 982, 807, 789, 811, 966, 822, 965, 965], [828, 697, 846, 910, 688, 552, 850, 557, 970, 585, 913, 539, 835, 651, 645, 537, 760, 784, 774, 907, 865, 578, 848, 673, 906], [609, 629, 603, 874, 541, 814, 943, 602, 522, 650, 505, 524, 915, 798, 779, 764, 751, 962, 654, 570, 779, 698, 699, 652, 613], [745, 803, 938, 523, 666, 561, 505, 901, 921, 933, 784, 930, 614, 553, 612, 943, 832, 935, 957, 798, 839, 542, 705, 663, 756], [991, 777, 844, 682, 572, 625, 684, 848, 675, 869, 574, 653, 684, 738, 937, 838, 559, 702, 632, 564, 800, 757, 723, 913, 810], [509, 793, 507, 803, 606, 921, 683, 538, 954, 983, 979, 912, 512, 683, 973, 528, 529, 679, 885, 608, 500, 616, 546, 977, 940], [600, 762, 713, 773, 819, 795, 602, 789, 949, 684, 563, 993, 737, 898, 960, 782, 801, 591, 765, 925, 848, 525, 888, 704, 831], [632, 854, 911, 762, 587, 921, 707, 547, 787, 934, 975, 634, 559, 784, 565, 705, 809, 777, 879, 959, 598, 935, 991, 726, 853], [859, 608, 894, 996, 891, 601, 784, 735, 986, 639, 917, 584, 991, 739, 852, 581, 587, 683, 797, 818, 941, 756, 641, 615, 652], [837, 518, 918, 588, 752, 600, 944, 734, 739, 935, 696, 851, 823, 948, 761, 765, 762, 960, 744, 969, 914, 578, 782, 583, 824], [823, 956, 955, 987, 813, 631, 912, 538, 969, 726, 891, 960, 988, 694, 817, 904, 932, 799, 910, 651, 991, 719, 677, 678, 763], [532, 926, 558, 592, 767, 882, 621, 895, 608, 721, 777, 549, 724, 683, 753, 905, 506, 833, 789, 661, 788, 991, 705, 961, 891], [748, 607, 584, 541, 957, 973, 500, 797, 791, 920, 658, 541, 972, 641, 961, 678, 714, 690, 839, 747, 553, 686, 538, 759, 984], [973, 765, 665, 934, 768, 748, 526, 827, 864, 510, 926, 888, 701, 971, 674, 858, 639, 525, 942, 546, 747, 970, 567, 883, 697], [600, 518, 948, 793, 589, 845, 677, 862, 584, 982, 742, 779, 512, 568, 774, 541, 658, 806, 502, 647, 755, 556, 950, 803, 948], [785, 663, 963, 810, 703, 938, 593, 615, 845, 715, 546, 810, 789, 603, 862, 851, 587, 977, 696, 973, 620, 921, 576, 633, 954], [845, 950, 834, 716, 598, 904, 961, 855, 706, 560, 656, 629, 933, 837, 866, 903, 522, 624, 856, 776, 913, 749, 742, 648, 619], [882, 886, 720, 919, 998, 649, 989, 508, 781, 720, 622, 708, 601, 981, 885, 621, 940, 763, 762, 740, 598, 758, 983, 575, 654], [664, 593, 659, 650, 947, 964, 610, 797, 724, 558, 740, 792, 655, 831, 940, 823, 520, 686, 569, 681, 514, 612, 719, 617, 936], [701, 871, 965, 618, 761, 529, 895, 531, 708, 592, 897, 584, 864, 791, 541, 968, 667, 936, 894, 801, 587, 580, 500, 885, 649], [513, 849, 839, 806, 626, 731, 721, 972, 525, 957, 976, 604, 978, 603, 763, 603, 969, 650, 728, 735, 576, 590, 827, 722, 892], [615, 686, 610, 743, 753, 748, 794, 987, 607, 944, 631, 770, 609, 645, 530, 844, 984, 654, 523, 527, 958, 934, 976, 743, 715], [687, 826, 653, 765, 704, 531, 841, 678, 895, 573, 668, 598, 865, 541, 899, 798, 812, 682, 510, 929, 855, 779, 651, 510, 895], [899, 867, 952, 677, 978, 514, 610, 814, 624, 938, 939, 621, 701, 753, 838, 796, 988, 612, 702, 697, 793, 572, 500, 796, 561], [509, 987, 635, 982, 547, 915, 974, 841, 963, 826, 913, 856, 741, 571, 657, 534, 827, 738, 913, 741, 525, 770, 763, 529, 757], [868, 669, 784, 523, 705, 979, 565, 936, 620, 531, 526, 571, 630, 660, 862, 955, 781, 659, 749, 736, 691, 682, 714, 580, 744], [621, 611, 529, 668, 692, 930, 592, 844, 793, 569, 878, 617, 689, 949, 644, 919, 933, 536, 876, 823, 922, 918, 835, 683, 640], [920, 964, 772, 894, 666, 780, 615, 513, 891, 690, 639, 669, 576, 859, 728, 713, 760, 693, 747, 642, 909, 819, 597, 691, 791], [669, 918, 937, 803, 868, 965, 719, 891, 590, 548, 741, 957, 804, 847, 893, 568, 974, 510, 737, 964, 710, 841, 896, 930, 992], [795, 509, 872, 736, 772, 790, 916, 532, 878, 790, 745, 591, 874, 885, 911, 933, 513, 910, 966, 748, 501, 565, 881, 690, 956], [823, 585, 505, 539, 604, 591, 663, 530, 504, 952, 827, 904, 501, 783, 776, 983, 638, 777, 993, 568, 756, 719, 667, 833, 954], [965, 916, 755, 831, 803, 633, 748, 922, 667, 676, 584, 964, 824, 871, 980, 941, 933, 998, 841, 946, 945, 833, 918, 506, 805], [625, 671, 849, 639, 657, 684, 537, 873, 805, 542, 675, 538, 511, 556, 819, 849, 517, 806, 782, 515, 756, 750, 750, 572, 804], [963, 622, 898, 513, 841, 775, 905, 896, 879, 935, 691, 737, 824, 591, 583, 702, 515, 832, 568, 678, 924, 930, 556, 673, 891], [567, 742, 951, 737, 664, 691, 629, 623, 509, 974, 599, 938, 978, 806, 690, 834, 605, 796, 799, 586, 905, 889, 544, 767, 533], [643, 918, 993, 710, 854, 510, 639, 589, 553, 796, 675, 543, 725, 553, 959, 659, 526, 827, 846, 985, 793, 550, 824, 571, 783], [995, 525, 505, 612, 976, 748, 581, 952, 741, 952, 975, 918, 584, 894, 789, 990, 791, 927, 544, 776, 908, 627, 953, 645, 624], [970, 643, 621, 718, 509, 993, 849, 823, 865, 835, 595, 919, 801, 861, 556, 813, 888, 671, 782, 573, 951, 753, 578, 840, 621], [926, 904, 851, 528, 794, 924, 593, 574, 537, 947, 761, 846, 939, 661, 888, 879, 973, 763, 564, 680, 995, 902, 687, 539, 649], [616, 611, 800, 865, 734, 546, 910, 547, 709, 878, 591, 817, 922, 611, 627, 815, 759, 996, 785, 616, 963, 762, 800, 972, 682]]
Variable production cost per unit of each product in each period p: 
[[11, 11, 10, 10, 11, 13, 12, 13, 10, 11, 11, 12, 13, 12, 12, 13, 11, 10, 13, 13, 13, 10, 11, 11, 10], [12, 13, 11, 10, 12, 12, 10, 10, 11, 13, 12, 13, 10, 11, 10, 10, 11, 10, 12, 13, 12, 11, 13, 12, 13], [10, 11, 12, 11, 11, 11, 10, 11, 13, 13, 13, 12, 11, 12, 12, 11, 10, 11, 10, 13, 11, 12, 10, 11, 13], [13, 10, 11, 13, 12, 13, 11, 13, 10, 10, 10, 13, 13, 10, 11, 10, 13, 10, 10, 11, 12, 10, 13, 12, 13], [10, 10, 10, 12, 11, 12, 11, 10, 12, 13, 10, 13, 10, 10, 12, 10, 12, 10, 11, 10, 11, 11, 13, 11, 10], [13, 11, 12, 10, 12, 11, 10, 10, 11, 10, 12, 13, 13, 11, 13, 13, 12, 13, 12, 12, 12, 11, 10, 13, 11], [10, 13, 13, 10, 10, 11, 12, 11, 12, 13, 10, 13, 13, 12, 13, 13, 11, 10, 12, 11, 13, 11, 13, 10, 10], [11, 12, 11, 12, 11, 12, 10, 12, 10, 13, 11, 13, 10, 11, 13, 13, 10, 13, 11, 13, 11, 10, 11, 11, 10], [13, 12, 13, 10, 10, 11, 10, 11, 12, 13, 10, 13, 10, 10, 11, 13, 13, 11, 11, 11, 13, 13, 11, 13, 10], [11, 10, 11, 12, 10, 10, 10, 11, 10, 11, 12, 11, 11, 10, 10, 13, 13, 13, 10, 11, 10, 10, 12, 10, 12], [10, 12, 12, 10, 12, 10, 12, 12, 13, 13, 11, 12, 13, 13, 13, 13, 12, 11, 13, 12, 11, 12, 13, 11, 13], [11, 12, 11, 10, 13, 10, 10, 12, 11, 11, 11, 11, 12, 11, 12, 10, 12, 13, 11, 13, 13, 12, 13, 11, 13], [12, 10, 11, 12, 13, 13, 10, 11, 11, 13, 13, 10, 10, 11, 10, 10, 11, 12, 13, 11, 12, 13, 11, 12, 10], [12, 11, 10, 12, 10, 11, 11, 12, 13, 13, 12, 11, 10, 13, 10, 10, 10, 11, 11, 11, 11, 13, 12, 10, 11], [10, 12, 10, 10, 11, 13, 10, 11, 11, 10, 10, 13, 11, 11, 12, 12, 11, 11, 10, 13, 10, 11, 13, 12, 12], [11, 13, 13, 13, 10, 11, 13, 12, 10, 10, 13, 13, 11, 11, 11, 13, 13, 13, 11, 12, 12, 12, 12, 13, 11], [12, 10, 13, 11, 10, 10, 13, 12, 12, 11, 11, 13, 12, 11, 10, 13, 11, 13, 12, 10, 12, 13, 10, 13, 13], [11, 13, 13, 11, 13, 11, 11, 11, 11, 11, 10, 12, 12, 11, 13, 12, 13, 11, 10, 11, 11, 10, 10, 11, 12], [10, 10, 10, 13, 13, 13, 12, 11, 11, 13, 12, 12, 10, 12, 10, 13, 13, 11, 12, 10, 10, 12, 13, 13, 13], [11, 11, 11, 12, 13, 13, 11, 12, 10, 13, 10, 11, 12, 11, 10, 13, 11, 13, 12, 10, 11, 10, 10, 13, 13], [11, 11, 10, 13, 11, 11, 12, 12, 10, 13, 13, 13, 13, 11, 11, 12, 12, 12, 11, 12, 10, 10, 11, 13, 10], [12, 13, 10, 13, 11, 10, 10, 12, 11, 10, 12, 10, 13, 12, 12, 12, 13, 13, 13, 10, 11, 10, 11, 10, 11], [10, 11, 12, 13, 12, 13, 13, 13, 12, 12, 11, 11, 10, 12, 11, 12, 13, 11, 12, 10, 10, 12, 10, 12, 10], [13, 13, 10, 11, 10, 13, 13, 13, 10, 10, 12, 10, 10, 10, 10, 13, 10, 13, 13, 12, 12, 13, 13, 10, 11], [13, 12, 11, 11, 13, 12, 10, 11, 12, 10, 12, 12, 13, 10, 11, 12, 12, 12, 10, 12, 11, 11, 12, 10, 12], [10, 11, 11, 10, 13, 10, 10, 10, 11, 10, 13, 10, 12, 13, 10, 10, 10, 12, 10, 13, 10, 13, 13, 13, 12], [10, 13, 10, 10, 11, 11, 10, 10, 13, 13, 11, 11, 10, 11, 11, 11, 12, 11, 10, 10, 10, 13, 12, 12, 11], [12, 12, 10, 11, 12, 10, 12, 11, 13, 11, 10, 13, 10, 13, 10, 12, 11, 12, 12, 13, 12, 11, 10, 11, 10], [10, 13, 10, 10, 12, 13, 12, 12, 12, 11, 11, 11, 10, 11, 10, 10, 11, 13, 10, 11, 10, 12, 13, 12, 10], [10, 13, 10, 11, 10, 12, 13, 11, 11, 10, 13, 11, 10, 10, 12, 12, 11, 11, 10, 12, 11, 12, 13, 13, 13], [10, 12, 13, 13, 11, 10, 10, 12, 10, 12, 13, 13, 12, 11, 12, 10, 10, 13, 13, 10, 13, 10, 13, 12, 10], [13, 13, 11, 11, 11, 12, 11, 10, 13, 12, 10, 11, 11, 10, 12, 11, 12, 10, 11, 12, 12, 13, 13, 11, 11], [10, 12, 12, 10, 10, 12, 13, 10, 12, 12, 13, 11, 13, 12, 13, 13, 12, 12, 12, 13, 11, 10, 12, 13, 10], [10, 12, 11, 13, 12, 11, 12, 13, 10, 11, 13, 12, 11, 12, 13, 10, 12, 10, 11, 13, 13, 12, 13, 12, 12], [10, 13, 11, 11, 12, 11, 10, 12, 12, 12, 11, 13, 10, 10, 13, 12, 11, 13, 10, 13, 13, 10, 10, 10, 12], [11, 12, 12, 12, 12, 13, 11, 12, 13, 13, 13, 13, 12, 12, 10, 12, 11, 11, 11, 12, 11, 11, 10, 13, 12], [11, 10, 10, 13, 12, 11, 12, 11, 12, 11, 12, 11, 10, 11, 10, 10, 11, 13, 10, 11, 11, 12, 13, 12, 11], [10, 10, 13, 13, 11, 11, 13, 12, 13, 11, 10, 13, 12, 11, 13, 11, 11, 12, 10, 12, 12, 11, 10, 13, 11], [12, 13, 13, 10, 13, 10, 13, 11, 13, 13, 13, 10, 12, 10, 11, 12, 10, 13, 12, 10, 11, 11, 12, 11, 10], [12, 13, 10, 11, 12, 12, 13, 12, 11, 13, 13, 11, 13, 12, 13, 12, 11, 13, 13, 12, 12, 13, 10, 10, 10], [11, 13, 10, 11, 12, 12, 11, 13, 13, 13, 13, 10, 11, 11, 12, 10, 12, 12, 13, 13, 10, 12, 11, 10, 11], [10, 11, 10, 12, 13, 13, 11, 12, 13, 11, 12, 13, 10, 12, 13, 11, 12, 11, 13, 12, 13, 13, 12, 10, 11], [11, 13, 12, 11, 11, 10, 10, 13, 10, 10, 11, 11, 11, 12, 13, 10, 13, 10, 13, 12, 11, 13, 12, 11, 11], [11, 11, 13, 10, 10, 11, 10, 13, 11, 11, 13, 11, 11, 13, 13, 13, 10, 12, 11, 12, 10, 10, 10, 10, 13], [12, 10, 13, 13, 10, 11, 11, 11, 10, 10, 10, 12, 10, 11, 12, 12, 10, 11, 10, 11, 12, 13, 11, 12, 13], [10, 13, 10, 12, 10, 13, 11, 13, 13, 13, 11, 12, 11, 12, 12, 10, 13, 10, 11, 11, 10, 11, 10, 11, 12], [13, 10, 12, 13, 12, 13, 12, 11, 12, 10, 13, 10, 12, 13, 12, 13, 11, 10, 11, 12, 13, 13, 10, 11, 12], [11, 11, 13, 12, 13, 13, 10, 12, 10, 11, 12, 12, 11, 12, 13, 11, 13, 11, 11, 13, 11, 12, 12, 10, 11], [10, 10, 13, 10, 13, 11, 11, 10, 10, 12, 10, 13, 12, 11, 10, 10, 12, 12, 13, 11, 13, 13, 12, 12, 10], [13, 12, 11, 10, 10, 13, 13, 11, 10, 11, 12, 13, 11, 11, 13, 10, 13, 13, 10, 13, 10, 13, 10, 11, 13]]
Inventory holding cost per unit of each product by the end of each period h: 
[[9, 5, 9, 7, 7, 6, 6, 5, 9, 5, 7, 9, 8, 9, 7, 8, 8, 9, 5, 8, 7, 8, 8, 8, 5], [5, 6, 5, 5, 8, 6, 5, 9, 6, 8, 9, 8, 5, 6, 7, 9, 5, 6, 7, 8, 8, 6, 9, 6, 7], [9, 6, 7, 8, 5, 7, 5, 5, 6, 6, 6, 5, 8, 6, 9, 8, 7, 9, 6, 7, 7, 9, 9, 8, 7], [5, 8, 8, 9, 6, 9, 8, 9, 7, 9, 5, 6, 6, 6, 7, 5, 8, 5, 5, 7, 7, 7, 5, 8, 9], [8, 9, 6, 5, 6, 6, 6, 5, 9, 7, 6, 9, 9, 8, 9, 7, 8, 6, 5, 6, 8, 6, 5, 7, 6], [5, 9, 9, 6, 5, 5, 5, 7, 8, 9, 8, 9, 9, 8, 6, 6, 6, 6, 8, 8, 5, 8, 9, 7, 5], [9, 7, 7, 8, 6, 9, 9, 9, 8, 9, 6, 5, 5, 5, 6, 7, 6, 9, 8, 9, 8, 5, 6, 7, 7], [9, 6, 7, 7, 9, 5, 8, 7, 5, 9, 5, 9, 8, 7, 9, 5, 8, 5, 8, 6, 5, 5, 9, 9, 9], [8, 5, 5, 8, 7, 5, 8, 8, 9, 9, 8, 6, 6, 7, 9, 8, 7, 7, 6, 8, 9, 9, 8, 7, 9], [7, 9, 8, 8, 8, 7, 6, 8, 9, 6, 9, 7, 5, 5, 8, 5, 8, 8, 8, 6, 7, 7, 6, 7, 6], [6, 5, 6, 9, 6, 7, 5, 8, 5, 5, 7, 6, 9, 6, 5, 8, 8, 8, 9, 5, 9, 9, 9, 6, 9], [6, 7, 5, 8, 7, 6, 6, 6, 6, 7, 6, 9, 8, 9, 8, 6, 7, 9, 9, 6, 5, 8, 8, 7, 5], [5, 6, 6, 5, 8, 8, 6, 8, 6, 6, 5, 8, 7, 6, 6, 9, 9, 5, 8, 7, 7, 7, 5, 8, 8], [8, 8, 5, 6, 7, 9, 5, 8, 7, 9, 7, 7, 6, 5, 7, 7, 5, 8, 6, 7, 5, 5, 9, 7, 5], [8, 6, 6, 5, 7, 5, 8, 9, 6, 5, 5, 5, 7, 6, 5, 7, 6, 6, 6, 7, 6, 6, 5, 7, 9], [9, 6, 7, 5, 9, 5, 5, 7, 5, 8, 7, 6, 5, 7, 5, 6, 6, 7, 7, 5, 7, 6, 8, 6, 7], [6, 7, 5, 6, 8, 8, 5, 7, 6, 5, 8, 8, 7, 8, 9, 6, 6, 7, 7, 9, 8, 8, 7, 8, 5], [5, 5, 6, 9, 5, 7, 8, 7, 9, 9, 7, 9, 9, 7, 6, 6, 7, 5, 9, 9, 5, 8, 8, 5, 9], [6, 8, 8, 5, 5, 7, 9, 6, 8, 5, 7, 7, 7, 9, 8, 8, 7, 5, 7, 9, 9, 9, 9, 6, 9], [6, 8, 5, 8, 6, 5, 6, 8, 7, 6, 8, 5, 8, 9, 7, 8, 9, 5, 7, 8, 9, 6, 7, 9, 7], [6, 5, 6, 6, 7, 9, 9, 7, 6, 7, 7, 7, 7, 7, 5, 6, 8, 7, 8, 5, 6, 7, 8, 6, 6], [5, 5, 9, 6, 8, 9, 6, 7, 9, 7, 8, 6, 5, 6, 8, 9, 7, 8, 9, 9, 5, 5, 8, 8, 8], [9, 8, 7, 9, 6, 6, 9, 7, 9, 5, 9, 6, 6, 6, 8, 9, 8, 5, 5, 6, 7, 9, 6, 9, 5], [6, 7, 6, 6, 6, 6, 6, 5, 6, 7, 5, 6, 9, 6, 6, 9, 8, 6, 5, 9, 8, 8, 8, 5, 7], [9, 9, 6, 6, 6, 9, 5, 7, 6, 5, 9, 7, 9, 6, 8, 6, 6, 6, 8, 8, 8, 8, 9, 9, 7], [8, 6, 8, 7, 9, 8, 6, 9, 5, 9, 9, 6, 9, 8, 8, 9, 7, 7, 6, 8, 9, 9, 9, 8, 7], [6, 5, 9, 8, 7, 7, 6, 9, 9, 7, 9, 9, 6, 8, 6, 6, 6, 5, 5, 5, 8, 6, 5, 6, 8], [6, 8, 7, 6, 6, 7, 9, 5, 5, 7, 9, 6, 8, 7, 6, 8, 5, 9, 8, 7, 7, 8, 5, 6, 6], [7, 5, 5, 5, 8, 7, 7, 9, 7, 6, 5, 5, 6, 6, 5, 6, 7, 5, 6, 7, 6, 7, 9, 9, 9], [8, 8, 8, 9, 6, 7, 7, 5, 5, 5, 5, 5, 8, 7, 8, 9, 8, 6, 6, 9, 7, 8, 7, 5, 9], [5, 9, 7, 7, 8, 7, 7, 9, 7, 9, 6, 9, 8, 7, 8, 6, 8, 6, 5, 7, 7, 5, 7, 7, 7], [6, 6, 6, 5, 7, 8, 8, 7, 5, 5, 8, 8, 6, 6, 8, 5, 5, 6, 8, 6, 6, 5, 9, 9, 5], [8, 9, 9, 7, 9, 7, 8, 5, 6, 5, 5, 8, 9, 9, 9, 6, 6, 5, 8, 7, 5, 5, 8, 7, 6], [5, 5, 8, 5, 9, 7, 6, 5, 6, 9, 7, 9, 5, 6, 6, 7, 7, 6, 5, 7, 7, 9, 5, 7, 9], [7, 5, 5, 6, 5, 5, 7, 5, 8, 9, 8, 8, 5, 5, 8, 8, 7, 8, 6, 7, 5, 9, 8, 6, 8], [8, 5, 7, 6, 7, 9, 9, 6, 8, 6, 5, 6, 6, 7, 6, 8, 9, 8, 7, 7, 5, 9, 7, 9, 6], [8, 9, 5, 6, 8, 7, 6, 7, 9, 8, 8, 8, 7, 9, 6, 8, 7, 5, 6, 5, 5, 8, 7, 9, 8], [6, 5, 6, 6, 7, 8, 5, 7, 9, 8, 5, 5, 6, 6, 7, 6, 6, 9, 8, 6, 8, 7, 5, 5, 5], [8, 7, 6, 8, 5, 5, 9, 5, 8, 7, 5, 6, 9, 7, 7, 6, 5, 9, 7, 9, 5, 6, 6, 5, 9], [6, 5, 8, 6, 5, 6, 9, 6, 7, 8, 5, 6, 6, 5, 9, 7, 9, 7, 7, 6, 7, 9, 8, 6, 7], [8, 9, 6, 5, 6, 8, 9, 6, 7, 6, 8, 5, 5, 9, 8, 9, 8, 5, 8, 6, 7, 9, 8, 6, 8], [8, 5, 6, 6, 8, 8, 5, 6, 5, 5, 9, 5, 7, 8, 7, 5, 7, 7, 9, 9, 6, 6, 8, 8, 9], [8, 5, 8, 7, 6, 6, 6, 7, 9, 5, 5, 5, 5, 6, 6, 6, 7, 7, 8, 9, 5, 8, 7, 7, 5], [7, 7, 9, 6, 6, 6, 6, 8, 7, 8, 9, 7, 6, 9, 8, 9, 5, 6, 9, 6, 5, 6, 9, 9, 7], [7, 8, 8, 5, 8, 5, 8, 6, 8, 8, 6, 6, 8, 9, 8, 9, 7, 8, 9, 5, 5, 7, 9, 7, 9], [6, 6, 9, 8, 5, 6, 7, 9, 6, 9, 6, 9, 7, 6, 8, 5, 6, 9, 9, 9, 8, 7, 6, 9, 5], [5, 7, 6, 8, 9, 8, 9, 6, 8, 9, 6, 6, 9, 5, 7, 7, 7, 8, 7, 6, 8, 9, 8, 9, 5], [7, 8, 7, 7, 5, 8, 5, 7, 8, 6, 5, 9, 7, 7, 5, 5, 6, 9, 9, 5, 9, 9, 6, 8, 9], [7, 6, 9, 7, 9, 8, 9, 7, 9, 5, 6, 9, 9, 6, 5, 7, 7, 8, 5, 9, 6, 9, 5, 9, 6], [7, 8, 8, 7, 9, 8, 7, 8, 9, 8, 8, 9, 6, 5, 8, 8, 9, 5, 9, 5, 6, 5, 8, 9, 5]]
Demand for each product in each period d: 
[[3, 7, 22, 11, 45, 8, 5, 14, 25, 4, 16, 15, 30, 15, 47, 17, 9, 1, 19, 25, 29, 43, 0, 30, 29], [24, 29, 45, 48, 22, 24, 19, 0, 8, 11, 7, 13, 0, 27, 42, 31, 0, 21, 19, 2, 17, 30, 48, 0, 44], [10, 41, 3, 48, 0, 38, 44, 31, 22, 23, 26, 5, 41, 40, 28, 5, 44, 33, 47, 43, 43, 9, 43, 7, 9], [45, 29, 10, 29, 12, 33, 23, 45, 44, 0, 19, 1, 21, 1, 36, 40, 15, 10, 1, 45, 34, 21, 26, 28, 35], [16, 37, 32, 35, 17, 41, 37, 31, 2, 34, 28, 8, 36, 39, 33, 22, 33, 49, 39, 43, 46, 7, 22, 4, 39], [19, 17, 40, 0, 0, 3, 6, 30, 0, 12, 1, 43, 5, 46, 49, 0, 46, 36, 42, 0, 38, 43, 41, 16, 39], [24, 45, 37, 18, 46, 43, 17, 38, 0, 27, 31, 49, 39, 34, 23, 39, 23, 26, 7, 4, 27, 3, 29, 8, 33], [35, 46, 49, 0, 45, 49, 41, 1, 0, 26, 0, 17, 22, 36, 37, 1, 4, 46, 12, 4, 5, 35, 3, 36, 30], [4, 0, 47, 8, 13, 12, 21, 47, 23, 13, 13, 25, 49, 0, 49, 31, 12, 33, 48, 47, 14, 13, 30, 22, 19], [30, 1, 23, 44, 39, 26, 6, 40, 39, 12, 38, 5, 13, 12, 23, 3, 2, 19, 12, 40, 39, 11, 35, 42, 44], [1, 7, 11, 1, 48, 1, 28, 25, 4, 43, 3, 23, 0, 1, 21, 31, 40, 15, 40, 8, 6, 43, 46, 35, 35], [48, 1, 42, 33, 10, 34, 20, 38, 43, 44, 16, 34, 0, 42, 38, 23, 1, 13, 38, 1, 7, 43, 31, 27, 31], [11, 22, 38, 35, 45, 21, 46, 32, 3, 27, 4, 7, 48, 0, 37, 16, 19, 4, 28, 20, 9, 49, 33, 35, 11], [42, 11, 21, 0, 36, 43, 2, 46, 47, 47, 23, 49, 22, 16, 25, 11, 47, 26, 11, 21, 33, 26, 36, 19, 47], [27, 0, 25, 47, 34, 15, 9, 18, 10, 1, 31, 9, 3, 37, 3, 2, 16, 17, 19, 32, 31, 42, 44, 12, 44], [34, 32, 21, 3, 0, 39, 33, 8, 0, 10, 23, 33, 36, 23, 0, 8, 19, 39, 0, 46, 31, 7, 5, 2, 15], [44, 25, 14, 24, 34, 3, 5, 12, 30, 16, 30, 35, 48, 14, 0, 15, 42, 30, 17, 27, 14, 12, 44, 5, 15], [16, 43, 15, 40, 47, 33, 9, 19, 45, 40, 34, 46, 31, 23, 49, 4, 45, 12, 1, 32, 8, 8, 3, 33, 43], [0, 22, 12, 37, 22, 47, 16, 24, 0, 46, 14, 15, 4, 26, 11, 36, 5, 22, 46, 44, 39, 27, 40, 38, 34], [45, 18, 27, 10, 16, 19, 11, 42, 35, 13, 34, 0, 8, 30, 38, 0, 20, 5, 44, 0, 36, 22, 29, 19, 5], [0, 45, 12, 28, 27, 49, 5, 2, 45, 19, 0, 48, 48, 18, 8, 11, 37, 26, 2, 0, 41, 27, 48, 43, 0], [16, 0, 0, 16, 22, 13, 43, 2, 4, 31, 35, 18, 48, 28, 40, 43, 46, 19, 31, 41, 18, 17, 13, 34, 7], [35, 10, 44, 47, 15, 20, 32, 14, 49, 14, 2, 16, 13, 2, 18, 17, 8, 7, 8, 45, 9, 2, 0, 47, 13], [46, 42, 35, 29, 48, 18, 30, 43, 46, 31, 0, 0, 3, 31, 30, 35, 41, 35, 41, 21, 47, 34, 49, 3, 43], [17, 17, 29, 21, 9, 24, 3, 16, 24, 42, 42, 24, 0, 22, 11, 20, 35, 15, 47, 34, 13, 47, 0, 4, 46], [19, 1, 36, 38, 49, 23, 8, 40, 20, 22, 45, 4, 28, 30, 36, 41, 10, 11, 21, 36, 22, 1, 22, 32, 41], [23, 30, 22, 29, 44, 47, 5, 39, 26, 40, 7, 43, 27, 26, 13, 10, 2, 33, 12, 22, 49, 0, 4, 10, 29], [3, 0, 13, 21, 9, 34, 43, 13, 16, 10, 49, 4, 11, 40, 25, 28, 42, 25, 14, 20, 5, 37, 33, 32, 48], [19, 20, 46, 41, 2, 35, 18, 48, 40, 19, 43, 30, 3, 10, 23, 24, 48, 45, 38, 23, 0, 24, 14, 9, 28], [10, 44, 5, 8, 13, 31, 47, 35, 19, 42, 22, 13, 7, 42, 19, 8, 46, 44, 29, 33, 4, 49, 27, 4, 40], [13, 16, 32, 16, 3, 24, 5, 43, 28, 37, 14, 8, 17, 6, 41, 40, 45, 49, 45, 32, 38, 18, 30, 41, 48], [8, 7, 17, 49, 0, 10, 39, 47, 25, 0, 12, 7, 16, 27, 47, 39, 29, 12, 13, 42, 4, 18, 40, 43, 8], [39, 35, 5, 30, 22, 17, 34, 40, 36, 41, 28, 46, 23, 21, 28, 28, 4, 38, 40, 8, 14, 0, 12, 16, 38], [43, 33, 7, 6, 32, 30, 26, 7, 19, 38, 36, 16, 18, 20, 18, 9, 17, 21, 21, 46, 46, 40, 38, 48, 4], [4, 22, 24, 47, 26, 4, 49, 18, 11, 23, 38, 38, 12, 19, 15, 38, 3, 40, 35, 32, 24, 30, 46, 19, 19], [5, 14, 24, 0, 42, 29, 30, 32, 10, 23, 7, 35, 28, 3, 22, 10, 17, 0, 16, 48, 46, 19, 6, 29, 42], [38, 20, 12, 32, 18, 47, 0, 25, 14, 4, 0, 19, 41, 12, 1, 34, 32, 28, 21, 33, 8, 19, 34, 17, 46], [41, 27, 43, 11, 12, 0, 16, 23, 0, 0, 11, 42, 8, 4, 35, 17, 39, 1, 16, 48, 48, 30, 21, 17, 29], [47, 6, 43, 43, 48, 7, 0, 31, 30, 36, 10, 15, 4, 35, 16, 22, 19, 31, 21, 18, 27, 33, 10, 17, 4], [29, 5, 24, 43, 48, 37, 13, 1, 18, 45, 10, 0, 13, 20, 40, 46, 43, 16, 44, 24, 19, 0, 10, 0, 17], [9, 24, 23, 32, 48, 15, 49, 26, 44, 13, 38, 19, 26, 19, 24, 14, 16, 0, 42, 22, 43, 36, 9, 6, 16], [5, 1, 48, 9, 32, 27, 28, 22, 5, 11, 2, 41, 10, 44, 21, 14, 1, 9, 1, 37, 17, 22, 24, 14, 13], [25, 37, 0, 6, 46, 38, 39, 14, 3, 35, 35, 5, 17, 39, 41, 17, 27, 34, 1, 42, 13, 13, 25, 46, 39], [20, 40, 12, 30, 0, 2, 35, 18, 26, 9, 49, 43, 29, 7, 42, 44, 5, 0, 35, 39, 15, 43, 31, 23, 24], [0, 11, 40, 13, 2, 0, 7, 28, 27, 14, 29, 4, 19, 42, 45, 32, 9, 20, 19, 0, 2, 1, 25, 21, 48], [0, 23, 20, 39, 42, 35, 0, 12, 20, 19, 30, 30, 9, 0, 21, 45, 36, 8, 28, 34, 45, 38, 1, 0, 1], [29, 0, 10, 20, 35, 28, 34, 40, 16, 30, 34, 0, 44, 35, 7, 3, 30, 20, 26, 32, 37, 0, 17, 6, 3], [42, 42, 0, 14, 38, 40, 34, 3, 35, 28, 34, 0, 32, 8, 6, 21, 39, 7, 48, 2, 2, 5, 45, 41, 18], [20, 10, 10, 36, 34, 27, 15, 9, 31, 5, 21, 47, 8, 46, 6, 0, 0, 31, 12, 9, 24, 0, 10, 8, 0], [26, 29, 1, 11, 36, 19, 9, 12, 4, 11, 11, 17, 24, 8, 16, 18, 18, 30, 0, 3, 35, 32, 20, 31, 2]]
Maintenance cost in each period m: 
[5196, 5996, 5302, 7116, 7326, 5654, 6038, 5651, 5704, 5563, 5456, 6903, 6024, 6690, 7268, 7688, 5999, 6641, 7243, 5040, 5840, 4968, 6511, 7342, 6781]
Maximum capacity of the machine cmax: 
2300