Set of periods in the planning horizon T: 
25
Set of products P: 
50
Capacity reduction coefficient alpha: 
0.8
Relative decrease of capacity per set up gamma: 
0.4
Capacity reduction coefficient due to product types beta: 
[0.21, 0.28, 0.38, 0.23, 0.22, 0.21, 0.38, 0.39, 0.31, 0.3, 0.32, 0.28, 0.3, 0.36, 0.26, 0.28, 0.27, 0.34, 0.37, 0.39, 0.33, 0.25, 0.24, 0.34, 0.21, 0.38, 0.3, 0.38, 0.28, 0.29, 0.3, 0.26, 0.33, 0.36, 0.36, 0.29, 0.36, 0.22, 0.37, 0.31, 0.25, 0.32, 0.31, 0.33, 0.27, 0.28, 0.32, 0.3, 0.24, 0.35]
Fixed production cost of each product in each period f: 
[[823, 520, 553, 906, 746, 605, 927, 782, 973, 881, 524, 695, 892, 621, 846, 673, 685, 639, 569, 750, 647, 616, 743, 551, 598], [873, 509, 927, 710, 863, 506, 662, 779, 905, 844, 848, 779, 570, 605, 708, 719, 981, 691, 543, 884, 583, 862, 791, 895, 878], [963, 733, 674, 800, 963, 838, 857, 653, 560, 917, 717, 718, 859, 559, 909, 728, 993, 868, 677, 671, 565, 883, 976, 502, 837], [982, 676, 792, 842, 762, 929, 789, 729, 564, 908, 970, 665, 857, 724, 742, 779, 842, 510, 939, 899, 592, 837, 706, 627, 516], [765, 537, 654, 663, 505, 879, 826, 803, 752, 614, 989, 813, 643, 513, 749, 549, 818, 863, 902, 876, 679, 981, 858, 634, 587], [659, 877, 908, 879, 556, 839, 884, 987, 982, 730, 726, 681, 835, 820, 512, 579, 818, 605, 634, 665, 658, 532, 562, 728, 662], [740, 811, 951, 847, 566, 627, 883, 520, 693, 506, 609, 600, 927, 683, 639, 976, 890, 606, 667, 758, 896, 645, 996, 991, 679], [623, 788, 535, 965, 854, 765, 570, 765, 641, 625, 504, 513, 754, 632, 654, 805, 928, 977, 721, 807, 834, 939, 536, 655, 996], [940, 856, 977, 500, 500, 629, 634, 868, 770, 946, 898, 638, 724, 867, 618, 540, 596, 712, 960, 770, 601, 773, 860, 786, 822], [889, 511, 561, 685, 936, 522, 555, 576, 675, 810, 828, 689, 820, 511, 925, 883, 893, 768, 608, 704, 819, 685, 787, 884, 642], [804, 525, 563, 696, 803, 855, 657, 631, 729, 501, 559, 550, 638, 872, 948, 637, 816, 704, 693, 546, 741, 716, 935, 911, 799], [893, 944, 738, 975, 782, 523, 940, 592, 926, 804, 655, 543, 551, 618, 830, 909, 842, 803, 875, 916, 917, 703, 979, 601, 983], [834, 750, 958, 742, 679, 950, 975, 679, 868, 929, 858, 829, 520, 607, 911, 594, 527, 774, 980, 746, 892, 536, 965, 893, 824], [836, 879, 527, 741, 894, 833, 946, 765, 643, 666, 541, 803, 956, 501, 877, 713, 981, 559, 800, 560, 760, 850, 672, 915, 748], [605, 845, 644, 840, 993, 669, 959, 697, 743, 850, 577, 981, 738, 900, 944, 517, 899, 586, 993, 516, 685, 985, 892, 506, 529], [530, 620, 946, 776, 859, 515, 794, 579, 823, 546, 510, 664, 560, 908, 975, 969, 932, 837, 946, 700, 870, 935, 985, 617, 668], [872, 833, 984, 848, 536, 877, 632, 578, 855, 978, 746, 644, 887, 729, 714, 788, 883, 872, 824, 536, 852, 954, 598, 945, 739], [934, 579, 696, 534, 690, 887, 674, 675, 522, 700, 850, 691, 934, 812, 863, 816, 625, 704, 897, 668, 787, 598, 799, 758, 884], [870, 962, 574, 994, 827, 953, 625, 683, 636, 708, 771, 986, 543, 702, 621, 610, 900, 936, 897, 778, 910, 651, 874, 894, 778], [914, 904, 512, 989, 966, 684, 842, 786, 838, 549, 741, 920, 611, 736, 769, 517, 789, 758, 863, 712, 739, 608, 729, 507, 603], [929, 615, 517, 790, 886, 856, 853, 861, 894, 555, 817, 830, 883, 527, 957, 812, 942, 635, 715, 773, 547, 608, 855, 892, 798], [952, 975, 913, 782, 974, 603, 794, 915, 823, 657, 621, 942, 640, 949, 642, 731, 962, 778, 695, 992, 623, 855, 634, 740, 792], [747, 914, 639, 982, 682, 930, 803, 972, 682, 870, 945, 576, 793, 835, 650, 911, 791, 784, 937, 753, 788, 814, 916, 742, 576], [737, 979, 699, 659, 535, 594, 534, 823, 583, 688, 582, 673, 680, 831, 580, 898, 685, 867, 876, 964, 696, 638, 538, 586, 807], [939, 767, 978, 810, 671, 801, 798, 889, 714, 766, 566, 757, 501, 839, 586, 837, 893, 793, 827, 546, 757, 954, 983, 919, 801], [657, 598, 767, 823, 638, 946, 679, 937, 917, 971, 918, 861, 937, 549, 615, 527, 845, 741, 635, 609, 870, 681, 557, 740, 808], [955, 918, 907, 923, 897, 968, 523, 592, 562, 585, 883, 949, 864, 828, 740, 836, 807, 843, 763, 820, 558, 519, 691, 698, 829], [830, 944, 897, 874, 643, 629, 803, 532, 638, 710, 782, 617, 967, 958, 700, 972, 545, 983, 634, 752, 740, 936, 636, 517, 649], [897, 802, 801, 801, 979, 894, 501, 915, 661, 631, 859, 558, 897, 570, 731, 925, 992, 530, 727, 826, 898, 595, 586, 651, 754], [654, 880, 709, 889, 602, 949, 865, 560, 867, 624, 779, 873, 792, 667, 993, 914, 882, 886, 710, 939, 607, 822, 863, 866, 909], [827, 611, 827, 913, 678, 958, 907, 949, 725, 849, 559, 680, 763, 589, 742, 676, 841, 716, 784, 707, 991, 856, 918, 573, 680], [878, 821, 768, 568, 924, 602, 651, 502, 567, 762, 895, 890, 971, 619, 855, 715, 937, 796, 808, 649, 691, 745, 989, 619, 889], [694, 535, 637, 549, 874, 916, 923, 760, 564, 683, 646, 801, 613, 639, 593, 960, 896, 965, 696, 776, 880, 577, 652, 945, 531], [993, 630, 593, 971, 949, 763, 575, 564, 697, 760, 848, 941, 777, 652, 898, 579, 801, 808, 680, 902, 838, 761, 646, 571, 717], [628, 837, 687, 833, 558, 855, 759, 510, 891, 779, 537, 707, 900, 727, 838, 731, 926, 865, 521, 875, 864, 568, 844, 665, 733], [552, 610, 651, 737, 714, 533, 938, 999, 693, 705, 567, 599, 965, 928, 605, 701, 596, 922, 870, 778, 831, 629, 582, 964, 706], [974, 711, 588, 929, 947, 904, 661, 505, 616, 567, 590, 650, 970, 857, 671, 808, 695, 750, 814, 991, 798, 636, 854, 997, 653], [749, 979, 712, 563, 955, 645, 538, 560, 639, 807, 521, 510, 965, 632, 610, 745, 832, 856, 955, 575, 725, 920, 842, 873, 960], [864, 602, 751, 913, 734, 968, 546, 590, 608, 897, 837, 816, 866, 701, 559, 992, 626, 609, 791, 948, 756, 639, 943, 731, 927], [718, 895, 778, 864, 724, 556, 568, 505, 639, 798, 913, 843, 897, 637, 896, 957, 640, 576, 602, 992, 555, 658, 638, 737, 581], [886, 606, 838, 710, 942, 922, 658, 718, 607, 583, 524, 719, 577, 871, 908, 812, 847, 735, 501, 715, 726, 558, 924, 827, 691], [966, 579, 569, 589, 503, 853, 552, 609, 937, 912, 559, 625, 558, 656, 889, 995, 964, 903, 991, 719, 844, 622, 516, 622, 939], [570, 945, 600, 945, 863, 584, 920, 896, 951, 964, 664, 614, 992, 597, 635, 831, 523, 655, 939, 864, 895, 898, 831, 734, 609], [761, 740, 716, 997, 752, 577, 728, 587, 995, 811, 686, 576, 706, 646, 753, 820, 626, 591, 911, 551, 563, 705, 982, 872, 562], [855, 642, 508, 688, 689, 564, 726, 931, 512, 751, 686, 973, 913, 872, 906, 658, 905, 782, 766, 698, 884, 642, 836, 885, 922], [711, 791, 898, 710, 949, 615, 609, 932, 913, 598, 558, 779, 928, 701, 707, 616, 617, 562, 618, 832, 628, 930, 924, 566, 833], [688, 586, 505, 790, 851, 740, 793, 791, 777, 869, 717, 564, 512, 799, 548, 645, 803, 508, 985, 771, 962, 856, 738, 875, 823], [770, 502, 817, 618, 855, 515, 608, 840, 591, 885, 880, 674, 542, 539, 967, 720, 934, 638, 556, 823, 681, 879, 966, 659, 560], [570, 566, 657, 984, 932, 938, 759, 768, 868, 750, 731, 572, 957, 624, 639, 691, 772, 607, 690, 561, 821, 899, 982, 922, 992], [660, 552, 674, 695, 502, 837, 970, 779, 924, 884, 645, 760, 638, 961, 578, 747, 988, 919, 690, 735, 591, 951, 899, 681, 593]]
Variable production cost per unit of each product in each period p: 
[[10, 10, 11, 10, 13, 11, 12, 11, 11, 13, 10, 10, 12, 11, 11, 12, 11, 12, 12, 12, 13, 10, 11, 13, 10], [13, 13, 11, 10, 12, 12, 13, 11, 13, 13, 13, 12, 13, 10, 13, 13, 10, 11, 10, 12, 11, 10, 13, 11, 12], [10, 13, 12, 12, 11, 13, 12, 11, 10, 12, 10, 10, 11, 12, 12, 11, 11, 10, 12, 10, 12, 13, 12, 11, 13], [11, 11, 11, 10, 10, 12, 11, 11, 10, 12, 13, 13, 13, 13, 12, 10, 10, 10, 12, 10, 12, 12, 10, 12, 10], [10, 10, 13, 12, 11, 10, 11, 10, 12, 13, 12, 10, 11, 12, 11, 13, 10, 12, 11, 12, 10, 11, 12, 12, 12], [13, 10, 12, 11, 11, 10, 11, 11, 12, 11, 12, 10, 13, 13, 12, 11, 13, 11, 12, 13, 10, 12, 12, 10, 11], [12, 13, 11, 12, 11, 13, 12, 12, 11, 12, 13, 10, 10, 10, 10, 11, 13, 13, 11, 11, 11, 13, 11, 12, 13], [10, 13, 10, 13, 12, 13, 13, 13, 13, 10, 12, 13, 13, 11, 12, 12, 11, 13, 13, 13, 13, 11, 11, 10, 13], [12, 12, 10, 10, 13, 11, 10, 13, 12, 11, 12, 11, 12, 10, 13, 11, 11, 12, 11, 13, 11, 12, 12, 13, 11], [10, 10, 13, 12, 13, 10, 11, 13, 12, 12, 10, 11, 12, 10, 11, 10, 12, 13, 13, 10, 12, 13, 10, 13, 10], [12, 11, 10, 11, 13, 13, 11, 13, 12, 13, 12, 10, 10, 12, 13, 13, 12, 11, 11, 10, 12, 10, 12, 10, 13], [10, 10, 12, 13, 10, 10, 13, 10, 13, 12, 10, 13, 10, 12, 12, 13, 10, 12, 11, 10, 10, 13, 12, 10, 12], [11, 12, 11, 11, 13, 12, 12, 13, 12, 13, 11, 10, 10, 10, 12, 10, 11, 11, 10, 11, 12, 10, 10, 12, 10], [11, 11, 13, 11, 11, 10, 10, 11, 13, 13, 12, 12, 13, 10, 10, 11, 12, 13, 10, 11, 13, 11, 12, 12, 10], [12, 13, 13, 10, 12, 11, 12, 12, 10, 11, 12, 10, 11, 11, 13, 12, 13, 13, 12, 12, 13, 10, 11, 10, 13], [12, 11, 11, 10, 13, 13, 10, 11, 10, 11, 11, 12, 12, 12, 10, 11, 13, 12, 13, 12, 12, 13, 13, 11, 11], [12, 11, 13, 11, 11, 10, 12, 12, 13, 11, 13, 11, 11, 12, 13, 10, 11, 10, 12, 12, 10, 13, 11, 10, 13], [13, 13, 12, 11, 11, 13, 10, 12, 12, 10, 11, 10, 12, 10, 11, 11, 13, 11, 10, 10, 11, 13, 12, 10, 13], [12, 10, 12, 10, 10, 12, 10, 13, 12, 11, 11, 10, 10, 11, 13, 13, 10, 11, 12, 10, 13, 10, 11, 11, 10], [12, 10, 13, 13, 10, 13, 10, 12, 13, 11, 13, 12, 11, 12, 10, 10, 10, 11, 11, 13, 13, 10, 10, 11, 10], [11, 13, 12, 11, 13, 11, 11, 11, 13, 11, 10, 13, 11, 11, 11, 13, 13, 11, 13, 11, 12, 11, 11, 12, 12], [13, 12, 10, 10, 13, 13, 10, 11, 13, 13, 11, 10, 11, 11, 12, 10, 12, 13, 11, 12, 12, 10, 10, 13, 11], [10, 13, 11, 12, 10, 10, 10, 12, 10, 13, 10, 12, 12, 10, 12, 10, 10, 11, 13, 11, 11, 10, 10, 12, 13], [11, 10, 10, 10, 11, 11, 13, 12, 10, 10, 11, 10, 10, 11, 10, 11, 13, 13, 11, 11, 11, 13, 10, 10, 13], [13, 12, 12, 10, 10, 10, 10, 10, 10, 13, 12, 13, 10, 10, 12, 11, 12, 10, 13, 13, 10, 12, 12, 11, 13], [11, 10, 13, 13, 12, 10, 10, 10, 13, 12, 11, 13, 10, 10, 11, 10, 13, 12, 13, 10, 10, 13, 13, 13, 12], [12, 10, 12, 13, 12, 12, 11, 13, 11, 11, 11, 11, 11, 13, 13, 10, 11, 11, 11, 11, 10, 13, 12, 10, 13], [10, 13, 11, 11, 13, 11, 12, 12, 13, 10, 10, 11, 11, 10, 12, 13, 12, 11, 12, 13, 13, 10, 12, 13, 11], [10, 10, 12, 13, 10, 13, 10, 13, 13, 10, 10, 10, 10, 12, 13, 12, 10, 13, 11, 13, 13, 10, 10, 11, 11], [10, 11, 10, 13, 13, 11, 12, 10, 10, 10, 12, 10, 11, 13, 13, 13, 10, 13, 11, 11, 11, 13, 11, 11, 12], [12, 13, 10, 12, 11, 11, 12, 13, 11, 12, 11, 11, 10, 12, 13, 10, 10, 10, 10, 12, 13, 12, 13, 11, 12], [10, 13, 13, 11, 10, 12, 12, 13, 13, 10, 11, 13, 12, 13, 11, 12, 11, 13, 11, 11, 11, 12, 10, 10, 13], [10, 13, 13, 12, 11, 12, 12, 10, 10, 10, 10, 12, 11, 11, 10, 13, 12, 12, 12, 10, 10, 13, 12, 12, 12], [13, 13, 10, 11, 12, 13, 12, 12, 11, 12, 10, 12, 13, 12, 11, 13, 10, 13, 10, 10, 10, 12, 11, 12, 10], [10, 12, 13, 10, 10, 12, 11, 12, 12, 10, 12, 10, 12, 12, 10, 11, 11, 11, 10, 12, 12, 12, 13, 13, 12], [12, 10, 11, 13, 13, 12, 10, 11, 13, 10, 11, 13, 11, 11, 13, 12, 13, 11, 11, 11, 13, 13, 10, 12, 13], [12, 12, 10, 11, 12, 13, 11, 11, 13, 10, 11, 12, 12, 10, 10, 10, 13, 11, 10, 12, 13, 10, 11, 13, 12], [12, 13, 11, 12, 12, 13, 10, 13, 13, 10, 11, 10, 10, 12, 12, 13, 13, 11, 13, 10, 12, 11, 12, 12, 10], [13, 13, 12, 13, 10, 13, 11, 13, 11, 13, 11, 10, 11, 11, 13, 13, 12, 10, 10, 11, 11, 10, 10, 10, 11], [11, 12, 11, 13, 12, 12, 12, 13, 13, 13, 13, 10, 10, 11, 13, 10, 12, 12, 11, 11, 11, 13, 12, 12, 10], [13, 11, 13, 13, 11, 10, 13, 12, 12, 13, 13, 12, 10, 11, 12, 12, 11, 13, 13, 12, 12, 10, 10, 12, 10], [13, 13, 12, 11, 12, 11, 12, 10, 11, 11, 11, 11, 12, 11, 12, 10, 13, 12, 11, 12, 12, 12, 12, 13, 10], [12, 11, 13, 10, 11, 10, 11, 10, 10, 11, 10, 11, 12, 12, 13, 12, 12, 11, 12, 11, 12, 12, 10, 10, 12], [13, 13, 12, 10, 10, 13, 10, 10, 11, 12, 10, 12, 11, 12, 11, 13, 12, 10, 12, 13, 12, 11, 13, 13, 13], [13, 13, 11, 10, 13, 10, 13, 12, 13, 13, 12, 12, 11, 13, 11, 11, 11, 10, 10, 11, 10, 12, 11, 12, 10], [13, 12, 13, 13, 11, 11, 11, 13, 13, 10, 12, 12, 12, 10, 11, 10, 13, 12, 10, 11, 11, 11, 11, 12, 13], [13, 11, 12, 10, 11, 12, 13, 10, 11, 10, 10, 13, 13, 13, 10, 12, 12, 12, 10, 12, 10, 13, 10, 13, 12], [10, 12, 10, 13, 13, 10, 11, 11, 12, 10, 11, 10, 11, 11, 12, 12, 12, 13, 11, 13, 13, 11, 10, 11, 10], [10, 13, 11, 13, 12, 10, 12, 11, 12, 11, 11, 13, 10, 12, 10, 13, 13, 13, 13, 10, 10, 11, 10, 11, 10], [11, 13, 12, 13, 11, 11, 10, 13, 13, 11, 10, 11, 13, 12, 13, 12, 11, 13, 12, 11, 11, 13, 10, 11, 10]]
Inventory holding cost per unit of each product by the end of each period h: 
[[7, 5, 5, 9, 8, 5, 9, 5, 5, 6, 7, 8, 6, 9, 5, 6, 6, 5, 5, 7, 6, 9, 8, 5, 5], [8, 8, 5, 6, 8, 6, 6, 5, 9, 8, 7, 8, 9, 6, 7, 8, 9, 7, 7, 6, 8, 6, 6, 5, 8], [6, 8, 6, 5, 7, 8, 6, 6, 8, 6, 8, 5, 5, 7, 9, 6, 9, 9, 9, 5, 8, 5, 9, 8, 5], [7, 8, 7, 8, 6, 8, 5, 7, 6, 5, 7, 8, 6, 6, 5, 6, 5, 7, 8, 7, 5, 8, 7, 8, 5], [6, 9, 8, 6, 9, 7, 8, 8, 5, 8, 9, 8, 5, 8, 5, 6, 6, 7, 9, 5, 6, 6, 6, 8, 8], [5, 6, 6, 6, 8, 9, 9, 8, 5, 6, 8, 9, 5, 7, 8, 5, 8, 9, 7, 5, 7, 9, 7, 7, 6], [7, 7, 7, 9, 6, 8, 9, 8, 5, 9, 7, 5, 7, 5, 9, 8, 6, 7, 5, 6, 8, 5, 7, 9, 5], [9, 7, 7, 7, 6, 7, 9, 9, 9, 7, 5, 5, 6, 7, 6, 5, 9, 5, 9, 6, 8, 5, 7, 6, 7], [6, 9, 9, 5, 5, 7, 6, 5, 6, 5, 8, 8, 8, 8, 6, 8, 5, 8, 9, 8, 7, 6, 6, 5, 7], [9, 5, 5, 7, 6, 7, 8, 8, 8, 6, 8, 6, 5, 6, 5, 5, 8, 9, 9, 5, 8, 8, 8, 7, 9], [8, 7, 5, 8, 5, 5, 7, 6, 9, 9, 8, 9, 6, 6, 6, 9, 5, 9, 9, 7, 9, 5, 8, 6, 5], [8, 6, 6, 9, 6, 6, 6, 6, 7, 5, 9, 5, 5, 6, 8, 8, 7, 9, 6, 5, 9, 6, 7, 8, 6], [5, 8, 8, 7, 6, 5, 6, 9, 8, 6, 9, 9, 7, 6, 6, 5, 6, 7, 5, 8, 7, 6, 8, 6, 7], [8, 5, 6, 7, 9, 9, 7, 9, 5, 9, 9, 5, 6, 7, 9, 8, 5, 9, 9, 5, 6, 8, 5, 9, 7], [7, 7, 8, 7, 7, 9, 6, 8, 7, 9, 9, 5, 8, 7, 7, 8, 7, 8, 9, 9, 5, 6, 7, 7, 8], [7, 8, 9, 9, 8, 7, 6, 6, 5, 5, 9, 7, 5, 6, 7, 8, 7, 6, 6, 7, 6, 7, 5, 7, 8], [8, 9, 9, 8, 8, 8, 7, 7, 6, 7, 5, 8, 8, 5, 5, 7, 7, 9, 7, 8, 6, 5, 7, 7, 8], [6, 7, 5, 5, 5, 7, 9, 9, 9, 7, 9, 6, 6, 5, 8, 8, 6, 6, 6, 9, 6, 6, 7, 9, 5], [6, 7, 9, 9, 7, 8, 8, 6, 8, 9, 5, 8, 5, 6, 9, 8, 9, 7, 5, 8, 9, 7, 7, 9, 9], [8, 7, 7, 9, 5, 6, 7, 9, 6, 9, 9, 9, 9, 7, 7, 9, 8, 5, 9, 7, 5, 8, 5, 7, 6], [5, 9, 7, 7, 6, 9, 7, 7, 9, 6, 8, 6, 6, 8, 8, 9, 5, 5, 9, 9, 8, 8, 9, 5, 5], [8, 5, 9, 8, 9, 7, 9, 8, 7, 7, 5, 8, 6, 7, 5, 5, 8, 6, 5, 6, 6, 5, 6, 9, 8], [5, 9, 6, 9, 9, 5, 5, 8, 6, 9, 6, 7, 5, 7, 8, 8, 7, 5, 8, 5, 9, 8, 9, 9, 8], [9, 8, 9, 9, 6, 5, 9, 6, 7, 6, 8, 8, 7, 5, 6, 8, 6, 7, 6, 7, 5, 6, 5, 6, 8], [7, 6, 8, 6, 6, 9, 5, 8, 9, 6, 8, 7, 6, 6, 5, 8, 9, 5, 8, 9, 8, 5, 6, 8, 8], [8, 5, 6, 9, 5, 7, 6, 6, 6, 6, 5, 9, 6, 7, 5, 6, 6, 5, 8, 7, 8, 5, 6, 8, 8], [8, 5, 7, 9, 7, 8, 5, 7, 5, 6, 5, 5, 8, 9, 7, 7, 8, 8, 7, 5, 8, 7, 5, 9, 5], [5, 9, 9, 5, 8, 5, 6, 6, 7, 5, 7, 5, 8, 6, 7, 8, 7, 9, 6, 8, 7, 9, 8, 9, 7], [6, 6, 8, 8, 6, 6, 7, 6, 6, 7, 7, 7, 8, 7, 8, 7, 7, 5, 5, 6, 9, 8, 7, 5, 5], [9, 5, 5, 9, 5, 7, 5, 8, 9, 5, 9, 9, 9, 9, 9, 8, 6, 5, 7, 8, 7, 7, 7, 9, 6], [8, 9, 9, 8, 5, 9, 9, 7, 9, 7, 5, 6, 5, 9, 5, 8, 8, 8, 6, 8, 5, 5, 6, 9, 9], [5, 7, 5, 5, 7, 6, 8, 8, 7, 8, 7, 5, 8, 6, 6, 7, 8, 8, 8, 6, 5, 6, 9, 9, 6], [5, 7, 9, 9, 6, 6, 6, 5, 7, 5, 9, 5, 7, 6, 8, 6, 9, 6, 8, 8, 9, 6, 7, 8, 5], [7, 5, 7, 6, 6, 8, 5, 5, 6, 6, 8, 5, 7, 9, 6, 7, 9, 6, 9, 8, 8, 8, 8, 7, 9], [9, 7, 5, 9, 9, 7, 9, 5, 8, 6, 7, 6, 6, 5, 8, 5, 5, 9, 8, 8, 5, 9, 8, 6, 9], [8, 7, 7, 5, 5, 8, 8, 9, 9, 8, 5, 5, 7, 8, 7, 9, 8, 8, 6, 8, 5, 8, 5, 5, 6], [6, 8, 6, 7, 6, 9, 7, 6, 7, 7, 9, 8, 9, 9, 5, 7, 8, 7, 9, 8, 7, 7, 5, 6, 5], [8, 7, 7, 9, 9, 7, 5, 5, 9, 5, 7, 9, 9, 7, 8, 8, 8, 5, 8, 8, 8, 6, 5, 9, 6], [5, 9, 9, 7, 6, 8, 5, 5, 8, 8, 6, 5, 7, 5, 9, 6, 5, 8, 7, 8, 7, 7, 9, 6, 6], [7, 6, 8, 7, 7, 9, 9, 9, 9, 6, 9, 8, 8, 5, 9, 8, 8, 9, 7, 5, 5, 9, 7, 7, 7], [6, 7, 6, 6, 5, 9, 6, 7, 7, 7, 5, 6, 5, 6, 8, 6, 9, 6, 9, 7, 9, 7, 9, 7, 8], [7, 8, 6, 8, 6, 9, 8, 7, 8, 8, 9, 6, 5, 6, 6, 8, 9, 7, 7, 7, 6, 8, 9, 7, 6], [5, 9, 9, 7, 9, 6, 5, 7, 5, 5, 7, 6, 5, 8, 6, 6, 8, 9, 9, 7, 7, 9, 7, 7, 7], [8, 9, 5, 6, 5, 7, 7, 7, 9, 5, 5, 5, 8, 9, 9, 6, 6, 8, 6, 6, 8, 9, 9, 6, 6], [6, 5, 9, 9, 9, 8, 7, 6, 5, 5, 7, 5, 8, 9, 6, 6, 5, 5, 9, 5, 9, 9, 6, 9, 9], [8, 6, 5, 9, 8, 6, 5, 7, 9, 8, 6, 9, 5, 9, 6, 8, 8, 6, 5, 8, 5, 5, 6, 9, 5], [7, 6, 5, 6, 9, 9, 9, 8, 6, 9, 6, 5, 9, 5, 7, 7, 8, 9, 5, 6, 6, 9, 5, 5, 5], [6, 9, 5, 9, 6, 5, 5, 5, 8, 6, 9, 8, 7, 6, 8, 7, 7, 7, 6, 8, 6, 9, 6, 9, 9], [5, 5, 9, 5, 8, 8, 5, 5, 5, 9, 6, 9, 7, 7, 7, 6, 7, 7, 6, 7, 8, 7, 8, 8, 9], [7, 5, 8, 5, 9, 8, 5, 7, 6, 5, 5, 8, 5, 5, 6, 6, 9, 9, 9, 5, 5, 6, 7, 8, 6]]
Demand for each product in each period d: 
[[45, 37, 10, 8, 13, 45, 11, 0, 10, 18, 0, 11, 24, 9, 42, 20, 30, 38, 37, 41, 29, 4, 30, 18, 45], [41, 7, 6, 5, 40, 19, 10, 6, 17, 10, 6, 22, 20, 36, 0, 8, 0, 11, 38, 31, 22, 32, 14, 11, 0], [16, 45, 6, 0, 0, 6, 0, 0, 24, 7, 0, 35, 37, 45, 45, 43, 46, 9, 9, 31, 11, 35, 47, 49, 0], [30, 25, 8, 26, 43, 15, 41, 35, 9, 46, 0, 36, 25, 0, 47, 26, 3, 39, 29, 6, 14, 31, 47, 27, 44], [13, 32, 42, 2, 22, 22, 0, 0, 15, 27, 3, 25, 20, 6, 24, 15, 8, 20, 49, 45, 29, 39, 44, 32, 29], [40, 25, 25, 48, 0, 28, 15, 17, 14, 35, 12, 12, 6, 2, 26, 28, 36, 0, 19, 47, 43, 48, 0, 41, 28], [33, 37, 41, 49, 17, 7, 13, 34, 49, 7, 27, 30, 37, 49, 24, 37, 22, 8, 28, 32, 26, 49, 6, 48, 44], [38, 11, 19, 29, 11, 47, 10, 35, 15, 23, 41, 36, 0, 19, 4, 31, 33, 3, 1, 22, 27, 14, 44, 31, 48], [6, 14, 47, 39, 21, 23, 40, 11, 34, 20, 49, 13, 28, 14, 49, 25, 25, 21, 23, 49, 35, 47, 17, 16, 10], [26, 23, 29, 0, 44, 33, 19, 41, 47, 47, 45, 26, 24, 44, 37, 10, 19, 27, 27, 36, 29, 41, 36, 37, 22], [26, 0, 11, 33, 14, 44, 1, 8, 37, 8, 2, 21, 32, 38, 0, 30, 37, 11, 44, 49, 49, 40, 4, 38, 7], [15, 23, 1, 35, 47, 29, 24, 7, 5, 23, 10, 1, 6, 39, 33, 5, 15, 14, 49, 0, 47, 3, 0, 8, 46], [15, 13, 27, 49, 34, 4, 14, 40, 47, 20, 35, 28, 46, 34, 29, 23, 10, 29, 4, 24, 27, 38, 26, 39, 3], [0, 11, 20, 31, 27, 39, 16, 27, 15, 13, 20, 27, 13, 20, 6, 48, 0, 33, 44, 5, 5, 41, 18, 21, 49], [19, 49, 32, 35, 28, 21, 9, 0, 38, 43, 17, 44, 14, 37, 0, 7, 29, 32, 24, 18, 40, 20, 3, 0, 2], [5, 48, 14, 31, 29, 18, 16, 39, 32, 31, 41, 35, 34, 34, 38, 27, 29, 22, 48, 8, 4, 13, 4, 44, 10], [23, 24, 12, 20, 4, 27, 17, 29, 20, 40, 42, 0, 19, 3, 25, 33, 0, 0, 20, 39, 9, 34, 0, 45, 32], [40, 48, 10, 0, 33, 14, 13, 8, 0, 23, 46, 23, 34, 0, 5, 11, 41, 6, 12, 34, 3, 24, 4, 3, 15], [4, 19, 44, 47, 48, 5, 28, 15, 0, 43, 29, 3, 2, 20, 29, 9, 0, 32, 27, 24, 3, 29, 6, 42, 11], [45, 32, 30, 29, 34, 0, 3, 3, 0, 7, 38, 38, 37, 25, 13, 36, 7, 40, 8, 2, 36, 48, 42, 8, 9], [49, 39, 10, 10, 43, 12, 15, 47, 19, 0, 47, 19, 42, 0, 15, 13, 45, 3, 24, 16, 7, 49, 13, 16, 45], [7, 4, 40, 26, 0, 24, 20, 22, 0, 34, 16, 15, 40, 0, 47, 13, 8, 19, 17, 26, 43, 23, 0, 0, 31], [40, 33, 18, 16, 4, 20, 20, 4, 47, 12, 25, 34, 19, 1, 0, 30, 25, 48, 43, 43, 31, 21, 15, 5, 23], [27, 29, 45, 5, 26, 20, 0, 21, 49, 7, 46, 26, 13, 3, 13, 38, 28, 2, 5, 13, 37, 24, 31, 36, 31], [1, 7, 23, 39, 46, 3, 2, 14, 3, 34, 40, 49, 12, 31, 4, 23, 0, 24, 38, 17, 17, 13, 7, 35, 44], [24, 22, 32, 47, 36, 41, 20, 23, 41, 24, 6, 15, 9, 38, 2, 18, 7, 42, 14, 35, 46, 37, 20, 33, 42], [24, 11, 0, 43, 23, 10, 31, 6, 25, 42, 34, 8, 49, 10, 47, 0, 16, 24, 19, 32, 7, 33, 10, 35, 41], [35, 8, 38, 40, 13, 23, 33, 12, 38, 1, 7, 5, 18, 7, 24, 32, 20, 12, 12, 9, 30, 47, 14, 5, 41], [4, 15, 0, 43, 48, 11, 10, 14, 2, 47, 47, 25, 12, 17, 10, 33, 43, 15, 41, 44, 4, 49, 29, 40, 4], [42, 42, 47, 26, 26, 18, 17, 35, 36, 42, 29, 14, 2, 39, 18, 14, 19, 26, 18, 2, 12, 31, 46, 23, 44], [8, 22, 6, 7, 22, 40, 28, 9, 4, 20, 9, 17, 8, 31, 7, 1, 20, 42, 6, 33, 13, 12, 18, 15, 47], [0, 6, 7, 40, 13, 11, 47, 17, 45, 31, 39, 46, 20, 20, 16, 27, 24, 38, 20, 2, 46, 34, 12, 28, 3], [11, 22, 11, 18, 0, 23, 49, 45, 11, 29, 30, 12, 1, 48, 3, 10, 36, 43, 14, 40, 24, 5, 29, 20, 35], [13, 27, 24, 37, 30, 0, 34, 0, 34, 46, 3, 9, 49, 22, 25, 21, 44, 46, 2, 34, 2, 18, 0, 15, 11], [47, 34, 16, 13, 0, 45, 4, 41, 30, 45, 28, 44, 36, 37, 18, 7, 6, 33, 12, 7, 6, 22, 18, 1, 24], [25, 43, 1, 39, 25, 34, 8, 3, 22, 5, 45, 7, 16, 1, 24, 16, 45, 47, 18, 30, 22, 47, 32, 1, 26], [43, 14, 48, 47, 41, 23, 18, 20, 26, 36, 23, 45, 45, 11, 11, 7, 21, 11, 7, 12, 34, 6, 48, 49, 44], [6, 45, 6, 29, 43, 42, 27, 16, 22, 0, 18, 24, 15, 18, 42, 5, 34, 18, 43, 45, 3, 49, 49, 8, 3], [2, 29, 18, 39, 11, 5, 28, 16, 41, 5, 7, 0, 22, 33, 32, 29, 31, 29, 8, 9, 9, 0, 38, 38, 6], [17, 6, 16, 8, 8, 10, 6, 39, 28, 32, 6, 4, 12, 27, 0, 40, 37, 6, 12, 7, 37, 44, 0, 27, 9], [2, 24, 19, 45, 36, 2, 25, 16, 39, 44, 36, 26, 4, 38, 31, 38, 44, 32, 35, 16, 30, 47, 0, 35, 45], [6, 0, 0, 25, 26, 45, 32, 16, 23, 0, 26, 36, 18, 34, 2, 48, 4, 28, 0, 49, 26, 39, 47, 1, 22], [19, 44, 32, 16, 0, 0, 17, 35, 40, 38, 47, 29, 4, 42, 45, 21, 45, 37, 35, 3, 32, 12, 35, 46, 17], [38, 0, 21, 25, 26, 48, 44, 7, 6, 26, 36, 14, 4, 30, 2, 2, 42, 33, 1, 38, 16, 9, 26, 18, 4], [36, 45, 49, 42, 31, 22, 18, 2, 32, 28, 34, 38, 47, 8, 34, 19, 38, 32, 18, 23, 42, 12, 34, 22, 1], [10, 34, 16, 15, 44, 38, 9, 24, 15, 47, 23, 45, 8, 17, 28, 29, 21, 5, 31, 24, 43, 0, 18, 42, 26], [43, 16, 30, 19, 6, 4, 17, 46, 16, 29, 0, 47, 38, 23, 14, 0, 17, 5, 13, 1, 24, 0, 16, 9, 40], [31, 39, 2, 37, 25, 48, 31, 31, 21, 39, 19, 31, 38, 44, 33, 19, 34, 31, 4, 25, 30, 7, 0, 20, 17], [49, 17, 3, 19, 3, 26, 25, 24, 25, 0, 44, 13, 42, 6, 18, 1, 9, 9, 9, 34, 5, 5, 25, 42, 23], [0, 17, 5, 24, 1, 2, 12, 34, 48, 21, 11, 42, 47, 44, 15, 29, 47, 30, 40, 1, 43, 39, 4, 14, 27]]
Maintenance cost in each period m: 
[5025, 4910, 8266, 4798, 5434, 8156, 5516, 4985, 8417, 6261, 6753, 8275, 5075, 6955, 8122, 5214, 5404, 4876, 8323, 5542, 8621, 5795, 4843, 7569, 4762]
Maximum capacity of the machine cmax: 
2400