Set of periods in the planning horizon T: 
5
Set of products P: 
50
Capacity reduction coefficient alpha: 
0.8
Relative decrease of capacity per set up gamma: 
0.37
Capacity reduction coefficient due to product types beta: 
[0.2, 0.29, 0.32, 0.21, 0.37, 0.38, 0.27, 0.32, 0.26, 0.3, 0.33, 0.37, 0.38, 0.31, 0.35, 0.32, 0.37, 0.3, 0.23, 0.25, 0.34, 0.26, 0.39, 0.24, 0.31, 0.2, 0.28, 0.21, 0.31, 0.33, 0.36, 0.32, 0.24, 0.33, 0.26, 0.27, 0.36, 0.39, 0.34, 0.26, 0.23, 0.28, 0.35, 0.38, 0.33, 0.21, 0.3, 0.34, 0.33, 0.35]
Fixed production cost of each product in each period f: 
[[627, 901, 888, 602, 942], [514, 684, 759, 716, 958], [959, 551, 899, 870, 843], [663, 614, 654, 691, 669], [690, 916, 823, 898, 930], [558, 933, 648, 898, 556], [910, 504, 656, 708, 627], [649, 712, 698, 891, 567], [871, 715, 896, 680, 504], [657, 791, 867, 557, 757], [704, 983, 527, 952, 916], [955, 717, 635, 732, 562], [580, 720, 989, 845, 663], [638, 733, 516, 537, 621], [801, 852, 517, 906, 886], [805, 550, 792, 678, 914], [866, 959, 703, 962, 943], [843, 601, 781, 754, 913], [975, 781, 877, 536, 743], [885, 801, 700, 892, 507], [975, 711, 644, 913, 572], [682, 735, 636, 994, 710], [833, 660, 674, 869, 906], [869, 541, 782, 630, 538], [629, 818, 763, 812, 922], [958, 994, 864, 825, 976], [517, 651, 970, 770, 688], [666, 651, 965, 978, 673], [831, 534, 660, 616, 687], [780, 878, 791, 700, 954], [626, 657, 993, 889, 873], [984, 585, 548, 747, 561], [662, 643, 536, 755, 509], [609, 891, 798, 555, 807], [937, 502, 952, 562, 985], [809, 812, 878, 940, 812], [587, 787, 946, 549, 758], [653, 939, 559, 685, 851], [972, 752, 986, 983, 840], [843, 583, 528, 742, 906], [868, 718, 998, 977, 660], [972, 500, 778, 987, 928], [676, 815, 711, 622, 718], [501, 563, 947, 670, 837], [895, 751, 857, 691, 881], [768, 716, 971, 689, 693], [863, 539, 801, 617, 570], [701, 676, 646, 565, 867], [791, 807, 514, 767, 557], [959, 539, 949, 999, 971]]
Variable production cost per unit of each product in each period p: 
[[13, 12, 11, 12, 13], [11, 13, 12, 12, 13], [10, 10, 11, 12, 11], [11, 10, 11, 13, 11], [10, 13, 11, 12, 10], [12, 11, 11, 12, 13], [10, 12, 13, 10, 13], [10, 11, 10, 12, 12], [13, 13, 13, 12, 13], [13, 10, 12, 13, 12], [12, 13, 12, 12, 13], [10, 12, 10, 10, 13], [12, 10, 12, 10, 12], [11, 12, 12, 10, 10], [10, 10, 11, 13, 10], [13, 12, 13, 13, 13], [13, 11, 12, 12, 11], [11, 10, 13, 12, 12], [13, 13, 12, 11, 11], [13, 13, 12, 11, 13], [12, 13, 12, 13, 12], [12, 13, 13, 11, 12], [12, 11, 10, 10, 10], [10, 12, 10, 12, 11], [12, 11, 13, 12, 11], [13, 13, 10, 11, 11], [11, 12, 11, 12, 10], [13, 12, 11, 10, 10], [13, 13, 12, 11, 13], [12, 11, 10, 10, 11], [13, 12, 11, 13, 13], [12, 10, 10, 12, 13], [13, 13, 11, 12, 12], [12, 13, 12, 10, 11], [10, 13, 13, 12, 12], [10, 10, 12, 11, 11], [10, 12, 13, 10, 12], [10, 11, 11, 11, 13], [10, 13, 11, 13, 13], [13, 12, 13, 13, 11], [13, 12, 11, 11, 10], [12, 10, 11, 13, 10], [11, 12, 11, 10, 10], [13, 13, 10, 12, 12], [12, 12, 10, 10, 13], [12, 12, 13, 10, 10], [10, 11, 11, 12, 12], [13, 10, 13, 13, 10], [12, 13, 12, 12, 10], [12, 12, 12, 10, 12]]
Inventory holding cost per unit of each product by the end of each period h: 
[[7, 9, 8, 9, 6], [6, 7, 7, 5, 9], [9, 9, 6, 5, 9], [7, 8, 5, 7, 5], [6, 7, 5, 8, 5], [6, 5, 9, 8, 5], [6, 6, 7, 6, 7], [5, 8, 7, 5, 9], [9, 9, 7, 7, 7], [8, 7, 9, 8, 6], [7, 6, 6, 5, 5], [6, 7, 6, 7, 6], [7, 8, 5, 6, 5], [6, 6, 8, 9, 8], [7, 6, 7, 8, 5], [7, 9, 6, 9, 6], [8, 8, 9, 6, 7], [8, 6, 8, 9, 6], [7, 8, 9, 7, 7], [9, 9, 6, 5, 6], [6, 5, 9, 6, 9], [9, 7, 8, 9, 9], [5, 6, 9, 7, 8], [9, 5, 9, 6, 6], [5, 9, 9, 9, 8], [7, 9, 9, 9, 7], [6, 6, 6, 5, 6], [8, 6, 8, 5, 7], [9, 6, 9, 8, 8], [9, 9, 5, 5, 6], [9, 9, 9, 6, 6], [5, 5, 6, 9, 9], [6, 8, 7, 9, 5], [5, 8, 9, 5, 6], [5, 5, 5, 5, 8], [6, 6, 7, 7, 6], [6, 7, 6, 5, 8], [5, 9, 7, 7, 5], [5, 5, 6, 9, 6], [6, 9, 9, 6, 7], [9, 7, 6, 6, 8], [6, 9, 6, 9, 8], [7, 5, 5, 9, 8], [5, 8, 6, 7, 7], [9, 5, 7, 6, 9], [9, 5, 5, 6, 8], [7, 9, 6, 7, 9], [7, 5, 9, 8, 5], [5, 5, 5, 6, 7], [7, 9, 9, 5, 5]]
Demand for each product in each period d: 
[[9, 47, 33, 31, 46], [10, 32, 24, 23, 13], [5, 4, 23, 9, 4], [1, 18, 28, 15, 34], [34, 34, 26, 49, 19], [3, 48, 0, 39, 16], [35, 28, 21, 27, 16], [4, 47, 44, 0, 26], [37, 39, 30, 40, 8], [11, 40, 30, 17, 26], [24, 22, 11, 33, 44], [5, 32, 39, 38, 5], [40, 0, 4, 26, 48], [43, 34, 35, 35, 45], [21, 45, 43, 23, 8], [30, 46, 37, 24, 5], [28, 42, 22, 8, 15], [22, 17, 0, 48, 48], [1, 17, 42, 44, 25], [4, 8, 22, 5, 46], [6, 41, 35, 40, 4], [41, 34, 23, 43, 26], [22, 32, 5, 24, 27], [0, 17, 32, 19, 30], [10, 42, 28, 37, 31], [28, 12, 41, 30, 6], [32, 23, 13, 47, 15], [38, 34, 20, 4, 11], [42, 0, 14, 25, 17], [47, 5, 37, 12, 20], [46, 35, 0, 10, 23], [26, 34, 2, 12, 25], [28, 3, 12, 32, 10], [47, 10, 34, 44, 38], [10, 0, 1, 43, 42], [6, 30, 46, 40, 39], [12, 40, 22, 27, 0], [16, 18, 0, 39, 15], [27, 48, 31, 46, 40], [1, 12, 0, 5, 14], [29, 47, 0, 47, 42], [46, 5, 31, 45, 45], [41, 37, 5, 8, 43], [45, 8, 11, 18, 32], [43, 34, 18, 27, 20], [11, 0, 28, 3, 46], [15, 23, 9, 49, 38], [37, 43, 0, 41, 17], [30, 24, 47, 44, 7], [12, 19, 38, 15, 19]]
Maintenance cost in each period m: 
[3050, 3630, 3818, 4808, 1883]
Maximum capacity of the machine cmax: 
2000