Set of periods in the planning horizon T: 
25
Set of products P: 
5
Capacity reduction coefficient alpha: 
0.8
Relative decrease of capacity per set up gamma: 
0.24
Capacity reduction coefficient due to product types beta: 
[0.38, 0.23, 0.29, 0.35, 0.2]
Fixed production cost of each product in each period f: 
[[833, 640, 909, 530, 921, 587, 815, 979, 779, 542, 688, 733, 882, 531, 662, 600, 716, 703, 906, 788, 534, 984, 795, 884, 962], [535, 971, 832, 801, 789, 952, 948, 654, 688, 933, 677, 574, 657, 815, 695, 711, 834, 634, 963, 500, 723, 847, 598, 906, 933], [706, 706, 673, 910, 864, 926, 635, 657, 612, 869, 849, 652, 869, 933, 933, 922, 857, 570, 503, 673, 853, 701, 903, 680, 880], [778, 732, 814, 795, 778, 783, 909, 835, 745, 864, 624, 723, 802, 962, 877, 726, 690, 692, 543, 512, 713, 806, 797, 950, 966], [935, 558, 700, 803, 759, 785, 620, 809, 517, 667, 706, 570, 696, 955, 863, 947, 568, 759, 648, 532, 699, 964, 517, 697, 624]]
Variable production cost per unit of each product in each period p: 
[[11, 10, 11, 11, 13, 13, 10, 13, 10, 12, 10, 11, 12, 11, 13, 13, 10, 11, 11, 10, 12, 11, 10, 12, 12], [10, 12, 13, 12, 12, 12, 10, 12, 11, 11, 10, 10, 13, 12, 10, 13, 10, 10, 13, 12, 11, 11, 12, 13, 13], [12, 11, 13, 13, 13, 10, 10, 11, 11, 13, 11, 13, 10, 13, 12, 13, 11, 13, 11, 12, 11, 13, 12, 10, 10], [11, 11, 11, 12, 13, 10, 13, 11, 11, 11, 13, 13, 12, 13, 10, 13, 12, 10, 10, 13, 10, 11, 10, 11, 12], [12, 13, 12, 10, 13, 13, 10, 11, 11, 10, 11, 13, 10, 13, 12, 10, 10, 10, 11, 13, 10, 11, 10, 10, 12]]
Inventory holding cost per unit of each product by the end of each period h: 
[[7, 5, 7, 5, 5, 8, 6, 5, 7, 8, 9, 7, 6, 8, 8, 8, 7, 9, 7, 5, 8, 5, 8, 5, 9], [7, 7, 8, 9, 7, 5, 8, 5, 8, 7, 8, 8, 7, 6, 6, 9, 7, 6, 7, 7, 7, 6, 9, 7, 9], [7, 6, 9, 9, 5, 7, 6, 7, 6, 7, 5, 9, 9, 8, 6, 9, 5, 7, 7, 7, 9, 7, 9, 5, 5], [8, 8, 7, 7, 6, 9, 5, 6, 5, 7, 9, 7, 5, 9, 9, 8, 5, 7, 9, 5, 8, 8, 5, 6, 8], [9, 6, 7, 8, 5, 5, 5, 8, 7, 8, 8, 5, 7, 6, 7, 5, 5, 7, 8, 9, 7, 5, 9, 7, 5]]
Demand for each product in each period d: 
[[13, 5, 30, 48, 39, 45, 9, 46, 30, 47, 15, 9, 46, 44, 45, 22, 9, 49, 39, 4, 47, 34, 17, 42, 48], [27, 21, 20, 39, 18, 26, 0, 28, 40, 23, 40, 42, 19, 5, 0, 33, 6, 30, 43, 0, 8, 12, 0, 46, 34], [46, 0, 3, 23, 20, 0, 29, 40, 38, 45, 5, 48, 34, 13, 48, 21, 26, 0, 10, 38, 31, 0, 37, 24, 43], [4, 30, 37, 25, 18, 27, 38, 47, 18, 49, 26, 19, 13, 11, 16, 35, 5, 37, 8, 38, 14, 25, 41, 36, 39], [17, 46, 5, 30, 17, 15, 2, 46, 32, 2, 7, 33, 5, 25, 36, 0, 46, 12, 36, 11, 0, 39, 33, 22, 11]]
Maintenance cost in each period m: 
[3988, 4841, 3153, 1573, 2166, 3829, 2132, 1684, 1630, 4367, 5054, 3198, 4621, 3427, 4058, 5264, 4612, 4224, 2980, 2438, 3695, 4041, 1835, 2812, 2048]
Maximum capacity of the machine cmax: 
235