Set of periods in the planning horizon T: 
5
Set of products P: 
20
Capacity reduction coefficient alpha: 
0.8
Relative decrease of capacity per set up gamma: 
0.33
Capacity reduction coefficient due to product types beta: 
[0.24, 0.22, 0.24, 0.37, 0.32, 0.28, 0.23, 0.25, 0.31, 0.3, 0.4, 0.3, 0.39, 0.3, 0.36, 0.24, 0.23, 0.4, 0.28, 0.36]
Fixed production cost of each product in each period f: 
[[532, 747, 712, 622, 723], [807, 905, 633, 854, 856], [703, 745, 624, 694, 525], [613, 655, 772, 901, 567], [960, 687, 938, 650, 613], [508, 792, 711, 894, 565], [622, 565, 912, 977, 550], [679, 626, 682, 950, 969], [599, 945, 873, 869, 685], [943, 976, 730, 833, 932], [704, 680, 785, 611, 726], [763, 787, 523, 981, 735], [693, 733, 840, 910, 730], [514, 522, 623, 966, 774], [934, 660, 833, 757, 967], [819, 848, 926, 997, 613], [582, 861, 581, 709, 758], [599, 861, 644, 711, 624], [526, 733, 678, 826, 810], [939, 948, 714, 976, 923]]
Variable production cost per unit of each product in each period p: 
[[10, 12, 11, 13, 12], [11, 13, 10, 11, 10], [10, 11, 13, 12, 10], [13, 12, 12, 12, 13], [12, 12, 11, 12, 13], [13, 12, 10, 10, 13], [13, 10, 10, 13, 12], [12, 10, 13, 13, 11], [13, 12, 12, 10, 13], [10, 12, 13, 10, 11], [11, 12, 12, 13, 10], [12, 10, 13, 12, 11], [12, 10, 12, 11, 13], [10, 11, 12, 11, 10], [10, 11, 10, 13, 13], [13, 12, 10, 10, 10], [11, 12, 12, 11, 10], [11, 10, 10, 11, 12], [13, 11, 13, 13, 12], [11, 10, 12, 12, 11]]
Inventory holding cost per unit of each product by the end of each period h: 
[[6, 7, 8, 7, 8], [7, 9, 7, 7, 5], [8, 6, 5, 9, 5], [9, 8, 9, 6, 8], [8, 6, 5, 8, 5], [7, 8, 9, 6, 9], [5, 5, 6, 7, 8], [9, 6, 5, 7, 8], [9, 9, 9, 5, 5], [9, 8, 9, 8, 8], [7, 6, 5, 7, 7], [5, 5, 5, 9, 9], [7, 5, 7, 8, 5], [5, 9, 8, 7, 9], [6, 6, 6, 8, 6], [7, 7, 5, 5, 6], [6, 9, 7, 8, 6], [6, 9, 5, 8, 7], [7, 5, 9, 7, 7], [6, 8, 5, 8, 5]]
Demand for each product in each period d: 
[[13, 29, 14, 7, 15], [11, 37, 39, 26, 30], [30, 42, 27, 30, 13], [42, 30, 38, 3, 11], [0, 0, 27, 44, 11], [21, 31, 37, 13, 13], [19, 47, 27, 49, 18], [23, 27, 10, 23, 9], [21, 48, 44, 30, 45], [36, 27, 4, 42, 14], [18, 1, 44, 27, 13], [16, 26, 40, 43, 36], [41, 32, 46, 18, 43], [38, 12, 36, 19, 36], [3, 48, 45, 43, 38], [31, 26, 15, 25, 23], [5, 23, 46, 3, 17], [13, 20, 47, 40, 7], [9, 24, 4, 37, 8], [18, 25, 43, 36, 38]]
Maintenance cost in each period m: 
[4944, 1928, 5202, 4416, 2526]
Maximum capacity of the machine cmax: 
820