Set of periods in the planning horizon T: 
10
Set of products P: 
100
Capacity reduction coefficient alpha: 
0.8
Relative decrease of capacity per set up gamma: 
0.21
Capacity reduction coefficient due to product types beta: 
[0.33, 0.37, 0.26, 0.36, 0.21, 0.29, 0.23, 0.22, 0.35, 0.23, 0.39, 0.3, 0.35, 0.21, 0.34, 0.38, 0.31, 0.29, 0.27, 0.26, 0.31, 0.38, 0.39, 0.38, 0.27, 0.38, 0.28, 0.37, 0.28, 0.25, 0.31, 0.31, 0.37, 0.28, 0.36, 0.4, 0.37, 0.38, 0.39, 0.4, 0.28, 0.25, 0.26, 0.26, 0.35, 0.32, 0.32, 0.31, 0.28, 0.37, 0.38, 0.25, 0.33, 0.29, 0.24, 0.24, 0.33, 0.26, 0.23, 0.24, 0.32, 0.36, 0.33, 0.26, 0.27, 0.37, 0.27, 0.34, 0.23, 0.26, 0.23, 0.37, 0.38, 0.33, 0.31, 0.39, 0.35, 0.31, 0.3, 0.25, 0.31, 0.37, 0.24, 0.23, 0.22, 0.29, 0.37, 0.34, 0.34, 0.25, 0.3, 0.33, 0.21, 0.3, 0.3, 0.3, 0.25, 0.25, 0.34, 0.29]
Fixed production cost of each product in each period f: 
[[927, 646, 599, 905, 869, 519, 610, 510, 829, 960], [950, 536, 654, 916, 943, 778, 856, 670, 744, 996], [622, 724, 564, 713, 506, 741, 664, 663, 527, 586], [809, 837, 579, 702, 734, 668, 647, 615, 895, 652], [544, 959, 605, 632, 998, 669, 767, 796, 506, 727], [981, 689, 959, 520, 875, 639, 845, 602, 918, 563], [682, 799, 545, 564, 593, 628, 685, 669, 802, 662], [819, 516, 602, 878, 502, 850, 975, 540, 904, 595], [777, 779, 968, 702, 677, 621, 528, 920, 775, 596], [745, 704, 762, 682, 500, 879, 644, 651, 516, 954], [561, 877, 545, 533, 714, 983, 783, 798, 954, 794], [905, 549, 534, 629, 726, 704, 847, 942, 673, 803], [934, 950, 819, 637, 919, 675, 919, 845, 817, 751], [569, 958, 752, 568, 724, 768, 828, 737, 915, 582], [566, 527, 600, 994, 610, 612, 762, 870, 770, 809], [913, 821, 966, 890, 840, 771, 743, 655, 565, 874], [696, 723, 969, 985, 764, 933, 579, 751, 602, 848], [674, 983, 541, 885, 873, 881, 792, 786, 578, 826], [761, 777, 806, 822, 649, 738, 893, 655, 933, 597], [780, 698, 724, 687, 545, 816, 629, 695, 897, 561], [915, 922, 652, 847, 534, 960, 897, 858, 707, 819], [716, 602, 852, 698, 650, 519, 975, 689, 851, 953], [749, 639, 837, 695, 639, 792, 502, 792, 905, 548], [608, 989, 715, 551, 679, 614, 839, 941, 535, 704], [588, 702, 645, 889, 595, 655, 962, 874, 566, 525], [837, 733, 991, 853, 790, 918, 640, 901, 996, 544], [622, 685, 905, 692, 944, 983, 509, 765, 784, 639], [589, 859, 640, 732, 886, 546, 798, 818, 627, 796], [706, 828, 864, 799, 953, 524, 833, 572, 728, 579], [506, 652, 869, 737, 762, 680, 954, 822, 518, 527], [787, 597, 914, 595, 984, 587, 660, 540, 672, 728], [581, 896, 558, 885, 546, 653, 753, 991, 603, 771], [897, 507, 922, 752, 667, 651, 790, 867, 571, 869], [558, 610, 777, 615, 977, 642, 697, 611, 964, 599], [839, 955, 562, 698, 957, 693, 957, 740, 792, 922], [711, 970, 743, 849, 521, 806, 738, 619, 600, 529], [592, 712, 641, 759, 917, 675, 859, 978, 625, 598], [714, 785, 916, 671, 988, 851, 976, 713, 682, 979], [637, 897, 943, 974, 787, 565, 892, 825, 554, 778], [512, 529, 831, 924, 573, 622, 846, 681, 544, 923], [877, 966, 796, 849, 895, 831, 526, 525, 785, 666], [745, 996, 938, 554, 549, 666, 717, 987, 795, 678], [945, 878, 833, 878, 954, 670, 512, 868, 818, 642], [640, 946, 585, 671, 948, 837, 903, 912, 631, 582], [822, 536, 537, 844, 693, 659, 790, 965, 974, 886], [951, 984, 600, 804, 553, 661, 906, 698, 688, 873], [754, 769, 900, 853, 800, 598, 814, 669, 950, 852], [610, 691, 875, 776, 772, 714, 565, 914, 517, 791], [983, 724, 517, 981, 660, 932, 802, 562, 669, 874], [828, 951, 908, 814, 707, 828, 586, 795, 524, 692], [716, 662, 997, 913, 865, 774, 717, 587, 644, 913], [993, 886, 992, 781, 614, 796, 875, 880, 919, 891], [525, 896, 805, 894, 557, 559, 773, 860, 571, 872], [680, 715, 627, 752, 966, 853, 573, 619, 613, 610], [946, 640, 641, 995, 536, 715, 866, 687, 977, 820], [647, 627, 821, 553, 639, 762, 509, 666, 921, 529], [964, 588, 804, 975, 655, 948, 745, 612, 541, 713], [996, 853, 654, 543, 864, 623, 557, 569, 598, 594], [980, 684, 529, 917, 921, 762, 517, 643, 861, 605], [574, 844, 761, 661, 585, 704, 721, 647, 972, 912], [963, 768, 550, 523, 614, 795, 640, 872, 935, 521], [785, 772, 591, 809, 516, 910, 936, 553, 886, 936], [678, 679, 786, 820, 694, 740, 719, 617, 785, 735], [690, 851, 738, 880, 590, 598, 506, 885, 610, 999], [907, 564, 553, 769, 884, 994, 780, 660, 602, 998], [603, 695, 989, 670, 688, 591, 727, 772, 555, 953], [842, 603, 522, 714, 849, 718, 764, 514, 738, 635], [762, 988, 728, 702, 959, 778, 959, 540, 844, 982], [955, 727, 520, 591, 531, 709, 878, 597, 668, 964], [932, 810, 639, 652, 700, 978, 666, 885, 849, 592], [769, 636, 681, 657, 974, 723, 855, 897, 921, 769], [790, 629, 601, 570, 518, 699, 584, 878, 862, 986], [768, 519, 940, 612, 693, 779, 673, 617, 760, 743], [749, 830, 834, 866, 687, 654, 510, 913, 883, 529], [573, 904, 879, 831, 959, 730, 664, 634, 851, 810], [672, 807, 870, 519, 997, 904, 726, 731, 820, 929], [888, 817, 538, 803, 986, 913, 717, 661, 643, 821], [754, 827, 773, 988, 931, 913, 815, 886, 661, 527], [737, 862, 713, 891, 676, 521, 835, 897, 723, 542], [646, 642, 675, 936, 807, 818, 995, 732, 556, 692], [762, 625, 773, 888, 698, 786, 843, 572, 502, 850], [758, 915, 786, 892, 770, 714, 831, 575, 806, 737], [899, 658, 624, 658, 537, 732, 822, 941, 815, 936], [727, 886, 557, 914, 791, 787, 675, 888, 638, 567], [524, 824, 750, 832, 931, 802, 993, 573, 660, 701], [827, 871, 644, 978, 853, 759, 974, 963, 658, 546], [722, 946, 675, 541, 528, 990, 775, 791, 979, 597], [530, 637, 637, 582, 762, 911, 533, 689, 823, 822], [503, 784, 840, 941, 815, 639, 516, 623, 938, 969], [722, 935, 556, 760, 973, 828, 521, 621, 569, 718], [967, 813, 687, 825, 802, 905, 507, 939, 570, 651], [971, 535, 573, 750, 531, 510, 665, 766, 951, 845], [869, 970, 808, 821, 634, 555, 862, 873, 992, 635], [505, 694, 816, 544, 905, 884, 880, 783, 745, 967], [662, 951, 933, 851, 529, 811, 662, 810, 737, 618], [564, 734, 749, 632, 962, 809, 937, 701, 995, 927], [828, 677, 943, 801, 560, 576, 686, 926, 808, 994], [704, 999, 512, 977, 738, 672, 882, 764, 523, 612], [565, 797, 511, 965, 681, 721, 887, 950, 917, 531], [873, 655, 796, 822, 655, 570, 655, 884, 693, 656]]
Variable production cost per unit of each product in each period p: 
[[13, 10, 13, 12, 10, 11, 10, 13, 10, 10], [13, 11, 12, 12, 11, 13, 10, 13, 12, 10], [12, 10, 10, 11, 10, 12, 13, 13, 11, 10], [10, 11, 12, 12, 13, 11, 11, 11, 10, 10], [10, 12, 13, 10, 10, 13, 10, 11, 12, 13], [13, 12, 10, 13, 12, 10, 13, 12, 11, 10], [13, 11, 11, 12, 10, 11, 13, 12, 13, 11], [11, 13, 11, 10, 10, 13, 12, 11, 12, 13], [10, 10, 10, 10, 10, 13, 12, 13, 11, 10], [13, 11, 12, 12, 13, 11, 11, 10, 12, 11], [11, 12, 11, 13, 12, 12, 13, 13, 10, 13], [11, 13, 12, 12, 10, 13, 10, 11, 13, 13], [13, 13, 12, 13, 10, 13, 13, 12, 12, 13], [12, 11, 10, 12, 10, 12, 10, 13, 10, 13], [13, 11, 12, 10, 11, 13, 12, 10, 11, 10], [12, 11, 10, 12, 10, 13, 10, 10, 11, 12], [12, 12, 13, 12, 12, 13, 10, 11, 10, 10], [13, 11, 13, 11, 12, 11, 11, 11, 13, 13], [11, 12, 12, 12, 12, 13, 13, 10, 11, 13], [13, 10, 11, 10, 12, 12, 13, 10, 13, 11], [12, 12, 12, 10, 13, 12, 12, 13, 11, 11], [10, 12, 13, 12, 10, 10, 13, 10, 10, 11], [10, 11, 10, 11, 12, 13, 13, 11, 12, 13], [11, 11, 12, 10, 10, 11, 13, 12, 12, 10], [11, 10, 10, 12, 10, 13, 10, 10, 13, 13], [10, 13, 13, 11, 12, 10, 10, 12, 12, 13], [10, 12, 12, 11, 13, 10, 11, 12, 10, 12], [13, 11, 13, 11, 12, 10, 13, 11, 13, 13], [12, 13, 11, 13, 11, 11, 13, 10, 10, 10], [12, 12, 12, 12, 12, 10, 10, 10, 12, 10], [10, 12, 13, 10, 11, 13, 13, 10, 11, 10], [12, 13, 12, 12, 12, 13, 12, 11, 11, 11], [11, 12, 13, 10, 13, 13, 13, 13, 13, 10], [13, 10, 13, 12, 10, 13, 10, 10, 12, 11], [12, 13, 13, 13, 13, 10, 13, 12, 13, 11], [10, 11, 13, 13, 12, 11, 13, 12, 10, 12], [11, 12, 10, 12, 13, 11, 10, 12, 13, 10], [11, 11, 12, 11, 11, 12, 11, 13, 13, 12], [12, 13, 12, 13, 13, 11, 13, 11, 12, 11], [12, 12, 12, 13, 13, 11, 11, 12, 13, 13], [13, 11, 13, 12, 10, 10, 10, 13, 11, 12], [11, 13, 13, 13, 11, 12, 13, 13, 10, 12], [10, 11, 12, 11, 13, 12, 10, 12, 12, 13], [12, 10, 12, 11, 11, 12, 12, 11, 13, 13], [10, 12, 10, 13, 11, 13, 12, 11, 10, 13], [10, 12, 11, 13, 10, 11, 13, 12, 10, 13], [13, 11, 13, 10, 10, 12, 10, 11, 10, 10], [11, 11, 12, 12, 11, 13, 10, 10, 13, 11], [12, 10, 11, 11, 13, 11, 13, 10, 13, 10], [11, 13, 12, 10, 11, 12, 13, 12, 12, 12], [12, 13, 13, 12, 10, 11, 12, 11, 12, 13], [11, 10, 10, 10, 12, 13, 11, 11, 12, 12], [12, 11, 11, 13, 12, 10, 11, 12, 10, 10], [13, 10, 12, 13, 11, 13, 11, 11, 10, 13], [12, 12, 12, 13, 10, 11, 12, 10, 11, 12], [13, 11, 12, 11, 10, 11, 11, 11, 12, 11], [11, 11, 10, 13, 11, 10, 12, 12, 11, 11], [13, 11, 12, 10, 10, 12, 11, 11, 13, 10], [13, 10, 11, 13, 13, 10, 10, 10, 10, 10], [13, 13, 12, 11, 12, 11, 12, 12, 12, 11], [11, 10, 10, 10, 12, 12, 11, 10, 12, 13], [11, 12, 12, 11, 11, 11, 10, 10, 10, 10], [10, 12, 13, 11, 12, 11, 10, 12, 13, 12], [12, 10, 12, 12, 12, 13, 13, 11, 13, 10], [11, 10, 13, 13, 13, 10, 13, 12, 11, 12], [12, 11, 10, 13, 11, 10, 12, 13, 10, 10], [11, 10, 12, 10, 11, 11, 13, 10, 12, 10], [12, 12, 12, 11, 12, 10, 12, 10, 11, 12], [10, 11, 10, 12, 13, 13, 10, 10, 11, 11], [11, 11, 13, 10, 12, 10, 11, 10, 12, 13], [13, 11, 10, 13, 10, 12, 12, 10, 13, 10], [10, 13, 10, 12, 11, 11, 11, 11, 10, 11], [12, 11, 12, 10, 13, 11, 13, 10, 12, 10], [13, 10, 10, 13, 13, 12, 11, 11, 10, 13], [13, 10, 11, 11, 12, 13, 10, 10, 13, 12], [11, 12, 13, 13, 10, 11, 13, 13, 11, 11], [13, 10, 10, 11, 11, 10, 13, 12, 10, 11], [10, 11, 11, 12, 10, 10, 11, 11, 13, 10], [11, 10, 10, 13, 12, 13, 11, 11, 12, 10], [12, 10, 10, 13, 13, 12, 13, 10, 12, 10], [13, 11, 12, 11, 13, 12, 11, 11, 10, 12], [10, 10, 11, 13, 12, 12, 10, 13, 10, 10], [13, 10, 11, 12, 11, 12, 10, 12, 10, 13], [12, 11, 11, 13, 11, 11, 11, 10, 12, 13], [11, 11, 10, 11, 11, 13, 13, 12, 12, 10], [11, 12, 12, 11, 13, 13, 13, 13, 13, 11], [12, 12, 13, 11, 11, 10, 12, 10, 11, 11], [10, 12, 13, 11, 10, 10, 12, 10, 11, 13], [12, 13, 12, 12, 10, 12, 12, 13, 11, 13], [10, 12, 13, 11, 13, 10, 13, 12, 10, 11], [13, 13, 12, 13, 11, 13, 11, 11, 13, 10], [10, 10, 13, 13, 13, 13, 10, 10, 11, 13], [13, 13, 11, 12, 12, 12, 11, 11, 12, 13], [11, 10, 12, 13, 10, 13, 13, 11, 13, 12], [12, 10, 10, 11, 10, 11, 12, 11, 13, 13], [10, 11, 11, 11, 10, 13, 13, 10, 11, 10], [10, 10, 10, 12, 10, 13, 13, 13, 10, 13], [10, 10, 10, 10, 13, 10, 13, 13, 11, 12], [13, 10, 13, 11, 11, 13, 13, 12, 13, 13], [11, 12, 13, 10, 11, 12, 11, 13, 10, 13]]
Inventory holding cost per unit of each product by the end of each period h: 
[[8, 9, 6, 6, 5, 8, 8, 7, 5, 8], [5, 7, 6, 8, 7, 7, 8, 6, 9, 7], [6, 6, 5, 6, 5, 6, 6, 8, 5, 8], [5, 9, 8, 6, 5, 9, 8, 5, 5, 6], [6, 6, 8, 7, 5, 7, 9, 8, 7, 5], [8, 5, 7, 5, 6, 5, 6, 8, 9, 9], [5, 7, 8, 7, 5, 5, 7, 9, 8, 9], [6, 8, 9, 6, 9, 5, 7, 8, 9, 8], [5, 9, 7, 8, 6, 8, 7, 7, 5, 5], [9, 9, 6, 5, 5, 8, 7, 9, 5, 5], [8, 9, 7, 6, 7, 6, 6, 9, 7, 8], [7, 8, 9, 7, 8, 7, 7, 7, 6, 5], [5, 8, 6, 7, 8, 8, 9, 8, 6, 8], [5, 6, 5, 6, 6, 7, 6, 5, 9, 8], [7, 9, 5, 6, 9, 9, 5, 9, 6, 7], [5, 7, 5, 8, 6, 7, 9, 5, 5, 7], [9, 8, 8, 9, 5, 9, 5, 6, 7, 9], [7, 5, 8, 8, 5, 9, 7, 7, 6, 5], [5, 9, 8, 9, 7, 5, 8, 7, 6, 6], [8, 8, 8, 7, 5, 7, 9, 6, 6, 6], [9, 5, 9, 5, 9, 5, 6, 8, 7, 9], [9, 6, 9, 7, 5, 5, 5, 8, 9, 8], [8, 5, 6, 8, 6, 9, 8, 5, 9, 6], [8, 8, 9, 9, 7, 6, 9, 6, 9, 8], [9, 9, 7, 7, 7, 9, 7, 8, 6, 6], [8, 7, 5, 6, 9, 8, 9, 6, 7, 7], [6, 7, 8, 9, 6, 8, 5, 8, 9, 9], [8, 6, 9, 5, 8, 8, 7, 5, 8, 5], [6, 9, 5, 7, 8, 7, 8, 6, 8, 5], [7, 9, 7, 8, 6, 7, 7, 8, 7, 6], [7, 7, 6, 7, 9, 5, 7, 7, 7, 9], [8, 6, 9, 9, 9, 8, 5, 9, 5, 7], [8, 9, 7, 5, 6, 6, 8, 8, 9, 8], [7, 5, 8, 9, 9, 5, 6, 6, 8, 5], [7, 9, 8, 5, 5, 5, 8, 6, 5, 6], [9, 8, 5, 8, 7, 9, 9, 5, 9, 7], [6, 6, 5, 9, 6, 5, 6, 9, 7, 5], [6, 5, 8, 7, 7, 6, 7, 8, 5, 5], [8, 9, 6, 8, 5, 5, 8, 6, 8, 8], [5, 8, 7, 5, 5, 6, 8, 5, 7, 7], [8, 5, 6, 6, 5, 9, 9, 7, 6, 5], [7, 7, 7, 6, 7, 9, 6, 9, 9, 8], [8, 5, 5, 6, 6, 5, 6, 7, 5, 9], [9, 5, 9, 6, 8, 7, 7, 6, 8, 9], [5, 5, 5, 9, 5, 6, 9, 9, 7, 9], [8, 9, 8, 6, 6, 5, 9, 7, 8, 5], [6, 5, 9, 6, 5, 7, 5, 5, 9, 8], [5, 6, 8, 6, 5, 6, 6, 8, 6, 6], [9, 7, 9, 7, 8, 9, 7, 5, 5, 5], [9, 5, 8, 8, 7, 6, 9, 9, 9, 7], [9, 7, 6, 8, 7, 9, 8, 8, 9, 5], [7, 6, 6, 9, 6, 7, 8, 9, 5, 9], [7, 7, 8, 7, 5, 5, 8, 5, 8, 8], [6, 6, 9, 5, 6, 9, 9, 5, 5, 7], [9, 7, 5, 6, 7, 5, 6, 8, 9, 9], [8, 9, 6, 6, 5, 7, 7, 7, 8, 9], [7, 7, 6, 9, 7, 6, 7, 5, 8, 9], [8, 6, 6, 6, 5, 7, 6, 6, 6, 7], [8, 9, 6, 7, 9, 7, 5, 5, 8, 5], [8, 7, 7, 6, 9, 5, 5, 5, 8, 6], [6, 7, 9, 5, 5, 8, 5, 9, 7, 5], [5, 8, 6, 7, 9, 8, 5, 5, 6, 6], [9, 7, 9, 5, 9, 5, 8, 5, 7, 8], [5, 6, 7, 5, 5, 6, 5, 9, 6, 8], [8, 6, 9, 7, 8, 5, 6, 7, 8, 6], [5, 8, 5, 7, 6, 6, 9, 9, 7, 8], [9, 8, 7, 6, 9, 6, 5, 8, 7, 7], [5, 5, 6, 9, 5, 8, 6, 8, 7, 7], [6, 8, 7, 9, 9, 7, 8, 8, 8, 7], [9, 5, 8, 6, 5, 6, 9, 5, 5, 8], [6, 8, 9, 9, 7, 7, 6, 9, 5, 8], [7, 5, 9, 9, 8, 9, 5, 5, 8, 5], [5, 8, 8, 8, 6, 7, 8, 8, 9, 8], [7, 5, 8, 9, 9, 7, 6, 6, 8, 8], [5, 5, 7, 7, 5, 6, 5, 9, 5, 5], [5, 8, 7, 9, 5, 8, 8, 8, 6, 6], [7, 5, 6, 9, 5, 8, 8, 5, 7, 6], [6, 5, 6, 8, 6, 5, 5, 5, 6, 8], [7, 7, 6, 7, 8, 6, 7, 5, 8, 8], [6, 8, 9, 5, 5, 5, 8, 9, 7, 7], [6, 9, 7, 9, 9, 6, 9, 9, 6, 8], [9, 7, 7, 7, 8, 7, 8, 7, 5, 6], [5, 6, 8, 6, 6, 5, 9, 8, 9, 8], [8, 9, 8, 5, 5, 9, 9, 5, 5, 6], [8, 6, 9, 7, 9, 6, 7, 8, 5, 5], [9, 9, 6, 6, 6, 8, 8, 7, 7, 5], [5, 5, 7, 7, 9, 8, 7, 5, 6, 5], [8, 8, 6, 5, 7, 7, 9, 8, 5, 8], [5, 7, 8, 9, 9, 7, 6, 6, 6, 7], [9, 8, 5, 8, 5, 9, 8, 8, 5, 8], [7, 6, 7, 5, 5, 9, 8, 8, 6, 5], [9, 9, 5, 7, 6, 9, 8, 9, 6, 9], [5, 5, 8, 9, 9, 5, 5, 6, 6, 6], [6, 5, 6, 7, 7, 7, 5, 8, 8, 5], [5, 6, 5, 6, 8, 5, 8, 5, 6, 8], [9, 9, 7, 5, 8, 7, 7, 9, 5, 7], [5, 5, 6, 7, 9, 7, 7, 7, 5, 5], [5, 5, 6, 7, 5, 9, 8, 8, 9, 5], [9, 6, 7, 5, 6, 8, 5, 7, 9, 7], [7, 9, 5, 6, 8, 9, 5, 6, 6, 7]]
Demand for each product in each period d: 
[[41, 18, 25, 31, 12, 10, 5, 3, 21, 19], [41, 9, 29, 13, 0, 2, 17, 15, 22, 29], [5, 34, 43, 15, 48, 18, 10, 6, 27, 13], [38, 37, 25, 22, 30, 49, 24, 21, 1, 1], [11, 0, 15, 34, 0, 8, 2, 38, 5, 11], [24, 28, 39, 20, 39, 30, 43, 32, 19, 21], [19, 27, 47, 9, 48, 6, 0, 16, 48, 21], [14, 44, 28, 1, 24, 29, 20, 9, 26, 43], [47, 23, 30, 25, 16, 24, 35, 35, 47, 29], [9, 15, 0, 39, 9, 35, 30, 5, 28, 3], [46, 37, 29, 3, 11, 8, 15, 33, 18, 13], [46, 3, 26, 49, 13, 29, 30, 2, 24, 29], [7, 2, 20, 23, 35, 12, 20, 45, 35, 34], [41, 0, 46, 37, 0, 30, 22, 22, 0, 0], [38, 47, 37, 41, 39, 44, 13, 35, 35, 19], [35, 10, 14, 8, 37, 18, 18, 1, 11, 23], [26, 49, 33, 29, 0, 44, 9, 30, 10, 24], [34, 44, 10, 4, 37, 24, 31, 38, 33, 33], [32, 0, 34, 32, 39, 41, 15, 47, 10, 0], [28, 30, 49, 42, 0, 0, 46, 34, 48, 9], [34, 47, 36, 27, 15, 27, 26, 3, 0, 19], [26, 2, 12, 11, 13, 0, 22, 5, 33, 9], [11, 16, 7, 35, 0, 42, 46, 23, 17, 28], [21, 44, 39, 43, 0, 23, 5, 16, 45, 28], [9, 16, 42, 45, 24, 27, 28, 15, 31, 15], [42, 32, 42, 3, 0, 20, 27, 2, 0, 33], [9, 14, 31, 43, 28, 10, 36, 34, 26, 26], [10, 1, 35, 36, 42, 30, 28, 32, 0, 18], [2, 17, 4, 24, 21, 7, 34, 17, 29, 9], [35, 8, 25, 33, 23, 13, 29, 17, 12, 15], [23, 47, 17, 17, 44, 21, 32, 41, 8, 29], [42, 0, 37, 1, 0, 19, 33, 29, 49, 36], [31, 1, 41, 43, 40, 39, 34, 23, 0, 8], [11, 42, 1, 47, 35, 38, 31, 40, 36, 2], [41, 48, 21, 4, 34, 19, 1, 5, 18, 6], [24, 18, 2, 34, 18, 15, 0, 28, 39, 20], [2, 3, 15, 47, 25, 0, 38, 43, 27, 3], [24, 0, 32, 49, 5, 35, 45, 24, 12, 35], [33, 5, 14, 25, 36, 26, 42, 28, 31, 18], [5, 10, 2, 10, 1, 0, 46, 49, 45, 10], [10, 47, 35, 6, 30, 41, 46, 11, 46, 12], [0, 41, 26, 42, 19, 21, 8, 2, 7, 2], [45, 49, 34, 1, 31, 38, 23, 41, 25, 4], [47, 38, 39, 31, 45, 1, 46, 6, 19, 26], [45, 0, 25, 21, 8, 22, 44, 1, 22, 42], [9, 3, 49, 0, 8, 26, 22, 33, 47, 33], [21, 1, 18, 42, 49, 0, 4, 12, 9, 47], [36, 10, 40, 26, 2, 3, 41, 19, 2, 39], [45, 16, 33, 39, 49, 28, 4, 15, 2, 7], [4, 43, 4, 49, 0, 25, 22, 17, 24, 48], [32, 49, 27, 5, 15, 1, 32, 0, 5, 29], [29, 30, 15, 13, 5, 32, 14, 21, 36, 10], [1, 25, 48, 7, 27, 16, 47, 8, 11, 32], [15, 5, 2, 48, 0, 17, 26, 12, 3, 37], [41, 48, 16, 45, 7, 34, 4, 0, 0, 39], [9, 22, 48, 6, 15, 27, 16, 22, 23, 35], [38, 10, 26, 7, 41, 8, 38, 21, 38, 42], [19, 10, 13, 40, 34, 6, 14, 39, 0, 1], [8, 16, 15, 11, 42, 18, 21, 14, 36, 4], [48, 38, 34, 16, 21, 29, 7, 24, 31, 11], [20, 0, 35, 42, 34, 31, 37, 39, 4, 32], [34, 7, 8, 26, 7, 21, 1, 9, 47, 48], [6, 3, 13, 45, 24, 41, 45, 2, 4, 43], [14, 18, 27, 1, 2, 12, 24, 40, 41, 12], [39, 31, 23, 3, 30, 44, 44, 18, 15, 20], [40, 28, 35, 11, 23, 40, 5, 19, 45, 25], [34, 24, 33, 42, 7, 2, 40, 30, 34, 35], [34, 45, 34, 41, 0, 0, 21, 33, 0, 35], [44, 45, 4, 2, 40, 0, 36, 13, 35, 2], [0, 8, 7, 7, 37, 39, 41, 28, 15, 12], [47, 4, 3, 42, 38, 4, 13, 41, 49, 9], [19, 3, 48, 0, 45, 45, 40, 36, 10, 41], [37, 14, 21, 1, 37, 0, 12, 25, 31, 5], [6, 36, 6, 41, 35, 1, 33, 37, 0, 36], [43, 40, 19, 37, 26, 45, 31, 5, 24, 44], [13, 43, 33, 40, 17, 24, 48, 31, 17, 4], [18, 21, 41, 32, 30, 12, 25, 17, 19, 34], [12, 37, 4, 24, 29, 12, 49, 23, 21, 23], [25, 29, 0, 39, 14, 0, 6, 26, 41, 45], [21, 49, 45, 14, 48, 39, 42, 1, 26, 42], [8, 45, 2, 9, 0, 24, 26, 12, 31, 33], [13, 29, 0, 21, 18, 2, 17, 31, 16, 4], [8, 42, 15, 22, 24, 48, 0, 44, 21, 22], [38, 20, 45, 26, 46, 7, 4, 22, 43, 21], [36, 45, 2, 10, 1, 1, 11, 38, 12, 45], [22, 1, 20, 37, 11, 34, 19, 15, 36, 0], [13, 29, 21, 33, 11, 48, 26, 49, 38, 24], [26, 36, 41, 31, 34, 32, 3, 45, 49, 21], [34, 1, 17, 17, 0, 13, 24, 43, 0, 23], [41, 17, 8, 9, 27, 44, 11, 14, 20, 33], [16, 47, 3, 7, 16, 46, 32, 34, 20, 34], [38, 2, 25, 38, 17, 0, 23, 13, 46, 1], [28, 22, 27, 6, 47, 34, 14, 41, 35, 47], [11, 28, 38, 14, 17, 17, 47, 40, 29, 3], [3, 10, 16, 12, 0, 0, 20, 46, 3, 35], [34, 11, 36, 43, 7, 19, 22, 19, 27, 7], [37, 21, 6, 24, 13, 0, 26, 14, 33, 3], [0, 0, 27, 22, 42, 27, 20, 45, 48, 24], [43, 0, 30, 7, 47, 0, 28, 29, 46, 12], [45, 1, 49, 43, 19, 43, 12, 48, 23, 41]]
Maintenance cost in each period m: 
[6917, 6777, 6689, 7930, 6113, 4072, 6859, 4724, 4710, 4938]
Maximum capacity of the machine cmax: 
4500