Set of periods in the planning horizon T: 
50
Set of products P: 
120
Capacity reduction coefficient alpha: 
0.8
Relative decrease of capacity per set up gamma: 
0.26
Capacity reduction coefficient due to product types beta: 
[0.21, 0.32, 0.36, 0.37, 0.37, 0.21, 0.24, 0.26, 0.3, 0.33, 0.4, 0.25, 0.25, 0.3, 0.29, 0.38, 0.29, 0.32, 0.22, 0.38, 0.34, 0.23, 0.38, 0.32, 0.24, 0.28, 0.22, 0.26, 0.27, 0.32, 0.28, 0.22, 0.4, 0.25, 0.26, 0.4, 0.29, 0.4, 0.21, 0.34, 0.28, 0.29, 0.27, 0.23, 0.35, 0.36, 0.31, 0.32, 0.21, 0.39, 0.33, 0.24, 0.28, 0.31, 0.29, 0.34, 0.24, 0.26, 0.23, 0.21, 0.22, 0.21, 0.27, 0.29, 0.33, 0.3, 0.27, 0.27, 0.37, 0.34, 0.28, 0.39, 0.25, 0.31, 0.39, 0.3, 0.21, 0.28, 0.3, 0.38, 0.29, 0.35, 0.21, 0.39, 0.31, 0.26, 0.22, 0.38, 0.34, 0.33, 0.34, 0.35, 0.4, 0.31, 0.31, 0.21, 0.3, 0.26, 0.29, 0.35, 0.31, 0.23, 0.27, 0.39, 0.31, 0.39, 0.24, 0.28, 0.4, 0.27, 0.24, 0.23, 0.21, 0.22, 0.3, 0.28, 0.25, 0.27, 0.35, 0.38]
Fixed production cost of each product in each period f: 
[[570, 693, 970, 960, 545, 970, 839, 500, 798, 633, 713, 935, 792, 691, 675, 745, 514, 923, 886, 833, 869, 832, 533, 927, 571, 719, 711, 969, 906, 650, 961, 756, 853, 513, 900, 910, 757, 873, 777, 745, 685, 759, 894, 782, 636, 778, 635, 691, 556, 928], [636, 894, 553, 587, 688, 890, 995, 996, 567, 716, 916, 854, 722, 586, 938, 719, 637, 629, 630, 724, 770, 608, 992, 915, 988, 634, 506, 515, 633, 831, 552, 714, 677, 787, 864, 964, 877, 569, 630, 549, 569, 787, 881, 940, 764, 527, 978, 840, 940, 968], [508, 891, 955, 756, 568, 607, 800, 521, 851, 978, 631, 635, 562, 911, 707, 547, 917, 718, 734, 923, 745, 626, 975, 873, 931, 708, 656, 898, 856, 956, 565, 706, 536, 786, 899, 772, 541, 999, 704, 749, 764, 526, 803, 933, 836, 710, 857, 964, 910, 822], [895, 523, 795, 705, 825, 795, 762, 984, 531, 811, 743, 534, 517, 725, 683, 556, 936, 553, 693, 849, 552, 824, 763, 871, 551, 943, 627, 535, 870, 675, 886, 810, 573, 786, 666, 926, 607, 703, 900, 960, 599, 876, 852, 701, 614, 825, 859, 551, 624, 647], [969, 768, 511, 615, 667, 591, 640, 942, 702, 683, 890, 690, 513, 618, 517, 891, 929, 735, 857, 558, 593, 576, 660, 576, 866, 827, 786, 917, 922, 779, 718, 837, 858, 814, 709, 612, 922, 546, 604, 885, 619, 989, 876, 851, 523, 593, 694, 507, 509, 872], [838, 784, 796, 710, 732, 664, 982, 762, 546, 835, 683, 653, 786, 896, 913, 612, 580, 652, 929, 926, 624, 821, 714, 713, 973, 743, 512, 592, 928, 706, 712, 738, 920, 727, 826, 883, 919, 685, 820, 828, 550, 891, 674, 816, 612, 644, 677, 846, 713, 713], [662, 852, 680, 607, 840, 563, 723, 600, 751, 621, 817, 836, 636, 956, 525, 590, 561, 825, 948, 617, 506, 891, 815, 595, 956, 853, 728, 875, 845, 991, 606, 664, 954, 788, 909, 982, 852, 660, 783, 975, 661, 879, 955, 647, 667, 815, 875, 907, 962, 550], [734, 615, 934, 519, 779, 569, 930, 859, 812, 649, 928, 540, 606, 912, 923, 944, 548, 509, 783, 643, 882, 693, 642, 612, 617, 698, 863, 718, 517, 838, 863, 602, 848, 975, 603, 730, 605, 756, 669, 604, 883, 697, 960, 860, 684, 597, 747, 800, 896, 614], [643, 696, 966, 590, 965, 990, 710, 749, 812, 680, 859, 676, 757, 864, 726, 815, 932, 694, 935, 608, 509, 848, 531, 790, 827, 878, 583, 728, 939, 510, 818, 909, 910, 828, 710, 665, 880, 947, 506, 563, 763, 698, 649, 619, 533, 693, 949, 947, 900, 560], [918, 592, 825, 528, 682, 521, 884, 847, 526, 926, 930, 551, 553, 668, 781, 600, 527, 567, 935, 870, 921, 747, 948, 912, 626, 832, 781, 592, 914, 812, 503, 994, 735, 686, 865, 646, 908, 666, 830, 555, 580, 976, 686, 849, 992, 696, 622, 926, 656, 554], [777, 995, 847, 972, 538, 930, 854, 844, 504, 661, 674, 768, 755, 994, 501, 708, 727, 502, 503, 765, 636, 972, 527, 683, 848, 868, 932, 953, 517, 534, 608, 677, 819, 742, 579, 923, 642, 715, 573, 574, 655, 927, 814, 815, 783, 941, 791, 939, 698, 902], [933, 811, 911, 942, 971, 936, 503, 943, 588, 777, 825, 551, 780, 601, 874, 531, 554, 601, 767, 564, 847, 861, 741, 858, 607, 642, 583, 508, 904, 521, 612, 914, 994, 889, 974, 809, 983, 525, 715, 722, 942, 614, 995, 819, 658, 645, 972, 734, 763, 895], [972, 659, 502, 554, 510, 810, 684, 563, 728, 547, 879, 514, 643, 632, 621, 781, 817, 934, 900, 513, 585, 879, 563, 573, 887, 614, 613, 564, 608, 573, 781, 880, 627, 593, 648, 949, 860, 839, 990, 660, 787, 556, 824, 853, 779, 886, 528, 777, 944, 785], [640, 995, 685, 591, 706, 782, 986, 523, 805, 513, 571, 936, 827, 593, 902, 587, 772, 618, 625, 831, 550, 592, 600, 680, 644, 572, 717, 971, 887, 625, 511, 782, 892, 837, 537, 580, 721, 648, 940, 531, 550, 723, 717, 768, 623, 664, 686, 818, 855, 501], [861, 930, 554, 681, 714, 905, 892, 996, 911, 988, 838, 630, 658, 663, 747, 763, 827, 508, 645, 551, 840, 764, 544, 514, 614, 875, 731, 980, 735, 654, 915, 970, 508, 677, 675, 752, 982, 836, 780, 670, 643, 537, 638, 820, 673, 830, 694, 648, 646, 560], [707, 573, 882, 730, 703, 766, 722, 771, 554, 575, 723, 688, 655, 772, 759, 671, 635, 830, 995, 525, 904, 737, 951, 933, 528, 796, 725, 987, 637, 558, 608, 761, 746, 655, 806, 603, 977, 890, 603, 741, 775, 722, 534, 786, 528, 504, 818, 921, 544, 760], [684, 964, 695, 695, 991, 572, 589, 577, 896, 534, 516, 972, 547, 982, 788, 752, 990, 643, 999, 935, 569, 537, 925, 996, 702, 692, 830, 854, 766, 620, 673, 656, 805, 552, 630, 585, 906, 949, 974, 960, 656, 813, 594, 668, 991, 831, 600, 691, 615, 882], [800, 945, 890, 878, 852, 661, 892, 732, 942, 949, 626, 561, 768, 507, 915, 810, 663, 741, 748, 672, 748, 781, 944, 968, 516, 648, 552, 630, 844, 907, 639, 511, 774, 691, 746, 728, 939, 545, 627, 782, 915, 919, 969, 683, 618, 610, 805, 988, 697, 525], [909, 741, 823, 842, 626, 990, 989, 702, 648, 542, 639, 698, 546, 697, 881, 779, 931, 972, 840, 728, 576, 685, 845, 741, 985, 837, 786, 751, 562, 981, 803, 700, 659, 817, 803, 754, 665, 705, 535, 810, 571, 551, 800, 578, 692, 883, 827, 877, 983, 500], [813, 587, 933, 818, 772, 725, 775, 996, 574, 802, 761, 887, 554, 832, 745, 928, 752, 711, 511, 691, 626, 990, 835, 897, 710, 661, 604, 560, 871, 674, 666, 618, 801, 894, 608, 906, 583, 788, 748, 995, 687, 922, 936, 612, 534, 634, 884, 823, 641, 571], [683, 942, 520, 569, 878, 778, 717, 947, 910, 596, 767, 505, 535, 980, 709, 688, 751, 854, 763, 502, 773, 811, 532, 956, 726, 528, 934, 810, 673, 864, 665, 667, 565, 852, 849, 801, 565, 737, 520, 761, 635, 535, 508, 571, 561, 508, 713, 948, 635, 975], [744, 902, 663, 502, 715, 729, 727, 759, 689, 529, 754, 984, 896, 761, 961, 558, 527, 583, 547, 890, 506, 708, 515, 743, 679, 825, 533, 704, 868, 930, 759, 740, 596, 906, 508, 713, 960, 655, 993, 765, 960, 695, 875, 572, 787, 633, 603, 666, 795, 653], [764, 532, 785, 561, 568, 797, 734, 552, 693, 515, 795, 729, 696, 746, 544, 917, 557, 648, 651, 631, 958, 609, 911, 769, 980, 614, 807, 819, 740, 535, 666, 977, 612, 517, 806, 967, 886, 790, 958, 812, 937, 516, 905, 597, 875, 582, 800, 628, 962, 683], [725, 938, 684, 784, 832, 792, 838, 749, 570, 805, 509, 642, 716, 608, 956, 994, 959, 996, 946, 884, 598, 598, 582, 833, 612, 507, 959, 552, 614, 812, 574, 527, 964, 788, 774, 776, 771, 623, 694, 584, 701, 519, 625, 879, 839, 615, 611, 786, 731, 777], [517, 793, 615, 988, 978, 740, 868, 572, 875, 864, 530, 541, 832, 891, 998, 507, 815, 918, 695, 903, 872, 590, 519, 614, 640, 621, 592, 674, 935, 555, 622, 850, 909, 861, 738, 703, 870, 792, 936, 948, 851, 753, 622, 687, 861, 951, 801, 994, 939, 611], [600, 968, 917, 781, 830, 761, 581, 887, 504, 939, 568, 635, 679, 901, 607, 809, 698, 611, 780, 601, 524, 720, 690, 870, 597, 929, 663, 934, 862, 514, 916, 711, 527, 843, 945, 724, 826, 646, 830, 916, 626, 771, 760, 813, 860, 857, 650, 713, 843, 784], [693, 792, 939, 713, 569, 840, 726, 525, 970, 897, 815, 536, 567, 555, 611, 851, 750, 748, 814, 934, 510, 736, 588, 691, 812, 887, 727, 897, 737, 597, 506, 931, 589, 984, 517, 981, 912, 560, 877, 856, 637, 954, 674, 835, 526, 943, 542, 687, 829, 527], [783, 538, 912, 539, 508, 971, 890, 773, 544, 660, 958, 655, 827, 761, 652, 791, 670, 573, 813, 781, 746, 727, 941, 577, 989, 909, 895, 843, 579, 840, 973, 909, 833, 646, 883, 724, 821, 505, 525, 960, 564, 581, 961, 932, 654, 536, 533, 654, 558, 542], [979, 712, 617, 705, 800, 761, 597, 700, 909, 587, 987, 840, 591, 837, 970, 618, 866, 816, 735, 998, 501, 593, 558, 672, 711, 671, 518, 922, 619, 614, 930, 520, 581, 644, 597, 958, 556, 520, 755, 657, 611, 871, 531, 965, 720, 555, 901, 939, 518, 716], [795, 849, 748, 817, 787, 510, 516, 807, 966, 607, 658, 540, 895, 726, 946, 998, 963, 928, 893, 888, 648, 828, 535, 950, 931, 848, 548, 948, 652, 847, 623, 599, 827, 834, 632, 767, 507, 860, 595, 677, 557, 798, 633, 803, 535, 815, 592, 882, 874, 664], [908, 538, 674, 515, 763, 607, 535, 703, 674, 892, 696, 873, 576, 570, 576, 776, 591, 972, 721, 641, 764, 581, 857, 769, 997, 501, 781, 833, 974, 560, 749, 611, 981, 518, 669, 907, 778, 940, 728, 616, 829, 911, 976, 883, 972, 838, 571, 572, 579, 960], [543, 993, 767, 687, 754, 611, 948, 616, 691, 623, 763, 800, 880, 803, 518, 885, 611, 859, 957, 738, 912, 901, 701, 832, 931, 894, 667, 691, 843, 937, 947, 885, 815, 995, 954, 898, 729, 557, 983, 559, 649, 637, 663, 710, 876, 902, 722, 505, 952, 810], [969, 710, 981, 506, 630, 680, 548, 573, 589, 542, 971, 942, 609, 786, 999, 981, 992, 790, 885, 790, 927, 714, 646, 802, 629, 875, 740, 807, 649, 666, 599, 583, 566, 974, 860, 925, 844, 877, 887, 794, 601, 531, 751, 683, 710, 997, 979, 591, 611, 567], [803, 764, 856, 853, 980, 570, 978, 557, 862, 876, 774, 542, 621, 542, 925, 909, 911, 657, 532, 881, 699, 991, 610, 852, 900, 698, 845, 649, 699, 696, 911, 714, 562, 507, 818, 547, 673, 641, 719, 926, 756, 507, 941, 590, 953, 936, 554, 749, 584, 594], [787, 923, 944, 586, 994, 828, 532, 927, 560, 684, 516, 869, 573, 861, 596, 971, 955, 979, 843, 793, 820, 553, 857, 786, 514, 753, 935, 582, 662, 855, 974, 728, 752, 832, 595, 765, 673, 781, 826, 989, 978, 772, 879, 915, 781, 786, 937, 911, 854, 764], [663, 538, 848, 952, 880, 711, 669, 511, 744, 550, 943, 714, 560, 866, 801, 901, 693, 803, 576, 926, 585, 636, 713, 951, 569, 606, 508, 920, 958, 702, 935, 557, 658, 516, 705, 569, 832, 742, 999, 584, 511, 787, 698, 717, 573, 910, 872, 512, 718, 834], [938, 551, 983, 566, 664, 929, 602, 711, 857, 968, 921, 829, 877, 990, 669, 970, 864, 916, 899, 712, 541, 863, 798, 631, 931, 752, 934, 686, 863, 639, 705, 973, 568, 966, 694, 504, 766, 740, 504, 792, 901, 559, 923, 982, 739, 634, 662, 776, 542, 982], [637, 785, 942, 501, 786, 542, 598, 628, 611, 704, 644, 804, 540, 688, 523, 578, 914, 934, 875, 806, 998, 773, 798, 885, 931, 551, 617, 989, 947, 537, 957, 918, 559, 684, 677, 612, 857, 538, 717, 900, 601, 910, 770, 867, 535, 850, 736, 515, 529, 633], [674, 655, 799, 888, 848, 915, 920, 648, 918, 982, 747, 733, 727, 814, 516, 666, 919, 943, 769, 893, 826, 670, 831, 777, 827, 629, 685, 806, 946, 917, 684, 745, 797, 839, 707, 747, 782, 964, 928, 800, 697, 703, 867, 604, 511, 977, 808, 526, 971, 627], [925, 734, 545, 682, 846, 568, 657, 860, 715, 612, 645, 681, 935, 735, 700, 747, 687, 797, 698, 995, 640, 947, 934, 556, 611, 885, 510, 799, 832, 824, 893, 940, 997, 624, 782, 804, 578, 969, 852, 575, 628, 662, 537, 852, 625, 636, 617, 672, 780, 876], [599, 952, 798, 907, 526, 532, 867, 896, 685, 850, 857, 614, 701, 857, 919, 532, 871, 825, 908, 763, 595, 861, 788, 968, 896, 638, 784, 794, 691, 620, 885, 560, 547, 919, 603, 565, 528, 710, 870, 512, 972, 677, 587, 571, 767, 563, 745, 500, 737, 627], [820, 929, 933, 914, 708, 932, 605, 543, 873, 925, 964, 512, 758, 969, 933, 517, 846, 899, 585, 893, 751, 820, 924, 923, 966, 766, 949, 920, 660, 687, 998, 782, 953, 627, 993, 541, 562, 662, 555, 866, 880, 986, 670, 593, 619, 658, 901, 769, 670, 997], [654, 992, 848, 587, 548, 812, 646, 716, 517, 537, 918, 665, 666, 968, 541, 629, 680, 916, 721, 818, 738, 502, 613, 709, 554, 598, 881, 991, 952, 685, 630, 717, 846, 895, 655, 846, 920, 952, 897, 815, 901, 622, 550, 703, 707, 703, 821, 628, 827, 744], [958, 842, 556, 790, 688, 831, 561, 730, 768, 957, 903, 634, 657, 651, 971, 838, 928, 806, 747, 757, 948, 784, 776, 681, 857, 931, 832, 941, 582, 996, 773, 563, 855, 520, 863, 707, 839, 552, 922, 834, 889, 706, 972, 788, 503, 533, 652, 606, 637, 836], [524, 555, 671, 593, 869, 992, 638, 833, 840, 502, 886, 622, 957, 723, 932, 668, 733, 693, 909, 853, 665, 577, 676, 695, 692, 983, 923, 591, 605, 958, 542, 663, 591, 981, 885, 829, 513, 953, 831, 666, 714, 657, 613, 920, 553, 903, 936, 819, 611, 845], [566, 682, 510, 846, 579, 968, 736, 629, 870, 960, 973, 751, 967, 980, 810, 829, 979, 820, 932, 611, 821, 918, 815, 576, 887, 574, 913, 744, 865, 638, 500, 597, 808, 568, 721, 927, 961, 844, 956, 744, 747, 744, 581, 789, 863, 934, 537, 505, 665, 571], [647, 784, 815, 751, 665, 705, 856, 607, 562, 677, 867, 683, 813, 896, 571, 948, 582, 984, 896, 890, 980, 889, 618, 505, 882, 901, 507, 641, 782, 595, 691, 911, 524, 520, 603, 953, 799, 679, 889, 735, 887, 607, 682, 830, 536, 664, 968, 559, 763, 959], [950, 874, 922, 698, 780, 550, 653, 861, 925, 582, 964, 507, 910, 658, 943, 620, 915, 622, 818, 506, 835, 741, 836, 672, 985, 956, 639, 861, 837, 884, 739, 833, 758, 715, 663, 879, 819, 585, 709, 930, 765, 606, 970, 551, 944, 736, 527, 679, 759, 866], [895, 881, 729, 597, 908, 584, 847, 619, 527, 850, 994, 756, 707, 962, 774, 594, 627, 936, 739, 748, 972, 791, 727, 962, 817, 577, 985, 932, 758, 582, 517, 979, 546, 507, 737, 724, 588, 592, 974, 548, 618, 998, 837, 817, 906, 516, 558, 787, 533, 891], [982, 718, 968, 805, 912, 759, 542, 713, 509, 825, 671, 723, 862, 597, 712, 904, 853, 605, 869, 900, 678, 735, 594, 856, 830, 630, 631, 649, 694, 741, 550, 794, 544, 887, 780, 906, 973, 564, 776, 966, 926, 502, 925, 778, 833, 656, 978, 891, 592, 992], [689, 802, 588, 744, 648, 785, 861, 919, 995, 837, 758, 597, 749, 922, 706, 818, 634, 769, 544, 907, 703, 707, 778, 933, 695, 717, 539, 637, 859, 958, 635, 711, 830, 856, 769, 817, 549, 782, 830, 784, 717, 709, 928, 537, 773, 654, 600, 633, 920, 977], [931, 938, 697, 740, 825, 533, 774, 788, 776, 929, 887, 554, 811, 910, 573, 962, 945, 631, 789, 865, 767, 896, 811, 816, 946, 542, 585, 675, 751, 877, 775, 729, 502, 523, 528, 882, 914, 504, 792, 937, 539, 769, 972, 745, 594, 817, 813, 509, 759, 857], [935, 568, 888, 795, 780, 800, 643, 761, 700, 933, 620, 887, 679, 624, 956, 985, 619, 624, 638, 952, 741, 509, 587, 934, 731, 737, 673, 572, 726, 978, 952, 978, 770, 628, 781, 981, 538, 936, 642, 948, 513, 592, 894, 882, 935, 538, 956, 725, 717, 514], [666, 921, 962, 980, 664, 754, 875, 611, 706, 604, 580, 735, 952, 947, 611, 603, 977, 784, 551, 970, 738, 679, 685, 617, 791, 662, 736, 875, 766, 513, 751, 961, 982, 755, 875, 602, 615, 957, 816, 801, 514, 714, 562, 564, 759, 666, 697, 698, 662, 916], [583, 941, 629, 559, 909, 567, 980, 838, 667, 596, 577, 909, 862, 836, 627, 690, 954, 827, 545, 906, 768, 532, 853, 567, 584, 984, 512, 922, 801, 507, 837, 505, 626, 810, 662, 856, 930, 891, 696, 899, 854, 787, 726, 993, 545, 592, 595, 681, 980, 919], [899, 771, 604, 575, 813, 696, 758, 780, 509, 782, 790, 818, 783, 921, 874, 951, 911, 995, 921, 591, 516, 921, 847, 949, 660, 673, 594, 719, 935, 599, 880, 782, 626, 997, 934, 935, 621, 739, 573, 814, 691, 776, 990, 563, 910, 573, 569, 811, 580, 872], [502, 838, 595, 643, 720, 544, 999, 908, 629, 754, 921, 971, 613, 636, 991, 833, 851, 747, 852, 594, 940, 663, 501, 884, 861, 831, 701, 806, 621, 943, 591, 546, 959, 914, 904, 662, 900, 848, 640, 709, 814, 663, 978, 913, 793, 829, 648, 701, 599, 544], [902, 658, 814, 742, 681, 940, 699, 970, 708, 522, 566, 721, 689, 596, 632, 801, 689, 635, 628, 909, 548, 932, 621, 773, 829, 630, 680, 508, 937, 635, 715, 541, 594, 753, 681, 824, 838, 762, 985, 677, 577, 542, 856, 852, 706, 614, 651, 766, 624, 656], [625, 638, 901, 930, 503, 530, 778, 776, 837, 779, 601, 768, 651, 760, 661, 555, 880, 798, 982, 647, 894, 917, 626, 642, 830, 648, 854, 750, 931, 761, 998, 860, 541, 675, 696, 591, 634, 787, 989, 924, 635, 696, 943, 577, 701, 608, 540, 683, 532, 999], [925, 809, 737, 936, 585, 881, 712, 852, 594, 584, 959, 537, 977, 979, 898, 999, 884, 554, 899, 604, 681, 946, 981, 594, 854, 939, 565, 641, 552, 795, 830, 710, 687, 811, 524, 584, 717, 763, 735, 834, 993, 965, 750, 643, 807, 695, 871, 517, 977, 582], [909, 693, 679, 868, 999, 577, 931, 872, 776, 601, 732, 934, 840, 902, 879, 898, 694, 610, 844, 694, 697, 963, 888, 907, 823, 865, 904, 721, 500, 813, 561, 817, 964, 618, 721, 789, 963, 502, 615, 710, 845, 940, 919, 787, 927, 947, 511, 535, 645, 738], [978, 871, 530, 707, 667, 894, 641, 932, 768, 546, 662, 979, 784, 687, 552, 769, 808, 965, 863, 805, 907, 746, 575, 806, 793, 506, 886, 670, 559, 805, 745, 990, 941, 569, 764, 840, 548, 982, 974, 610, 502, 970, 654, 623, 701, 690, 711, 621, 700, 624], [527, 860, 667, 900, 750, 751, 834, 866, 524, 587, 620, 936, 614, 812, 651, 564, 631, 964, 583, 953, 775, 727, 620, 578, 686, 619, 873, 977, 531, 932, 866, 943, 533, 659, 895, 781, 980, 534, 862, 886, 811, 980, 823, 934, 502, 837, 942, 868, 744, 526], [816, 941, 516, 577, 751, 675, 535, 909, 816, 605, 719, 993, 544, 676, 740, 908, 697, 839, 572, 721, 747, 957, 941, 663, 960, 921, 535, 701, 789, 554, 719, 537, 701, 973, 657, 505, 575, 508, 921, 791, 534, 739, 575, 852, 752, 847, 880, 510, 832, 991], [860, 792, 544, 726, 597, 817, 983, 562, 535, 637, 964, 607, 603, 947, 508, 938, 888, 618, 917, 616, 986, 552, 633, 946, 775, 565, 802, 936, 784, 666, 747, 956, 663, 970, 754, 614, 695, 979, 731, 586, 981, 628, 802, 891, 954, 965, 598, 698, 840, 776], [676, 867, 541, 677, 911, 517, 992, 600, 925, 508, 796, 879, 774, 658, 986, 642, 885, 711, 997, 891, 614, 658, 716, 514, 853, 501, 772, 603, 841, 556, 770, 763, 657, 971, 659, 602, 797, 847, 899, 512, 661, 967, 697, 991, 592, 665, 699, 926, 802, 739], [783, 552, 906, 754, 777, 982, 850, 778, 578, 509, 508, 788, 806, 582, 936, 707, 847, 655, 662, 657, 608, 740, 946, 927, 779, 957, 511, 728, 867, 655, 979, 987, 512, 888, 705, 920, 980, 547, 836, 688, 568, 569, 778, 701, 503, 648, 514, 591, 639, 869], [688, 851, 565, 511, 721, 748, 693, 669, 613, 729, 944, 870, 608, 639, 751, 760, 503, 797, 920, 642, 711, 683, 730, 861, 787, 637, 603, 651, 863, 833, 944, 808, 564, 667, 951, 770, 684, 861, 930, 646, 893, 610, 500, 644, 695, 953, 563, 919, 857, 566], [905, 690, 620, 516, 894, 623, 851, 835, 606, 699, 817, 710, 632, 616, 920, 911, 671, 545, 687, 723, 774, 918, 810, 819, 615, 663, 702, 948, 656, 873, 787, 624, 638, 709, 880, 663, 729, 671, 953, 538, 769, 673, 734, 643, 628, 904, 770, 630, 664, 641], [507, 833, 890, 518, 962, 684, 759, 769, 985, 547, 846, 831, 534, 508, 857, 815, 971, 754, 864, 774, 979, 512, 812, 676, 538, 601, 743, 947, 934, 836, 513, 816, 601, 897, 593, 714, 618, 732, 878, 946, 711, 684, 768, 948, 745, 837, 774, 595, 768, 758], [558, 965, 796, 838, 895, 934, 527, 751, 765, 770, 615, 595, 640, 720, 810, 839, 835, 582, 948, 547, 813, 926, 646, 664, 616, 884, 788, 829, 627, 922, 833, 765, 808, 944, 924, 562, 707, 548, 543, 678, 827, 682, 714, 708, 878, 698, 877, 593, 615, 684], [537, 814, 982, 790, 746, 896, 894, 710, 563, 655, 616, 608, 973, 924, 821, 550, 875, 695, 993, 875, 588, 623, 929, 595, 856, 897, 668, 654, 750, 760, 669, 687, 589, 565, 688, 701, 593, 734, 609, 956, 626, 989, 949, 692, 862, 808, 608, 805, 692, 740], [608, 645, 919, 541, 689, 925, 650, 968, 882, 731, 743, 776, 832, 987, 681, 925, 821, 635, 904, 519, 953, 862, 935, 867, 617, 657, 852, 962, 595, 665, 951, 982, 967, 581, 513, 526, 866, 732, 588, 653, 535, 636, 753, 967, 645, 752, 749, 952, 812, 806], [606, 969, 547, 826, 989, 782, 716, 514, 882, 847, 565, 508, 500, 570, 600, 549, 554, 813, 930, 981, 909, 954, 728, 984, 910, 793, 880, 768, 588, 800, 928, 969, 696, 883, 603, 715, 771, 626, 841, 633, 773, 575, 671, 830, 788, 982, 937, 763, 550, 545], [801, 678, 725, 759, 673, 781, 899, 757, 862, 825, 624, 566, 856, 610, 552, 539, 854, 871, 848, 927, 764, 635, 980, 826, 677, 574, 751, 728, 951, 849, 553, 654, 654, 726, 964, 866, 562, 940, 783, 927, 903, 771, 808, 907, 970, 527, 576, 809, 866, 659], [632, 868, 613, 871, 518, 504, 895, 711, 685, 697, 778, 549, 770, 969, 739, 950, 865, 757, 884, 609, 832, 851, 670, 723, 609, 748, 611, 853, 798, 966, 971, 725, 668, 746, 803, 953, 796, 822, 503, 521, 548, 729, 744, 590, 740, 610, 534, 931, 940, 811], [978, 571, 612, 941, 988, 743, 820, 845, 979, 902, 577, 919, 867, 651, 734, 562, 647, 617, 607, 913, 839, 683, 528, 732, 882, 603, 558, 863, 980, 593, 874, 532, 943, 624, 620, 719, 653, 742, 730, 550, 823, 883, 812, 968, 676, 593, 759, 792, 987, 833], [531, 770, 818, 897, 963, 730, 587, 594, 653, 724, 873, 532, 841, 998, 656, 599, 514, 595, 579, 591, 669, 728, 719, 875, 618, 956, 771, 987, 643, 502, 556, 989, 747, 600, 797, 547, 518, 588, 928, 549, 984, 596, 707, 516, 873, 511, 937, 872, 928, 526], [651, 793, 507, 869, 986, 879, 865, 770, 631, 871, 816, 877, 673, 827, 508, 763, 622, 856, 606, 545, 612, 776, 587, 830, 547, 641, 601, 911, 583, 781, 717, 564, 846, 971, 901, 915, 585, 517, 868, 815, 860, 835, 684, 871, 643, 853, 776, 888, 860, 631], [675, 735, 509, 535, 935, 574, 637, 679, 845, 777, 777, 594, 707, 865, 787, 769, 524, 564, 627, 682, 754, 719, 732, 551, 977, 793, 555, 931, 674, 776, 657, 756, 557, 691, 555, 760, 948, 979, 842, 909, 873, 876, 948, 895, 841, 630, 651, 891, 533, 624], [616, 813, 750, 793, 997, 978, 936, 540, 973, 518, 815, 877, 706, 922, 548, 779, 614, 637, 889, 643, 882, 698, 672, 638, 555, 564, 605, 722, 793, 716, 767, 520, 520, 628, 731, 737, 968, 588, 735, 514, 948, 832, 655, 624, 758, 551, 643, 953, 642, 777], [964, 509, 829, 975, 724, 839, 793, 994, 573, 700, 849, 667, 587, 593, 503, 509, 687, 862, 971, 975, 580, 828, 633, 571, 893, 889, 610, 546, 990, 906, 793, 691, 551, 690, 844, 565, 540, 587, 542, 857, 570, 765, 750, 616, 652, 907, 661, 917, 855, 707], [682, 779, 586, 580, 812, 778, 748, 642, 708, 707, 769, 699, 843, 787, 853, 675, 670, 524, 834, 910, 999, 986, 643, 757, 869, 757, 532, 787, 643, 917, 689, 819, 523, 830, 844, 664, 860, 687, 980, 954, 634, 915, 983, 919, 795, 850, 784, 791, 941, 662], [729, 669, 831, 756, 772, 565, 824, 519, 967, 693, 579, 870, 746, 851, 960, 781, 530, 582, 729, 883, 673, 851, 909, 857, 537, 961, 730, 884, 754, 533, 550, 761, 752, 970, 792, 506, 947, 539, 533, 945, 696, 622, 962, 573, 508, 902, 655, 727, 502, 680], [528, 717, 639, 621, 637, 914, 582, 817, 670, 746, 603, 571, 919, 828, 897, 501, 716, 717, 989, 647, 613, 862, 606, 657, 660, 964, 727, 639, 669, 870, 933, 984, 503, 537, 806, 921, 580, 940, 813, 646, 940, 818, 690, 981, 869, 998, 549, 996, 862, 818], [665, 922, 862, 503, 578, 534, 867, 983, 855, 999, 516, 789, 518, 748, 598, 609, 649, 528, 538, 558, 954, 727, 582, 816, 769, 630, 767, 884, 823, 952, 997, 856, 517, 868, 906, 852, 514, 813, 900, 724, 983, 534, 551, 727, 816, 858, 937, 915, 747, 789], [869, 740, 968, 525, 903, 731, 688, 732, 925, 763, 970, 866, 864, 504, 709, 916, 677, 931, 822, 500, 733, 935, 575, 590, 793, 710, 836, 710, 879, 656, 598, 661, 713, 879, 722, 687, 548, 764, 820, 633, 772, 868, 780, 643, 702, 753, 722, 525, 901, 884], [670, 986, 907, 716, 855, 601, 871, 514, 788, 831, 955, 839, 834, 733, 740, 710, 675, 880, 564, 904, 530, 697, 743, 889, 757, 776, 711, 531, 868, 578, 503, 574, 924, 699, 658, 780, 710, 571, 978, 811, 599, 576, 747, 609, 923, 998, 745, 862, 948, 773], [803, 572, 923, 545, 538, 592, 654, 955, 501, 867, 840, 704, 590, 928, 689, 589, 521, 508, 684, 968, 612, 910, 505, 912, 697, 647, 659, 825, 568, 660, 715, 691, 532, 590, 609, 944, 655, 896, 507, 942, 614, 615, 666, 737, 879, 522, 544, 800, 638, 874], [635, 756, 951, 883, 898, 933, 759, 623, 565, 799, 885, 847, 823, 849, 887, 853, 740, 533, 562, 604, 526, 842, 864, 653, 897, 728, 825, 896, 967, 988, 810, 832, 812, 658, 875, 756, 878, 668, 839, 987, 550, 992, 519, 993, 777, 775, 756, 768, 611, 749], [848, 935, 751, 550, 965, 663, 625, 699, 624, 721, 969, 861, 980, 905, 810, 976, 976, 908, 751, 906, 606, 590, 731, 773, 757, 572, 958, 659, 766, 669, 580, 716, 977, 958, 894, 588, 991, 683, 665, 903, 767, 927, 888, 665, 875, 693, 576, 607, 673, 739], [682, 903, 597, 853, 791, 770, 787, 720, 544, 995, 942, 775, 506, 571, 933, 731, 981, 664, 901, 829, 695, 507, 963, 885, 906, 733, 947, 514, 818, 838, 744, 954, 929, 867, 667, 543, 975, 616, 711, 542, 922, 871, 554, 562, 825, 790, 684, 678, 720, 909], [541, 742, 886, 613, 767, 872, 729, 878, 552, 703, 661, 515, 885, 904, 673, 607, 569, 628, 618, 767, 957, 929, 611, 740, 606, 658, 623, 874, 654, 703, 519, 933, 947, 777, 661, 589, 669, 745, 839, 824, 901, 760, 693, 857, 810, 869, 641, 705, 653, 652], [791, 745, 683, 855, 760, 704, 977, 564, 638, 806, 953, 692, 527, 676, 599, 915, 925, 726, 967, 979, 682, 633, 641, 505, 822, 817, 985, 603, 642, 783, 611, 976, 745, 909, 880, 552, 753, 759, 530, 711, 504, 782, 785, 926, 625, 808, 700, 640, 929, 554], [703, 803, 838, 721, 927, 722, 831, 991, 846, 675, 988, 855, 895, 523, 789, 939, 884, 771, 914, 926, 642, 937, 664, 855, 682, 972, 647, 525, 807, 858, 597, 959, 652, 753, 955, 812, 592, 947, 590, 814, 681, 975, 614, 846, 545, 867, 979, 568, 708, 957], [794, 592, 910, 532, 711, 736, 944, 936, 590, 633, 979, 524, 682, 655, 869, 546, 817, 575, 751, 800, 730, 811, 607, 536, 660, 926, 661, 700, 572, 538, 501, 942, 580, 916, 628, 597, 578, 919, 926, 843, 877, 575, 760, 638, 645, 665, 787, 686, 792, 665], [592, 735, 579, 921, 925, 802, 781, 999, 763, 602, 949, 940, 686, 768, 909, 886, 967, 707, 831, 692, 808, 541, 983, 860, 573, 841, 635, 577, 960, 558, 705, 943, 662, 678, 774, 574, 729, 773, 525, 753, 663, 878, 695, 590, 757, 533, 632, 917, 769, 581], [665, 916, 643, 925, 824, 972, 712, 907, 599, 670, 585, 853, 909, 659, 841, 722, 990, 959, 787, 728, 812, 534, 559, 740, 662, 961, 604, 961, 992, 976, 861, 711, 911, 640, 679, 836, 956, 620, 580, 584, 676, 607, 514, 907, 834, 830, 735, 563, 908, 552], [694, 798, 755, 546, 925, 622, 853, 959, 692, 999, 718, 807, 995, 878, 993, 596, 519, 732, 876, 677, 613, 524, 633, 580, 578, 998, 556, 649, 977, 656, 818, 940, 687, 902, 739, 858, 554, 668, 622, 728, 637, 999, 704, 675, 877, 635, 972, 784, 677, 814], [949, 600, 632, 702, 736, 674, 745, 707, 775, 843, 865, 952, 776, 812, 693, 741, 874, 637, 758, 566, 995, 977, 517, 605, 754, 877, 916, 879, 609, 748, 986, 954, 613, 543, 678, 966, 767, 855, 828, 840, 844, 510, 573, 838, 901, 615, 889, 765, 766, 947], [880, 697, 806, 928, 692, 816, 867, 997, 574, 827, 876, 990, 761, 939, 966, 522, 839, 815, 525, 913, 549, 549, 597, 681, 548, 635, 789, 765, 602, 574, 519, 535, 516, 914, 525, 876, 525, 720, 817, 502, 557, 797, 615, 653, 565, 649, 903, 816, 808, 509], [979, 641, 906, 808, 822, 909, 674, 522, 621, 565, 644, 540, 667, 693, 959, 682, 998, 516, 637, 869, 848, 756, 687, 761, 504, 758, 905, 655, 762, 928, 943, 834, 562, 798, 719, 502, 525, 605, 614, 635, 792, 943, 626, 943, 993, 927, 823, 567, 516, 519], [959, 534, 794, 824, 827, 916, 962, 612, 847, 821, 785, 871, 754, 524, 920, 643, 557, 810, 899, 796, 784, 599, 725, 977, 524, 518, 556, 947, 579, 708, 534, 986, 754, 504, 881, 930, 575, 655, 562, 594, 892, 807, 953, 630, 774, 806, 546, 653, 682, 806], [690, 857, 857, 559, 700, 661, 935, 678, 927, 527, 898, 673, 571, 791, 896, 641, 839, 867, 744, 855, 547, 664, 628, 908, 847, 737, 847, 850, 695, 702, 780, 723, 649, 685, 944, 847, 668, 735, 703, 722, 742, 852, 763, 681, 699, 558, 922, 580, 508, 934], [855, 704, 600, 915, 995, 750, 643, 759, 773, 518, 985, 851, 651, 735, 673, 705, 529, 712, 919, 540, 664, 536, 985, 786, 812, 706, 982, 623, 901, 706, 767, 606, 647, 604, 800, 683, 927, 842, 559, 890, 828, 630, 683, 825, 731, 709, 675, 787, 625, 964], [966, 867, 525, 874, 835, 884, 910, 591, 765, 814, 724, 763, 545, 998, 514, 668, 950, 571, 781, 530, 545, 984, 860, 988, 927, 570, 636, 889, 940, 755, 591, 788, 956, 908, 688, 664, 790, 768, 720, 789, 549, 662, 503, 870, 560, 577, 956, 814, 872, 619], [613, 713, 684, 528, 690, 640, 721, 875, 896, 675, 739, 811, 671, 679, 732, 612, 517, 810, 814, 767, 958, 681, 874, 878, 659, 842, 938, 515, 866, 676, 736, 783, 882, 980, 853, 677, 956, 795, 806, 870, 710, 927, 772, 540, 589, 723, 578, 778, 553, 817], [972, 577, 964, 955, 998, 522, 923, 918, 511, 663, 848, 740, 646, 508, 735, 740, 815, 824, 870, 856, 872, 836, 635, 837, 846, 775, 865, 889, 902, 639, 622, 979, 848, 852, 736, 500, 559, 563, 876, 936, 778, 532, 566, 714, 986, 800, 995, 953, 751, 527], [811, 759, 615, 655, 735, 604, 893, 789, 860, 608, 905, 639, 512, 745, 791, 557, 955, 892, 637, 895, 676, 991, 642, 887, 757, 741, 867, 550, 509, 940, 607, 606, 847, 860, 524, 805, 749, 515, 691, 938, 632, 914, 670, 926, 664, 980, 733, 833, 883, 682], [563, 964, 974, 845, 824, 656, 515, 556, 972, 683, 517, 941, 742, 551, 955, 673, 674, 990, 528, 875, 681, 590, 878, 858, 930, 741, 567, 972, 546, 626, 769, 893, 757, 928, 903, 603, 776, 887, 792, 685, 802, 686, 841, 944, 957, 594, 854, 858, 715, 728], [853, 952, 888, 606, 818, 846, 674, 705, 992, 895, 514, 737, 788, 969, 875, 827, 648, 963, 701, 936, 514, 670, 946, 589, 507, 580, 918, 764, 737, 762, 996, 731, 822, 641, 699, 870, 851, 638, 929, 730, 643, 846, 721, 763, 638, 593, 836, 993, 814, 535], [952, 920, 520, 682, 706, 939, 629, 591, 630, 766, 882, 774, 733, 802, 514, 951, 773, 896, 511, 919, 506, 529, 797, 519, 664, 762, 585, 781, 614, 952, 573, 803, 972, 838, 973, 613, 592, 643, 825, 832, 700, 515, 733, 840, 644, 633, 873, 576, 893, 895], [629, 695, 975, 867, 593, 603, 578, 984, 685, 781, 799, 878, 765, 812, 815, 792, 698, 958, 721, 788, 784, 976, 942, 914, 688, 884, 626, 736, 625, 517, 733, 936, 662, 503, 889, 562, 729, 616, 542, 632, 878, 530, 990, 851, 777, 894, 988, 500, 754, 866], [572, 937, 826, 679, 582, 527, 820, 915, 966, 985, 895, 906, 940, 600, 646, 584, 549, 840, 807, 978, 951, 530, 727, 709, 644, 860, 587, 522, 681, 515, 843, 549, 745, 665, 568, 796, 905, 795, 696, 740, 946, 534, 529, 680, 766, 685, 542, 749, 803, 837], [500, 987, 913, 519, 830, 721, 891, 966, 517, 689, 990, 677, 579, 774, 954, 946, 735, 757, 982, 745, 926, 815, 664, 695, 992, 790, 554, 798, 750, 725, 941, 583, 860, 545, 963, 714, 924, 745, 808, 712, 816, 745, 722, 563, 683, 849, 746, 560, 911, 703], [525, 810, 511, 527, 807, 769, 724, 751, 500, 589, 976, 623, 715, 951, 998, 977, 933, 673, 806, 666, 841, 747, 921, 852, 629, 629, 649, 819, 990, 557, 960, 927, 680, 647, 542, 506, 977, 526, 509, 675, 852, 681, 860, 981, 756, 827, 532, 810, 641, 913], [666, 940, 888, 893, 748, 691, 736, 531, 938, 711, 730, 788, 667, 523, 679, 518, 832, 624, 800, 586, 659, 535, 848, 880, 692, 948, 920, 939, 592, 968, 685, 965, 837, 536, 770, 987, 646, 812, 645, 872, 603, 739, 881, 918, 804, 800, 514, 909, 599, 802], [815, 792, 890, 973, 635, 817, 504, 855, 710, 777, 819, 731, 711, 642, 653, 929, 645, 730, 930, 631, 862, 813, 574, 852, 598, 504, 572, 720, 757, 573, 595, 609, 917, 906, 946, 805, 813, 784, 702, 880, 891, 723, 624, 930, 837, 653, 979, 894, 794, 773], [590, 981, 796, 958, 553, 768, 897, 557, 709, 921, 585, 826, 961, 831, 551, 653, 962, 664, 783, 523, 926, 947, 762, 703, 571, 858, 778, 670, 995, 963, 595, 741, 957, 848, 693, 980, 918, 766, 833, 594, 899, 909, 985, 536, 836, 673, 987, 777, 945, 544], [841, 999, 795, 539, 737, 718, 701, 677, 919, 724, 881, 642, 881, 512, 689, 918, 587, 663, 823, 936, 886, 973, 568, 856, 839, 693, 988, 636, 711, 865, 717, 694, 770, 504, 963, 672, 690, 816, 819, 886, 591, 882, 696, 609, 826, 570, 720, 791, 949, 638]]
Variable production cost per unit of each product in each period p: 
[[12, 11, 11, 13, 10, 13, 12, 12, 10, 11, 10, 13, 12, 12, 12, 13, 11, 13, 11, 11, 10, 12, 10, 12, 13, 12, 10, 12, 12, 11, 12, 11, 13, 10, 12, 12, 12, 10, 12, 10, 12, 12, 12, 10, 10, 12, 12, 12, 10, 12], [13, 13, 12, 10, 13, 10, 11, 10, 12, 11, 11, 10, 12, 12, 10, 13, 11, 10, 12, 11, 13, 13, 10, 10, 12, 13, 11, 11, 10, 10, 13, 12, 11, 13, 10, 10, 13, 11, 10, 11, 11, 13, 13, 13, 10, 10, 12, 11, 12, 10], [10, 13, 12, 13, 10, 13, 13, 12, 12, 10, 11, 13, 12, 13, 12, 11, 12, 10, 13, 10, 10, 13, 10, 13, 12, 12, 12, 13, 10, 13, 11, 13, 11, 13, 10, 10, 12, 12, 10, 13, 13, 11, 13, 12, 12, 12, 11, 13, 12, 12], [11, 11, 11, 12, 11, 12, 11, 12, 12, 11, 13, 12, 13, 12, 10, 10, 10, 11, 13, 11, 12, 12, 12, 13, 12, 12, 12, 11, 11, 12, 10, 10, 12, 11, 13, 13, 11, 11, 10, 10, 10, 11, 12, 13, 10, 11, 13, 11, 12, 11], [11, 13, 12, 12, 12, 10, 13, 11, 10, 11, 11, 12, 12, 10, 10, 13, 12, 12, 10, 13, 13, 13, 13, 12, 10, 12, 11, 10, 10, 10, 10, 10, 10, 12, 10, 12, 11, 13, 12, 11, 12, 11, 10, 12, 10, 11, 12, 12, 12, 10], [11, 10, 11, 11, 10, 11, 11, 13, 11, 12, 13, 12, 10, 10, 10, 11, 13, 13, 12, 12, 11, 10, 11, 12, 12, 12, 13, 11, 10, 11, 13, 10, 11, 11, 11, 11, 12, 11, 10, 12, 12, 12, 13, 13, 11, 12, 13, 10, 10, 13], [13, 12, 10, 11, 11, 12, 10, 12, 11, 11, 11, 11, 10, 12, 11, 12, 10, 10, 12, 12, 10, 13, 10, 12, 10, 11, 10, 12, 13, 12, 11, 10, 11, 13, 11, 12, 12, 12, 10, 10, 11, 12, 12, 12, 11, 10, 13, 11, 13, 10], [13, 10, 10, 12, 10, 13, 11, 10, 11, 10, 12, 13, 13, 13, 12, 10, 11, 10, 12, 13, 11, 12, 10, 12, 10, 12, 11, 12, 10, 10, 12, 12, 13, 12, 13, 10, 13, 10, 12, 10, 11, 12, 12, 12, 13, 13, 13, 11, 12, 10], [12, 10, 12, 13, 11, 10, 10, 13, 12, 12, 13, 10, 10, 13, 11, 11, 13, 11, 13, 12, 13, 10, 10, 12, 11, 10, 10, 10, 11, 13, 11, 10, 13, 10, 12, 10, 13, 10, 12, 13, 10, 13, 10, 11, 12, 12, 10, 12, 12, 12], [12, 10, 13, 10, 11, 13, 11, 10, 12, 12, 13, 11, 10, 13, 12, 10, 11, 13, 12, 10, 13, 13, 13, 11, 13, 13, 10, 13, 13, 13, 12, 10, 12, 11, 12, 13, 12, 10, 11, 10, 13, 10, 10, 13, 13, 11, 10, 13, 12, 11], [12, 10, 12, 10, 12, 10, 12, 13, 11, 10, 13, 11, 13, 10, 10, 12, 12, 13, 12, 12, 10, 11, 13, 12, 13, 11, 10, 10, 13, 12, 12, 11, 12, 11, 12, 12, 12, 10, 12, 11, 13, 10, 10, 12, 12, 10, 13, 11, 11, 11], [11, 12, 10, 11, 11, 11, 11, 13, 13, 12, 13, 13, 13, 10, 10, 10, 12, 10, 12, 10, 13, 12, 13, 11, 11, 10, 11, 12, 10, 13, 11, 10, 11, 13, 10, 13, 11, 13, 11, 12, 10, 11, 11, 11, 10, 13, 12, 12, 12, 11], [13, 12, 10, 13, 10, 12, 11, 11, 11, 12, 13, 12, 11, 13, 10, 12, 12, 11, 13, 11, 11, 10, 12, 13, 13, 13, 10, 13, 12, 10, 13, 10, 12, 12, 12, 13, 12, 12, 12, 10, 12, 10, 10, 11, 12, 11, 12, 11, 12, 13], [12, 10, 11, 13, 10, 13, 12, 10, 13, 13, 12, 11, 10, 13, 10, 11, 12, 12, 12, 11, 12, 10, 11, 12, 12, 11, 10, 12, 12, 13, 10, 10, 10, 11, 11, 10, 12, 12, 12, 13, 10, 12, 13, 13, 11, 13, 13, 12, 12, 13], [11, 10, 10, 11, 10, 12, 12, 13, 10, 11, 12, 11, 11, 11, 13, 12, 13, 10, 12, 12, 10, 13, 12, 13, 10, 10, 10, 10, 11, 13, 12, 11, 11, 12, 10, 11, 13, 11, 10, 13, 13, 10, 13, 11, 12, 13, 12, 12, 10, 12], [12, 11, 13, 12, 12, 10, 12, 11, 10, 13, 13, 11, 11, 10, 12, 13, 11, 12, 10, 11, 13, 11, 12, 13, 10, 10, 11, 10, 10, 13, 12, 13, 11, 12, 11, 11, 10, 11, 10, 13, 10, 12, 13, 13, 10, 11, 10, 13, 11, 11], [13, 13, 10, 13, 13, 11, 10, 11, 12, 10, 12, 10, 13, 12, 12, 12, 10, 11, 11, 11, 10, 12, 10, 11, 11, 10, 12, 12, 11, 11, 11, 12, 12, 13, 11, 13, 10, 13, 11, 12, 11, 12, 13, 12, 10, 12, 10, 10, 13, 13], [12, 11, 11, 13, 13, 11, 11, 10, 13, 11, 10, 12, 12, 13, 10, 10, 13, 10, 12, 11, 11, 12, 13, 13, 12, 13, 11, 12, 11, 12, 13, 11, 11, 13, 11, 12, 10, 11, 10, 10, 11, 10, 13, 12, 11, 12, 13, 12, 11, 10], [12, 13, 13, 13, 13, 13, 13, 11, 10, 10, 10, 12, 11, 10, 11, 13, 12, 11, 13, 12, 11, 13, 12, 12, 10, 11, 11, 11, 12, 10, 11, 13, 11, 11, 13, 12, 12, 11, 13, 10, 12, 12, 11, 11, 11, 12, 13, 11, 12, 12], [12, 10, 12, 10, 11, 10, 11, 13, 11, 11, 11, 10, 13, 10, 13, 11, 12, 10, 10, 13, 10, 13, 13, 11, 12, 10, 10, 11, 10, 12, 12, 10, 12, 11, 10, 12, 12, 12, 10, 13, 13, 11, 10, 12, 11, 11, 11, 12, 11, 13], [11, 12, 12, 13, 13, 11, 10, 11, 11, 11, 13, 12, 11, 12, 12, 12, 13, 13, 10, 11, 12, 12, 11, 12, 13, 13, 13, 11, 11, 13, 13, 11, 13, 12, 10, 10, 10, 11, 13, 11, 11, 12, 11, 13, 11, 12, 11, 13, 10, 13], [12, 10, 11, 11, 11, 13, 13, 12, 10, 10, 12, 11, 11, 10, 13, 10, 12, 11, 12, 10, 10, 10, 12, 13, 13, 12, 11, 12, 10, 13, 11, 10, 13, 12, 13, 12, 11, 12, 10, 13, 11, 13, 13, 11, 11, 11, 13, 13, 12, 12], [12, 13, 10, 11, 11, 12, 12, 12, 13, 12, 10, 10, 13, 12, 13, 10, 11, 11, 12, 11, 13, 10, 12, 10, 13, 10, 10, 13, 11, 13, 13, 13, 11, 13, 10, 13, 13, 12, 13, 10, 10, 13, 10, 13, 12, 10, 11, 13, 11, 10], [11, 10, 10, 11, 10, 10, 12, 10, 10, 11, 11, 13, 10, 12, 13, 13, 13, 11, 13, 11, 12, 12, 13, 13, 13, 11, 13, 13, 12, 12, 13, 12, 12, 10, 11, 13, 11, 11, 10, 12, 11, 11, 13, 13, 11, 12, 11, 12, 12, 12], [11, 11, 12, 13, 11, 12, 12, 12, 13, 12, 13, 10, 10, 13, 12, 13, 13, 13, 12, 10, 13, 11, 12, 12, 11, 13, 12, 10, 12, 10, 10, 13, 12, 10, 12, 10, 10, 10, 13, 11, 11, 10, 12, 13, 10, 10, 11, 12, 13, 13], [11, 11, 10, 11, 12, 13, 13, 10, 11, 10, 11, 12, 12, 12, 12, 11, 12, 10, 12, 10, 10, 12, 11, 12, 10, 11, 12, 13, 10, 11, 13, 11, 13, 13, 12, 11, 12, 13, 11, 13, 13, 12, 12, 12, 13, 12, 12, 10, 12, 10], [13, 12, 10, 11, 13, 13, 13, 12, 11, 13, 11, 12, 11, 13, 12, 11, 13, 12, 12, 12, 12, 10, 12, 13, 12, 11, 13, 12, 12, 13, 11, 11, 10, 13, 10, 12, 10, 11, 13, 11, 10, 13, 12, 10, 11, 11, 11, 12, 13, 11], [11, 12, 13, 13, 13, 11, 13, 13, 12, 12, 12, 13, 12, 10, 13, 11, 12, 12, 12, 11, 13, 11, 13, 11, 11, 12, 13, 12, 10, 10, 11, 10, 13, 10, 10, 13, 10, 10, 13, 12, 12, 11, 13, 11, 11, 13, 11, 11, 13, 10], [12, 10, 10, 11, 13, 10, 11, 13, 10, 10, 12, 13, 11, 11, 13, 12, 11, 13, 10, 13, 13, 12, 11, 11, 13, 11, 12, 10, 10, 13, 11, 11, 12, 11, 12, 12, 10, 13, 11, 12, 11, 12, 10, 13, 12, 12, 12, 12, 12, 10], [12, 11, 12, 13, 11, 10, 10, 11, 10, 13, 13, 12, 13, 12, 11, 10, 11, 12, 10, 12, 11, 13, 12, 10, 11, 13, 12, 12, 11, 10, 10, 11, 13, 12, 12, 11, 12, 10, 12, 10, 12, 13, 12, 10, 10, 10, 12, 10, 11, 10], [13, 10, 11, 13, 13, 12, 10, 12, 11, 11, 11, 11, 12, 13, 11, 10, 11, 12, 11, 13, 12, 11, 12, 13, 12, 10, 13, 10, 10, 13, 10, 10, 12, 12, 11, 11, 13, 10, 12, 13, 13, 11, 10, 11, 13, 12, 13, 10, 12, 11], [12, 12, 13, 13, 13, 13, 12, 12, 11, 10, 12, 13, 11, 13, 10, 10, 13, 10, 10, 13, 10, 10, 10, 10, 11, 13, 13, 13, 11, 13, 12, 10, 12, 10, 12, 12, 12, 13, 11, 11, 12, 11, 13, 11, 12, 12, 12, 10, 10, 12], [10, 10, 13, 13, 12, 11, 10, 12, 10, 12, 10, 12, 13, 11, 13, 12, 11, 12, 13, 13, 11, 10, 11, 12, 13, 12, 13, 10, 13, 13, 11, 10, 12, 10, 11, 11, 12, 13, 13, 10, 12, 13, 13, 11, 10, 12, 11, 13, 13, 13], [12, 13, 13, 12, 10, 12, 12, 13, 12, 13, 13, 11, 13, 13, 12, 13, 11, 11, 12, 12, 13, 13, 10, 11, 11, 12, 13, 13, 11, 12, 13, 12, 12, 11, 11, 11, 12, 10, 11, 13, 12, 12, 10, 11, 11, 10, 13, 12, 12, 10], [10, 11, 10, 11, 10, 13, 10, 11, 12, 13, 11, 10, 10, 13, 12, 11, 12, 11, 10, 11, 10, 12, 10, 12, 10, 13, 13, 11, 12, 11, 10, 10, 10, 11, 10, 10, 11, 13, 12, 10, 11, 11, 11, 12, 13, 10, 13, 11, 13, 11], [10, 12, 12, 13, 10, 11, 10, 12, 12, 13, 10, 13, 10, 11, 13, 10, 12, 11, 12, 10, 13, 13, 11, 12, 13, 11, 12, 11, 12, 12, 11, 10, 12, 13, 12, 11, 13, 11, 12, 10, 12, 13, 11, 11, 12, 10, 12, 13, 13, 11], [12, 12, 12, 12, 10, 12, 13, 12, 10, 10, 12, 13, 11, 11, 13, 12, 12, 12, 11, 13, 11, 10, 13, 12, 12, 12, 13, 13, 13, 13, 13, 10, 10, 12, 13, 11, 13, 13, 11, 13, 12, 13, 13, 12, 11, 12, 11, 12, 11, 10], [11, 11, 13, 12, 10, 10, 12, 10, 12, 10, 12, 11, 13, 12, 12, 13, 10, 10, 13, 10, 12, 12, 11, 10, 13, 10, 12, 13, 11, 13, 12, 13, 11, 12, 12, 12, 11, 10, 10, 11, 10, 11, 13, 11, 10, 13, 12, 11, 13, 13], [11, 11, 13, 11, 10, 12, 13, 12, 10, 10, 12, 11, 10, 10, 11, 13, 13, 11, 13, 11, 10, 12, 11, 12, 10, 13, 10, 11, 13, 11, 13, 10, 13, 11, 12, 11, 10, 12, 12, 10, 12, 12, 13, 10, 10, 11, 11, 12, 10, 12], [11, 10, 10, 11, 13, 10, 10, 11, 11, 12, 10, 11, 11, 10, 11, 11, 13, 11, 13, 13, 10, 12, 13, 12, 13, 10, 13, 10, 13, 11, 10, 13, 12, 10, 11, 13, 13, 10, 11, 12, 13, 10, 10, 12, 12, 11, 11, 11, 10, 10], [10, 11, 10, 13, 12, 10, 10, 11, 13, 13, 12, 11, 13, 10, 10, 12, 12, 12, 13, 11, 12, 13, 12, 11, 12, 13, 13, 10, 10, 13, 13, 10, 10, 12, 13, 11, 10, 11, 10, 11, 13, 10, 12, 12, 11, 10, 13, 12, 12, 10], [13, 12, 12, 10, 12, 10, 11, 12, 10, 10, 13, 11, 10, 13, 12, 11, 10, 11, 13, 13, 12, 11, 12, 10, 10, 12, 11, 10, 13, 13, 13, 12, 12, 13, 12, 11, 12, 11, 12, 10, 11, 13, 12, 12, 13, 10, 10, 11, 10, 13], [10, 13, 13, 11, 13, 13, 10, 13, 13, 13, 10, 13, 10, 11, 10, 13, 11, 13, 11, 12, 12, 13, 13, 12, 12, 10, 13, 10, 12, 11, 12, 11, 10, 10, 10, 10, 11, 11, 11, 12, 12, 10, 11, 12, 13, 10, 12, 13, 10, 10], [12, 10, 12, 10, 10, 10, 10, 11, 13, 11, 12, 10, 12, 12, 10, 12, 13, 11, 10, 10, 11, 13, 13, 12, 13, 10, 10, 11, 12, 13, 11, 12, 11, 10, 11, 10, 13, 11, 12, 13, 13, 11, 10, 12, 12, 10, 11, 10, 11, 13], [11, 10, 11, 10, 10, 11, 13, 13, 10, 13, 13, 11, 13, 12, 11, 11, 12, 11, 12, 11, 13, 12, 11, 10, 11, 10, 11, 13, 10, 11, 10, 10, 13, 11, 10, 13, 12, 12, 12, 13, 12, 10, 12, 10, 13, 13, 11, 10, 11, 11], [13, 10, 11, 13, 10, 10, 12, 12, 12, 11, 13, 12, 11, 11, 13, 12, 10, 10, 12, 12, 11, 12, 12, 10, 13, 10, 13, 10, 13, 10, 10, 13, 12, 11, 12, 11, 10, 10, 12, 11, 10, 13, 11, 13, 11, 13, 12, 12, 10, 11], [11, 11, 13, 13, 10, 11, 13, 11, 13, 13, 12, 11, 10, 10, 10, 10, 12, 13, 10, 11, 13, 12, 13, 10, 10, 11, 13, 10, 11, 13, 12, 13, 10, 13, 10, 10, 10, 12, 10, 12, 12, 11, 10, 13, 13, 12, 10, 11, 11, 11], [13, 12, 12, 12, 11, 10, 13, 12, 13, 12, 11, 13, 10, 12, 13, 13, 10, 10, 11, 10, 10, 13, 13, 12, 10, 12, 13, 13, 13, 13, 10, 11, 12, 12, 12, 11, 11, 13, 11, 10, 10, 13, 12, 11, 11, 10, 13, 12, 13, 13], [13, 10, 10, 12, 10, 12, 11, 10, 11, 10, 10, 11, 10, 10, 10, 11, 10, 10, 10, 12, 13, 11, 12, 10, 13, 13, 12, 10, 10, 13, 12, 13, 10, 11, 11, 13, 10, 10, 12, 11, 11, 11, 13, 12, 10, 13, 11, 10, 12, 13], [13, 10, 10, 11, 13, 10, 10, 10, 11, 10, 13, 10, 12, 13, 13, 12, 13, 10, 13, 10, 11, 11, 12, 11, 13, 11, 10, 13, 12, 13, 13, 12, 12, 11, 10, 11, 10, 11, 11, 10, 13, 10, 11, 11, 11, 10, 13, 10, 13, 10], [12, 12, 13, 10, 11, 12, 12, 10, 12, 10, 11, 12, 10, 12, 10, 13, 10, 11, 13, 13, 13, 13, 11, 10, 12, 13, 13, 10, 10, 13, 10, 12, 10, 10, 13, 10, 13, 11, 11, 12, 12, 10, 13, 11, 13, 12, 11, 10, 13, 13], [12, 12, 12, 12, 10, 12, 11, 11, 12, 10, 11, 12, 13, 10, 13, 11, 10, 13, 11, 10, 13, 12, 12, 12, 11, 11, 10, 12, 10, 10, 12, 10, 12, 11, 11, 10, 11, 12, 10, 13, 13, 13, 11, 12, 12, 11, 11, 11, 10, 10], [12, 12, 11, 12, 12, 10, 11, 12, 11, 13, 12, 13, 13, 12, 13, 11, 10, 11, 11, 13, 12, 13, 13, 10, 12, 12, 10, 13, 11, 11, 11, 10, 13, 13, 13, 11, 11, 10, 13, 12, 11, 10, 13, 11, 12, 11, 13, 10, 13, 13], [10, 13, 12, 10, 12, 10, 11, 12, 13, 13, 12, 13, 13, 10, 12, 13, 10, 10, 12, 12, 13, 11, 11, 10, 13, 12, 11, 13, 10, 13, 12, 10, 11, 12, 13, 13, 13, 12, 12, 13, 12, 13, 11, 11, 10, 10, 13, 13, 12, 13], [13, 13, 13, 10, 10, 12, 12, 12, 10, 13, 13, 12, 13, 13, 13, 13, 11, 13, 11, 13, 11, 11, 12, 10, 12, 10, 12, 10, 12, 12, 12, 11, 12, 10, 11, 11, 10, 11, 13, 12, 10, 11, 12, 11, 11, 12, 11, 10, 11, 11], [13, 12, 12, 10, 13, 11, 12, 10, 11, 10, 11, 11, 10, 10, 10, 12, 12, 11, 12, 12, 10, 11, 13, 12, 10, 10, 10, 10, 12, 13, 12, 11, 11, 13, 12, 13, 10, 12, 13, 10, 10, 10, 11, 12, 12, 11, 13, 13, 10, 11], [11, 13, 12, 12, 12, 11, 13, 10, 10, 12, 10, 13, 10, 10, 11, 13, 13, 13, 12, 10, 11, 11, 11, 13, 11, 10, 10, 11, 11, 13, 11, 12, 10, 12, 10, 11, 11, 10, 12, 13, 10, 12, 11, 13, 13, 11, 12, 13, 10, 10], [13, 10, 13, 13, 13, 11, 12, 11, 11, 13, 12, 11, 12, 11, 12, 11, 11, 13, 13, 11, 12, 10, 12, 13, 12, 11, 12, 12, 12, 12, 10, 12, 10, 12, 12, 13, 12, 10, 11, 11, 12, 13, 11, 10, 12, 11, 10, 12, 12, 10], [13, 11, 12, 11, 10, 12, 10, 11, 10, 10, 13, 11, 10, 13, 12, 12, 11, 11, 12, 12, 13, 12, 10, 13, 10, 11, 12, 13, 10, 13, 13, 13, 11, 10, 10, 13, 13, 12, 13, 10, 10, 12, 13, 10, 10, 12, 13, 11, 12, 13], [11, 11, 11, 11, 12, 12, 10, 10, 10, 13, 10, 10, 11, 11, 13, 13, 11, 11, 10, 10, 11, 11, 10, 11, 12, 10, 10, 10, 11, 13, 10, 13, 13, 11, 12, 10, 11, 10, 13, 11, 11, 10, 12, 11, 12, 12, 13, 10, 10, 13], [11, 10, 11, 12, 13, 11, 13, 11, 10, 13, 10, 13, 10, 13, 10, 12, 13, 11, 11, 11, 11, 11, 10, 13, 13, 12, 12, 12, 11, 13, 10, 12, 10, 10, 10, 13, 10, 11, 12, 13, 13, 13, 13, 13, 11, 12, 12, 12, 12, 13], [11, 10, 10, 10, 11, 13, 13, 12, 11, 12, 10, 12, 11, 13, 13, 13, 12, 10, 11, 12, 12, 11, 12, 10, 10, 12, 12, 10, 11, 12, 13, 12, 13, 13, 10, 10, 10, 13, 10, 11, 10, 11, 10, 10, 11, 10, 13, 11, 11, 12], [10, 10, 10, 11, 12, 13, 13, 13, 12, 13, 12, 10, 12, 12, 11, 13, 11, 10, 13, 12, 12, 11, 11, 10, 12, 13, 12, 13, 10, 10, 12, 10, 12, 11, 12, 12, 10, 12, 10, 11, 13, 11, 12, 12, 12, 11, 12, 11, 10, 10], [13, 13, 10, 12, 13, 12, 10, 11, 10, 11, 11, 11, 10, 12, 12, 12, 10, 12, 10, 11, 10, 11, 13, 13, 11, 12, 10, 11, 10, 12, 12, 11, 13, 13, 11, 11, 10, 11, 13, 11, 13, 12, 13, 10, 10, 10, 12, 11, 10, 12], [12, 12, 11, 12, 13, 10, 13, 11, 11, 10, 12, 10, 12, 10, 13, 13, 11, 12, 13, 10, 12, 12, 11, 12, 11, 10, 10, 10, 11, 12, 13, 10, 11, 12, 10, 11, 13, 13, 13, 10, 13, 10, 12, 11, 13, 10, 13, 12, 11, 12], [12, 13, 10, 11, 12, 12, 10, 12, 10, 11, 11, 11, 10, 13, 12, 13, 13, 10, 10, 12, 12, 10, 13, 11, 11, 10, 11, 11, 10, 11, 12, 10, 12, 11, 13, 11, 13, 12, 13, 12, 13, 13, 12, 10, 11, 10, 10, 10, 11, 10], [10, 12, 12, 12, 12, 12, 11, 12, 10, 11, 11, 13, 13, 11, 13, 10, 11, 13, 12, 12, 10, 10, 12, 11, 13, 12, 13, 12, 11, 10, 12, 12, 11, 12, 12, 10, 12, 13, 10, 12, 11, 12, 12, 10, 13, 12, 13, 13, 11, 13], [10, 11, 11, 12, 10, 10, 11, 11, 12, 12, 11, 10, 13, 12, 11, 12, 13, 10, 12, 10, 12, 13, 13, 12, 10, 13, 13, 10, 10, 11, 11, 10, 13, 12, 12, 12, 13, 11, 13, 12, 10, 11, 10, 10, 10, 13, 13, 11, 13, 11], [10, 13, 12, 12, 11, 11, 11, 12, 13, 13, 13, 11, 12, 13, 10, 10, 10, 12, 12, 10, 13, 10, 11, 13, 11, 13, 10, 11, 11, 12, 10, 10, 12, 13, 13, 12, 13, 11, 11, 12, 10, 12, 10, 12, 12, 10, 11, 10, 12, 11], [12, 11, 11, 13, 13, 13, 13, 11, 12, 11, 13, 13, 12, 11, 13, 10, 11, 13, 11, 12, 12, 10, 13, 11, 13, 11, 10, 12, 13, 10, 13, 11, 13, 11, 11, 13, 10, 10, 12, 11, 10, 10, 13, 11, 10, 10, 12, 10, 12, 13], [11, 12, 13, 10, 13, 13, 12, 11, 13, 12, 11, 10, 11, 13, 10, 10, 12, 12, 13, 12, 11, 12, 12, 13, 12, 11, 10, 13, 12, 10, 13, 11, 10, 13, 11, 11, 13, 12, 11, 10, 13, 10, 11, 11, 12, 11, 11, 12, 13, 11], [13, 11, 10, 11, 11, 10, 11, 13, 13, 11, 11, 10, 11, 10, 13, 12, 10, 11, 11, 11, 12, 11, 11, 11, 11, 11, 13, 10, 13, 13, 13, 10, 13, 11, 12, 11, 11, 12, 11, 10, 13, 12, 12, 10, 10, 10, 13, 13, 12, 10], [13, 11, 11, 11, 13, 10, 11, 13, 11, 10, 13, 12, 12, 11, 11, 10, 10, 13, 13, 13, 13, 10, 13, 10, 10, 10, 11, 10, 11, 13, 13, 13, 10, 13, 11, 13, 12, 13, 10, 13, 10, 10, 10, 12, 13, 13, 10, 12, 11, 10], [11, 13, 11, 10, 12, 11, 11, 11, 12, 11, 11, 12, 10, 13, 13, 12, 12, 12, 12, 10, 10, 12, 10, 10, 12, 12, 10, 12, 13, 10, 11, 10, 13, 12, 13, 10, 10, 13, 11, 11, 10, 11, 11, 12, 13, 11, 13, 11, 10, 11], [11, 10, 11, 11, 11, 13, 12, 10, 10, 10, 11, 12, 12, 13, 13, 13, 11, 13, 13, 11, 11, 10, 12, 12, 13, 11, 13, 10, 11, 10, 12, 12, 11, 13, 10, 11, 10, 11, 10, 13, 13, 11, 12, 13, 10, 10, 13, 10, 11, 13], [12, 10, 12, 13, 10, 12, 10, 11, 11, 11, 13, 11, 10, 11, 11, 12, 12, 11, 12, 10, 11, 10, 10, 13, 12, 11, 12, 13, 11, 10, 12, 12, 11, 13, 10, 13, 10, 10, 13, 13, 12, 12, 10, 12, 13, 13, 13, 13, 11, 10], [13, 13, 13, 10, 13, 13, 11, 12, 13, 11, 13, 12, 11, 13, 13, 11, 11, 10, 11, 12, 13, 10, 11, 13, 10, 12, 10, 13, 11, 11, 10, 10, 12, 13, 10, 13, 10, 12, 13, 10, 13, 13, 12, 12, 10, 10, 11, 12, 10, 12], [13, 13, 13, 12, 13, 12, 10, 13, 12, 10, 11, 12, 12, 10, 11, 10, 12, 13, 10, 11, 12, 11, 11, 11, 11, 13, 11, 12, 10, 11, 12, 12, 10, 13, 11, 10, 11, 11, 13, 12, 11, 11, 10, 13, 10, 13, 13, 12, 11, 13], [10, 11, 12, 11, 12, 10, 11, 12, 13, 11, 10, 10, 13, 12, 12, 11, 12, 12, 12, 13, 13, 10, 13, 10, 11, 12, 10, 13, 13, 11, 12, 12, 13, 13, 13, 11, 11, 12, 11, 10, 10, 13, 11, 12, 10, 12, 12, 11, 11, 10], [10, 11, 12, 10, 11, 13, 10, 13, 12, 11, 11, 12, 13, 11, 13, 12, 11, 13, 13, 11, 13, 12, 12, 10, 11, 10, 12, 12, 10, 11, 12, 13, 13, 11, 12, 10, 12, 12, 11, 13, 11, 11, 11, 12, 13, 13, 11, 12, 10, 11], [12, 10, 12, 11, 12, 10, 12, 11, 13, 12, 12, 13, 13, 12, 13, 10, 12, 11, 12, 11, 12, 12, 11, 10, 10, 12, 10, 10, 10, 11, 12, 10, 10, 12, 13, 12, 12, 10, 13, 13, 13, 13, 11, 10, 11, 12, 12, 12, 10, 11], [10, 11, 11, 13, 10, 12, 12, 13, 10, 12, 11, 10, 10, 10, 11, 12, 12, 13, 11, 11, 11, 10, 12, 10, 13, 12, 12, 13, 13, 13, 11, 11, 13, 11, 11, 12, 11, 10, 12, 12, 13, 10, 10, 13, 12, 11, 13, 11, 12, 12], [12, 13, 11, 10, 12, 12, 13, 13, 10, 13, 11, 13, 13, 12, 12, 11, 13, 12, 11, 11, 13, 13, 11, 12, 10, 12, 11, 13, 12, 11, 11, 13, 12, 10, 10, 10, 13, 12, 10, 12, 13, 11, 10, 13, 12, 13, 11, 13, 13, 13], [11, 12, 13, 12, 10, 11, 13, 10, 11, 12, 13, 10, 13, 10, 12, 12, 12, 12, 11, 12, 12, 12, 10, 12, 11, 13, 10, 11, 10, 11, 13, 11, 11, 10, 12, 12, 13, 10, 10, 13, 10, 12, 13, 10, 11, 13, 13, 11, 12, 10], [13, 13, 11, 10, 13, 12, 13, 13, 10, 10, 13, 13, 11, 12, 13, 11, 13, 10, 12, 11, 13, 11, 12, 10, 11, 13, 11, 13, 10, 11, 12, 13, 10, 11, 13, 13, 10, 13, 10, 10, 12, 13, 10, 11, 11, 11, 12, 12, 10, 13], [11, 10, 12, 10, 11, 11, 11, 11, 13, 12, 10, 13, 10, 11, 12, 10, 13, 11, 13, 10, 10, 12, 13, 11, 13, 13, 12, 11, 13, 10, 12, 13, 12, 11, 11, 13, 11, 12, 12, 13, 12, 11, 13, 10, 10, 10, 10, 13, 10, 11], [11, 12, 13, 13, 10, 13, 13, 13, 13, 13, 10, 12, 10, 12, 13, 10, 10, 10, 13, 13, 13, 10, 13, 10, 12, 12, 11, 11, 10, 10, 11, 11, 10, 11, 11, 12, 13, 10, 13, 13, 11, 12, 10, 10, 12, 11, 13, 10, 10, 10], [12, 12, 13, 11, 11, 10, 10, 13, 13, 10, 12, 12, 11, 13, 12, 10, 11, 12, 12, 12, 11, 11, 11, 12, 10, 13, 12, 11, 12, 13, 12, 11, 12, 10, 11, 10, 12, 12, 12, 12, 11, 10, 11, 10, 12, 11, 12, 10, 11, 12], [12, 13, 12, 10, 12, 11, 13, 13, 12, 10, 12, 13, 13, 12, 10, 12, 10, 11, 12, 13, 13, 11, 11, 11, 12, 11, 13, 12, 11, 13, 13, 13, 13, 10, 13, 12, 10, 11, 13, 10, 11, 10, 10, 12, 11, 12, 12, 11, 12, 10], [12, 10, 13, 13, 12, 12, 10, 12, 12, 10, 10, 13, 13, 13, 10, 12, 13, 13, 13, 13, 12, 11, 10, 10, 12, 11, 12, 12, 13, 12, 13, 11, 10, 11, 13, 12, 13, 10, 12, 13, 12, 12, 10, 12, 11, 13, 12, 12, 10, 13], [10, 10, 10, 10, 11, 11, 13, 10, 11, 10, 13, 13, 10, 11, 12, 11, 10, 10, 10, 10, 13, 10, 13, 10, 13, 10, 11, 12, 13, 12, 13, 11, 12, 10, 13, 13, 11, 12, 12, 11, 10, 13, 11, 13, 13, 11, 12, 13, 12, 10], [13, 10, 13, 13, 10, 11, 10, 12, 11, 12, 12, 13, 10, 12, 12, 11, 13, 11, 13, 10, 11, 11, 11, 13, 10, 13, 13, 13, 11, 10, 12, 11, 11, 12, 12, 13, 12, 10, 13, 13, 13, 13, 10, 11, 13, 11, 11, 12, 10, 13], [10, 10, 11, 12, 12, 11, 11, 13, 11, 11, 11, 11, 10, 10, 12, 10, 11, 13, 10, 10, 11, 13, 10, 13, 10, 12, 12, 13, 12, 13, 11, 12, 11, 11, 10, 10, 12, 10, 11, 12, 13, 11, 11, 12, 10, 10, 13, 13, 10, 12], [10, 13, 10, 10, 10, 13, 13, 11, 11, 13, 13, 12, 11, 10, 13, 12, 10, 13, 11, 13, 10, 11, 10, 13, 11, 10, 12, 13, 11, 10, 10, 11, 10, 13, 13, 13, 13, 11, 12, 12, 10, 10, 13, 13, 11, 12, 11, 12, 12, 12], [12, 13, 12, 11, 12, 11, 12, 11, 11, 11, 10, 12, 10, 12, 12, 13, 11, 10, 13, 10, 13, 10, 13, 13, 10, 11, 11, 10, 10, 13, 11, 12, 13, 10, 13, 12, 11, 11, 11, 12, 12, 12, 13, 12, 10, 12, 10, 11, 13, 11], [10, 13, 12, 11, 10, 12, 10, 13, 11, 10, 10, 10, 10, 11, 11, 12, 12, 11, 12, 11, 12, 12, 11, 10, 11, 10, 10, 12, 13, 11, 12, 12, 12, 11, 10, 13, 13, 11, 11, 12, 12, 10, 13, 10, 11, 13, 13, 10, 13, 13], [12, 12, 12, 13, 12, 13, 12, 12, 12, 13, 10, 11, 12, 13, 12, 13, 10, 10, 13, 12, 12, 13, 11, 13, 13, 11, 13, 11, 12, 12, 11, 11, 10, 12, 11, 13, 13, 12, 11, 12, 13, 12, 12, 11, 11, 10, 10, 11, 12, 12], [10, 10, 11, 13, 12, 11, 10, 11, 11, 13, 13, 10, 13, 12, 13, 12, 13, 10, 11, 13, 13, 11, 13, 11, 10, 12, 12, 13, 13, 11, 13, 10, 12, 12, 11, 10, 13, 10, 12, 13, 12, 10, 13, 10, 12, 11, 11, 12, 10, 10], [10, 10, 11, 12, 12, 12, 13, 13, 10, 13, 11, 12, 11, 13, 11, 10, 10, 11, 10, 12, 10, 11, 12, 11, 12, 13, 13, 10, 10, 12, 12, 11, 10, 12, 11, 13, 11, 11, 12, 11, 12, 13, 13, 11, 10, 12, 10, 12, 12, 10], [10, 12, 12, 12, 10, 11, 11, 10, 11, 13, 11, 11, 12, 11, 12, 12, 13, 11, 12, 12, 10, 11, 13, 12, 11, 12, 13, 13, 12, 13, 11, 10, 12, 13, 11, 10, 11, 11, 13, 12, 12, 13, 13, 10, 12, 12, 13, 12, 10, 12], [11, 13, 11, 10, 13, 12, 10, 10, 11, 10, 12, 12, 12, 11, 11, 12, 13, 12, 10, 13, 11, 11, 11, 10, 13, 10, 10, 11, 11, 12, 10, 10, 10, 10, 13, 10, 12, 10, 13, 12, 11, 13, 12, 11, 11, 11, 12, 11, 10, 12], [11, 12, 12, 13, 13, 12, 13, 10, 13, 10, 12, 12, 12, 12, 13, 13, 10, 13, 12, 11, 10, 11, 10, 11, 10, 11, 10, 10, 12, 13, 11, 10, 12, 11, 13, 12, 10, 12, 13, 11, 12, 10, 11, 11, 12, 12, 13, 12, 12, 10], [12, 11, 12, 10, 11, 12, 13, 12, 11, 12, 12, 10, 13, 12, 10, 12, 12, 11, 13, 11, 13, 13, 12, 12, 12, 13, 12, 13, 11, 12, 11, 11, 12, 11, 13, 10, 11, 11, 13, 13, 10, 13, 12, 11, 11, 11, 12, 13, 10, 13], [11, 13, 12, 10, 11, 12, 12, 11, 10, 13, 11, 13, 11, 10, 13, 12, 10, 12, 10, 12, 11, 12, 13, 11, 12, 10, 12, 13, 10, 10, 12, 12, 10, 10, 13, 12, 11, 10, 12, 13, 11, 13, 13, 12, 11, 10, 10, 11, 10, 10], [12, 12, 12, 12, 11, 12, 12, 12, 11, 11, 12, 13, 12, 11, 13, 12, 10, 12, 13, 10, 11, 10, 11, 13, 11, 12, 10, 11, 12, 12, 11, 10, 12, 12, 13, 11, 13, 12, 11, 13, 12, 11, 10, 10, 12, 12, 12, 13, 12, 13], [12, 10, 11, 12, 13, 13, 11, 12, 13, 10, 11, 10, 13, 13, 11, 10, 12, 10, 13, 13, 10, 10, 13, 13, 13, 12, 13, 13, 12, 11, 13, 12, 10, 13, 12, 11, 13, 12, 11, 13, 12, 12, 12, 10, 10, 12, 12, 13, 11, 11], [12, 11, 13, 10, 13, 10, 13, 10, 13, 13, 10, 11, 12, 11, 10, 13, 10, 12, 13, 13, 12, 10, 10, 10, 10, 12, 13, 10, 12, 11, 10, 10, 11, 12, 12, 12, 12, 13, 10, 10, 11, 13, 11, 11, 13, 11, 12, 12, 13, 11], [12, 11, 13, 13, 13, 13, 13, 10, 11, 12, 13, 13, 12, 11, 13, 11, 12, 11, 12, 13, 10, 12, 12, 10, 10, 12, 12, 11, 10, 10, 13, 11, 10, 10, 12, 11, 13, 10, 12, 11, 13, 10, 10, 10, 13, 10, 10, 13, 10, 12], [10, 10, 11, 10, 11, 11, 13, 11, 10, 10, 11, 10, 11, 12, 10, 11, 12, 10, 13, 13, 13, 12, 10, 11, 10, 13, 12, 13, 13, 11, 10, 10, 13, 12, 12, 11, 10, 12, 12, 10, 11, 12, 13, 13, 11, 12, 13, 13, 10, 12], [12, 13, 13, 10, 10, 10, 13, 13, 12, 12, 12, 13, 11, 13, 11, 13, 10, 13, 12, 10, 11, 12, 10, 11, 10, 12, 11, 10, 11, 12, 10, 12, 13, 12, 11, 12, 11, 13, 12, 12, 13, 12, 11, 12, 11, 12, 13, 11, 11, 11], [11, 11, 12, 13, 11, 11, 11, 12, 12, 13, 11, 13, 13, 12, 10, 12, 13, 12, 12, 12, 10, 12, 10, 13, 12, 13, 10, 11, 13, 12, 13, 12, 11, 11, 13, 13, 13, 11, 10, 12, 11, 10, 11, 12, 12, 13, 11, 11, 12, 12], [11, 11, 10, 10, 10, 11, 12, 10, 10, 12, 13, 10, 10, 13, 10, 10, 10, 13, 12, 13, 11, 11, 12, 13, 13, 12, 11, 12, 13, 11, 13, 11, 13, 10, 10, 11, 10, 11, 10, 13, 10, 11, 13, 13, 10, 12, 13, 10, 13, 11], [13, 13, 11, 12, 10, 10, 12, 11, 12, 10, 10, 11, 11, 12, 10, 12, 11, 12, 10, 13, 11, 12, 13, 11, 13, 11, 10, 11, 11, 12, 10, 12, 12, 11, 10, 10, 11, 12, 12, 13, 10, 12, 10, 11, 10, 13, 13, 10, 12, 10], [10, 10, 11, 11, 12, 13, 12, 11, 11, 12, 13, 13, 11, 10, 12, 13, 11, 12, 13, 13, 12, 12, 11, 12, 12, 10, 12, 12, 13, 13, 13, 13, 12, 10, 13, 11, 13, 11, 12, 10, 12, 12, 13, 12, 12, 11, 11, 12, 11, 11], [10, 11, 11, 13, 11, 11, 13, 12, 12, 12, 12, 13, 11, 12, 10, 10, 11, 12, 11, 10, 12, 11, 11, 10, 11, 12, 10, 11, 11, 10, 10, 10, 12, 12, 10, 13, 11, 11, 12, 10, 11, 10, 11, 12, 12, 13, 11, 12, 12, 12], [11, 11, 11, 10, 12, 13, 11, 13, 12, 12, 13, 13, 13, 13, 13, 11, 13, 12, 12, 12, 13, 10, 12, 11, 10, 10, 13, 13, 13, 10, 12, 10, 13, 10, 12, 13, 10, 11, 11, 12, 10, 12, 10, 12, 13, 12, 13, 13, 10, 13], [10, 13, 10, 12, 10, 13, 13, 12, 12, 13, 12, 12, 13, 12, 12, 12, 11, 13, 13, 12, 10, 11, 12, 11, 10, 13, 13, 12, 13, 12, 12, 13, 12, 10, 12, 11, 10, 12, 11, 10, 10, 11, 10, 13, 13, 12, 10, 12, 13, 10], [10, 11, 10, 12, 11, 11, 12, 13, 10, 13, 13, 10, 13, 10, 11, 12, 13, 12, 12, 12, 11, 12, 11, 12, 10, 10, 11, 13, 12, 11, 13, 13, 10, 12, 11, 12, 13, 13, 13, 10, 10, 10, 12, 10, 10, 13, 11, 13, 12, 11], [12, 12, 13, 12, 13, 10, 10, 12, 10, 13, 10, 11, 13, 13, 12, 12, 13, 11, 11, 10, 10, 13, 13, 13, 12, 13, 12, 13, 13, 11, 10, 12, 13, 10, 11, 10, 11, 10, 13, 11, 13, 11, 13, 12, 11, 10, 11, 13, 12, 10], [12, 12, 12, 13, 10, 10, 10, 13, 11, 12, 13, 10, 13, 11, 10, 10, 11, 12, 12, 11, 12, 12, 12, 12, 12, 10, 11, 11, 10, 13, 12, 13, 13, 11, 10, 12, 11, 10, 10, 11, 11, 10, 13, 10, 13, 12, 10, 10, 13, 11]]
Inventory holding cost per unit of each product by the end of each period h: 
[[6, 6, 5, 9, 7, 5, 7, 9, 6, 5, 8, 7, 6, 7, 8, 5, 5, 9, 6, 8, 6, 8, 8, 9, 9, 8, 5, 6, 6, 7, 7, 8, 6, 9, 8, 9, 5, 5, 7, 8, 8, 5, 8, 8, 8, 6, 7, 6, 6, 7], [6, 7, 7, 6, 6, 7, 7, 6, 5, 5, 7, 7, 9, 6, 9, 7, 7, 7, 7, 8, 7, 6, 9, 7, 6, 9, 9, 5, 8, 6, 5, 9, 8, 9, 5, 7, 8, 9, 5, 5, 5, 9, 9, 6, 8, 7, 7, 6, 9, 6], [8, 8, 7, 5, 6, 9, 6, 7, 6, 6, 6, 6, 9, 8, 8, 7, 8, 9, 7, 5, 5, 8, 6, 9, 6, 5, 9, 7, 9, 5, 8, 9, 7, 6, 8, 9, 9, 5, 9, 9, 6, 7, 8, 8, 8, 7, 6, 9, 6, 7], [9, 7, 5, 6, 6, 5, 7, 5, 5, 8, 5, 5, 9, 9, 5, 7, 9, 7, 8, 5, 5, 7, 5, 8, 6, 7, 7, 6, 9, 8, 7, 7, 8, 8, 9, 9, 5, 5, 8, 7, 6, 7, 9, 6, 6, 7, 5, 6, 9, 9], [9, 6, 8, 8, 7, 5, 6, 7, 8, 5, 8, 9, 6, 8, 5, 5, 5, 5, 6, 8, 5, 7, 9, 8, 9, 9, 6, 5, 8, 9, 9, 6, 9, 7, 8, 9, 7, 5, 5, 5, 8, 6, 5, 9, 6, 9, 5, 6, 7, 9], [6, 7, 9, 6, 8, 8, 8, 5, 7, 7, 6, 8, 7, 8, 8, 8, 5, 8, 9, 5, 9, 9, 9, 6, 6, 7, 6, 7, 6, 8, 7, 5, 8, 8, 7, 5, 6, 7, 5, 5, 7, 5, 9, 5, 8, 8, 5, 6, 8, 9], [8, 6, 8, 5, 9, 9, 6, 9, 8, 6, 9, 5, 9, 8, 9, 6, 8, 8, 8, 7, 9, 9, 7, 6, 7, 8, 7, 8, 7, 6, 8, 9, 7, 8, 8, 9, 5, 7, 6, 8, 7, 8, 5, 7, 9, 6, 7, 7, 7, 9], [8, 6, 5, 9, 9, 6, 5, 7, 6, 8, 5, 8, 9, 5, 7, 8, 8, 9, 5, 9, 7, 9, 7, 7, 9, 6, 8, 7, 5, 8, 7, 6, 8, 8, 6, 7, 5, 9, 9, 6, 5, 6, 5, 6, 7, 6, 6, 9, 5, 7], [8, 5, 9, 7, 8, 8, 9, 6, 9, 8, 9, 5, 7, 7, 7, 5, 9, 6, 6, 9, 9, 8, 5, 8, 8, 6, 6, 6, 8, 7, 9, 5, 6, 8, 5, 7, 9, 5, 7, 5, 8, 7, 8, 6, 6, 8, 7, 9, 9, 6], [8, 6, 8, 9, 7, 5, 9, 7, 9, 7, 7, 6, 6, 5, 8, 7, 8, 9, 8, 5, 9, 6, 7, 6, 9, 7, 6, 5, 6, 5, 7, 7, 5, 6, 8, 7, 9, 5, 7, 6, 7, 9, 5, 8, 7, 8, 8, 5, 5, 5], [6, 7, 8, 7, 7, 5, 8, 5, 7, 8, 5, 7, 5, 8, 9, 5, 9, 9, 5, 6, 6, 5, 8, 9, 8, 5, 7, 5, 9, 5, 6, 6, 6, 9, 8, 6, 7, 5, 6, 9, 9, 9, 8, 9, 8, 6, 7, 5, 9, 5], [6, 8, 8, 9, 6, 6, 8, 6, 6, 5, 6, 7, 9, 5, 9, 6, 5, 5, 8, 6, 6, 5, 7, 5, 6, 7, 8, 9, 7, 9, 8, 7, 6, 6, 5, 7, 8, 8, 5, 8, 7, 7, 6, 7, 8, 7, 9, 6, 8, 5], [9, 9, 6, 9, 9, 6, 8, 8, 6, 5, 7, 7, 5, 9, 7, 7, 6, 9, 7, 7, 8, 8, 5, 6, 5, 5, 5, 5, 7, 5, 7, 9, 5, 6, 5, 6, 9, 6, 6, 5, 7, 5, 6, 5, 7, 8, 6, 6, 6, 5], [7, 7, 7, 5, 5, 5, 6, 5, 8, 6, 7, 5, 9, 5, 8, 7, 6, 6, 8, 7, 9, 7, 8, 6, 6, 5, 9, 8, 7, 6, 6, 7, 9, 7, 8, 9, 5, 6, 6, 6, 7, 8, 5, 6, 7, 9, 9, 9, 7, 8], [8, 8, 7, 9, 7, 6, 9, 5, 5, 8, 5, 9, 7, 9, 7, 7, 8, 8, 9, 9, 8, 8, 9, 8, 5, 9, 8, 5, 6, 7, 9, 6, 9, 7, 6, 8, 6, 8, 8, 9, 9, 7, 7, 8, 6, 7, 9, 5, 8, 6], [6, 8, 5, 9, 5, 5, 9, 9, 8, 7, 6, 5, 8, 6, 6, 9, 5, 5, 7, 6, 7, 5, 9, 7, 5, 5, 9, 5, 9, 5, 5, 8, 6, 7, 9, 6, 7, 9, 8, 7, 6, 9, 7, 7, 7, 5, 6, 5, 9, 6], [5, 7, 5, 7, 6, 8, 6, 5, 9, 5, 9, 8, 7, 5, 8, 5, 9, 5, 9, 6, 5, 9, 7, 7, 5, 7, 6, 6, 5, 6, 7, 6, 8, 6, 8, 6, 7, 9, 9, 9, 6, 6, 8, 5, 9, 9, 8, 6, 6, 9], [9, 9, 7, 6, 9, 9, 5, 9, 5, 6, 7, 9, 8, 5, 8, 7, 5, 5, 5, 7, 5, 8, 5, 7, 5, 6, 5, 6, 9, 6, 7, 9, 7, 9, 7, 5, 9, 7, 8, 6, 6, 9, 5, 9, 5, 7, 8, 7, 8, 9], [8, 5, 7, 6, 6, 5, 9, 5, 8, 9, 8, 7, 7, 9, 6, 5, 7, 9, 7, 5, 5, 6, 5, 9, 9, 9, 7, 8, 6, 7, 5, 9, 9, 9, 9, 8, 8, 9, 9, 7, 9, 8, 8, 6, 5, 5, 6, 9, 5, 5], [9, 6, 9, 8, 7, 9, 6, 9, 8, 9, 7, 5, 9, 9, 9, 5, 8, 7, 9, 8, 6, 7, 9, 7, 8, 5, 5, 6, 5, 6, 5, 8, 5, 9, 9, 5, 5, 7, 5, 7, 9, 9, 7, 8, 8, 5, 6, 5, 6, 9], [9, 8, 7, 6, 5, 9, 8, 7, 5, 9, 9, 9, 5, 5, 8, 7, 8, 5, 5, 9, 5, 9, 8, 8, 5, 9, 6, 8, 6, 9, 7, 5, 6, 6, 5, 7, 6, 9, 9, 9, 8, 8, 8, 7, 5, 8, 6, 9, 6, 5], [5, 6, 6, 5, 5, 5, 8, 5, 8, 6, 6, 7, 7, 5, 8, 5, 6, 8, 9, 7, 9, 8, 6, 7, 7, 8, 8, 6, 6, 9, 5, 9, 6, 6, 5, 8, 7, 6, 8, 5, 7, 8, 5, 9, 6, 8, 5, 5, 8, 5], [8, 9, 7, 9, 9, 6, 7, 5, 9, 7, 8, 9, 9, 9, 7, 6, 9, 9, 5, 8, 9, 5, 6, 5, 5, 8, 5, 7, 8, 7, 6, 9, 6, 6, 6, 8, 7, 6, 6, 5, 7, 7, 7, 7, 6, 6, 8, 5, 8, 8], [5, 8, 8, 9, 7, 9, 8, 8, 5, 7, 5, 5, 7, 7, 9, 6, 8, 7, 9, 6, 5, 6, 5, 7, 5, 8, 5, 8, 7, 6, 8, 9, 8, 6, 9, 5, 5, 9, 7, 5, 7, 7, 7, 9, 5, 6, 9, 7, 7, 5], [5, 5, 5, 6, 9, 7, 7, 5, 6, 7, 9, 6, 5, 5, 9, 8, 5, 9, 9, 5, 9, 5, 5, 7, 8, 5, 6, 8, 5, 9, 8, 8, 5, 7, 8, 9, 5, 6, 8, 7, 7, 9, 6, 7, 9, 7, 7, 7, 9, 8], [9, 8, 8, 9, 5, 8, 9, 7, 8, 5, 8, 6, 7, 5, 9, 6, 8, 6, 9, 9, 8, 6, 9, 7, 8, 5, 6, 9, 5, 9, 7, 5, 6, 6, 7, 9, 9, 6, 7, 7, 7, 8, 8, 5, 7, 8, 6, 5, 5, 9], [6, 7, 7, 7, 5, 5, 6, 9, 5, 6, 8, 7, 5, 9, 5, 6, 9, 5, 9, 8, 7, 7, 5, 7, 8, 6, 7, 7, 9, 7, 5, 8, 9, 6, 8, 6, 6, 6, 9, 7, 5, 8, 9, 5, 7, 5, 5, 8, 6, 8], [6, 6, 8, 9, 5, 7, 8, 5, 6, 7, 5, 5, 7, 6, 5, 7, 5, 7, 6, 9, 8, 6, 9, 6, 8, 6, 5, 7, 5, 9, 9, 8, 7, 9, 8, 5, 9, 6, 7, 7, 7, 6, 9, 5, 9, 9, 7, 6, 8, 7], [6, 8, 6, 6, 9, 5, 9, 8, 5, 6, 5, 8, 6, 5, 9, 6, 5, 5, 9, 8, 6, 7, 5, 6, 7, 8, 9, 9, 9, 9, 9, 7, 8, 5, 5, 9, 6, 8, 8, 7, 5, 5, 9, 6, 7, 7, 5, 5, 6, 6], [7, 6, 7, 9, 8, 6, 7, 8, 6, 9, 8, 9, 7, 5, 6, 9, 9, 5, 8, 8, 7, 8, 5, 8, 9, 6, 6, 7, 6, 5, 8, 8, 5, 8, 5, 7, 5, 7, 9, 6, 8, 7, 8, 9, 7, 7, 9, 6, 6, 9], [5, 9, 8, 7, 5, 7, 7, 6, 5, 6, 7, 7, 6, 8, 7, 9, 8, 6, 6, 9, 9, 8, 9, 7, 6, 7, 7, 8, 8, 5, 5, 6, 6, 5, 9, 7, 8, 8, 7, 7, 8, 6, 7, 9, 8, 8, 5, 8, 5, 9], [6, 8, 7, 5, 5, 8, 6, 8, 5, 6, 9, 7, 7, 8, 7, 9, 6, 6, 9, 7, 8, 7, 7, 6, 5, 6, 6, 5, 9, 8, 5, 8, 8, 9, 5, 7, 7, 8, 6, 9, 7, 9, 7, 8, 7, 5, 8, 5, 7, 9], [9, 7, 9, 9, 5, 5, 8, 8, 9, 7, 5, 6, 6, 5, 9, 7, 5, 8, 9, 7, 8, 9, 5, 6, 8, 8, 6, 6, 6, 5, 9, 5, 6, 7, 9, 6, 7, 6, 5, 7, 5, 6, 9, 7, 7, 8, 5, 5, 9, 6], [5, 9, 7, 7, 9, 7, 5, 9, 8, 8, 5, 9, 7, 7, 8, 5, 8, 9, 8, 9, 9, 5, 5, 6, 9, 9, 9, 8, 8, 7, 9, 5, 7, 7, 6, 5, 6, 7, 6, 5, 9, 8, 6, 5, 5, 9, 7, 5, 5, 7], [8, 6, 6, 6, 8, 5, 6, 9, 7, 8, 8, 8, 9, 7, 9, 9, 8, 5, 9, 7, 6, 6, 6, 5, 7, 9, 7, 7, 6, 6, 5, 9, 8, 6, 6, 8, 5, 5, 7, 5, 9, 5, 7, 6, 8, 7, 6, 6, 8, 5], [9, 9, 6, 5, 6, 7, 8, 9, 7, 6, 7, 8, 5, 9, 7, 5, 7, 8, 6, 9, 8, 7, 8, 8, 5, 6, 9, 6, 5, 8, 9, 9, 5, 5, 9, 9, 9, 6, 9, 6, 5, 7, 9, 6, 8, 8, 5, 6, 5, 7], [8, 5, 5, 8, 5, 5, 6, 8, 9, 9, 5, 7, 7, 9, 5, 7, 9, 5, 8, 6, 9, 6, 6, 5, 7, 6, 7, 5, 7, 9, 5, 6, 6, 6, 8, 8, 8, 6, 6, 7, 5, 7, 8, 9, 6, 9, 6, 8, 9, 9], [9, 6, 9, 7, 9, 7, 5, 9, 9, 7, 7, 8, 8, 9, 5, 7, 9, 5, 7, 8, 9, 5, 6, 9, 9, 7, 5, 5, 6, 5, 8, 5, 5, 5, 5, 9, 9, 8, 5, 5, 9, 9, 5, 5, 9, 9, 9, 8, 5, 9], [8, 7, 8, 8, 5, 8, 9, 8, 8, 8, 5, 8, 9, 6, 6, 9, 6, 8, 9, 9, 8, 6, 8, 5, 8, 6, 5, 5, 6, 9, 8, 5, 7, 8, 6, 5, 9, 7, 9, 7, 7, 9, 6, 8, 5, 8, 9, 8, 8, 8], [7, 8, 7, 8, 7, 9, 5, 6, 5, 6, 6, 7, 5, 9, 8, 9, 6, 5, 8, 8, 7, 5, 8, 9, 6, 6, 6, 5, 6, 9, 8, 5, 8, 8, 6, 9, 8, 5, 9, 5, 5, 7, 9, 6, 6, 9, 6, 5, 8, 8], [8, 7, 9, 8, 8, 7, 7, 6, 7, 9, 5, 8, 9, 9, 5, 7, 9, 7, 5, 9, 8, 7, 6, 9, 9, 5, 8, 9, 5, 5, 5, 6, 8, 8, 7, 8, 6, 9, 7, 7, 5, 8, 7, 6, 5, 5, 8, 7, 6, 7], [6, 9, 9, 8, 5, 8, 6, 8, 5, 6, 5, 7, 7, 8, 5, 7, 6, 8, 8, 6, 6, 6, 7, 6, 5, 7, 5, 5, 9, 7, 9, 8, 9, 6, 5, 6, 7, 9, 7, 6, 7, 5, 5, 8, 5, 9, 5, 5, 6, 9], [8, 8, 7, 5, 5, 7, 8, 5, 9, 5, 5, 6, 6, 6, 5, 5, 5, 7, 7, 8, 6, 5, 6, 8, 5, 6, 8, 9, 5, 8, 6, 5, 6, 6, 9, 8, 7, 9, 6, 8, 5, 6, 7, 8, 6, 7, 7, 8, 8, 6], [8, 8, 8, 7, 9, 9, 5, 9, 7, 6, 9, 7, 7, 5, 8, 6, 6, 9, 5, 6, 7, 5, 5, 8, 5, 7, 7, 8, 7, 5, 5, 6, 9, 6, 6, 7, 7, 8, 7, 6, 7, 9, 9, 6, 7, 5, 7, 5, 6, 7], [5, 9, 6, 8, 9, 6, 7, 8, 5, 6, 7, 6, 5, 7, 7, 6, 8, 7, 7, 8, 7, 6, 7, 5, 9, 8, 8, 6, 5, 5, 5, 9, 8, 7, 6, 5, 6, 6, 7, 8, 7, 6, 5, 9, 8, 7, 7, 6, 7, 9], [9, 8, 9, 9, 8, 7, 6, 9, 5, 5, 7, 8, 8, 6, 6, 8, 7, 8, 8, 5, 9, 6, 8, 7, 5, 7, 5, 8, 5, 8, 9, 7, 8, 9, 5, 6, 7, 9, 7, 5, 7, 6, 6, 7, 9, 8, 9, 6, 8, 5], [7, 7, 8, 6, 7, 7, 7, 8, 5, 7, 6, 5, 8, 8, 8, 7, 8, 9, 9, 5, 9, 9, 5, 8, 8, 8, 5, 6, 5, 8, 9, 7, 8, 5, 6, 7, 6, 7, 5, 8, 7, 5, 7, 7, 7, 8, 9, 6, 9, 7], [9, 5, 5, 7, 5, 5, 5, 5, 6, 6, 6, 5, 9, 5, 6, 7, 8, 6, 6, 8, 7, 6, 7, 8, 5, 7, 7, 7, 5, 7, 7, 9, 8, 9, 8, 8, 7, 5, 8, 8, 6, 5, 6, 9, 8, 9, 9, 8, 5, 7], [7, 5, 5, 6, 6, 7, 9, 8, 8, 8, 8, 6, 9, 5, 9, 7, 6, 8, 5, 5, 6, 5, 5, 7, 5, 8, 8, 5, 6, 6, 6, 8, 7, 5, 9, 8, 5, 7, 6, 5, 6, 5, 8, 5, 9, 5, 5, 5, 7, 6], [8, 9, 6, 9, 9, 8, 5, 5, 9, 8, 6, 5, 8, 8, 6, 5, 5, 6, 9, 5, 7, 8, 5, 9, 9, 6, 7, 5, 5, 6, 9, 5, 7, 5, 8, 9, 5, 8, 9, 5, 6, 8, 6, 7, 5, 7, 9, 5, 7, 5], [7, 9, 6, 8, 7, 8, 6, 6, 6, 6, 9, 6, 8, 6, 5, 8, 6, 6, 5, 9, 6, 5, 6, 8, 5, 7, 7, 5, 6, 5, 9, 6, 5, 5, 9, 8, 9, 7, 5, 5, 9, 8, 6, 6, 8, 9, 7, 6, 5, 5], [9, 9, 6, 9, 9, 5, 5, 7, 7, 9, 5, 7, 9, 8, 7, 8, 8, 8, 6, 6, 5, 9, 9, 9, 7, 8, 9, 9, 6, 7, 6, 8, 7, 7, 7, 6, 5, 5, 7, 7, 6, 8, 6, 9, 9, 8, 6, 7, 5, 6], [6, 8, 7, 8, 8, 5, 5, 9, 9, 6, 5, 6, 9, 6, 7, 5, 7, 8, 6, 6, 9, 8, 9, 5, 9, 6, 7, 5, 5, 5, 7, 6, 6, 9, 9, 7, 6, 6, 9, 5, 5, 6, 5, 9, 7, 7, 5, 7, 8, 6], [5, 6, 6, 7, 9, 9, 7, 6, 6, 6, 8, 5, 6, 8, 5, 5, 9, 5, 5, 7, 5, 9, 9, 8, 6, 6, 7, 7, 9, 7, 5, 6, 8, 5, 5, 7, 8, 6, 5, 8, 5, 8, 7, 5, 8, 9, 8, 9, 5, 7], [8, 8, 6, 5, 8, 5, 9, 6, 5, 9, 9, 6, 7, 6, 7, 6, 8, 6, 6, 8, 8, 9, 9, 7, 5, 8, 5, 9, 9, 7, 9, 5, 9, 6, 7, 7, 8, 9, 8, 6, 9, 9, 5, 5, 5, 8, 8, 6, 5, 8], [8, 6, 7, 5, 6, 5, 6, 7, 9, 6, 8, 9, 7, 6, 8, 7, 9, 6, 9, 5, 6, 5, 8, 5, 6, 9, 9, 6, 9, 6, 7, 8, 8, 9, 6, 9, 8, 8, 7, 8, 6, 5, 7, 8, 6, 7, 9, 7, 8, 6], [6, 7, 7, 6, 7, 7, 5, 7, 7, 8, 8, 8, 8, 9, 6, 7, 8, 6, 6, 6, 8, 8, 7, 6, 5, 6, 5, 9, 9, 9, 7, 9, 5, 6, 5, 7, 8, 6, 8, 7, 9, 9, 9, 9, 5, 8, 7, 6, 8, 6], [5, 8, 6, 5, 8, 5, 9, 6, 5, 7, 5, 6, 9, 7, 6, 9, 7, 5, 8, 6, 9, 8, 6, 8, 9, 6, 8, 9, 5, 5, 5, 8, 7, 8, 8, 7, 8, 5, 7, 8, 8, 8, 5, 6, 8, 5, 9, 6, 8, 8], [9, 7, 7, 9, 6, 9, 7, 7, 6, 8, 5, 6, 6, 5, 8, 8, 6, 7, 6, 7, 8, 7, 6, 5, 7, 9, 6, 5, 7, 7, 6, 9, 5, 6, 9, 9, 8, 6, 8, 7, 8, 7, 7, 5, 5, 8, 7, 8, 9, 5], [6, 8, 8, 8, 6, 5, 9, 8, 7, 8, 5, 5, 5, 8, 5, 9, 5, 6, 9, 8, 9, 6, 8, 8, 8, 8, 8, 6, 8, 9, 5, 5, 8, 5, 8, 6, 6, 9, 9, 9, 7, 5, 8, 7, 9, 9, 5, 8, 5, 6], [6, 5, 9, 6, 8, 8, 5, 7, 9, 6, 6, 7, 6, 7, 8, 9, 8, 8, 6, 9, 5, 7, 9, 9, 6, 6, 5, 9, 7, 7, 6, 8, 9, 6, 7, 5, 5, 6, 5, 7, 9, 5, 9, 8, 6, 8, 9, 6, 5, 8], [9, 7, 5, 8, 6, 6, 7, 5, 8, 5, 8, 7, 9, 6, 5, 9, 7, 6, 6, 9, 6, 8, 8, 9, 9, 8, 6, 5, 7, 7, 9, 9, 6, 9, 6, 7, 6, 7, 7, 9, 6, 9, 5, 8, 9, 8, 5, 5, 5, 5], [6, 6, 8, 9, 5, 8, 6, 9, 9, 7, 9, 7, 6, 6, 7, 8, 5, 6, 8, 7, 9, 9, 5, 7, 6, 6, 6, 6, 7, 7, 6, 7, 8, 9, 6, 8, 7, 9, 8, 7, 9, 7, 6, 7, 9, 9, 9, 5, 9, 9], [5, 8, 7, 8, 7, 7, 6, 5, 7, 8, 9, 8, 5, 6, 5, 8, 5, 8, 6, 6, 6, 5, 5, 9, 8, 9, 5, 9, 7, 9, 5, 8, 7, 5, 5, 7, 7, 5, 6, 8, 9, 6, 5, 5, 6, 5, 9, 6, 5, 7], [7, 8, 7, 7, 9, 9, 6, 5, 7, 5, 7, 8, 9, 8, 8, 6, 6, 7, 9, 9, 5, 8, 9, 5, 8, 9, 6, 6, 7, 7, 9, 9, 9, 5, 6, 5, 9, 7, 8, 5, 8, 5, 6, 8, 6, 5, 5, 8, 5, 9], [6, 8, 6, 9, 5, 5, 8, 6, 5, 6, 7, 7, 6, 7, 6, 5, 9, 7, 7, 5, 7, 8, 6, 9, 9, 6, 8, 9, 8, 8, 6, 8, 9, 7, 7, 6, 9, 8, 7, 5, 7, 5, 6, 5, 7, 5, 6, 7, 8, 5], [6, 7, 7, 8, 7, 5, 7, 6, 5, 9, 5, 8, 8, 6, 9, 9, 5, 8, 6, 7, 9, 9, 8, 9, 7, 9, 7, 8, 9, 7, 6, 6, 6, 8, 8, 7, 6, 5, 6, 7, 8, 7, 6, 7, 9, 8, 9, 8, 8, 9], [6, 8, 8, 6, 5, 8, 9, 6, 9, 6, 7, 7, 8, 5, 7, 5, 7, 6, 5, 6, 6, 9, 6, 7, 9, 7, 8, 6, 7, 5, 5, 5, 5, 8, 8, 6, 7, 9, 5, 9, 6, 5, 6, 5, 5, 6, 6, 5, 6, 8], [7, 5, 5, 8, 5, 6, 5, 5, 7, 7, 9, 9, 8, 6, 8, 8, 7, 8, 8, 5, 9, 5, 8, 7, 6, 8, 6, 9, 7, 5, 7, 5, 8, 8, 9, 6, 9, 7, 6, 7, 8, 5, 5, 6, 5, 8, 7, 6, 6, 6], [9, 9, 6, 7, 9, 7, 7, 5, 8, 5, 8, 8, 7, 8, 6, 8, 5, 5, 9, 8, 5, 7, 5, 8, 7, 8, 7, 6, 5, 6, 9, 5, 8, 7, 7, 9, 8, 7, 6, 6, 8, 7, 6, 8, 9, 5, 6, 5, 5, 5], [6, 6, 6, 7, 6, 9, 5, 5, 9, 6, 7, 8, 7, 5, 9, 8, 8, 9, 9, 9, 5, 9, 9, 9, 6, 8, 5, 6, 6, 7, 6, 8, 6, 7, 6, 7, 9, 8, 9, 6, 9, 5, 6, 7, 6, 5, 5, 9, 6, 8], [5, 6, 9, 8, 8, 5, 8, 7, 8, 6, 6, 9, 9, 8, 5, 6, 9, 9, 9, 6, 6, 8, 5, 7, 9, 9, 6, 9, 9, 8, 7, 5, 7, 8, 7, 5, 8, 8, 5, 6, 6, 7, 8, 5, 7, 8, 8, 7, 6, 5], [7, 7, 9, 8, 9, 5, 7, 8, 6, 9, 7, 6, 8, 9, 5, 6, 7, 5, 6, 9, 5, 6, 8, 7, 5, 7, 9, 6, 9, 9, 8, 6, 8, 8, 7, 5, 6, 6, 5, 9, 9, 7, 5, 9, 6, 7, 7, 5, 7, 8], [8, 8, 5, 7, 6, 9, 6, 6, 6, 8, 8, 5, 8, 9, 6, 7, 5, 7, 5, 9, 8, 8, 7, 7, 6, 9, 7, 7, 8, 5, 6, 9, 9, 9, 8, 6, 8, 9, 9, 9, 6, 7, 9, 8, 8, 5, 9, 9, 7, 9], [7, 9, 7, 9, 9, 5, 5, 8, 9, 8, 9, 7, 8, 5, 8, 5, 9, 7, 7, 6, 6, 8, 6, 5, 9, 7, 5, 6, 5, 7, 6, 5, 5, 5, 8, 7, 9, 8, 8, 7, 5, 7, 6, 6, 7, 6, 9, 9, 9, 7], [7, 6, 7, 7, 9, 7, 6, 6, 9, 7, 7, 6, 8, 5, 9, 8, 9, 7, 5, 7, 9, 6, 5, 9, 9, 9, 9, 6, 6, 5, 9, 8, 9, 6, 7, 6, 9, 5, 8, 9, 9, 5, 8, 8, 9, 5, 8, 5, 9, 5], [8, 8, 9, 5, 9, 9, 8, 5, 9, 7, 7, 6, 5, 8, 8, 7, 7, 7, 5, 6, 7, 9, 8, 6, 7, 7, 9, 7, 7, 9, 8, 9, 7, 6, 5, 5, 8, 8, 9, 7, 8, 5, 5, 6, 9, 6, 9, 8, 8, 8], [9, 7, 6, 7, 5, 9, 6, 8, 9, 5, 7, 7, 5, 7, 5, 9, 9, 5, 6, 6, 6, 6, 5, 7, 7, 9, 7, 9, 8, 8, 9, 9, 7, 6, 5, 7, 9, 8, 5, 9, 7, 8, 6, 7, 9, 6, 6, 6, 6, 9], [6, 6, 8, 9, 6, 9, 9, 7, 6, 7, 5, 8, 5, 9, 9, 8, 6, 9, 9, 7, 9, 9, 7, 9, 7, 6, 5, 9, 9, 8, 6, 7, 8, 6, 7, 5, 8, 8, 9, 5, 9, 9, 5, 8, 6, 6, 9, 9, 7, 7], [5, 5, 8, 7, 8, 5, 8, 6, 5, 9, 6, 8, 8, 6, 8, 6, 8, 6, 9, 8, 9, 7, 7, 8, 7, 7, 6, 9, 8, 5, 7, 5, 7, 7, 6, 9, 5, 5, 7, 6, 6, 5, 6, 9, 5, 8, 5, 7, 5, 5], [6, 9, 7, 6, 9, 6, 6, 8, 8, 9, 6, 8, 7, 8, 7, 8, 6, 6, 8, 6, 8, 8, 6, 5, 9, 5, 5, 7, 5, 8, 5, 6, 6, 5, 9, 8, 6, 7, 8, 5, 8, 9, 9, 6, 7, 9, 5, 8, 9, 6], [8, 6, 7, 7, 6, 7, 6, 8, 5, 9, 5, 7, 5, 8, 9, 7, 7, 8, 5, 6, 5, 8, 8, 6, 8, 5, 7, 8, 8, 6, 7, 9, 5, 6, 5, 7, 9, 5, 6, 9, 7, 7, 7, 7, 5, 6, 8, 5, 9, 9], [7, 6, 5, 8, 7, 9, 5, 5, 9, 5, 9, 7, 5, 7, 5, 6, 9, 8, 9, 7, 9, 5, 7, 7, 5, 7, 6, 6, 6, 7, 7, 6, 7, 8, 5, 8, 7, 9, 7, 8, 8, 9, 7, 6, 9, 9, 7, 6, 9, 6], [6, 6, 7, 8, 9, 6, 6, 6, 8, 9, 7, 5, 8, 8, 8, 6, 7, 9, 5, 9, 9, 7, 9, 8, 9, 6, 9, 7, 6, 8, 6, 6, 9, 9, 5, 6, 9, 8, 7, 6, 7, 9, 7, 9, 9, 7, 6, 5, 5, 6], [7, 5, 8, 8, 6, 6, 9, 8, 7, 8, 5, 5, 5, 5, 6, 8, 5, 6, 5, 9, 6, 8, 9, 7, 5, 9, 7, 6, 9, 7, 7, 8, 5, 8, 8, 9, 8, 9, 5, 5, 8, 6, 5, 5, 6, 9, 8, 7, 6, 5], [8, 6, 5, 6, 8, 5, 6, 9, 7, 8, 6, 8, 5, 9, 9, 6, 8, 6, 8, 6, 6, 9, 7, 6, 6, 5, 8, 6, 5, 8, 9, 6, 5, 7, 5, 5, 6, 8, 7, 7, 5, 7, 9, 9, 5, 9, 6, 6, 6, 7], [8, 8, 8, 5, 6, 5, 6, 8, 9, 6, 8, 8, 5, 9, 7, 8, 7, 8, 5, 9, 8, 9, 8, 6, 5, 5, 7, 9, 8, 9, 6, 7, 6, 5, 9, 9, 6, 7, 7, 7, 7, 8, 8, 7, 6, 5, 6, 7, 7, 7], [6, 9, 6, 9, 8, 7, 5, 7, 5, 6, 9, 5, 6, 9, 7, 5, 6, 5, 7, 6, 5, 9, 5, 7, 9, 6, 9, 5, 6, 6, 6, 8, 9, 7, 7, 9, 6, 6, 9, 6, 9, 9, 9, 9, 7, 9, 6, 8, 6, 8], [9, 9, 5, 8, 8, 8, 8, 9, 6, 9, 6, 7, 5, 7, 9, 8, 5, 5, 8, 6, 9, 6, 7, 5, 7, 6, 7, 5, 9, 7, 6, 6, 7, 8, 7, 5, 5, 5, 8, 5, 7, 6, 8, 8, 6, 8, 7, 8, 7, 7], [5, 8, 8, 8, 6, 9, 7, 8, 7, 5, 5, 5, 7, 8, 9, 6, 7, 5, 7, 5, 7, 8, 8, 5, 9, 5, 8, 8, 5, 8, 9, 8, 9, 9, 5, 8, 7, 9, 6, 5, 7, 9, 6, 7, 9, 6, 8, 5, 7, 9], [9, 6, 7, 5, 5, 7, 5, 5, 7, 6, 9, 7, 9, 6, 8, 6, 9, 6, 7, 9, 5, 6, 5, 7, 7, 6, 6, 9, 7, 7, 6, 9, 6, 6, 9, 9, 5, 5, 7, 9, 8, 5, 7, 5, 5, 6, 5, 7, 8, 8], [7, 6, 5, 7, 8, 5, 5, 9, 6, 7, 8, 9, 7, 6, 6, 8, 8, 7, 7, 8, 7, 5, 6, 5, 6, 7, 5, 5, 9, 9, 5, 6, 7, 9, 6, 6, 9, 9, 7, 8, 8, 7, 5, 9, 8, 9, 7, 7, 9, 5], [5, 8, 6, 5, 7, 8, 9, 8, 6, 5, 5, 8, 7, 7, 9, 8, 7, 6, 8, 7, 9, 8, 9, 6, 6, 5, 5, 5, 5, 5, 7, 9, 6, 5, 7, 5, 7, 6, 7, 8, 5, 6, 5, 8, 7, 8, 9, 7, 9, 8], [8, 6, 6, 9, 8, 9, 5, 7, 5, 9, 6, 8, 5, 8, 6, 8, 8, 7, 6, 5, 6, 8, 9, 9, 7, 9, 8, 5, 7, 9, 8, 8, 7, 6, 7, 5, 7, 7, 9, 6, 7, 8, 8, 7, 9, 9, 8, 9, 5, 7], [5, 5, 6, 5, 5, 6, 5, 7, 9, 7, 8, 5, 6, 5, 7, 5, 9, 7, 5, 8, 6, 9, 8, 6, 6, 5, 8, 5, 5, 6, 9, 6, 7, 8, 8, 8, 7, 6, 5, 7, 8, 7, 7, 6, 5, 6, 8, 7, 9, 9], [6, 5, 9, 6, 8, 8, 9, 5, 7, 5, 5, 5, 7, 7, 5, 9, 5, 7, 6, 9, 7, 7, 8, 5, 7, 8, 6, 7, 6, 8, 6, 7, 8, 5, 8, 9, 9, 8, 7, 5, 5, 8, 6, 6, 8, 9, 5, 5, 5, 9], [8, 6, 6, 7, 8, 7, 6, 9, 6, 5, 7, 5, 7, 8, 8, 8, 9, 6, 7, 7, 8, 9, 6, 9, 6, 8, 7, 5, 9, 8, 9, 5, 8, 6, 6, 5, 8, 9, 7, 8, 9, 9, 5, 5, 8, 6, 6, 5, 8, 9], [7, 9, 6, 8, 7, 9, 8, 5, 7, 6, 9, 5, 7, 8, 9, 5, 5, 5, 8, 5, 7, 8, 8, 9, 7, 6, 8, 5, 8, 9, 5, 7, 6, 7, 8, 6, 6, 5, 5, 7, 8, 5, 8, 6, 7, 6, 6, 9, 7, 6], [9, 6, 6, 5, 8, 5, 9, 8, 7, 6, 9, 9, 7, 6, 9, 7, 5, 9, 7, 5, 6, 7, 9, 6, 6, 7, 9, 5, 5, 6, 8, 9, 9, 9, 7, 9, 7, 6, 9, 5, 9, 7, 9, 6, 6, 5, 6, 9, 6, 5], [7, 5, 7, 7, 8, 5, 9, 8, 8, 5, 5, 8, 8, 8, 7, 7, 8, 7, 7, 5, 9, 7, 6, 5, 9, 6, 5, 8, 9, 5, 6, 9, 8, 9, 6, 6, 9, 7, 9, 5, 9, 8, 9, 7, 9, 7, 9, 9, 8, 6], [5, 8, 6, 8, 5, 7, 8, 8, 6, 7, 6, 8, 5, 9, 6, 6, 6, 6, 5, 8, 9, 7, 5, 8, 5, 7, 6, 6, 5, 9, 7, 6, 6, 9, 5, 5, 9, 9, 7, 6, 8, 8, 8, 9, 9, 6, 9, 7, 9, 8], [9, 9, 9, 7, 9, 8, 9, 8, 7, 7, 9, 7, 7, 5, 7, 9, 7, 5, 9, 5, 7, 6, 9, 5, 9, 7, 7, 7, 6, 7, 9, 9, 7, 8, 5, 8, 6, 5, 9, 9, 6, 8, 8, 8, 6, 9, 6, 8, 8, 7], [8, 7, 5, 5, 6, 8, 7, 9, 6, 8, 5, 8, 7, 5, 9, 5, 5, 5, 6, 5, 8, 7, 5, 9, 9, 7, 6, 7, 5, 9, 6, 8, 9, 6, 6, 5, 6, 7, 9, 5, 7, 9, 8, 6, 5, 7, 5, 5, 6, 7], [8, 9, 7, 7, 6, 8, 7, 7, 9, 9, 9, 9, 7, 9, 7, 5, 6, 9, 7, 9, 5, 5, 8, 5, 8, 5, 5, 9, 7, 8, 5, 6, 5, 7, 6, 7, 7, 9, 6, 8, 9, 8, 9, 6, 5, 6, 6, 5, 8, 6], [5, 9, 9, 7, 6, 9, 8, 6, 9, 5, 8, 6, 5, 9, 7, 5, 8, 5, 5, 6, 7, 6, 7, 8, 6, 5, 5, 9, 6, 8, 9, 5, 8, 7, 9, 6, 5, 6, 8, 5, 5, 6, 5, 5, 9, 8, 9, 5, 9, 8], [9, 8, 7, 5, 7, 9, 9, 6, 9, 7, 5, 9, 7, 6, 7, 8, 6, 8, 8, 9, 8, 6, 6, 9, 7, 9, 8, 5, 9, 9, 7, 8, 9, 5, 9, 7, 8, 8, 6, 7, 5, 5, 7, 8, 7, 9, 8, 7, 9, 7], [8, 6, 9, 8, 7, 6, 5, 6, 9, 8, 6, 6, 9, 7, 8, 9, 5, 9, 6, 8, 6, 8, 5, 8, 8, 9, 5, 9, 9, 7, 5, 7, 8, 6, 6, 8, 8, 7, 9, 8, 5, 9, 6, 5, 7, 8, 8, 5, 9, 9], [6, 6, 6, 5, 8, 6, 5, 6, 8, 8, 7, 6, 6, 7, 5, 5, 7, 8, 7, 6, 7, 6, 6, 5, 5, 8, 7, 9, 8, 7, 6, 9, 6, 6, 6, 6, 6, 5, 5, 9, 8, 5, 9, 5, 9, 5, 9, 5, 5, 6], [7, 9, 8, 5, 6, 9, 6, 8, 9, 8, 8, 5, 6, 9, 8, 7, 7, 7, 9, 9, 8, 7, 7, 5, 7, 7, 7, 5, 5, 9, 8, 9, 9, 6, 9, 8, 8, 7, 7, 6, 5, 9, 7, 7, 9, 8, 5, 9, 6, 5], [7, 7, 8, 6, 7, 7, 7, 8, 5, 5, 6, 7, 6, 5, 9, 6, 8, 6, 8, 9, 5, 8, 6, 7, 5, 8, 5, 8, 8, 6, 8, 9, 6, 7, 5, 8, 9, 8, 5, 5, 8, 8, 7, 6, 6, 8, 7, 9, 5, 9], [7, 5, 6, 9, 8, 6, 8, 6, 8, 6, 5, 7, 7, 8, 6, 6, 8, 5, 8, 8, 7, 6, 8, 8, 6, 7, 9, 7, 6, 8, 9, 9, 5, 5, 6, 9, 8, 9, 7, 9, 5, 6, 7, 7, 8, 6, 6, 9, 6, 5], [6, 8, 7, 5, 7, 7, 9, 5, 7, 6, 7, 9, 9, 8, 7, 8, 5, 6, 5, 8, 7, 7, 5, 6, 9, 6, 9, 5, 6, 7, 6, 9, 7, 7, 7, 9, 7, 5, 9, 9, 8, 9, 9, 8, 5, 5, 8, 7, 7, 8], [8, 9, 6, 9, 6, 5, 5, 6, 7, 5, 6, 5, 8, 7, 7, 9, 6, 7, 6, 9, 8, 8, 6, 5, 7, 9, 8, 6, 5, 8, 9, 6, 7, 5, 7, 8, 8, 9, 9, 5, 8, 8, 5, 7, 9, 9, 8, 6, 5, 9], [7, 9, 5, 7, 8, 7, 8, 6, 7, 5, 5, 7, 8, 9, 8, 8, 8, 8, 8, 9, 8, 6, 8, 7, 9, 6, 9, 7, 6, 5, 7, 6, 9, 6, 5, 9, 5, 6, 8, 6, 8, 5, 9, 5, 5, 5, 6, 5, 6, 8], [9, 8, 6, 5, 8, 5, 9, 7, 6, 5, 8, 6, 8, 5, 5, 5, 6, 6, 7, 8, 7, 9, 5, 9, 9, 8, 9, 8, 9, 6, 5, 5, 7, 9, 7, 9, 7, 6, 7, 5, 5, 6, 6, 8, 7, 7, 7, 8, 7, 6], [6, 8, 6, 6, 8, 5, 5, 9, 6, 8, 9, 9, 5, 7, 8, 6, 8, 6, 6, 8, 8, 9, 6, 5, 6, 8, 9, 9, 9, 6, 9, 5, 6, 9, 6, 8, 8, 8, 8, 8, 6, 8, 8, 5, 7, 8, 9, 6, 6, 7], [5, 6, 5, 9, 9, 7, 8, 9, 7, 9, 6, 9, 5, 7, 8, 8, 5, 6, 9, 9, 7, 6, 7, 7, 9, 7, 5, 9, 5, 8, 9, 7, 6, 9, 6, 9, 7, 7, 9, 9, 6, 9, 6, 6, 8, 7, 8, 6, 5, 9], [5, 8, 9, 8, 6, 6, 7, 6, 7, 9, 5, 9, 5, 5, 5, 7, 8, 7, 9, 7, 6, 6, 8, 6, 8, 6, 9, 9, 6, 6, 7, 9, 9, 5, 6, 7, 5, 5, 5, 5, 6, 7, 5, 7, 6, 8, 6, 6, 6, 6], [6, 8, 6, 7, 6, 6, 9, 5, 8, 9, 8, 9, 9, 6, 5, 6, 9, 6, 9, 8, 5, 8, 8, 9, 6, 7, 7, 6, 9, 8, 5, 6, 6, 7, 9, 7, 8, 9, 9, 5, 6, 6, 7, 8, 7, 5, 9, 9, 6, 8], [6, 6, 7, 6, 7, 8, 7, 5, 5, 8, 7, 8, 6, 7, 7, 8, 7, 5, 5, 5, 9, 6, 5, 9, 8, 7, 8, 9, 7, 8, 5, 9, 8, 8, 6, 5, 5, 8, 7, 9, 9, 8, 8, 5, 6, 6, 7, 8, 8, 7]]
Demand for each product in each period d: 
[[45, 4, 3, 14, 38, 7, 7, 19, 42, 33, 43, 25, 44, 35, 17, 0, 8, 34, 28, 0, 12, 36, 13, 1, 26, 32, 6, 6, 10, 0, 30, 29, 25, 14, 43, 8, 41, 10, 0, 1, 48, 26, 38, 2, 0, 44, 5, 2, 48, 8], [45, 19, 44, 36, 36, 32, 21, 19, 48, 40, 0, 48, 4, 10, 5, 14, 22, 45, 12, 32, 25, 3, 3, 25, 29, 47, 14, 14, 41, 14, 5, 23, 6, 38, 28, 44, 31, 0, 45, 15, 9, 19, 42, 22, 43, 27, 0, 3, 28, 13], [6, 45, 7, 17, 14, 31, 45, 45, 12, 3, 47, 6, 41, 8, 21, 44, 22, 3, 44, 20, 42, 38, 30, 36, 46, 33, 2, 13, 28, 36, 35, 17, 13, 21, 4, 0, 28, 33, 9, 49, 49, 16, 49, 0, 26, 49, 41, 44, 41, 21], [28, 17, 48, 34, 44, 11, 47, 44, 20, 23, 13, 0, 25, 11, 28, 0, 27, 15, 47, 28, 1, 22, 13, 30, 28, 12, 49, 34, 39, 12, 18, 23, 37, 12, 29, 36, 24, 16, 21, 2, 20, 39, 11, 0, 21, 18, 19, 19, 41, 10], [1, 47, 29, 4, 35, 37, 19, 38, 48, 44, 48, 45, 37, 3, 22, 12, 30, 42, 10, 32, 2, 45, 37, 8, 49, 18, 20, 31, 26, 40, 40, 28, 12, 1, 47, 23, 8, 37, 4, 9, 20, 23, 5, 23, 39, 12, 0, 36, 11, 0], [7, 47, 11, 36, 5, 28, 15, 37, 38, 33, 2, 9, 48, 40, 2, 15, 31, 11, 40, 0, 34, 44, 27, 35, 12, 9, 16, 22, 33, 48, 5, 28, 15, 28, 38, 18, 9, 37, 31, 22, 34, 14, 46, 31, 22, 47, 32, 8, 13, 25], [45, 0, 44, 18, 3, 43, 1, 26, 43, 38, 13, 43, 22, 20, 7, 23, 25, 41, 12, 34, 39, 8, 47, 4, 38, 13, 11, 2, 0, 9, 8, 6, 34, 20, 16, 23, 28, 21, 44, 0, 7, 13, 34, 0, 43, 46, 46, 37, 4, 3], [16, 48, 5, 20, 32, 25, 0, 43, 11, 32, 3, 15, 42, 9, 34, 4, 23, 9, 43, 22, 20, 9, 33, 0, 24, 26, 20, 48, 0, 11, 40, 17, 0, 47, 6, 6, 49, 26, 33, 0, 23, 15, 31, 41, 35, 39, 29, 12, 24, 10], [23, 5, 25, 1, 42, 32, 1, 2, 33, 24, 38, 0, 48, 42, 7, 2, 29, 36, 40, 0, 14, 5, 16, 37, 9, 29, 21, 22, 28, 41, 13, 32, 9, 37, 45, 0, 28, 45, 29, 22, 28, 35, 25, 4, 35, 24, 0, 2, 49, 16], [10, 0, 34, 7, 41, 35, 44, 24, 24, 38, 5, 39, 33, 8, 0, 31, 39, 37, 9, 2, 0, 41, 5, 40, 40, 14, 31, 30, 20, 5, 22, 48, 0, 21, 11, 6, 30, 23, 36, 0, 11, 46, 16, 41, 32, 32, 32, 18, 33, 4], [20, 16, 5, 7, 0, 21, 15, 33, 45, 9, 2, 38, 20, 41, 29, 42, 37, 42, 42, 10, 27, 0, 7, 39, 17, 47, 3, 49, 23, 9, 18, 42, 27, 43, 2, 1, 0, 17, 4, 43, 33, 48, 39, 5, 16, 32, 44, 21, 48, 40], [0, 43, 17, 23, 10, 4, 43, 14, 7, 12, 0, 46, 29, 36, 3, 0, 41, 11, 22, 0, 0, 5, 8, 33, 5, 48, 38, 0, 49, 47, 48, 27, 8, 20, 47, 14, 11, 21, 43, 9, 32, 45, 46, 22, 40, 20, 46, 4, 0, 14], [0, 24, 13, 38, 1, 27, 33, 49, 0, 11, 26, 41, 34, 46, 29, 48, 35, 22, 0, 34, 13, 23, 24, 31, 18, 14, 2, 48, 6, 12, 32, 40, 9, 35, 33, 25, 35, 43, 40, 20, 27, 32, 11, 9, 45, 15, 24, 3, 27, 16], [21, 3, 34, 47, 44, 48, 30, 13, 12, 24, 15, 5, 15, 29, 13, 14, 18, 29, 44, 6, 14, 0, 31, 32, 49, 22, 43, 0, 49, 25, 28, 9, 34, 0, 16, 41, 26, 12, 47, 19, 0, 9, 43, 12, 2, 18, 15, 40, 23, 4], [29, 39, 0, 41, 20, 0, 0, 16, 31, 6, 49, 22, 34, 35, 40, 36, 25, 44, 11, 7, 38, 37, 8, 17, 1, 48, 14, 5, 36, 32, 16, 19, 14, 4, 34, 48, 7, 36, 20, 33, 48, 0, 42, 33, 22, 17, 44, 6, 5, 3], [27, 49, 36, 47, 0, 20, 36, 46, 44, 40, 0, 34, 28, 27, 37, 4, 21, 14, 34, 12, 2, 43, 28, 18, 34, 10, 5, 39, 37, 24, 46, 25, 30, 0, 48, 45, 22, 6, 0, 45, 27, 21, 48, 41, 11, 41, 1, 20, 20, 7], [11, 18, 0, 10, 36, 3, 29, 16, 0, 49, 47, 19, 9, 44, 0, 49, 36, 10, 4, 16, 49, 21, 5, 1, 21, 11, 24, 14, 49, 33, 43, 39, 25, 0, 2, 9, 26, 44, 36, 1, 2, 33, 45, 10, 48, 38, 26, 25, 4, 15], [38, 38, 2, 19, 30, 7, 14, 48, 10, 0, 38, 38, 35, 20, 22, 49, 34, 44, 12, 36, 8, 14, 39, 0, 6, 15, 22, 33, 21, 15, 4, 31, 43, 43, 12, 17, 40, 22, 45, 46, 44, 34, 26, 25, 16, 20, 32, 13, 20, 28], [3, 6, 44, 0, 0, 19, 19, 0, 19, 11, 34, 31, 22, 29, 35, 34, 32, 44, 41, 40, 33, 13, 17, 14, 4, 39, 27, 8, 42, 20, 18, 6, 16, 38, 30, 33, 1, 12, 7, 21, 14, 10, 47, 15, 29, 33, 29, 15, 3, 5], [3, 1, 5, 35, 26, 13, 33, 9, 23, 46, 20, 33, 31, 42, 45, 29, 34, 19, 25, 45, 23, 5, 25, 42, 23, 26, 18, 32, 1, 48, 36, 21, 49, 46, 0, 28, 9, 15, 48, 35, 30, 26, 38, 9, 36, 1, 16, 0, 48, 4], [40, 0, 18, 43, 46, 20, 29, 43, 40, 20, 35, 1, 27, 20, 33, 0, 48, 41, 29, 15, 13, 15, 18, 10, 1, 47, 48, 11, 41, 43, 27, 46, 39, 28, 32, 0, 48, 11, 35, 6, 46, 45, 28, 29, 27, 0, 45, 45, 0, 5], [29, 28, 4, 24, 5, 10, 40, 20, 39, 47, 44, 9, 3, 0, 22, 12, 14, 25, 24, 14, 0, 2, 33, 34, 10, 38, 49, 29, 19, 0, 10, 1, 10, 9, 0, 8, 1, 47, 42, 14, 38, 21, 34, 8, 1, 0, 48, 19, 27, 16], [44, 6, 27, 4, 0, 15, 14, 2, 0, 41, 33, 24, 49, 33, 37, 13, 5, 18, 0, 3, 46, 27, 38, 10, 19, 10, 3, 48, 42, 2, 17, 9, 34, 30, 0, 20, 17, 17, 11, 39, 38, 0, 7, 49, 31, 39, 38, 34, 29, 41], [28, 44, 37, 26, 0, 11, 33, 23, 11, 0, 17, 34, 10, 17, 48, 1, 46, 48, 12, 35, 9, 48, 23, 0, 31, 28, 40, 46, 4, 35, 45, 31, 46, 21, 47, 48, 49, 30, 42, 46, 31, 4, 22, 33, 19, 13, 24, 0, 19, 38], [17, 8, 14, 41, 24, 43, 28, 4, 9, 35, 24, 9, 49, 5, 32, 49, 32, 0, 7, 25, 48, 1, 1, 37, 35, 19, 29, 46, 48, 41, 12, 19, 9, 32, 22, 35, 28, 13, 7, 40, 19, 49, 47, 27, 34, 28, 46, 17, 1, 34], [15, 49, 8, 0, 15, 18, 40, 42, 22, 19, 8, 3, 32, 45, 8, 28, 0, 33, 0, 37, 23, 14, 1, 11, 49, 7, 44, 39, 45, 19, 0, 42, 31, 42, 14, 4, 2, 23, 23, 48, 0, 28, 48, 23, 22, 0, 7, 10, 43, 26], [28, 14, 21, 32, 48, 46, 3, 38, 46, 43, 37, 2, 2, 46, 23, 33, 19, 45, 43, 30, 13, 47, 0, 5, 1, 39, 28, 1, 21, 2, 25, 48, 10, 20, 7, 9, 21, 42, 19, 46, 16, 34, 0, 40, 18, 49, 0, 19, 18, 23], [0, 45, 40, 40, 44, 11, 46, 4, 40, 9, 14, 0, 0, 14, 46, 49, 14, 45, 44, 7, 33, 33, 42, 5, 1, 25, 3, 18, 36, 4, 41, 23, 24, 21, 42, 23, 35, 18, 25, 41, 0, 3, 46, 10, 14, 36, 35, 4, 49, 26], [10, 48, 31, 34, 30, 40, 26, 34, 22, 26, 27, 25, 33, 10, 18, 27, 1, 1, 29, 10, 19, 23, 15, 40, 8, 15, 41, 15, 12, 32, 8, 0, 40, 18, 5, 42, 23, 11, 47, 13, 12, 37, 22, 20, 0, 15, 2, 21, 0, 35], [9, 6, 18, 5, 8, 14, 45, 27, 6, 24, 39, 20, 26, 48, 18, 8, 27, 43, 11, 0, 15, 31, 47, 0, 14, 21, 33, 31, 40, 6, 37, 12, 13, 6, 42, 32, 33, 28, 1, 16, 26, 37, 36, 35, 19, 35, 0, 21, 19, 15], [0, 14, 41, 4, 39, 6, 38, 4, 48, 20, 21, 9, 39, 39, 17, 32, 27, 27, 35, 23, 5, 15, 13, 43, 34, 30, 3, 42, 17, 41, 28, 1, 38, 22, 48, 29, 47, 20, 24, 48, 8, 41, 8, 19, 18, 16, 22, 22, 12, 22], [45, 12, 30, 48, 20, 17, 3, 1, 9, 35, 33, 35, 12, 13, 46, 6, 39, 8, 10, 45, 19, 29, 14, 38, 16, 44, 0, 4, 15, 16, 24, 0, 17, 15, 5, 47, 41, 20, 43, 27, 6, 43, 22, 42, 44, 26, 31, 30, 16, 24], [46, 7, 33, 0, 37, 34, 5, 20, 7, 2, 33, 10, 33, 43, 30, 44, 17, 41, 14, 15, 14, 22, 49, 38, 32, 17, 16, 14, 43, 29, 10, 13, 7, 28, 1, 41, 19, 13, 46, 36, 1, 33, 15, 24, 19, 36, 11, 18, 23, 40], [22, 7, 32, 48, 2, 2, 23, 46, 40, 49, 12, 23, 32, 9, 12, 32, 37, 23, 4, 16, 19, 27, 16, 20, 45, 29, 25, 16, 43, 48, 29, 4, 26, 21, 26, 0, 44, 4, 26, 48, 46, 47, 40, 15, 0, 44, 46, 42, 35, 48], [4, 9, 38, 21, 17, 32, 33, 11, 22, 0, 45, 15, 16, 11, 0, 9, 41, 46, 16, 36, 22, 48, 11, 36, 14, 15, 12, 35, 15, 17, 30, 47, 48, 12, 49, 31, 10, 44, 36, 0, 49, 29, 22, 0, 33, 31, 23, 11, 20, 12], [46, 46, 24, 26, 27, 27, 22, 44, 17, 23, 28, 49, 22, 0, 17, 44, 22, 12, 2, 32, 11, 18, 11, 12, 5, 19, 18, 0, 30, 15, 41, 1, 0, 37, 33, 19, 24, 32, 30, 13, 10, 11, 40, 37, 32, 38, 1, 22, 36, 32], [4, 17, 31, 37, 17, 12, 49, 0, 22, 20, 39, 40, 17, 30, 30, 13, 23, 7, 41, 49, 31, 0, 41, 24, 7, 35, 12, 4, 4, 11, 1, 12, 28, 29, 9, 17, 41, 10, 32, 16, 9, 46, 47, 40, 18, 15, 31, 14, 30, 26], [28, 40, 22, 10, 32, 12, 33, 29, 37, 19, 46, 1, 19, 0, 14, 30, 9, 31, 16, 20, 20, 28, 45, 40, 36, 22, 20, 29, 31, 9, 43, 27, 0, 15, 11, 40, 49, 24, 43, 29, 13, 3, 5, 31, 44, 16, 0, 0, 24, 26], [49, 9, 41, 3, 16, 11, 36, 9, 44, 11, 47, 23, 25, 49, 38, 14, 16, 7, 44, 42, 46, 46, 17, 31, 47, 21, 0, 17, 32, 46, 30, 19, 19, 17, 4, 32, 22, 41, 5, 14, 45, 40, 38, 27, 32, 17, 34, 40, 18, 49], [31, 44, 38, 24, 19, 25, 36, 9, 19, 46, 23, 0, 33, 0, 4, 21, 40, 19, 0, 33, 25, 3, 27, 22, 8, 28, 23, 41, 43, 20, 21, 24, 40, 41, 15, 28, 39, 13, 38, 42, 31, 42, 15, 21, 36, 29, 1, 42, 3, 32], [14, 26, 38, 31, 10, 7, 1, 13, 43, 24, 29, 44, 49, 32, 9, 29, 0, 26, 49, 0, 37, 40, 11, 34, 20, 26, 42, 17, 0, 0, 30, 16, 5, 37, 11, 29, 45, 22, 43, 0, 0, 3, 36, 35, 21, 13, 39, 20, 3, 21], [19, 37, 33, 12, 21, 30, 26, 20, 0, 48, 0, 2, 28, 41, 0, 0, 3, 17, 42, 11, 2, 21, 15, 45, 27, 47, 19, 31, 38, 12, 21, 1, 28, 11, 7, 16, 31, 5, 37, 39, 46, 43, 12, 35, 29, 44, 14, 34, 16, 32], [14, 1, 8, 49, 22, 48, 12, 37, 29, 49, 1, 32, 39, 28, 0, 12, 11, 36, 36, 11, 13, 2, 18, 43, 23, 41, 23, 0, 14, 24, 30, 34, 0, 0, 42, 25, 24, 15, 15, 16, 37, 37, 33, 21, 42, 11, 37, 1, 45, 49], [41, 0, 9, 20, 20, 33, 12, 10, 6, 34, 45, 49, 28, 15, 0, 23, 49, 18, 30, 7, 21, 7, 24, 29, 9, 35, 48, 14, 29, 40, 38, 49, 3, 23, 45, 0, 33, 15, 38, 15, 42, 16, 24, 0, 0, 25, 9, 15, 23, 6], [20, 1, 0, 12, 46, 15, 34, 26, 43, 6, 29, 0, 35, 38, 0, 32, 39, 39, 7, 27, 20, 4, 7, 41, 26, 16, 17, 33, 42, 34, 41, 23, 12, 32, 47, 35, 49, 23, 40, 30, 6, 31, 20, 1, 17, 47, 9, 6, 2, 25], [0, 8, 0, 48, 49, 35, 1, 5, 11, 19, 44, 12, 2, 33, 37, 2, 44, 5, 46, 9, 45, 23, 2, 19, 5, 16, 2, 14, 19, 39, 46, 48, 14, 25, 33, 31, 16, 47, 23, 47, 3, 30, 48, 29, 12, 6, 0, 44, 10, 14], [40, 32, 3, 0, 17, 39, 0, 0, 29, 14, 7, 32, 35, 47, 0, 20, 43, 0, 18, 32, 6, 40, 18, 25, 40, 7, 42, 46, 18, 36, 16, 5, 37, 48, 30, 20, 17, 40, 0, 0, 34, 26, 17, 1, 0, 42, 39, 0, 31, 48], [10, 20, 25, 22, 0, 25, 17, 38, 49, 20, 15, 6, 3, 38, 18, 38, 4, 36, 27, 10, 9, 43, 45, 25, 26, 20, 35, 12, 13, 47, 45, 0, 28, 7, 9, 43, 47, 30, 8, 25, 22, 40, 9, 16, 20, 0, 12, 5, 15, 0], [29, 43, 2, 17, 30, 15, 44, 24, 3, 8, 4, 25, 40, 27, 32, 42, 35, 22, 27, 40, 49, 38, 20, 8, 42, 29, 35, 13, 34, 34, 45, 0, 7, 37, 20, 35, 7, 10, 32, 40, 10, 17, 44, 22, 1, 31, 44, 40, 39, 37], [19, 31, 11, 39, 30, 49, 19, 0, 28, 18, 24, 40, 14, 39, 29, 29, 0, 27, 6, 9, 23, 32, 0, 10, 48, 2, 19, 0, 8, 1, 48, 1, 14, 27, 13, 36, 32, 23, 36, 3, 2, 41, 45, 10, 21, 49, 30, 31, 27, 21], [28, 28, 24, 41, 47, 1, 8, 44, 5, 0, 21, 48, 43, 45, 0, 0, 42, 24, 33, 36, 10, 7, 11, 2, 41, 27, 35, 20, 29, 13, 0, 49, 0, 16, 39, 42, 16, 0, 14, 14, 27, 11, 16, 43, 34, 4, 36, 40, 8, 3], [10, 14, 32, 4, 32, 6, 43, 36, 2, 42, 38, 14, 47, 39, 0, 5, 9, 2, 23, 43, 40, 25, 44, 38, 5, 27, 1, 33, 44, 28, 13, 25, 17, 2, 30, 41, 17, 25, 1, 29, 31, 18, 23, 16, 35, 7, 37, 18, 11, 11], [48, 37, 29, 23, 42, 32, 5, 41, 21, 25, 0, 38, 30, 2, 41, 0, 39, 10, 14, 25, 26, 27, 42, 10, 39, 33, 5, 47, 0, 47, 18, 6, 20, 39, 39, 17, 39, 11, 40, 19, 10, 21, 49, 11, 5, 19, 0, 37, 46, 21], [45, 15, 20, 43, 19, 5, 49, 13, 8, 6, 27, 42, 0, 34, 3, 13, 40, 40, 21, 10, 34, 16, 46, 0, 44, 10, 33, 6, 43, 23, 18, 6, 48, 31, 2, 7, 32, 36, 48, 20, 25, 21, 4, 0, 28, 2, 45, 4, 30, 24], [36, 0, 32, 9, 8, 18, 40, 18, 20, 24, 34, 14, 45, 45, 44, 3, 29, 23, 0, 0, 48, 27, 0, 34, 31, 32, 20, 7, 21, 0, 3, 29, 24, 0, 11, 29, 0, 26, 35, 12, 22, 35, 27, 37, 38, 42, 36, 19, 17, 23], [17, 27, 31, 4, 17, 30, 18, 0, 44, 45, 39, 8, 25, 4, 34, 40, 38, 9, 27, 48, 44, 19, 43, 35, 8, 32, 23, 39, 38, 0, 29, 17, 27, 19, 22, 16, 3, 48, 48, 34, 48, 22, 16, 21, 35, 0, 4, 36, 41, 35], [0, 43, 39, 24, 9, 26, 43, 0, 39, 46, 2, 11, 49, 8, 11, 17, 37, 6, 3, 0, 17, 37, 3, 18, 0, 13, 27, 42, 20, 24, 0, 6, 9, 4, 6, 13, 1, 0, 28, 25, 45, 46, 22, 36, 35, 45, 37, 20, 38, 40], [44, 0, 25, 43, 21, 40, 1, 38, 0, 35, 42, 25, 8, 45, 26, 16, 49, 35, 0, 10, 15, 9, 9, 1, 5, 6, 6, 33, 16, 42, 4, 29, 6, 22, 4, 1, 5, 1, 31, 18, 8, 0, 4, 46, 30, 20, 46, 29, 1, 16], [27, 38, 38, 31, 30, 39, 43, 24, 33, 23, 26, 4, 27, 22, 6, 43, 25, 0, 26, 8, 5, 43, 40, 28, 40, 33, 16, 45, 6, 13, 13, 32, 35, 15, 26, 8, 39, 45, 22, 0, 15, 33, 36, 31, 1, 1, 1, 41, 43, 35], [32, 24, 42, 42, 25, 13, 0, 36, 12, 0, 20, 14, 8, 1, 12, 14, 45, 21, 31, 0, 17, 36, 20, 20, 9, 24, 13, 20, 1, 31, 33, 6, 45, 0, 12, 4, 21, 6, 31, 2, 47, 8, 47, 12, 3, 25, 45, 24, 16, 39], [15, 31, 40, 5, 31, 4, 41, 5, 31, 19, 28, 17, 0, 4, 16, 49, 32, 13, 12, 47, 16, 40, 31, 34, 38, 11, 42, 47, 43, 40, 27, 4, 7, 10, 10, 0, 49, 10, 35, 24, 2, 47, 31, 29, 26, 0, 48, 34, 44, 45], [37, 39, 0, 33, 35, 40, 29, 11, 6, 29, 44, 48, 6, 9, 27, 36, 28, 48, 19, 12, 38, 43, 15, 5, 31, 4, 0, 29, 39, 28, 32, 15, 14, 35, 24, 25, 41, 7, 17, 19, 3, 32, 21, 30, 47, 28, 31, 27, 46, 15], [0, 44, 25, 1, 5, 23, 36, 0, 3, 27, 19, 12, 21, 38, 21, 39, 0, 43, 41, 43, 43, 5, 35, 16, 22, 20, 2, 26, 28, 20, 33, 23, 5, 15, 0, 5, 44, 37, 25, 22, 41, 13, 4, 28, 10, 46, 3, 34, 8, 35], [34, 3, 22, 0, 27, 14, 47, 47, 17, 7, 45, 34, 21, 22, 25, 34, 0, 31, 11, 9, 14, 26, 4, 10, 6, 16, 40, 32, 14, 3, 28, 10, 3, 22, 27, 15, 36, 27, 7, 28, 17, 33, 23, 23, 30, 23, 7, 44, 13, 14], [25, 49, 46, 1, 18, 22, 15, 3, 3, 3, 6, 17, 46, 11, 8, 16, 20, 37, 6, 20, 14, 36, 7, 8, 48, 25, 42, 23, 0, 22, 10, 26, 38, 49, 5, 6, 4, 23, 13, 2, 10, 27, 33, 39, 41, 38, 3, 5, 28, 20], [36, 33, 2, 33, 37, 23, 29, 40, 40, 18, 16, 34, 34, 44, 41, 41, 22, 15, 18, 42, 45, 43, 28, 12, 5, 45, 28, 18, 41, 19, 0, 4, 40, 19, 16, 0, 19, 0, 10, 1, 9, 6, 33, 16, 17, 13, 4, 28, 18, 0], [31, 14, 19, 43, 44, 40, 19, 41, 23, 32, 34, 31, 37, 12, 28, 43, 9, 0, 23, 1, 29, 42, 11, 12, 7, 21, 7, 42, 24, 17, 3, 45, 14, 0, 39, 14, 39, 43, 0, 46, 23, 19, 20, 16, 1, 6, 13, 20, 44, 9], [32, 43, 15, 35, 46, 32, 5, 28, 7, 26, 0, 0, 5, 10, 17, 37, 40, 11, 34, 15, 36, 0, 33, 27, 0, 26, 47, 20, 41, 40, 46, 13, 6, 22, 8, 35, 25, 48, 15, 37, 44, 20, 25, 19, 7, 2, 48, 21, 33, 11], [15, 12, 32, 6, 15, 7, 20, 40, 48, 0, 40, 49, 32, 18, 4, 30, 0, 34, 38, 18, 11, 13, 21, 9, 19, 13, 0, 14, 46, 31, 33, 16, 26, 15, 14, 28, 29, 3, 38, 40, 25, 39, 12, 3, 36, 36, 2, 18, 10, 43], [0, 23, 42, 2, 20, 21, 4, 38, 23, 17, 6, 49, 48, 9, 0, 37, 27, 7, 21, 32, 9, 18, 5, 48, 42, 19, 47, 18, 41, 11, 35, 1, 40, 39, 10, 48, 27, 28, 44, 33, 25, 37, 33, 15, 15, 42, 6, 47, 27, 37], [20, 40, 33, 5, 25, 45, 25, 0, 39, 31, 34, 45, 39, 32, 49, 44, 0, 39, 41, 36, 27, 20, 6, 41, 15, 20, 1, 28, 30, 10, 29, 23, 33, 19, 28, 27, 7, 0, 47, 28, 20, 22, 7, 46, 9, 39, 11, 0, 4, 0], [4, 0, 21, 49, 29, 4, 13, 23, 18, 46, 36, 18, 8, 37, 34, 0, 38, 0, 43, 10, 13, 30, 15, 41, 43, 20, 22, 12, 48, 26, 19, 20, 21, 41, 0, 9, 42, 49, 40, 6, 34, 34, 42, 49, 10, 45, 38, 45, 43, 30], [48, 38, 42, 2, 32, 46, 5, 14, 22, 26, 32, 49, 6, 9, 15, 48, 33, 19, 36, 34, 30, 29, 12, 0, 29, 7, 12, 44, 0, 10, 8, 44, 18, 17, 29, 0, 47, 41, 17, 46, 12, 3, 47, 31, 40, 26, 47, 11, 17, 38], [28, 1, 27, 21, 42, 37, 40, 13, 1, 1, 20, 25, 43, 14, 6, 22, 48, 37, 17, 2, 17, 35, 36, 22, 24, 17, 33, 37, 38, 4, 32, 10, 39, 9, 36, 41, 29, 39, 23, 4, 46, 29, 43, 39, 6, 36, 5, 4, 29, 32], [1, 37, 37, 45, 38, 4, 0, 48, 30, 44, 42, 4, 17, 1, 23, 18, 16, 24, 25, 13, 34, 0, 19, 25, 35, 6, 42, 3, 25, 11, 5, 41, 38, 47, 22, 22, 11, 14, 10, 44, 16, 22, 24, 33, 22, 23, 40, 47, 47, 10], [14, 6, 15, 49, 21, 21, 36, 2, 8, 0, 23, 0, 10, 19, 35, 32, 36, 22, 6, 18, 5, 1, 47, 5, 34, 11, 48, 10, 45, 49, 11, 11, 48, 9, 32, 45, 10, 0, 32, 0, 13, 19, 45, 19, 31, 40, 29, 29, 5, 23], [17, 49, 33, 0, 5, 2, 7, 45, 38, 38, 11, 22, 27, 32, 19, 47, 3, 37, 47, 23, 27, 11, 17, 0, 44, 30, 25, 13, 10, 27, 24, 41, 35, 27, 3, 17, 18, 40, 11, 28, 0, 47, 12, 37, 11, 48, 34, 8, 28, 47], [31, 33, 15, 31, 38, 7, 33, 30, 34, 18, 26, 42, 32, 4, 1, 45, 4, 26, 47, 12, 44, 37, 8, 48, 44, 0, 20, 45, 1, 5, 34, 2, 44, 31, 33, 38, 0, 40, 22, 17, 10, 11, 40, 38, 25, 24, 47, 27, 49, 47], [39, 0, 37, 6, 46, 17, 17, 23, 48, 13, 24, 25, 48, 13, 16, 0, 1, 3, 5, 38, 3, 11, 8, 0, 41, 5, 4, 0, 1, 0, 4, 31, 46, 17, 41, 8, 46, 15, 30, 5, 0, 18, 33, 10, 23, 34, 43, 9, 3, 16], [14, 26, 33, 31, 6, 14, 24, 10, 11, 30, 45, 9, 11, 4, 43, 30, 42, 2, 5, 29, 34, 33, 49, 24, 27, 47, 24, 0, 45, 33, 31, 23, 48, 8, 18, 38, 23, 25, 30, 0, 43, 0, 40, 13, 3, 40, 24, 34, 7, 6], [24, 27, 13, 13, 9, 23, 11, 16, 24, 19, 3, 43, 30, 12, 46, 31, 33, 29, 1, 39, 47, 46, 30, 18, 18, 0, 40, 44, 33, 1, 24, 25, 9, 15, 34, 48, 29, 46, 20, 48, 41, 30, 37, 46, 26, 30, 39, 29, 40, 29], [12, 24, 3, 14, 47, 48, 49, 27, 41, 9, 26, 0, 29, 6, 10, 4, 30, 0, 21, 3, 46, 33, 28, 13, 49, 28, 35, 37, 5, 28, 6, 20, 29, 19, 43, 12, 15, 12, 36, 25, 15, 2, 20, 16, 0, 46, 0, 20, 36, 10], [16, 44, 10, 13, 0, 21, 43, 19, 34, 7, 24, 44, 9, 27, 1, 0, 7, 41, 28, 45, 5, 11, 13, 36, 27, 34, 48, 19, 1, 1, 21, 38, 45, 33, 0, 3, 2, 31, 30, 27, 44, 31, 28, 39, 48, 36, 7, 38, 22, 49], [20, 29, 14, 21, 49, 13, 37, 24, 0, 26, 8, 3, 5, 25, 5, 11, 37, 3, 16, 0, 26, 4, 45, 40, 35, 6, 21, 4, 20, 18, 32, 36, 0, 27, 2, 0, 12, 0, 3, 33, 12, 8, 7, 0, 13, 44, 3, 6, 10, 31], [44, 26, 41, 1, 40, 0, 19, 49, 25, 27, 12, 27, 44, 0, 23, 7, 36, 27, 0, 43, 33, 39, 43, 3, 35, 34, 29, 43, 2, 23, 46, 4, 6, 1, 11, 48, 0, 41, 20, 4, 16, 36, 25, 4, 4, 11, 47, 10, 12, 31], [10, 39, 18, 45, 30, 43, 0, 22, 0, 39, 41, 27, 19, 44, 11, 19, 0, 0, 14, 32, 32, 38, 13, 48, 47, 10, 33, 46, 34, 42, 19, 40, 13, 9, 43, 41, 39, 34, 26, 16, 7, 18, 22, 44, 6, 48, 26, 14, 0, 36], [10, 31, 43, 38, 29, 47, 43, 32, 8, 0, 1, 42, 8, 10, 44, 6, 11, 24, 7, 11, 41, 19, 36, 42, 29, 42, 34, 32, 43, 8, 13, 48, 11, 29, 20, 23, 44, 45, 0, 14, 47, 1, 0, 30, 18, 18, 13, 48, 28, 23], [9, 39, 12, 11, 38, 40, 13, 32, 17, 41, 7, 49, 45, 39, 41, 38, 46, 15, 21, 30, 45, 0, 24, 7, 40, 48, 1, 22, 5, 26, 45, 15, 40, 40, 0, 5, 1, 35, 0, 9, 48, 39, 20, 28, 17, 25, 12, 38, 4, 41], [8, 42, 18, 15, 13, 19, 12, 13, 47, 40, 25, 10, 7, 0, 20, 42, 0, 30, 25, 23, 28, 18, 35, 42, 6, 37, 7, 43, 37, 21, 44, 10, 31, 13, 26, 18, 6, 39, 2, 47, 0, 31, 17, 1, 14, 42, 19, 27, 45, 33], [4, 27, 16, 28, 15, 21, 39, 45, 49, 0, 41, 42, 25, 21, 36, 20, 18, 7, 5, 34, 4, 28, 0, 19, 7, 48, 22, 39, 11, 23, 31, 4, 23, 13, 19, 17, 0, 40, 24, 17, 39, 15, 32, 28, 38, 7, 44, 47, 5, 28], [48, 25, 44, 32, 20, 18, 27, 32, 0, 19, 41, 26, 16, 4, 23, 25, 30, 18, 21, 30, 43, 18, 6, 0, 31, 45, 15, 32, 20, 18, 0, 9, 25, 13, 14, 6, 38, 41, 25, 23, 1, 30, 46, 40, 33, 12, 49, 41, 16, 10], [0, 10, 7, 29, 43, 12, 31, 18, 3, 43, 7, 36, 17, 0, 25, 24, 12, 0, 15, 8, 25, 19, 43, 27, 12, 44, 13, 33, 27, 43, 5, 26, 33, 13, 36, 43, 10, 33, 16, 21, 0, 21, 11, 46, 48, 32, 46, 43, 20, 13], [41, 42, 37, 36, 14, 32, 33, 28, 7, 31, 11, 48, 12, 8, 36, 7, 33, 22, 35, 33, 48, 43, 33, 37, 20, 1, 30, 39, 0, 0, 8, 33, 22, 4, 38, 10, 47, 14, 0, 41, 9, 21, 18, 40, 0, 28, 37, 13, 41, 33], [0, 33, 36, 27, 24, 48, 16, 40, 37, 49, 25, 20, 24, 3, 23, 20, 13, 17, 31, 41, 36, 43, 18, 0, 22, 14, 3, 41, 33, 44, 37, 25, 44, 0, 27, 34, 10, 39, 37, 29, 37, 21, 15, 20, 37, 0, 46, 12, 8, 24], [44, 29, 36, 30, 14, 48, 47, 23, 25, 49, 0, 17, 31, 8, 4, 22, 38, 43, 4, 21, 24, 34, 14, 39, 10, 46, 38, 0, 43, 19, 36, 21, 24, 1, 40, 41, 7, 40, 41, 14, 29, 15, 40, 38, 30, 5, 28, 46, 31, 12], [10, 26, 2, 8, 27, 7, 39, 4, 42, 28, 28, 27, 25, 26, 28, 33, 30, 34, 3, 47, 4, 45, 0, 5, 25, 21, 22, 3, 9, 28, 16, 0, 26, 39, 26, 41, 39, 20, 41, 29, 18, 5, 38, 20, 23, 35, 35, 21, 23, 9], [48, 44, 43, 0, 40, 1, 41, 20, 39, 14, 11, 39, 33, 0, 14, 38, 14, 17, 20, 23, 1, 26, 28, 37, 43, 35, 49, 30, 25, 20, 1, 1, 11, 12, 25, 6, 5, 4, 40, 30, 21, 41, 35, 42, 37, 15, 43, 33, 20, 10], [14, 41, 0, 34, 0, 46, 42, 8, 27, 9, 30, 10, 41, 20, 48, 43, 8, 4, 17, 24, 3, 17, 1, 21, 45, 37, 43, 23, 11, 28, 7, 31, 37, 24, 0, 49, 23, 0, 45, 45, 36, 15, 36, 26, 40, 32, 15, 22, 19, 46], [35, 30, 18, 2, 13, 49, 44, 44, 45, 23, 28, 11, 11, 8, 16, 15, 3, 7, 7, 4, 32, 41, 39, 46, 38, 18, 44, 30, 28, 42, 9, 29, 41, 6, 33, 35, 7, 45, 8, 7, 20, 42, 29, 40, 13, 3, 5, 49, 20, 40], [4, 1, 24, 30, 34, 28, 4, 34, 14, 8, 49, 29, 20, 17, 35, 4, 0, 0, 24, 32, 29, 48, 10, 0, 38, 7, 10, 39, 33, 13, 39, 40, 7, 20, 5, 44, 21, 31, 49, 9, 32, 22, 6, 3, 6, 17, 11, 10, 42, 14], [9, 2, 12, 7, 45, 34, 11, 31, 17, 48, 0, 28, 37, 42, 37, 33, 24, 0, 35, 27, 30, 24, 5, 32, 47, 9, 23, 36, 24, 8, 6, 45, 41, 11, 7, 15, 0, 0, 39, 5, 40, 24, 6, 13, 15, 9, 28, 5, 15, 14], [4, 1, 12, 25, 36, 23, 0, 0, 6, 0, 34, 3, 36, 29, 38, 32, 20, 24, 45, 34, 43, 0, 11, 28, 0, 6, 0, 38, 28, 33, 30, 20, 41, 48, 13, 14, 10, 18, 1, 22, 35, 36, 19, 10, 46, 23, 2, 3, 39, 22], [21, 21, 49, 36, 18, 24, 32, 28, 10, 7, 49, 26, 13, 37, 25, 47, 20, 46, 41, 29, 30, 32, 13, 4, 41, 49, 29, 36, 5, 33, 47, 17, 45, 27, 3, 0, 14, 9, 0, 10, 0, 10, 31, 46, 9, 49, 7, 31, 1, 40], [49, 3, 12, 9, 16, 34, 18, 46, 37, 42, 13, 0, 6, 35, 1, 13, 21, 0, 17, 43, 28, 6, 0, 40, 22, 25, 45, 13, 22, 27, 33, 22, 28, 8, 27, 41, 10, 33, 36, 34, 43, 38, 1, 0, 47, 12, 4, 9, 42, 4], [5, 16, 14, 2, 0, 32, 1, 30, 31, 17, 42, 10, 42, 28, 10, 17, 40, 40, 18, 28, 1, 47, 16, 10, 7, 4, 46, 5, 40, 0, 9, 47, 44, 7, 5, 15, 0, 39, 13, 40, 29, 12, 6, 3, 40, 22, 39, 13, 0, 18], [35, 27, 46, 46, 25, 5, 47, 29, 0, 6, 2, 16, 22, 0, 8, 46, 36, 10, 5, 44, 25, 49, 19, 49, 7, 9, 44, 44, 13, 46, 47, 12, 44, 17, 0, 10, 0, 10, 30, 31, 42, 40, 14, 27, 0, 49, 48, 23, 37, 41], [32, 6, 7, 23, 6, 49, 32, 24, 3, 0, 19, 0, 11, 14, 15, 20, 45, 11, 9, 29, 21, 22, 0, 30, 34, 0, 42, 7, 37, 6, 32, 25, 0, 48, 2, 33, 19, 30, 40, 4, 31, 31, 5, 0, 33, 0, 47, 38, 24, 12], [5, 13, 0, 40, 10, 3, 0, 19, 28, 0, 23, 24, 38, 45, 47, 28, 44, 18, 7, 45, 25, 42, 18, 20, 49, 5, 39, 8, 22, 5, 19, 11, 4, 9, 31, 21, 32, 22, 5, 47, 28, 0, 7, 0, 24, 0, 0, 49, 3, 16], [36, 49, 14, 12, 9, 30, 11, 43, 37, 8, 41, 35, 6, 36, 47, 2, 41, 18, 43, 3, 21, 3, 16, 7, 2, 41, 14, 37, 35, 21, 12, 20, 30, 38, 17, 10, 19, 10, 14, 10, 8, 18, 31, 0, 0, 9, 15, 2, 17, 9], [36, 5, 15, 42, 23, 22, 0, 8, 25, 14, 25, 20, 18, 20, 36, 40, 34, 12, 1, 0, 35, 14, 35, 7, 8, 45, 28, 5, 31, 45, 12, 40, 4, 40, 48, 2, 39, 25, 11, 7, 47, 35, 24, 1, 2, 15, 13, 21, 34, 15], [22, 22, 39, 39, 5, 17, 16, 13, 1, 14, 40, 28, 21, 12, 45, 31, 40, 17, 47, 29, 39, 41, 48, 29, 17, 29, 48, 21, 15, 20, 15, 0, 41, 33, 4, 33, 17, 40, 38, 38, 40, 18, 28, 48, 19, 24, 47, 38, 34, 24], [5, 24, 12, 20, 35, 45, 49, 23, 35, 20, 29, 44, 22, 27, 48, 48, 1, 3, 22, 44, 22, 34, 25, 9, 41, 6, 25, 35, 42, 27, 31, 8, 32, 41, 22, 27, 0, 12, 30, 19, 11, 24, 21, 35, 49, 21, 0, 30, 48, 20], [16, 11, 38, 32, 45, 19, 1, 20, 0, 49, 37, 46, 0, 15, 9, 22, 34, 14, 0, 17, 16, 8, 8, 13, 19, 18, 30, 31, 2, 46, 5, 44, 48, 18, 31, 41, 30, 0, 27, 43, 14, 45, 0, 23, 36, 24, 20, 9, 1, 37], [17, 35, 47, 0, 45, 18, 0, 46, 6, 19, 17, 45, 41, 0, 32, 17, 48, 25, 12, 26, 43, 46, 30, 46, 28, 42, 7, 14, 27, 0, 49, 28, 37, 2, 12, 23, 44, 34, 0, 38, 49, 4, 9, 46, 46, 10, 32, 15, 49, 1], [40, 30, 44, 29, 28, 7, 16, 46, 41, 7, 11, 21, 6, 13, 18, 44, 38, 46, 0, 1, 11, 36, 12, 0, 36, 46, 8, 41, 11, 27, 41, 14, 41, 1, 47, 7, 7, 6, 32, 8, 41, 28, 7, 19, 0, 38, 28, 36, 32, 18], [40, 19, 49, 28, 1, 26, 44, 31, 0, 10, 39, 47, 22, 39, 3, 16, 25, 2, 39, 49, 21, 30, 12, 0, 13, 13, 13, 31, 2, 40, 14, 9, 17, 10, 42, 44, 43, 9, 31, 43, 21, 13, 37, 1, 9, 45, 28, 0, 26, 28], [8, 39, 37, 35, 7, 23, 32, 36, 30, 26, 35, 9, 5, 28, 37, 11, 46, 21, 46, 5, 46, 9, 15, 48, 20, 43, 15, 25, 38, 1, 47, 44, 45, 15, 44, 3, 39, 39, 14, 48, 1, 37, 0, 29, 6, 22, 6, 14, 31, 14], [5, 0, 32, 45, 9, 45, 1, 43, 17, 36, 17, 3, 19, 9, 0, 0, 36, 49, 40, 13, 21, 17, 4, 30, 0, 0, 0, 0, 2, 16, 39, 42, 42, 34, 26, 0, 7, 10, 23, 24, 2, 23, 12, 30, 28, 35, 13, 2, 11, 10], [6, 19, 19, 36, 17, 47, 13, 29, 23, 1, 6, 46, 49, 37, 31, 13, 11, 44, 43, 25, 47, 47, 38, 16, 9, 0, 12, 19, 1, 48, 17, 0, 44, 24, 36, 16, 40, 48, 18, 6, 31, 5, 35, 39, 11, 30, 26, 11, 41, 23], [19, 21, 31, 2, 47, 10, 16, 46, 46, 2, 15, 37, 0, 21, 38, 0, 43, 36, 32, 39, 2, 32, 14, 34, 43, 23, 22, 0, 6, 45, 18, 39, 46, 28, 27, 5, 39, 20, 32, 31, 14, 28, 0, 2, 26, 30, 16, 5, 36, 40]]
Maintenance cost in each period m: 
[22822, 19504, 19634, 19013, 22890, 21944, 19228, 19792, 20606, 21827, 20191, 21950, 22769, 22789, 21236, 22273, 20376, 21423, 22865, 22068, 22748, 19829, 19234, 22944, 20239, 19547, 22565, 20707, 21444, 19819, 20327, 21785, 19824, 22394, 20057, 21826, 20400, 22798, 21392, 19517, 20217, 21678, 22397, 20654, 22318, 22765, 19184, 20977, 21993, 19880]
Maximum capacity of the machine cmax: 
5040