Set of periods in the planning horizon T: 
25
Set of products P: 
5
Capacity reduction coefficient alpha: 
0.8
Relative decrease of capacity per set up gamma: 
0.37
Capacity reduction coefficient due to product types beta: 
[0.3, 0.37, 0.25, 0.23, 0.21]
Fixed production cost of each product in each period f: 
[[610, 652, 821, 785, 541, 788, 979, 954, 691, 823, 855, 589, 742, 676, 642, 694, 764, 867, 726, 771, 525, 871, 768, 684, 762], [892, 908, 631, 820, 942, 954, 910, 809, 832, 532, 651, 718, 953, 603, 740, 674, 969, 875, 736, 606, 874, 938, 706, 919, 792], [747, 847, 641, 739, 923, 615, 942, 725, 924, 572, 827, 816, 646, 720, 777, 961, 756, 609, 584, 860, 935, 633, 510, 773, 957], [574, 993, 845, 554, 570, 578, 922, 867, 894, 517, 864, 800, 815, 916, 503, 793, 762, 765, 640, 636, 526, 598, 940, 571, 560], [636, 996, 846, 607, 675, 760, 951, 521, 985, 963, 799, 554, 767, 782, 932, 860, 819, 965, 793, 918, 603, 587, 837, 886, 873]]
Variable production cost per unit of each product in each period p: 
[[12, 12, 12, 11, 10, 12, 10, 13, 13, 10, 10, 12, 13, 12, 11, 11, 10, 13, 13, 11, 12, 11, 10, 12, 10], [11, 11, 12, 10, 10, 11, 12, 13, 10, 13, 13, 11, 12, 13, 11, 12, 12, 10, 12, 13, 12, 13, 12, 10, 12], [10, 12, 13, 12, 13, 13, 13, 13, 12, 12, 10, 13, 13, 13, 13, 10, 11, 12, 11, 11, 13, 12, 13, 10, 12], [11, 11, 10, 11, 13, 11, 12, 13, 12, 11, 10, 12, 12, 12, 11, 10, 12, 13, 12, 13, 13, 11, 10, 11, 10], [10, 12, 12, 12, 13, 12, 13, 13, 13, 13, 12, 12, 10, 10, 10, 13, 12, 13, 10, 10, 13, 12, 12, 11, 13]]
Inventory holding cost per unit of each product by the end of each period h: 
[[7, 7, 8, 8, 7, 5, 9, 5, 8, 7, 6, 9, 9, 6, 6, 9, 8, 9, 7, 9, 8, 7, 8, 6, 9], [6, 9, 5, 8, 5, 5, 5, 5, 5, 6, 9, 5, 6, 8, 8, 8, 9, 7, 9, 9, 5, 6, 8, 6, 5], [5, 7, 8, 7, 6, 7, 5, 8, 6, 6, 6, 8, 6, 7, 6, 8, 8, 8, 5, 7, 7, 9, 7, 6, 9], [9, 7, 6, 5, 6, 5, 8, 5, 5, 9, 5, 9, 7, 7, 6, 6, 6, 5, 6, 6, 6, 6, 5, 9, 7], [9, 5, 8, 5, 5, 6, 8, 5, 7, 7, 7, 7, 9, 7, 7, 7, 8, 8, 8, 6, 8, 8, 6, 8, 7]]
Demand for each product in each period d: 
[[19, 36, 42, 24, 45, 12, 41, 0, 33, 16, 0, 0, 8, 48, 8, 27, 25, 41, 20, 0, 0, 32, 49, 18, 6], [28, 47, 19, 33, 0, 0, 32, 11, 38, 0, 1, 43, 19, 15, 10, 47, 9, 32, 11, 8, 39, 0, 48, 21, 21], [36, 33, 5, 45, 47, 17, 1, 41, 2, 15, 0, 0, 40, 7, 43, 16, 29, 20, 30, 22, 23, 9, 19, 9, 18], [47, 15, 41, 42, 19, 24, 12, 35, 0, 0, 17, 25, 0, 41, 15, 6, 28, 49, 44, 3, 5, 47, 3, 11, 37], [36, 41, 6, 22, 42, 42, 22, 28, 17, 23, 13, 49, 6, 45, 20, 5, 3, 4, 46, 16, 19, 12, 35, 19, 19]]
Maintenance cost in each period m: 
[2744, 4477, 3288, 1625, 1624, 2250, 2062, 4228, 3891, 2340, 4906, 4777, 3528, 1544, 3643, 4490, 2527, 4990, 3088, 4348, 2587, 2552, 4892, 3537, 3945]
Maximum capacity of the machine cmax: 
210