Set of periods in the planning horizon T: 
25
Set of products P: 
30
Capacity reduction coefficient alpha: 
0.8
Relative decrease of capacity per set up gamma: 
0.26
Capacity reduction coefficient due to product types beta: 
[0.33, 0.27, 0.38, 0.28, 0.27, 0.26, 0.33, 0.4, 0.39, 0.34, 0.35, 0.29, 0.28, 0.29, 0.28, 0.33, 0.39, 0.33, 0.4, 0.33, 0.3, 0.24, 0.37, 0.2, 0.3, 0.27, 0.33, 0.35, 0.37, 0.28]
Fixed production cost of each product in each period f: 
[[976, 800, 716, 694, 872, 554, 726, 657, 959, 884, 965, 817, 774, 709, 865, 881, 813, 506, 611, 886, 745, 564, 649, 809, 537], [878, 672, 722, 512, 735, 877, 996, 938, 642, 595, 890, 762, 568, 707, 998, 879, 898, 609, 718, 808, 612, 530, 890, 731, 729], [911, 798, 956, 612, 693, 781, 720, 904, 780, 677, 560, 745, 775, 684, 945, 967, 678, 708, 510, 684, 744, 785, 781, 589, 683], [546, 565, 994, 760, 733, 668, 715, 529, 901, 790, 571, 717, 975, 609, 531, 939, 664, 500, 793, 581, 825, 769, 947, 669, 569], [806, 974, 721, 524, 607, 851, 835, 594, 620, 904, 905, 735, 502, 689, 938, 786, 520, 734, 722, 591, 729, 543, 831, 981, 895], [636, 631, 664, 691, 692, 977, 795, 661, 937, 667, 876, 512, 975, 981, 876, 619, 861, 796, 586, 793, 938, 929, 570, 764, 550], [646, 959, 544, 711, 573, 740, 534, 882, 526, 895, 623, 971, 814, 954, 945, 869, 748, 974, 963, 843, 819, 622, 644, 780, 880], [610, 956, 861, 704, 753, 714, 628, 930, 644, 795, 859, 683, 663, 812, 526, 552, 598, 736, 857, 641, 586, 599, 732, 848, 517], [705, 546, 966, 815, 774, 925, 640, 939, 958, 876, 617, 558, 520, 734, 566, 622, 750, 659, 856, 900, 958, 572, 635, 629, 985], [553, 548, 856, 546, 688, 665, 641, 535, 998, 964, 845, 946, 880, 788, 673, 690, 681, 649, 819, 569, 765, 770, 898, 920, 953], [714, 900, 773, 622, 696, 521, 611, 893, 659, 987, 872, 717, 591, 933, 511, 875, 587, 872, 626, 621, 964, 666, 977, 741, 868], [558, 601, 635, 835, 670, 945, 547, 672, 576, 565, 650, 952, 568, 740, 541, 564, 906, 806, 927, 563, 737, 593, 784, 767, 580], [801, 775, 878, 901, 842, 893, 889, 613, 651, 629, 785, 921, 727, 518, 740, 649, 815, 796, 602, 744, 884, 895, 838, 945, 623], [945, 644, 842, 687, 941, 814, 955, 682, 972, 961, 769, 654, 696, 525, 769, 983, 811, 732, 897, 778, 757, 938, 572, 856, 943], [788, 729, 946, 694, 908, 613, 665, 736, 642, 974, 800, 669, 810, 661, 604, 953, 783, 662, 768, 729, 929, 747, 704, 913, 688], [843, 705, 581, 821, 868, 681, 766, 713, 908, 870, 792, 542, 642, 901, 636, 761, 597, 739, 644, 636, 500, 659, 918, 653, 604], [707, 538, 545, 756, 651, 800, 879, 571, 636, 840, 760, 514, 777, 836, 688, 959, 878, 565, 595, 721, 622, 956, 695, 784, 998], [915, 559, 777, 921, 750, 854, 923, 577, 690, 517, 849, 987, 694, 687, 771, 601, 600, 758, 516, 838, 856, 581, 709, 937, 859], [564, 608, 766, 853, 777, 687, 535, 615, 636, 819, 636, 933, 947, 840, 722, 770, 993, 840, 801, 525, 989, 523, 635, 997, 769], [961, 609, 778, 905, 516, 850, 803, 566, 540, 588, 705, 690, 728, 677, 732, 651, 653, 634, 943, 601, 532, 780, 903, 876, 666], [916, 767, 663, 547, 523, 883, 937, 597, 588, 816, 538, 617, 697, 702, 651, 949, 688, 821, 564, 769, 633, 633, 979, 875, 897], [631, 566, 672, 949, 668, 803, 641, 870, 792, 658, 892, 867, 924, 570, 633, 738, 593, 963, 539, 662, 818, 767, 885, 586, 847], [581, 637, 899, 844, 555, 771, 727, 962, 640, 881, 539, 698, 949, 524, 573, 814, 515, 874, 571, 824, 788, 919, 709, 654, 698], [741, 933, 952, 639, 721, 870, 946, 513, 965, 977, 891, 505, 949, 940, 841, 905, 948, 881, 983, 526, 979, 897, 512, 513, 922], [637, 937, 646, 871, 811, 531, 852, 521, 825, 709, 735, 661, 944, 986, 661, 956, 604, 911, 714, 867, 741, 617, 810, 940, 651], [821, 841, 746, 569, 650, 742, 685, 642, 895, 852, 585, 892, 696, 971, 724, 676, 822, 512, 838, 990, 836, 547, 731, 673, 555], [772, 774, 968, 503, 819, 987, 809, 935, 910, 710, 892, 838, 616, 782, 580, 765, 698, 878, 637, 599, 929, 580, 933, 791, 931], [978, 757, 508, 877, 977, 648, 789, 554, 746, 964, 711, 519, 864, 518, 506, 503, 886, 876, 780, 751, 680, 947, 923, 773, 893], [613, 807, 892, 551, 976, 921, 620, 620, 677, 826, 831, 886, 825, 634, 848, 555, 829, 555, 961, 516, 919, 703, 566, 890, 509], [894, 532, 865, 544, 879, 588, 887, 599, 553, 657, 649, 955, 751, 826, 687, 881, 943, 668, 964, 929, 793, 565, 899, 658, 626]]
Variable production cost per unit of each product in each period p: 
[[10, 12, 12, 11, 13, 12, 13, 10, 12, 11, 13, 12, 11, 13, 10, 13, 10, 10, 12, 12, 10, 10, 13, 10, 10], [13, 13, 10, 10, 11, 13, 11, 12, 11, 11, 13, 13, 10, 11, 13, 11, 11, 10, 10, 10, 11, 12, 10, 13, 10], [11, 10, 10, 12, 12, 11, 12, 11, 11, 11, 13, 13, 12, 12, 11, 13, 12, 12, 11, 11, 12, 13, 12, 10, 13], [13, 11, 11, 11, 12, 11, 12, 13, 10, 13, 13, 11, 10, 10, 10, 12, 12, 11, 10, 11, 12, 13, 10, 10, 13], [12, 11, 11, 13, 10, 13, 12, 13, 11, 10, 13, 10, 13, 10, 12, 10, 12, 11, 11, 11, 12, 13, 13, 13, 10], [11, 13, 12, 10, 13, 12, 10, 11, 13, 12, 10, 12, 13, 10, 11, 11, 10, 13, 10, 12, 12, 10, 10, 11, 10], [10, 10, 10, 11, 12, 10, 12, 11, 10, 12, 11, 11, 10, 12, 11, 12, 11, 10, 13, 13, 10, 10, 13, 11, 11], [13, 13, 13, 11, 13, 13, 10, 12, 10, 10, 12, 12, 12, 10, 11, 10, 11, 10, 13, 11, 12, 11, 13, 10, 10], [13, 11, 13, 12, 13, 10, 10, 11, 11, 13, 11, 11, 13, 12, 10, 13, 11, 10, 10, 11, 10, 10, 10, 10, 13], [12, 10, 11, 10, 12, 11, 10, 13, 10, 10, 11, 12, 11, 10, 11, 11, 10, 11, 11, 11, 10, 12, 12, 13, 10], [13, 11, 10, 12, 10, 13, 11, 10, 12, 13, 12, 13, 10, 12, 11, 12, 12, 11, 10, 10, 12, 13, 12, 11, 10], [12, 10, 12, 10, 12, 10, 10, 11, 10, 13, 10, 13, 10, 12, 11, 12, 12, 13, 12, 12, 13, 13, 11, 13, 13], [11, 11, 12, 11, 12, 13, 11, 11, 12, 13, 11, 13, 11, 10, 13, 10, 13, 13, 13, 11, 13, 12, 12, 11, 10], [13, 11, 12, 10, 11, 11, 11, 12, 11, 12, 11, 11, 11, 11, 10, 13, 10, 13, 11, 11, 11, 11, 10, 10, 13], [12, 13, 10, 11, 12, 13, 10, 10, 12, 13, 11, 10, 10, 11, 12, 10, 11, 13, 12, 10, 13, 11, 11, 12, 13], [10, 10, 13, 11, 10, 11, 12, 13, 13, 11, 12, 13, 10, 13, 12, 11, 10, 12, 10, 10, 12, 11, 10, 11, 12], [11, 12, 12, 11, 10, 10, 12, 11, 11, 10, 10, 11, 11, 13, 13, 13, 13, 11, 12, 12, 10, 13, 13, 13, 10], [11, 10, 11, 12, 10, 10, 10, 11, 12, 10, 12, 12, 12, 10, 11, 10, 10, 13, 13, 10, 12, 12, 12, 13, 10], [13, 11, 12, 13, 13, 13, 10, 12, 10, 11, 13, 12, 12, 10, 12, 11, 12, 13, 12, 10, 11, 12, 10, 13, 13], [13, 12, 13, 12, 11, 11, 11, 12, 10, 10, 10, 13, 13, 10, 13, 10, 10, 13, 12, 13, 10, 12, 10, 12, 10], [11, 12, 13, 11, 13, 10, 12, 11, 13, 12, 10, 10, 10, 13, 11, 12, 13, 11, 12, 11, 10, 10, 13, 11, 10], [12, 11, 11, 13, 13, 10, 10, 13, 10, 10, 12, 11, 10, 11, 10, 13, 12, 11, 13, 13, 11, 12, 13, 11, 12], [12, 13, 12, 13, 13, 12, 10, 13, 10, 13, 12, 12, 10, 10, 13, 12, 11, 11, 11, 11, 12, 13, 12, 12, 12], [13, 12, 11, 11, 13, 13, 13, 12, 13, 10, 13, 12, 13, 11, 11, 13, 13, 11, 10, 10, 13, 12, 10, 11, 11], [11, 13, 11, 12, 13, 12, 11, 13, 11, 11, 10, 11, 12, 11, 13, 13, 10, 13, 11, 10, 13, 10, 12, 11, 11], [11, 12, 12, 10, 11, 10, 11, 10, 12, 11, 11, 12, 13, 11, 13, 11, 12, 10, 11, 10, 11, 13, 13, 10, 10], [11, 11, 13, 10, 10, 10, 11, 12, 13, 12, 12, 12, 12, 11, 12, 11, 13, 13, 11, 12, 13, 12, 12, 12, 10], [13, 13, 10, 10, 11, 10, 10, 10, 11, 13, 10, 11, 13, 11, 12, 11, 10, 10, 13, 12, 12, 11, 13, 11, 12], [13, 13, 11, 13, 10, 11, 13, 10, 10, 10, 10, 11, 13, 10, 13, 13, 10, 13, 13, 12, 10, 11, 13, 13, 13], [11, 13, 12, 12, 11, 10, 10, 12, 12, 10, 12, 10, 12, 10, 11, 12, 13, 10, 11, 13, 13, 12, 10, 12, 10]]
Inventory holding cost per unit of each product by the end of each period h: 
[[5, 9, 8, 9, 6, 9, 8, 8, 7, 8, 6, 9, 8, 7, 7, 9, 6, 7, 5, 8, 8, 6, 5, 8, 5], [7, 7, 5, 7, 9, 9, 8, 7, 6, 7, 9, 8, 5, 8, 8, 8, 9, 7, 8, 5, 6, 8, 9, 8, 8], [7, 8, 7, 9, 9, 5, 9, 8, 9, 9, 5, 6, 8, 8, 8, 7, 5, 8, 9, 9, 6, 7, 5, 6, 9], [5, 8, 5, 5, 8, 5, 8, 9, 6, 8, 9, 5, 6, 6, 9, 9, 7, 5, 7, 6, 8, 9, 7, 8, 7], [6, 5, 6, 5, 6, 9, 6, 8, 5, 6, 6, 9, 8, 7, 6, 6, 9, 9, 5, 7, 8, 7, 8, 9, 9], [9, 8, 7, 6, 5, 5, 7, 9, 5, 6, 9, 7, 7, 8, 8, 5, 6, 8, 7, 6, 9, 8, 5, 8, 9], [6, 7, 8, 7, 5, 6, 6, 7, 8, 6, 9, 6, 7, 8, 5, 9, 5, 6, 7, 5, 9, 6, 8, 8, 7], [9, 9, 5, 9, 6, 9, 7, 9, 7, 8, 7, 9, 9, 9, 5, 8, 5, 9, 6, 8, 6, 8, 9, 9, 6], [7, 5, 8, 9, 8, 9, 7, 6, 6, 7, 5, 5, 6, 6, 6, 5, 7, 5, 7, 9, 7, 9, 6, 8, 8], [5, 8, 7, 7, 6, 9, 8, 7, 6, 8, 7, 9, 7, 8, 6, 7, 7, 8, 7, 6, 6, 9, 6, 5, 7], [9, 6, 6, 8, 7, 5, 7, 9, 8, 7, 5, 8, 9, 6, 5, 9, 5, 8, 6, 8, 5, 7, 7, 5, 8], [7, 5, 9, 8, 5, 5, 5, 5, 8, 8, 6, 7, 7, 9, 9, 8, 9, 5, 8, 7, 8, 5, 5, 9, 8], [5, 5, 9, 7, 5, 7, 8, 6, 5, 8, 6, 9, 5, 6, 7, 9, 5, 8, 6, 8, 8, 5, 5, 5, 8], [6, 6, 8, 6, 7, 6, 7, 6, 7, 7, 6, 8, 6, 6, 7, 7, 6, 5, 6, 8, 7, 5, 7, 7, 7], [7, 8, 5, 5, 7, 8, 5, 5, 6, 8, 7, 7, 7, 7, 9, 8, 9, 5, 5, 9, 6, 7, 8, 9, 7], [6, 8, 6, 8, 8, 5, 8, 6, 8, 7, 6, 9, 7, 6, 7, 6, 8, 9, 6, 7, 5, 6, 8, 7, 5], [8, 6, 8, 7, 8, 9, 8, 6, 6, 9, 8, 7, 6, 9, 6, 5, 5, 9, 9, 9, 9, 7, 5, 9, 9], [9, 9, 8, 5, 6, 8, 6, 8, 8, 5, 9, 6, 6, 8, 7, 6, 9, 9, 7, 9, 9, 6, 7, 6, 8], [5, 8, 9, 6, 7, 5, 6, 9, 5, 6, 9, 6, 9, 6, 5, 6, 7, 5, 5, 8, 5, 9, 6, 7, 8], [9, 8, 5, 8, 7, 9, 7, 9, 8, 7, 8, 5, 9, 9, 8, 7, 6, 7, 5, 9, 7, 8, 7, 9, 6], [7, 8, 6, 8, 9, 9, 9, 7, 8, 9, 8, 5, 7, 7, 9, 7, 6, 9, 8, 8, 8, 6, 8, 6, 8], [9, 5, 9, 8, 6, 5, 8, 8, 5, 7, 6, 6, 9, 8, 9, 8, 6, 7, 6, 9, 7, 9, 7, 9, 5], [7, 7, 7, 9, 7, 9, 8, 8, 9, 5, 5, 8, 9, 7, 8, 8, 9, 9, 7, 8, 8, 8, 7, 7, 6], [9, 9, 8, 8, 6, 5, 7, 6, 5, 5, 8, 9, 5, 8, 6, 8, 7, 7, 6, 6, 6, 8, 7, 9, 9], [6, 5, 5, 6, 6, 9, 9, 8, 8, 6, 5, 9, 9, 9, 9, 6, 7, 7, 5, 9, 8, 6, 7, 8, 5], [5, 5, 5, 6, 5, 7, 7, 8, 8, 7, 8, 6, 6, 7, 5, 7, 5, 7, 7, 5, 6, 5, 8, 9, 7], [8, 8, 7, 8, 8, 5, 6, 6, 8, 6, 6, 6, 8, 9, 6, 7, 7, 9, 8, 6, 6, 8, 9, 9, 7], [9, 6, 5, 5, 5, 8, 9, 6, 6, 8, 5, 6, 7, 9, 5, 9, 9, 8, 9, 9, 5, 5, 6, 9, 9], [7, 6, 5, 6, 5, 6, 6, 6, 5, 6, 8, 8, 9, 9, 8, 5, 5, 6, 5, 9, 6, 9, 7, 8, 8], [7, 5, 5, 6, 5, 7, 9, 8, 7, 8, 6, 7, 7, 8, 8, 8, 6, 5, 6, 8, 7, 7, 5, 5, 9]]
Demand for each product in each period d: 
[[0, 32, 16, 22, 0, 17, 26, 27, 42, 21, 27, 27, 29, 0, 0, 1, 13, 47, 0, 31, 45, 25, 1, 44, 35], [2, 15, 0, 33, 2, 40, 41, 49, 28, 42, 32, 15, 27, 9, 46, 6, 36, 21, 4, 13, 6, 29, 30, 48, 37], [4, 37, 32, 45, 46, 44, 24, 32, 44, 44, 34, 33, 44, 2, 40, 4, 9, 45, 0, 3, 31, 21, 31, 21, 40], [16, 43, 42, 29, 46, 1, 22, 41, 19, 13, 42, 48, 44, 35, 4, 12, 30, 45, 9, 34, 49, 46, 35, 14, 7], [13, 15, 47, 46, 38, 41, 12, 24, 26, 39, 0, 4, 0, 34, 42, 17, 41, 4, 46, 27, 25, 28, 21, 46, 49], [2, 14, 46, 37, 1, 26, 20, 11, 26, 39, 39, 5, 27, 16, 35, 22, 37, 39, 35, 7, 22, 49, 42, 31, 0], [49, 22, 12, 1, 14, 16, 41, 24, 0, 31, 31, 25, 43, 15, 9, 39, 2, 34, 33, 17, 45, 10, 42, 31, 1], [22, 35, 0, 22, 48, 40, 13, 0, 26, 44, 29, 42, 10, 4, 22, 21, 29, 16, 17, 6, 7, 41, 13, 32, 5], [39, 2, 15, 30, 18, 19, 43, 5, 30, 10, 38, 11, 46, 18, 44, 25, 32, 27, 2, 16, 48, 37, 39, 38, 0], [4, 13, 7, 0, 19, 48, 12, 42, 30, 24, 0, 2, 15, 19, 15, 1, 42, 7, 27, 16, 46, 33, 48, 3, 18], [46, 45, 47, 12, 28, 48, 2, 47, 32, 47, 8, 47, 48, 4, 2, 30, 35, 3, 10, 24, 23, 24, 26, 0, 11], [5, 40, 32, 0, 25, 28, 3, 36, 49, 0, 12, 0, 35, 33, 8, 0, 23, 38, 24, 44, 45, 36, 0, 10, 1], [6, 41, 33, 11, 39, 29, 14, 22, 47, 34, 38, 28, 49, 36, 49, 42, 31, 30, 19, 43, 46, 7, 29, 5, 48], [30, 47, 17, 28, 17, 6, 26, 26, 5, 37, 10, 48, 32, 48, 25, 45, 27, 0, 22, 13, 3, 12, 12, 16, 37], [22, 40, 36, 11, 37, 49, 39, 9, 10, 13, 3, 14, 42, 27, 28, 20, 42, 34, 32, 41, 6, 3, 35, 20, 11], [44, 30, 8, 20, 19, 35, 4, 33, 44, 1, 22, 17, 47, 24, 32, 22, 48, 25, 3, 16, 29, 0, 28, 22, 10], [34, 17, 9, 3, 45, 25, 30, 3, 8, 39, 0, 17, 13, 0, 0, 41, 16, 0, 38, 33, 3, 7, 15, 8, 12], [22, 9, 41, 11, 49, 0, 23, 36, 6, 29, 42, 0, 42, 21, 27, 9, 0, 35, 27, 19, 0, 5, 47, 34, 18], [29, 43, 0, 42, 20, 1, 43, 16, 5, 22, 21, 27, 25, 13, 44, 33, 38, 21, 9, 34, 12, 15, 36, 44, 26], [7, 43, 11, 31, 22, 33, 0, 30, 41, 42, 11, 21, 30, 47, 48, 37, 26, 11, 23, 38, 33, 23, 23, 10, 1], [26, 34, 48, 14, 47, 9, 33, 14, 16, 27, 49, 34, 17, 14, 30, 36, 46, 40, 27, 32, 5, 43, 30, 27, 14], [23, 0, 11, 41, 15, 49, 23, 7, 5, 48, 49, 45, 31, 1, 7, 12, 23, 15, 35, 0, 48, 37, 6, 9, 22], [5, 5, 40, 39, 46, 0, 49, 22, 21, 20, 35, 0, 28, 35, 13, 9, 2, 2, 5, 33, 6, 32, 0, 14, 39], [13, 1, 11, 18, 14, 19, 27, 11, 12, 0, 4, 45, 3, 9, 35, 0, 33, 7, 17, 45, 13, 37, 39, 21, 5], [43, 47, 22, 42, 45, 19, 12, 16, 0, 22, 13, 41, 1, 7, 3, 31, 24, 22, 46, 6, 15, 26, 27, 18, 45], [26, 31, 41, 0, 3, 12, 31, 30, 20, 33, 44, 0, 25, 45, 1, 11, 20, 31, 0, 31, 16, 36, 13, 18, 5], [10, 49, 40, 49, 45, 48, 7, 34, 46, 45, 17, 33, 21, 42, 4, 10, 36, 25, 47, 21, 33, 11, 15, 45, 17], [9, 26, 47, 23, 29, 19, 26, 13, 10, 11, 6, 19, 40, 7, 48, 45, 48, 0, 26, 10, 35, 22, 25, 31, 0], [37, 35, 15, 14, 46, 0, 35, 46, 7, 48, 23, 24, 39, 5, 9, 24, 36, 6, 13, 0, 11, 45, 15, 47, 22], [19, 48, 21, 3, 36, 40, 36, 0, 36, 23, 13, 21, 9, 49, 39, 0, 3, 34, 49, 0, 21, 12, 22, 0, 25]]
Maintenance cost in each period m: 
[4571, 3810, 4264, 4237, 4967, 5386, 4130, 5914, 3668, 3694, 4449, 5694, 4053, 4480, 3567, 5787, 7125, 6680, 6387, 5755, 6995, 4333, 5331, 3403, 4274]
Maximum capacity of the machine cmax: 
1350