Set of periods in the planning horizon T: 
25
Set of products P: 
70
Capacity reduction coefficient alpha: 
0.8
Relative decrease of capacity per set up gamma: 
0.31
Capacity reduction coefficient due to product types beta: 
[0.4, 0.29, 0.39, 0.23, 0.25, 0.28, 0.26, 0.32, 0.35, 0.37, 0.26, 0.32, 0.36, 0.32, 0.38, 0.2, 0.26, 0.29, 0.39, 0.39, 0.35, 0.23, 0.34, 0.34, 0.38, 0.32, 0.21, 0.39, 0.21, 0.23, 0.25, 0.39, 0.26, 0.4, 0.36, 0.24, 0.4, 0.39, 0.23, 0.22, 0.25, 0.36, 0.26, 0.27, 0.21, 0.34, 0.32, 0.26, 0.4, 0.24, 0.24, 0.23, 0.31, 0.39, 0.39, 0.28, 0.32, 0.27, 0.39, 0.22, 0.24, 0.25, 0.38, 0.31, 0.37, 0.31, 0.4, 0.4, 0.36, 0.29]
Fixed production cost of each product in each period f: 
[[954, 684, 905, 713, 873, 804, 629, 881, 776, 588, 847, 606, 912, 834, 823, 944, 762, 939, 668, 614, 939, 583, 956, 813, 589], [979, 515, 560, 523, 522, 954, 720, 553, 824, 514, 596, 671, 524, 665, 835, 981, 803, 911, 986, 687, 980, 908, 811, 996, 569], [836, 819, 697, 519, 592, 865, 951, 742, 818, 989, 980, 506, 693, 815, 724, 735, 551, 939, 970, 515, 574, 897, 527, 899, 627], [694, 792, 750, 563, 706, 977, 594, 635, 809, 831, 746, 912, 765, 829, 921, 526, 824, 665, 556, 645, 696, 991, 785, 818, 529], [864, 929, 504, 870, 808, 774, 931, 987, 564, 662, 939, 650, 690, 870, 994, 898, 718, 904, 593, 520, 941, 984, 552, 942, 959], [930, 707, 815, 951, 666, 608, 722, 798, 762, 693, 983, 955, 909, 961, 945, 882, 960, 728, 770, 598, 615, 953, 740, 715, 840], [796, 636, 704, 759, 659, 977, 693, 706, 927, 973, 683, 971, 602, 824, 808, 549, 897, 768, 549, 953, 798, 592, 675, 833, 730], [945, 585, 546, 621, 884, 617, 534, 695, 505, 705, 530, 745, 976, 917, 861, 677, 540, 901, 531, 526, 909, 805, 570, 665, 672], [576, 556, 614, 635, 677, 637, 826, 873, 606, 768, 921, 509, 581, 584, 675, 662, 652, 997, 783, 893, 968, 846, 699, 723, 861], [604, 593, 538, 502, 936, 908, 716, 870, 692, 816, 655, 520, 553, 953, 585, 885, 962, 994, 832, 744, 669, 523, 971, 775, 617], [904, 773, 634, 685, 845, 999, 948, 626, 910, 694, 685, 518, 630, 627, 694, 594, 607, 558, 757, 534, 511, 632, 603, 831, 833], [657, 893, 601, 699, 598, 897, 642, 948, 899, 538, 934, 563, 886, 836, 752, 816, 639, 559, 591, 676, 608, 643, 729, 921, 908], [868, 833, 760, 535, 791, 799, 593, 569, 650, 960, 700, 670, 638, 932, 946, 993, 851, 764, 906, 890, 913, 911, 628, 901, 936], [989, 924, 779, 788, 594, 546, 721, 839, 990, 766, 558, 699, 768, 958, 658, 551, 615, 560, 892, 931, 978, 632, 790, 543, 938], [744, 903, 659, 984, 657, 963, 512, 908, 780, 627, 695, 978, 572, 818, 813, 816, 812, 575, 974, 969, 574, 504, 762, 820, 533], [902, 704, 579, 959, 744, 762, 752, 986, 752, 899, 984, 740, 943, 876, 738, 955, 843, 595, 591, 622, 685, 953, 910, 882, 913], [751, 709, 831, 991, 959, 641, 679, 549, 715, 962, 640, 551, 598, 698, 911, 696, 680, 939, 723, 715, 926, 944, 686, 698, 746], [927, 666, 655, 606, 816, 683, 920, 550, 626, 730, 728, 842, 742, 720, 602, 577, 984, 845, 738, 731, 832, 631, 772, 869, 879], [832, 855, 643, 896, 871, 953, 660, 562, 559, 554, 541, 868, 987, 873, 996, 921, 900, 525, 522, 927, 975, 807, 657, 777, 500], [569, 687, 929, 789, 824, 996, 824, 567, 767, 971, 987, 609, 919, 601, 668, 895, 868, 960, 657, 648, 535, 696, 694, 821, 738], [865, 536, 668, 981, 638, 912, 851, 928, 700, 558, 590, 595, 715, 501, 513, 605, 719, 514, 900, 600, 758, 527, 700, 562, 812], [978, 831, 947, 771, 870, 634, 736, 575, 970, 826, 655, 895, 839, 518, 783, 986, 948, 916, 744, 953, 668, 994, 794, 981, 538], [651, 953, 520, 836, 813, 828, 936, 577, 966, 800, 982, 836, 636, 620, 969, 898, 634, 524, 785, 586, 999, 931, 579, 657, 853], [682, 560, 791, 872, 666, 597, 930, 942, 801, 927, 806, 799, 729, 946, 542, 928, 792, 729, 811, 508, 759, 523, 602, 502, 817], [952, 814, 843, 768, 813, 664, 672, 592, 994, 779, 959, 839, 828, 867, 533, 559, 945, 754, 969, 893, 565, 746, 566, 753, 533], [693, 531, 916, 856, 990, 676, 659, 733, 833, 746, 890, 549, 673, 928, 703, 596, 581, 738, 981, 878, 974, 609, 582, 674, 926], [638, 771, 865, 637, 795, 656, 590, 901, 941, 933, 547, 972, 687, 695, 647, 536, 674, 698, 730, 734, 532, 556, 840, 696, 927], [678, 592, 911, 540, 906, 595, 693, 612, 882, 741, 544, 944, 605, 850, 644, 831, 815, 813, 772, 894, 916, 918, 530, 680, 914], [627, 774, 647, 809, 649, 960, 735, 714, 526, 561, 969, 647, 900, 757, 600, 547, 615, 756, 642, 876, 834, 965, 518, 948, 642], [999, 522, 723, 814, 975, 527, 724, 690, 658, 908, 607, 992, 758, 580, 547, 670, 592, 592, 628, 887, 646, 964, 621, 902, 801], [655, 581, 646, 735, 840, 912, 946, 607, 532, 884, 570, 818, 847, 756, 669, 593, 781, 932, 951, 888, 627, 765, 791, 684, 536], [687, 859, 815, 671, 750, 960, 638, 761, 652, 576, 811, 633, 733, 835, 814, 735, 700, 966, 949, 897, 909, 993, 771, 864, 737], [723, 509, 711, 589, 885, 754, 942, 798, 891, 626, 828, 631, 774, 520, 890, 836, 890, 781, 545, 873, 610, 875, 586, 779, 586], [712, 825, 901, 757, 823, 599, 962, 546, 989, 749, 712, 749, 804, 574, 520, 796, 691, 535, 947, 691, 511, 774, 685, 617, 813], [734, 706, 785, 696, 976, 668, 847, 997, 973, 518, 960, 948, 747, 779, 777, 899, 692, 780, 736, 995, 612, 781, 818, 804, 583], [888, 830, 810, 836, 982, 662, 910, 518, 768, 936, 735, 982, 517, 924, 948, 923, 695, 893, 727, 654, 565, 569, 698, 867, 561], [990, 661, 644, 984, 665, 535, 783, 753, 942, 862, 581, 511, 833, 989, 833, 909, 782, 713, 619, 619, 983, 845, 837, 800, 664], [697, 850, 671, 519, 648, 513, 538, 690, 993, 645, 788, 830, 718, 767, 933, 695, 643, 950, 677, 793, 812, 857, 733, 666, 681], [860, 707, 923, 799, 717, 728, 701, 902, 647, 839, 711, 657, 670, 988, 622, 667, 912, 813, 582, 965, 934, 821, 891, 808, 689], [936, 696, 896, 838, 516, 590, 689, 574, 892, 959, 837, 790, 929, 983, 878, 733, 732, 841, 579, 639, 903, 984, 989, 801, 553], [635, 952, 688, 639, 710, 732, 614, 700, 550, 959, 527, 501, 531, 709, 786, 800, 733, 730, 674, 631, 943, 521, 519, 599, 846], [821, 677, 525, 982, 556, 579, 829, 676, 966, 752, 723, 533, 589, 705, 765, 735, 657, 824, 869, 861, 873, 655, 701, 921, 754], [658, 861, 742, 581, 826, 827, 637, 915, 844, 583, 711, 727, 783, 663, 518, 535, 704, 974, 881, 600, 987, 996, 585, 832, 998], [584, 913, 691, 975, 638, 890, 802, 931, 574, 667, 650, 670, 895, 740, 967, 595, 950, 597, 795, 679, 552, 982, 763, 820, 909], [649, 690, 512, 537, 873, 626, 684, 757, 645, 594, 847, 505, 921, 538, 549, 527, 611, 786, 923, 760, 604, 739, 813, 906, 619], [777, 941, 951, 596, 986, 941, 540, 770, 864, 569, 925, 968, 889, 972, 619, 999, 843, 885, 705, 705, 669, 731, 815, 816, 865], [995, 553, 575, 656, 608, 701, 935, 509, 859, 692, 942, 825, 666, 850, 608, 797, 528, 558, 937, 703, 505, 664, 545, 786, 504], [711, 516, 812, 991, 798, 651, 711, 628, 825, 962, 585, 556, 870, 892, 534, 979, 558, 690, 601, 626, 566, 784, 815, 895, 626], [961, 817, 927, 705, 744, 769, 935, 861, 800, 755, 907, 869, 637, 813, 534, 547, 649, 871, 907, 884, 693, 629, 774, 674, 768], [907, 526, 591, 728, 756, 632, 557, 809, 772, 796, 855, 553, 964, 778, 523, 788, 570, 967, 804, 751, 651, 675, 730, 875, 781], [670, 978, 682, 643, 690, 994, 766, 888, 670, 525, 623, 765, 574, 582, 522, 532, 540, 713, 962, 969, 833, 835, 767, 983, 521], [648, 747, 691, 886, 549, 999, 785, 772, 845, 856, 530, 775, 673, 508, 885, 610, 717, 728, 572, 613, 819, 846, 738, 562, 799], [568, 576, 898, 529, 776, 900, 594, 866, 763, 641, 862, 815, 791, 895, 632, 813, 973, 617, 757, 738, 993, 614, 812, 787, 842], [930, 729, 918, 545, 573, 769, 758, 552, 858, 963, 578, 534, 571, 761, 956, 579, 642, 887, 543, 999, 968, 979, 941, 545, 811], [577, 815, 958, 801, 742, 788, 568, 924, 871, 734, 862, 874, 835, 949, 649, 961, 821, 776, 847, 929, 777, 832, 507, 664, 681], [761, 722, 811, 792, 664, 951, 826, 805, 926, 840, 988, 777, 530, 644, 631, 654, 705, 586, 727, 744, 798, 665, 973, 803, 551], [833, 882, 688, 645, 788, 544, 966, 770, 859, 957, 966, 749, 815, 728, 512, 880, 509, 542, 822, 651, 704, 519, 998, 788, 552], [619, 716, 860, 868, 843, 872, 856, 971, 527, 568, 999, 759, 997, 556, 803, 895, 641, 584, 520, 751, 903, 698, 688, 851, 719], [684, 930, 900, 506, 852, 507, 772, 814, 721, 566, 731, 521, 512, 901, 935, 732, 625, 559, 938, 560, 675, 852, 661, 954, 944], [760, 812, 624, 959, 857, 651, 799, 552, 603, 519, 737, 998, 558, 658, 870, 566, 538, 819, 766, 998, 871, 636, 803, 620, 587], [889, 918, 759, 988, 813, 892, 556, 636, 901, 815, 537, 594, 770, 820, 663, 647, 710, 578, 959, 991, 686, 801, 706, 860, 888], [738, 515, 915, 956, 896, 763, 643, 710, 916, 908, 824, 527, 575, 984, 626, 857, 666, 555, 666, 664, 902, 804, 867, 513, 955], [755, 599, 550, 995, 917, 667, 906, 832, 858, 994, 551, 944, 882, 818, 631, 823, 711, 685, 711, 829, 717, 617, 564, 605, 569], [728, 579, 650, 703, 886, 909, 520, 635, 973, 869, 707, 864, 783, 654, 705, 519, 603, 570, 880, 637, 837, 572, 660, 978, 723], [980, 778, 547, 824, 780, 795, 642, 804, 562, 664, 751, 730, 806, 833, 840, 783, 621, 552, 577, 584, 824, 831, 535, 739, 782], [526, 572, 905, 782, 970, 992, 940, 994, 656, 556, 546, 568, 781, 943, 682, 526, 752, 754, 750, 609, 962, 698, 742, 998, 797], [613, 853, 792, 859, 715, 820, 984, 545, 512, 859, 956, 607, 885, 722, 695, 930, 568, 730, 970, 696, 594, 610, 930, 985, 858], [579, 629, 947, 902, 744, 988, 728, 802, 758, 836, 798, 955, 561, 598, 716, 939, 686, 656, 585, 652, 543, 551, 594, 727, 815], [675, 695, 826, 654, 984, 662, 572, 641, 535, 646, 613, 521, 513, 991, 776, 796, 726, 566, 596, 525, 911, 971, 925, 964, 988], [544, 811, 652, 900, 634, 938, 962, 583, 649, 823, 693, 536, 806, 509, 585, 779, 533, 932, 914, 865, 647, 704, 918, 739, 748]]
Variable production cost per unit of each product in each period p: 
[[10, 10, 12, 13, 10, 13, 13, 11, 10, 10, 12, 10, 13, 12, 11, 10, 12, 12, 13, 10, 10, 11, 12, 12, 13], [12, 13, 13, 12, 10, 10, 12, 13, 12, 13, 11, 12, 13, 12, 13, 13, 11, 13, 11, 13, 11, 11, 10, 11, 12], [10, 10, 12, 12, 13, 12, 11, 13, 10, 11, 13, 11, 11, 12, 12, 13, 11, 12, 10, 11, 13, 11, 11, 10, 11], [10, 13, 13, 11, 12, 10, 11, 11, 12, 11, 11, 11, 11, 11, 10, 10, 13, 12, 11, 10, 11, 11, 13, 12, 13], [10, 11, 11, 13, 12, 12, 10, 12, 11, 10, 11, 11, 13, 10, 12, 13, 11, 11, 10, 13, 11, 10, 12, 13, 10], [10, 13, 11, 11, 10, 13, 13, 11, 12, 10, 10, 13, 11, 13, 10, 10, 11, 10, 11, 13, 13, 12, 13, 12, 12], [10, 11, 10, 12, 10, 10, 11, 10, 13, 13, 12, 12, 13, 10, 13, 12, 10, 12, 13, 13, 11, 13, 12, 10, 13], [12, 10, 12, 12, 11, 10, 12, 13, 11, 12, 11, 13, 12, 11, 13, 10, 11, 10, 13, 12, 10, 13, 10, 12, 13], [12, 12, 10, 13, 12, 11, 12, 13, 13, 12, 13, 12, 11, 12, 10, 13, 11, 12, 11, 11, 13, 10, 10, 10, 10], [12, 12, 13, 10, 13, 11, 10, 12, 10, 12, 12, 12, 12, 10, 13, 11, 12, 13, 13, 11, 13, 13, 10, 12, 13], [13, 10, 12, 13, 11, 10, 13, 12, 13, 10, 13, 12, 12, 11, 11, 13, 10, 10, 13, 13, 13, 12, 12, 13, 11], [13, 11, 11, 13, 12, 10, 12, 11, 11, 12, 12, 10, 12, 11, 12, 10, 10, 11, 13, 10, 13, 11, 13, 11, 10], [10, 13, 11, 13, 13, 10, 10, 11, 13, 11, 11, 13, 12, 12, 12, 10, 11, 11, 10, 10, 10, 12, 13, 13, 11], [10, 13, 10, 11, 12, 12, 10, 10, 10, 10, 13, 11, 10, 11, 10, 11, 12, 10, 13, 12, 12, 11, 12, 10, 12], [12, 10, 12, 12, 11, 10, 13, 13, 13, 12, 12, 10, 10, 10, 13, 13, 12, 13, 11, 12, 13, 13, 12, 10, 10], [11, 12, 11, 10, 12, 12, 12, 12, 11, 12, 13, 12, 11, 10, 12, 12, 13, 10, 12, 10, 10, 13, 10, 11, 10], [13, 13, 11, 11, 13, 12, 11, 11, 13, 10, 10, 12, 11, 12, 11, 12, 13, 11, 11, 11, 13, 12, 10, 12, 12], [13, 10, 12, 12, 13, 10, 13, 11, 13, 11, 11, 10, 11, 12, 11, 13, 13, 13, 10, 10, 10, 13, 10, 13, 12], [12, 12, 11, 10, 11, 10, 13, 13, 10, 12, 12, 11, 10, 13, 13, 12, 12, 11, 10, 11, 11, 10, 12, 11, 10], [13, 10, 12, 11, 10, 12, 12, 10, 12, 13, 12, 12, 12, 10, 13, 10, 12, 10, 12, 12, 12, 12, 12, 13, 13], [10, 10, 11, 12, 12, 11, 13, 12, 10, 12, 13, 13, 13, 12, 13, 10, 10, 11, 12, 12, 11, 12, 13, 13, 12], [12, 10, 10, 11, 12, 11, 10, 10, 10, 12, 11, 12, 13, 13, 10, 10, 11, 12, 10, 11, 13, 12, 13, 13, 11], [10, 11, 12, 11, 12, 12, 12, 11, 12, 10, 10, 13, 13, 11, 12, 13, 10, 12, 11, 11, 10, 13, 12, 12, 10], [12, 12, 13, 10, 11, 10, 13, 13, 11, 11, 11, 11, 12, 10, 13, 12, 13, 12, 11, 12, 10, 11, 13, 13, 13], [11, 12, 11, 13, 12, 13, 12, 12, 10, 11, 11, 12, 12, 10, 12, 12, 12, 12, 11, 11, 10, 10, 11, 11, 12], [11, 13, 12, 13, 10, 12, 10, 10, 11, 13, 10, 10, 12, 12, 12, 12, 11, 12, 13, 13, 13, 12, 11, 12, 10], [10, 10, 11, 12, 10, 10, 10, 13, 13, 12, 13, 11, 11, 10, 10, 12, 11, 10, 11, 12, 10, 12, 10, 12, 10], [12, 10, 10, 10, 12, 10, 10, 10, 12, 11, 10, 10, 13, 13, 11, 13, 11, 12, 10, 11, 13, 12, 12, 11, 12], [13, 13, 12, 11, 13, 10, 12, 10, 10, 10, 13, 10, 11, 10, 10, 10, 10, 11, 13, 10, 11, 11, 10, 13, 12], [12, 10, 11, 12, 11, 11, 10, 12, 12, 10, 12, 12, 11, 11, 13, 10, 10, 13, 11, 10, 12, 13, 10, 11, 12], [12, 12, 13, 11, 10, 11, 11, 12, 10, 13, 13, 13, 10, 10, 11, 11, 10, 10, 10, 13, 12, 11, 11, 13, 13], [12, 11, 13, 11, 13, 13, 13, 12, 11, 13, 11, 11, 13, 12, 13, 13, 12, 12, 10, 11, 10, 12, 10, 12, 13], [13, 12, 11, 11, 10, 10, 11, 13, 12, 13, 11, 10, 12, 13, 13, 12, 13, 10, 10, 13, 10, 13, 12, 13, 13], [13, 13, 11, 12, 13, 12, 11, 11, 13, 11, 10, 10, 12, 10, 10, 10, 11, 12, 13, 10, 12, 11, 13, 10, 10], [12, 10, 11, 11, 10, 13, 10, 12, 12, 11, 13, 13, 12, 10, 10, 11, 13, 12, 10, 10, 10, 13, 12, 13, 11], [12, 11, 12, 10, 11, 10, 11, 12, 11, 12, 13, 12, 10, 13, 12, 12, 13, 12, 10, 10, 10, 10, 10, 11, 10], [12, 13, 13, 13, 12, 10, 13, 11, 12, 10, 12, 10, 13, 12, 11, 12, 13, 11, 12, 10, 10, 13, 12, 12, 12], [11, 11, 13, 12, 13, 11, 10, 11, 10, 13, 12, 11, 11, 13, 13, 11, 13, 10, 12, 11, 12, 13, 10, 13, 13], [12, 10, 11, 12, 10, 10, 13, 11, 10, 12, 12, 11, 13, 13, 12, 13, 10, 10, 10, 11, 13, 11, 10, 12, 11], [12, 11, 12, 12, 12, 12, 10, 13, 13, 10, 12, 10, 11, 13, 12, 11, 11, 11, 10, 10, 12, 13, 13, 13, 12], [13, 10, 11, 12, 12, 10, 11, 12, 10, 13, 12, 10, 12, 10, 13, 13, 11, 13, 10, 13, 11, 11, 10, 13, 10], [11, 12, 13, 11, 12, 12, 12, 10, 10, 10, 11, 11, 12, 12, 11, 12, 11, 13, 13, 11, 12, 10, 11, 12, 10], [13, 12, 12, 12, 11, 11, 11, 13, 10, 12, 13, 11, 10, 13, 10, 11, 10, 11, 13, 11, 13, 10, 12, 10, 11], [10, 10, 11, 11, 12, 10, 10, 11, 13, 10, 13, 10, 12, 10, 13, 10, 10, 11, 11, 13, 10, 10, 11, 10, 11], [10, 13, 12, 10, 13, 10, 12, 12, 11, 10, 11, 10, 13, 10, 13, 12, 12, 12, 10, 10, 11, 13, 11, 10, 12], [10, 12, 10, 12, 13, 10, 13, 13, 10, 10, 13, 10, 12, 10, 11, 13, 13, 11, 10, 12, 11, 11, 10, 12, 11], [13, 12, 10, 11, 12, 10, 12, 10, 12, 11, 13, 13, 10, 12, 13, 10, 12, 11, 12, 12, 11, 13, 11, 10, 13], [11, 12, 13, 10, 11, 12, 13, 12, 11, 11, 11, 11, 10, 11, 12, 10, 11, 12, 13, 10, 11, 12, 13, 10, 13], [11, 11, 12, 13, 10, 10, 11, 12, 10, 12, 12, 11, 12, 12, 13, 12, 12, 11, 13, 11, 10, 10, 10, 10, 11], [12, 11, 11, 12, 11, 12, 10, 10, 12, 13, 10, 13, 10, 11, 13, 11, 11, 11, 13, 13, 12, 13, 11, 12, 13], [10, 12, 12, 12, 13, 13, 11, 12, 10, 11, 13, 10, 13, 10, 13, 13, 11, 12, 11, 10, 12, 11, 12, 11, 11], [11, 13, 10, 10, 12, 12, 11, 10, 11, 10, 13, 10, 10, 12, 13, 10, 12, 11, 10, 13, 13, 11, 10, 10, 10], [11, 13, 10, 10, 13, 12, 10, 13, 12, 10, 13, 13, 10, 13, 12, 13, 12, 10, 13, 13, 13, 12, 10, 12, 13], [10, 11, 12, 12, 11, 10, 10, 12, 11, 12, 13, 12, 12, 10, 10, 11, 13, 13, 12, 13, 10, 10, 11, 11, 11], [11, 12, 12, 12, 13, 13, 11, 10, 10, 13, 11, 12, 12, 11, 11, 13, 12, 11, 12, 11, 12, 11, 11, 11, 11], [11, 13, 10, 11, 10, 13, 11, 10, 11, 10, 12, 12, 11, 13, 10, 13, 12, 13, 12, 12, 13, 11, 13, 13, 13], [13, 10, 10, 13, 12, 11, 10, 10, 13, 11, 10, 10, 12, 11, 12, 11, 12, 12, 10, 10, 12, 13, 11, 13, 11], [13, 10, 12, 13, 11, 12, 11, 13, 12, 10, 10, 11, 10, 13, 11, 13, 12, 12, 10, 10, 13, 11, 10, 10, 11], [11, 10, 12, 10, 13, 13, 11, 11, 12, 11, 10, 10, 11, 13, 13, 11, 13, 11, 11, 12, 13, 12, 12, 13, 13], [10, 12, 13, 11, 11, 13, 12, 12, 13, 11, 13, 10, 12, 13, 11, 12, 11, 11, 13, 10, 10, 11, 11, 12, 11], [10, 13, 13, 11, 11, 13, 12, 12, 10, 11, 12, 10, 12, 13, 10, 13, 10, 11, 10, 12, 11, 13, 13, 11, 11], [12, 11, 13, 12, 13, 11, 11, 13, 13, 10, 13, 12, 12, 13, 13, 13, 11, 10, 10, 13, 11, 11, 12, 10, 12], [13, 10, 10, 13, 11, 13, 11, 13, 13, 12, 11, 10, 12, 12, 12, 13, 10, 10, 11, 13, 10, 10, 13, 10, 12], [10, 12, 10, 11, 11, 11, 10, 10, 11, 10, 11, 12, 11, 10, 13, 12, 13, 10, 12, 13, 11, 10, 10, 12, 13], [13, 12, 12, 11, 13, 11, 10, 11, 13, 10, 13, 11, 11, 10, 10, 10, 11, 10, 11, 12, 13, 11, 12, 11, 13], [13, 11, 11, 10, 11, 11, 11, 11, 13, 13, 12, 10, 10, 13, 12, 12, 13, 10, 10, 10, 10, 12, 10, 10, 13], [11, 11, 10, 11, 13, 11, 12, 10, 11, 12, 10, 13, 10, 13, 12, 12, 11, 13, 10, 12, 10, 10, 12, 10, 13], [13, 10, 13, 13, 11, 10, 10, 11, 10, 13, 11, 12, 13, 10, 10, 11, 13, 13, 12, 10, 11, 11, 12, 12, 13], [10, 12, 12, 12, 11, 12, 12, 12, 13, 11, 13, 11, 11, 11, 11, 11, 11, 12, 13, 12, 13, 10, 10, 11, 12], [10, 13, 11, 12, 13, 13, 10, 11, 10, 13, 10, 10, 13, 13, 12, 10, 12, 13, 11, 10, 12, 12, 10, 10, 13]]
Inventory holding cost per unit of each product by the end of each period h: 
[[6, 6, 5, 5, 5, 6, 9, 7, 7, 5, 7, 5, 8, 9, 9, 9, 6, 8, 8, 5, 5, 8, 8, 6, 8], [9, 6, 9, 7, 8, 7, 8, 6, 5, 6, 5, 6, 8, 5, 7, 9, 9, 8, 5, 7, 9, 7, 5, 6, 5], [8, 8, 5, 5, 7, 6, 8, 5, 5, 8, 9, 5, 7, 5, 6, 9, 8, 7, 6, 9, 9, 7, 6, 9, 9], [8, 8, 5, 9, 5, 7, 7, 6, 5, 8, 5, 8, 7, 8, 6, 9, 5, 8, 8, 8, 5, 6, 5, 6, 8], [9, 8, 9, 9, 9, 9, 8, 6, 8, 6, 6, 9, 5, 8, 5, 8, 7, 5, 7, 7, 7, 9, 7, 6, 6], [5, 9, 9, 9, 7, 6, 5, 7, 5, 5, 5, 5, 6, 7, 9, 8, 5, 9, 8, 8, 7, 5, 8, 8, 8], [6, 5, 7, 8, 9, 9, 9, 6, 7, 5, 8, 5, 9, 9, 7, 9, 6, 7, 6, 9, 9, 5, 7, 6, 8], [9, 9, 7, 6, 8, 8, 6, 5, 7, 6, 8, 8, 6, 6, 7, 7, 6, 6, 9, 7, 6, 9, 5, 7, 5], [9, 9, 8, 8, 8, 7, 5, 9, 6, 5, 7, 6, 6, 7, 7, 6, 9, 7, 8, 8, 7, 9, 8, 5, 8], [9, 6, 5, 8, 8, 7, 8, 7, 5, 9, 5, 9, 9, 5, 8, 9, 8, 9, 8, 5, 5, 7, 7, 7, 6], [9, 5, 5, 5, 5, 7, 7, 7, 8, 7, 8, 6, 8, 9, 5, 9, 5, 7, 9, 7, 8, 8, 8, 5, 6], [5, 8, 6, 8, 9, 5, 7, 7, 7, 8, 7, 5, 6, 6, 9, 5, 9, 6, 8, 9, 8, 6, 5, 8, 6], [5, 5, 8, 9, 5, 7, 5, 7, 9, 5, 6, 6, 8, 6, 5, 6, 9, 5, 6, 5, 8, 9, 6, 5, 8], [6, 8, 5, 9, 9, 6, 7, 9, 7, 7, 5, 9, 7, 8, 9, 6, 9, 8, 7, 7, 8, 5, 5, 9, 6], [5, 7, 5, 6, 8, 5, 9, 5, 9, 8, 7, 9, 9, 5, 8, 5, 6, 6, 7, 5, 6, 7, 9, 5, 7], [8, 5, 6, 6, 9, 7, 7, 6, 7, 6, 8, 5, 8, 9, 8, 6, 9, 6, 6, 8, 6, 5, 9, 6, 6], [5, 9, 5, 5, 6, 6, 7, 8, 8, 6, 9, 8, 8, 7, 5, 5, 8, 6, 6, 6, 6, 6, 7, 6, 9], [8, 6, 9, 8, 6, 9, 9, 6, 6, 8, 7, 7, 6, 5, 6, 6, 6, 6, 5, 9, 5, 6, 9, 9, 8], [8, 8, 8, 6, 9, 6, 8, 9, 5, 5, 8, 6, 9, 9, 6, 9, 9, 5, 6, 6, 5, 7, 9, 5, 5], [8, 5, 7, 8, 8, 6, 5, 5, 9, 5, 9, 5, 9, 6, 8, 9, 9, 9, 6, 7, 5, 9, 6, 5, 7], [6, 8, 5, 5, 7, 7, 9, 9, 7, 8, 6, 6, 9, 6, 5, 6, 8, 8, 9, 9, 8, 6, 7, 7, 6], [7, 8, 7, 7, 9, 6, 5, 7, 9, 5, 6, 9, 5, 6, 6, 9, 7, 9, 7, 5, 7, 6, 6, 9, 5], [5, 9, 8, 6, 7, 5, 8, 9, 9, 5, 5, 9, 7, 5, 6, 9, 9, 9, 7, 6, 8, 6, 6, 8, 8], [9, 5, 7, 9, 6, 5, 7, 9, 5, 9, 7, 7, 9, 7, 9, 8, 6, 8, 7, 7, 6, 9, 9, 5, 6], [8, 9, 6, 9, 9, 9, 7, 6, 6, 9, 8, 7, 7, 6, 7, 9, 8, 6, 8, 9, 9, 7, 8, 8, 7], [7, 6, 9, 7, 9, 5, 7, 5, 5, 8, 7, 7, 6, 5, 8, 9, 7, 8, 5, 5, 6, 9, 6, 6, 6], [9, 9, 6, 9, 9, 7, 6, 5, 6, 5, 7, 8, 8, 8, 8, 8, 9, 6, 7, 5, 9, 8, 5, 9, 8], [7, 8, 5, 8, 5, 6, 5, 5, 9, 9, 6, 8, 9, 8, 6, 9, 9, 8, 9, 8, 6, 7, 9, 6, 9], [6, 6, 5, 6, 7, 8, 6, 6, 8, 9, 6, 8, 9, 5, 6, 5, 9, 9, 7, 5, 6, 9, 6, 5, 6], [9, 7, 7, 7, 9, 5, 9, 8, 9, 9, 7, 5, 6, 9, 5, 7, 7, 7, 8, 7, 5, 9, 5, 8, 7], [5, 9, 6, 7, 9, 5, 8, 8, 5, 5, 7, 5, 6, 7, 5, 8, 7, 8, 5, 7, 8, 5, 9, 8, 8], [6, 7, 8, 7, 5, 6, 5, 7, 5, 8, 5, 7, 9, 6, 9, 5, 7, 6, 7, 9, 8, 8, 6, 9, 7], [7, 7, 6, 7, 5, 9, 5, 9, 5, 8, 5, 5, 9, 8, 9, 6, 9, 6, 5, 5, 9, 9, 6, 6, 5], [5, 8, 6, 5, 9, 8, 9, 9, 6, 5, 8, 8, 7, 5, 5, 7, 9, 7, 7, 7, 6, 8, 6, 6, 6], [7, 6, 5, 8, 8, 6, 5, 9, 7, 5, 6, 7, 8, 5, 7, 9, 7, 9, 8, 9, 8, 8, 5, 6, 7], [9, 5, 7, 8, 5, 5, 9, 9, 7, 5, 9, 6, 7, 8, 7, 8, 9, 8, 5, 6, 5, 7, 5, 8, 7], [9, 6, 5, 7, 7, 7, 9, 5, 9, 8, 7, 5, 9, 9, 5, 6, 6, 9, 5, 6, 5, 9, 5, 8, 7], [6, 5, 7, 8, 5, 8, 6, 7, 6, 8, 8, 6, 9, 9, 8, 8, 9, 9, 8, 5, 7, 9, 8, 9, 9], [5, 6, 8, 6, 7, 8, 9, 7, 9, 5, 9, 5, 6, 5, 5, 5, 5, 8, 6, 9, 7, 8, 6, 8, 5], [6, 9, 5, 8, 9, 6, 5, 7, 5, 8, 7, 8, 6, 5, 5, 7, 7, 9, 9, 9, 7, 7, 7, 5, 8], [5, 9, 8, 9, 7, 7, 8, 8, 5, 7, 6, 8, 6, 6, 9, 6, 7, 8, 7, 7, 7, 7, 7, 9, 9], [9, 6, 9, 6, 7, 7, 9, 7, 9, 8, 9, 8, 8, 5, 8, 5, 7, 6, 6, 7, 7, 8, 8, 6, 6], [8, 5, 7, 7, 8, 9, 6, 7, 5, 8, 7, 6, 9, 5, 5, 7, 8, 6, 8, 6, 9, 7, 7, 9, 8], [6, 8, 7, 8, 7, 6, 8, 5, 7, 9, 9, 7, 7, 9, 6, 7, 5, 6, 9, 9, 9, 8, 6, 8, 9], [5, 6, 8, 9, 6, 5, 6, 7, 7, 7, 6, 6, 8, 6, 6, 5, 5, 9, 9, 5, 8, 6, 6, 8, 6], [9, 7, 8, 8, 7, 5, 8, 9, 6, 6, 7, 9, 5, 8, 8, 8, 6, 6, 9, 9, 6, 5, 8, 6, 6], [6, 7, 8, 8, 9, 5, 6, 6, 5, 5, 8, 6, 6, 8, 6, 6, 8, 7, 8, 7, 9, 9, 6, 6, 5], [9, 6, 8, 8, 7, 5, 8, 7, 8, 8, 5, 6, 7, 9, 7, 5, 8, 6, 9, 6, 6, 8, 7, 9, 9], [8, 9, 5, 5, 6, 5, 7, 8, 6, 8, 9, 8, 5, 8, 8, 8, 5, 8, 7, 7, 6, 7, 6, 8, 7], [9, 9, 6, 6, 8, 8, 6, 8, 6, 6, 5, 8, 5, 5, 7, 9, 5, 9, 7, 9, 7, 8, 5, 8, 5], [5, 6, 8, 9, 5, 8, 8, 7, 5, 7, 6, 5, 9, 7, 6, 7, 7, 5, 9, 7, 6, 6, 8, 5, 7], [5, 5, 7, 7, 8, 8, 5, 5, 5, 9, 8, 5, 8, 6, 5, 9, 5, 7, 9, 5, 9, 8, 9, 9, 5], [6, 6, 8, 5, 9, 9, 6, 6, 6, 6, 6, 6, 6, 5, 5, 5, 8, 8, 9, 6, 6, 6, 5, 9, 6], [6, 6, 9, 9, 5, 6, 5, 7, 8, 7, 8, 6, 5, 6, 6, 7, 9, 5, 5, 7, 6, 6, 8, 6, 9], [6, 7, 7, 6, 5, 8, 8, 8, 9, 9, 8, 9, 8, 6, 7, 6, 7, 7, 5, 7, 9, 5, 6, 5, 5], [6, 8, 6, 9, 6, 8, 6, 8, 7, 8, 7, 8, 6, 6, 6, 9, 5, 8, 5, 9, 9, 5, 5, 7, 6], [8, 6, 9, 9, 5, 8, 6, 5, 9, 7, 9, 5, 7, 7, 9, 9, 6, 6, 5, 9, 6, 7, 8, 8, 7], [6, 6, 9, 9, 7, 9, 7, 5, 8, 5, 9, 5, 8, 9, 8, 6, 5, 6, 5, 9, 5, 6, 5, 5, 5], [7, 9, 7, 7, 7, 8, 6, 8, 7, 8, 5, 8, 9, 9, 7, 8, 9, 8, 5, 5, 7, 5, 9, 5, 6], [7, 5, 9, 5, 9, 6, 8, 8, 9, 6, 5, 8, 6, 8, 6, 6, 8, 5, 6, 5, 7, 7, 5, 9, 5], [8, 5, 6, 9, 7, 5, 9, 5, 6, 8, 6, 7, 9, 6, 9, 8, 9, 7, 7, 8, 5, 5, 7, 7, 9], [7, 5, 6, 9, 9, 8, 7, 8, 8, 7, 9, 8, 9, 8, 8, 6, 8, 5, 7, 9, 9, 9, 5, 5, 7], [9, 5, 7, 9, 5, 5, 9, 6, 6, 9, 5, 8, 9, 9, 5, 5, 7, 5, 6, 7, 5, 9, 8, 7, 7], [7, 9, 7, 8, 7, 9, 6, 6, 7, 7, 6, 8, 6, 8, 9, 5, 5, 9, 5, 5, 7, 6, 9, 6, 8], [7, 5, 7, 8, 8, 8, 5, 6, 9, 7, 5, 5, 5, 8, 9, 6, 6, 7, 6, 8, 6, 8, 9, 5, 6], [5, 8, 5, 9, 5, 6, 9, 5, 7, 7, 5, 5, 7, 9, 7, 8, 5, 9, 7, 7, 6, 9, 7, 5, 9], [9, 5, 8, 6, 5, 6, 5, 9, 5, 9, 8, 5, 5, 7, 6, 8, 9, 6, 6, 8, 8, 9, 5, 7, 5], [9, 8, 6, 6, 5, 8, 7, 5, 8, 6, 6, 8, 8, 7, 6, 7, 5, 7, 7, 7, 6, 5, 6, 9, 8], [7, 6, 8, 8, 6, 7, 7, 8, 7, 5, 5, 9, 9, 7, 9, 7, 9, 5, 7, 8, 7, 9, 9, 9, 7], [5, 5, 6, 5, 8, 7, 6, 9, 6, 6, 9, 8, 9, 9, 7, 8, 6, 7, 8, 9, 5, 5, 6, 8, 8]]
Demand for each product in each period d: 
[[15, 6, 2, 0, 29, 39, 27, 19, 32, 36, 36, 33, 0, 34, 28, 34, 26, 25, 36, 40, 23, 30, 44, 27, 0], [49, 27, 40, 27, 30, 3, 3, 22, 25, 49, 17, 44, 6, 6, 23, 14, 43, 31, 22, 38, 0, 0, 23, 16, 33], [28, 14, 0, 14, 34, 23, 21, 11, 32, 10, 44, 9, 13, 31, 20, 37, 35, 16, 28, 32, 23, 45, 26, 24, 15], [20, 38, 7, 2, 14, 0, 31, 16, 7, 10, 27, 19, 0, 38, 31, 2, 35, 16, 19, 25, 10, 14, 16, 29, 37], [23, 16, 32, 32, 12, 40, 42, 49, 9, 38, 43, 4, 25, 41, 49, 12, 6, 5, 0, 32, 23, 13, 48, 34, 11], [1, 9, 11, 40, 27, 32, 43, 20, 44, 36, 14, 42, 32, 6, 47, 4, 49, 2, 0, 0, 13, 37, 28, 5, 20], [20, 23, 1, 43, 46, 31, 48, 14, 33, 28, 0, 31, 43, 15, 16, 23, 40, 16, 18, 3, 26, 9, 39, 29, 44], [46, 25, 30, 14, 42, 28, 24, 44, 30, 16, 46, 24, 9, 19, 12, 1, 33, 2, 22, 37, 6, 49, 0, 45, 27], [25, 25, 17, 0, 40, 23, 10, 0, 41, 5, 10, 15, 10, 1, 32, 25, 5, 29, 14, 47, 16, 7, 0, 33, 6], [5, 42, 47, 48, 26, 0, 3, 47, 44, 10, 14, 37, 3, 0, 22, 17, 20, 27, 5, 24, 27, 10, 45, 29, 36], [2, 17, 13, 45, 46, 13, 46, 11, 42, 11, 7, 23, 39, 3, 29, 34, 0, 37, 27, 47, 49, 33, 16, 42, 7], [38, 41, 12, 30, 18, 7, 28, 41, 12, 14, 5, 3, 26, 28, 42, 18, 0, 30, 29, 7, 19, 40, 33, 14, 20], [15, 45, 5, 49, 10, 3, 43, 15, 36, 35, 29, 30, 32, 43, 22, 10, 45, 24, 19, 0, 1, 15, 10, 9, 21], [30, 39, 43, 43, 21, 7, 25, 12, 27, 41, 10, 33, 22, 18, 34, 11, 23, 12, 2, 2, 11, 21, 27, 32, 27], [22, 7, 7, 36, 23, 7, 28, 22, 0, 30, 13, 22, 26, 38, 13, 7, 48, 19, 0, 26, 14, 48, 46, 3, 23], [33, 36, 25, 14, 38, 31, 1, 5, 10, 39, 1, 37, 4, 10, 15, 1, 19, 15, 8, 42, 48, 0, 29, 46, 26], [10, 15, 24, 25, 33, 16, 44, 38, 1, 22, 19, 39, 21, 7, 4, 23, 5, 1, 38, 47, 38, 45, 0, 16, 23], [47, 9, 0, 42, 12, 33, 45, 36, 41, 15, 40, 49, 26, 0, 0, 15, 42, 47, 37, 31, 16, 34, 2, 25, 5], [40, 48, 35, 41, 47, 35, 0, 15, 9, 46, 14, 48, 35, 0, 0, 18, 29, 0, 45, 31, 40, 0, 39, 35, 29], [18, 7, 44, 39, 11, 27, 20, 26, 45, 18, 5, 27, 0, 49, 33, 46, 3, 0, 20, 22, 11, 29, 21, 39, 3], [28, 2, 4, 17, 34, 24, 0, 9, 33, 0, 24, 1, 21, 24, 7, 8, 5, 30, 40, 32, 33, 7, 10, 0, 4], [0, 31, 27, 15, 25, 23, 29, 37, 5, 3, 5, 37, 4, 34, 37, 6, 20, 4, 2, 39, 13, 24, 31, 0, 17], [18, 37, 23, 3, 7, 22, 26, 27, 39, 11, 15, 3, 38, 7, 30, 22, 37, 0, 30, 30, 33, 47, 41, 7, 7], [9, 16, 16, 36, 46, 6, 3, 0, 27, 23, 1, 31, 35, 2, 4, 34, 33, 21, 6, 18, 18, 37, 9, 40, 41], [49, 8, 0, 14, 1, 12, 13, 48, 30, 34, 23, 22, 28, 6, 2, 23, 5, 39, 17, 13, 30, 29, 0, 31, 18], [0, 7, 1, 45, 40, 10, 8, 0, 15, 38, 30, 49, 7, 26, 4, 14, 10, 29, 3, 48, 31, 29, 27, 30, 9], [11, 42, 49, 14, 9, 22, 16, 38, 26, 43, 0, 40, 49, 19, 4, 33, 13, 17, 18, 2, 12, 10, 18, 19, 35], [36, 34, 49, 19, 44, 39, 8, 27, 38, 23, 42, 11, 12, 30, 17, 21, 22, 15, 35, 41, 23, 22, 1, 24, 0], [21, 6, 49, 18, 7, 24, 45, 1, 1, 26, 14, 0, 3, 1, 28, 33, 30, 20, 5, 3, 3, 25, 17, 20, 15], [20, 9, 20, 0, 9, 0, 14, 1, 45, 0, 39, 1, 17, 4, 23, 38, 6, 26, 38, 45, 0, 22, 33, 27, 17], [22, 13, 21, 11, 9, 22, 0, 20, 28, 3, 19, 2, 37, 12, 0, 25, 35, 1, 3, 41, 23, 49, 0, 13, 46], [23, 18, 26, 31, 19, 31, 24, 17, 1, 39, 47, 35, 17, 15, 21, 27, 49, 19, 10, 21, 14, 0, 0, 42, 19], [4, 44, 17, 48, 11, 9, 25, 14, 44, 40, 9, 13, 33, 10, 24, 12, 15, 3, 34, 44, 0, 33, 35, 13, 25], [7, 10, 12, 25, 12, 21, 34, 17, 0, 6, 18, 46, 39, 24, 17, 6, 10, 34, 49, 31, 43, 15, 32, 47, 16], [14, 37, 28, 28, 49, 3, 21, 16, 22, 5, 4, 19, 0, 32, 12, 43, 20, 37, 11, 40, 25, 19, 30, 24, 26], [27, 48, 46, 41, 44, 1, 35, 35, 0, 0, 4, 29, 21, 27, 46, 37, 15, 2, 31, 19, 14, 41, 15, 37, 36], [12, 8, 38, 8, 25, 10, 41, 12, 44, 41, 6, 7, 4, 40, 20, 23, 32, 19, 40, 30, 11, 14, 45, 5, 49], [41, 9, 44, 2, 21, 25, 21, 43, 0, 32, 29, 21, 25, 41, 17, 38, 25, 16, 46, 22, 5, 14, 26, 4, 24], [11, 26, 18, 25, 26, 21, 6, 40, 44, 12, 0, 42, 48, 44, 0, 27, 17, 24, 19, 9, 41, 27, 2, 33, 17], [43, 14, 9, 19, 22, 16, 22, 0, 44, 49, 42, 25, 41, 0, 28, 39, 35, 6, 19, 23, 13, 6, 26, 16, 48], [40, 46, 10, 26, 38, 1, 35, 44, 2, 41, 24, 38, 22, 24, 44, 35, 15, 32, 40, 49, 27, 18, 1, 14, 4], [15, 31, 36, 45, 35, 32, 0, 29, 6, 48, 4, 29, 35, 40, 31, 16, 4, 44, 7, 17, 3, 49, 40, 8, 23], [34, 19, 24, 0, 0, 22, 49, 48, 23, 38, 44, 8, 25, 37, 32, 17, 16, 3, 2, 33, 22, 6, 27, 48, 31], [5, 20, 34, 33, 39, 22, 44, 37, 23, 47, 35, 18, 40, 42, 1, 0, 23, 47, 4, 33, 12, 0, 31, 49, 17], [49, 24, 7, 21, 0, 10, 15, 19, 49, 9, 29, 36, 4, 43, 14, 42, 4, 45, 11, 47, 0, 30, 13, 1, 13], [21, 8, 25, 25, 40, 11, 48, 3, 13, 9, 10, 44, 19, 36, 34, 38, 25, 0, 9, 47, 0, 12, 18, 39, 49], [34, 43, 11, 40, 22, 3, 11, 23, 6, 28, 25, 7, 9, 16, 39, 9, 42, 30, 30, 35, 27, 45, 27, 10, 32], [45, 5, 43, 41, 42, 9, 7, 42, 35, 16, 25, 31, 2, 22, 47, 6, 1, 11, 13, 19, 20, 6, 5, 25, 26], [14, 22, 45, 29, 31, 0, 21, 17, 0, 5, 0, 18, 5, 27, 27, 3, 38, 0, 33, 36, 37, 14, 9, 13, 39], [5, 40, 32, 40, 49, 16, 44, 7, 4, 2, 39, 8, 29, 18, 25, 1, 11, 2, 26, 0, 43, 23, 17, 33, 39], [22, 5, 14, 36, 14, 27, 44, 6, 17, 8, 4, 7, 24, 9, 6, 2, 3, 17, 34, 13, 25, 0, 6, 33, 7], [45, 26, 48, 43, 36, 27, 36, 33, 27, 38, 15, 6, 11, 17, 32, 4, 27, 17, 28, 49, 22, 28, 31, 8, 38], [18, 32, 45, 25, 34, 15, 34, 17, 21, 5, 21, 30, 9, 47, 7, 38, 32, 1, 38, 41, 34, 45, 27, 45, 16], [1, 0, 23, 28, 14, 45, 2, 36, 47, 23, 12, 42, 49, 24, 20, 0, 7, 5, 48, 37, 38, 34, 15, 23, 27], [41, 4, 0, 38, 4, 29, 28, 29, 17, 36, 8, 46, 13, 38, 40, 33, 6, 8, 0, 6, 5, 3, 7, 36, 25], [13, 26, 32, 28, 42, 29, 28, 20, 28, 20, 0, 35, 46, 40, 13, 36, 5, 39, 0, 5, 49, 21, 1, 40, 21], [31, 35, 0, 4, 22, 22, 40, 21, 0, 43, 10, 34, 43, 23, 22, 10, 8, 1, 41, 7, 39, 32, 13, 10, 41], [49, 8, 0, 13, 5, 9, 26, 0, 8, 38, 44, 45, 31, 42, 16, 12, 34, 1, 4, 39, 25, 14, 7, 11, 2], [28, 38, 32, 27, 0, 18, 10, 36, 0, 25, 18, 3, 10, 14, 45, 19, 19, 39, 13, 30, 46, 1, 45, 46, 0], [46, 34, 27, 7, 0, 20, 30, 32, 13, 29, 22, 15, 0, 41, 2, 34, 44, 15, 40, 21, 17, 25, 2, 45, 19], [44, 36, 38, 44, 6, 32, 14, 30, 32, 10, 47, 21, 41, 38, 35, 0, 41, 6, 29, 49, 6, 17, 1, 30, 48], [11, 13, 20, 0, 0, 49, 21, 24, 2, 41, 12, 41, 40, 30, 6, 9, 25, 43, 0, 7, 47, 19, 24, 5, 22], [0, 25, 20, 0, 13, 31, 44, 30, 47, 5, 1, 36, 44, 35, 12, 17, 35, 0, 0, 39, 0, 32, 49, 10, 41], [33, 0, 43, 39, 28, 40, 5, 28, 14, 0, 42, 18, 5, 33, 21, 27, 0, 31, 21, 0, 0, 26, 28, 38, 8], [7, 27, 33, 5, 26, 35, 35, 28, 31, 10, 42, 9, 33, 27, 44, 35, 32, 10, 40, 2, 36, 22, 23, 45, 8], [13, 32, 49, 34, 17, 25, 1, 27, 40, 21, 45, 7, 32, 39, 9, 0, 27, 7, 8, 46, 22, 7, 27, 12, 40], [20, 23, 32, 2, 7, 26, 31, 38, 34, 6, 4, 6, 2, 9, 49, 36, 47, 1, 3, 27, 29, 18, 0, 19, 32], [46, 13, 20, 18, 2, 7, 34, 45, 47, 1, 10, 0, 17, 37, 15, 9, 47, 26, 14, 34, 5, 14, 39, 40, 25], [23, 31, 21, 20, 2, 25, 7, 3, 22, 19, 47, 10, 38, 44, 4, 48, 21, 31, 40, 24, 22, 37, 0, 13, 8], [4, 33, 0, 8, 28, 26, 37, 16, 39, 7, 7, 39, 31, 3, 1, 5, 20, 6, 46, 38, 9, 32, 47, 10, 0]]
Maintenance cost in each period m: 
[8918, 8451, 7681, 10241, 7890, 9360, 8125, 8199, 7685, 6507, 7709, 8910, 7775, 8733, 6633, 7385, 9662, 8243, 7770, 9945, 9091, 7762, 7766, 6340, 10112]
Maximum capacity of the machine cmax: 
2870