Set of periods in the planning horizon T: 
35
Set of products P: 
50
Capacity reduction coefficient alpha: 
0.8
Relative decrease of capacity per set up gamma: 
0.32
Capacity reduction coefficient due to product types beta: 
[0.33, 0.26, 0.3, 0.35, 0.39, 0.26, 0.21, 0.38, 0.39, 0.37, 0.39, 0.25, 0.29, 0.23, 0.26, 0.25, 0.34, 0.31, 0.27, 0.29, 0.32, 0.33, 0.26, 0.22, 0.38, 0.28, 0.37, 0.31, 0.36, 0.26, 0.25, 0.22, 0.35, 0.21, 0.29, 0.39, 0.21, 0.25, 0.27, 0.29, 0.37, 0.28, 0.29, 0.38, 0.21, 0.27, 0.39, 0.39, 0.28, 0.3]
Fixed production cost of each product in each period f: 
[[796, 503, 945, 993, 849, 937, 538, 928, 648, 787, 682, 566, 737, 823, 511, 747, 587, 874, 788, 836, 929, 919, 831, 753, 730, 694, 574, 659, 871, 643, 972, 972, 726, 819, 970], [808, 931, 500, 742, 945, 564, 841, 973, 650, 580, 654, 885, 695, 961, 962, 942, 632, 967, 655, 507, 541, 754, 852, 678, 700, 761, 637, 555, 983, 997, 768, 601, 876, 562, 883], [989, 758, 654, 790, 993, 937, 753, 995, 925, 626, 585, 772, 559, 971, 550, 969, 805, 595, 917, 705, 852, 844, 512, 907, 945, 622, 901, 744, 735, 822, 836, 929, 571, 762, 874], [942, 814, 724, 870, 730, 530, 535, 709, 826, 887, 774, 842, 891, 592, 859, 789, 960, 969, 652, 599, 839, 852, 938, 927, 985, 534, 594, 978, 729, 730, 619, 802, 777, 674, 536], [635, 755, 681, 848, 630, 795, 597, 959, 657, 980, 564, 595, 676, 607, 563, 827, 549, 729, 918, 579, 940, 650, 965, 648, 608, 839, 528, 913, 505, 770, 683, 872, 815, 700, 887], [643, 808, 749, 648, 906, 768, 814, 762, 664, 572, 834, 757, 851, 892, 836, 907, 860, 543, 744, 694, 745, 828, 879, 549, 546, 584, 704, 973, 718, 506, 776, 933, 906, 707, 788], [533, 993, 746, 567, 818, 675, 601, 919, 660, 653, 553, 839, 706, 852, 752, 612, 584, 847, 671, 831, 685, 527, 564, 796, 768, 813, 950, 965, 665, 590, 656, 983, 591, 608, 606], [704, 916, 905, 834, 549, 803, 718, 605, 675, 722, 881, 859, 980, 542, 756, 637, 650, 886, 703, 641, 866, 656, 613, 769, 694, 818, 793, 685, 861, 952, 918, 764, 952, 916, 614], [815, 648, 768, 626, 604, 937, 619, 868, 768, 507, 864, 810, 915, 632, 790, 600, 617, 816, 882, 611, 646, 686, 940, 602, 621, 939, 678, 889, 527, 781, 652, 852, 910, 551, 556], [709, 729, 802, 513, 953, 917, 707, 857, 832, 683, 696, 504, 698, 795, 758, 929, 560, 519, 744, 523, 964, 530, 582, 908, 921, 714, 708, 689, 994, 919, 532, 744, 774, 637, 808], [802, 961, 529, 832, 565, 711, 548, 923, 613, 655, 519, 620, 920, 729, 527, 669, 940, 743, 642, 657, 741, 949, 996, 562, 616, 637, 691, 776, 969, 839, 961, 947, 803, 965, 802], [536, 947, 744, 694, 802, 871, 512, 514, 725, 619, 710, 726, 844, 611, 887, 809, 736, 926, 529, 796, 724, 817, 650, 892, 799, 563, 796, 936, 809, 940, 806, 623, 802, 704, 964], [593, 678, 715, 867, 669, 617, 882, 884, 931, 720, 637, 755, 866, 546, 811, 743, 660, 971, 795, 866, 544, 579, 588, 522, 629, 850, 857, 757, 681, 645, 852, 713, 682, 514, 862], [589, 704, 969, 710, 839, 661, 985, 761, 647, 536, 628, 620, 642, 503, 793, 679, 671, 704, 621, 825, 748, 627, 898, 916, 662, 590, 920, 887, 785, 932, 920, 890, 713, 632, 584], [896, 889, 974, 564, 583, 727, 977, 601, 563, 912, 530, 671, 975, 584, 752, 994, 945, 565, 819, 664, 720, 930, 538, 930, 850, 619, 568, 587, 983, 982, 558, 638, 571, 865, 769], [726, 772, 806, 703, 904, 592, 921, 579, 806, 540, 617, 638, 837, 850, 892, 937, 684, 979, 517, 501, 649, 848, 686, 511, 827, 609, 892, 861, 798, 828, 891, 666, 979, 827, 717], [843, 925, 949, 971, 613, 549, 583, 631, 660, 994, 904, 594, 500, 807, 527, 835, 787, 796, 795, 687, 541, 643, 746, 950, 972, 564, 614, 645, 651, 511, 689, 961, 645, 717, 643], [654, 957, 647, 540, 993, 661, 685, 822, 981, 997, 949, 944, 575, 957, 629, 611, 716, 556, 775, 863, 569, 960, 667, 769, 627, 749, 836, 981, 872, 850, 877, 592, 689, 619, 749], [572, 649, 724, 586, 904, 919, 840, 830, 549, 532, 858, 767, 868, 602, 796, 802, 626, 778, 567, 632, 536, 788, 678, 893, 700, 661, 831, 930, 868, 592, 656, 829, 886, 997, 743], [998, 625, 951, 815, 543, 725, 604, 510, 717, 829, 774, 947, 692, 859, 634, 541, 835, 768, 881, 988, 603, 533, 844, 603, 577, 946, 860, 582, 801, 672, 810, 560, 773, 867, 665], [838, 596, 554, 730, 683, 702, 839, 617, 926, 936, 626, 696, 551, 835, 790, 609, 782, 507, 595, 797, 866, 639, 810, 942, 657, 613, 658, 546, 725, 631, 756, 605, 693, 671, 779], [744, 675, 794, 946, 780, 553, 537, 992, 563, 871, 657, 715, 577, 910, 677, 916, 969, 946, 797, 886, 701, 830, 610, 739, 717, 595, 743, 742, 667, 517, 512, 627, 777, 505, 821], [875, 682, 731, 810, 826, 567, 600, 756, 553, 966, 631, 504, 744, 622, 922, 729, 659, 975, 776, 852, 725, 774, 870, 586, 868, 718, 747, 623, 960, 624, 535, 555, 993, 818, 980], [905, 555, 680, 652, 993, 680, 582, 963, 652, 581, 519, 625, 736, 854, 957, 890, 710, 732, 598, 935, 512, 677, 712, 517, 871, 517, 903, 875, 899, 761, 545, 636, 825, 691, 991], [581, 549, 848, 570, 983, 546, 632, 789, 764, 599, 781, 604, 992, 790, 799, 770, 953, 980, 571, 645, 814, 610, 762, 963, 630, 947, 631, 640, 806, 897, 669, 835, 685, 709, 749], [641, 564, 840, 645, 778, 896, 882, 941, 678, 538, 871, 554, 990, 792, 975, 605, 674, 910, 857, 900, 656, 686, 549, 816, 871, 557, 706, 797, 777, 997, 783, 641, 588, 751, 829], [829, 866, 699, 662, 883, 909, 663, 612, 903, 773, 937, 603, 533, 734, 747, 803, 638, 799, 618, 549, 987, 840, 847, 528, 681, 568, 621, 971, 629, 775, 720, 734, 817, 577, 677], [636, 873, 946, 782, 688, 587, 763, 543, 554, 943, 679, 852, 782, 604, 869, 583, 888, 746, 858, 822, 728, 517, 739, 922, 514, 650, 822, 943, 912, 847, 544, 953, 611, 694, 536], [589, 516, 889, 772, 906, 683, 935, 567, 801, 879, 684, 746, 558, 750, 820, 581, 927, 929, 897, 928, 604, 697, 675, 599, 696, 834, 966, 639, 802, 913, 650, 585, 817, 652, 816], [712, 681, 727, 999, 682, 691, 664, 898, 890, 636, 801, 963, 588, 739, 891, 810, 757, 988, 856, 948, 995, 577, 576, 705, 869, 550, 997, 815, 739, 750, 769, 926, 916, 548, 880], [765, 901, 946, 524, 662, 868, 528, 660, 881, 867, 800, 510, 802, 965, 941, 845, 708, 741, 794, 560, 845, 576, 659, 663, 763, 530, 565, 910, 825, 964, 770, 502, 536, 575, 700], [997, 890, 631, 705, 655, 842, 577, 547, 612, 848, 557, 544, 560, 984, 506, 675, 997, 576, 884, 852, 827, 863, 804, 565, 637, 952, 617, 927, 852, 990, 762, 592, 522, 786, 864], [622, 649, 557, 557, 835, 583, 735, 537, 937, 563, 591, 660, 736, 531, 955, 529, 913, 823, 778, 782, 836, 810, 540, 742, 696, 851, 613, 844, 651, 579, 819, 616, 769, 834, 787], [696, 623, 806, 939, 601, 794, 727, 942, 972, 917, 945, 963, 543, 703, 852, 516, 889, 977, 945, 621, 754, 725, 844, 630, 897, 733, 955, 507, 681, 871, 649, 774, 666, 546, 820], [998, 936, 892, 672, 669, 747, 879, 592, 992, 869, 712, 928, 754, 791, 844, 724, 757, 734, 505, 877, 871, 620, 773, 804, 854, 836, 959, 550, 723, 769, 948, 561, 576, 866, 583], [609, 647, 830, 596, 774, 761, 654, 720, 588, 869, 543, 912, 588, 819, 502, 777, 675, 543, 715, 887, 574, 978, 725, 818, 802, 986, 732, 718, 774, 806, 810, 504, 938, 788, 964], [957, 851, 670, 917, 611, 536, 864, 951, 706, 691, 907, 533, 678, 805, 702, 784, 852, 887, 795, 961, 996, 725, 635, 560, 699, 998, 696, 503, 535, 651, 514, 960, 561, 625, 697], [990, 563, 529, 677, 942, 751, 855, 739, 873, 780, 642, 949, 975, 556, 955, 700, 896, 658, 821, 618, 766, 785, 679, 684, 680, 856, 925, 882, 743, 927, 627, 947, 811, 884, 974], [676, 591, 816, 742, 617, 611, 627, 537, 878, 999, 998, 723, 996, 858, 961, 983, 875, 721, 885, 622, 891, 675, 832, 911, 817, 947, 880, 928, 787, 876, 732, 907, 657, 755, 576], [640, 707, 579, 780, 862, 931, 683, 962, 836, 801, 726, 720, 842, 644, 975, 790, 698, 860, 977, 641, 893, 697, 748, 756, 650, 674, 925, 722, 701, 582, 736, 506, 902, 770, 896], [708, 670, 564, 596, 834, 688, 536, 515, 736, 698, 506, 838, 729, 617, 783, 983, 650, 720, 601, 829, 712, 680, 954, 554, 609, 984, 587, 810, 552, 644, 683, 616, 593, 943, 816], [969, 634, 747, 985, 764, 837, 877, 748, 958, 915, 936, 869, 550, 929, 933, 884, 830, 620, 589, 843, 504, 532, 595, 776, 595, 719, 900, 627, 642, 758, 612, 521, 906, 794, 540], [788, 705, 740, 524, 973, 779, 690, 921, 927, 725, 653, 809, 583, 535, 921, 718, 973, 595, 775, 592, 885, 686, 563, 818, 753, 819, 647, 938, 902, 579, 667, 632, 508, 571, 750], [623, 715, 620, 589, 526, 777, 688, 823, 507, 643, 713, 742, 819, 970, 862, 935, 620, 529, 605, 609, 745, 522, 874, 875, 885, 904, 772, 816, 862, 657, 667, 977, 653, 689, 505], [897, 607, 788, 606, 644, 924, 911, 590, 767, 947, 539, 867, 922, 990, 950, 728, 734, 953, 871, 632, 898, 566, 576, 710, 863, 614, 888, 844, 522, 591, 853, 546, 899, 583, 587], [725, 594, 769, 615, 611, 817, 692, 542, 707, 711, 894, 757, 704, 844, 640, 926, 995, 993, 569, 609, 733, 508, 901, 721, 780, 612, 670, 797, 756, 826, 819, 543, 825, 566, 942], [875, 949, 789, 545, 833, 598, 644, 916, 852, 809, 856, 619, 937, 729, 807, 582, 505, 595, 770, 828, 968, 921, 883, 820, 889, 951, 955, 692, 835, 632, 555, 896, 631, 630, 731], [773, 905, 764, 542, 839, 775, 694, 674, 892, 909, 982, 715, 773, 915, 692, 610, 591, 658, 604, 799, 649, 566, 636, 785, 894, 513, 890, 648, 668, 916, 836, 976, 567, 631, 714], [812, 719, 954, 653, 702, 733, 816, 768, 636, 986, 857, 903, 758, 932, 949, 924, 578, 749, 736, 544, 610, 748, 723, 625, 516, 842, 668, 934, 925, 954, 530, 863, 647, 859, 642], [533, 776, 938, 881, 653, 527, 696, 791, 897, 600, 887, 749, 562, 616, 846, 714, 780, 660, 830, 964, 566, 632, 718, 657, 928, 867, 985, 692, 584, 547, 826, 653, 545, 946, 693]]
Variable production cost per unit of each product in each period p: 
[[12, 12, 12, 13, 10, 11, 11, 13, 12, 10, 13, 10, 11, 12, 11, 11, 13, 12, 12, 10, 13, 11, 13, 13, 10, 10, 10, 12, 13, 13, 10, 10, 10, 12, 10], [11, 11, 12, 13, 13, 13, 11, 11, 13, 12, 13, 13, 10, 10, 10, 10, 11, 12, 10, 12, 10, 10, 11, 11, 12, 10, 12, 13, 13, 10, 10, 11, 12, 12, 13], [11, 11, 10, 13, 11, 13, 11, 13, 12, 12, 13, 10, 10, 12, 13, 10, 12, 12, 11, 10, 13, 13, 12, 13, 10, 12, 11, 10, 12, 11, 11, 13, 13, 13, 11], [11, 10, 11, 12, 10, 11, 10, 11, 11, 12, 11, 10, 11, 12, 12, 10, 11, 13, 10, 10, 11, 11, 12, 12, 10, 11, 12, 11, 12, 10, 13, 12, 12, 10, 13], [12, 10, 12, 13, 11, 10, 10, 11, 13, 13, 10, 11, 12, 12, 10, 13, 11, 12, 13, 13, 12, 13, 11, 12, 13, 11, 12, 12, 12, 11, 10, 10, 13, 11, 12], [11, 12, 12, 13, 10, 11, 10, 13, 10, 10, 11, 10, 12, 13, 11, 13, 11, 13, 12, 13, 10, 10, 11, 13, 11, 12, 11, 11, 11, 13, 11, 12, 12, 11, 11], [11, 10, 13, 13, 13, 13, 13, 12, 11, 13, 11, 11, 10, 11, 12, 10, 12, 13, 11, 12, 13, 12, 13, 11, 13, 13, 12, 12, 11, 11, 11, 13, 11, 12, 11], [10, 12, 11, 12, 11, 13, 10, 13, 12, 11, 12, 10, 10, 10, 13, 12, 12, 12, 13, 12, 11, 13, 13, 10, 11, 11, 13, 11, 12, 12, 10, 11, 13, 12, 13], [12, 11, 10, 12, 11, 11, 11, 12, 13, 12, 11, 12, 12, 13, 13, 12, 12, 12, 10, 11, 12, 11, 10, 11, 13, 10, 11, 10, 10, 12, 11, 11, 11, 11, 10], [13, 12, 13, 11, 11, 10, 13, 10, 10, 10, 10, 13, 13, 13, 10, 11, 12, 12, 12, 12, 11, 10, 10, 10, 10, 10, 11, 12, 12, 10, 13, 11, 10, 11, 13], [12, 10, 10, 12, 12, 10, 13, 13, 11, 12, 10, 10, 12, 13, 13, 13, 10, 13, 12, 13, 11, 13, 10, 12, 11, 10, 10, 10, 11, 11, 10, 12, 13, 13, 12], [11, 13, 10, 12, 10, 10, 12, 13, 13, 13, 11, 11, 10, 13, 10, 13, 13, 12, 13, 10, 12, 10, 10, 11, 10, 10, 11, 10, 12, 13, 12, 11, 11, 10, 11], [10, 10, 12, 11, 12, 11, 12, 13, 10, 12, 12, 13, 11, 11, 12, 12, 10, 11, 12, 11, 12, 10, 10, 10, 10, 13, 12, 10, 11, 10, 13, 13, 13, 10, 12], [12, 12, 10, 12, 11, 10, 13, 10, 12, 13, 11, 12, 12, 12, 13, 13, 11, 12, 12, 13, 10, 12, 11, 13, 11, 10, 13, 10, 12, 11, 10, 12, 10, 10, 11], [11, 10, 12, 11, 12, 13, 12, 13, 10, 11, 13, 11, 13, 10, 11, 12, 13, 11, 12, 11, 10, 12, 13, 12, 11, 10, 11, 10, 12, 13, 13, 11, 11, 13, 12], [13, 10, 11, 12, 11, 11, 12, 10, 13, 13, 11, 13, 12, 10, 10, 13, 13, 10, 11, 10, 12, 13, 11, 12, 13, 13, 13, 12, 12, 13, 11, 11, 13, 11, 12], [13, 12, 13, 11, 10, 11, 13, 11, 12, 12, 11, 12, 10, 11, 10, 10, 11, 12, 13, 11, 12, 12, 10, 13, 12, 11, 13, 11, 11, 12, 11, 12, 13, 12, 11], [11, 12, 11, 12, 11, 12, 11, 13, 10, 13, 13, 10, 10, 13, 10, 12, 12, 13, 11, 11, 11, 13, 13, 13, 12, 13, 12, 13, 10, 10, 12, 11, 10, 12, 10], [13, 12, 10, 12, 10, 13, 13, 13, 11, 12, 13, 13, 11, 13, 10, 11, 12, 11, 13, 13, 12, 10, 13, 13, 11, 11, 11, 10, 12, 12, 13, 11, 11, 10, 11], [13, 11, 10, 13, 12, 11, 13, 13, 10, 12, 12, 12, 10, 13, 11, 10, 11, 13, 10, 12, 11, 11, 12, 13, 10, 11, 10, 11, 12, 12, 11, 10, 11, 10, 13], [11, 10, 11, 10, 10, 13, 13, 11, 13, 11, 13, 13, 12, 13, 11, 10, 13, 13, 13, 10, 13, 10, 13, 12, 13, 10, 12, 13, 13, 13, 13, 12, 11, 11, 13], [12, 10, 10, 12, 13, 11, 13, 13, 11, 11, 10, 13, 11, 11, 10, 13, 12, 10, 10, 12, 13, 11, 12, 12, 11, 10, 12, 11, 11, 12, 10, 11, 13, 13, 11], [10, 11, 11, 10, 10, 13, 10, 11, 12, 10, 12, 11, 11, 12, 12, 11, 11, 13, 13, 12, 11, 13, 10, 13, 12, 11, 10, 13, 13, 13, 13, 12, 11, 11, 12], [10, 12, 13, 12, 10, 12, 12, 11, 13, 10, 12, 12, 12, 11, 11, 11, 11, 10, 10, 12, 10, 10, 11, 12, 10, 12, 11, 13, 11, 13, 10, 10, 13, 10, 11], [12, 10, 13, 13, 10, 13, 13, 10, 11, 12, 12, 13, 13, 13, 12, 11, 11, 11, 10, 11, 12, 10, 10, 10, 11, 12, 13, 10, 10, 10, 12, 11, 12, 10, 13], [12, 12, 11, 10, 13, 13, 11, 12, 12, 12, 13, 13, 10, 13, 10, 13, 11, 10, 10, 13, 12, 12, 10, 13, 11, 11, 13, 10, 10, 12, 10, 11, 11, 12, 11], [10, 11, 10, 11, 13, 11, 11, 10, 11, 13, 13, 13, 10, 13, 10, 13, 12, 10, 10, 13, 13, 11, 12, 10, 10, 13, 10, 13, 12, 13, 12, 12, 10, 13, 12], [10, 10, 10, 10, 10, 10, 10, 10, 12, 12, 13, 12, 12, 13, 13, 11, 11, 10, 11, 13, 11, 11, 13, 11, 12, 12, 11, 10, 13, 12, 13, 12, 11, 12, 12], [10, 10, 13, 10, 10, 10, 13, 13, 12, 12, 12, 12, 10, 12, 10, 13, 10, 11, 12, 11, 12, 12, 12, 12, 11, 10, 11, 11, 10, 10, 11, 10, 10, 12, 13], [12, 12, 12, 10, 13, 12, 13, 11, 13, 12, 10, 12, 10, 12, 10, 12, 13, 11, 12, 10, 12, 12, 11, 11, 13, 10, 11, 13, 12, 12, 10, 10, 10, 10, 10], [12, 11, 11, 12, 11, 11, 11, 13, 12, 13, 13, 11, 11, 11, 11, 12, 13, 12, 13, 12, 12, 11, 10, 12, 11, 11, 10, 10, 11, 12, 12, 10, 11, 12, 11], [12, 12, 11, 12, 12, 12, 11, 11, 11, 13, 12, 13, 13, 13, 11, 11, 12, 12, 12, 11, 12, 10, 10, 10, 10, 11, 10, 13, 12, 10, 10, 12, 11, 13, 13], [11, 11, 12, 13, 13, 10, 12, 12, 13, 11, 10, 10, 12, 10, 13, 12, 11, 13, 11, 11, 10, 11, 10, 13, 12, 13, 12, 11, 12, 11, 11, 10, 12, 10, 11], [12, 11, 13, 11, 13, 13, 12, 13, 10, 10, 11, 10, 10, 11, 12, 10, 13, 12, 10, 11, 13, 10, 12, 11, 12, 10, 11, 11, 11, 11, 10, 12, 10, 12, 11], [11, 10, 13, 13, 13, 11, 12, 10, 11, 13, 10, 11, 12, 10, 10, 10, 11, 13, 13, 10, 11, 12, 13, 10, 10, 12, 12, 12, 10, 12, 12, 12, 10, 12, 11], [11, 11, 11, 13, 12, 11, 11, 10, 10, 11, 11, 10, 13, 12, 10, 12, 13, 12, 11, 11, 12, 10, 10, 10, 11, 11, 13, 13, 11, 11, 13, 10, 10, 10, 13], [11, 13, 11, 12, 13, 10, 10, 13, 11, 13, 13, 12, 11, 10, 13, 13, 10, 11, 11, 11, 13, 10, 10, 10, 10, 10, 11, 10, 11, 13, 11, 10, 13, 10, 12], [11, 13, 13, 10, 13, 13, 10, 11, 12, 13, 10, 11, 13, 12, 13, 13, 13, 11, 13, 10, 13, 13, 12, 11, 12, 13, 10, 12, 13, 13, 10, 10, 10, 10, 13], [11, 12, 13, 10, 13, 13, 12, 13, 13, 11, 12, 12, 11, 11, 10, 11, 12, 10, 12, 10, 10, 10, 11, 13, 12, 12, 10, 13, 12, 10, 10, 11, 11, 11, 13], [12, 12, 10, 13, 11, 10, 10, 12, 10, 11, 12, 10, 10, 11, 12, 11, 12, 13, 11, 13, 12, 12, 10, 10, 12, 10, 10, 13, 11, 11, 10, 13, 11, 10, 10], [12, 12, 10, 10, 13, 11, 13, 10, 11, 10, 13, 10, 11, 10, 13, 10, 10, 13, 10, 12, 11, 12, 12, 11, 13, 12, 10, 10, 11, 13, 11, 11, 11, 11, 10], [12, 13, 10, 11, 13, 13, 10, 10, 10, 12, 13, 10, 12, 10, 11, 13, 11, 11, 10, 11, 12, 10, 13, 12, 11, 11, 10, 10, 13, 13, 11, 10, 12, 13, 13], [10, 12, 10, 11, 10, 13, 12, 10, 12, 12, 13, 11, 13, 12, 13, 10, 11, 10, 10, 13, 11, 13, 12, 12, 12, 12, 13, 10, 10, 10, 12, 10, 10, 12, 11], [10, 12, 13, 13, 10, 10, 10, 12, 11, 13, 13, 12, 11, 12, 10, 12, 11, 11, 12, 10, 11, 11, 13, 10, 10, 11, 12, 11, 11, 12, 11, 10, 11, 12, 11], [12, 10, 12, 13, 13, 13, 12, 13, 11, 10, 11, 12, 10, 13, 12, 10, 10, 13, 12, 11, 13, 13, 12, 10, 13, 11, 11, 10, 10, 11, 11, 10, 11, 12, 13], [12, 13, 12, 10, 11, 10, 12, 10, 13, 10, 13, 13, 11, 11, 10, 10, 11, 12, 11, 13, 12, 13, 10, 13, 12, 12, 12, 12, 11, 10, 13, 12, 13, 13, 11], [13, 12, 13, 11, 10, 10, 10, 13, 12, 11, 10, 11, 12, 11, 13, 12, 11, 12, 13, 12, 11, 13, 13, 10, 11, 11, 11, 11, 12, 10, 10, 11, 12, 11, 12], [12, 13, 13, 10, 11, 12, 12, 12, 10, 12, 12, 12, 13, 13, 12, 12, 13, 12, 11, 11, 10, 10, 11, 10, 12, 12, 13, 10, 13, 10, 11, 13, 12, 10, 13], [13, 12, 13, 11, 13, 13, 13, 13, 13, 13, 12, 12, 11, 11, 12, 10, 12, 10, 11, 12, 13, 10, 13, 11, 11, 12, 12, 13, 10, 12, 11, 13, 13, 10, 12], [12, 11, 11, 12, 12, 12, 11, 13, 13, 12, 12, 13, 10, 11, 13, 11, 10, 12, 13, 11, 10, 10, 12, 13, 11, 11, 10, 11, 10, 11, 12, 12, 13, 12, 12]]
Inventory holding cost per unit of each product by the end of each period h: 
[[7, 5, 8, 8, 6, 5, 9, 6, 7, 6, 5, 8, 5, 7, 9, 5, 7, 8, 5, 5, 8, 5, 9, 9, 6, 7, 9, 9, 5, 7, 6, 5, 7, 7, 7], [8, 9, 9, 6, 7, 7, 6, 8, 7, 6, 8, 9, 7, 5, 5, 8, 7, 5, 9, 5, 9, 8, 5, 5, 9, 8, 9, 7, 9, 6, 8, 7, 5, 8, 9], [7, 7, 7, 8, 9, 7, 5, 7, 5, 5, 6, 9, 9, 6, 8, 8, 6, 9, 8, 8, 9, 7, 9, 7, 7, 9, 7, 8, 9, 8, 8, 9, 7, 8, 7], [7, 9, 7, 9, 8, 5, 8, 9, 6, 9, 5, 6, 6, 5, 7, 8, 5, 8, 8, 7, 7, 9, 9, 5, 9, 9, 7, 9, 7, 7, 8, 7, 7, 9, 8], [5, 5, 7, 6, 5, 9, 9, 7, 7, 6, 8, 8, 7, 8, 8, 5, 9, 5, 8, 9, 9, 8, 9, 7, 6, 6, 9, 8, 9, 8, 5, 8, 8, 7, 7], [7, 7, 6, 5, 6, 8, 6, 6, 5, 5, 6, 8, 8, 6, 5, 7, 8, 5, 9, 7, 7, 9, 6, 7, 5, 7, 8, 5, 8, 6, 6, 8, 5, 9, 5], [5, 6, 7, 9, 8, 7, 8, 9, 7, 7, 9, 6, 9, 9, 6, 7, 5, 9, 5, 8, 6, 8, 7, 9, 7, 5, 7, 6, 9, 8, 9, 9, 9, 9, 7], [9, 9, 8, 8, 8, 7, 8, 5, 7, 7, 5, 8, 8, 9, 7, 7, 8, 8, 7, 7, 6, 8, 7, 8, 7, 7, 5, 8, 6, 5, 5, 8, 5, 6, 8], [5, 5, 8, 9, 6, 9, 7, 9, 8, 5, 5, 8, 5, 6, 6, 9, 5, 6, 9, 9, 5, 7, 5, 7, 8, 5, 7, 9, 7, 6, 8, 6, 5, 6, 9], [5, 9, 5, 5, 8, 5, 9, 8, 8, 8, 8, 8, 7, 9, 5, 7, 9, 6, 5, 8, 5, 9, 8, 8, 5, 9, 9, 8, 5, 7, 6, 8, 6, 7, 8], [9, 8, 7, 6, 7, 7, 8, 7, 9, 6, 7, 6, 5, 5, 6, 5, 9, 6, 6, 7, 7, 8, 7, 8, 7, 9, 8, 9, 5, 6, 5, 9, 8, 9, 7], [7, 6, 9, 5, 8, 7, 7, 6, 9, 5, 6, 7, 6, 7, 8, 9, 6, 8, 6, 9, 9, 9, 6, 5, 5, 9, 6, 6, 6, 8, 9, 8, 6, 9, 6], [9, 6, 9, 5, 7, 6, 5, 5, 9, 9, 6, 7, 8, 9, 5, 7, 5, 7, 6, 5, 5, 5, 8, 9, 7, 9, 7, 6, 6, 7, 8, 5, 8, 6, 5], [5, 5, 7, 7, 9, 6, 5, 6, 6, 7, 6, 8, 5, 5, 5, 8, 5, 6, 9, 8, 6, 7, 7, 8, 6, 6, 5, 8, 8, 6, 8, 5, 6, 6, 7], [5, 9, 8, 8, 8, 8, 5, 8, 7, 6, 6, 8, 6, 9, 6, 7, 9, 7, 9, 8, 8, 5, 5, 5, 8, 5, 6, 7, 8, 9, 9, 6, 8, 5, 9], [7, 9, 8, 7, 7, 8, 9, 8, 8, 6, 7, 7, 6, 9, 6, 6, 7, 9, 5, 5, 6, 6, 5, 5, 7, 9, 5, 7, 6, 6, 5, 8, 7, 7, 8], [9, 8, 5, 8, 5, 9, 6, 5, 5, 7, 5, 8, 6, 8, 6, 7, 5, 6, 8, 6, 7, 6, 7, 9, 6, 9, 5, 7, 8, 9, 7, 7, 7, 6, 5], [5, 6, 8, 8, 5, 8, 5, 8, 6, 8, 8, 9, 8, 7, 9, 6, 8, 7, 9, 6, 5, 7, 6, 5, 6, 8, 9, 5, 6, 6, 7, 7, 9, 7, 5], [7, 5, 5, 9, 6, 9, 9, 8, 6, 7, 7, 6, 6, 7, 6, 7, 5, 7, 6, 8, 5, 5, 8, 9, 8, 8, 8, 7, 6, 7, 5, 7, 9, 7, 6], [8, 8, 9, 6, 7, 6, 8, 8, 7, 6, 5, 9, 9, 7, 8, 9, 5, 6, 8, 6, 7, 5, 9, 8, 8, 5, 6, 5, 6, 6, 9, 6, 6, 8, 5], [7, 8, 9, 6, 5, 6, 5, 6, 5, 8, 9, 8, 6, 9, 9, 7, 5, 5, 6, 7, 9, 9, 5, 7, 8, 5, 7, 8, 5, 6, 9, 9, 7, 7, 8], [8, 6, 9, 8, 7, 7, 7, 8, 8, 5, 8, 8, 6, 5, 9, 8, 9, 8, 7, 7, 5, 6, 6, 7, 6, 7, 8, 7, 8, 7, 7, 9, 9, 9, 7], [9, 8, 6, 8, 9, 9, 7, 5, 6, 5, 6, 7, 6, 9, 7, 8, 6, 7, 8, 7, 9, 8, 6, 8, 5, 6, 6, 7, 5, 7, 6, 9, 6, 9, 5], [5, 9, 9, 9, 8, 7, 5, 7, 6, 7, 9, 9, 8, 6, 6, 7, 8, 7, 9, 7, 8, 8, 6, 9, 5, 6, 9, 9, 7, 5, 5, 8, 7, 5, 7], [6, 6, 8, 7, 9, 7, 7, 9, 6, 8, 8, 9, 9, 7, 5, 5, 8, 9, 6, 7, 8, 7, 5, 6, 8, 7, 5, 7, 6, 9, 9, 5, 9, 9, 5], [5, 6, 6, 8, 7, 8, 8, 6, 9, 5, 9, 9, 8, 6, 7, 9, 5, 9, 8, 9, 9, 6, 6, 8, 7, 9, 5, 8, 8, 8, 8, 9, 8, 5, 5], [6, 5, 8, 9, 9, 7, 5, 9, 7, 5, 5, 7, 6, 6, 5, 5, 7, 9, 6, 8, 6, 5, 9, 9, 8, 5, 7, 7, 7, 6, 6, 5, 5, 9, 9], [6, 7, 8, 7, 8, 5, 8, 8, 5, 5, 7, 9, 7, 9, 6, 8, 8, 8, 9, 9, 7, 6, 9, 6, 8, 5, 5, 5, 7, 8, 7, 9, 5, 5, 6], [5, 8, 6, 9, 6, 5, 9, 7, 9, 8, 6, 6, 5, 7, 7, 7, 5, 5, 9, 9, 9, 9, 5, 6, 8, 6, 8, 8, 5, 5, 7, 5, 7, 5, 9], [9, 5, 5, 7, 5, 5, 8, 8, 6, 9, 7, 7, 6, 6, 9, 6, 9, 7, 7, 6, 8, 5, 5, 9, 9, 6, 5, 5, 5, 7, 6, 7, 9, 7, 7], [7, 8, 7, 6, 7, 6, 6, 9, 9, 5, 8, 9, 6, 8, 6, 5, 8, 6, 9, 5, 7, 5, 8, 6, 6, 7, 5, 9, 7, 9, 9, 5, 6, 6, 7], [5, 9, 5, 5, 9, 9, 8, 6, 8, 7, 6, 6, 7, 8, 9, 9, 5, 5, 7, 5, 9, 6, 7, 7, 9, 8, 7, 8, 9, 6, 6, 6, 5, 5, 6], [9, 5, 9, 7, 8, 9, 6, 6, 6, 7, 5, 6, 7, 7, 5, 7, 7, 6, 6, 7, 7, 5, 9, 7, 9, 5, 9, 6, 5, 9, 8, 7, 7, 5, 6], [9, 5, 7, 6, 7, 7, 7, 6, 5, 6, 9, 6, 8, 6, 6, 7, 7, 6, 8, 6, 8, 8, 5, 5, 6, 8, 9, 7, 5, 9, 7, 6, 6, 7, 8], [7, 5, 9, 6, 9, 6, 6, 9, 9, 8, 8, 5, 6, 7, 7, 7, 6, 5, 9, 7, 6, 8, 9, 6, 6, 5, 5, 7, 6, 7, 6, 8, 7, 8, 7], [7, 8, 5, 8, 7, 6, 8, 9, 7, 5, 9, 8, 6, 7, 5, 9, 7, 8, 8, 9, 6, 7, 9, 8, 6, 5, 6, 7, 8, 7, 9, 6, 8, 5, 5], [7, 9, 6, 9, 6, 5, 5, 9, 7, 9, 8, 5, 6, 8, 5, 5, 6, 7, 8, 8, 8, 6, 7, 8, 5, 5, 5, 5, 8, 9, 7, 8, 5, 9, 9], [9, 6, 5, 6, 5, 5, 6, 8, 9, 6, 7, 6, 9, 5, 6, 8, 5, 9, 5, 7, 7, 7, 9, 5, 7, 6, 7, 7, 7, 6, 5, 9, 7, 8, 5], [8, 6, 6, 5, 6, 6, 7, 5, 8, 8, 5, 8, 5, 8, 8, 9, 9, 7, 8, 7, 5, 5, 8, 9, 6, 7, 8, 6, 5, 6, 7, 6, 7, 9, 6], [6, 5, 7, 9, 5, 8, 6, 8, 8, 8, 5, 8, 9, 5, 8, 9, 6, 6, 6, 6, 5, 8, 5, 6, 7, 8, 7, 5, 8, 9, 7, 7, 5, 8, 9], [6, 8, 8, 7, 5, 6, 7, 6, 5, 8, 9, 5, 9, 8, 5, 9, 8, 6, 9, 8, 7, 5, 5, 6, 7, 7, 9, 8, 9, 7, 9, 7, 9, 9, 5], [5, 9, 8, 6, 9, 9, 7, 6, 5, 6, 8, 7, 5, 6, 5, 8, 5, 8, 9, 6, 9, 7, 7, 7, 5, 5, 6, 9, 9, 9, 7, 6, 7, 7, 8], [7, 9, 5, 6, 7, 8, 6, 5, 5, 9, 9, 6, 5, 6, 7, 8, 9, 5, 7, 7, 6, 8, 9, 6, 6, 7, 6, 7, 5, 6, 5, 5, 9, 5, 7], [9, 9, 5, 5, 7, 9, 5, 8, 8, 8, 9, 7, 9, 6, 9, 9, 5, 8, 9, 9, 9, 8, 5, 7, 8, 6, 8, 8, 7, 7, 5, 9, 7, 8, 6], [9, 9, 8, 6, 5, 9, 5, 5, 7, 9, 5, 6, 5, 9, 6, 8, 6, 6, 7, 5, 9, 9, 6, 7, 8, 7, 5, 9, 5, 9, 6, 6, 7, 5, 9], [7, 7, 9, 5, 5, 6, 6, 7, 7, 5, 7, 8, 6, 6, 7, 5, 7, 9, 7, 8, 7, 9, 9, 5, 6, 6, 8, 9, 8, 6, 8, 5, 5, 6, 6], [7, 5, 5, 7, 9, 9, 7, 8, 6, 5, 7, 6, 8, 8, 9, 8, 9, 8, 9, 5, 6, 9, 8, 6, 6, 9, 9, 6, 8, 8, 7, 5, 7, 7, 9], [8, 7, 9, 6, 5, 6, 7, 6, 5, 8, 5, 6, 6, 8, 6, 7, 9, 9, 5, 6, 5, 6, 7, 5, 7, 7, 6, 9, 8, 6, 5, 9, 6, 8, 6], [8, 5, 9, 5, 8, 6, 7, 8, 9, 9, 6, 6, 7, 8, 8, 8, 8, 5, 5, 7, 8, 5, 8, 9, 9, 7, 6, 8, 9, 9, 9, 8, 7, 8, 6], [6, 8, 6, 6, 8, 5, 7, 5, 6, 7, 8, 5, 8, 8, 6, 6, 9, 8, 6, 7, 6, 7, 5, 5, 6, 9, 9, 8, 6, 9, 6, 7, 9, 5, 9]]
Demand for each product in each period d: 
[[23, 5, 44, 24, 5, 27, 37, 12, 29, 33, 45, 28, 37, 28, 39, 3, 0, 21, 16, 8, 6, 2, 11, 4, 35, 30, 43, 45, 13, 15, 3, 8, 9, 0, 28], [24, 32, 8, 37, 33, 5, 40, 21, 3, 16, 8, 28, 0, 10, 16, 31, 12, 29, 29, 42, 30, 46, 3, 24, 18, 2, 24, 44, 24, 41, 5, 3, 20, 8, 24], [0, 39, 39, 40, 15, 17, 21, 18, 46, 10, 36, 44, 40, 5, 38, 41, 24, 5, 33, 4, 29, 45, 14, 7, 14, 17, 4, 26, 20, 25, 16, 11, 15, 10, 37], [48, 6, 20, 16, 8, 31, 7, 24, 43, 11, 42, 49, 30, 29, 38, 10, 27, 0, 0, 22, 3, 32, 47, 27, 27, 0, 42, 24, 16, 21, 32, 40, 38, 0, 30], [2, 0, 24, 44, 30, 24, 0, 3, 18, 48, 17, 29, 14, 38, 13, 20, 47, 2, 19, 42, 4, 15, 6, 38, 47, 5, 0, 19, 38, 37, 39, 7, 12, 36, 38], [20, 36, 32, 0, 26, 26, 17, 4, 5, 30, 38, 29, 3, 36, 1, 28, 44, 7, 18, 37, 33, 20, 29, 9, 20, 24, 44, 24, 28, 44, 38, 25, 25, 29, 45], [13, 22, 38, 34, 9, 6, 46, 10, 44, 23, 24, 36, 38, 5, 39, 49, 41, 23, 26, 7, 19, 49, 24, 22, 28, 42, 39, 17, 22, 13, 35, 36, 40, 41, 19], [2, 23, 0, 0, 17, 40, 41, 10, 35, 33, 45, 9, 21, 25, 9, 5, 48, 19, 2, 7, 45, 5, 24, 14, 0, 6, 47, 0, 17, 9, 27, 36, 34, 12, 10], [21, 11, 11, 0, 4, 0, 33, 31, 0, 42, 47, 7, 37, 46, 45, 25, 28, 21, 7, 37, 21, 2, 12, 15, 22, 48, 27, 23, 35, 0, 28, 7, 45, 32, 0], [47, 15, 30, 44, 39, 28, 1, 31, 8, 23, 18, 24, 25, 12, 46, 27, 24, 11, 0, 6, 10, 17, 16, 38, 41, 43, 20, 42, 10, 35, 2, 12, 3, 0, 45], [12, 25, 3, 28, 9, 0, 29, 1, 7, 21, 3, 4, 25, 42, 6, 31, 21, 9, 46, 24, 27, 43, 35, 12, 31, 2, 16, 5, 44, 38, 16, 4, 7, 42, 5], [6, 26, 0, 28, 37, 6, 41, 40, 0, 39, 47, 37, 16, 35, 11, 20, 49, 14, 21, 29, 9, 21, 2, 16, 25, 7, 30, 12, 42, 30, 3, 46, 23, 14, 31], [30, 44, 48, 23, 37, 19, 40, 28, 25, 40, 33, 0, 7, 38, 4, 48, 23, 43, 39, 26, 36, 13, 22, 32, 25, 8, 2, 7, 48, 19, 3, 19, 45, 6, 22], [36, 45, 32, 43, 3, 23, 48, 11, 5, 20, 7, 0, 32, 34, 39, 9, 30, 0, 14, 21, 12, 37, 8, 0, 26, 23, 6, 34, 25, 0, 33, 30, 6, 12, 5], [46, 5, 30, 26, 18, 11, 5, 8, 6, 31, 18, 37, 8, 0, 13, 34, 0, 31, 4, 8, 15, 7, 43, 0, 43, 0, 13, 46, 18, 1, 36, 33, 28, 41, 25], [14, 18, 21, 0, 27, 1, 45, 3, 37, 7, 39, 28, 9, 15, 1, 30, 10, 27, 45, 38, 22, 46, 27, 23, 0, 19, 15, 2, 26, 28, 1, 29, 9, 31, 2], [5, 28, 37, 47, 0, 8, 33, 17, 13, 21, 13, 48, 18, 27, 13, 5, 30, 19, 24, 41, 47, 0, 41, 0, 33, 6, 12, 38, 26, 4, 49, 1, 37, 43, 44], [20, 0, 8, 27, 6, 18, 27, 8, 31, 41, 13, 26, 6, 5, 48, 12, 5, 42, 32, 7, 29, 45, 43, 0, 26, 2, 30, 2, 15, 13, 11, 12, 46, 16, 41], [12, 11, 30, 31, 2, 48, 23, 47, 8, 16, 43, 19, 27, 7, 10, 18, 13, 40, 24, 7, 5, 4, 47, 42, 20, 12, 24, 35, 39, 0, 46, 0, 8, 0, 7], [32, 47, 43, 0, 29, 29, 49, 13, 25, 31, 34, 12, 5, 3, 47, 13, 4, 44, 13, 26, 0, 44, 12, 2, 44, 37, 26, 44, 3, 12, 49, 17, 0, 22, 3], [0, 24, 21, 16, 6, 41, 0, 10, 45, 43, 33, 10, 0, 16, 41, 22, 23, 17, 29, 18, 13, 41, 29, 27, 27, 39, 33, 26, 6, 43, 16, 22, 21, 35, 44], [26, 0, 38, 36, 9, 44, 29, 37, 17, 14, 5, 15, 48, 25, 0, 30, 3, 30, 7, 38, 46, 45, 31, 13, 8, 0, 28, 23, 49, 20, 2, 9, 22, 47, 22], [7, 23, 11, 29, 25, 44, 31, 11, 25, 19, 45, 10, 36, 39, 20, 16, 10, 0, 41, 22, 25, 4, 2, 44, 44, 49, 49, 0, 38, 13, 2, 45, 3, 5, 24], [23, 9, 18, 29, 18, 4, 45, 20, 13, 18, 6, 35, 46, 35, 10, 38, 31, 6, 27, 36, 0, 37, 26, 18, 30, 41, 45, 32, 10, 0, 14, 22, 19, 14, 23], [0, 12, 11, 23, 4, 24, 35, 30, 44, 0, 3, 25, 28, 2, 8, 46, 29, 32, 37, 45, 26, 26, 0, 46, 26, 6, 17, 13, 2, 8, 12, 20, 25, 44, 32], [34, 26, 6, 31, 37, 29, 1, 9, 9, 35, 15, 16, 39, 42, 48, 49, 25, 14, 42, 45, 21, 3, 46, 8, 45, 8, 10, 29, 37, 42, 44, 41, 2, 4, 11], [2, 22, 46, 27, 6, 31, 15, 14, 45, 4, 37, 17, 23, 22, 11, 42, 5, 25, 13, 32, 5, 41, 17, 21, 36, 4, 7, 25, 40, 26, 36, 13, 22, 46, 37], [1, 39, 47, 38, 27, 38, 48, 0, 4, 43, 36, 24, 44, 44, 16, 14, 32, 26, 0, 2, 27, 26, 31, 17, 40, 9, 18, 9, 30, 41, 5, 34, 43, 32, 46], [33, 39, 5, 49, 1, 40, 24, 30, 49, 47, 45, 40, 3, 14, 39, 49, 16, 40, 18, 17, 29, 45, 11, 19, 20, 0, 39, 1, 0, 43, 7, 21, 12, 0, 27], [37, 30, 13, 17, 9, 7, 28, 29, 0, 38, 30, 40, 47, 9, 38, 38, 35, 25, 36, 48, 40, 22, 0, 40, 35, 17, 0, 20, 37, 26, 42, 12, 5, 30, 36], [26, 7, 23, 22, 0, 38, 18, 21, 9, 23, 32, 0, 36, 4, 47, 0, 49, 46, 29, 0, 16, 43, 31, 41, 5, 6, 38, 36, 15, 37, 33, 9, 29, 17, 35], [15, 6, 0, 40, 7, 0, 40, 1, 45, 48, 32, 22, 28, 1, 9, 13, 33, 32, 11, 45, 20, 17, 44, 38, 9, 17, 49, 19, 47, 0, 26, 8, 24, 34, 15], [37, 1, 15, 41, 33, 28, 38, 16, 42, 47, 8, 46, 35, 5, 14, 0, 18, 0, 16, 49, 47, 34, 22, 10, 11, 4, 0, 37, 2, 7, 5, 5, 49, 48, 0], [41, 25, 7, 6, 9, 47, 0, 12, 10, 11, 46, 34, 19, 30, 48, 33, 7, 28, 20, 1, 0, 4, 6, 17, 43, 46, 12, 45, 29, 20, 42, 1, 43, 15, 26], [13, 42, 0, 45, 22, 8, 47, 35, 21, 42, 9, 0, 48, 12, 3, 19, 7, 14, 1, 44, 31, 0, 13, 28, 41, 31, 17, 15, 0, 0, 25, 2, 14, 1, 29], [10, 40, 22, 5, 29, 6, 33, 32, 21, 27, 42, 7, 37, 14, 30, 28, 0, 9, 29, 11, 12, 35, 32, 21, 41, 44, 19, 14, 6, 28, 18, 17, 32, 40, 35], [6, 44, 36, 0, 3, 0, 32, 35, 8, 30, 41, 25, 15, 24, 10, 24, 37, 13, 27, 41, 2, 19, 38, 23, 25, 17, 14, 3, 0, 30, 24, 42, 24, 24, 44], [24, 43, 32, 49, 22, 0, 20, 30, 32, 10, 47, 3, 22, 0, 40, 30, 42, 1, 15, 49, 35, 0, 6, 21, 41, 4, 24, 39, 24, 0, 17, 9, 13, 35, 0], [31, 39, 16, 20, 11, 21, 24, 48, 9, 21, 25, 14, 34, 40, 17, 10, 0, 31, 39, 17, 26, 25, 43, 21, 0, 47, 45, 8, 28, 43, 5, 4, 14, 40, 20], [37, 0, 24, 3, 38, 27, 25, 18, 2, 8, 44, 12, 21, 47, 18, 10, 25, 6, 26, 28, 6, 22, 37, 28, 18, 49, 27, 47, 26, 10, 48, 35, 11, 13, 0], [30, 47, 49, 0, 45, 23, 42, 9, 41, 42, 48, 0, 0, 40, 31, 29, 23, 32, 28, 20, 29, 18, 27, 17, 27, 23, 36, 0, 0, 10, 9, 4, 31, 43, 1], [45, 45, 35, 4, 2, 0, 3, 7, 17, 23, 18, 43, 34, 5, 18, 9, 36, 4, 43, 20, 12, 2, 25, 0, 2, 40, 20, 33, 3, 30, 44, 8, 7, 46, 4], [42, 12, 22, 16, 31, 40, 12, 26, 27, 29, 20, 0, 45, 21, 31, 23, 44, 38, 3, 0, 26, 47, 29, 28, 8, 11, 48, 20, 16, 34, 27, 2, 6, 0, 4], [5, 0, 15, 17, 4, 16, 36, 23, 0, 40, 0, 34, 15, 38, 40, 0, 16, 16, 23, 43, 0, 22, 21, 24, 20, 10, 47, 48, 33, 18, 22, 30, 14, 49, 22], [34, 46, 3, 37, 12, 47, 14, 4, 35, 18, 19, 8, 5, 9, 24, 0, 40, 22, 22, 28, 29, 48, 22, 19, 28, 15, 6, 1, 32, 15, 46, 30, 15, 9, 45], [14, 13, 43, 41, 3, 13, 41, 0, 0, 0, 3, 46, 3, 41, 3, 0, 8, 0, 24, 42, 49, 15, 33, 46, 36, 40, 6, 31, 7, 0, 1, 5, 47, 9, 3], [30, 28, 20, 49, 15, 15, 5, 23, 39, 8, 6, 42, 27, 44, 14, 47, 44, 36, 33, 13, 19, 16, 34, 8, 17, 8, 21, 36, 0, 42, 37, 1, 7, 4, 21], [29, 46, 9, 6, 48, 0, 41, 37, 31, 12, 41, 8, 31, 9, 31, 13, 39, 25, 15, 19, 26, 19, 40, 22, 33, 36, 16, 19, 0, 1, 45, 45, 45, 18, 43], [3, 1, 41, 32, 27, 46, 47, 38, 0, 30, 7, 32, 32, 26, 26, 45, 23, 0, 1, 22, 43, 45, 12, 10, 36, 15, 46, 1, 47, 36, 9, 49, 31, 25, 3], [46, 28, 43, 21, 22, 31, 42, 49, 10, 15, 7, 23, 45, 23, 45, 13, 0, 27, 15, 48, 34, 38, 38, 21, 36, 46, 4, 39, 31, 44, 7, 9, 27, 19, 39]]
Maintenance cost in each period m: 
[7608, 6701, 6273, 9744, 7575, 6706, 8707, 7620, 8247, 9454, 7842, 9006, 8775, 9039, 8236, 6592, 7917, 8606, 9332, 8480, 7580, 9584, 9423, 6476, 8338, 8342, 9509, 9784, 8294, 8336, 7776, 8897, 8060, 9315, 9049]
Maximum capacity of the machine cmax: 
2050