Set of periods in the planning horizon T: 
35
Set of products P: 
125
Capacity reduction coefficient alpha: 
0.8
Relative decrease of capacity per set up gamma: 
0.24
Capacity reduction coefficient due to product types beta: 
[0.37, 0.2, 0.37, 0.31, 0.3, 0.38, 0.32, 0.25, 0.29, 0.34, 0.26, 0.3, 0.3, 0.32, 0.33, 0.32, 0.31, 0.22, 0.35, 0.25, 0.39, 0.21, 0.27, 0.34, 0.24, 0.28, 0.22, 0.26, 0.38, 0.38, 0.26, 0.2, 0.39, 0.23, 0.39, 0.25, 0.39, 0.38, 0.23, 0.25, 0.29, 0.22, 0.33, 0.22, 0.33, 0.38, 0.2, 0.33, 0.2, 0.24, 0.37, 0.34, 0.22, 0.29, 0.24, 0.39, 0.35, 0.25, 0.31, 0.38, 0.35, 0.35, 0.35, 0.36, 0.36, 0.4, 0.28, 0.2, 0.21, 0.32, 0.39, 0.22, 0.28, 0.29, 0.39, 0.3, 0.21, 0.2, 0.37, 0.22, 0.24, 0.22, 0.2, 0.39, 0.22, 0.2, 0.34, 0.25, 0.3, 0.28, 0.34, 0.24, 0.3, 0.25, 0.28, 0.29, 0.37, 0.32, 0.27, 0.39, 0.28, 0.38, 0.34, 0.29, 0.35, 0.37, 0.25, 0.23, 0.23, 0.3, 0.34, 0.25, 0.25, 0.24, 0.27, 0.25, 0.38, 0.38, 0.3, 0.4, 0.29, 0.28, 0.32, 0.22, 0.28]
Fixed production cost of each product in each period f: 
[[653, 890, 940, 912, 840, 781, 732, 669, 865, 547, 834, 815, 621, 580, 525, 803, 740, 752, 718, 780, 992, 925, 619, 952, 579, 656, 595, 959, 811, 791, 580, 879, 888, 877, 907], [915, 709, 817, 896, 711, 600, 972, 995, 820, 531, 521, 831, 733, 809, 895, 863, 631, 772, 803, 853, 680, 892, 864, 737, 750, 658, 673, 680, 962, 793, 955, 753, 525, 692, 822], [735, 972, 968, 992, 888, 797, 675, 990, 519, 901, 553, 587, 654, 926, 565, 581, 894, 759, 525, 985, 655, 911, 883, 774, 694, 971, 543, 675, 783, 790, 656, 658, 938, 784, 689], [790, 695, 667, 732, 744, 709, 753, 702, 614, 800, 629, 667, 547, 899, 897, 899, 668, 785, 941, 729, 544, 770, 506, 949, 992, 519, 880, 778, 615, 568, 520, 794, 787, 760, 808], [673, 778, 988, 825, 618, 546, 702, 674, 713, 996, 855, 783, 894, 936, 842, 697, 973, 910, 928, 591, 750, 674, 809, 560, 591, 970, 838, 740, 853, 976, 566, 878, 817, 929, 623], [512, 748, 924, 784, 656, 988, 818, 982, 642, 616, 567, 515, 513, 859, 915, 940, 962, 742, 808, 909, 727, 672, 747, 999, 868, 978, 988, 905, 921, 891, 614, 707, 510, 583, 726], [644, 705, 987, 611, 907, 629, 774, 995, 791, 987, 595, 902, 861, 720, 693, 780, 894, 703, 944, 621, 960, 878, 964, 565, 672, 838, 812, 905, 723, 601, 586, 864, 634, 765, 514], [795, 833, 905, 631, 649, 803, 604, 951, 926, 541, 576, 525, 576, 630, 713, 798, 530, 686, 671, 889, 653, 701, 723, 670, 736, 801, 974, 607, 506, 920, 527, 917, 992, 630, 613], [814, 729, 810, 846, 796, 675, 555, 940, 991, 501, 841, 624, 789, 607, 992, 533, 931, 509, 513, 603, 948, 993, 971, 747, 963, 619, 957, 960, 761, 860, 903, 695, 904, 898, 683], [824, 653, 990, 828, 995, 767, 979, 625, 590, 540, 636, 831, 577, 876, 930, 890, 838, 962, 688, 540, 719, 761, 615, 613, 700, 719, 827, 724, 718, 538, 877, 702, 581, 592, 946], [521, 567, 825, 740, 858, 818, 979, 983, 976, 692, 525, 757, 639, 660, 735, 778, 762, 859, 610, 652, 979, 941, 991, 801, 621, 775, 914, 937, 788, 594, 749, 519, 857, 765, 839], [764, 657, 808, 503, 882, 869, 789, 856, 650, 894, 803, 856, 919, 880, 687, 887, 503, 646, 586, 554, 827, 739, 746, 735, 964, 884, 793, 873, 845, 596, 533, 924, 629, 714, 548], [780, 801, 875, 780, 612, 526, 944, 995, 830, 876, 927, 602, 579, 510, 611, 915, 506, 873, 858, 817, 657, 691, 868, 759, 849, 716, 560, 711, 561, 555, 931, 726, 660, 930, 997], [861, 682, 642, 651, 848, 627, 932, 851, 625, 906, 867, 591, 949, 732, 979, 658, 984, 592, 770, 590, 675, 627, 975, 890, 919, 807, 782, 739, 871, 563, 856, 509, 662, 515, 664], [926, 921, 717, 862, 954, 795, 618, 581, 915, 686, 910, 648, 980, 664, 708, 910, 565, 910, 656, 775, 878, 627, 574, 768, 693, 650, 519, 897, 865, 668, 927, 996, 955, 902, 551], [598, 696, 573, 682, 888, 539, 593, 875, 983, 708, 530, 577, 652, 777, 535, 535, 690, 688, 551, 658, 584, 806, 663, 696, 926, 573, 961, 555, 592, 649, 940, 704, 733, 543, 765], [875, 929, 997, 652, 567, 550, 503, 633, 559, 838, 520, 738, 576, 709, 851, 568, 795, 596, 723, 614, 810, 736, 966, 655, 874, 880, 850, 820, 627, 643, 872, 766, 618, 952, 762], [987, 576, 541, 833, 622, 558, 559, 714, 981, 664, 593, 704, 578, 701, 585, 867, 761, 942, 691, 909, 763, 834, 599, 970, 627, 926, 909, 588, 891, 682, 755, 810, 775, 671, 548], [904, 789, 802, 692, 817, 652, 820, 796, 567, 514, 813, 598, 807, 501, 954, 698, 894, 984, 687, 639, 933, 651, 691, 967, 572, 515, 922, 661, 629, 658, 766, 764, 529, 504, 896], [940, 583, 704, 641, 540, 862, 630, 853, 818, 979, 660, 871, 568, 828, 589, 548, 666, 603, 949, 988, 858, 530, 693, 533, 932, 631, 652, 567, 609, 516, 850, 967, 827, 764, 552], [744, 899, 917, 721, 973, 652, 645, 555, 857, 892, 778, 653, 554, 811, 703, 562, 783, 839, 548, 685, 768, 503, 714, 986, 838, 507, 622, 570, 656, 972, 790, 952, 534, 881, 866], [718, 666, 771, 602, 517, 833, 782, 599, 916, 854, 748, 985, 556, 856, 600, 827, 725, 920, 847, 959, 924, 695, 761, 892, 919, 960, 672, 606, 562, 740, 543, 653, 861, 944, 834], [579, 850, 582, 833, 876, 987, 891, 874, 969, 587, 859, 962, 648, 712, 829, 734, 839, 997, 502, 746, 524, 623, 652, 641, 595, 936, 557, 844, 987, 737, 744, 721, 948, 870, 835], [923, 926, 898, 543, 645, 985, 883, 958, 792, 864, 818, 898, 547, 987, 683, 846, 599, 758, 549, 869, 712, 694, 676, 688, 651, 771, 686, 891, 850, 612, 694, 930, 600, 847, 702], [715, 606, 928, 805, 848, 608, 531, 870, 604, 614, 824, 930, 757, 994, 641, 752, 894, 558, 941, 724, 963, 772, 964, 927, 666, 818, 900, 647, 632, 749, 594, 944, 789, 810, 872], [621, 785, 557, 662, 739, 869, 942, 834, 659, 882, 964, 777, 554, 564, 966, 678, 548, 810, 711, 808, 564, 936, 641, 832, 922, 785, 709, 569, 909, 852, 672, 987, 664, 792, 812], [650, 631, 812, 661, 757, 840, 654, 937, 672, 830, 542, 831, 673, 790, 916, 788, 784, 979, 781, 654, 534, 667, 560, 991, 645, 772, 729, 523, 566, 998, 650, 968, 677, 540, 518], [910, 979, 516, 854, 893, 650, 817, 702, 686, 630, 530, 944, 545, 864, 983, 540, 960, 544, 664, 622, 748, 967, 693, 679, 551, 983, 745, 591, 747, 977, 940, 671, 688, 983, 609], [871, 589, 679, 815, 615, 948, 880, 711, 726, 810, 849, 725, 952, 536, 641, 875, 924, 949, 714, 872, 575, 625, 623, 865, 586, 907, 542, 739, 895, 822, 662, 706, 948, 888, 747], [561, 780, 996, 923, 872, 500, 894, 596, 913, 795, 726, 526, 643, 824, 964, 953, 924, 998, 506, 873, 701, 529, 535, 580, 737, 574, 967, 751, 805, 580, 797, 701, 574, 849, 664], [612, 916, 987, 655, 570, 837, 590, 695, 610, 809, 666, 865, 627, 720, 796, 986, 948, 939, 545, 635, 850, 616, 640, 912, 787, 658, 735, 823, 522, 941, 684, 634, 623, 821, 782], [693, 770, 601, 708, 945, 808, 518, 879, 604, 733, 711, 870, 690, 627, 548, 569, 861, 516, 912, 671, 866, 656, 998, 587, 793, 630, 912, 616, 785, 594, 668, 974, 591, 703, 789], [591, 920, 867, 677, 760, 631, 501, 747, 978, 554, 929, 774, 861, 911, 591, 967, 632, 603, 581, 579, 603, 544, 529, 509, 537, 555, 956, 917, 769, 730, 794, 757, 629, 667, 832], [981, 815, 719, 946, 651, 762, 519, 601, 982, 973, 862, 611, 992, 841, 550, 903, 857, 555, 642, 928, 893, 551, 814, 833, 688, 775, 635, 578, 955, 777, 584, 806, 790, 870, 676], [821, 664, 930, 881, 612, 641, 892, 596, 564, 999, 962, 706, 904, 635, 643, 807, 701, 772, 586, 669, 826, 581, 997, 837, 701, 807, 808, 707, 546, 528, 821, 514, 628, 720, 578], [680, 537, 649, 772, 615, 875, 845, 712, 736, 746, 634, 703, 774, 801, 744, 599, 875, 891, 945, 958, 783, 552, 546, 734, 654, 862, 549, 662, 518, 702, 993, 667, 640, 691, 985], [550, 581, 998, 501, 520, 513, 959, 876, 769, 669, 677, 744, 962, 603, 762, 852, 882, 766, 811, 999, 760, 580, 585, 772, 694, 766, 724, 675, 767, 863, 554, 992, 758, 852, 886], [589, 758, 697, 629, 697, 882, 810, 619, 605, 810, 637, 983, 693, 829, 766, 936, 946, 727, 903, 657, 686, 646, 774, 974, 746, 871, 685, 690, 961, 897, 993, 586, 634, 638, 808], [684, 816, 770, 653, 704, 684, 879, 738, 719, 849, 815, 704, 542, 862, 545, 590, 860, 877, 903, 520, 680, 948, 835, 732, 826, 868, 887, 915, 718, 975, 710, 602, 861, 943, 605], [500, 579, 690, 681, 799, 686, 711, 632, 542, 758, 658, 580, 925, 932, 550, 939, 653, 730, 743, 628, 984, 518, 509, 761, 982, 803, 628, 734, 627, 622, 870, 868, 694, 577, 827], [862, 966, 792, 577, 793, 667, 622, 583, 692, 842, 900, 542, 570, 936, 714, 683, 565, 890, 535, 515, 513, 815, 837, 529, 602, 513, 729, 697, 939, 653, 925, 920, 807, 863, 631], [838, 860, 829, 653, 689, 785, 737, 666, 558, 948, 548, 774, 916, 688, 511, 668, 780, 967, 941, 631, 838, 579, 684, 687, 941, 719, 942, 772, 924, 967, 642, 646, 865, 726, 840], [989, 565, 716, 629, 788, 639, 867, 718, 602, 615, 946, 635, 700, 647, 819, 918, 583, 949, 542, 574, 816, 878, 713, 955, 948, 550, 922, 896, 830, 617, 960, 502, 504, 949, 755], [979, 819, 539, 558, 574, 574, 989, 687, 528, 998, 888, 895, 666, 727, 748, 575, 770, 927, 842, 627, 819, 814, 812, 652, 511, 917, 635, 600, 714, 995, 944, 981, 801, 930, 691], [947, 744, 692, 830, 976, 651, 719, 653, 647, 717, 839, 545, 636, 902, 713, 509, 638, 665, 915, 506, 535, 621, 515, 993, 677, 605, 611, 855, 556, 896, 929, 531, 881, 608, 934], [634, 723, 624, 834, 881, 556, 885, 729, 564, 900, 803, 620, 674, 600, 525, 809, 512, 780, 581, 647, 587, 532, 825, 684, 666, 527, 511, 562, 699, 836, 546, 757, 806, 590, 532], [640, 989, 679, 728, 865, 638, 746, 902, 919, 987, 850, 930, 964, 790, 550, 918, 523, 773, 943, 977, 807, 951, 550, 656, 555, 696, 743, 722, 653, 889, 598, 866, 621, 796, 627], [916, 740, 985, 757, 741, 586, 775, 847, 854, 986, 503, 729, 937, 938, 944, 955, 537, 928, 938, 786, 968, 689, 783, 998, 986, 861, 779, 911, 880, 986, 962, 717, 962, 729, 611], [618, 751, 809, 591, 964, 714, 870, 707, 918, 861, 542, 560, 842, 583, 881, 555, 624, 882, 709, 583, 525, 560, 590, 635, 782, 732, 770, 994, 949, 967, 847, 681, 815, 581, 814], [654, 964, 949, 773, 938, 910, 592, 664, 746, 813, 736, 551, 957, 861, 948, 722, 721, 689, 857, 644, 899, 708, 558, 903, 500, 533, 924, 522, 872, 503, 633, 650, 520, 974, 648], [995, 950, 515, 961, 554, 512, 746, 830, 896, 567, 657, 645, 577, 583, 969, 942, 502, 765, 903, 952, 894, 528, 806, 564, 578, 836, 804, 793, 748, 710, 657, 591, 680, 819, 735], [954, 554, 828, 552, 518, 926, 929, 588, 690, 677, 627, 930, 685, 874, 767, 857, 723, 572, 623, 958, 947, 506, 942, 524, 635, 538, 703, 503, 629, 892, 605, 642, 818, 636, 510], [718, 846, 857, 669, 751, 596, 856, 568, 705, 797, 598, 897, 982, 696, 986, 902, 632, 978, 873, 710, 622, 545, 859, 690, 744, 798, 794, 894, 999, 615, 892, 966, 777, 822, 530], [763, 582, 596, 683, 695, 755, 813, 666, 652, 991, 558, 780, 529, 509, 774, 852, 648, 946, 582, 719, 920, 944, 766, 545, 912, 812, 972, 674, 771, 924, 857, 965, 976, 845, 522], [818, 852, 956, 691, 777, 792, 963, 746, 897, 819, 728, 936, 628, 885, 750, 974, 648, 520, 681, 905, 636, 850, 523, 835, 781, 513, 657, 968, 672, 956, 571, 722, 825, 919, 711], [502, 956, 843, 787, 728, 858, 707, 558, 872, 827, 501, 521, 713, 628, 724, 922, 812, 550, 986, 921, 599, 741, 969, 640, 985, 691, 751, 579, 795, 812, 720, 781, 683, 914, 802], [789, 789, 524, 729, 822, 680, 779, 601, 784, 906, 743, 989, 797, 524, 884, 803, 770, 939, 993, 697, 615, 720, 803, 535, 552, 828, 842, 979, 983, 954, 691, 586, 881, 560, 684], [768, 827, 858, 606, 813, 685, 751, 694, 849, 661, 581, 797, 605, 625, 665, 817, 961, 836, 699, 552, 925, 861, 668, 586, 736, 509, 569, 846, 747, 677, 608, 875, 876, 517, 523], [743, 583, 619, 605, 805, 650, 819, 545, 756, 523, 921, 717, 733, 733, 754, 664, 602, 699, 944, 770, 942, 564, 942, 611, 742, 502, 711, 607, 598, 913, 521, 635, 689, 524, 786], [861, 978, 827, 567, 826, 553, 527, 600, 809, 790, 560, 929, 857, 922, 858, 879, 747, 624, 786, 504, 777, 995, 795, 667, 689, 776, 975, 708, 599, 785, 666, 562, 529, 880, 848], [900, 669, 764, 693, 976, 783, 839, 558, 895, 715, 606, 629, 660, 968, 512, 613, 812, 643, 679, 988, 883, 616, 661, 685, 611, 620, 940, 599, 525, 913, 635, 757, 810, 835, 509], [952, 541, 957, 886, 746, 851, 887, 668, 992, 732, 965, 722, 802, 847, 633, 668, 580, 730, 769, 695, 795, 865, 958, 904, 935, 814, 526, 715, 985, 558, 917, 973, 609, 523, 596], [579, 903, 578, 607, 609, 776, 525, 926, 715, 800, 686, 760, 653, 761, 525, 644, 875, 970, 916, 846, 653, 508, 635, 995, 822, 617, 943, 618, 531, 868, 624, 875, 727, 807, 991], [826, 577, 782, 911, 659, 933, 969, 559, 520, 944, 820, 971, 605, 868, 587, 887, 942, 958, 962, 548, 998, 994, 569, 574, 663, 692, 979, 586, 544, 520, 796, 568, 771, 691, 515], [827, 623, 753, 621, 926, 579, 980, 738, 861, 876, 501, 925, 743, 645, 695, 778, 737, 882, 895, 983, 704, 511, 822, 501, 966, 890, 815, 736, 749, 515, 847, 825, 542, 593, 524], [804, 898, 564, 689, 933, 649, 609, 749, 807, 601, 828, 856, 863, 857, 852, 650, 508, 812, 546, 513, 836, 895, 534, 505, 839, 532, 845, 560, 802, 720, 964, 850, 846, 750, 929], [714, 977, 552, 736, 784, 574, 790, 521, 852, 802, 827, 597, 780, 733, 698, 995, 976, 694, 978, 587, 540, 935, 694, 906, 656, 944, 770, 575, 883, 897, 979, 844, 943, 897, 542], [742, 901, 582, 670, 771, 880, 775, 572, 545, 522, 766, 947, 539, 534, 921, 901, 962, 629, 884, 914, 699, 584, 647, 869, 709, 525, 900, 795, 917, 797, 867, 552, 912, 888, 751], [919, 879, 698, 503, 963, 526, 743, 859, 584, 543, 671, 675, 652, 982, 860, 604, 822, 919, 775, 586, 972, 596, 969, 852, 920, 504, 799, 807, 674, 620, 992, 813, 898, 801, 985], [676, 920, 935, 863, 989, 976, 796, 548, 655, 551, 612, 713, 643, 659, 606, 649, 570, 807, 500, 649, 736, 831, 582, 627, 895, 503, 639, 614, 992, 737, 702, 810, 700, 875, 723], [645, 744, 737, 580, 587, 533, 740, 558, 680, 939, 795, 810, 997, 712, 620, 956, 935, 817, 942, 579, 923, 915, 568, 528, 524, 947, 696, 985, 965, 692, 861, 529, 801, 916, 660], [906, 979, 535, 935, 523, 522, 978, 754, 519, 927, 888, 740, 512, 772, 669, 542, 920, 743, 531, 997, 822, 917, 823, 860, 799, 961, 608, 873, 862, 870, 673, 984, 879, 987, 953], [686, 700, 744, 866, 956, 512, 888, 979, 682, 851, 884, 902, 988, 709, 808, 580, 571, 634, 748, 820, 943, 951, 662, 964, 988, 568, 811, 747, 563, 544, 814, 900, 812, 870, 952], [600, 535, 772, 893, 783, 542, 539, 845, 870, 861, 854, 573, 990, 691, 660, 872, 770, 805, 912, 702, 847, 907, 726, 707, 807, 740, 604, 959, 894, 962, 579, 633, 832, 610, 823], [601, 657, 638, 881, 914, 966, 886, 909, 546, 749, 727, 947, 854, 912, 847, 864, 667, 839, 999, 530, 856, 910, 645, 921, 559, 745, 711, 690, 546, 781, 798, 965, 922, 947, 902], [952, 895, 712, 774, 886, 538, 807, 798, 721, 768, 501, 740, 634, 690, 661, 969, 806, 677, 975, 885, 814, 954, 918, 572, 547, 513, 790, 839, 899, 527, 546, 960, 811, 950, 506], [981, 804, 506, 734, 799, 763, 531, 867, 773, 583, 820, 558, 834, 786, 887, 757, 559, 819, 975, 684, 611, 688, 895, 732, 908, 771, 503, 936, 933, 582, 945, 892, 508, 915, 935], [506, 981, 736, 553, 615, 585, 762, 505, 540, 677, 509, 731, 556, 921, 797, 812, 914, 517, 541, 758, 908, 756, 777, 848, 799, 747, 798, 961, 664, 787, 544, 913, 621, 933, 664], [893, 984, 915, 711, 896, 770, 967, 920, 522, 726, 709, 550, 687, 523, 557, 931, 537, 566, 864, 691, 968, 715, 640, 664, 967, 816, 735, 726, 922, 729, 858, 591, 745, 814, 672], [995, 566, 799, 567, 786, 696, 765, 815, 752, 650, 577, 844, 513, 723, 956, 949, 691, 940, 894, 580, 875, 615, 613, 660, 645, 643, 642, 636, 958, 623, 655, 535, 671, 693, 948], [640, 550, 870, 890, 554, 671, 980, 742, 832, 993, 713, 711, 688, 565, 936, 761, 628, 692, 720, 754, 539, 662, 746, 656, 561, 511, 934, 676, 718, 614, 514, 919, 958, 984, 889], [628, 847, 617, 994, 853, 759, 855, 682, 795, 908, 969, 822, 612, 817, 687, 850, 531, 651, 888, 739, 770, 728, 817, 658, 816, 545, 782, 980, 748, 637, 827, 560, 557, 868, 815], [509, 746, 809, 898, 783, 875, 736, 542, 580, 960, 730, 841, 685, 939, 895, 785, 507, 561, 525, 579, 941, 550, 589, 899, 615, 734, 929, 985, 872, 768, 808, 588, 717, 738, 641], [712, 817, 857, 761, 684, 616, 740, 706, 619, 511, 916, 681, 793, 574, 804, 994, 592, 784, 873, 536, 750, 729, 731, 748, 913, 603, 947, 704, 715, 955, 535, 952, 897, 714, 940], [811, 895, 630, 874, 725, 930, 640, 938, 963, 777, 581, 904, 659, 677, 779, 518, 593, 809, 535, 538, 608, 507, 804, 784, 725, 746, 683, 847, 602, 892, 855, 824, 674, 633, 508], [630, 549, 736, 749, 558, 641, 878, 617, 506, 835, 522, 645, 999, 703, 849, 791, 709, 760, 603, 529, 584, 867, 696, 860, 557, 824, 529, 917, 935, 692, 901, 517, 767, 944, 652], [900, 581, 576, 918, 704, 757, 547, 701, 685, 607, 622, 614, 527, 840, 998, 801, 560, 515, 725, 719, 591, 935, 694, 755, 559, 592, 673, 620, 693, 547, 725, 518, 690, 854, 772], [596, 609, 959, 595, 581, 702, 591, 953, 953, 781, 695, 852, 771, 719, 611, 955, 552, 953, 878, 748, 665, 828, 993, 890, 837, 993, 801, 850, 787, 763, 531, 769, 964, 537, 770], [564, 622, 596, 599, 729, 524, 967, 979, 846, 574, 759, 717, 948, 659, 593, 963, 770, 515, 831, 570, 753, 742, 588, 605, 657, 510, 624, 807, 510, 939, 765, 885, 650, 758, 840], [629, 901, 841, 736, 653, 994, 675, 514, 925, 848, 886, 806, 671, 569, 528, 865, 780, 821, 646, 892, 939, 745, 703, 898, 759, 715, 873, 585, 581, 707, 562, 951, 715, 736, 661], [959, 740, 956, 799, 516, 756, 690, 735, 664, 941, 565, 771, 763, 916, 511, 510, 985, 866, 880, 881, 633, 687, 991, 726, 724, 701, 791, 961, 996, 997, 855, 707, 956, 742, 746], [674, 774, 657, 985, 913, 775, 728, 810, 675, 552, 785, 570, 811, 595, 538, 984, 939, 676, 944, 946, 570, 567, 931, 703, 881, 919, 856, 996, 595, 557, 684, 557, 864, 763, 816], [609, 913, 680, 751, 551, 544, 772, 743, 805, 873, 857, 852, 644, 743, 840, 726, 624, 663, 715, 831, 721, 911, 925, 916, 732, 529, 503, 964, 918, 826, 834, 524, 834, 845, 536], [567, 864, 663, 846, 959, 661, 976, 500, 933, 831, 575, 669, 860, 557, 504, 928, 720, 971, 758, 691, 510, 586, 660, 747, 586, 559, 691, 927, 527, 849, 827, 555, 923, 935, 693], [761, 533, 880, 564, 651, 843, 916, 633, 831, 816, 787, 885, 558, 966, 595, 905, 595, 831, 553, 982, 785, 838, 653, 792, 951, 568, 817, 905, 576, 627, 992, 806, 623, 682, 860], [977, 855, 628, 981, 590, 770, 575, 517, 503, 744, 548, 901, 603, 618, 825, 800, 820, 924, 632, 653, 935, 831, 531, 904, 550, 743, 862, 748, 729, 597, 897, 887, 661, 909, 590], [534, 585, 645, 701, 971, 898, 847, 577, 534, 905, 818, 595, 891, 959, 860, 681, 829, 923, 552, 660, 630, 752, 951, 832, 891, 721, 673, 621, 529, 557, 650, 936, 625, 965, 660], [795, 915, 505, 987, 862, 789, 799, 642, 960, 780, 647, 567, 507, 664, 865, 965, 913, 696, 762, 713, 837, 692, 709, 835, 731, 588, 682, 604, 626, 959, 644, 815, 995, 616, 817], [740, 935, 729, 717, 894, 750, 977, 979, 618, 904, 648, 687, 830, 626, 517, 698, 588, 545, 679, 914, 568, 548, 650, 920, 641, 826, 561, 776, 512, 512, 897, 562, 637, 538, 857], [724, 795, 906, 674, 753, 796, 772, 698, 758, 933, 677, 685, 566, 584, 610, 595, 745, 623, 895, 896, 613, 547, 597, 579, 870, 866, 899, 873, 968, 687, 969, 884, 699, 684, 746], [927, 652, 898, 703, 864, 504, 741, 550, 727, 851, 512, 612, 759, 573, 912, 750, 917, 701, 506, 503, 618, 516, 547, 531, 616, 988, 743, 545, 795, 683, 817, 557, 522, 970, 526], [796, 517, 501, 767, 688, 895, 907, 787, 561, 617, 685, 829, 940, 903, 807, 788, 885, 507, 941, 981, 733, 616, 553, 941, 754, 573, 537, 896, 521, 634, 940, 746, 671, 929, 929], [877, 541, 724, 944, 964, 877, 583, 955, 877, 902, 959, 561, 729, 826, 782, 825, 545, 642, 571, 681, 617, 521, 921, 939, 917, 538, 991, 637, 875, 672, 583, 846, 651, 799, 683], [780, 687, 903, 905, 764, 882, 543, 521, 756, 626, 602, 744, 633, 921, 898, 781, 739, 938, 942, 973, 711, 691, 626, 674, 765, 721, 843, 851, 692, 659, 839, 579, 932, 678, 960], [530, 720, 814, 998, 748, 993, 728, 820, 780, 889, 543, 737, 804, 683, 544, 918, 636, 667, 545, 643, 709, 754, 684, 519, 502, 592, 662, 823, 611, 763, 643, 831, 957, 674, 856], [718, 848, 641, 596, 606, 825, 884, 575, 560, 824, 867, 990, 748, 855, 819, 511, 533, 932, 930, 539, 710, 917, 706, 905, 781, 673, 938, 915, 505, 659, 714, 938, 581, 945, 919], [629, 845, 951, 943, 617, 827, 919, 879, 696, 619, 776, 762, 904, 602, 555, 681, 520, 720, 765, 698, 811, 726, 915, 639, 612, 512, 568, 978, 508, 778, 828, 814, 863, 532, 505], [615, 527, 914, 580, 588, 846, 826, 572, 714, 877, 820, 505, 824, 951, 608, 737, 507, 698, 776, 551, 840, 743, 687, 628, 542, 987, 798, 771, 552, 902, 956, 740, 871, 741, 816], [520, 831, 739, 563, 962, 663, 651, 906, 852, 876, 633, 729, 545, 825, 657, 913, 650, 822, 558, 907, 812, 795, 707, 902, 957, 682, 850, 565, 966, 538, 578, 974, 531, 631, 948], [859, 771, 658, 851, 784, 825, 535, 813, 502, 711, 961, 904, 529, 789, 790, 960, 751, 806, 846, 521, 717, 761, 557, 995, 891, 861, 775, 812, 887, 950, 796, 803, 890, 587, 956], [781, 748, 843, 579, 858, 974, 826, 985, 506, 844, 594, 799, 962, 991, 596, 754, 777, 984, 962, 974, 946, 640, 883, 632, 879, 565, 556, 965, 769, 561, 514, 697, 581, 501, 792], [554, 590, 808, 950, 760, 787, 558, 892, 528, 744, 941, 919, 774, 877, 610, 869, 941, 961, 987, 607, 916, 616, 612, 548, 619, 592, 525, 727, 784, 736, 801, 888, 616, 651, 922], [878, 935, 878, 641, 764, 698, 528, 963, 945, 837, 591, 713, 834, 887, 784, 884, 827, 627, 527, 691, 589, 694, 523, 562, 593, 731, 936, 652, 741, 669, 639, 777, 959, 552, 872], [692, 597, 770, 802, 525, 886, 901, 634, 755, 788, 848, 503, 558, 700, 552, 543, 904, 677, 822, 734, 634, 997, 720, 850, 725, 991, 757, 913, 857, 997, 986, 861, 665, 986, 667], [651, 713, 572, 570, 953, 697, 735, 933, 753, 757, 885, 877, 746, 611, 948, 776, 524, 561, 769, 826, 963, 899, 651, 845, 540, 536, 568, 836, 876, 954, 503, 656, 725, 613, 807], [833, 781, 838, 509, 907, 852, 842, 988, 735, 922, 708, 913, 687, 518, 950, 907, 583, 819, 556, 889, 694, 519, 543, 609, 542, 929, 798, 983, 548, 674, 883, 901, 939, 976, 621], [520, 656, 572, 994, 754, 535, 632, 655, 829, 784, 617, 740, 772, 731, 939, 917, 943, 672, 990, 757, 685, 963, 757, 569, 648, 637, 832, 952, 525, 518, 933, 944, 626, 672, 657], [677, 860, 905, 872, 878, 973, 700, 661, 711, 916, 543, 802, 746, 847, 978, 604, 593, 510, 636, 568, 616, 840, 886, 612, 688, 638, 990, 985, 573, 914, 615, 645, 896, 767, 613], [619, 500, 516, 811, 902, 663, 569, 776, 760, 550, 798, 797, 795, 681, 764, 741, 699, 510, 574, 896, 519, 726, 686, 623, 886, 885, 741, 872, 778, 601, 750, 655, 574, 884, 733], [687, 626, 633, 982, 969, 536, 927, 985, 645, 957, 542, 870, 680, 515, 891, 533, 727, 849, 911, 836, 522, 600, 936, 775, 963, 508, 861, 955, 654, 931, 612, 648, 700, 837, 764], [770, 994, 769, 850, 537, 665, 753, 587, 848, 662, 786, 946, 861, 512, 997, 709, 755, 507, 724, 821, 735, 882, 669, 870, 936, 844, 911, 940, 703, 837, 678, 947, 651, 610, 635], [750, 512, 507, 544, 934, 741, 977, 736, 861, 746, 703, 965, 644, 919, 770, 561, 559, 981, 517, 592, 742, 858, 899, 883, 777, 951, 701, 623, 739, 948, 994, 898, 678, 760, 941], [541, 752, 538, 870, 613, 650, 977, 877, 699, 838, 977, 847, 783, 684, 891, 809, 673, 743, 736, 768, 569, 968, 878, 719, 676, 938, 946, 509, 645, 724, 632, 525, 724, 588, 814], [999, 776, 975, 542, 556, 751, 737, 982, 676, 641, 745, 679, 777, 795, 887, 714, 663, 571, 748, 721, 549, 596, 565, 607, 803, 685, 864, 760, 834, 619, 855, 620, 679, 569, 541], [972, 761, 593, 663, 531, 502, 814, 957, 970, 841, 537, 512, 810, 951, 601, 977, 537, 838, 680, 817, 628, 890, 631, 587, 857, 613, 898, 877, 733, 909, 514, 649, 986, 533, 503]]
Variable production cost per unit of each product in each period p: 
[[13, 13, 10, 13, 10, 12, 10, 12, 13, 10, 11, 12, 12, 12, 11, 11, 13, 10, 10, 12, 10, 11, 10, 10, 12, 13, 13, 11, 10, 10, 13, 13, 12, 12, 10], [12, 10, 12, 10, 12, 10, 10, 11, 10, 13, 11, 12, 10, 10, 12, 13, 13, 13, 11, 13, 12, 13, 13, 10, 12, 10, 13, 11, 13, 10, 10, 10, 11, 12, 10], [12, 10, 10, 11, 13, 10, 13, 11, 10, 12, 12, 13, 11, 11, 12, 13, 11, 12, 11, 13, 11, 13, 10, 13, 11, 10, 12, 11, 12, 12, 10, 10, 10, 11, 13], [12, 10, 12, 12, 12, 13, 10, 13, 11, 13, 12, 13, 11, 13, 10, 10, 13, 12, 10, 10, 12, 13, 13, 11, 13, 13, 12, 12, 12, 13, 11, 10, 13, 12, 12], [10, 11, 11, 12, 13, 11, 12, 13, 12, 10, 13, 10, 10, 10, 10, 13, 12, 11, 13, 11, 10, 12, 11, 10, 13, 13, 13, 11, 11, 12, 13, 10, 12, 13, 10], [10, 13, 12, 10, 10, 12, 10, 10, 12, 10, 11, 10, 12, 13, 13, 12, 12, 12, 12, 13, 10, 11, 10, 10, 10, 13, 10, 10, 12, 10, 11, 10, 13, 12, 12], [10, 10, 13, 13, 11, 13, 13, 12, 11, 10, 11, 11, 13, 11, 12, 11, 10, 12, 12, 12, 11, 13, 12, 11, 10, 13, 11, 10, 10, 13, 10, 13, 11, 10, 13], [12, 13, 10, 10, 13, 12, 11, 11, 11, 12, 11, 11, 10, 10, 10, 11, 13, 13, 13, 11, 12, 10, 10, 12, 11, 11, 12, 13, 12, 12, 10, 11, 10, 11, 11], [12, 11, 13, 13, 12, 13, 12, 13, 11, 10, 10, 13, 12, 13, 11, 11, 12, 11, 13, 10, 10, 13, 12, 11, 13, 11, 12, 11, 11, 12, 13, 13, 10, 11, 13], [12, 12, 10, 13, 13, 12, 11, 10, 10, 13, 12, 13, 10, 11, 12, 12, 11, 11, 13, 10, 13, 13, 10, 10, 12, 10, 12, 11, 10, 12, 12, 11, 10, 10, 10], [10, 13, 10, 10, 12, 13, 10, 13, 11, 13, 11, 12, 13, 13, 10, 12, 11, 13, 10, 10, 10, 11, 12, 10, 10, 13, 10, 13, 11, 11, 10, 13, 13, 10, 10], [11, 12, 11, 13, 12, 11, 13, 10, 12, 13, 12, 11, 12, 13, 11, 13, 11, 13, 12, 12, 13, 13, 10, 13, 10, 11, 12, 11, 12, 10, 12, 11, 13, 13, 11], [11, 13, 12, 13, 13, 11, 13, 11, 13, 10, 12, 13, 10, 10, 12, 11, 12, 11, 10, 13, 10, 13, 10, 11, 13, 11, 11, 11, 11, 13, 10, 13, 13, 10, 11], [13, 12, 13, 13, 11, 12, 11, 12, 12, 12, 12, 10, 12, 13, 12, 11, 11, 12, 13, 10, 11, 11, 10, 10, 10, 11, 12, 10, 12, 13, 11, 12, 12, 12, 10], [10, 12, 10, 10, 13, 12, 12, 13, 11, 12, 10, 13, 11, 11, 10, 12, 11, 13, 11, 13, 12, 10, 12, 11, 10, 13, 12, 11, 10, 11, 11, 12, 10, 11, 11], [11, 13, 12, 11, 12, 11, 11, 13, 11, 12, 10, 13, 10, 10, 12, 12, 10, 10, 11, 13, 11, 13, 11, 13, 10, 13, 10, 13, 10, 10, 10, 11, 12, 11, 11], [13, 12, 12, 12, 10, 11, 12, 10, 13, 12, 12, 11, 10, 10, 11, 11, 12, 13, 10, 10, 13, 13, 12, 12, 11, 11, 10, 13, 11, 10, 10, 13, 12, 11, 10], [11, 10, 10, 11, 11, 13, 10, 11, 12, 13, 11, 13, 12, 13, 12, 13, 12, 12, 12, 10, 13, 11, 13, 13, 10, 11, 12, 10, 11, 11, 12, 11, 10, 11, 10], [11, 11, 12, 12, 10, 13, 12, 13, 12, 12, 10, 11, 11, 13, 12, 13, 13, 11, 12, 10, 12, 11, 10, 12, 10, 10, 12, 13, 12, 11, 11, 12, 13, 10, 13], [13, 13, 12, 12, 12, 11, 12, 13, 10, 13, 10, 10, 10, 12, 13, 12, 13, 10, 10, 12, 10, 12, 12, 12, 13, 13, 12, 11, 13, 13, 12, 11, 12, 10, 11], [10, 11, 12, 12, 10, 13, 12, 12, 10, 13, 11, 13, 12, 12, 10, 11, 12, 11, 11, 13, 12, 12, 13, 13, 11, 13, 13, 13, 11, 11, 10, 11, 13, 12, 13], [10, 11, 11, 11, 12, 10, 12, 12, 12, 10, 11, 10, 12, 10, 11, 11, 13, 12, 13, 12, 12, 13, 12, 13, 13, 11, 10, 10, 12, 11, 11, 10, 12, 12, 12], [13, 13, 12, 11, 13, 13, 13, 10, 13, 11, 13, 13, 13, 11, 12, 13, 10, 10, 13, 11, 12, 10, 11, 10, 10, 12, 10, 13, 11, 12, 12, 10, 11, 12, 13], [11, 11, 12, 12, 12, 12, 10, 12, 10, 12, 12, 11, 11, 10, 10, 13, 12, 13, 13, 10, 12, 13, 13, 13, 10, 11, 13, 11, 11, 12, 10, 11, 13, 10, 10], [12, 12, 13, 12, 12, 13, 12, 12, 11, 10, 12, 12, 13, 12, 13, 13, 13, 12, 12, 12, 10, 12, 11, 11, 13, 11, 11, 10, 11, 12, 13, 12, 11, 12, 10], [11, 13, 11, 12, 13, 11, 13, 10, 11, 11, 10, 11, 10, 12, 11, 10, 12, 12, 11, 11, 11, 11, 10, 12, 13, 11, 11, 10, 10, 12, 12, 12, 10, 10, 12], [12, 11, 13, 11, 12, 11, 10, 13, 13, 12, 10, 11, 13, 10, 11, 13, 12, 10, 13, 12, 12, 12, 10, 10, 12, 10, 11, 11, 11, 13, 12, 11, 12, 13, 12], [12, 12, 13, 11, 10, 11, 13, 12, 13, 11, 13, 12, 13, 13, 10, 12, 11, 11, 12, 11, 12, 11, 13, 12, 13, 11, 13, 12, 11, 12, 11, 13, 13, 12, 13], [12, 13, 12, 11, 10, 11, 13, 12, 10, 13, 12, 12, 11, 13, 13, 11, 13, 11, 11, 13, 10, 12, 13, 12, 10, 10, 11, 10, 11, 13, 13, 11, 12, 12, 13], [10, 11, 13, 13, 11, 13, 12, 11, 10, 13, 10, 13, 12, 10, 11, 12, 13, 13, 10, 13, 11, 12, 13, 13, 12, 13, 11, 11, 11, 11, 11, 11, 12, 13, 12], [12, 13, 13, 11, 12, 10, 12, 12, 11, 10, 11, 11, 13, 12, 13, 12, 11, 11, 13, 12, 10, 11, 13, 11, 10, 10, 13, 11, 13, 12, 12, 13, 11, 13, 11], [12, 11, 13, 12, 12, 13, 13, 10, 13, 10, 13, 11, 11, 11, 11, 13, 10, 10, 13, 12, 12, 12, 13, 10, 11, 10, 12, 11, 10, 11, 12, 13, 11, 13, 13], [10, 12, 11, 12, 12, 11, 10, 13, 12, 11, 11, 12, 13, 10, 10, 12, 12, 13, 13, 10, 13, 10, 13, 10, 11, 10, 13, 12, 11, 11, 10, 12, 11, 11, 12], [11, 11, 10, 10, 12, 10, 13, 10, 13, 13, 10, 11, 12, 11, 11, 12, 11, 13, 11, 10, 12, 12, 13, 11, 10, 10, 13, 12, 12, 12, 13, 12, 12, 10, 13], [11, 10, 12, 12, 11, 10, 12, 11, 11, 10, 11, 12, 13, 13, 12, 13, 11, 11, 11, 11, 13, 10, 10, 13, 10, 12, 10, 12, 12, 11, 12, 12, 13, 10, 13], [11, 11, 12, 11, 13, 12, 10, 11, 13, 12, 13, 11, 13, 12, 12, 12, 13, 11, 11, 12, 10, 11, 12, 11, 10, 10, 11, 13, 13, 13, 12, 12, 13, 11, 13], [11, 13, 11, 13, 11, 10, 12, 12, 13, 10, 11, 13, 12, 10, 10, 10, 11, 13, 10, 13, 11, 12, 10, 12, 12, 10, 10, 11, 12, 13, 12, 13, 10, 12, 13], [12, 13, 12, 10, 13, 13, 12, 13, 12, 10, 11, 13, 13, 10, 10, 12, 12, 12, 11, 12, 12, 13, 10, 11, 10, 11, 13, 13, 11, 11, 12, 13, 10, 10, 10], [11, 13, 11, 13, 11, 13, 10, 10, 11, 12, 11, 11, 11, 13, 11, 10, 12, 12, 13, 10, 13, 12, 10, 13, 11, 11, 11, 10, 11, 12, 13, 12, 10, 11, 12], [12, 11, 11, 13, 11, 13, 10, 11, 12, 13, 11, 13, 10, 11, 11, 13, 12, 12, 12, 10, 11, 10, 12, 12, 13, 10, 12, 13, 11, 11, 10, 10, 12, 12, 13], [10, 11, 11, 13, 12, 13, 13, 10, 11, 11, 11, 12, 12, 10, 10, 11, 10, 11, 13, 12, 13, 13, 10, 11, 11, 12, 11, 11, 13, 12, 10, 12, 10, 11, 12], [10, 12, 13, 12, 10, 12, 10, 13, 12, 12, 11, 10, 10, 11, 10, 11, 12, 12, 13, 10, 13, 13, 10, 10, 11, 10, 12, 11, 12, 10, 11, 12, 12, 10, 10], [11, 10, 12, 13, 10, 12, 11, 12, 11, 13, 11, 13, 11, 12, 13, 11, 11, 11, 12, 12, 11, 13, 12, 12, 13, 12, 12, 12, 10, 12, 13, 13, 10, 12, 11], [12, 13, 12, 11, 13, 12, 10, 11, 11, 10, 11, 11, 12, 11, 10, 12, 10, 10, 11, 11, 11, 12, 12, 10, 13, 13, 11, 12, 11, 12, 10, 11, 13, 10, 11], [10, 13, 11, 10, 10, 13, 12, 10, 11, 12, 11, 13, 12, 10, 10, 11, 12, 11, 10, 10, 12, 11, 10, 12, 11, 12, 10, 12, 12, 11, 13, 13, 11, 11, 13], [11, 10, 12, 10, 12, 11, 11, 12, 10, 11, 10, 13, 10, 13, 12, 11, 10, 10, 10, 13, 13, 12, 12, 10, 10, 10, 13, 12, 11, 12, 13, 12, 10, 11, 12], [12, 11, 11, 10, 10, 10, 10, 12, 13, 13, 13, 11, 10, 10, 13, 12, 13, 13, 13, 11, 10, 12, 10, 13, 12, 13, 12, 13, 10, 12, 12, 12, 12, 10, 10], [13, 12, 10, 12, 11, 13, 10, 10, 12, 11, 11, 13, 12, 11, 12, 12, 12, 11, 11, 12, 12, 12, 12, 13, 12, 10, 10, 12, 13, 11, 11, 12, 12, 12, 10], [10, 13, 11, 10, 11, 13, 10, 13, 11, 10, 11, 13, 12, 12, 12, 12, 12, 10, 13, 10, 12, 11, 12, 10, 13, 10, 11, 10, 13, 10, 13, 11, 11, 10, 11], [11, 11, 11, 12, 10, 13, 11, 13, 10, 13, 10, 10, 11, 13, 12, 10, 12, 11, 12, 13, 12, 10, 10, 11, 13, 10, 11, 11, 10, 10, 12, 11, 10, 12, 12], [12, 12, 11, 10, 13, 10, 11, 13, 13, 13, 12, 11, 13, 13, 12, 10, 11, 10, 12, 10, 13, 11, 12, 10, 12, 10, 11, 12, 10, 11, 12, 13, 13, 12, 12], [10, 10, 12, 12, 11, 11, 13, 12, 13, 10, 11, 10, 12, 12, 10, 11, 12, 10, 12, 13, 13, 11, 11, 10, 12, 13, 11, 10, 13, 11, 11, 13, 12, 13, 12], [11, 13, 13, 11, 12, 11, 11, 13, 10, 13, 12, 12, 12, 10, 11, 10, 11, 10, 10, 10, 11, 13, 12, 12, 13, 10, 13, 13, 11, 13, 12, 11, 12, 13, 12], [10, 10, 13, 12, 11, 11, 11, 12, 12, 12, 13, 13, 10, 10, 11, 13, 13, 11, 12, 12, 11, 12, 12, 10, 12, 13, 13, 13, 10, 11, 11, 10, 13, 13, 10], [11, 12, 11, 11, 12, 12, 12, 10, 11, 10, 12, 11, 13, 12, 10, 11, 13, 11, 10, 10, 10, 12, 11, 12, 13, 12, 13, 13, 13, 13, 13, 11, 11, 11, 12], [12, 13, 12, 13, 10, 11, 10, 12, 11, 12, 10, 13, 11, 13, 12, 12, 11, 13, 12, 10, 10, 13, 13, 11, 10, 12, 12, 13, 10, 10, 12, 13, 12, 12, 11], [10, 12, 10, 11, 13, 10, 13, 12, 10, 13, 12, 12, 10, 13, 12, 12, 11, 12, 11, 13, 13, 13, 13, 10, 12, 10, 13, 13, 10, 10, 13, 11, 11, 13, 13], [12, 13, 12, 11, 12, 10, 12, 10, 11, 10, 10, 10, 13, 11, 12, 13, 12, 12, 11, 12, 13, 10, 11, 11, 12, 11, 11, 10, 12, 12, 13, 11, 11, 10, 10], [12, 13, 12, 12, 12, 12, 10, 12, 10, 13, 13, 11, 11, 11, 10, 10, 11, 10, 12, 10, 13, 12, 13, 12, 13, 10, 10, 12, 12, 13, 12, 13, 11, 13, 11], [11, 11, 11, 13, 11, 12, 10, 12, 11, 10, 10, 12, 12, 10, 11, 12, 13, 12, 12, 11, 13, 11, 11, 11, 11, 11, 13, 10, 10, 11, 10, 11, 12, 13, 11], [10, 11, 11, 12, 13, 13, 13, 13, 13, 12, 12, 11, 10, 11, 12, 11, 10, 10, 11, 13, 10, 10, 10, 11, 13, 13, 13, 13, 12, 10, 13, 11, 10, 11, 10], [10, 11, 12, 10, 12, 11, 11, 11, 12, 11, 11, 12, 12, 11, 13, 12, 10, 12, 11, 10, 10, 13, 13, 13, 10, 13, 13, 13, 11, 10, 11, 10, 10, 13, 12], [13, 13, 11, 10, 11, 13, 13, 13, 12, 13, 12, 10, 11, 13, 11, 13, 12, 11, 11, 11, 13, 13, 11, 11, 13, 13, 10, 11, 11, 10, 10, 12, 13, 10, 13], [11, 13, 12, 13, 12, 12, 12, 10, 12, 10, 13, 12, 12, 10, 13, 11, 13, 11, 11, 12, 13, 13, 13, 12, 13, 13, 13, 12, 12, 12, 13, 11, 12, 12, 13], [10, 12, 11, 12, 11, 12, 13, 12, 13, 10, 10, 13, 10, 13, 10, 11, 13, 11, 13, 12, 11, 12, 12, 11, 13, 12, 12, 10, 12, 10, 11, 11, 11, 10, 12], [13, 13, 10, 11, 10, 10, 13, 10, 11, 10, 10, 13, 10, 10, 12, 12, 11, 13, 13, 12, 11, 12, 10, 12, 11, 12, 10, 11, 11, 12, 10, 13, 13, 12, 10], [11, 11, 13, 12, 10, 12, 12, 13, 12, 13, 13, 10, 11, 10, 10, 13, 10, 12, 12, 10, 11, 13, 13, 11, 11, 10, 11, 12, 12, 13, 12, 12, 13, 12, 12], [10, 11, 12, 10, 10, 13, 11, 11, 12, 11, 13, 11, 11, 12, 10, 12, 12, 11, 10, 11, 11, 12, 12, 12, 11, 11, 11, 11, 13, 11, 10, 12, 13, 13, 12], [12, 10, 12, 12, 13, 10, 12, 12, 12, 13, 11, 11, 11, 11, 10, 12, 10, 13, 10, 10, 10, 13, 11, 11, 11, 10, 10, 10, 11, 10, 10, 12, 12, 11, 12], [11, 13, 12, 11, 11, 10, 12, 13, 10, 11, 13, 10, 10, 12, 10, 11, 10, 13, 12, 13, 12, 12, 11, 10, 10, 10, 10, 12, 12, 11, 13, 12, 13, 11, 11], [12, 11, 11, 13, 13, 11, 13, 11, 12, 13, 12, 11, 11, 11, 10, 12, 12, 12, 11, 10, 13, 13, 11, 10, 10, 13, 10, 10, 10, 10, 13, 10, 11, 10, 10], [10, 11, 12, 10, 10, 13, 13, 11, 11, 13, 10, 10, 11, 12, 12, 11, 11, 11, 12, 10, 13, 10, 10, 13, 13, 10, 11, 13, 13, 11, 13, 11, 10, 13, 10], [10, 10, 13, 11, 10, 10, 10, 11, 12, 13, 13, 10, 13, 13, 11, 13, 11, 11, 10, 11, 11, 10, 12, 12, 12, 13, 12, 13, 11, 13, 12, 13, 10, 12, 11], [10, 11, 10, 11, 10, 11, 11, 10, 10, 11, 12, 11, 13, 10, 11, 10, 12, 13, 11, 10, 12, 12, 11, 10, 10, 10, 13, 13, 13, 10, 12, 12, 10, 10, 12], [13, 11, 11, 13, 10, 12, 12, 12, 12, 10, 13, 13, 11, 13, 10, 13, 10, 13, 12, 12, 13, 11, 10, 11, 11, 10, 11, 10, 10, 12, 10, 10, 13, 11, 11], [13, 11, 12, 11, 10, 12, 11, 12, 13, 11, 11, 11, 10, 10, 10, 13, 12, 13, 10, 10, 11, 13, 10, 12, 10, 13, 12, 11, 11, 11, 10, 13, 10, 11, 13], [10, 13, 13, 10, 13, 10, 13, 10, 11, 12, 11, 12, 13, 10, 10, 13, 13, 11, 10, 11, 11, 10, 10, 10, 12, 11, 13, 13, 13, 10, 10, 11, 11, 12, 12], [11, 11, 10, 11, 13, 11, 10, 10, 10, 12, 11, 11, 13, 11, 11, 10, 13, 11, 11, 11, 10, 12, 10, 13, 10, 13, 12, 12, 13, 11, 10, 13, 11, 10, 12], [12, 13, 10, 11, 10, 12, 11, 12, 13, 10, 11, 11, 13, 12, 12, 11, 13, 13, 13, 10, 12, 10, 13, 10, 10, 13, 13, 12, 10, 11, 13, 11, 11, 11, 11], [11, 12, 10, 12, 10, 11, 11, 11, 12, 13, 10, 10, 10, 11, 11, 11, 13, 11, 13, 11, 13, 11, 13, 11, 11, 13, 11, 12, 11, 10, 10, 12, 11, 10, 13], [10, 12, 11, 10, 11, 11, 11, 12, 13, 13, 10, 12, 12, 11, 11, 13, 13, 13, 11, 11, 12, 10, 11, 13, 10, 11, 12, 12, 10, 13, 10, 13, 13, 10, 10], [12, 12, 12, 13, 10, 10, 11, 11, 11, 13, 13, 11, 12, 12, 12, 11, 12, 13, 13, 11, 11, 13, 11, 10, 13, 10, 12, 13, 12, 10, 13, 13, 10, 13, 11], [13, 11, 10, 11, 11, 10, 12, 13, 13, 13, 11, 12, 10, 11, 13, 10, 13, 12, 10, 13, 12, 13, 12, 13, 13, 13, 10, 13, 12, 12, 13, 13, 12, 11, 12], [13, 13, 10, 12, 13, 13, 11, 10, 13, 10, 12, 10, 11, 10, 11, 13, 13, 13, 12, 13, 10, 12, 13, 10, 11, 12, 11, 11, 12, 10, 11, 11, 12, 13, 11], [12, 12, 10, 11, 12, 13, 11, 11, 12, 12, 13, 13, 13, 12, 13, 10, 12, 10, 10, 11, 11, 10, 10, 11, 12, 13, 13, 11, 10, 12, 11, 10, 13, 13, 13], [12, 10, 12, 11, 11, 11, 12, 11, 13, 11, 10, 12, 10, 13, 13, 11, 10, 13, 10, 13, 12, 10, 11, 13, 13, 11, 10, 10, 12, 13, 12, 10, 10, 12, 11], [11, 12, 12, 12, 13, 12, 10, 13, 11, 12, 12, 13, 10, 13, 13, 11, 10, 10, 10, 13, 12, 13, 12, 13, 10, 11, 10, 13, 13, 10, 10, 13, 12, 10, 11], [10, 10, 10, 10, 10, 10, 13, 10, 13, 12, 11, 10, 11, 10, 11, 10, 12, 10, 10, 10, 10, 10, 12, 13, 12, 10, 11, 12, 12, 13, 11, 13, 12, 10, 12], [11, 11, 13, 11, 10, 10, 11, 11, 12, 11, 12, 11, 10, 13, 10, 13, 12, 13, 13, 12, 10, 13, 11, 13, 11, 13, 11, 12, 11, 12, 12, 13, 10, 13, 10], [10, 12, 13, 11, 11, 12, 10, 10, 10, 12, 12, 10, 10, 12, 13, 13, 10, 13, 11, 12, 13, 12, 11, 11, 11, 12, 11, 13, 11, 10, 10, 13, 11, 12, 12], [11, 12, 10, 12, 10, 13, 13, 10, 10, 13, 10, 12, 11, 11, 11, 13, 12, 13, 13, 10, 10, 13, 10, 10, 10, 11, 12, 12, 10, 10, 10, 13, 12, 11, 10], [11, 11, 13, 11, 13, 10, 10, 13, 12, 10, 12, 12, 12, 13, 10, 11, 10, 13, 12, 11, 11, 11, 10, 10, 10, 10, 11, 13, 12, 12, 12, 10, 13, 10, 12], [10, 10, 13, 10, 10, 11, 11, 11, 11, 12, 12, 10, 10, 12, 12, 11, 13, 12, 12, 11, 12, 12, 11, 10, 12, 12, 13, 13, 12, 13, 10, 13, 12, 12, 10], [12, 13, 13, 13, 12, 12, 12, 12, 11, 12, 11, 11, 12, 13, 11, 11, 13, 11, 13, 11, 13, 13, 12, 11, 10, 13, 11, 12, 13, 10, 11, 10, 11, 10, 10], [13, 10, 10, 13, 11, 13, 11, 12, 13, 10, 13, 12, 12, 11, 11, 10, 10, 10, 13, 13, 10, 12, 12, 13, 12, 11, 11, 11, 10, 11, 13, 12, 10, 13, 13], [12, 10, 11, 12, 11, 11, 13, 13, 12, 11, 11, 12, 11, 11, 11, 13, 11, 12, 13, 12, 11, 12, 13, 13, 11, 10, 13, 13, 10, 11, 11, 11, 13, 12, 10], [13, 12, 12, 12, 12, 12, 12, 13, 10, 13, 10, 13, 13, 12, 11, 13, 11, 12, 12, 13, 13, 13, 12, 10, 12, 13, 12, 12, 11, 11, 13, 11, 10, 12, 13], [10, 10, 10, 10, 10, 10, 12, 12, 10, 12, 12, 11, 12, 10, 12, 11, 13, 13, 11, 10, 12, 13, 10, 13, 10, 13, 13, 11, 10, 10, 10, 10, 13, 10, 10], [10, 11, 11, 12, 12, 11, 13, 12, 11, 12, 13, 13, 13, 13, 13, 11, 10, 10, 12, 11, 12, 10, 12, 10, 11, 12, 12, 13, 11, 12, 13, 11, 13, 11, 11], [13, 10, 13, 10, 12, 12, 12, 11, 11, 13, 11, 12, 11, 12, 13, 13, 12, 12, 12, 12, 12, 13, 11, 11, 10, 13, 12, 10, 10, 11, 12, 11, 13, 10, 12], [11, 11, 10, 13, 10, 12, 13, 12, 12, 11, 11, 12, 13, 13, 12, 10, 10, 13, 12, 13, 12, 12, 10, 12, 12, 10, 13, 10, 13, 12, 11, 10, 10, 12, 10], [12, 11, 12, 12, 10, 13, 13, 13, 10, 11, 12, 10, 13, 12, 11, 11, 11, 11, 11, 12, 12, 11, 10, 12, 12, 13, 10, 10, 10, 13, 10, 11, 10, 11, 11], [12, 10, 10, 12, 10, 12, 13, 10, 12, 10, 12, 13, 13, 11, 12, 12, 11, 13, 12, 13, 12, 13, 10, 12, 13, 13, 12, 13, 12, 11, 10, 10, 13, 10, 10], [13, 13, 11, 11, 13, 13, 12, 13, 13, 13, 13, 10, 13, 12, 10, 11, 12, 10, 13, 10, 12, 10, 11, 12, 11, 13, 10, 11, 13, 13, 13, 11, 13, 10, 12], [12, 13, 10, 11, 10, 10, 10, 13, 10, 13, 10, 12, 10, 13, 11, 12, 13, 13, 12, 13, 13, 13, 11, 10, 13, 11, 10, 11, 11, 11, 11, 12, 11, 11, 11], [10, 10, 11, 12, 13, 12, 11, 11, 10, 10, 12, 12, 11, 13, 10, 12, 10, 12, 12, 11, 11, 11, 10, 12, 11, 13, 11, 11, 12, 12, 13, 12, 13, 11, 11], [13, 11, 10, 12, 10, 13, 13, 13, 10, 10, 11, 10, 11, 12, 10, 10, 11, 13, 11, 11, 12, 11, 10, 11, 12, 13, 11, 10, 11, 13, 12, 11, 10, 10, 12], [11, 13, 13, 12, 10, 10, 10, 11, 13, 13, 10, 10, 12, 10, 10, 12, 11, 12, 10, 11, 10, 10, 13, 12, 11, 12, 10, 11, 10, 12, 13, 12, 10, 13, 10], [13, 13, 12, 12, 10, 12, 11, 12, 10, 10, 12, 12, 10, 11, 10, 12, 12, 13, 10, 10, 13, 12, 13, 13, 12, 10, 13, 12, 12, 12, 12, 11, 13, 13, 11], [11, 10, 13, 10, 11, 11, 13, 12, 12, 13, 13, 10, 12, 10, 10, 10, 11, 11, 10, 10, 10, 11, 12, 10, 12, 10, 13, 13, 10, 13, 13, 13, 13, 10, 11], [11, 11, 12, 13, 11, 13, 12, 10, 13, 10, 10, 12, 13, 12, 10, 10, 11, 11, 11, 13, 12, 12, 13, 11, 11, 13, 12, 10, 13, 12, 12, 10, 11, 10, 11], [10, 10, 11, 12, 10, 12, 10, 13, 13, 12, 13, 13, 12, 11, 13, 13, 11, 11, 10, 13, 12, 10, 11, 13, 13, 10, 12, 12, 13, 12, 11, 12, 10, 12, 11], [10, 13, 12, 12, 12, 12, 12, 13, 10, 11, 11, 11, 11, 12, 12, 12, 11, 11, 12, 12, 11, 11, 10, 13, 11, 13, 12, 10, 13, 10, 12, 13, 10, 13, 13], [10, 10, 10, 13, 13, 13, 10, 10, 13, 11, 13, 11, 10, 12, 11, 13, 11, 11, 10, 13, 10, 12, 11, 10, 11, 12, 13, 12, 12, 13, 12, 10, 13, 12, 11], [11, 13, 10, 12, 11, 10, 13, 12, 12, 11, 10, 13, 11, 10, 13, 12, 11, 13, 13, 12, 10, 10, 13, 11, 13, 11, 11, 12, 10, 12, 13, 10, 12, 11, 13], [12, 13, 11, 10, 11, 13, 10, 12, 13, 12, 11, 11, 12, 12, 13, 13, 12, 10, 13, 12, 12, 11, 13, 11, 12, 10, 12, 10, 11, 13, 13, 13, 13, 11, 13], [10, 10, 11, 12, 10, 12, 12, 13, 10, 10, 12, 11, 10, 10, 13, 12, 11, 11, 11, 10, 11, 10, 13, 11, 10, 11, 10, 12, 10, 12, 10, 12, 11, 10, 11], [13, 10, 10, 10, 13, 13, 13, 10, 11, 12, 10, 10, 13, 11, 12, 10, 12, 10, 12, 10, 13, 11, 11, 13, 13, 10, 11, 12, 13, 10, 11, 12, 13, 11, 10], [13, 10, 12, 13, 11, 12, 11, 11, 13, 13, 12, 12, 12, 11, 10, 10, 11, 10, 10, 10, 11, 12, 11, 12, 10, 12, 13, 13, 13, 12, 12, 12, 11, 12, 13], [13, 10, 10, 11, 11, 12, 13, 10, 12, 11, 12, 11, 10, 11, 10, 12, 13, 12, 11, 10, 11, 10, 11, 13, 11, 12, 10, 10, 13, 10, 11, 11, 10, 11, 12], [12, 10, 13, 10, 12, 10, 13, 10, 10, 10, 13, 11, 13, 11, 12, 10, 10, 11, 11, 11, 10, 13, 11, 13, 13, 10, 13, 10, 12, 13, 10, 10, 13, 11, 10], [10, 11, 10, 13, 12, 12, 10, 10, 13, 10, 13, 10, 13, 13, 12, 10, 13, 11, 12, 12, 13, 13, 10, 12, 13, 10, 13, 12, 10, 10, 12, 12, 13, 11, 10], [13, 12, 10, 11, 10, 12, 13, 11, 11, 13, 10, 12, 12, 12, 13, 10, 12, 13, 12, 12, 12, 12, 10, 13, 11, 13, 10, 13, 11, 10, 12, 13, 11, 12, 10], [13, 10, 10, 12, 13, 11, 11, 13, 13, 11, 12, 12, 11, 10, 12, 10, 10, 11, 10, 13, 13, 10, 12, 12, 11, 11, 13, 10, 13, 11, 11, 10, 11, 13, 12], [12, 13, 12, 13, 13, 11, 13, 13, 11, 12, 12, 10, 10, 13, 13, 12, 12, 12, 13, 11, 13, 12, 10, 13, 13, 12, 11, 13, 12, 10, 11, 12, 12, 11, 11]]
Inventory holding cost per unit of each product by the end of each period h: 
[[5, 7, 5, 6, 8, 9, 7, 6, 5, 9, 8, 8, 5, 8, 8, 8, 5, 7, 8, 5, 7, 7, 8, 5, 5, 5, 8, 9, 5, 8, 6, 7, 7, 8, 9], [9, 6, 7, 8, 9, 6, 5, 7, 5, 9, 7, 7, 5, 8, 5, 5, 5, 7, 5, 7, 8, 6, 5, 8, 7, 8, 7, 9, 6, 9, 8, 7, 9, 9, 6], [7, 5, 5, 6, 8, 9, 6, 7, 5, 8, 8, 5, 7, 7, 6, 7, 7, 5, 5, 8, 6, 8, 8, 6, 7, 5, 6, 9, 7, 5, 9, 8, 7, 7, 7], [7, 5, 7, 7, 6, 5, 5, 9, 8, 6, 8, 6, 8, 7, 8, 8, 6, 5, 5, 6, 8, 6, 5, 6, 8, 6, 5, 5, 8, 8, 5, 6, 9, 9, 6], [6, 7, 9, 7, 8, 9, 6, 6, 9, 9, 5, 6, 7, 6, 8, 5, 6, 9, 8, 9, 7, 5, 7, 7, 6, 5, 7, 6, 6, 5, 7, 5, 8, 5, 8], [5, 9, 8, 7, 7, 7, 7, 7, 9, 8, 8, 8, 5, 9, 9, 6, 6, 5, 9, 8, 7, 5, 6, 6, 9, 5, 5, 7, 8, 8, 9, 8, 8, 8, 9], [7, 9, 8, 8, 7, 6, 9, 6, 9, 5, 5, 8, 7, 8, 7, 7, 9, 6, 7, 7, 6, 9, 6, 6, 8, 8, 8, 6, 7, 6, 7, 5, 8, 8, 5], [8, 5, 8, 9, 9, 9, 7, 5, 9, 5, 9, 9, 6, 5, 8, 7, 6, 5, 8, 8, 9, 7, 9, 6, 5, 6, 9, 9, 7, 5, 7, 6, 7, 6, 6], [5, 9, 6, 5, 7, 5, 7, 7, 5, 6, 5, 7, 5, 9, 7, 6, 6, 7, 7, 5, 5, 8, 9, 5, 6, 7, 8, 7, 7, 9, 9, 5, 5, 9, 5], [8, 9, 7, 7, 7, 8, 9, 6, 8, 9, 6, 5, 9, 9, 5, 6, 8, 5, 7, 7, 7, 8, 6, 5, 5, 9, 8, 7, 9, 9, 7, 6, 8, 6, 5], [7, 8, 5, 5, 7, 5, 8, 7, 6, 5, 8, 9, 9, 5, 7, 5, 5, 6, 5, 6, 6, 5, 8, 5, 5, 8, 9, 7, 6, 7, 6, 6, 5, 5, 7], [6, 6, 7, 6, 5, 9, 5, 9, 7, 8, 7, 5, 5, 9, 8, 9, 9, 7, 8, 8, 6, 6, 8, 5, 6, 5, 7, 9, 9, 9, 9, 8, 6, 5, 9], [9, 8, 7, 5, 9, 7, 7, 6, 6, 9, 6, 8, 6, 9, 5, 8, 6, 5, 6, 5, 5, 9, 8, 7, 5, 9, 8, 6, 9, 5, 6, 8, 5, 7, 6], [6, 6, 5, 7, 5, 5, 9, 6, 5, 6, 5, 5, 9, 5, 5, 8, 5, 8, 7, 7, 6, 5, 8, 8, 7, 8, 6, 9, 5, 5, 7, 9, 6, 8, 9], [6, 6, 5, 8, 9, 7, 8, 6, 9, 8, 6, 7, 6, 6, 9, 7, 6, 9, 6, 8, 8, 5, 7, 5, 7, 8, 5, 9, 7, 9, 8, 5, 5, 8, 7], [5, 6, 7, 6, 9, 7, 6, 5, 9, 6, 9, 5, 9, 6, 9, 8, 9, 9, 6, 5, 6, 8, 8, 6, 8, 7, 5, 6, 5, 9, 8, 8, 9, 6, 5], [7, 9, 5, 9, 6, 7, 7, 9, 7, 7, 9, 6, 6, 9, 5, 7, 9, 5, 6, 7, 9, 5, 9, 5, 9, 6, 5, 8, 7, 5, 5, 5, 5, 9, 9], [7, 7, 6, 5, 7, 5, 8, 5, 9, 6, 5, 8, 5, 6, 6, 6, 7, 8, 6, 8, 8, 9, 7, 6, 5, 7, 8, 6, 9, 7, 5, 7, 7, 7, 9], [6, 6, 7, 6, 7, 6, 8, 5, 5, 6, 7, 9, 8, 8, 8, 8, 5, 5, 9, 8, 9, 9, 9, 6, 5, 5, 5, 8, 5, 9, 8, 6, 6, 6, 9], [5, 9, 9, 8, 8, 9, 8, 7, 5, 7, 5, 6, 5, 9, 5, 5, 6, 8, 6, 6, 6, 7, 7, 5, 5, 5, 9, 9, 8, 5, 5, 5, 5, 5, 5], [5, 6, 5, 9, 6, 7, 5, 9, 7, 5, 5, 5, 8, 9, 7, 7, 7, 5, 7, 6, 9, 6, 5, 9, 8, 8, 9, 8, 7, 5, 8, 9, 6, 9, 6], [5, 7, 5, 8, 9, 9, 7, 8, 5, 5, 5, 8, 9, 6, 6, 9, 8, 6, 5, 9, 6, 7, 6, 5, 7, 8, 7, 6, 8, 6, 7, 5, 9, 5, 9], [7, 6, 6, 9, 9, 9, 6, 6, 8, 9, 7, 7, 8, 9, 6, 9, 6, 9, 7, 5, 6, 9, 7, 6, 7, 6, 8, 5, 9, 6, 7, 9, 7, 7, 7], [5, 5, 5, 9, 5, 7, 8, 7, 9, 7, 7, 6, 6, 8, 7, 5, 9, 5, 5, 8, 6, 9, 7, 6, 9, 8, 9, 8, 6, 7, 8, 9, 5, 9, 7], [9, 6, 6, 5, 9, 9, 7, 9, 6, 7, 8, 5, 5, 7, 5, 8, 6, 8, 6, 5, 9, 5, 9, 9, 5, 8, 7, 7, 6, 6, 6, 6, 6, 9, 6], [6, 8, 7, 8, 9, 5, 9, 8, 9, 7, 5, 5, 9, 5, 8, 5, 7, 6, 9, 7, 9, 8, 6, 5, 8, 5, 8, 6, 6, 9, 9, 7, 5, 5, 9], [8, 9, 8, 7, 5, 5, 8, 5, 7, 7, 9, 7, 6, 5, 6, 9, 8, 8, 9, 9, 6, 7, 9, 5, 5, 5, 5, 9, 9, 6, 9, 5, 9, 6, 9], [9, 6, 9, 6, 8, 8, 5, 8, 9, 9, 6, 6, 5, 7, 6, 6, 7, 8, 5, 8, 9, 5, 5, 9, 9, 9, 7, 6, 5, 7, 9, 9, 5, 6, 5], [7, 5, 9, 9, 5, 6, 5, 6, 8, 7, 7, 8, 6, 6, 5, 8, 5, 6, 6, 5, 5, 8, 6, 5, 7, 6, 8, 5, 6, 6, 6, 9, 6, 8, 8], [9, 9, 6, 6, 8, 8, 5, 9, 7, 8, 5, 7, 7, 9, 7, 8, 7, 8, 7, 9, 7, 7, 9, 8, 8, 5, 6, 7, 6, 9, 6, 5, 5, 5, 9], [9, 7, 6, 5, 9, 9, 9, 8, 9, 7, 6, 6, 6, 5, 7, 5, 6, 6, 8, 6, 5, 7, 8, 6, 8, 7, 5, 8, 6, 7, 6, 9, 8, 6, 9], [5, 7, 6, 6, 7, 8, 6, 9, 6, 7, 6, 5, 9, 8, 9, 7, 8, 6, 6, 5, 5, 6, 7, 8, 5, 8, 7, 5, 9, 8, 9, 5, 7, 8, 8], [9, 7, 6, 8, 5, 6, 6, 8, 7, 8, 7, 6, 7, 5, 6, 9, 7, 8, 7, 6, 6, 9, 9, 6, 9, 7, 6, 9, 7, 7, 5, 5, 7, 9, 9], [6, 8, 7, 7, 7, 5, 5, 7, 9, 6, 9, 6, 5, 6, 6, 6, 9, 7, 9, 7, 6, 8, 7, 7, 8, 7, 7, 9, 8, 7, 9, 7, 6, 5, 7], [7, 5, 6, 6, 9, 7, 5, 8, 9, 9, 8, 8, 5, 8, 8, 5, 9, 7, 8, 5, 6, 5, 8, 7, 8, 7, 7, 5, 5, 8, 8, 6, 9, 6, 6], [6, 6, 5, 5, 8, 8, 8, 7, 8, 7, 9, 6, 6, 5, 9, 6, 6, 8, 9, 8, 8, 8, 8, 8, 5, 5, 7, 7, 8, 7, 5, 6, 8, 7, 7], [7, 5, 8, 7, 7, 5, 7, 7, 5, 8, 8, 5, 5, 5, 6, 8, 9, 9, 9, 6, 6, 9, 6, 8, 6, 9, 9, 8, 6, 9, 7, 5, 5, 7, 9], [7, 9, 6, 6, 7, 9, 8, 8, 7, 8, 7, 7, 8, 5, 5, 9, 5, 6, 5, 6, 6, 8, 8, 8, 8, 5, 5, 6, 6, 7, 9, 8, 9, 7, 6], [8, 6, 9, 5, 8, 6, 9, 9, 8, 6, 5, 5, 7, 5, 6, 6, 9, 6, 7, 9, 6, 9, 7, 8, 7, 9, 5, 8, 8, 6, 9, 8, 5, 9, 9], [8, 6, 7, 8, 6, 5, 6, 8, 6, 6, 5, 5, 7, 6, 6, 9, 6, 9, 7, 6, 6, 9, 9, 9, 5, 8, 6, 8, 6, 8, 9, 6, 9, 7, 7], [6, 9, 6, 5, 8, 6, 5, 7, 7, 6, 7, 9, 9, 5, 9, 7, 5, 9, 8, 6, 7, 8, 5, 8, 8, 7, 7, 7, 7, 5, 7, 7, 5, 7, 9], [7, 9, 5, 5, 5, 9, 9, 6, 5, 7, 7, 5, 6, 6, 6, 9, 9, 7, 7, 5, 6, 8, 5, 9, 9, 7, 6, 7, 8, 8, 9, 8, 8, 6, 8], [9, 5, 7, 9, 5, 6, 9, 6, 6, 8, 9, 7, 5, 6, 6, 5, 7, 6, 6, 7, 5, 6, 7, 5, 8, 7, 6, 9, 9, 7, 9, 5, 9, 8, 8], [9, 7, 9, 7, 5, 5, 6, 5, 8, 8, 8, 8, 5, 6, 8, 9, 9, 6, 9, 8, 8, 6, 9, 8, 7, 8, 8, 6, 7, 5, 6, 5, 9, 5, 5], [7, 5, 5, 5, 6, 8, 7, 5, 9, 9, 8, 7, 8, 9, 7, 5, 8, 6, 6, 5, 9, 9, 6, 9, 7, 6, 8, 7, 8, 9, 6, 5, 6, 6, 7], [6, 7, 6, 6, 6, 6, 6, 6, 5, 9, 9, 5, 5, 8, 7, 6, 9, 7, 5, 6, 6, 7, 5, 6, 8, 8, 7, 7, 6, 7, 5, 9, 7, 7, 5], [5, 7, 9, 8, 7, 9, 6, 5, 7, 9, 7, 9, 8, 9, 7, 8, 5, 8, 5, 9, 8, 5, 8, 6, 9, 5, 9, 9, 9, 6, 8, 9, 7, 8, 7], [6, 7, 7, 8, 7, 7, 8, 7, 6, 5, 8, 7, 9, 5, 9, 5, 5, 9, 5, 5, 9, 8, 9, 9, 9, 9, 9, 6, 5, 8, 6, 6, 8, 8, 7], [8, 9, 5, 6, 9, 7, 6, 9, 9, 8, 9, 6, 7, 8, 5, 6, 9, 6, 5, 7, 7, 8, 6, 7, 5, 8, 7, 6, 8, 7, 8, 8, 7, 6, 6], [7, 6, 9, 6, 5, 7, 5, 6, 9, 7, 5, 8, 9, 6, 7, 6, 7, 7, 9, 6, 7, 6, 7, 6, 9, 7, 7, 7, 9, 6, 7, 5, 6, 8, 5], [9, 8, 8, 9, 7, 5, 7, 7, 5, 8, 9, 6, 6, 8, 8, 7, 9, 7, 5, 8, 7, 5, 6, 7, 6, 9, 9, 5, 5, 6, 9, 9, 7, 8, 7], [7, 8, 7, 8, 7, 7, 9, 7, 5, 5, 6, 8, 8, 5, 9, 6, 7, 5, 9, 7, 9, 8, 6, 8, 7, 7, 5, 8, 7, 5, 5, 6, 9, 7, 9], [5, 9, 8, 7, 8, 8, 6, 7, 8, 6, 8, 8, 5, 6, 7, 7, 9, 7, 5, 9, 9, 5, 5, 6, 6, 6, 5, 7, 6, 5, 6, 8, 6, 5, 6], [6, 5, 6, 6, 5, 9, 5, 6, 5, 7, 8, 6, 9, 6, 7, 6, 9, 8, 5, 5, 5, 7, 6, 8, 6, 5, 8, 8, 6, 7, 6, 8, 6, 7, 5], [9, 6, 6, 7, 7, 6, 5, 7, 6, 8, 6, 8, 6, 8, 7, 7, 9, 7, 9, 9, 7, 9, 9, 6, 7, 9, 7, 6, 9, 6, 7, 8, 7, 7, 7], [5, 9, 8, 6, 9, 9, 9, 7, 6, 7, 9, 6, 8, 6, 5, 9, 7, 7, 9, 6, 6, 9, 6, 5, 8, 6, 8, 6, 6, 6, 5, 6, 6, 7, 6], [7, 8, 7, 6, 9, 5, 9, 5, 7, 6, 9, 7, 5, 8, 6, 8, 8, 5, 5, 5, 5, 7, 9, 5, 6, 9, 6, 9, 7, 7, 5, 6, 9, 8, 5], [6, 8, 8, 5, 8, 7, 6, 7, 5, 9, 7, 9, 5, 5, 8, 8, 6, 7, 6, 8, 6, 5, 9, 7, 9, 5, 8, 6, 7, 9, 5, 5, 9, 8, 9], [8, 8, 6, 8, 7, 9, 5, 5, 8, 9, 9, 8, 8, 6, 5, 9, 8, 6, 8, 5, 6, 6, 9, 5, 7, 7, 8, 9, 9, 9, 6, 6, 9, 9, 6], [5, 6, 6, 7, 7, 7, 5, 6, 6, 9, 6, 8, 5, 7, 6, 6, 6, 6, 5, 6, 9, 5, 5, 9, 5, 9, 9, 8, 7, 6, 6, 6, 8, 8, 8], [9, 9, 9, 9, 7, 7, 8, 8, 5, 8, 7, 7, 9, 9, 6, 7, 5, 7, 6, 6, 5, 8, 5, 6, 5, 9, 6, 7, 7, 6, 5, 6, 6, 8, 8], [9, 5, 8, 9, 7, 9, 8, 8, 7, 9, 7, 8, 9, 7, 6, 8, 9, 9, 8, 7, 8, 7, 5, 8, 8, 7, 8, 6, 5, 6, 5, 8, 5, 5, 5], [5, 6, 5, 7, 5, 6, 6, 9, 5, 7, 6, 9, 5, 5, 9, 9, 5, 9, 9, 8, 9, 7, 9, 6, 5, 8, 8, 7, 6, 9, 8, 7, 7, 6, 6], [7, 5, 9, 5, 7, 5, 7, 5, 6, 6, 5, 8, 5, 6, 8, 5, 9, 5, 8, 7, 6, 7, 7, 9, 7, 8, 5, 6, 7, 6, 7, 9, 9, 7, 5], [8, 8, 7, 6, 9, 8, 7, 6, 7, 8, 9, 5, 6, 7, 8, 8, 7, 5, 7, 6, 7, 6, 7, 6, 6, 6, 9, 5, 6, 7, 6, 5, 6, 5, 5], [8, 6, 6, 7, 6, 8, 9, 8, 5, 5, 5, 6, 5, 5, 7, 9, 9, 5, 8, 8, 5, 6, 9, 7, 7, 5, 5, 6, 6, 8, 6, 7, 7, 6, 9], [9, 8, 7, 8, 7, 9, 9, 7, 7, 9, 5, 6, 7, 5, 7, 8, 5, 7, 5, 8, 9, 8, 7, 8, 8, 9, 9, 5, 5, 9, 6, 5, 6, 5, 9], [8, 6, 6, 7, 5, 5, 6, 6, 6, 9, 7, 8, 9, 5, 8, 5, 8, 7, 8, 9, 7, 6, 5, 8, 9, 7, 8, 7, 9, 6, 6, 7, 9, 7, 9], [5, 7, 9, 5, 7, 9, 9, 5, 7, 9, 6, 6, 9, 7, 6, 5, 6, 6, 8, 7, 5, 7, 9, 6, 6, 6, 6, 9, 5, 5, 7, 8, 9, 6, 8], [8, 6, 5, 6, 7, 5, 5, 5, 6, 6, 5, 9, 5, 7, 8, 7, 5, 6, 6, 9, 7, 9, 8, 5, 9, 8, 6, 9, 5, 6, 5, 7, 7, 5, 9], [7, 7, 6, 5, 5, 8, 6, 8, 8, 8, 8, 9, 5, 9, 8, 9, 8, 5, 5, 7, 5, 7, 9, 6, 8, 8, 5, 5, 8, 5, 9, 7, 5, 7, 8], [8, 8, 7, 8, 8, 7, 5, 7, 7, 5, 8, 7, 8, 5, 8, 8, 6, 8, 5, 5, 6, 9, 7, 7, 8, 5, 6, 9, 7, 8, 7, 5, 6, 8, 5], [6, 8, 5, 7, 5, 5, 8, 6, 7, 7, 9, 9, 8, 6, 7, 9, 9, 5, 5, 8, 8, 6, 9, 7, 6, 8, 7, 5, 7, 7, 7, 9, 5, 5, 9], [5, 5, 9, 6, 5, 9, 6, 5, 8, 6, 9, 9, 6, 8, 5, 5, 7, 9, 7, 5, 5, 5, 8, 6, 6, 8, 7, 9, 9, 7, 9, 5, 7, 7, 7], [7, 8, 9, 6, 8, 5, 5, 8, 5, 8, 8, 9, 9, 9, 8, 7, 6, 5, 6, 9, 8, 9, 8, 7, 8, 8, 7, 6, 9, 9, 8, 8, 9, 5, 8], [8, 7, 7, 7, 5, 8, 9, 9, 5, 8, 5, 7, 5, 9, 8, 7, 5, 5, 6, 6, 9, 9, 7, 9, 9, 6, 7, 5, 5, 9, 6, 5, 8, 9, 9], [9, 8, 7, 8, 6, 8, 8, 9, 8, 5, 6, 9, 7, 6, 5, 9, 8, 8, 5, 9, 7, 5, 6, 6, 6, 5, 6, 5, 5, 6, 8, 6, 5, 9, 6], [8, 8, 9, 6, 8, 9, 9, 7, 9, 5, 8, 6, 6, 5, 5, 5, 6, 8, 8, 9, 6, 8, 6, 6, 5, 5, 7, 9, 7, 6, 6, 8, 6, 8, 7], [7, 9, 7, 6, 6, 5, 7, 9, 6, 6, 9, 8, 7, 8, 8, 8, 5, 5, 9, 6, 8, 6, 9, 7, 6, 8, 5, 7, 5, 6, 7, 7, 9, 9, 6], [5, 6, 8, 7, 8, 8, 6, 9, 9, 8, 5, 7, 8, 9, 7, 9, 5, 9, 7, 5, 7, 7, 7, 9, 8, 6, 7, 9, 6, 8, 7, 9, 7, 8, 5], [9, 5, 7, 9, 9, 6, 7, 8, 7, 7, 7, 7, 7, 6, 5, 5, 9, 6, 5, 5, 5, 6, 5, 7, 6, 5, 6, 6, 6, 8, 6, 5, 9, 9, 5], [6, 6, 6, 6, 7, 9, 8, 5, 5, 9, 6, 8, 5, 5, 7, 9, 9, 6, 7, 5, 6, 6, 9, 7, 6, 8, 5, 6, 7, 8, 8, 8, 8, 6, 5], [7, 5, 7, 9, 6, 7, 5, 5, 5, 6, 9, 6, 5, 5, 5, 9, 6, 6, 8, 6, 8, 5, 6, 6, 8, 9, 8, 5, 6, 7, 6, 5, 5, 8, 8], [9, 7, 9, 8, 9, 7, 9, 6, 7, 9, 5, 9, 5, 9, 5, 8, 6, 8, 5, 9, 5, 5, 5, 5, 6, 6, 8, 7, 6, 9, 7, 9, 9, 8, 9], [5, 5, 6, 9, 8, 8, 8, 5, 9, 9, 6, 9, 5, 9, 8, 5, 6, 6, 9, 9, 7, 6, 5, 9, 9, 8, 7, 6, 5, 7, 9, 7, 5, 6, 7], [6, 8, 8, 9, 7, 9, 5, 5, 6, 9, 9, 9, 7, 8, 6, 5, 8, 6, 9, 6, 6, 9, 8, 6, 6, 7, 7, 9, 8, 6, 8, 9, 6, 5, 5], [8, 8, 8, 7, 7, 5, 6, 5, 5, 6, 8, 9, 7, 5, 5, 5, 7, 5, 8, 5, 9, 7, 9, 9, 8, 5, 8, 6, 6, 8, 7, 8, 8, 6, 8], [5, 7, 6, 5, 7, 7, 7, 9, 6, 7, 7, 6, 7, 9, 5, 7, 7, 7, 6, 8, 8, 5, 7, 8, 6, 5, 7, 7, 9, 6, 5, 9, 8, 7, 9], [5, 8, 6, 5, 9, 6, 8, 8, 6, 8, 8, 6, 9, 6, 5, 7, 7, 7, 9, 8, 7, 9, 6, 6, 7, 5, 8, 8, 5, 6, 8, 7, 6, 8, 8], [7, 7, 6, 6, 6, 6, 9, 9, 7, 8, 5, 8, 7, 8, 6, 8, 8, 7, 7, 6, 5, 9, 5, 9, 8, 7, 5, 6, 8, 9, 9, 6, 7, 9, 6], [5, 8, 9, 8, 6, 8, 9, 6, 6, 7, 5, 7, 6, 9, 5, 8, 9, 5, 9, 5, 8, 5, 6, 8, 8, 9, 6, 7, 9, 8, 5, 5, 8, 5, 7], [5, 8, 5, 7, 9, 8, 8, 9, 8, 6, 5, 8, 9, 5, 5, 8, 9, 5, 9, 8, 6, 5, 7, 8, 5, 9, 8, 5, 9, 9, 6, 5, 5, 6, 7], [6, 6, 9, 6, 9, 7, 5, 8, 9, 8, 5, 7, 5, 8, 7, 9, 8, 9, 7, 7, 9, 9, 7, 9, 9, 8, 7, 5, 6, 6, 5, 6, 8, 7, 6], [8, 8, 9, 8, 8, 8, 7, 5, 6, 5, 9, 5, 8, 5, 9, 5, 6, 5, 5, 8, 5, 9, 9, 5, 8, 7, 6, 7, 9, 5, 8, 7, 7, 5, 7], [8, 9, 5, 7, 9, 7, 5, 6, 8, 6, 8, 6, 9, 6, 6, 5, 9, 7, 5, 8, 8, 5, 5, 6, 5, 6, 7, 7, 8, 7, 5, 7, 8, 5, 9], [7, 6, 8, 5, 6, 8, 9, 5, 7, 8, 9, 9, 9, 6, 9, 7, 5, 7, 9, 6, 8, 5, 9, 6, 7, 8, 8, 6, 5, 8, 9, 6, 5, 9, 9], [5, 5, 7, 6, 6, 7, 7, 6, 7, 9, 7, 9, 9, 6, 5, 7, 6, 6, 7, 6, 9, 6, 9, 7, 5, 7, 5, 7, 5, 7, 7, 8, 5, 5, 8], [9, 6, 9, 9, 6, 8, 6, 8, 8, 7, 6, 5, 6, 8, 5, 5, 7, 6, 7, 6, 7, 8, 9, 5, 8, 9, 8, 6, 8, 5, 6, 6, 8, 6, 6], [5, 5, 8, 9, 5, 7, 5, 8, 8, 8, 7, 6, 6, 9, 5, 9, 9, 9, 6, 6, 7, 5, 6, 5, 9, 8, 5, 5, 7, 6, 6, 8, 9, 6, 5], [6, 8, 8, 9, 8, 8, 8, 6, 9, 8, 7, 7, 6, 6, 8, 9, 7, 6, 5, 9, 9, 5, 9, 8, 7, 9, 8, 6, 6, 7, 9, 8, 8, 8, 9], [9, 5, 5, 8, 9, 6, 7, 6, 5, 9, 9, 6, 6, 8, 7, 5, 6, 9, 8, 8, 8, 6, 6, 7, 5, 9, 7, 5, 8, 9, 7, 5, 5, 6, 6], [6, 5, 6, 9, 8, 9, 7, 5, 6, 9, 9, 8, 8, 6, 6, 6, 7, 5, 8, 8, 6, 5, 8, 9, 9, 5, 9, 8, 8, 9, 5, 5, 7, 7, 6], [8, 9, 9, 6, 6, 9, 6, 7, 6, 7, 9, 7, 9, 7, 6, 9, 6, 8, 9, 6, 5, 9, 5, 6, 5, 8, 5, 7, 9, 8, 9, 7, 6, 9, 9], [9, 8, 5, 5, 5, 8, 6, 8, 7, 9, 6, 5, 8, 8, 7, 9, 5, 6, 9, 8, 9, 6, 9, 6, 7, 6, 8, 8, 9, 7, 7, 7, 8, 7, 7], [6, 5, 6, 9, 6, 9, 6, 6, 7, 9, 9, 8, 9, 8, 8, 6, 8, 5, 7, 6, 6, 8, 9, 5, 7, 8, 9, 5, 8, 8, 8, 5, 6, 7, 7], [9, 5, 7, 8, 7, 5, 8, 7, 6, 5, 5, 9, 5, 8, 7, 6, 5, 5, 8, 7, 8, 5, 5, 5, 7, 7, 8, 5, 6, 5, 9, 5, 6, 6, 8], [9, 8, 7, 6, 7, 7, 8, 6, 9, 8, 9, 9, 6, 7, 6, 9, 8, 5, 5, 5, 5, 9, 9, 7, 6, 7, 6, 6, 7, 5, 6, 9, 7, 8, 7], [6, 7, 9, 9, 5, 7, 5, 9, 8, 9, 9, 6, 7, 8, 7, 8, 9, 6, 9, 6, 6, 6, 8, 9, 8, 8, 9, 5, 9, 6, 7, 5, 6, 9, 8], [7, 5, 8, 8, 9, 6, 9, 7, 7, 8, 9, 5, 7, 5, 8, 5, 5, 8, 5, 6, 5, 9, 9, 6, 7, 5, 8, 9, 5, 6, 5, 9, 8, 6, 7], [5, 8, 8, 7, 9, 5, 9, 9, 9, 8, 9, 9, 9, 9, 5, 8, 8, 5, 5, 6, 9, 9, 9, 8, 7, 5, 6, 8, 6, 7, 5, 8, 7, 9, 9], [5, 7, 7, 7, 8, 5, 7, 8, 8, 7, 7, 9, 7, 5, 8, 7, 7, 9, 7, 8, 5, 5, 6, 8, 6, 8, 6, 9, 5, 9, 9, 6, 8, 9, 8], [5, 6, 5, 5, 9, 8, 8, 9, 9, 7, 7, 9, 6, 5, 9, 5, 6, 8, 9, 6, 7, 6, 9, 7, 7, 5, 7, 6, 8, 9, 8, 6, 8, 8, 6], [7, 5, 9, 5, 7, 8, 8, 6, 7, 9, 5, 6, 7, 6, 9, 9, 7, 5, 6, 8, 7, 7, 5, 7, 6, 7, 7, 8, 8, 8, 8, 7, 5, 5, 5], [6, 6, 8, 8, 7, 5, 6, 8, 5, 8, 8, 9, 6, 8, 9, 6, 5, 8, 8, 9, 5, 6, 7, 5, 9, 9, 9, 8, 6, 5, 5, 8, 6, 5, 5], [6, 5, 5, 5, 5, 7, 7, 5, 6, 8, 6, 6, 9, 6, 6, 9, 6, 8, 5, 8, 6, 9, 8, 6, 7, 8, 9, 6, 5, 9, 5, 5, 5, 5, 8], [8, 8, 6, 7, 8, 5, 7, 9, 6, 5, 7, 8, 6, 5, 5, 6, 9, 5, 6, 5, 9, 9, 6, 8, 7, 5, 5, 9, 7, 7, 7, 7, 8, 5, 7], [5, 5, 9, 8, 5, 5, 7, 9, 5, 5, 9, 8, 6, 5, 7, 7, 5, 7, 5, 5, 8, 5, 5, 6, 5, 7, 7, 8, 8, 6, 9, 9, 9, 9, 9], [6, 8, 8, 5, 7, 8, 9, 8, 5, 7, 6, 8, 8, 9, 9, 6, 6, 9, 5, 9, 9, 6, 8, 9, 5, 7, 6, 5, 5, 9, 7, 8, 7, 6, 5], [9, 9, 6, 6, 5, 7, 7, 6, 7, 6, 8, 5, 5, 9, 5, 9, 7, 8, 9, 8, 9, 6, 9, 8, 5, 7, 5, 9, 9, 8, 6, 7, 6, 7, 9], [6, 5, 6, 8, 5, 5, 6, 8, 6, 5, 5, 8, 7, 8, 9, 6, 8, 6, 7, 6, 7, 8, 9, 9, 8, 5, 5, 8, 8, 9, 8, 5, 6, 9, 7], [9, 7, 5, 8, 5, 8, 8, 5, 9, 7, 5, 7, 7, 9, 9, 7, 9, 6, 9, 7, 7, 8, 5, 8, 6, 8, 8, 6, 6, 8, 6, 8, 5, 5, 6], [5, 9, 6, 9, 5, 8, 6, 6, 5, 6, 6, 6, 8, 6, 8, 5, 8, 9, 6, 7, 7, 9, 8, 5, 9, 9, 7, 7, 9, 7, 9, 8, 8, 8, 8], [6, 6, 8, 9, 7, 9, 7, 8, 7, 7, 8, 8, 7, 7, 7, 9, 9, 7, 7, 8, 6, 6, 8, 7, 6, 9, 6, 8, 9, 5, 8, 5, 6, 8, 6], [5, 6, 8, 9, 9, 6, 5, 7, 8, 6, 9, 8, 6, 7, 6, 9, 6, 5, 7, 6, 7, 8, 6, 5, 7, 8, 6, 8, 5, 9, 9, 8, 5, 6, 8], [5, 5, 6, 5, 6, 7, 7, 6, 7, 5, 9, 7, 6, 6, 8, 6, 9, 5, 8, 6, 6, 5, 5, 8, 6, 6, 7, 5, 6, 9, 7, 6, 6, 9, 6]]
Demand for each product in each period d: 
[[16, 18, 37, 13, 4, 30, 33, 40, 41, 36, 5, 36, 15, 13, 48, 29, 42, 23, 21, 36, 7, 47, 37, 16, 10, 4, 29, 46, 29, 42, 1, 11, 39, 27, 42], [0, 33, 27, 47, 19, 7, 41, 16, 47, 27, 0, 2, 31, 11, 38, 38, 42, 44, 39, 38, 21, 2, 5, 0, 24, 4, 2, 28, 29, 6, 0, 36, 7, 33, 10], [37, 25, 3, 33, 9, 33, 5, 19, 13, 22, 36, 19, 16, 9, 17, 38, 16, 12, 0, 19, 6, 26, 34, 20, 45, 48, 2, 8, 26, 18, 31, 27, 10, 28, 49], [33, 45, 23, 29, 1, 28, 20, 4, 7, 49, 18, 0, 9, 11, 21, 42, 9, 9, 45, 13, 45, 29, 34, 12, 30, 39, 35, 6, 39, 0, 11, 14, 33, 12, 25], [27, 46, 26, 47, 26, 20, 19, 24, 45, 19, 13, 25, 7, 28, 5, 5, 39, 46, 16, 47, 12, 3, 27, 21, 13, 0, 32, 44, 32, 30, 2, 5, 26, 17, 1], [14, 2, 48, 9, 0, 21, 45, 25, 24, 26, 46, 48, 27, 30, 28, 15, 0, 7, 42, 28, 19, 4, 19, 20, 43, 41, 33, 2, 40, 21, 33, 35, 0, 22, 10], [16, 24, 30, 29, 2, 27, 8, 1, 0, 3, 39, 4, 35, 39, 48, 20, 18, 36, 28, 10, 40, 20, 0, 34, 42, 49, 45, 0, 38, 12, 7, 35, 28, 6, 29], [18, 17, 10, 16, 10, 40, 38, 34, 0, 2, 28, 2, 47, 38, 6, 29, 7, 38, 48, 30, 0, 46, 21, 17, 6, 49, 46, 48, 30, 16, 46, 39, 21, 0, 17], [7, 29, 30, 3, 0, 6, 16, 29, 40, 27, 1, 44, 18, 29, 3, 14, 0, 26, 39, 38, 10, 16, 43, 21, 22, 24, 14, 43, 12, 40, 9, 35, 0, 26, 10], [29, 10, 18, 0, 4, 49, 30, 37, 3, 15, 28, 31, 2, 14, 4, 36, 31, 1, 30, 5, 16, 9, 12, 27, 1, 12, 21, 5, 24, 48, 2, 3, 33, 33, 7], [9, 26, 38, 6, 38, 2, 19, 7, 42, 22, 33, 0, 32, 28, 37, 31, 15, 27, 46, 29, 47, 6, 17, 14, 31, 37, 38, 33, 22, 24, 28, 16, 46, 12, 4], [46, 0, 12, 0, 23, 15, 40, 8, 1, 41, 42, 47, 10, 15, 23, 29, 43, 25, 32, 49, 5, 42, 1, 0, 6, 40, 18, 47, 10, 40, 5, 12, 40, 39, 14], [10, 28, 0, 44, 36, 31, 28, 15, 36, 15, 5, 21, 11, 38, 35, 9, 46, 36, 48, 47, 3, 4, 20, 36, 0, 14, 35, 15, 19, 37, 14, 7, 13, 4, 37], [9, 7, 48, 46, 3, 44, 27, 6, 26, 18, 25, 23, 12, 1, 6, 10, 21, 17, 15, 20, 23, 4, 6, 0, 43, 8, 9, 48, 25, 5, 11, 0, 27, 8, 30], [33, 2, 32, 3, 21, 5, 47, 38, 45, 36, 32, 0, 41, 6, 40, 43, 0, 18, 33, 41, 8, 13, 0, 7, 33, 31, 41, 18, 24, 35, 46, 20, 45, 17, 18], [30, 46, 26, 49, 18, 0, 5, 36, 39, 38, 35, 10, 29, 16, 5, 33, 4, 42, 16, 6, 46, 33, 22, 16, 12, 20, 17, 1, 4, 44, 33, 8, 5, 9, 0], [0, 30, 32, 5, 10, 7, 4, 21, 4, 24, 24, 17, 38, 2, 0, 30, 44, 27, 13, 15, 25, 29, 44, 42, 48, 31, 31, 43, 1, 0, 25, 1, 49, 7, 15], [28, 39, 15, 4, 0, 18, 8, 47, 7, 41, 23, 13, 0, 0, 34, 17, 33, 47, 41, 16, 6, 31, 33, 13, 11, 14, 26, 40, 18, 45, 21, 30, 23, 44, 33], [13, 28, 5, 33, 2, 45, 11, 24, 20, 24, 41, 24, 44, 43, 46, 0, 41, 40, 30, 9, 9, 1, 10, 23, 30, 21, 3, 43, 29, 12, 20, 22, 3, 25, 32], [21, 0, 8, 10, 45, 23, 25, 34, 18, 28, 22, 11, 14, 33, 39, 15, 0, 11, 0, 40, 30, 37, 16, 39, 35, 30, 48, 15, 11, 46, 23, 42, 9, 40, 27], [24, 46, 32, 8, 0, 0, 40, 14, 14, 42, 38, 34, 36, 20, 30, 2, 48, 21, 33, 25, 5, 15, 17, 7, 6, 12, 46, 45, 10, 48, 0, 22, 6, 16, 0], [37, 21, 23, 17, 46, 22, 0, 35, 39, 21, 17, 31, 27, 2, 15, 35, 22, 37, 42, 18, 27, 0, 13, 21, 33, 30, 0, 38, 15, 26, 49, 36, 16, 35, 28], [48, 1, 5, 1, 11, 35, 6, 34, 17, 38, 30, 0, 27, 28, 11, 26, 16, 47, 26, 7, 10, 9, 0, 30, 44, 31, 3, 0, 33, 45, 46, 29, 5, 6, 14], [31, 28, 41, 27, 46, 30, 3, 0, 1, 17, 9, 22, 19, 0, 36, 28, 34, 33, 48, 31, 28, 45, 46, 7, 41, 7, 22, 13, 7, 35, 44, 37, 13, 2, 32], [47, 20, 27, 31, 45, 2, 7, 1, 11, 7, 9, 39, 37, 43, 29, 20, 10, 21, 49, 22, 46, 31, 12, 22, 10, 36, 15, 7, 31, 42, 0, 2, 29, 23, 0], [24, 37, 49, 38, 21, 9, 8, 19, 4, 33, 0, 36, 39, 35, 22, 29, 49, 27, 0, 44, 21, 8, 5, 31, 46, 26, 47, 31, 14, 16, 17, 2, 22, 11, 25], [0, 37, 4, 26, 14, 49, 37, 39, 37, 16, 40, 15, 13, 31, 0, 34, 16, 49, 12, 1, 9, 44, 41, 26, 0, 13, 47, 13, 7, 26, 21, 17, 45, 4, 28], [9, 4, 1, 2, 13, 35, 3, 16, 29, 9, 20, 27, 12, 2, 17, 45, 25, 43, 29, 9, 10, 34, 38, 30, 15, 49, 41, 29, 45, 28, 43, 37, 6, 0, 0], [6, 38, 16, 6, 44, 0, 9, 22, 44, 45, 25, 48, 17, 1, 10, 2, 30, 6, 42, 5, 26, 26, 45, 45, 9, 24, 0, 25, 32, 7, 12, 47, 33, 12, 13], [28, 22, 32, 36, 16, 21, 36, 49, 0, 49, 21, 17, 4, 26, 46, 18, 31, 37, 27, 10, 43, 10, 45, 18, 31, 45, 15, 44, 14, 14, 44, 48, 13, 46, 0], [27, 0, 35, 43, 42, 25, 6, 1, 45, 26, 17, 39, 1, 4, 28, 40, 44, 41, 26, 3, 26, 10, 37, 5, 10, 0, 40, 34, 22, 49, 25, 14, 18, 41, 2], [7, 47, 47, 2, 40, 43, 4, 0, 26, 48, 0, 35, 25, 0, 47, 12, 0, 14, 27, 25, 49, 6, 11, 44, 8, 39, 3, 24, 29, 25, 13, 26, 7, 30, 37], [39, 6, 3, 48, 12, 31, 44, 20, 47, 8, 2, 48, 0, 13, 33, 9, 23, 28, 9, 35, 6, 19, 25, 4, 36, 33, 19, 35, 10, 12, 2, 39, 25, 27, 28], [2, 43, 0, 39, 47, 7, 37, 26, 14, 9, 27, 15, 4, 49, 6, 26, 41, 29, 0, 49, 13, 0, 8, 7, 0, 42, 25, 37, 38, 21, 19, 34, 31, 28, 33], [18, 46, 11, 33, 30, 10, 34, 44, 42, 36, 22, 32, 0, 2, 0, 8, 13, 46, 26, 34, 15, 12, 0, 16, 12, 4, 45, 9, 38, 4, 23, 32, 23, 43, 31], [33, 19, 19, 13, 4, 21, 15, 30, 30, 32, 10, 30, 8, 39, 19, 40, 13, 46, 45, 6, 11, 37, 0, 30, 34, 44, 32, 23, 29, 5, 2, 2, 28, 22, 4], [1, 19, 46, 12, 18, 11, 5, 19, 31, 15, 34, 0, 20, 25, 10, 35, 34, 39, 23, 46, 8, 46, 40, 19, 29, 19, 42, 30, 34, 12, 46, 44, 13, 8, 23], [38, 28, 21, 41, 0, 37, 36, 46, 25, 39, 21, 47, 16, 14, 3, 21, 14, 37, 2, 37, 5, 37, 48, 16, 39, 24, 33, 39, 33, 4, 29, 13, 19, 11, 14], [48, 47, 48, 15, 48, 31, 19, 23, 40, 45, 47, 8, 45, 6, 19, 14, 47, 17, 27, 45, 25, 16, 36, 45, 27, 48, 37, 20, 29, 9, 30, 40, 20, 4, 12], [20, 29, 34, 45, 28, 10, 31, 0, 29, 36, 11, 37, 4, 9, 27, 48, 40, 29, 14, 1, 39, 24, 33, 14, 48, 48, 0, 2, 42, 3, 35, 43, 43, 0, 13], [37, 39, 7, 38, 0, 38, 2, 22, 1, 47, 0, 41, 1, 23, 7, 0, 48, 4, 20, 11, 38, 20, 43, 37, 7, 3, 14, 14, 19, 18, 39, 9, 29, 21, 6], [44, 45, 17, 39, 7, 21, 20, 7, 9, 18, 14, 49, 0, 7, 12, 0, 7, 12, 30, 38, 45, 36, 1, 48, 18, 7, 31, 6, 15, 13, 35, 36, 44, 20, 6], [2, 4, 25, 7, 38, 0, 19, 21, 32, 44, 44, 27, 33, 0, 18, 45, 35, 48, 18, 7, 25, 24, 22, 23, 41, 31, 37, 38, 25, 30, 29, 0, 25, 5, 18], [22, 0, 49, 49, 15, 17, 48, 17, 30, 0, 40, 38, 46, 4, 0, 0, 0, 32, 4, 28, 11, 36, 5, 20, 24, 34, 19, 14, 10, 17, 8, 3, 25, 40, 21], [11, 4, 41, 23, 0, 8, 10, 46, 39, 0, 8, 22, 15, 40, 0, 18, 11, 18, 49, 23, 30, 3, 27, 40, 35, 33, 14, 42, 24, 11, 12, 29, 0, 24, 8], [40, 16, 10, 21, 31, 36, 25, 0, 22, 17, 32, 23, 28, 12, 29, 29, 27, 17, 6, 10, 21, 42, 32, 20, 2, 25, 5, 43, 38, 0, 36, 31, 6, 44, 41], [6, 42, 15, 44, 41, 39, 0, 12, 22, 41, 47, 48, 10, 25, 45, 18, 27, 40, 23, 49, 29, 28, 0, 2, 7, 1, 31, 30, 0, 0, 32, 46, 16, 23, 0], [28, 8, 21, 10, 19, 45, 5, 25, 23, 0, 38, 38, 30, 3, 34, 9, 26, 0, 38, 21, 41, 19, 24, 23, 9, 41, 28, 30, 33, 2, 16, 26, 44, 26, 21], [1, 26, 15, 8, 3, 22, 9, 45, 44, 11, 49, 47, 36, 10, 6, 39, 32, 23, 0, 13, 44, 5, 47, 36, 43, 9, 43, 37, 4, 0, 14, 40, 15, 27, 28], [0, 20, 0, 6, 49, 29, 4, 19, 10, 39, 11, 20, 45, 1, 1, 3, 48, 37, 32, 20, 32, 39, 40, 40, 3, 16, 7, 36, 4, 29, 18, 37, 6, 33, 38], [41, 30, 10, 25, 35, 43, 25, 7, 4, 27, 33, 23, 0, 24, 45, 41, 34, 0, 28, 40, 41, 26, 24, 12, 48, 15, 2, 38, 49, 24, 44, 15, 0, 17, 25], [17, 30, 9, 42, 7, 33, 49, 35, 2, 37, 40, 11, 6, 45, 28, 9, 35, 49, 0, 45, 1, 30, 8, 12, 9, 32, 41, 9, 37, 26, 6, 24, 25, 48, 30], [21, 17, 0, 38, 42, 7, 44, 3, 14, 32, 25, 9, 37, 38, 28, 34, 0, 45, 40, 35, 42, 42, 16, 49, 46, 19, 19, 31, 28, 21, 24, 0, 2, 18, 26], [21, 16, 0, 31, 0, 34, 42, 23, 23, 41, 44, 3, 37, 33, 29, 4, 38, 43, 44, 26, 34, 3, 37, 45, 22, 12, 13, 19, 43, 4, 23, 0, 33, 14, 2], [12, 49, 2, 20, 4, 5, 0, 36, 0, 1, 48, 7, 37, 1, 11, 47, 13, 9, 13, 23, 0, 41, 49, 12, 36, 16, 36, 49, 16, 24, 6, 19, 10, 19, 43], [32, 37, 23, 1, 46, 28, 48, 31, 35, 0, 31, 20, 15, 41, 38, 39, 47, 26, 1, 11, 34, 37, 45, 33, 29, 11, 12, 49, 27, 17, 1, 34, 47, 0, 43], [1, 16, 35, 13, 47, 2, 16, 20, 44, 36, 29, 46, 23, 39, 26, 40, 6, 16, 7, 25, 42, 2, 18, 21, 49, 10, 1, 41, 32, 24, 0, 13, 38, 45, 0], [0, 46, 37, 36, 0, 39, 33, 2, 29, 23, 20, 27, 40, 30, 34, 44, 34, 11, 31, 0, 43, 20, 26, 39, 22, 26, 17, 16, 32, 11, 32, 43, 0, 48, 48], [15, 45, 30, 0, 40, 22, 38, 15, 12, 42, 16, 40, 17, 5, 18, 32, 24, 0, 16, 29, 45, 26, 0, 25, 0, 47, 17, 7, 26, 47, 39, 8, 3, 3, 44], [44, 7, 5, 38, 37, 33, 12, 39, 0, 7, 32, 32, 18, 40, 11, 6, 25, 44, 1, 47, 49, 28, 20, 47, 20, 28, 34, 0, 24, 36, 0, 3, 37, 15, 6], [49, 3, 22, 41, 25, 16, 43, 42, 33, 3, 4, 9, 37, 23, 10, 45, 2, 10, 26, 2, 27, 32, 28, 5, 21, 4, 22, 23, 33, 29, 29, 41, 47, 11, 40], [2, 28, 20, 15, 13, 18, 9, 32, 14, 40, 7, 6, 46, 48, 12, 23, 32, 31, 5, 14, 3, 40, 16, 5, 0, 30, 48, 45, 28, 23, 44, 21, 48, 11, 18], [21, 44, 28, 17, 32, 32, 27, 18, 31, 7, 33, 35, 49, 20, 20, 28, 16, 46, 21, 17, 11, 14, 30, 27, 23, 42, 47, 18, 22, 3, 48, 19, 6, 35, 3], [14, 20, 29, 23, 28, 46, 14, 34, 41, 26, 37, 23, 29, 15, 35, 38, 10, 12, 40, 41, 32, 16, 38, 32, 41, 21, 21, 18, 48, 13, 10, 12, 14, 9, 14], [10, 29, 31, 19, 22, 47, 17, 15, 49, 9, 10, 26, 39, 6, 2, 17, 17, 45, 47, 0, 28, 13, 31, 37, 14, 48, 11, 20, 0, 35, 43, 19, 18, 13, 3], [23, 34, 20, 29, 8, 0, 43, 28, 49, 40, 6, 19, 37, 0, 43, 45, 35, 6, 1, 23, 9, 40, 19, 18, 13, 5, 25, 40, 27, 18, 29, 20, 48, 29, 12], [4, 0, 36, 32, 13, 5, 25, 26, 48, 44, 11, 0, 11, 33, 45, 0, 38, 45, 25, 24, 25, 41, 13, 0, 34, 46, 9, 0, 13, 7, 16, 0, 29, 25, 11], [9, 20, 1, 39, 15, 32, 6, 47, 4, 47, 8, 24, 44, 17, 38, 9, 0, 45, 19, 24, 22, 23, 14, 0, 17, 11, 26, 6, 27, 1, 25, 1, 31, 10, 7], [38, 0, 4, 22, 15, 10, 21, 34, 48, 8, 9, 39, 9, 5, 40, 23, 36, 25, 32, 0, 43, 34, 0, 0, 16, 49, 24, 7, 32, 16, 4, 23, 41, 47, 32], [0, 5, 9, 42, 48, 15, 4, 0, 15, 9, 8, 29, 20, 30, 9, 34, 0, 37, 21, 46, 28, 23, 0, 15, 6, 37, 22, 29, 11, 41, 44, 13, 0, 32, 15], [19, 0, 49, 10, 49, 46, 49, 16, 0, 36, 34, 37, 0, 38, 34, 27, 47, 11, 5, 7, 16, 13, 9, 45, 18, 15, 33, 25, 40, 36, 18, 6, 23, 41, 31], [30, 8, 40, 2, 27, 0, 25, 37, 49, 49, 40, 19, 40, 41, 36, 27, 46, 0, 30, 31, 0, 10, 0, 31, 41, 22, 41, 2, 44, 0, 0, 25, 4, 12, 35], [43, 35, 29, 36, 27, 0, 0, 9, 19, 23, 6, 48, 27, 35, 27, 1, 17, 30, 2, 49, 39, 49, 22, 23, 11, 48, 22, 31, 33, 19, 40, 49, 7, 0, 26], [18, 5, 10, 21, 10, 43, 26, 27, 4, 38, 32, 19, 3, 26, 11, 42, 29, 49, 19, 2, 45, 20, 24, 20, 24, 18, 0, 3, 14, 47, 33, 12, 13, 20, 46], [6, 11, 23, 43, 34, 47, 2, 47, 6, 37, 49, 46, 38, 4, 21, 20, 34, 9, 40, 6, 48, 30, 23, 14, 18, 0, 36, 6, 11, 46, 31, 47, 16, 30, 0], [6, 23, 20, 22, 29, 5, 40, 32, 2, 17, 16, 28, 4, 41, 21, 39, 47, 30, 16, 5, 38, 20, 49, 39, 48, 3, 0, 47, 18, 32, 7, 48, 35, 28, 4], [10, 19, 7, 6, 40, 45, 16, 15, 36, 15, 27, 49, 38, 4, 20, 3, 32, 0, 32, 0, 9, 28, 8, 20, 0, 33, 8, 18, 0, 3, 6, 35, 9, 14, 17], [5, 6, 41, 0, 35, 18, 41, 10, 0, 1, 41, 13, 35, 25, 33, 0, 48, 41, 9, 37, 42, 39, 15, 8, 33, 4, 19, 8, 1, 47, 0, 40, 49, 8, 24], [12, 22, 4, 13, 5, 4, 0, 37, 27, 33, 4, 1, 29, 4, 0, 6, 18, 43, 0, 48, 49, 14, 14, 13, 43, 28, 16, 49, 48, 19, 25, 9, 15, 1, 13], [18, 47, 3, 32, 17, 44, 25, 25, 16, 14, 17, 31, 49, 16, 15, 30, 41, 0, 23, 32, 44, 42, 31, 18, 41, 24, 46, 45, 7, 39, 35, 27, 26, 30, 45], [47, 49, 27, 41, 27, 44, 33, 41, 35, 42, 0, 0, 29, 40, 12, 40, 48, 19, 12, 38, 18, 18, 18, 33, 35, 0, 26, 0, 25, 12, 42, 8, 0, 20, 19], [23, 34, 25, 30, 30, 4, 44, 2, 6, 3, 0, 41, 36, 48, 9, 16, 29, 0, 5, 43, 38, 40, 40, 0, 13, 45, 42, 26, 26, 13, 20, 13, 13, 40, 29], [45, 24, 43, 37, 48, 7, 9, 12, 27, 32, 38, 45, 44, 20, 21, 10, 18, 25, 36, 12, 22, 1, 3, 2, 35, 18, 33, 42, 0, 30, 32, 36, 8, 7, 40], [17, 35, 1, 15, 0, 48, 6, 13, 22, 43, 9, 29, 0, 9, 41, 47, 13, 9, 13, 20, 26, 26, 0, 7, 0, 17, 44, 37, 8, 41, 0, 45, 42, 8, 21], [35, 48, 39, 17, 32, 29, 2, 38, 12, 18, 35, 47, 11, 31, 4, 9, 13, 32, 37, 9, 37, 39, 31, 21, 0, 43, 17, 11, 47, 31, 28, 40, 43, 48, 21], [40, 9, 4, 1, 33, 28, 12, 40, 24, 0, 0, 48, 43, 45, 26, 20, 30, 6, 0, 6, 46, 38, 23, 11, 47, 39, 7, 10, 0, 9, 0, 3, 33, 6, 10], [16, 11, 16, 33, 14, 37, 6, 10, 1, 48, 46, 0, 43, 45, 23, 5, 30, 24, 15, 2, 40, 4, 23, 4, 1, 35, 28, 1, 33, 37, 10, 46, 19, 14, 18], [8, 46, 37, 47, 3, 42, 30, 27, 17, 46, 0, 2, 36, 3, 29, 15, 41, 18, 31, 23, 16, 48, 25, 12, 2, 26, 17, 47, 34, 8, 15, 20, 8, 23, 36], [49, 32, 44, 27, 18, 3, 9, 46, 4, 22, 44, 18, 48, 13, 30, 28, 7, 22, 7, 16, 11, 46, 19, 13, 21, 22, 12, 48, 40, 7, 17, 16, 23, 24, 6], [30, 46, 31, 11, 28, 39, 1, 42, 19, 20, 4, 44, 32, 9, 8, 15, 6, 23, 4, 40, 46, 10, 49, 22, 39, 19, 35, 3, 6, 36, 31, 0, 37, 5, 32], [34, 49, 3, 29, 34, 41, 42, 6, 27, 0, 11, 17, 35, 27, 39, 6, 21, 38, 33, 0, 36, 0, 32, 0, 17, 42, 30, 31, 30, 13, 24, 36, 45, 16, 0], [39, 40, 40, 2, 32, 35, 45, 13, 20, 45, 4, 20, 30, 29, 45, 37, 41, 13, 18, 6, 26, 28, 19, 10, 47, 21, 0, 44, 26, 17, 38, 12, 1, 15, 7], [0, 16, 12, 26, 22, 42, 13, 19, 2, 20, 45, 5, 38, 12, 1, 26, 29, 0, 2, 45, 33, 16, 30, 12, 18, 1, 14, 20, 35, 19, 9, 1, 16, 32, 34], [41, 12, 47, 9, 13, 13, 41, 4, 0, 16, 12, 26, 35, 42, 32, 0, 19, 39, 49, 48, 28, 25, 24, 27, 39, 0, 7, 28, 6, 49, 23, 36, 29, 7, 10], [48, 7, 33, 21, 23, 42, 11, 42, 22, 23, 19, 45, 10, 33, 30, 18, 16, 36, 2, 21, 9, 10, 2, 32, 40, 45, 37, 3, 0, 3, 10, 27, 8, 1, 31], [36, 5, 17, 42, 23, 21, 16, 0, 16, 36, 27, 21, 2, 0, 34, 13, 39, 15, 49, 46, 5, 31, 34, 0, 32, 28, 24, 39, 13, 14, 29, 24, 22, 0, 24], [9, 34, 41, 44, 4, 0, 45, 11, 12, 34, 21, 19, 21, 17, 23, 34, 33, 27, 49, 3, 31, 44, 39, 0, 3, 2, 39, 41, 4, 35, 22, 3, 9, 14, 35], [32, 0, 8, 19, 41, 49, 41, 3, 17, 10, 19, 24, 0, 15, 0, 44, 12, 9, 21, 7, 9, 47, 13, 13, 49, 23, 23, 6, 12, 46, 26, 20, 13, 43, 24], [15, 35, 20, 32, 38, 36, 27, 0, 27, 13, 8, 38, 45, 19, 15, 49, 13, 42, 12, 12, 27, 6, 17, 38, 49, 35, 3, 32, 15, 44, 6, 42, 39, 41, 26], [0, 25, 3, 7, 18, 31, 19, 15, 0, 44, 7, 0, 23, 36, 33, 44, 31, 2, 38, 1, 28, 6, 40, 25, 21, 10, 23, 27, 1, 0, 43, 21, 24, 9, 6], [32, 15, 12, 10, 8, 16, 31, 35, 28, 30, 44, 46, 31, 44, 22, 39, 44, 0, 0, 22, 18, 27, 29, 6, 29, 6, 49, 4, 17, 3, 44, 5, 17, 36, 29], [37, 34, 1, 39, 44, 6, 45, 0, 2, 33, 9, 25, 8, 18, 4, 1, 3, 21, 13, 0, 3, 36, 45, 17, 2, 11, 48, 25, 49, 25, 14, 49, 9, 0, 8], [1, 38, 36, 10, 10, 36, 38, 1, 32, 23, 29, 19, 26, 30, 29, 42, 16, 48, 37, 48, 11, 19, 45, 46, 34, 38, 45, 9, 39, 16, 34, 1, 19, 45, 29], [49, 3, 0, 17, 42, 30, 3, 22, 31, 8, 8, 37, 40, 15, 30, 13, 12, 38, 19, 25, 32, 28, 33, 3, 31, 30, 0, 8, 18, 44, 0, 29, 39, 14, 4], [27, 3, 9, 20, 40, 37, 17, 29, 18, 43, 15, 31, 25, 13, 16, 46, 6, 3, 17, 36, 17, 32, 4, 42, 27, 39, 42, 12, 18, 0, 10, 25, 0, 1, 46], [26, 41, 31, 47, 0, 49, 43, 0, 33, 0, 40, 4, 24, 28, 16, 8, 46, 39, 40, 23, 4, 6, 28, 14, 5, 41, 39, 44, 0, 29, 6, 17, 33, 39, 32], [49, 19, 49, 47, 6, 37, 35, 25, 22, 28, 23, 26, 3, 23, 11, 36, 41, 42, 3, 36, 13, 6, 23, 10, 22, 4, 41, 0, 18, 21, 37, 24, 6, 20, 42], [17, 24, 0, 31, 30, 11, 20, 2, 34, 42, 30, 14, 5, 17, 43, 3, 15, 44, 47, 5, 30, 22, 34, 41, 32, 6, 29, 0, 47, 25, 14, 32, 45, 39, 39], [20, 2, 30, 11, 1, 20, 10, 36, 37, 0, 6, 18, 45, 43, 18, 16, 17, 0, 23, 9, 42, 38, 19, 34, 0, 15, 11, 48, 45, 6, 28, 24, 18, 48, 48], [16, 48, 16, 29, 15, 26, 0, 40, 27, 0, 8, 16, 0, 0, 12, 0, 5, 32, 40, 25, 5, 26, 21, 45, 5, 24, 1, 24, 21, 36, 12, 25, 47, 23, 7], [12, 29, 46, 1, 9, 35, 46, 19, 1, 33, 16, 32, 41, 17, 32, 47, 17, 32, 19, 2, 32, 37, 27, 7, 47, 49, 14, 47, 48, 46, 47, 6, 22, 0, 33], [9, 28, 15, 4, 44, 0, 24, 5, 32, 16, 42, 12, 44, 17, 31, 44, 37, 44, 37, 31, 1, 20, 4, 0, 41, 0, 21, 1, 44, 8, 26, 13, 20, 32, 16], [11, 31, 38, 29, 6, 17, 31, 21, 3, 22, 45, 12, 10, 4, 41, 22, 15, 27, 38, 6, 16, 17, 42, 21, 40, 9, 27, 43, 47, 18, 39, 31, 4, 46, 10], [35, 48, 38, 44, 6, 0, 24, 24, 6, 12, 35, 32, 44, 49, 36, 5, 40, 13, 31, 47, 25, 45, 46, 4, 10, 15, 3, 0, 38, 46, 13, 23, 0, 21, 0], [33, 45, 10, 7, 13, 34, 6, 7, 7, 0, 9, 8, 36, 7, 20, 11, 5, 29, 13, 36, 38, 22, 23, 10, 41, 10, 27, 27, 17, 24, 25, 15, 7, 17, 10], [0, 0, 10, 0, 27, 0, 42, 24, 3, 13, 46, 3, 28, 48, 25, 48, 18, 26, 22, 7, 40, 33, 18, 7, 16, 31, 39, 45, 25, 31, 44, 47, 0, 30, 33], [11, 10, 16, 39, 13, 27, 4, 48, 22, 38, 42, 38, 39, 35, 22, 44, 20, 30, 19, 18, 47, 27, 20, 35, 38, 7, 11, 47, 0, 38, 0, 3, 40, 8, 36], [14, 0, 30, 35, 24, 16, 13, 19, 31, 7, 2, 8, 46, 27, 10, 12, 10, 40, 1, 14, 0, 17, 40, 46, 25, 33, 41, 22, 14, 45, 29, 43, 0, 2, 44], [8, 23, 27, 42, 6, 0, 47, 22, 0, 37, 23, 34, 15, 38, 20, 44, 36, 44, 41, 29, 28, 0, 19, 34, 39, 29, 3, 46, 42, 46, 32, 24, 35, 41, 17], [10, 18, 15, 23, 45, 29, 49, 18, 45, 19, 6, 17, 2, 10, 48, 1, 5, 9, 20, 27, 14, 29, 0, 32, 17, 40, 6, 5, 36, 23, 42, 32, 14, 20, 21], [1, 6, 20, 14, 31, 43, 13, 39, 35, 40, 33, 37, 25, 22, 19, 25, 15, 41, 20, 20, 2, 4, 31, 0, 17, 16, 34, 27, 8, 42, 47, 14, 11, 15, 18], [0, 0, 12, 48, 40, 9, 44, 18, 15, 41, 12, 44, 0, 0, 3, 5, 38, 47, 48, 37, 14, 13, 6, 47, 47, 26, 7, 27, 44, 49, 12, 7, 46, 24, 34], [0, 38, 0, 11, 14, 46, 11, 26, 37, 25, 47, 41, 45, 21, 25, 0, 16, 0, 45, 18, 11, 16, 13, 15, 37, 33, 28, 21, 31, 16, 4, 42, 10, 25, 12], [38, 43, 29, 21, 39, 46, 9, 29, 35, 41, 17, 47, 27, 43, 37, 11, 27, 24, 42, 9, 11, 6, 44, 28, 25, 5, 18, 3, 38, 26, 14, 13, 21, 32, 23], [6, 43, 43, 3, 31, 5, 33, 41, 12, 26, 24, 18, 19, 33, 0, 44, 29, 38, 32, 17, 14, 30, 38, 15, 39, 21, 14, 23, 8, 16, 14, 15, 15, 18, 29]]
Maintenance cost in each period m: 
[15868, 17717, 15465, 15160, 15080, 14428, 15921, 17376, 17165, 17346, 17322, 15089, 17795, 15218, 14901, 17190, 16801, 15389, 17239, 14466, 17334, 17240, 15226, 14712, 14335, 17088, 14531, 14320, 15729, 17145, 14961, 14126, 17577, 17443, 17379]
Maximum capacity of the machine cmax: 
5875