Set of periods in the planning horizon T: 
35
Set of products P: 
75
Capacity reduction coefficient alpha: 
0.8
Relative decrease of capacity per set up gamma: 
0.38
Capacity reduction coefficient due to product types beta: 
[0.28, 0.37, 0.24, 0.39, 0.22, 0.25, 0.26, 0.27, 0.33, 0.33, 0.32, 0.22, 0.32, 0.35, 0.29, 0.23, 0.21, 0.22, 0.26, 0.22, 0.32, 0.27, 0.37, 0.27, 0.2, 0.29, 0.3, 0.32, 0.31, 0.28, 0.35, 0.33, 0.26, 0.26, 0.23, 0.39, 0.37, 0.23, 0.21, 0.28, 0.35, 0.33, 0.31, 0.29, 0.4, 0.29, 0.29, 0.31, 0.32, 0.26, 0.35, 0.23, 0.28, 0.21, 0.34, 0.34, 0.31, 0.27, 0.34, 0.37, 0.27, 0.38, 0.35, 0.24, 0.39, 0.26, 0.31, 0.23, 0.37, 0.37, 0.32, 0.31, 0.34, 0.26, 0.38]
Fixed production cost of each product in each period f: 
[[826, 810, 945, 851, 926, 914, 668, 523, 597, 552, 542, 525, 662, 634, 985, 752, 690, 855, 623, 711, 859, 837, 529, 798, 800, 752, 592, 545, 964, 987, 626, 789, 914, 761, 632], [874, 950, 752, 910, 875, 782, 987, 759, 742, 839, 668, 502, 524, 696, 595, 770, 648, 775, 867, 953, 844, 604, 993, 566, 787, 889, 817, 910, 926, 883, 973, 735, 650, 630, 509], [568, 931, 765, 581, 827, 700, 581, 859, 841, 771, 698, 952, 914, 649, 893, 735, 507, 702, 905, 855, 576, 776, 931, 614, 844, 589, 656, 754, 855, 986, 981, 725, 813, 522, 606], [731, 651, 878, 593, 580, 819, 581, 537, 714, 809, 985, 791, 951, 638, 948, 635, 555, 827, 988, 849, 536, 929, 993, 692, 750, 546, 924, 637, 837, 799, 548, 775, 874, 841, 784], [627, 773, 646, 847, 921, 607, 752, 655, 552, 543, 563, 805, 682, 675, 721, 747, 833, 961, 924, 544, 515, 842, 597, 949, 609, 676, 547, 909, 896, 669, 631, 989, 508, 963, 605], [641, 649, 801, 969, 567, 811, 866, 916, 628, 762, 917, 501, 982, 691, 535, 641, 601, 861, 662, 996, 773, 532, 689, 816, 737, 930, 611, 993, 507, 622, 890, 877, 795, 665, 793], [921, 898, 524, 829, 735, 996, 607, 775, 816, 606, 691, 919, 976, 577, 516, 742, 982, 862, 855, 527, 536, 894, 924, 716, 887, 873, 992, 803, 823, 982, 818, 604, 823, 826, 913], [631, 946, 832, 691, 704, 722, 509, 685, 530, 973, 915, 505, 814, 623, 642, 685, 774, 964, 866, 946, 984, 646, 507, 957, 595, 791, 603, 538, 613, 550, 961, 985, 901, 922, 993], [678, 848, 884, 713, 679, 599, 972, 715, 636, 568, 777, 780, 616, 590, 768, 930, 933, 805, 996, 816, 693, 705, 998, 737, 990, 504, 903, 888, 577, 881, 968, 581, 980, 895, 940], [876, 614, 508, 975, 783, 755, 535, 722, 785, 857, 759, 792, 901, 823, 636, 814, 925, 513, 688, 669, 551, 631, 835, 698, 863, 856, 768, 669, 635, 869, 783, 944, 846, 965, 597], [787, 761, 889, 909, 661, 978, 775, 982, 634, 728, 799, 859, 881, 818, 740, 624, 705, 527, 943, 674, 937, 677, 841, 733, 518, 869, 612, 551, 903, 631, 537, 928, 800, 758, 856], [849, 918, 524, 831, 974, 857, 741, 682, 922, 761, 683, 883, 981, 500, 856, 555, 688, 643, 629, 625, 985, 577, 651, 683, 812, 836, 742, 634, 599, 980, 740, 643, 568, 630, 581], [645, 681, 568, 628, 532, 769, 662, 602, 607, 941, 788, 957, 541, 700, 513, 828, 961, 846, 765, 766, 669, 578, 560, 635, 867, 998, 976, 537, 519, 998, 865, 630, 560, 881, 946], [933, 715, 697, 544, 623, 903, 584, 767, 944, 754, 619, 969, 677, 583, 635, 758, 835, 608, 646, 706, 811, 686, 850, 979, 822, 694, 823, 892, 915, 950, 705, 814, 573, 929, 622], [898, 591, 986, 874, 706, 696, 837, 986, 559, 766, 814, 908, 609, 799, 566, 572, 536, 928, 756, 763, 986, 975, 987, 542, 831, 669, 966, 608, 694, 790, 850, 909, 965, 971, 636], [770, 517, 680, 554, 582, 630, 761, 944, 702, 760, 738, 958, 560, 807, 859, 810, 500, 621, 827, 878, 745, 509, 606, 985, 970, 962, 993, 642, 829, 659, 770, 723, 962, 870, 792], [670, 965, 518, 695, 904, 785, 872, 946, 978, 815, 963, 768, 534, 798, 660, 524, 895, 784, 710, 819, 619, 974, 792, 886, 512, 803, 978, 729, 878, 977, 605, 541, 622, 686, 634], [547, 580, 738, 758, 628, 809, 933, 872, 854, 674, 528, 607, 655, 949, 957, 797, 893, 768, 565, 513, 531, 946, 946, 574, 999, 892, 811, 802, 861, 831, 815, 889, 815, 593, 671], [698, 862, 541, 549, 540, 888, 852, 693, 620, 889, 774, 686, 904, 616, 639, 979, 693, 633, 825, 971, 630, 596, 777, 753, 819, 515, 778, 743, 900, 646, 634, 554, 914, 547, 808], [601, 864, 847, 927, 596, 951, 700, 769, 831, 967, 881, 855, 504, 958, 765, 530, 553, 523, 942, 615, 756, 917, 844, 736, 746, 580, 801, 858, 515, 572, 914, 901, 614, 910, 718], [992, 727, 773, 989, 744, 664, 971, 621, 889, 951, 852, 746, 640, 880, 831, 918, 839, 669, 966, 553, 963, 638, 745, 902, 611, 907, 517, 960, 962, 600, 590, 865, 683, 546, 874], [661, 515, 545, 742, 794, 790, 570, 866, 855, 732, 638, 767, 610, 689, 790, 805, 716, 547, 855, 989, 869, 776, 670, 634, 805, 999, 785, 500, 678, 926, 737, 560, 719, 905, 997], [701, 923, 558, 780, 535, 901, 778, 872, 640, 833, 515, 993, 710, 810, 991, 504, 776, 835, 824, 671, 917, 746, 683, 775, 948, 916, 618, 529, 906, 896, 978, 920, 939, 962, 734], [666, 536, 826, 577, 800, 785, 672, 936, 886, 633, 962, 751, 975, 808, 600, 974, 680, 993, 906, 525, 753, 978, 649, 963, 795, 920, 516, 977, 573, 675, 738, 595, 770, 978, 978], [740, 540, 794, 871, 943, 538, 880, 773, 728, 955, 640, 570, 687, 503, 823, 643, 681, 718, 639, 692, 700, 568, 957, 955, 930, 965, 784, 698, 552, 708, 752, 865, 863, 533, 985], [566, 810, 794, 518, 504, 650, 903, 841, 824, 854, 645, 603, 950, 618, 533, 844, 563, 559, 671, 602, 958, 534, 623, 912, 671, 846, 983, 960, 819, 858, 552, 782, 612, 704, 793], [514, 526, 632, 891, 858, 534, 682, 988, 932, 952, 512, 684, 613, 972, 556, 965, 640, 962, 530, 573, 551, 569, 952, 647, 836, 557, 880, 565, 826, 749, 867, 974, 777, 746, 678], [833, 978, 680, 958, 990, 838, 812, 868, 884, 601, 815, 734, 602, 512, 937, 844, 555, 696, 779, 828, 572, 625, 726, 969, 908, 621, 758, 690, 521, 753, 653, 502, 600, 936, 821], [949, 989, 606, 734, 793, 870, 963, 552, 906, 741, 674, 704, 772, 906, 635, 786, 673, 724, 503, 781, 732, 697, 972, 637, 957, 829, 651, 998, 512, 538, 909, 863, 515, 961, 673], [975, 965, 880, 912, 506, 568, 894, 781, 586, 792, 680, 789, 969, 721, 902, 760, 584, 642, 831, 519, 740, 610, 806, 731, 624, 935, 964, 851, 808, 888, 742, 986, 867, 722, 536], [791, 608, 983, 875, 736, 568, 703, 547, 896, 801, 631, 968, 768, 931, 528, 750, 887, 627, 561, 699, 579, 823, 532, 973, 716, 947, 991, 666, 711, 671, 826, 530, 837, 774, 913], [684, 632, 727, 644, 793, 785, 882, 571, 534, 958, 820, 500, 991, 841, 771, 552, 586, 826, 703, 548, 587, 570, 679, 751, 881, 597, 854, 731, 759, 573, 717, 705, 927, 564, 639], [596, 735, 702, 639, 748, 675, 906, 524, 823, 946, 990, 866, 604, 552, 803, 798, 767, 560, 625, 910, 932, 552, 699, 984, 764, 873, 892, 826, 736, 634, 803, 595, 828, 591, 565], [749, 511, 883, 889, 601, 681, 851, 760, 744, 594, 618, 625, 844, 734, 526, 675, 688, 924, 563, 706, 538, 717, 937, 969, 632, 658, 764, 664, 990, 593, 956, 927, 648, 954, 707], [975, 758, 965, 845, 679, 681, 728, 714, 623, 713, 867, 928, 813, 785, 776, 890, 647, 525, 530, 758, 954, 816, 592, 897, 937, 745, 766, 906, 606, 656, 771, 504, 731, 723, 993], [707, 940, 727, 676, 817, 587, 529, 971, 642, 978, 932, 979, 533, 983, 536, 671, 577, 735, 729, 500, 718, 828, 573, 605, 579, 584, 975, 655, 722, 850, 931, 779, 579, 564, 695], [546, 822, 573, 755, 983, 775, 805, 645, 945, 861, 783, 928, 847, 681, 838, 600, 914, 622, 596, 646, 542, 770, 596, 641, 547, 605, 595, 977, 805, 502, 709, 796, 596, 969, 546], [994, 932, 655, 751, 874, 849, 892, 803, 790, 987, 738, 982, 520, 530, 847, 509, 691, 883, 742, 977, 671, 617, 551, 753, 954, 961, 883, 521, 510, 775, 842, 905, 864, 651, 697], [562, 789, 868, 793, 665, 992, 627, 719, 517, 917, 663, 840, 656, 612, 783, 804, 763, 691, 791, 852, 746, 750, 750, 641, 713, 746, 815, 756, 943, 924, 511, 511, 775, 623, 576], [561, 853, 889, 655, 934, 791, 767, 538, 873, 723, 714, 963, 574, 794, 805, 748, 908, 598, 766, 820, 863, 813, 540, 632, 738, 986, 541, 602, 863, 985, 845, 587, 944, 865, 924], [610, 789, 615, 780, 988, 686, 627, 867, 554, 839, 528, 951, 699, 598, 600, 728, 647, 648, 878, 726, 922, 710, 860, 815, 919, 941, 806, 523, 506, 734, 755, 998, 927, 868, 870], [758, 935, 981, 834, 904, 722, 736, 509, 568, 801, 770, 867, 634, 505, 820, 863, 984, 817, 540, 991, 916, 990, 621, 919, 787, 745, 685, 606, 523, 514, 907, 822, 616, 792, 880], [639, 765, 831, 656, 859, 936, 953, 842, 594, 708, 646, 820, 715, 743, 936, 908, 583, 908, 620, 574, 515, 868, 993, 582, 994, 690, 543, 826, 619, 686, 637, 592, 841, 560, 561], [764, 708, 919, 828, 590, 800, 617, 687, 827, 577, 607, 609, 634, 555, 743, 584, 883, 695, 552, 912, 719, 706, 642, 608, 925, 738, 760, 592, 854, 651, 829, 976, 559, 771, 613], [538, 942, 760, 515, 644, 551, 821, 889, 614, 983, 713, 731, 732, 775, 942, 772, 537, 633, 997, 690, 926, 548, 566, 717, 838, 878, 982, 972, 701, 796, 811, 611, 943, 517, 757], [995, 862, 899, 833, 914, 504, 787, 743, 538, 740, 741, 516, 769, 912, 836, 577, 548, 916, 801, 852, 849, 863, 799, 619, 934, 518, 599, 819, 914, 792, 652, 833, 520, 693, 826], [603, 780, 882, 923, 730, 643, 994, 803, 893, 930, 675, 825, 759, 824, 559, 988, 751, 974, 810, 843, 547, 939, 770, 535, 670, 738, 966, 945, 734, 605, 890, 767, 531, 585, 540], [814, 611, 635, 586, 683, 516, 623, 538, 775, 970, 779, 977, 761, 657, 609, 910, 742, 834, 862, 636, 820, 639, 782, 507, 957, 758, 512, 508, 979, 692, 642, 890, 554, 647, 750], [579, 923, 962, 712, 676, 846, 730, 737, 564, 690, 636, 807, 812, 798, 521, 605, 910, 935, 501, 863, 867, 682, 975, 587, 948, 749, 979, 657, 568, 964, 627, 722, 996, 855, 557], [606, 705, 999, 730, 949, 960, 659, 644, 857, 751, 800, 638, 616, 820, 614, 835, 566, 868, 707, 694, 623, 503, 669, 645, 948, 518, 660, 537, 501, 988, 531, 748, 555, 740, 842], [864, 548, 821, 546, 624, 826, 507, 833, 565, 609, 618, 657, 704, 561, 913, 601, 861, 509, 811, 721, 984, 830, 752, 809, 535, 669, 614, 774, 969, 936, 677, 509, 605, 645, 764], [900, 759, 588, 640, 790, 843, 810, 586, 540, 535, 523, 823, 871, 891, 920, 762, 612, 960, 756, 989, 721, 552, 613, 644, 797, 858, 613, 730, 624, 614, 513, 890, 902, 674, 601], [685, 789, 520, 814, 707, 713, 886, 566, 670, 918, 606, 648, 986, 977, 892, 820, 709, 878, 759, 628, 629, 541, 601, 519, 507, 700, 634, 623, 794, 637, 632, 683, 502, 581, 816], [745, 802, 547, 616, 782, 963, 613, 753, 859, 681, 977, 638, 556, 535, 675, 642, 720, 601, 989, 725, 610, 724, 782, 550, 544, 886, 580, 579, 636, 908, 707, 703, 721, 860, 769], [531, 992, 891, 804, 517, 510, 673, 765, 776, 746, 860, 677, 671, 803, 665, 932, 648, 844, 927, 658, 556, 866, 521, 851, 648, 638, 813, 846, 922, 652, 516, 811, 891, 702, 724], [833, 753, 882, 518, 874, 866, 547, 617, 757, 789, 785, 627, 905, 867, 612, 660, 663, 921, 856, 880, 576, 511, 927, 595, 999, 802, 850, 615, 562, 506, 556, 955, 801, 817, 682], [790, 962, 745, 665, 548, 625, 693, 970, 597, 604, 730, 892, 994, 514, 770, 931, 622, 509, 718, 869, 564, 956, 894, 556, 509, 793, 619, 835, 992, 975, 993, 789, 534, 780, 566], [647, 981, 629, 549, 552, 859, 995, 947, 642, 912, 809, 613, 704, 988, 944, 756, 644, 708, 845, 770, 710, 912, 828, 606, 925, 782, 647, 688, 674, 993, 654, 712, 615, 810, 508], [713, 849, 947, 952, 945, 900, 598, 970, 627, 725, 670, 736, 840, 951, 967, 977, 973, 874, 979, 916, 627, 670, 926, 595, 726, 683, 993, 922, 777, 914, 632, 950, 716, 632, 591], [569, 970, 509, 561, 927, 505, 673, 666, 801, 642, 810, 975, 979, 828, 849, 614, 559, 585, 506, 650, 546, 665, 989, 760, 804, 883, 652, 809, 548, 596, 690, 663, 589, 949, 851], [959, 612, 961, 963, 509, 620, 971, 991, 521, 659, 944, 800, 671, 650, 912, 724, 732, 954, 664, 666, 568, 921, 718, 546, 636, 672, 782, 811, 877, 811, 826, 824, 865, 959, 544], [685, 977, 703, 879, 562, 846, 936, 897, 869, 504, 914, 819, 730, 696, 849, 601, 573, 735, 976, 769, 983, 757, 944, 519, 673, 853, 772, 602, 811, 768, 640, 839, 715, 506, 566], [949, 908, 797, 970, 646, 548, 620, 779, 608, 642, 869, 898, 833, 952, 929, 884, 557, 803, 822, 990, 853, 767, 999, 558, 991, 781, 828, 643, 960, 740, 653, 997, 756, 765, 671], [518, 657, 996, 577, 785, 609, 778, 820, 810, 708, 570, 781, 985, 907, 578, 767, 523, 769, 905, 814, 840, 546, 997, 968, 520, 954, 929, 523, 552, 775, 753, 910, 513, 550, 665], [731, 935, 690, 617, 518, 612, 602, 772, 948, 663, 641, 861, 653, 511, 688, 929, 939, 503, 511, 625, 809, 517, 801, 930, 759, 834, 845, 553, 703, 846, 924, 554, 869, 770, 566], [827, 718, 507, 762, 638, 769, 532, 541, 743, 946, 843, 670, 767, 728, 604, 743, 716, 904, 754, 665, 823, 524, 622, 797, 811, 764, 577, 852, 676, 954, 917, 741, 781, 536, 667], [643, 886, 621, 750, 949, 746, 921, 985, 794, 740, 691, 932, 975, 978, 569, 863, 785, 598, 725, 552, 927, 651, 741, 783, 513, 756, 888, 890, 957, 851, 691, 597, 932, 966, 566], [745, 890, 783, 638, 700, 914, 517, 507, 819, 836, 671, 793, 583, 533, 773, 741, 925, 629, 909, 860, 565, 774, 654, 643, 517, 711, 625, 776, 505, 643, 523, 636, 580, 929, 577], [541, 568, 526, 785, 887, 552, 787, 816, 790, 729, 876, 863, 900, 863, 852, 581, 992, 779, 870, 785, 632, 578, 612, 904, 539, 720, 713, 979, 542, 929, 848, 828, 560, 603, 754], [781, 834, 746, 832, 821, 674, 672, 810, 899, 775, 691, 671, 555, 827, 710, 806, 646, 673, 506, 805, 813, 542, 914, 752, 656, 677, 765, 537, 746, 979, 866, 550, 607, 844, 789], [942, 982, 955, 632, 514, 933, 935, 819, 839, 827, 687, 518, 718, 778, 658, 959, 566, 513, 712, 731, 989, 954, 629, 680, 890, 827, 879, 894, 882, 904, 654, 994, 905, 559, 617], [941, 734, 912, 590, 523, 927, 970, 686, 669, 984, 770, 618, 590, 838, 777, 733, 881, 811, 767, 633, 721, 559, 522, 621, 668, 570, 963, 589, 550, 648, 799, 817, 556, 922, 991], [939, 753, 714, 780, 961, 545, 638, 561, 574, 502, 634, 818, 856, 624, 580, 939, 753, 753, 876, 579, 861, 865, 612, 890, 687, 736, 505, 959, 995, 788, 654, 730, 746, 701, 721], [920, 854, 636, 577, 942, 823, 711, 645, 662, 780, 916, 524, 906, 643, 822, 680, 943, 702, 697, 996, 949, 680, 594, 889, 522, 937, 776, 545, 632, 908, 859, 513, 885, 877, 738], [942, 967, 517, 705, 688, 761, 811, 629, 560, 544, 637, 688, 958, 751, 816, 824, 842, 923, 991, 996, 845, 902, 703, 780, 756, 950, 837, 880, 712, 547, 800, 861, 593, 566, 709]]
Variable production cost per unit of each product in each period p: 
[[10, 11, 10, 12, 12, 13, 13, 13, 12, 13, 13, 11, 12, 13, 13, 12, 12, 13, 13, 11, 11, 10, 12, 13, 13, 13, 12, 13, 12, 12, 13, 10, 10, 11, 11], [11, 13, 12, 12, 10, 11, 12, 12, 11, 13, 11, 11, 10, 11, 13, 12, 13, 12, 12, 12, 11, 13, 11, 13, 13, 10, 13, 13, 10, 11, 12, 13, 10, 12, 11], [10, 12, 10, 11, 12, 12, 11, 11, 11, 11, 12, 12, 10, 11, 10, 13, 13, 10, 12, 13, 13, 12, 13, 12, 10, 12, 10, 12, 11, 11, 11, 12, 11, 10, 11], [13, 10, 12, 11, 11, 12, 10, 13, 13, 11, 13, 11, 11, 12, 11, 11, 12, 10, 12, 10, 11, 10, 11, 10, 13, 11, 13, 10, 10, 10, 10, 10, 11, 12, 13], [13, 11, 11, 11, 12, 11, 11, 12, 10, 13, 11, 11, 13, 13, 11, 10, 12, 12, 10, 12, 11, 12, 10, 11, 12, 13, 11, 12, 11, 12, 13, 12, 12, 10, 11], [13, 13, 10, 10, 10, 13, 11, 12, 13, 11, 11, 11, 12, 12, 12, 12, 10, 11, 11, 10, 13, 10, 10, 11, 13, 13, 10, 11, 11, 10, 12, 10, 13, 11, 12], [10, 10, 11, 12, 12, 11, 10, 13, 13, 10, 11, 13, 12, 12, 11, 12, 13, 13, 11, 12, 12, 12, 13, 13, 11, 12, 10, 12, 13, 13, 11, 10, 13, 11, 11], [12, 12, 10, 11, 10, 12, 10, 12, 11, 11, 12, 10, 10, 13, 13, 11, 10, 13, 12, 13, 12, 10, 13, 13, 13, 12, 10, 12, 11, 10, 12, 12, 10, 13, 12], [10, 12, 12, 10, 13, 13, 10, 11, 11, 10, 10, 13, 11, 12, 10, 13, 10, 13, 10, 10, 11, 12, 12, 11, 13, 11, 11, 10, 13, 13, 12, 10, 10, 12, 12], [11, 11, 12, 11, 13, 13, 13, 13, 13, 13, 11, 13, 11, 10, 11, 13, 11, 11, 13, 12, 12, 13, 13, 10, 10, 13, 10, 13, 13, 12, 11, 11, 11, 12, 13], [11, 13, 12, 12, 12, 12, 11, 11, 13, 13, 12, 12, 13, 10, 13, 10, 10, 11, 11, 11, 12, 12, 12, 11, 10, 10, 11, 12, 13, 11, 11, 13, 13, 11, 10], [10, 11, 13, 12, 13, 11, 12, 13, 12, 11, 12, 11, 10, 11, 10, 11, 13, 13, 10, 13, 11, 10, 11, 12, 10, 10, 13, 12, 11, 10, 10, 13, 10, 13, 12], [10, 10, 13, 13, 12, 10, 10, 10, 10, 10, 12, 12, 12, 12, 13, 13, 10, 12, 12, 13, 10, 10, 11, 12, 11, 11, 10, 12, 12, 11, 13, 10, 12, 13, 10], [13, 12, 10, 10, 10, 13, 10, 12, 10, 11, 11, 10, 12, 10, 11, 10, 13, 12, 12, 10, 11, 13, 10, 12, 12, 11, 12, 11, 12, 10, 11, 12, 12, 10, 11], [12, 10, 12, 10, 10, 12, 12, 11, 13, 12, 13, 10, 13, 11, 11, 12, 12, 10, 11, 12, 13, 13, 13, 12, 11, 12, 10, 12, 11, 13, 10, 11, 13, 10, 13], [11, 13, 10, 10, 10, 13, 10, 12, 11, 13, 13, 12, 11, 11, 13, 13, 10, 10, 11, 13, 11, 10, 10, 12, 10, 13, 13, 13, 10, 13, 10, 13, 12, 12, 12], [12, 11, 13, 11, 10, 10, 12, 12, 10, 10, 13, 13, 10, 12, 13, 10, 13, 13, 12, 10, 12, 11, 10, 12, 12, 10, 10, 10, 13, 11, 13, 11, 12, 10, 10], [12, 13, 11, 10, 10, 12, 11, 11, 11, 13, 12, 12, 10, 12, 10, 10, 12, 10, 13, 12, 13, 11, 10, 11, 10, 13, 10, 10, 11, 13, 12, 12, 13, 13, 10], [11, 12, 12, 12, 10, 10, 13, 10, 10, 10, 11, 11, 12, 10, 13, 10, 11, 10, 11, 13, 12, 10, 11, 13, 11, 11, 11, 10, 10, 13, 13, 11, 11, 13, 12], [12, 10, 12, 12, 10, 12, 13, 13, 10, 13, 13, 11, 13, 10, 12, 10, 10, 11, 13, 10, 13, 10, 12, 12, 10, 12, 13, 13, 12, 11, 12, 11, 12, 13, 13], [10, 12, 11, 12, 11, 13, 11, 11, 10, 10, 11, 12, 11, 12, 10, 12, 10, 12, 12, 11, 10, 12, 13, 13, 13, 11, 13, 12, 12, 11, 12, 13, 13, 13, 13], [10, 12, 13, 13, 13, 11, 11, 12, 10, 10, 12, 11, 10, 12, 13, 11, 13, 11, 10, 12, 13, 10, 11, 13, 11, 12, 13, 11, 12, 13, 10, 12, 12, 10, 11], [10, 11, 12, 10, 12, 13, 11, 11, 12, 10, 11, 12, 11, 11, 11, 12, 12, 13, 10, 11, 12, 10, 12, 10, 13, 11, 13, 10, 10, 11, 12, 13, 11, 10, 12], [10, 13, 12, 11, 10, 12, 13, 10, 10, 12, 10, 12, 10, 13, 10, 10, 11, 11, 12, 11, 10, 10, 13, 12, 13, 11, 13, 13, 12, 10, 12, 13, 11, 13, 10], [13, 11, 11, 10, 12, 13, 12, 12, 11, 11, 13, 12, 10, 13, 13, 12, 13, 11, 13, 12, 10, 10, 11, 12, 12, 12, 12, 12, 11, 13, 10, 12, 12, 11, 11], [13, 10, 11, 12, 12, 13, 13, 13, 13, 10, 11, 13, 10, 13, 12, 10, 12, 13, 11, 13, 12, 10, 13, 11, 13, 13, 11, 12, 13, 12, 13, 11, 11, 10, 10], [10, 13, 13, 13, 11, 13, 10, 11, 13, 11, 13, 13, 10, 13, 11, 11, 11, 12, 11, 13, 10, 10, 10, 10, 10, 13, 10, 13, 13, 12, 10, 11, 10, 10, 11], [11, 12, 13, 11, 13, 12, 11, 13, 10, 11, 10, 13, 11, 12, 12, 13, 13, 12, 10, 13, 10, 13, 12, 12, 12, 12, 13, 13, 12, 13, 10, 13, 12, 12, 13], [12, 10, 13, 13, 12, 10, 13, 12, 13, 10, 13, 13, 11, 13, 11, 11, 12, 12, 10, 10, 13, 10, 12, 13, 13, 10, 13, 10, 13, 13, 12, 11, 13, 11, 12], [11, 11, 11, 12, 12, 12, 10, 12, 11, 10, 13, 13, 12, 10, 11, 13, 12, 10, 10, 13, 12, 12, 12, 12, 11, 10, 11, 10, 13, 12, 12, 12, 10, 13, 13], [13, 11, 11, 13, 10, 13, 12, 13, 13, 12, 13, 10, 13, 13, 10, 12, 12, 11, 10, 11, 11, 12, 13, 12, 11, 11, 11, 10, 13, 11, 10, 11, 10, 11, 12], [10, 13, 12, 11, 12, 12, 11, 13, 10, 11, 12, 11, 12, 12, 13, 11, 11, 11, 12, 10, 13, 13, 12, 12, 11, 12, 13, 12, 13, 11, 10, 12, 11, 13, 12], [12, 10, 13, 11, 10, 10, 10, 13, 10, 10, 10, 10, 10, 13, 10, 13, 10, 10, 11, 10, 13, 13, 13, 10, 12, 10, 11, 13, 13, 12, 13, 10, 10, 13, 12], [13, 12, 12, 10, 11, 11, 12, 12, 12, 10, 11, 12, 10, 13, 13, 11, 13, 11, 12, 11, 11, 12, 12, 13, 11, 10, 10, 10, 12, 11, 10, 11, 13, 10, 13], [11, 13, 13, 13, 13, 12, 12, 13, 13, 12, 12, 11, 13, 13, 11, 10, 12, 13, 10, 10, 10, 11, 13, 13, 10, 11, 10, 13, 13, 13, 11, 10, 10, 10, 12], [10, 11, 10, 11, 12, 10, 10, 13, 11, 13, 10, 12, 13, 12, 12, 10, 12, 11, 12, 10, 12, 13, 11, 13, 11, 11, 11, 13, 10, 10, 11, 12, 11, 13, 11], [10, 11, 12, 13, 12, 10, 11, 12, 12, 10, 10, 12, 12, 10, 11, 13, 10, 11, 11, 12, 10, 10, 10, 10, 12, 10, 13, 11, 13, 12, 10, 11, 10, 10, 11], [13, 12, 13, 11, 11, 11, 11, 10, 13, 12, 11, 11, 10, 10, 12, 11, 10, 13, 11, 13, 10, 13, 13, 10, 13, 13, 11, 13, 12, 13, 13, 10, 11, 12, 12], [10, 10, 10, 10, 10, 11, 10, 12, 10, 11, 12, 11, 13, 13, 11, 11, 13, 10, 12, 11, 12, 12, 13, 13, 10, 11, 11, 10, 11, 12, 11, 13, 12, 11, 12], [10, 13, 10, 12, 10, 13, 11, 13, 12, 13, 10, 13, 11, 13, 12, 12, 11, 11, 13, 13, 10, 13, 13, 12, 10, 13, 11, 13, 13, 12, 10, 10, 11, 13, 10], [10, 11, 11, 11, 11, 13, 11, 13, 11, 11, 11, 10, 12, 13, 11, 12, 13, 11, 12, 12, 11, 10, 11, 13, 10, 10, 11, 13, 13, 10, 10, 11, 12, 11, 11], [10, 13, 11, 11, 10, 12, 13, 13, 11, 13, 11, 12, 12, 10, 13, 10, 11, 11, 11, 12, 13, 13, 13, 11, 10, 11, 12, 11, 13, 13, 10, 10, 11, 10, 13], [10, 12, 11, 12, 10, 11, 11, 11, 12, 12, 13, 13, 10, 12, 10, 11, 10, 12, 12, 13, 12, 13, 12, 11, 10, 13, 13, 11, 13, 13, 12, 13, 11, 10, 12], [13, 10, 10, 10, 13, 10, 11, 10, 12, 13, 11, 13, 11, 11, 10, 13, 13, 10, 13, 13, 12, 11, 10, 10, 11, 13, 13, 10, 13, 13, 10, 10, 11, 11, 11], [13, 13, 13, 12, 12, 10, 13, 12, 10, 13, 13, 11, 11, 12, 12, 11, 10, 11, 11, 12, 13, 10, 13, 12, 13, 10, 11, 12, 10, 12, 13, 11, 11, 10, 12], [12, 12, 10, 11, 13, 13, 12, 11, 11, 12, 10, 11, 11, 12, 13, 11, 12, 13, 10, 10, 13, 11, 12, 11, 10, 10, 11, 13, 11, 13, 11, 10, 13, 13, 12], [11, 12, 10, 10, 11, 12, 10, 10, 12, 12, 13, 12, 11, 12, 12, 10, 12, 13, 11, 11, 12, 12, 12, 11, 12, 12, 12, 12, 10, 13, 10, 10, 12, 13, 13], [12, 11, 10, 11, 13, 10, 11, 13, 10, 10, 13, 12, 12, 10, 11, 10, 11, 12, 11, 12, 11, 10, 12, 12, 11, 11, 10, 11, 12, 12, 10, 11, 12, 13, 10], [11, 12, 13, 11, 12, 11, 12, 13, 13, 13, 12, 12, 13, 11, 12, 10, 12, 13, 13, 13, 10, 13, 12, 10, 13, 13, 11, 10, 10, 13, 12, 13, 12, 10, 11], [10, 10, 10, 12, 11, 11, 11, 10, 10, 11, 12, 10, 10, 13, 12, 11, 12, 13, 12, 13, 10, 12, 11, 11, 10, 12, 12, 11, 12, 11, 13, 13, 12, 10, 12], [11, 11, 13, 12, 10, 12, 11, 11, 10, 13, 10, 11, 10, 11, 11, 13, 13, 13, 13, 11, 13, 12, 11, 12, 13, 13, 10, 10, 11, 13, 12, 10, 11, 10, 10], [12, 12, 12, 12, 13, 10, 11, 13, 10, 10, 13, 11, 11, 10, 13, 13, 12, 10, 13, 11, 10, 10, 10, 10, 11, 13, 11, 10, 12, 11, 12, 12, 11, 11, 13], [11, 12, 12, 10, 13, 11, 11, 13, 11, 11, 12, 13, 13, 13, 12, 10, 10, 11, 11, 13, 13, 13, 13, 13, 12, 11, 13, 11, 11, 10, 13, 10, 11, 11, 13], [10, 13, 11, 10, 12, 10, 12, 10, 12, 10, 13, 10, 12, 12, 11, 11, 10, 13, 11, 11, 11, 11, 11, 13, 13, 10, 13, 10, 10, 12, 11, 11, 12, 11, 12], [12, 13, 11, 13, 10, 13, 12, 11, 11, 11, 10, 12, 10, 13, 13, 13, 12, 13, 11, 11, 10, 11, 11, 11, 13, 13, 11, 10, 10, 11, 10, 12, 12, 11, 11], [12, 12, 13, 10, 10, 13, 10, 12, 12, 13, 12, 10, 12, 10, 12, 11, 12, 10, 10, 10, 12, 13, 11, 13, 13, 13, 10, 12, 13, 10, 13, 12, 12, 10, 13], [11, 12, 12, 13, 11, 13, 13, 12, 10, 10, 11, 12, 13, 13, 12, 12, 13, 10, 13, 11, 10, 11, 12, 13, 10, 13, 10, 11, 10, 12, 10, 13, 10, 10, 10], [10, 12, 10, 10, 13, 12, 13, 10, 10, 10, 12, 11, 13, 13, 11, 10, 12, 11, 11, 11, 13, 10, 11, 11, 13, 10, 13, 13, 10, 10, 11, 10, 11, 13, 10], [12, 12, 12, 13, 13, 10, 12, 13, 12, 13, 12, 13, 11, 13, 12, 13, 11, 13, 13, 13, 12, 12, 10, 10, 10, 11, 11, 11, 11, 11, 13, 10, 10, 12, 11], [11, 11, 10, 11, 13, 12, 12, 12, 13, 12, 13, 13, 12, 11, 11, 12, 13, 12, 11, 13, 10, 13, 12, 12, 12, 11, 11, 11, 12, 12, 11, 13, 10, 12, 10], [11, 11, 10, 12, 10, 11, 10, 13, 11, 11, 13, 13, 11, 12, 12, 12, 11, 13, 12, 12, 10, 13, 12, 10, 11, 12, 13, 13, 13, 11, 13, 10, 10, 10, 12], [13, 10, 12, 12, 10, 12, 12, 13, 11, 10, 13, 10, 12, 12, 13, 12, 13, 13, 10, 11, 13, 10, 12, 10, 12, 12, 12, 13, 13, 10, 12, 10, 12, 10, 13], [13, 11, 10, 13, 11, 10, 10, 11, 12, 11, 11, 10, 12, 10, 11, 11, 11, 13, 12, 11, 13, 10, 13, 10, 13, 12, 12, 10, 10, 13, 12, 11, 12, 13, 10], [12, 12, 10, 12, 13, 13, 13, 10, 13, 13, 12, 10, 10, 10, 11, 12, 12, 13, 13, 13, 12, 12, 10, 11, 10, 10, 11, 11, 13, 11, 10, 10, 11, 11, 13], [10, 13, 12, 13, 10, 12, 10, 10, 12, 12, 13, 13, 11, 10, 11, 10, 10, 10, 12, 10, 10, 13, 11, 13, 13, 10, 12, 11, 10, 12, 11, 10, 11, 11, 10], [11, 12, 11, 10, 11, 13, 12, 11, 10, 12, 12, 13, 13, 13, 12, 10, 12, 11, 12, 12, 10, 12, 12, 13, 12, 12, 11, 12, 13, 11, 13, 12, 12, 11, 12], [11, 13, 12, 13, 11, 13, 11, 13, 12, 10, 10, 11, 10, 12, 10, 13, 11, 10, 11, 10, 10, 11, 13, 10, 13, 10, 10, 11, 13, 11, 11, 13, 11, 10, 10], [10, 10, 13, 11, 10, 12, 10, 12, 12, 10, 11, 12, 12, 10, 10, 12, 10, 12, 13, 11, 12, 11, 12, 11, 11, 11, 11, 10, 11, 10, 10, 10, 11, 11, 11], [11, 11, 13, 13, 13, 11, 13, 12, 13, 12, 13, 10, 13, 11, 12, 13, 12, 12, 13, 13, 13, 10, 12, 13, 12, 10, 13, 11, 12, 11, 11, 12, 12, 13, 11], [12, 12, 10, 13, 12, 12, 12, 11, 13, 11, 10, 12, 13, 12, 10, 13, 11, 12, 13, 11, 10, 12, 13, 13, 12, 12, 12, 13, 12, 13, 12, 10, 10, 12, 10], [11, 10, 10, 11, 13, 11, 13, 10, 12, 11, 11, 10, 10, 13, 11, 11, 12, 13, 11, 13, 13, 10, 12, 11, 10, 10, 12, 12, 11, 10, 10, 10, 11, 11, 11], [13, 10, 12, 13, 12, 11, 11, 13, 11, 11, 10, 11, 13, 11, 13, 10, 10, 10, 11, 13, 10, 10, 13, 12, 10, 12, 11, 11, 12, 10, 11, 13, 10, 11, 12], [13, 10, 13, 10, 12, 11, 11, 12, 13, 11, 11, 13, 11, 10, 13, 11, 13, 11, 13, 11, 12, 13, 11, 13, 12, 12, 11, 11, 11, 10, 13, 11, 10, 10, 13], [13, 12, 12, 13, 10, 12, 12, 10, 12, 10, 13, 11, 13, 11, 10, 10, 12, 13, 10, 11, 12, 12, 11, 11, 13, 11, 12, 12, 11, 11, 12, 11, 10, 10, 13], [11, 12, 12, 10, 11, 10, 10, 10, 12, 12, 13, 11, 10, 11, 13, 12, 10, 10, 10, 10, 13, 11, 10, 13, 10, 12, 10, 13, 10, 13, 13, 13, 10, 12, 12]]
Inventory holding cost per unit of each product by the end of each period h: 
[[7, 8, 5, 8, 6, 9, 7, 5, 8, 9, 8, 9, 6, 7, 9, 7, 7, 7, 6, 9, 6, 5, 6, 7, 6, 7, 6, 8, 9, 8, 7, 5, 5, 7, 9], [5, 5, 5, 7, 5, 9, 5, 9, 7, 6, 7, 5, 8, 9, 7, 7, 7, 7, 7, 9, 7, 9, 7, 8, 6, 5, 5, 8, 8, 8, 8, 7, 6, 8, 9], [9, 6, 8, 9, 8, 8, 5, 7, 9, 7, 8, 8, 5, 7, 9, 8, 6, 8, 9, 8, 6, 5, 7, 9, 5, 9, 7, 7, 9, 9, 7, 9, 8, 9, 6], [8, 6, 9, 8, 6, 9, 9, 9, 8, 7, 5, 6, 7, 9, 6, 5, 6, 6, 9, 5, 9, 6, 8, 8, 9, 8, 6, 6, 7, 7, 8, 7, 9, 5, 9], [6, 9, 9, 9, 6, 9, 5, 5, 7, 6, 7, 9, 8, 7, 9, 6, 8, 9, 5, 7, 8, 7, 7, 9, 9, 5, 6, 6, 6, 6, 8, 8, 7, 7, 7], [7, 6, 8, 8, 8, 5, 5, 6, 8, 7, 6, 9, 7, 9, 7, 7, 9, 5, 8, 9, 8, 5, 6, 7, 9, 5, 5, 9, 9, 7, 8, 8, 6, 6, 7], [6, 6, 8, 6, 8, 5, 9, 8, 5, 8, 5, 9, 9, 7, 7, 7, 5, 5, 8, 8, 6, 9, 5, 6, 5, 8, 6, 7, 8, 5, 7, 6, 7, 9, 5], [7, 7, 5, 6, 7, 8, 6, 6, 7, 9, 6, 9, 9, 9, 8, 6, 8, 5, 7, 5, 7, 7, 9, 8, 8, 9, 6, 9, 7, 9, 8, 8, 5, 6, 7], [9, 5, 5, 9, 5, 8, 5, 6, 8, 6, 7, 7, 7, 5, 7, 7, 5, 5, 6, 7, 9, 5, 5, 8, 8, 6, 9, 5, 5, 7, 9, 6, 8, 9, 9], [7, 8, 5, 7, 6, 5, 6, 9, 9, 5, 9, 8, 9, 7, 9, 8, 9, 9, 6, 7, 8, 9, 8, 6, 6, 8, 5, 6, 8, 9, 5, 7, 7, 7, 9], [7, 8, 8, 6, 8, 9, 6, 7, 6, 9, 5, 9, 9, 7, 9, 5, 6, 7, 9, 8, 5, 9, 7, 9, 9, 5, 6, 5, 5, 8, 9, 8, 6, 7, 6], [7, 6, 6, 8, 5, 7, 5, 7, 8, 9, 5, 6, 7, 6, 6, 5, 8, 9, 6, 7, 7, 8, 8, 6, 5, 8, 7, 5, 6, 9, 6, 5, 7, 8, 7], [7, 8, 7, 6, 8, 8, 9, 6, 6, 9, 7, 7, 9, 8, 7, 6, 7, 5, 9, 7, 9, 9, 7, 6, 8, 9, 7, 9, 5, 9, 8, 6, 8, 9, 7], [7, 9, 9, 8, 6, 9, 9, 9, 5, 7, 6, 8, 5, 8, 7, 8, 9, 5, 6, 6, 9, 5, 9, 6, 9, 7, 8, 7, 8, 7, 5, 9, 9, 9, 5], [6, 9, 7, 7, 6, 5, 6, 5, 7, 5, 8, 7, 6, 5, 8, 7, 9, 5, 9, 7, 7, 6, 9, 9, 5, 7, 7, 5, 8, 9, 6, 5, 9, 8, 9], [7, 5, 5, 8, 7, 9, 9, 7, 7, 8, 7, 8, 6, 8, 9, 5, 5, 6, 7, 9, 7, 5, 9, 8, 7, 5, 6, 7, 7, 6, 8, 9, 6, 9, 5], [7, 6, 6, 6, 9, 5, 6, 5, 9, 5, 7, 8, 7, 6, 9, 6, 9, 7, 8, 7, 9, 8, 6, 6, 6, 8, 6, 9, 6, 8, 6, 6, 6, 5, 5], [5, 9, 5, 9, 7, 6, 7, 7, 9, 6, 5, 8, 6, 7, 7, 6, 6, 8, 6, 9, 8, 7, 9, 7, 9, 8, 6, 9, 6, 5, 5, 7, 9, 7, 6], [9, 9, 5, 8, 9, 7, 6, 9, 8, 7, 7, 5, 9, 9, 6, 7, 7, 5, 5, 6, 8, 5, 9, 6, 6, 7, 8, 7, 6, 8, 6, 9, 8, 5, 8], [6, 6, 5, 5, 8, 6, 9, 6, 6, 8, 5, 8, 9, 5, 8, 8, 5, 7, 6, 6, 9, 7, 9, 6, 7, 9, 5, 8, 9, 9, 9, 9, 8, 8, 9], [7, 9, 9, 8, 6, 6, 5, 5, 6, 7, 9, 8, 6, 7, 8, 5, 6, 9, 8, 9, 7, 7, 7, 8, 6, 6, 5, 7, 7, 6, 7, 7, 7, 9, 8], [6, 9, 6, 9, 5, 7, 5, 5, 6, 6, 9, 8, 8, 5, 6, 9, 6, 6, 5, 8, 6, 6, 5, 7, 7, 7, 5, 6, 9, 5, 6, 5, 6, 7, 7], [9, 5, 7, 5, 5, 9, 7, 8, 7, 6, 9, 5, 6, 8, 9, 5, 9, 8, 7, 7, 8, 7, 8, 8, 8, 7, 7, 7, 7, 9, 5, 5, 6, 5, 9], [9, 5, 5, 6, 6, 8, 5, 8, 5, 6, 8, 5, 7, 6, 7, 7, 8, 5, 7, 6, 7, 6, 8, 9, 5, 8, 7, 7, 5, 5, 7, 5, 5, 8, 5], [8, 9, 8, 8, 9, 5, 6, 5, 7, 8, 5, 6, 8, 8, 9, 6, 8, 5, 8, 7, 5, 5, 8, 5, 5, 9, 9, 7, 5, 7, 9, 9, 9, 9, 8], [6, 5, 5, 7, 5, 6, 7, 7, 6, 7, 7, 8, 8, 9, 9, 5, 7, 5, 8, 8, 5, 6, 8, 8, 8, 7, 9, 5, 6, 5, 6, 8, 6, 6, 7], [8, 7, 7, 6, 5, 8, 5, 6, 5, 5, 7, 7, 6, 6, 9, 5, 7, 9, 9, 6, 5, 5, 8, 9, 9, 9, 7, 8, 6, 8, 8, 9, 9, 7, 7], [6, 9, 6, 8, 7, 9, 9, 7, 5, 9, 8, 5, 8, 6, 5, 6, 7, 5, 8, 5, 5, 7, 8, 6, 7, 6, 9, 5, 5, 7, 9, 5, 9, 7, 5], [6, 5, 7, 9, 6, 5, 8, 5, 7, 7, 6, 7, 9, 6, 7, 5, 6, 8, 5, 7, 6, 8, 9, 9, 8, 7, 7, 6, 5, 7, 5, 9, 9, 6, 6], [8, 6, 6, 7, 5, 9, 9, 9, 6, 9, 5, 8, 6, 8, 6, 7, 6, 5, 5, 8, 5, 5, 8, 9, 6, 6, 7, 9, 8, 9, 7, 6, 5, 9, 5], [5, 6, 9, 6, 6, 8, 5, 6, 8, 6, 6, 8, 6, 7, 8, 9, 8, 9, 7, 6, 8, 6, 6, 7, 9, 7, 5, 6, 7, 9, 7, 8, 5, 7, 5], [9, 9, 7, 5, 9, 5, 8, 8, 5, 5, 5, 7, 6, 9, 6, 7, 5, 9, 6, 9, 9, 7, 7, 8, 5, 8, 7, 5, 8, 7, 9, 6, 8, 5, 5], [8, 5, 5, 5, 9, 7, 6, 7, 9, 7, 8, 7, 9, 7, 9, 5, 5, 6, 8, 7, 6, 9, 5, 5, 5, 6, 7, 5, 5, 8, 6, 9, 6, 7, 8], [7, 6, 7, 6, 5, 6, 8, 5, 9, 8, 6, 7, 5, 6, 8, 7, 9, 5, 5, 7, 5, 7, 5, 7, 8, 7, 5, 5, 7, 9, 9, 6, 6, 9, 6], [6, 9, 5, 6, 6, 5, 7, 5, 7, 6, 6, 6, 6, 6, 7, 9, 7, 6, 6, 5, 5, 9, 5, 7, 9, 7, 9, 6, 6, 7, 7, 8, 7, 7, 8], [7, 5, 5, 5, 7, 6, 6, 7, 5, 6, 5, 9, 6, 9, 8, 9, 5, 5, 7, 6, 5, 6, 9, 9, 7, 7, 8, 5, 6, 5, 6, 6, 8, 9, 7], [5, 6, 8, 7, 8, 5, 7, 6, 8, 7, 6, 7, 9, 5, 6, 7, 8, 5, 6, 6, 7, 5, 9, 6, 9, 6, 8, 7, 5, 6, 8, 6, 6, 9, 5], [9, 7, 8, 7, 6, 8, 7, 7, 5, 6, 6, 8, 5, 6, 7, 6, 5, 8, 7, 8, 6, 7, 7, 6, 7, 9, 5, 9, 5, 8, 5, 5, 7, 9, 9], [7, 8, 6, 9, 6, 5, 7, 5, 9, 9, 9, 5, 9, 8, 5, 7, 5, 7, 8, 8, 8, 8, 6, 7, 7, 5, 9, 7, 5, 5, 5, 7, 8, 5, 6], [5, 7, 5, 7, 9, 9, 6, 6, 8, 8, 8, 6, 5, 7, 8, 9, 5, 7, 5, 9, 6, 6, 6, 6, 9, 9, 6, 8, 7, 5, 8, 8, 7, 8, 6], [5, 6, 6, 9, 7, 5, 9, 6, 8, 6, 7, 8, 5, 8, 8, 7, 7, 5, 5, 6, 6, 7, 8, 7, 7, 6, 5, 9, 5, 9, 8, 8, 6, 5, 9], [9, 5, 8, 8, 6, 8, 7, 5, 9, 6, 5, 6, 7, 8, 6, 5, 6, 9, 7, 6, 6, 9, 9, 7, 6, 8, 6, 9, 6, 6, 5, 8, 7, 9, 8], [6, 8, 7, 7, 9, 6, 6, 6, 9, 6, 9, 8, 5, 7, 6, 9, 8, 9, 6, 9, 5, 5, 9, 7, 8, 7, 5, 7, 6, 6, 7, 5, 7, 9, 5], [9, 9, 8, 5, 6, 5, 9, 5, 8, 8, 6, 8, 5, 7, 9, 7, 5, 5, 7, 7, 7, 6, 5, 7, 9, 8, 8, 7, 9, 8, 6, 6, 6, 7, 7], [5, 6, 6, 7, 5, 5, 9, 9, 8, 5, 9, 7, 9, 7, 5, 7, 6, 7, 5, 5, 8, 9, 6, 8, 9, 9, 9, 7, 7, 9, 8, 8, 8, 9, 7], [5, 7, 8, 7, 6, 7, 7, 6, 5, 9, 5, 6, 9, 6, 5, 6, 8, 6, 9, 9, 6, 7, 9, 5, 5, 9, 7, 9, 9, 7, 9, 8, 8, 6, 6], [5, 5, 9, 8, 7, 9, 7, 5, 5, 6, 7, 8, 9, 9, 7, 8, 7, 8, 5, 6, 5, 5, 8, 5, 8, 9, 9, 6, 8, 5, 5, 5, 6, 5, 8], [7, 9, 8, 7, 6, 6, 9, 7, 7, 5, 6, 8, 9, 5, 9, 7, 9, 8, 9, 7, 5, 6, 6, 8, 8, 8, 9, 8, 9, 9, 9, 9, 8, 7, 8], [9, 5, 6, 8, 6, 5, 9, 8, 7, 8, 5, 8, 7, 5, 7, 5, 7, 5, 6, 5, 5, 6, 5, 6, 8, 6, 7, 6, 6, 6, 9, 7, 7, 8, 8], [6, 5, 8, 8, 5, 5, 5, 7, 9, 9, 8, 5, 6, 5, 9, 5, 8, 9, 8, 7, 7, 6, 8, 6, 6, 6, 5, 9, 7, 7, 6, 6, 8, 6, 7], [9, 6, 8, 5, 9, 9, 9, 5, 8, 6, 7, 7, 9, 8, 7, 9, 5, 5, 9, 8, 6, 6, 7, 5, 9, 7, 5, 9, 9, 9, 9, 9, 5, 5, 8], [6, 5, 5, 5, 8, 5, 6, 9, 8, 6, 7, 8, 8, 6, 7, 6, 7, 5, 6, 7, 8, 5, 7, 6, 7, 8, 8, 7, 8, 6, 8, 5, 6, 8, 8], [8, 5, 5, 5, 7, 8, 8, 9, 9, 5, 9, 7, 6, 8, 8, 6, 8, 9, 9, 5, 8, 9, 8, 5, 6, 8, 6, 7, 7, 7, 8, 8, 5, 8, 8], [6, 6, 5, 8, 8, 8, 6, 7, 8, 9, 6, 9, 9, 8, 5, 5, 8, 5, 7, 8, 7, 5, 6, 5, 9, 7, 8, 7, 7, 6, 7, 7, 8, 9, 7], [5, 9, 8, 8, 9, 5, 7, 9, 7, 9, 6, 8, 6, 7, 9, 7, 5, 5, 6, 5, 7, 5, 6, 5, 6, 9, 6, 6, 9, 5, 9, 6, 5, 6, 5], [7, 6, 6, 8, 8, 8, 9, 8, 9, 8, 8, 5, 7, 9, 7, 8, 7, 8, 7, 6, 8, 6, 6, 5, 9, 5, 5, 5, 7, 9, 7, 9, 7, 5, 5], [5, 6, 5, 7, 7, 7, 6, 9, 9, 7, 9, 7, 9, 8, 7, 6, 9, 7, 6, 9, 5, 7, 7, 5, 6, 5, 6, 9, 7, 7, 7, 7, 7, 6, 9], [7, 8, 7, 6, 7, 7, 9, 5, 6, 5, 7, 8, 6, 6, 8, 5, 7, 6, 6, 8, 8, 8, 6, 7, 5, 8, 7, 7, 6, 7, 6, 5, 9, 8, 9], [6, 6, 7, 5, 6, 9, 6, 5, 9, 7, 7, 9, 5, 6, 8, 8, 8, 5, 6, 9, 5, 7, 7, 5, 7, 5, 7, 9, 6, 5, 5, 6, 5, 5, 9], [9, 9, 6, 9, 8, 9, 6, 8, 6, 8, 6, 6, 9, 7, 6, 9, 9, 5, 8, 5, 8, 7, 7, 9, 8, 6, 7, 8, 7, 9, 9, 5, 6, 7, 9], [8, 6, 7, 7, 9, 8, 7, 8, 9, 9, 8, 6, 6, 6, 5, 6, 5, 6, 6, 8, 8, 8, 6, 7, 5, 8, 9, 7, 5, 9, 7, 9, 5, 8, 5], [8, 8, 5, 7, 8, 8, 8, 7, 7, 6, 8, 6, 5, 5, 8, 6, 5, 8, 6, 9, 5, 6, 7, 6, 8, 8, 6, 7, 8, 6, 5, 5, 6, 7, 8], [8, 9, 6, 9, 6, 7, 6, 7, 5, 9, 5, 6, 5, 5, 6, 7, 7, 5, 5, 9, 5, 6, 8, 7, 5, 8, 8, 9, 9, 7, 8, 7, 7, 8, 5], [9, 6, 7, 8, 8, 7, 5, 5, 8, 9, 8, 5, 9, 7, 7, 6, 7, 6, 8, 5, 5, 6, 9, 9, 8, 8, 9, 9, 8, 8, 7, 9, 5, 8, 8], [9, 7, 6, 5, 5, 7, 8, 8, 7, 9, 6, 7, 5, 6, 9, 8, 8, 6, 7, 5, 9, 5, 7, 6, 7, 5, 9, 8, 9, 9, 8, 7, 7, 5, 5], [7, 8, 5, 9, 7, 9, 5, 7, 5, 6, 6, 9, 6, 6, 5, 9, 8, 8, 9, 9, 5, 8, 7, 7, 6, 9, 7, 6, 6, 9, 9, 6, 5, 8, 9], [5, 6, 6, 5, 9, 9, 5, 6, 6, 5, 6, 9, 9, 5, 6, 7, 7, 9, 7, 5, 5, 9, 5, 9, 5, 6, 9, 6, 9, 7, 8, 6, 6, 7, 7], [9, 5, 9, 6, 9, 5, 9, 5, 5, 9, 6, 6, 6, 7, 7, 5, 6, 6, 7, 9, 8, 8, 8, 7, 7, 5, 5, 8, 8, 5, 7, 5, 8, 8, 7], [9, 8, 7, 6, 6, 8, 9, 8, 7, 5, 7, 8, 5, 6, 8, 5, 8, 9, 9, 7, 5, 5, 8, 7, 5, 8, 5, 7, 5, 7, 5, 5, 9, 6, 9], [8, 7, 7, 8, 5, 9, 7, 5, 7, 6, 8, 6, 7, 9, 6, 8, 9, 8, 8, 6, 6, 5, 8, 6, 8, 9, 6, 7, 5, 5, 8, 8, 7, 6, 6], [6, 5, 7, 6, 7, 5, 9, 8, 8, 6, 7, 7, 5, 6, 6, 6, 8, 6, 8, 8, 9, 8, 7, 8, 5, 8, 9, 6, 9, 6, 7, 8, 7, 8, 7], [9, 9, 6, 9, 7, 6, 9, 7, 5, 6, 7, 5, 7, 7, 5, 5, 9, 9, 9, 5, 9, 5, 9, 5, 5, 9, 7, 7, 6, 9, 8, 9, 8, 9, 6], [7, 9, 9, 5, 5, 8, 9, 9, 5, 5, 6, 7, 6, 7, 7, 8, 6, 7, 8, 7, 6, 5, 5, 9, 5, 8, 9, 9, 6, 6, 9, 9, 5, 7, 8], [9, 5, 9, 5, 5, 7, 7, 8, 7, 9, 9, 9, 8, 5, 8, 6, 9, 8, 6, 7, 7, 8, 5, 8, 9, 8, 9, 7, 9, 9, 9, 8, 5, 9, 5], [8, 7, 8, 9, 8, 8, 9, 6, 7, 7, 9, 5, 8, 7, 6, 7, 6, 7, 8, 5, 8, 6, 7, 7, 7, 8, 9, 6, 6, 6, 9, 6, 8, 9, 8]]
Demand for each product in each period d: 
[[39, 21, 38, 38, 28, 14, 34, 0, 25, 27, 4, 36, 20, 24, 25, 21, 23, 49, 20, 49, 19, 16, 30, 22, 11, 25, 48, 36, 23, 32, 32, 0, 6, 7, 8], [36, 9, 39, 15, 28, 26, 11, 39, 1, 45, 49, 26, 12, 3, 49, 0, 17, 15, 45, 12, 36, 24, 8, 39, 5, 10, 7, 37, 24, 33, 45, 45, 34, 0, 26], [0, 0, 16, 24, 21, 29, 23, 6, 20, 35, 48, 4, 0, 21, 4, 15, 38, 37, 36, 14, 15, 46, 21, 41, 41, 39, 8, 0, 26, 36, 27, 19, 43, 28, 0], [32, 21, 37, 20, 26, 10, 9, 12, 9, 27, 44, 37, 17, 6, 6, 29, 38, 7, 0, 41, 11, 7, 21, 39, 0, 29, 16, 30, 5, 0, 14, 20, 39, 38, 31], [33, 26, 40, 39, 8, 4, 38, 14, 0, 15, 6, 49, 47, 39, 28, 0, 32, 22, 0, 28, 29, 9, 12, 44, 9, 40, 48, 8, 43, 33, 23, 48, 43, 34, 6], [43, 0, 17, 49, 39, 2, 0, 7, 25, 10, 32, 40, 33, 1, 16, 46, 42, 43, 5, 16, 45, 26, 25, 2, 22, 20, 22, 2, 1, 4, 10, 31, 40, 41, 19], [8, 2, 2, 36, 12, 20, 6, 34, 37, 16, 20, 34, 12, 34, 23, 44, 5, 31, 24, 49, 0, 10, 31, 0, 27, 28, 24, 17, 2, 49, 3, 26, 33, 3, 3], [25, 41, 38, 29, 13, 2, 16, 21, 33, 17, 38, 49, 23, 20, 33, 45, 0, 7, 31, 14, 48, 29, 31, 26, 32, 22, 20, 42, 14, 5, 24, 15, 36, 23, 0], [48, 41, 28, 43, 13, 24, 42, 28, 3, 49, 37, 26, 43, 30, 44, 36, 25, 16, 0, 30, 30, 2, 43, 10, 45, 12, 41, 34, 44, 15, 14, 26, 4, 8, 48], [32, 10, 4, 0, 0, 13, 0, 2, 34, 22, 28, 34, 35, 39, 22, 18, 22, 22, 3, 38, 38, 0, 3, 17, 22, 5, 11, 0, 23, 18, 1, 15, 41, 41, 43], [23, 28, 24, 8, 26, 13, 22, 29, 42, 30, 48, 38, 41, 43, 0, 47, 49, 0, 7, 40, 23, 26, 13, 46, 8, 10, 46, 2, 42, 38, 19, 38, 1, 14, 48], [33, 0, 4, 1, 18, 8, 23, 39, 15, 30, 0, 38, 0, 0, 19, 17, 48, 3, 44, 0, 40, 28, 0, 18, 36, 7, 18, 15, 15, 46, 24, 12, 14, 15, 41], [35, 20, 1, 12, 27, 3, 16, 35, 15, 2, 11, 11, 6, 15, 10, 35, 19, 43, 21, 40, 41, 0, 26, 25, 3, 30, 47, 43, 44, 0, 45, 19, 12, 13, 1], [10, 7, 29, 49, 27, 31, 45, 25, 35, 33, 28, 48, 32, 28, 21, 27, 14, 29, 7, 2, 47, 34, 17, 37, 24, 12, 38, 7, 11, 21, 15, 38, 26, 31, 33], [2, 0, 6, 18, 30, 39, 40, 44, 46, 28, 13, 9, 10, 47, 44, 7, 40, 24, 0, 35, 48, 13, 6, 6, 40, 14, 40, 48, 20, 37, 11, 17, 44, 2, 47], [48, 24, 19, 23, 6, 12, 31, 34, 40, 16, 0, 19, 34, 39, 34, 32, 0, 18, 0, 8, 38, 43, 42, 0, 24, 40, 33, 14, 18, 49, 35, 31, 0, 7, 21], [18, 34, 40, 0, 35, 46, 9, 27, 42, 7, 39, 35, 28, 45, 37, 20, 38, 49, 41, 2, 8, 40, 9, 0, 14, 20, 4, 35, 26, 36, 33, 41, 4, 37, 20], [21, 0, 35, 8, 0, 15, 49, 47, 42, 10, 9, 3, 31, 15, 32, 1, 0, 12, 34, 44, 0, 15, 6, 0, 31, 36, 6, 12, 38, 39, 19, 0, 0, 10, 43], [18, 18, 46, 14, 38, 32, 1, 45, 9, 0, 12, 43, 4, 0, 26, 12, 28, 24, 41, 36, 2, 18, 7, 6, 4, 18, 42, 8, 4, 42, 10, 42, 3, 36, 37], [2, 0, 15, 6, 21, 12, 43, 0, 10, 30, 17, 44, 22, 29, 0, 29, 0, 18, 1, 23, 28, 26, 31, 36, 46, 1, 31, 25, 38, 42, 24, 47, 46, 32, 46], [31, 32, 0, 20, 47, 24, 16, 19, 45, 38, 34, 34, 31, 37, 11, 48, 9, 42, 35, 34, 31, 3, 32, 31, 34, 45, 16, 30, 42, 36, 30, 17, 37, 11, 12], [0, 17, 15, 26, 25, 3, 0, 49, 38, 5, 0, 11, 42, 25, 29, 46, 32, 48, 25, 3, 14, 7, 4, 3, 7, 45, 47, 46, 25, 48, 34, 31, 36, 38, 45], [20, 3, 39, 9, 5, 20, 27, 30, 9, 2, 37, 5, 11, 17, 11, 27, 26, 8, 40, 8, 26, 35, 27, 19, 7, 30, 38, 31, 36, 32, 49, 21, 20, 0, 48], [1, 43, 34, 8, 31, 0, 31, 34, 34, 24, 38, 16, 9, 33, 38, 2, 22, 0, 22, 6, 9, 14, 33, 21, 34, 24, 4, 35, 18, 7, 29, 37, 43, 28, 46], [47, 19, 30, 10, 19, 20, 22, 13, 0, 5, 14, 28, 47, 31, 0, 11, 21, 27, 10, 45, 39, 49, 34, 17, 42, 45, 31, 15, 21, 22, 25, 27, 49, 4, 49], [47, 41, 24, 5, 4, 35, 7, 45, 3, 26, 25, 0, 2, 37, 22, 12, 13, 18, 40, 0, 39, 38, 47, 3, 1, 0, 14, 9, 20, 16, 29, 23, 23, 29, 17], [34, 29, 16, 29, 33, 31, 45, 11, 39, 23, 29, 38, 13, 11, 1, 28, 0, 43, 27, 0, 9, 38, 26, 0, 24, 16, 23, 15, 46, 0, 14, 40, 32, 15, 8], [4, 21, 19, 33, 29, 19, 39, 10, 37, 16, 23, 6, 24, 45, 30, 36, 29, 24, 46, 38, 23, 9, 36, 9, 13, 49, 19, 18, 25, 0, 17, 12, 45, 24, 37], [22, 21, 44, 23, 31, 14, 0, 45, 33, 16, 9, 25, 11, 26, 4, 44, 10, 20, 49, 15, 37, 33, 16, 26, 1, 47, 38, 16, 8, 12, 3, 5, 21, 18, 6], [12, 0, 49, 0, 9, 35, 14, 48, 46, 1, 15, 42, 44, 3, 48, 45, 2, 13, 25, 16, 47, 29, 24, 17, 20, 10, 30, 0, 44, 29, 20, 15, 34, 49, 14], [12, 29, 24, 30, 27, 31, 11, 33, 9, 3, 23, 10, 29, 47, 44, 39, 34, 28, 33, 25, 41, 32, 38, 28, 35, 37, 47, 24, 38, 9, 11, 40, 12, 26, 5], [49, 21, 44, 20, 13, 41, 39, 2, 25, 37, 26, 30, 20, 43, 29, 40, 45, 21, 6, 46, 46, 0, 2, 15, 47, 0, 35, 48, 35, 44, 6, 19, 17, 23, 41], [2, 29, 29, 1, 26, 17, 21, 16, 38, 41, 20, 40, 35, 29, 17, 20, 13, 31, 0, 7, 16, 28, 32, 42, 3, 20, 30, 11, 43, 18, 33, 35, 37, 29, 33], [4, 0, 32, 0, 43, 29, 16, 1, 8, 22, 5, 37, 16, 40, 13, 24, 24, 6, 17, 2, 0, 33, 33, 24, 45, 40, 46, 0, 33, 41, 44, 30, 13, 1, 34], [1, 0, 14, 4, 0, 16, 23, 43, 22, 47, 2, 42, 43, 4, 19, 40, 0, 41, 12, 0, 42, 19, 29, 43, 8, 43, 48, 11, 11, 26, 18, 16, 5, 9, 34], [22, 48, 7, 17, 20, 41, 36, 22, 49, 1, 31, 47, 4, 25, 32, 19, 39, 17, 8, 43, 8, 8, 4, 26, 39, 45, 0, 44, 21, 18, 0, 5, 22, 12, 43], [3, 26, 29, 4, 23, 12, 31, 43, 37, 19, 23, 7, 10, 31, 43, 41, 44, 42, 0, 43, 37, 9, 0, 30, 31, 30, 44, 21, 3, 47, 1, 49, 9, 0, 7], [45, 32, 32, 27, 42, 17, 25, 0, 5, 24, 9, 47, 25, 21, 4, 40, 17, 20, 23, 42, 36, 5, 1, 40, 36, 8, 42, 20, 33, 0, 11, 0, 2, 20, 13], [5, 4, 8, 48, 20, 0, 22, 39, 49, 40, 16, 16, 19, 21, 46, 20, 4, 38, 23, 35, 2, 14, 18, 46, 37, 49, 17, 18, 24, 1, 19, 36, 40, 27, 2], [29, 26, 43, 40, 32, 8, 4, 9, 0, 26, 32, 44, 23, 2, 1, 37, 15, 15, 35, 23, 6, 7, 40, 17, 14, 16, 28, 41, 10, 27, 6, 48, 0, 12, 48], [11, 26, 22, 48, 22, 48, 14, 22, 20, 15, 2, 44, 24, 6, 11, 34, 44, 19, 39, 13, 8, 1, 5, 18, 39, 37, 31, 3, 18, 13, 29, 26, 3, 21, 41], [35, 8, 38, 44, 41, 10, 0, 12, 0, 25, 2, 45, 43, 0, 30, 7, 36, 24, 39, 37, 33, 11, 7, 41, 14, 10, 3, 30, 27, 29, 19, 0, 0, 2, 7], [0, 48, 48, 16, 8, 26, 7, 33, 8, 18, 49, 38, 6, 46, 2, 49, 14, 11, 23, 13, 46, 9, 12, 30, 39, 42, 18, 14, 13, 25, 14, 8, 33, 47, 13], [41, 3, 4, 6, 13, 35, 30, 41, 45, 33, 0, 1, 33, 26, 9, 40, 22, 23, 9, 30, 9, 27, 5, 44, 0, 13, 35, 37, 48, 39, 20, 45, 45, 25, 0], [15, 31, 10, 22, 31, 15, 10, 7, 19, 33, 6, 44, 16, 30, 33, 34, 39, 49, 19, 37, 33, 1, 10, 43, 16, 24, 5, 41, 2, 31, 0, 0, 28, 15, 46], [49, 1, 33, 24, 48, 40, 13, 33, 46, 2, 2, 40, 2, 9, 16, 18, 43, 14, 45, 31, 17, 42, 42, 16, 7, 30, 8, 39, 16, 31, 38, 0, 19, 33, 21], [47, 21, 24, 43, 3, 24, 11, 18, 28, 33, 18, 45, 35, 25, 2, 29, 24, 0, 36, 4, 48, 32, 38, 10, 29, 47, 30, 33, 17, 6, 7, 17, 46, 44, 16], [32, 9, 0, 4, 46, 1, 31, 23, 45, 14, 23, 1, 0, 43, 46, 5, 10, 1, 20, 42, 4, 43, 46, 29, 39, 14, 7, 14, 29, 42, 49, 0, 41, 8, 39], [4, 4, 18, 19, 15, 15, 15, 3, 0, 7, 0, 32, 10, 1, 2, 40, 20, 18, 41, 32, 21, 14, 27, 9, 24, 16, 34, 29, 31, 7, 42, 42, 46, 9, 1], [49, 3, 36, 37, 40, 19, 27, 12, 14, 9, 10, 42, 36, 25, 13, 10, 12, 26, 39, 27, 27, 0, 23, 49, 1, 24, 3, 32, 11, 23, 38, 7, 13, 13, 37], [47, 23, 8, 29, 27, 7, 18, 49, 39, 4, 40, 45, 0, 22, 16, 0, 39, 32, 8, 8, 28, 38, 11, 31, 41, 34, 34, 6, 48, 24, 6, 37, 8, 47, 33], [10, 47, 29, 47, 14, 16, 6, 3, 49, 41, 11, 38, 29, 16, 0, 14, 41, 18, 21, 3, 20, 17, 24, 44, 13, 2, 37, 20, 45, 25, 17, 0, 9, 44, 25], [45, 39, 10, 40, 10, 38, 27, 9, 38, 11, 15, 37, 49, 26, 43, 35, 21, 34, 12, 16, 32, 37, 43, 30, 15, 46, 2, 35, 36, 32, 30, 0, 40, 28, 28], [19, 0, 1, 7, 31, 1, 13, 45, 44, 2, 33, 6, 27, 7, 7, 39, 1, 33, 17, 3, 9, 46, 28, 41, 40, 37, 3, 1, 37, 38, 45, 39, 47, 42, 48], [22, 24, 9, 21, 0, 14, 21, 26, 4, 13, 0, 0, 4, 42, 17, 0, 40, 31, 1, 38, 2, 0, 14, 39, 37, 30, 45, 23, 45, 40, 3, 0, 31, 24, 19], [44, 23, 2, 3, 33, 31, 13, 28, 20, 0, 0, 25, 22, 38, 25, 16, 0, 17, 36, 44, 25, 34, 11, 27, 5, 7, 14, 18, 30, 46, 34, 17, 1, 27, 42], [32, 44, 40, 0, 24, 20, 2, 46, 41, 16, 13, 37, 2, 37, 4, 16, 16, 36, 4, 43, 31, 27, 22, 19, 39, 30, 40, 19, 29, 7, 17, 49, 11, 4, 30], [11, 47, 29, 39, 37, 33, 7, 7, 0, 31, 11, 31, 2, 10, 33, 29, 23, 21, 19, 34, 33, 38, 22, 27, 15, 39, 40, 10, 16, 26, 13, 15, 42, 12, 25], [29, 2, 23, 18, 30, 0, 28, 20, 16, 24, 13, 29, 25, 48, 34, 16, 20, 47, 4, 41, 25, 4, 24, 1, 24, 47, 37, 9, 1, 38, 26, 49, 6, 8, 24], [34, 0, 30, 8, 6, 0, 47, 34, 8, 22, 44, 12, 0, 14, 12, 7, 33, 29, 0, 5, 16, 9, 29, 20, 30, 49, 23, 47, 32, 26, 13, 8, 40, 18, 41], [24, 41, 19, 47, 20, 0, 39, 29, 36, 29, 1, 43, 10, 47, 38, 23, 13, 22, 5, 30, 29, 17, 33, 10, 17, 22, 40, 14, 32, 22, 41, 20, 44, 14, 9], [43, 4, 15, 32, 3, 23, 34, 35, 16, 10, 22, 34, 13, 0, 48, 6, 19, 2, 30, 10, 26, 30, 10, 46, 23, 7, 27, 25, 40, 1, 45, 31, 30, 15, 41], [15, 12, 23, 47, 27, 49, 0, 5, 4, 16, 11, 37, 33, 29, 23, 38, 41, 41, 16, 6, 44, 16, 34, 7, 5, 37, 18, 10, 44, 14, 34, 48, 23, 40, 46], [46, 0, 34, 11, 19, 2, 46, 49, 20, 27, 13, 34, 48, 14, 48, 34, 30, 13, 21, 16, 6, 34, 11, 3, 33, 28, 0, 7, 21, 10, 39, 7, 5, 32, 20], [29, 38, 34, 38, 31, 23, 13, 4, 9, 21, 32, 3, 15, 3, 44, 8, 41, 43, 24, 1, 16, 36, 45, 39, 32, 4, 0, 2, 7, 37, 25, 37, 7, 15, 40], [11, 34, 28, 12, 26, 30, 13, 34, 34, 37, 3, 39, 19, 35, 15, 0, 15, 26, 42, 9, 11, 31, 38, 22, 7, 4, 0, 20, 18, 1, 30, 0, 16, 12, 30], [44, 24, 15, 39, 39, 32, 46, 47, 4, 7, 29, 16, 27, 38, 47, 37, 11, 30, 44, 23, 0, 0, 1, 17, 35, 0, 49, 4, 49, 46, 4, 21, 39, 22, 11], [23, 49, 42, 46, 16, 34, 23, 26, 5, 38, 8, 6, 0, 47, 5, 39, 5, 9, 11, 10, 38, 12, 28, 49, 4, 20, 40, 33, 48, 15, 5, 0, 18, 37, 37], [17, 32, 22, 18, 41, 41, 4, 25, 0, 24, 34, 38, 37, 46, 44, 33, 2, 1, 0, 29, 42, 46, 19, 26, 22, 10, 11, 36, 13, 6, 21, 10, 4, 29, 29], [13, 0, 0, 0, 1, 3, 14, 20, 14, 30, 5, 3, 2, 1, 10, 7, 20, 4, 18, 0, 15, 2, 11, 5, 11, 27, 28, 36, 40, 38, 11, 43, 31, 27, 44], [32, 24, 22, 9, 43, 40, 3, 22, 21, 46, 0, 26, 46, 20, 21, 30, 0, 17, 41, 36, 29, 4, 33, 3, 0, 45, 46, 26, 16, 41, 10, 44, 0, 0, 24], [18, 16, 45, 16, 11, 37, 18, 26, 45, 20, 2, 42, 0, 39, 0, 47, 44, 22, 9, 32, 11, 38, 49, 13, 48, 21, 27, 20, 21, 43, 22, 30, 25, 32, 38], [32, 46, 13, 10, 35, 0, 4, 10, 40, 12, 36, 37, 34, 41, 0, 6, 0, 2, 45, 21, 0, 25, 38, 0, 30, 11, 13, 28, 28, 45, 0, 37, 22, 22, 0], [13, 20, 25, 10, 12, 5, 33, 35, 6, 44, 36, 45, 47, 13, 21, 26, 0, 0, 4, 17, 5, 31, 9, 32, 8, 0, 34, 10, 44, 19, 14, 14, 21, 15, 0], [21, 19, 16, 1, 17, 4, 38, 24, 18, 28, 7, 23, 11, 43, 19, 22, 38, 33, 23, 4, 37, 26, 33, 2, 13, 0, 26, 18, 21, 15, 14, 49, 21, 7, 13]]
Maintenance cost in each period m: 
[9592, 11953, 12068, 11847, 12018, 11426, 10208, 10300, 12578, 12258, 10002, 11064, 11678, 9661, 9107, 11814, 12243, 9613, 9502, 10140, 10716, 12867, 11537, 12087, 12453, 9908, 12348, 9771, 11958, 11404, 11926, 12576, 11556, 10874, 9963]
Maximum capacity of the machine cmax: 
3075