Set of periods in the planning horizon T: 
25
Set of products P: 
70
Capacity reduction coefficient alpha: 
0.8
Relative decrease of capacity per set up gamma: 
0.33
Capacity reduction coefficient due to product types beta: 
[0.26, 0.4, 0.34, 0.38, 0.26, 0.28, 0.32, 0.34, 0.25, 0.36, 0.22, 0.27, 0.23, 0.26, 0.39, 0.2, 0.33, 0.24, 0.34, 0.25, 0.4, 0.39, 0.35, 0.23, 0.22, 0.4, 0.23, 0.38, 0.29, 0.35, 0.39, 0.36, 0.32, 0.37, 0.3, 0.26, 0.21, 0.33, 0.21, 0.26, 0.29, 0.32, 0.32, 0.28, 0.38, 0.23, 0.34, 0.3, 0.32, 0.27, 0.36, 0.22, 0.32, 0.39, 0.3, 0.24, 0.28, 0.27, 0.23, 0.37, 0.38, 0.23, 0.38, 0.28, 0.24, 0.36, 0.24, 0.21, 0.21, 0.33]
Fixed production cost of each product in each period f: 
[[572, 818, 513, 560, 856, 995, 559, 897, 916, 887, 664, 918, 655, 734, 650, 991, 506, 664, 771, 718, 948, 540, 934, 696, 808], [852, 555, 898, 947, 558, 772, 925, 983, 855, 816, 718, 736, 661, 637, 727, 601, 579, 561, 567, 849, 755, 631, 845, 666, 817], [816, 927, 511, 738, 840, 612, 853, 534, 910, 917, 605, 516, 519, 520, 515, 755, 707, 734, 702, 680, 913, 552, 576, 904, 583], [500, 930, 750, 580, 732, 896, 881, 674, 686, 988, 595, 647, 640, 623, 526, 821, 603, 610, 722, 631, 955, 903, 766, 682, 916], [638, 927, 625, 887, 953, 511, 707, 910, 962, 857, 694, 705, 636, 615, 635, 656, 667, 670, 534, 862, 569, 918, 993, 937, 600], [941, 593, 644, 882, 991, 518, 747, 801, 581, 826, 797, 902, 728, 975, 803, 592, 673, 746, 561, 664, 544, 712, 718, 905, 842], [863, 611, 542, 648, 632, 602, 988, 734, 960, 840, 715, 982, 698, 578, 944, 791, 636, 543, 921, 921, 810, 782, 575, 703, 936], [901, 535, 739, 656, 654, 721, 631, 618, 713, 961, 702, 644, 991, 638, 766, 955, 948, 523, 977, 620, 525, 675, 789, 950, 997], [827, 757, 880, 851, 907, 911, 662, 766, 893, 602, 689, 545, 599, 935, 644, 539, 573, 904, 734, 683, 571, 902, 913, 844, 819], [691, 935, 803, 922, 620, 815, 864, 844, 968, 563, 680, 624, 557, 551, 604, 662, 556, 886, 805, 710, 923, 818, 873, 727, 900], [814, 521, 837, 905, 573, 685, 789, 908, 689, 936, 746, 748, 884, 808, 915, 813, 816, 823, 525, 912, 687, 676, 952, 859, 936], [780, 939, 761, 904, 615, 653, 573, 954, 800, 904, 586, 989, 716, 600, 945, 863, 674, 935, 546, 577, 781, 873, 676, 587, 563], [598, 785, 750, 614, 609, 519, 646, 743, 902, 872, 745, 700, 562, 646, 920, 852, 749, 603, 881, 622, 632, 610, 951, 772, 951], [901, 785, 851, 852, 612, 932, 854, 979, 853, 744, 904, 896, 800, 939, 503, 509, 600, 603, 938, 751, 543, 839, 591, 806, 830], [982, 955, 986, 625, 834, 822, 582, 615, 833, 500, 932, 678, 573, 605, 993, 640, 947, 956, 830, 992, 596, 525, 560, 802, 790], [604, 634, 514, 647, 940, 813, 818, 588, 708, 648, 932, 862, 770, 842, 569, 922, 710, 594, 623, 896, 678, 596, 595, 597, 592], [521, 595, 630, 602, 801, 891, 787, 990, 656, 676, 547, 803, 961, 635, 626, 632, 942, 823, 850, 925, 654, 589, 540, 652, 717], [824, 658, 991, 929, 932, 576, 900, 871, 888, 835, 899, 754, 924, 552, 536, 988, 925, 647, 619, 515, 568, 672, 740, 724, 847], [830, 728, 998, 899, 939, 962, 734, 850, 777, 972, 533, 665, 843, 750, 555, 639, 792, 601, 818, 751, 611, 554, 775, 559, 721], [919, 765, 777, 852, 614, 671, 637, 922, 822, 881, 559, 771, 637, 910, 753, 995, 903, 855, 749, 845, 607, 806, 896, 998, 793], [537, 705, 506, 745, 868, 795, 939, 696, 899, 647, 984, 555, 910, 975, 566, 861, 591, 632, 617, 857, 728, 561, 769, 537, 834], [699, 667, 512, 508, 837, 821, 805, 846, 665, 677, 926, 555, 580, 599, 700, 684, 946, 567, 721, 665, 607, 593, 998, 781, 980], [748, 542, 670, 676, 593, 787, 667, 814, 825, 907, 842, 526, 575, 563, 726, 623, 682, 712, 722, 665, 526, 514, 686, 898, 663], [935, 815, 724, 936, 729, 978, 767, 740, 713, 814, 737, 880, 920, 532, 882, 780, 831, 578, 933, 963, 555, 979, 599, 987, 513], [622, 547, 676, 749, 977, 857, 696, 578, 972, 563, 657, 722, 985, 958, 904, 566, 972, 814, 875, 636, 653, 814, 909, 559, 858], [532, 985, 882, 931, 791, 913, 681, 966, 829, 890, 520, 971, 969, 862, 891, 874, 667, 790, 792, 714, 954, 777, 696, 783, 716], [704, 743, 883, 641, 860, 643, 685, 621, 833, 515, 545, 644, 639, 822, 979, 864, 633, 786, 902, 748, 948, 536, 638, 855, 578], [986, 595, 938, 590, 520, 677, 549, 776, 857, 527, 807, 655, 934, 826, 651, 865, 878, 576, 610, 601, 910, 501, 661, 887, 512], [721, 732, 873, 668, 948, 536, 780, 873, 953, 998, 555, 954, 890, 925, 661, 921, 732, 507, 598, 741, 801, 853, 674, 722, 938], [659, 676, 523, 868, 564, 941, 625, 956, 917, 799, 840, 552, 872, 758, 702, 840, 693, 594, 505, 574, 676, 598, 825, 846, 667], [891, 922, 518, 529, 814, 915, 721, 933, 545, 746, 578, 668, 960, 839, 928, 629, 733, 814, 893, 926, 942, 812, 525, 538, 786], [874, 631, 806, 511, 530, 541, 742, 948, 621, 516, 548, 536, 522, 522, 690, 657, 952, 824, 786, 755, 911, 641, 916, 783, 755], [692, 597, 896, 873, 756, 715, 789, 811, 701, 677, 554, 921, 601, 710, 653, 930, 954, 676, 707, 900, 898, 728, 886, 672, 645], [830, 658, 641, 835, 643, 864, 954, 783, 860, 547, 566, 865, 530, 714, 963, 964, 712, 678, 869, 630, 802, 617, 520, 892, 920], [641, 905, 984, 775, 691, 868, 737, 769, 748, 578, 781, 706, 505, 846, 684, 631, 807, 845, 588, 800, 818, 640, 628, 606, 867], [715, 991, 649, 936, 699, 795, 686, 906, 992, 564, 864, 904, 636, 896, 856, 643, 996, 774, 747, 822, 993, 667, 722, 963, 702], [554, 793, 667, 551, 755, 896, 541, 502, 913, 796, 978, 754, 517, 918, 799, 895, 647, 838, 934, 786, 956, 594, 895, 628, 913], [857, 719, 748, 664, 972, 833, 855, 937, 580, 525, 974, 540, 781, 657, 778, 571, 501, 950, 685, 504, 953, 682, 849, 721, 512], [787, 561, 586, 665, 817, 590, 664, 579, 811, 547, 734, 954, 578, 889, 860, 760, 623, 694, 989, 700, 709, 776, 720, 923, 873], [939, 657, 781, 891, 977, 650, 623, 524, 570, 937, 907, 542, 745, 675, 994, 654, 786, 820, 741, 574, 703, 742, 901, 535, 634], [829, 742, 947, 518, 546, 858, 687, 967, 679, 979, 692, 757, 923, 874, 999, 819, 849, 917, 980, 899, 829, 510, 561, 555, 581], [635, 544, 523, 884, 613, 733, 710, 608, 771, 737, 946, 810, 940, 673, 738, 562, 562, 886, 817, 768, 940, 999, 519, 971, 774], [662, 893, 542, 870, 701, 653, 927, 658, 501, 742, 888, 504, 664, 778, 544, 974, 645, 861, 614, 655, 901, 676, 843, 817, 717], [779, 876, 856, 924, 709, 973, 770, 700, 687, 948, 515, 721, 605, 521, 802, 544, 822, 868, 985, 692, 846, 964, 742, 853, 752], [619, 760, 781, 605, 720, 865, 623, 556, 583, 816, 640, 863, 801, 939, 966, 992, 801, 834, 924, 504, 644, 808, 579, 668, 859], [720, 720, 532, 571, 893, 867, 756, 890, 707, 741, 933, 949, 689, 676, 555, 875, 826, 558, 625, 710, 672, 710, 566, 675, 861], [625, 886, 713, 767, 984, 993, 997, 552, 780, 799, 507, 661, 898, 531, 809, 824, 855, 962, 577, 803, 573, 681, 581, 683, 636], [537, 842, 914, 939, 966, 613, 605, 667, 698, 870, 605, 621, 931, 636, 809, 547, 916, 823, 636, 676, 899, 720, 855, 676, 807], [575, 723, 827, 687, 608, 846, 778, 628, 500, 874, 606, 805, 737, 903, 708, 900, 912, 933, 655, 989, 881, 579, 930, 966, 617], [575, 727, 958, 566, 506, 981, 559, 634, 853, 529, 686, 509, 635, 942, 840, 651, 556, 567, 938, 873, 684, 664, 807, 610, 530], [535, 860, 700, 558, 845, 849, 757, 907, 962, 755, 710, 564, 677, 858, 750, 888, 823, 718, 916, 997, 543, 580, 829, 958, 525], [809, 545, 621, 951, 663, 539, 959, 999, 998, 530, 665, 772, 732, 988, 616, 527, 923, 714, 553, 884, 847, 686, 695, 825, 788], [775, 552, 922, 703, 520, 798, 896, 745, 945, 713, 817, 645, 723, 845, 876, 792, 659, 681, 761, 922, 739, 732, 575, 925, 882], [753, 594, 872, 807, 754, 788, 648, 981, 861, 929, 919, 958, 669, 545, 745, 501, 833, 843, 897, 534, 777, 722, 514, 894, 552], [960, 749, 677, 925, 914, 821, 533, 502, 511, 800, 673, 530, 868, 741, 948, 817, 977, 688, 720, 599, 892, 869, 998, 790, 686], [747, 552, 819, 967, 794, 915, 949, 515, 543, 749, 944, 602, 566, 819, 894, 753, 566, 598, 848, 639, 930, 679, 927, 503, 544], [592, 715, 976, 831, 804, 747, 606, 646, 536, 662, 896, 709, 561, 608, 529, 948, 507, 745, 763, 721, 632, 536, 572, 834, 659], [658, 908, 810, 700, 559, 785, 786, 605, 952, 955, 620, 799, 607, 511, 949, 553, 971, 768, 976, 895, 946, 721, 925, 964, 842], [775, 859, 687, 868, 823, 926, 727, 600, 810, 703, 588, 584, 568, 707, 961, 847, 587, 739, 539, 552, 986, 685, 577, 639, 852], [965, 741, 727, 781, 700, 546, 818, 629, 989, 551, 826, 611, 639, 928, 685, 637, 866, 562, 906, 698, 908, 511, 968, 643, 900], [961, 868, 522, 821, 877, 526, 949, 547, 820, 666, 629, 786, 880, 822, 997, 675, 651, 787, 586, 570, 939, 804, 528, 720, 900], [823, 526, 728, 506, 550, 873, 979, 603, 933, 891, 672, 574, 675, 873, 892, 531, 627, 784, 791, 697, 646, 864, 602, 535, 986], [848, 567, 783, 557, 639, 936, 675, 978, 549, 525, 669, 655, 540, 640, 777, 929, 980, 730, 856, 956, 675, 699, 877, 999, 691], [921, 562, 934, 819, 619, 873, 560, 594, 872, 551, 987, 582, 618, 623, 992, 549, 971, 564, 765, 787, 982, 896, 927, 992, 863], [718, 815, 556, 938, 779, 883, 932, 841, 763, 969, 525, 716, 697, 819, 851, 571, 604, 712, 614, 790, 943, 634, 664, 961, 728], [935, 637, 941, 617, 866, 673, 515, 835, 661, 907, 768, 968, 870, 689, 843, 978, 762, 988, 693, 999, 759, 664, 951, 514, 822], [933, 837, 689, 891, 709, 617, 599, 550, 731, 575, 685, 624, 528, 766, 596, 649, 728, 742, 650, 521, 737, 653, 774, 944, 767], [538, 564, 892, 737, 777, 972, 935, 957, 556, 748, 849, 630, 859, 725, 645, 627, 576, 512, 508, 578, 925, 759, 677, 939, 874], [998, 833, 998, 668, 954, 752, 643, 725, 644, 904, 629, 553, 722, 532, 965, 689, 703, 758, 884, 682, 546, 881, 954, 958, 769], [581, 847, 974, 680, 670, 784, 505, 833, 727, 831, 966, 776, 782, 838, 733, 839, 842, 780, 518, 602, 934, 822, 604, 859, 735]]
Variable production cost per unit of each product in each period p: 
[[13, 10, 11, 12, 12, 11, 13, 13, 12, 11, 13, 12, 12, 11, 13, 11, 10, 10, 12, 11, 11, 10, 11, 11, 11], [10, 13, 13, 10, 10, 11, 10, 12, 11, 11, 11, 12, 10, 13, 12, 10, 10, 13, 11, 10, 11, 13, 11, 13, 13], [11, 11, 11, 13, 13, 12, 12, 12, 11, 11, 12, 11, 10, 12, 10, 11, 13, 11, 11, 10, 10, 13, 11, 12, 13], [12, 10, 11, 13, 12, 12, 13, 11, 12, 10, 10, 10, 13, 11, 11, 11, 13, 10, 13, 13, 11, 10, 11, 12, 10], [12, 13, 12, 12, 10, 11, 10, 13, 11, 12, 13, 13, 11, 12, 10, 13, 12, 10, 10, 13, 13, 12, 11, 13, 10], [13, 12, 12, 11, 13, 11, 12, 11, 10, 13, 13, 11, 13, 12, 10, 11, 13, 10, 10, 13, 10, 11, 11, 11, 10], [13, 12, 12, 13, 10, 10, 11, 11, 13, 13, 11, 11, 11, 13, 11, 10, 13, 13, 13, 13, 13, 13, 13, 11, 10], [11, 12, 13, 12, 10, 13, 13, 10, 12, 11, 13, 13, 10, 13, 13, 13, 12, 12, 12, 13, 13, 10, 13, 12, 13], [10, 13, 12, 12, 10, 11, 10, 10, 10, 11, 10, 11, 11, 12, 10, 13, 11, 11, 11, 10, 13, 13, 10, 10, 11], [10, 13, 13, 10, 11, 13, 12, 13, 11, 10, 13, 10, 11, 10, 11, 13, 12, 12, 12, 12, 10, 12, 13, 11, 11], [10, 13, 10, 13, 11, 12, 13, 10, 10, 10, 11, 12, 13, 13, 11, 10, 10, 13, 13, 13, 11, 10, 13, 13, 13], [13, 12, 11, 12, 10, 12, 13, 11, 13, 12, 10, 10, 12, 11, 11, 12, 10, 13, 11, 13, 13, 12, 11, 10, 11], [12, 13, 10, 12, 12, 12, 12, 10, 11, 13, 13, 13, 10, 11, 13, 10, 12, 12, 12, 11, 10, 13, 10, 10, 10], [13, 10, 10, 13, 12, 11, 10, 11, 13, 13, 12, 11, 11, 11, 13, 11, 13, 10, 11, 12, 13, 11, 10, 13, 10], [10, 10, 13, 10, 12, 11, 11, 11, 13, 12, 10, 12, 12, 12, 12, 10, 10, 10, 11, 11, 12, 11, 12, 10, 10], [12, 11, 10, 10, 10, 10, 12, 11, 12, 12, 10, 10, 10, 10, 10, 10, 11, 10, 12, 12, 13, 11, 12, 12, 10], [10, 12, 12, 10, 11, 10, 11, 13, 13, 12, 11, 12, 10, 12, 12, 10, 11, 10, 10, 10, 10, 12, 11, 12, 12], [10, 13, 10, 12, 10, 13, 13, 12, 13, 11, 13, 12, 11, 11, 11, 10, 12, 10, 12, 12, 13, 10, 11, 13, 10], [12, 11, 12, 12, 11, 13, 12, 13, 13, 10, 10, 12, 13, 11, 12, 10, 10, 13, 12, 11, 11, 11, 12, 12, 12], [13, 13, 13, 13, 11, 12, 13, 12, 10, 10, 12, 10, 10, 13, 13, 13, 11, 12, 10, 10, 11, 13, 13, 10, 11], [13, 13, 13, 11, 11, 12, 12, 10, 11, 13, 10, 12, 12, 12, 10, 11, 12, 12, 13, 10, 13, 11, 11, 10, 12], [11, 10, 13, 12, 13, 13, 12, 11, 11, 10, 12, 13, 10, 12, 10, 10, 13, 12, 13, 13, 13, 13, 10, 11, 11], [11, 10, 13, 10, 11, 12, 10, 13, 10, 12, 12, 13, 12, 12, 10, 12, 13, 10, 12, 10, 13, 13, 10, 12, 11], [13, 12, 12, 13, 13, 11, 10, 12, 12, 11, 12, 12, 10, 10, 12, 11, 10, 13, 11, 11, 10, 12, 11, 13, 12], [12, 11, 12, 10, 11, 13, 11, 13, 11, 13, 10, 12, 10, 12, 12, 12, 12, 12, 13, 12, 10, 12, 11, 10, 11], [12, 10, 13, 11, 13, 10, 11, 12, 10, 12, 12, 10, 12, 13, 10, 11, 12, 11, 13, 12, 10, 12, 10, 11, 11], [12, 12, 13, 13, 13, 10, 12, 10, 12, 10, 10, 10, 13, 12, 11, 12, 11, 10, 13, 12, 12, 13, 13, 13, 11], [12, 12, 12, 13, 13, 13, 11, 11, 12, 11, 10, 12, 13, 13, 11, 11, 11, 12, 12, 13, 10, 13, 13, 12, 12], [13, 10, 13, 10, 10, 10, 13, 13, 11, 12, 11, 13, 11, 12, 12, 13, 13, 11, 13, 11, 12, 12, 11, 12, 10], [10, 13, 10, 12, 12, 10, 10, 11, 12, 13, 10, 10, 12, 10, 10, 13, 11, 10, 12, 12, 12, 13, 10, 13, 11], [11, 13, 11, 12, 11, 12, 13, 11, 12, 10, 13, 12, 10, 11, 13, 10, 12, 11, 12, 11, 13, 13, 12, 11, 13], [12, 11, 12, 11, 11, 13, 10, 11, 11, 13, 12, 12, 12, 12, 12, 12, 10, 12, 11, 12, 11, 12, 13, 10, 13], [11, 12, 12, 10, 10, 11, 10, 10, 13, 12, 10, 13, 11, 10, 12, 13, 10, 13, 12, 10, 10, 13, 11, 12, 12], [11, 11, 13, 12, 12, 11, 10, 11, 11, 10, 12, 10, 13, 10, 13, 12, 10, 12, 10, 11, 10, 12, 12, 11, 13], [11, 10, 11, 12, 10, 11, 11, 10, 11, 10, 13, 12, 12, 12, 11, 11, 12, 13, 11, 12, 13, 12, 12, 10, 13], [10, 13, 12, 12, 11, 11, 12, 12, 10, 12, 11, 11, 12, 12, 11, 11, 10, 10, 10, 13, 13, 13, 11, 10, 13], [11, 12, 10, 10, 10, 12, 10, 13, 12, 12, 13, 12, 12, 10, 12, 12, 10, 13, 12, 12, 10, 10, 10, 10, 12], [12, 11, 12, 13, 10, 12, 13, 10, 13, 13, 11, 12, 13, 13, 11, 10, 12, 13, 11, 11, 13, 11, 11, 11, 12], [11, 12, 10, 12, 10, 11, 10, 10, 11, 12, 13, 12, 10, 10, 11, 13, 10, 12, 12, 11, 13, 10, 11, 10, 10], [10, 13, 13, 10, 13, 11, 10, 10, 11, 11, 10, 10, 10, 10, 10, 11, 13, 12, 10, 10, 11, 10, 10, 12, 13], [10, 10, 10, 10, 12, 10, 10, 10, 11, 12, 10, 12, 12, 11, 11, 13, 13, 13, 11, 13, 13, 10, 11, 13, 12], [11, 12, 10, 11, 11, 12, 12, 10, 13, 12, 11, 12, 12, 12, 12, 13, 11, 11, 10, 11, 11, 10, 12, 12, 10], [10, 10, 11, 10, 11, 13, 11, 11, 10, 10, 12, 13, 10, 10, 13, 13, 12, 13, 12, 13, 13, 11, 13, 10, 12], [11, 13, 10, 12, 11, 12, 10, 11, 11, 10, 11, 10, 12, 13, 11, 12, 11, 12, 10, 10, 12, 13, 11, 11, 11], [10, 11, 10, 11, 13, 10, 11, 13, 10, 12, 12, 13, 11, 11, 12, 12, 13, 10, 13, 10, 11, 11, 13, 10, 11], [13, 13, 13, 10, 11, 11, 12, 10, 11, 10, 13, 12, 10, 10, 13, 12, 12, 12, 12, 10, 13, 11, 11, 11, 13], [13, 10, 13, 13, 10, 11, 12, 12, 13, 11, 12, 11, 11, 12, 13, 10, 11, 11, 13, 12, 13, 12, 10, 12, 13], [12, 10, 10, 10, 10, 12, 11, 11, 13, 13, 11, 12, 11, 12, 10, 13, 12, 10, 13, 11, 12, 10, 13, 10, 12], [11, 13, 11, 11, 10, 12, 11, 10, 13, 11, 11, 11, 12, 10, 11, 11, 13, 13, 10, 10, 12, 12, 10, 12, 12], [10, 11, 10, 13, 13, 11, 11, 13, 13, 13, 11, 12, 11, 12, 11, 13, 12, 10, 10, 11, 11, 10, 13, 12, 11], [13, 11, 10, 10, 11, 13, 13, 13, 10, 11, 12, 11, 12, 13, 10, 10, 11, 10, 13, 12, 13, 12, 10, 13, 11], [11, 11, 10, 11, 12, 10, 10, 10, 13, 11, 13, 11, 10, 13, 12, 11, 13, 10, 10, 13, 13, 10, 12, 13, 10], [12, 10, 10, 10, 12, 11, 12, 12, 10, 13, 10, 10, 12, 10, 12, 11, 13, 13, 11, 12, 11, 11, 11, 10, 11], [10, 12, 13, 11, 11, 10, 11, 13, 10, 13, 13, 12, 11, 13, 13, 13, 10, 12, 13, 10, 12, 11, 12, 13, 12], [13, 12, 10, 10, 12, 13, 12, 10, 10, 12, 11, 13, 12, 13, 12, 11, 13, 12, 11, 12, 11, 11, 10, 12, 11], [13, 11, 12, 13, 13, 11, 12, 12, 12, 10, 10, 11, 11, 11, 12, 12, 10, 10, 13, 12, 11, 13, 11, 12, 13], [11, 12, 13, 11, 11, 11, 12, 13, 13, 12, 12, 10, 10, 12, 13, 12, 13, 12, 11, 11, 12, 10, 11, 10, 10], [12, 11, 12, 13, 10, 11, 12, 13, 13, 10, 13, 10, 12, 12, 13, 13, 11, 11, 12, 10, 12, 12, 11, 10, 12], [13, 12, 10, 10, 11, 13, 12, 10, 13, 12, 12, 13, 12, 12, 13, 10, 10, 10, 13, 12, 12, 12, 12, 10, 13], [13, 10, 10, 10, 12, 12, 11, 10, 13, 13, 11, 13, 12, 12, 12, 13, 10, 12, 12, 12, 12, 10, 13, 12, 11], [13, 12, 12, 11, 10, 12, 13, 10, 11, 12, 13, 13, 10, 11, 10, 10, 13, 11, 13, 12, 10, 10, 11, 12, 13], [11, 11, 12, 12, 10, 11, 11, 13, 10, 12, 10, 12, 10, 12, 10, 12, 12, 12, 12, 12, 13, 11, 12, 12, 13], [12, 13, 12, 11, 10, 13, 13, 12, 12, 13, 12, 13, 12, 12, 11, 11, 13, 12, 12, 10, 13, 11, 10, 12, 10], [13, 13, 10, 12, 11, 10, 12, 11, 12, 10, 10, 11, 10, 13, 11, 13, 12, 11, 12, 13, 11, 12, 11, 12, 12], [11, 10, 11, 12, 13, 13, 12, 12, 13, 12, 12, 10, 13, 12, 11, 13, 11, 11, 11, 13, 12, 13, 13, 11, 12], [13, 12, 12, 13, 12, 11, 11, 10, 10, 10, 12, 10, 11, 12, 13, 12, 11, 10, 11, 10, 10, 10, 10, 12, 10], [13, 10, 10, 12, 11, 10, 12, 11, 10, 10, 13, 13, 13, 11, 13, 10, 13, 13, 12, 10, 13, 13, 11, 13, 12], [11, 11, 13, 11, 12, 10, 13, 13, 10, 10, 12, 13, 13, 13, 13, 10, 10, 12, 11, 11, 11, 10, 11, 10, 13], [10, 11, 11, 13, 10, 10, 11, 10, 10, 12, 11, 12, 12, 13, 12, 10, 10, 12, 10, 10, 10, 13, 12, 11, 10], [10, 11, 12, 10, 12, 10, 13, 12, 11, 10, 10, 10, 10, 12, 11, 13, 10, 12, 13, 10, 12, 11, 11, 12, 13]]
Inventory holding cost per unit of each product by the end of each period h: 
[[6, 5, 7, 6, 9, 8, 7, 8, 8, 8, 6, 9, 6, 8, 7, 6, 9, 7, 6, 8, 7, 9, 7, 8, 7], [7, 6, 7, 5, 5, 6, 8, 9, 6, 9, 6, 7, 6, 8, 7, 6, 9, 7, 6, 8, 9, 9, 6, 8, 6], [8, 5, 5, 7, 9, 9, 9, 8, 8, 8, 8, 6, 5, 6, 9, 5, 5, 5, 7, 5, 6, 7, 9, 5, 7], [7, 7, 7, 8, 5, 7, 5, 8, 6, 6, 8, 9, 9, 7, 9, 6, 5, 9, 5, 6, 8, 7, 5, 8, 9], [6, 8, 8, 8, 5, 9, 5, 6, 8, 7, 6, 9, 8, 9, 6, 5, 6, 7, 8, 6, 7, 6, 9, 5, 8], [6, 5, 7, 9, 8, 8, 8, 5, 6, 9, 6, 9, 6, 8, 7, 6, 8, 8, 9, 7, 6, 8, 8, 8, 9], [5, 5, 5, 9, 9, 8, 6, 6, 9, 6, 6, 6, 7, 7, 8, 7, 7, 6, 9, 6, 8, 8, 6, 7, 7], [8, 7, 9, 8, 5, 5, 9, 8, 5, 5, 8, 6, 7, 9, 9, 7, 8, 8, 8, 5, 9, 8, 5, 9, 9], [7, 5, 5, 7, 9, 6, 6, 8, 6, 9, 7, 5, 7, 9, 6, 9, 7, 5, 6, 9, 9, 5, 7, 9, 6], [5, 9, 7, 6, 8, 6, 6, 7, 8, 7, 5, 7, 8, 7, 9, 9, 9, 8, 7, 5, 9, 7, 9, 5, 5], [9, 7, 7, 7, 5, 8, 9, 5, 5, 5, 8, 8, 8, 5, 9, 9, 9, 7, 9, 6, 5, 8, 5, 8, 5], [7, 6, 9, 5, 7, 9, 8, 8, 5, 5, 5, 6, 9, 9, 7, 6, 8, 5, 6, 7, 9, 5, 6, 5, 7], [6, 5, 5, 9, 7, 7, 7, 5, 5, 7, 9, 8, 9, 5, 8, 9, 5, 8, 6, 5, 9, 5, 8, 8, 6], [8, 8, 9, 7, 8, 9, 8, 6, 6, 9, 6, 5, 7, 5, 5, 5, 7, 6, 6, 8, 5, 5, 7, 9, 8], [5, 7, 5, 9, 9, 9, 9, 5, 5, 6, 8, 7, 8, 8, 7, 7, 6, 6, 9, 6, 8, 7, 7, 5, 8], [7, 5, 5, 8, 9, 6, 8, 5, 6, 7, 6, 9, 5, 8, 9, 7, 9, 7, 5, 9, 8, 9, 9, 5, 6], [7, 9, 9, 9, 7, 5, 5, 6, 5, 6, 9, 6, 7, 9, 6, 5, 6, 9, 5, 7, 8, 6, 5, 7, 7], [7, 7, 7, 6, 5, 6, 7, 9, 9, 9, 9, 7, 7, 8, 7, 7, 5, 7, 8, 6, 8, 6, 5, 7, 8], [9, 6, 9, 9, 9, 5, 8, 7, 9, 9, 7, 8, 6, 5, 5, 6, 6, 9, 6, 8, 9, 8, 9, 8, 6], [5, 9, 8, 9, 5, 7, 6, 7, 6, 8, 9, 6, 7, 7, 6, 8, 8, 7, 6, 8, 5, 5, 7, 6, 6], [8, 6, 7, 8, 5, 9, 9, 7, 9, 5, 7, 8, 5, 6, 5, 6, 9, 8, 9, 8, 6, 9, 8, 8, 7], [9, 7, 7, 6, 9, 7, 9, 7, 7, 9, 5, 5, 8, 9, 9, 9, 7, 5, 6, 9, 6, 9, 5, 8, 8], [8, 6, 8, 5, 8, 5, 6, 5, 6, 5, 6, 6, 5, 5, 6, 6, 9, 9, 8, 8, 6, 6, 8, 6, 6], [6, 8, 5, 9, 5, 9, 7, 6, 9, 7, 6, 8, 8, 5, 9, 9, 9, 9, 5, 5, 6, 9, 7, 6, 6], [6, 9, 6, 6, 9, 6, 8, 5, 9, 5, 9, 5, 5, 7, 8, 7, 9, 8, 8, 8, 9, 7, 8, 7, 5], [9, 5, 6, 7, 6, 6, 9, 5, 9, 8, 5, 6, 5, 7, 8, 9, 7, 9, 9, 6, 5, 7, 5, 7, 6], [6, 5, 6, 6, 8, 5, 6, 6, 9, 9, 8, 9, 9, 5, 7, 7, 9, 6, 5, 6, 6, 8, 5, 5, 5], [8, 6, 6, 8, 9, 7, 8, 8, 5, 6, 6, 6, 6, 7, 6, 5, 7, 5, 5, 9, 6, 7, 9, 9, 5], [5, 5, 5, 6, 9, 5, 9, 5, 6, 8, 8, 8, 7, 7, 7, 9, 6, 5, 7, 6, 5, 6, 9, 9, 9], [6, 9, 6, 8, 9, 6, 5, 5, 6, 9, 8, 7, 7, 5, 9, 5, 9, 7, 6, 6, 9, 6, 5, 5, 8], [6, 6, 5, 8, 5, 7, 8, 7, 9, 8, 7, 9, 7, 9, 6, 9, 7, 7, 5, 8, 6, 9, 9, 7, 8], [8, 6, 6, 5, 7, 9, 8, 8, 6, 9, 9, 8, 9, 6, 9, 5, 5, 8, 7, 7, 8, 8, 8, 5, 5], [8, 7, 7, 6, 9, 6, 6, 7, 9, 8, 7, 8, 9, 8, 7, 5, 7, 8, 5, 5, 9, 8, 6, 7, 5], [6, 8, 5, 9, 8, 7, 9, 6, 7, 5, 7, 7, 7, 8, 7, 7, 6, 8, 6, 6, 8, 8, 5, 8, 9], [7, 9, 9, 9, 5, 7, 9, 9, 6, 5, 7, 5, 7, 6, 7, 9, 8, 7, 5, 9, 5, 6, 6, 5, 8], [5, 8, 7, 5, 6, 8, 6, 8, 6, 9, 6, 8, 9, 8, 7, 5, 5, 7, 5, 9, 8, 6, 5, 9, 8], [9, 7, 8, 7, 5, 7, 5, 8, 5, 6, 9, 8, 7, 5, 8, 5, 8, 5, 9, 6, 7, 9, 5, 6, 6], [7, 5, 9, 8, 9, 6, 8, 5, 5, 7, 5, 5, 6, 8, 7, 9, 9, 7, 8, 5, 7, 6, 7, 5, 5], [7, 7, 6, 6, 8, 5, 7, 7, 7, 9, 8, 9, 6, 8, 9, 7, 8, 7, 7, 5, 9, 5, 8, 6, 6], [9, 6, 7, 6, 9, 5, 6, 7, 7, 6, 5, 5, 6, 7, 7, 5, 7, 5, 9, 8, 8, 5, 5, 7, 8], [9, 9, 5, 6, 8, 5, 8, 8, 5, 9, 5, 7, 7, 9, 8, 6, 8, 6, 8, 9, 6, 9, 5, 7, 7], [8, 9, 9, 8, 9, 9, 8, 7, 7, 8, 5, 5, 7, 7, 8, 5, 5, 9, 5, 7, 5, 8, 6, 9, 9], [8, 5, 8, 9, 5, 7, 8, 8, 8, 6, 8, 7, 6, 8, 9, 7, 7, 8, 7, 6, 8, 5, 5, 9, 9], [7, 9, 6, 7, 9, 6, 9, 8, 5, 7, 9, 8, 5, 8, 9, 8, 9, 6, 6, 5, 8, 7, 9, 8, 8], [6, 5, 5, 9, 6, 6, 6, 8, 5, 6, 6, 8, 8, 8, 5, 7, 8, 8, 6, 7, 5, 6, 7, 5, 5], [7, 8, 5, 5, 5, 6, 5, 9, 7, 9, 8, 5, 9, 6, 6, 8, 6, 8, 9, 7, 9, 6, 9, 7, 8], [9, 9, 7, 5, 8, 9, 6, 6, 9, 9, 6, 5, 9, 6, 6, 5, 8, 8, 6, 6, 5, 7, 6, 6, 5], [9, 5, 9, 5, 6, 8, 9, 8, 6, 8, 8, 7, 5, 6, 5, 8, 7, 5, 9, 7, 9, 8, 6, 8, 9], [5, 5, 5, 5, 9, 9, 9, 7, 6, 6, 9, 7, 8, 8, 5, 8, 8, 8, 9, 8, 6, 5, 5, 6, 6], [7, 9, 5, 5, 9, 9, 8, 7, 9, 5, 6, 9, 5, 5, 8, 9, 6, 7, 6, 9, 6, 9, 5, 6, 8], [9, 9, 7, 7, 6, 5, 5, 6, 9, 5, 5, 5, 7, 7, 9, 6, 5, 9, 8, 7, 7, 8, 8, 5, 6], [5, 6, 6, 6, 5, 6, 6, 6, 5, 9, 9, 6, 6, 5, 8, 9, 5, 9, 9, 9, 8, 9, 7, 7, 9], [5, 8, 8, 8, 6, 6, 9, 6, 9, 6, 5, 5, 6, 5, 8, 9, 9, 7, 6, 6, 7, 8, 5, 7, 5], [9, 9, 6, 6, 5, 9, 9, 6, 6, 5, 6, 9, 8, 8, 8, 6, 9, 8, 5, 5, 7, 5, 6, 6, 7], [7, 7, 9, 5, 5, 6, 7, 7, 9, 8, 8, 5, 6, 8, 5, 6, 6, 7, 6, 9, 5, 7, 5, 8, 7], [5, 6, 6, 5, 8, 6, 5, 5, 7, 5, 7, 6, 7, 5, 8, 5, 8, 6, 8, 9, 5, 7, 6, 8, 5], [9, 8, 8, 8, 7, 6, 7, 7, 7, 6, 5, 6, 8, 7, 6, 7, 8, 7, 7, 7, 6, 6, 6, 9, 6], [6, 5, 8, 6, 6, 6, 5, 7, 9, 9, 6, 6, 6, 8, 5, 8, 6, 9, 6, 5, 5, 6, 5, 7, 6], [7, 5, 5, 9, 8, 8, 7, 5, 9, 6, 9, 9, 7, 9, 8, 7, 9, 9, 5, 9, 8, 8, 5, 6, 6], [9, 9, 5, 6, 9, 5, 5, 9, 5, 5, 9, 9, 8, 8, 8, 5, 7, 6, 6, 9, 5, 5, 9, 5, 8], [6, 9, 6, 9, 6, 5, 6, 9, 9, 6, 8, 7, 5, 8, 8, 8, 8, 8, 8, 8, 8, 5, 5, 6, 7], [9, 6, 7, 8, 8, 6, 5, 9, 7, 8, 5, 9, 7, 9, 7, 9, 6, 6, 7, 9, 9, 7, 7, 5, 6], [9, 9, 6, 5, 8, 9, 8, 8, 7, 9, 7, 5, 6, 9, 6, 6, 8, 6, 5, 8, 9, 8, 8, 5, 9], [9, 9, 7, 7, 6, 9, 9, 8, 6, 8, 7, 5, 8, 8, 7, 6, 7, 8, 6, 5, 6, 7, 9, 9, 7], [7, 5, 8, 7, 9, 8, 5, 9, 8, 8, 7, 5, 8, 6, 5, 6, 5, 8, 8, 8, 6, 5, 9, 8, 6], [9, 7, 5, 8, 6, 7, 6, 7, 6, 8, 9, 9, 7, 7, 5, 9, 7, 5, 9, 7, 8, 5, 8, 8, 8], [5, 7, 6, 8, 5, 9, 5, 5, 7, 5, 9, 6, 6, 7, 9, 7, 7, 8, 7, 7, 9, 5, 7, 6, 5], [5, 8, 5, 7, 9, 5, 7, 6, 9, 7, 7, 8, 7, 8, 7, 9, 8, 5, 8, 7, 6, 9, 6, 8, 9], [8, 6, 9, 7, 9, 8, 5, 7, 8, 6, 8, 5, 6, 9, 6, 8, 6, 8, 8, 5, 8, 7, 7, 7, 7], [8, 6, 8, 8, 5, 7, 9, 5, 6, 8, 9, 7, 6, 7, 7, 9, 6, 7, 6, 9, 9, 6, 8, 7, 5]]
Demand for each product in each period d: 
[[41, 0, 36, 8, 35, 35, 15, 28, 42, 31, 22, 39, 27, 4, 38, 33, 9, 41, 8, 15, 1, 0, 48, 6, 48], [0, 34, 16, 3, 15, 31, 28, 18, 41, 12, 43, 30, 49, 24, 21, 0, 4, 40, 9, 29, 41, 36, 9, 36, 4], [15, 23, 0, 0, 31, 19, 16, 38, 16, 35, 33, 22, 35, 36, 9, 11, 31, 26, 31, 47, 15, 32, 18, 11, 8], [39, 1, 36, 12, 15, 10, 19, 42, 32, 35, 25, 45, 25, 21, 39, 28, 11, 1, 19, 5, 43, 44, 30, 42, 23], [48, 13, 22, 36, 48, 22, 29, 49, 4, 15, 12, 36, 43, 15, 34, 0, 0, 10, 35, 43, 35, 28, 32, 19, 33], [42, 42, 45, 0, 36, 10, 20, 9, 45, 0, 0, 0, 13, 48, 49, 5, 38, 17, 46, 30, 8, 10, 28, 9, 39], [9, 20, 39, 34, 38, 6, 3, 23, 6, 22, 3, 39, 23, 26, 7, 11, 9, 28, 0, 17, 27, 44, 25, 32, 42], [27, 16, 45, 8, 47, 33, 23, 15, 49, 1, 12, 29, 6, 15, 13, 19, 30, 3, 4, 9, 1, 27, 47, 20, 17], [44, 44, 2, 17, 49, 32, 40, 41, 3, 33, 32, 6, 38, 11, 19, 1, 39, 26, 41, 12, 0, 8, 41, 47, 8], [11, 37, 18, 43, 6, 33, 44, 46, 31, 0, 30, 22, 49, 37, 3, 4, 11, 23, 23, 39, 38, 17, 0, 32, 31], [4, 17, 7, 18, 30, 17, 19, 14, 27, 37, 20, 9, 45, 16, 22, 9, 47, 15, 33, 22, 9, 39, 41, 3, 13], [0, 0, 0, 24, 28, 22, 19, 4, 14, 29, 21, 36, 45, 29, 47, 4, 7, 18, 9, 19, 0, 40, 6, 22, 47], [34, 29, 11, 47, 47, 43, 19, 26, 31, 48, 10, 1, 13, 19, 40, 44, 8, 34, 10, 6, 11, 46, 20, 28, 35], [45, 31, 20, 36, 29, 14, 1, 6, 2, 0, 29, 25, 36, 0, 25, 22, 39, 2, 26, 26, 11, 30, 6, 0, 1], [43, 38, 9, 23, 24, 25, 23, 29, 12, 1, 21, 1, 0, 5, 18, 8, 29, 39, 17, 7, 8, 45, 41, 3, 0], [0, 27, 1, 32, 19, 8, 36, 2, 6, 5, 22, 27, 0, 45, 38, 49, 34, 13, 13, 20, 16, 36, 8, 9, 1], [39, 9, 22, 23, 16, 31, 37, 26, 35, 26, 28, 18, 46, 34, 15, 44, 24, 2, 44, 9, 15, 16, 46, 7, 42], [24, 1, 41, 38, 24, 35, 0, 33, 18, 7, 6, 18, 26, 4, 0, 49, 5, 13, 27, 49, 16, 10, 10, 44, 47], [1, 28, 42, 35, 20, 2, 0, 24, 14, 39, 0, 21, 37, 23, 30, 42, 28, 40, 6, 27, 28, 12, 2, 5, 46], [11, 11, 8, 36, 19, 7, 42, 4, 29, 47, 2, 13, 0, 37, 19, 43, 24, 35, 18, 0, 35, 28, 1, 38, 16], [33, 6, 17, 28, 33, 34, 5, 25, 20, 18, 12, 33, 9, 0, 44, 41, 19, 40, 25, 36, 39, 3, 40, 8, 26], [1, 32, 32, 42, 41, 25, 24, 15, 1, 37, 23, 46, 48, 13, 15, 5, 36, 28, 40, 0, 0, 5, 2, 2, 38], [1, 2, 26, 26, 0, 17, 21, 43, 27, 45, 20, 8, 48, 35, 21, 47, 0, 49, 37, 11, 0, 15, 0, 4, 31], [18, 7, 20, 37, 33, 36, 10, 28, 8, 14, 22, 20, 7, 28, 39, 42, 19, 0, 44, 2, 39, 38, 47, 33, 44], [35, 0, 4, 46, 15, 36, 34, 0, 41, 0, 0, 49, 35, 14, 44, 30, 1, 0, 29, 45, 27, 49, 21, 47, 33], [0, 25, 10, 38, 39, 10, 49, 33, 4, 2, 13, 28, 30, 42, 24, 45, 23, 35, 29, 44, 20, 48, 40, 24, 4], [17, 15, 24, 0, 27, 21, 19, 11, 33, 8, 21, 22, 47, 49, 6, 24, 47, 0, 30, 19, 25, 31, 26, 1, 20], [23, 5, 8, 2, 17, 20, 39, 18, 7, 21, 47, 16, 5, 7, 25, 9, 35, 37, 6, 10, 40, 49, 34, 6, 8], [34, 22, 39, 38, 20, 30, 23, 37, 29, 13, 3, 24, 40, 38, 3, 39, 13, 5, 11, 27, 30, 0, 0, 25, 47], [27, 1, 48, 34, 2, 9, 15, 23, 40, 28, 44, 30, 19, 41, 24, 38, 38, 13, 28, 20, 0, 34, 31, 26, 26], [35, 5, 6, 24, 27, 21, 31, 20, 2, 18, 38, 41, 19, 8, 49, 41, 42, 42, 7, 0, 37, 16, 12, 29, 12], [11, 6, 20, 24, 26, 42, 0, 30, 29, 40, 0, 33, 0, 12, 32, 32, 36, 35, 22, 42, 16, 41, 27, 2, 15], [20, 47, 47, 11, 15, 1, 24, 23, 41, 6, 20, 35, 38, 0, 29, 27, 46, 14, 14, 1, 28, 0, 39, 46, 36], [5, 13, 47, 0, 18, 0, 46, 46, 44, 24, 25, 14, 19, 0, 23, 32, 7, 1, 17, 42, 40, 44, 34, 33, 33], [0, 25, 6, 41, 37, 26, 5, 5, 30, 27, 5, 15, 18, 43, 9, 20, 20, 34, 47, 28, 11, 0, 30, 23, 30], [20, 10, 47, 44, 16, 11, 45, 13, 0, 44, 32, 8, 33, 41, 18, 28, 48, 48, 3, 45, 2, 39, 8, 31, 18], [0, 22, 36, 9, 23, 45, 0, 29, 23, 11, 3, 17, 26, 19, 48, 11, 32, 32, 37, 11, 22, 36, 27, 30, 24], [12, 26, 0, 27, 9, 43, 26, 23, 25, 46, 30, 27, 49, 26, 4, 44, 20, 0, 28, 42, 15, 47, 1, 29, 9], [33, 22, 37, 45, 0, 5, 29, 25, 44, 27, 30, 10, 43, 34, 32, 49, 37, 48, 0, 36, 15, 47, 32, 23, 17], [44, 18, 19, 49, 11, 49, 0, 5, 12, 32, 20, 41, 11, 41, 0, 2, 36, 13, 0, 36, 44, 12, 17, 23, 18], [25, 4, 3, 38, 13, 45, 22, 22, 21, 0, 34, 48, 13, 8, 0, 44, 9, 0, 13, 39, 2, 6, 16, 32, 36], [1, 26, 32, 49, 9, 31, 41, 6, 40, 38, 11, 30, 9, 48, 28, 41, 7, 9, 21, 25, 35, 5, 16, 21, 4], [27, 28, 29, 0, 45, 47, 7, 30, 9, 11, 31, 11, 21, 48, 49, 18, 33, 14, 36, 0, 0, 6, 35, 42, 31], [39, 13, 2, 47, 19, 30, 22, 18, 36, 16, 43, 0, 26, 38, 0, 3, 13, 0, 46, 43, 11, 44, 6, 25, 31], [0, 27, 0, 0, 25, 49, 11, 43, 30, 27, 33, 23, 27, 43, 35, 21, 15, 26, 28, 10, 30, 11, 30, 45, 28], [10, 4, 16, 41, 0, 7, 35, 6, 0, 36, 37, 9, 41, 49, 12, 6, 18, 23, 41, 19, 27, 0, 7, 3, 3], [5, 32, 13, 16, 0, 45, 15, 3, 48, 13, 12, 45, 0, 34, 3, 28, 27, 16, 34, 43, 32, 6, 38, 32, 16], [5, 12, 19, 32, 23, 0, 11, 33, 34, 30, 0, 37, 23, 36, 26, 22, 15, 0, 27, 21, 42, 41, 34, 6, 33], [37, 47, 5, 28, 1, 1, 4, 47, 27, 3, 9, 36, 7, 37, 9, 9, 44, 4, 33, 19, 32, 46, 7, 30, 45], [33, 0, 3, 44, 8, 44, 18, 19, 0, 23, 29, 43, 31, 16, 27, 15, 28, 20, 0, 8, 9, 49, 43, 9, 25], [42, 37, 17, 6, 32, 46, 16, 22, 15, 45, 15, 49, 48, 8, 27, 42, 49, 3, 1, 24, 43, 49, 45, 18, 6], [11, 42, 5, 47, 22, 43, 6, 17, 21, 49, 7, 4, 32, 40, 25, 46, 2, 42, 19, 28, 30, 45, 7, 7, 12], [19, 41, 36, 41, 8, 9, 0, 2, 18, 0, 21, 31, 30, 11, 8, 10, 33, 0, 24, 40, 31, 46, 18, 4, 43], [16, 2, 41, 33, 44, 11, 23, 0, 49, 13, 49, 33, 7, 23, 29, 0, 34, 34, 42, 37, 5, 34, 0, 11, 17], [38, 34, 7, 24, 10, 10, 46, 28, 8, 3, 1, 22, 0, 33, 31, 25, 11, 10, 19, 23, 4, 2, 1, 17, 12], [11, 9, 42, 19, 30, 4, 16, 0, 13, 48, 21, 48, 39, 11, 17, 12, 6, 0, 40, 34, 19, 28, 20, 43, 34], [10, 49, 0, 36, 29, 5, 15, 33, 5, 6, 31, 0, 17, 32, 34, 44, 38, 39, 21, 18, 20, 11, 19, 27, 11], [17, 35, 40, 45, 31, 23, 31, 0, 29, 40, 32, 9, 28, 42, 1, 38, 40, 41, 5, 31, 13, 35, 5, 13, 48], [7, 24, 0, 22, 46, 8, 10, 3, 21, 38, 10, 2, 20, 30, 0, 30, 29, 27, 0, 4, 43, 42, 42, 22, 37], [36, 8, 15, 35, 40, 0, 32, 47, 1, 43, 26, 37, 2, 48, 9, 49, 6, 36, 18, 23, 32, 27, 37, 33, 24], [42, 34, 36, 28, 46, 28, 41, 21, 13, 43, 20, 32, 15, 45, 19, 13, 13, 44, 31, 47, 36, 17, 30, 41, 10], [15, 19, 0, 44, 15, 44, 30, 15, 21, 46, 13, 10, 42, 17, 14, 32, 18, 39, 30, 7, 39, 19, 40, 14, 36], [24, 25, 47, 13, 11, 41, 44, 0, 44, 39, 47, 13, 29, 1, 0, 12, 46, 9, 29, 18, 29, 13, 22, 34, 48], [0, 35, 14, 22, 32, 39, 47, 21, 22, 20, 38, 15, 27, 46, 37, 19, 17, 49, 32, 23, 46, 0, 19, 40, 33], [8, 11, 37, 16, 0, 44, 26, 28, 42, 35, 7, 34, 49, 35, 14, 21, 0, 35, 19, 45, 12, 17, 24, 37, 6], [27, 47, 41, 28, 0, 41, 11, 35, 31, 1, 13, 5, 9, 17, 26, 21, 37, 26, 24, 38, 12, 13, 31, 44, 38], [41, 8, 10, 48, 38, 30, 39, 12, 13, 34, 34, 18, 22, 48, 13, 32, 20, 32, 12, 11, 1, 6, 8, 44, 22], [0, 0, 0, 15, 34, 6, 46, 5, 9, 3, 5, 33, 43, 16, 33, 13, 46, 27, 10, 27, 45, 8, 13, 32, 28], [32, 1, 8, 17, 5, 35, 17, 38, 26, 22, 32, 21, 0, 32, 35, 38, 47, 23, 37, 27, 16, 6, 14, 9, 4], [49, 0, 35, 28, 44, 1, 28, 33, 30, 0, 30, 18, 4, 35, 29, 0, 40, 1, 40, 46, 13, 32, 12, 14, 27]]
Maintenance cost in each period m: 
[9583, 7390, 6372, 8527, 6939, 8982, 9835, 8595, 8114, 6382, 9072, 7748, 9087, 7318, 8724, 9425, 8954, 7658, 8742, 7945, 7345, 9605, 9368, 7692, 7731]
Maximum capacity of the machine cmax: 
3080