Set of periods in the planning horizon T: 
10
Set of products P: 
20
Capacity reduction coefficient alpha: 
0.8
Relative decrease of capacity per set up gamma: 
0.25
Capacity reduction coefficient due to product types beta: 
[0.25, 0.29, 0.38, 0.31, 0.23, 0.24, 0.22, 0.36, 0.23, 0.23, 0.38, 0.26, 0.27, 0.25, 0.36, 0.25, 0.24, 0.32, 0.4, 0.25]
Fixed production cost of each product in each period f: 
[[737, 692, 582, 697, 842, 733, 883, 907, 621, 966], [538, 984, 779, 541, 789, 893, 528, 702, 912, 502], [937, 844, 952, 857, 564, 930, 724, 720, 509, 926], [575, 942, 596, 948, 783, 580, 762, 980, 790, 959], [766, 846, 592, 655, 576, 998, 905, 588, 773, 521], [972, 716, 693, 792, 822, 652, 575, 970, 653, 729], [791, 867, 661, 627, 748, 768, 620, 679, 760, 954], [773, 719, 658, 659, 715, 570, 582, 954, 905, 761], [575, 812, 642, 624, 577, 552, 619, 586, 750, 966], [955, 772, 822, 729, 665, 651, 711, 786, 705, 714], [517, 575, 610, 649, 886, 958, 857, 996, 601, 684], [553, 595, 880, 582, 714, 890, 592, 552, 549, 971], [605, 941, 742, 567, 935, 644, 626, 934, 579, 705], [809, 749, 664, 952, 970, 556, 502, 985, 515, 934], [643, 605, 768, 992, 545, 538, 963, 852, 744, 845], [889, 700, 836, 576, 629, 565, 514, 533, 821, 670], [540, 701, 742, 884, 839, 956, 550, 875, 959, 915], [947, 808, 605, 661, 714, 572, 882, 893, 769, 621], [676, 512, 546, 562, 948, 901, 763, 963, 795, 713], [599, 657, 599, 979, 650, 660, 521, 639, 839, 864]]
Variable production cost per unit of each product in each period p: 
[[13, 10, 10, 13, 13, 12, 12, 13, 13, 11], [13, 13, 13, 13, 10, 12, 11, 10, 12, 12], [11, 10, 12, 13, 12, 11, 10, 10, 12, 11], [12, 10, 11, 13, 10, 11, 10, 13, 11, 10], [13, 12, 12, 11, 13, 13, 10, 13, 11, 13], [11, 13, 10, 10, 10, 13, 10, 11, 12, 11], [13, 13, 10, 13, 10, 13, 12, 10, 10, 11], [10, 13, 13, 10, 10, 12, 10, 11, 11, 12], [11, 13, 13, 13, 10, 10, 11, 12, 10, 12], [11, 12, 12, 11, 13, 12, 13, 13, 12, 11], [13, 10, 13, 13, 13, 12, 13, 10, 13, 13], [10, 10, 13, 11, 13, 12, 10, 11, 12, 12], [12, 12, 11, 12, 10, 13, 13, 13, 11, 11], [11, 12, 10, 10, 10, 11, 12, 11, 11, 12], [10, 12, 11, 10, 10, 12, 12, 11, 10, 13], [10, 12, 13, 13, 11, 11, 13, 10, 12, 10], [11, 13, 13, 11, 12, 13, 10, 11, 13, 12], [10, 13, 11, 13, 10, 13, 13, 10, 11, 10], [10, 13, 13, 11, 11, 11, 11, 13, 13, 12], [13, 11, 13, 12, 10, 13, 13, 13, 12, 12]]
Inventory holding cost per unit of each product by the end of each period h: 
[[9, 8, 6, 8, 7, 5, 5, 8, 6, 8], [5, 9, 8, 5, 7, 7, 8, 5, 5, 8], [8, 5, 9, 6, 6, 7, 6, 9, 5, 8], [9, 8, 5, 9, 8, 5, 8, 5, 5, 8], [9, 7, 7, 7, 6, 8, 6, 5, 6, 8], [6, 9, 5, 6, 7, 7, 5, 7, 7, 9], [5, 9, 7, 9, 8, 7, 6, 9, 8, 7], [6, 8, 9, 6, 6, 9, 5, 8, 8, 6], [6, 5, 6, 5, 8, 7, 9, 8, 6, 5], [5, 7, 7, 7, 8, 5, 8, 9, 7, 8], [5, 5, 7, 5, 9, 8, 8, 8, 7, 9], [7, 8, 5, 6, 8, 9, 9, 5, 9, 9], [7, 6, 9, 5, 7, 9, 5, 8, 7, 8], [8, 8, 9, 7, 5, 7, 5, 9, 8, 8], [5, 5, 7, 5, 5, 7, 7, 7, 6, 7], [5, 8, 6, 9, 6, 6, 8, 9, 6, 6], [8, 8, 9, 6, 6, 6, 9, 9, 6, 8], [5, 6, 5, 9, 6, 9, 6, 5, 6, 5], [8, 7, 5, 8, 6, 6, 8, 8, 5, 6], [5, 5, 9, 8, 6, 9, 6, 5, 6, 6]]
Demand for each product in each period d: 
[[11, 47, 8, 4, 45, 41, 29, 5, 15, 20], [0, 24, 17, 44, 19, 24, 16, 44, 42, 10], [22, 38, 0, 44, 23, 49, 4, 38, 29, 18], [3, 30, 26, 13, 13, 31, 30, 45, 35, 43], [41, 8, 3, 16, 29, 16, 18, 33, 23, 41], [2, 4, 33, 8, 0, 12, 48, 26, 41, 17], [32, 49, 3, 3, 41, 29, 17, 16, 6, 0], [15, 35, 14, 1, 22, 26, 8, 9, 46, 10], [9, 45, 0, 0, 10, 42, 47, 17, 42, 47], [18, 0, 41, 0, 32, 4, 34, 27, 4, 22], [44, 26, 7, 44, 28, 29, 9, 40, 25, 48], [0, 28, 26, 17, 3, 42, 7, 0, 27, 0], [36, 49, 29, 25, 37, 13, 12, 20, 10, 24], [32, 33, 29, 39, 14, 27, 32, 17, 49, 30], [16, 32, 9, 43, 17, 39, 38, 39, 28, 47], [40, 16, 35, 22, 16, 4, 8, 18, 34, 7], [15, 0, 4, 43, 32, 40, 17, 48, 14, 1], [33, 40, 20, 28, 43, 40, 14, 0, 8, 46], [16, 11, 29, 27, 37, 0, 3, 0, 20, 7], [26, 6, 0, 16, 47, 19, 8, 28, 25, 18]]
Maintenance cost in each period m: 
[5274, 4864, 4505, 4111, 1662, 3468, 5498, 4519, 1977, 2558]
Maximum capacity of the machine cmax: 
840