Set of periods in the planning horizon T: 
10
Set of products P: 
10
Capacity reduction coefficient alpha: 
0.8
Relative decrease of capacity per set up gamma: 
0.31
Capacity reduction coefficient due to product types beta: 
[0.0, 0.0, 0.0, 0.0, 0.0, 0.0, 0.0, 0.0, 0.0, 0.0]
Fixed production cost of each product in each period f: 
[[567, 854, 572, 725, 678, 588, 765, 906, 955, 508], [703, 700, 576, 955, 938, 940, 652, 739, 714, 858], [839, 656, 515, 535, 921, 592, 736, 938, 612, 690], [571, 506, 905, 920, 625, 653, 547, 991, 805, 647], [911, 805, 560, 665, 936, 504, 663, 944, 576, 687], [537, 532, 881, 730, 926, 891, 825, 556, 824, 841], [713, 872, 970, 784, 544, 916, 759, 527, 703, 512], [931, 847, 529, 695, 818, 934, 730, 866, 606, 664], [824, 776, 501, 866, 588, 539, 578, 568, 722, 620], [821, 808, 891, 955, 589, 847, 734, 802, 945, 928]]
Variable production cost per unit of each product in each period p: 
[[13, 10, 10, 11, 10, 10, 11, 12, 13, 12], [13, 10, 10, 11, 12, 12, 12, 12, 13, 13], [12, 11, 13, 12, 12, 12, 10, 12, 10, 10], [11, 10, 13, 10, 10, 13, 12, 10, 11, 13], [11, 10, 10, 12, 12, 13, 13, 12, 13, 11], [12, 10, 11, 12, 13, 12, 12, 10, 11, 12], [13, 10, 11, 12, 12, 12, 13, 10, 13, 13], [13, 10, 13, 11, 12, 11, 13, 13, 13, 13], [10, 10, 11, 12, 12, 13, 10, 11, 13, 11], [10, 10, 12, 11, 10, 11, 12, 13, 12, 13]]
Inventory holding cost per unit of each product by the end of each period h: 
[[8, 8, 5, 8, 9, 7, 9, 5, 7, 8], [6, 9, 6, 6, 9, 5, 6, 5, 5, 7], [7, 5, 8, 9, 6, 6, 7, 8, 9, 6], [9, 8, 8, 6, 9, 6, 6, 7, 6, 6], [9, 7, 7, 6, 5, 6, 7, 8, 7, 8], [5, 9, 8, 5, 7, 6, 7, 8, 9, 8], [5, 7, 9, 5, 6, 7, 5, 9, 9, 9], [9, 5, 5, 7, 7, 7, 6, 5, 8, 8], [5, 7, 5, 7, 7, 6, 9, 5, 6, 7], [7, 5, 9, 9, 8, 7, 6, 6, 5, 9]]
Demand for each product in each period d: 
[[34, 40, 12, 26, 26, 23, 18, 41, 37, 11], [11, 13, 45, 12, 14, 0, 42, 0, 13, 39], [49, 3, 16, 32, 37, 21, 26, 49, 33, 13], [0, 17, 49, 35, 25, 29, 27, 35, 18, 30], [34, 36, 0, 29, 47, 27, 39, 23, 33, 20], [22, 21, 4, 7, 21, 12, 9, 0, 13, 49], [15, 0, 29, 25, 25, 45, 47, 43, 13, 37], [36, 18, 9, 8, 36, 19, 0, 47, 16, 36], [6, 16, 33, 21, 27, 38, 2, 12, 15, 25], [31, 45, 18, 39, 42, 20, 27, 1, 33, 46]]
Maintenance cost in each period m: 
[8063, 6240, 7093, 6546, 8418, 7659, 5762, 6917, 5484, 7547]
Maximum capacity of the machine cmax: 
410