Set of periods in the planning horizon T: 
25
Set of products P: 
70
Capacity reduction coefficient alpha: 
0.8
Relative decrease of capacity per set up gamma: 
0.26
Capacity reduction coefficient due to product types beta: 
[0.22, 0.3, 0.35, 0.26, 0.27, 0.39, 0.21, 0.38, 0.39, 0.33, 0.32, 0.35, 0.4, 0.3, 0.22, 0.39, 0.35, 0.29, 0.32, 0.28, 0.22, 0.37, 0.31, 0.35, 0.23, 0.23, 0.23, 0.35, 0.25, 0.32, 0.3, 0.29, 0.29, 0.22, 0.34, 0.26, 0.24, 0.38, 0.33, 0.24, 0.34, 0.24, 0.39, 0.34, 0.29, 0.28, 0.3, 0.32, 0.31, 0.33, 0.39, 0.37, 0.25, 0.21, 0.26, 0.33, 0.29, 0.27, 0.36, 0.27, 0.34, 0.35, 0.31, 0.33, 0.31, 0.32, 0.33, 0.31, 0.23, 0.37]
Fixed production cost of each product in each period f: 
[[611, 564, 792, 714, 813, 894, 528, 886, 946, 586, 539, 621, 903, 719, 696, 998, 778, 544, 866, 770, 694, 987, 846, 874, 904], [691, 721, 835, 924, 741, 970, 737, 941, 589, 612, 557, 963, 988, 962, 758, 706, 576, 608, 932, 500, 953, 800, 956, 831, 687], [564, 540, 673, 685, 507, 949, 862, 825, 797, 985, 956, 935, 530, 980, 654, 803, 780, 830, 902, 520, 703, 957, 633, 858, 635], [542, 761, 653, 681, 782, 560, 959, 541, 529, 850, 506, 945, 899, 600, 896, 871, 750, 956, 872, 627, 523, 807, 610, 694, 618], [745, 794, 855, 768, 933, 991, 899, 810, 595, 632, 690, 904, 963, 669, 989, 520, 518, 843, 935, 987, 802, 523, 525, 569, 553], [977, 630, 520, 896, 787, 855, 580, 942, 769, 713, 762, 581, 597, 620, 858, 618, 685, 875, 705, 736, 769, 798, 588, 525, 968], [670, 832, 512, 510, 727, 659, 585, 836, 616, 778, 539, 968, 601, 663, 796, 561, 689, 547, 909, 877, 637, 703, 675, 916, 919], [794, 951, 867, 918, 847, 767, 801, 893, 675, 866, 859, 926, 571, 884, 699, 675, 797, 744, 860, 775, 976, 654, 906, 820, 767], [580, 597, 500, 565, 903, 573, 810, 985, 590, 867, 596, 924, 566, 628, 963, 801, 759, 568, 509, 727, 831, 945, 959, 519, 858], [547, 535, 662, 932, 769, 590, 503, 834, 865, 787, 955, 550, 813, 877, 647, 931, 830, 676, 983, 501, 654, 963, 953, 610, 978], [896, 944, 769, 891, 810, 506, 589, 589, 616, 739, 515, 757, 678, 838, 772, 961, 784, 831, 701, 640, 544, 747, 769, 667, 574], [599, 790, 621, 995, 973, 796, 841, 694, 604, 922, 898, 957, 512, 668, 575, 898, 777, 594, 593, 720, 537, 871, 860, 683, 515], [715, 531, 976, 992, 515, 688, 655, 675, 840, 917, 808, 745, 915, 837, 621, 770, 554, 560, 646, 949, 955, 869, 873, 801, 827], [905, 722, 924, 867, 809, 960, 735, 868, 660, 718, 906, 821, 547, 885, 540, 685, 535, 875, 926, 851, 967, 717, 679, 558, 908], [827, 924, 560, 514, 585, 921, 553, 910, 894, 843, 987, 679, 905, 920, 547, 608, 806, 806, 658, 518, 701, 559, 810, 669, 802], [672, 677, 756, 548, 560, 706, 774, 904, 733, 918, 515, 524, 537, 950, 714, 900, 769, 630, 585, 742, 911, 947, 648, 565, 511], [643, 555, 997, 654, 580, 918, 654, 848, 573, 539, 634, 943, 721, 527, 975, 832, 951, 898, 812, 704, 782, 820, 928, 793, 742], [578, 528, 944, 626, 720, 952, 818, 997, 684, 822, 944, 985, 914, 764, 758, 748, 742, 778, 859, 690, 746, 730, 504, 872, 807], [754, 944, 796, 576, 810, 737, 892, 572, 594, 719, 879, 840, 563, 744, 996, 537, 523, 773, 677, 829, 713, 616, 716, 960, 605], [810, 632, 780, 769, 589, 762, 840, 758, 949, 559, 679, 867, 872, 588, 834, 785, 528, 949, 829, 996, 748, 876, 929, 541, 548], [588, 972, 520, 506, 740, 683, 673, 869, 842, 785, 600, 758, 937, 753, 534, 990, 870, 993, 613, 571, 735, 717, 532, 621, 906], [758, 540, 819, 529, 623, 917, 864, 812, 537, 692, 715, 516, 507, 926, 588, 987, 801, 881, 812, 925, 735, 524, 656, 789, 872], [853, 518, 740, 715, 777, 690, 669, 759, 613, 596, 556, 871, 999, 683, 687, 673, 783, 708, 746, 509, 822, 905, 872, 612, 553], [834, 611, 553, 585, 765, 688, 833, 723, 569, 897, 723, 903, 734, 719, 595, 702, 678, 684, 626, 963, 982, 980, 713, 901, 825], [790, 912, 709, 801, 574, 605, 560, 577, 760, 861, 986, 841, 771, 535, 737, 743, 541, 926, 721, 677, 697, 846, 688, 584, 837], [890, 737, 576, 924, 695, 901, 957, 861, 710, 504, 711, 817, 923, 758, 581, 954, 720, 968, 636, 939, 936, 751, 643, 652, 571], [584, 719, 767, 622, 724, 696, 692, 607, 579, 869, 929, 706, 865, 618, 627, 576, 861, 893, 703, 532, 927, 503, 636, 528, 834], [870, 542, 976, 743, 844, 627, 811, 734, 814, 705, 582, 787, 713, 707, 958, 965, 806, 847, 976, 528, 644, 640, 754, 702, 839], [595, 783, 807, 920, 546, 987, 729, 907, 910, 899, 935, 786, 531, 983, 973, 631, 686, 689, 785, 877, 565, 841, 948, 838, 728], [750, 836, 519, 764, 561, 695, 726, 996, 848, 652, 848, 530, 996, 542, 985, 524, 679, 987, 530, 594, 871, 893, 978, 931, 858], [510, 931, 833, 711, 758, 965, 773, 524, 579, 522, 666, 831, 611, 800, 972, 941, 576, 718, 702, 642, 789, 500, 817, 955, 880], [977, 812, 644, 711, 677, 706, 655, 763, 523, 940, 894, 605, 927, 617, 613, 804, 924, 964, 917, 719, 795, 505, 662, 518, 851], [781, 528, 592, 701, 658, 523, 946, 653, 562, 645, 862, 607, 845, 911, 967, 707, 989, 882, 907, 592, 803, 858, 696, 924, 745], [810, 500, 547, 872, 640, 979, 571, 574, 872, 972, 898, 882, 843, 569, 815, 790, 965, 981, 922, 972, 856, 847, 982, 823, 970], [966, 961, 929, 954, 618, 748, 961, 574, 868, 988, 783, 886, 974, 722, 881, 615, 832, 645, 795, 962, 573, 886, 672, 528, 891], [998, 874, 826, 510, 645, 805, 744, 881, 836, 743, 646, 926, 971, 795, 891, 583, 969, 827, 679, 683, 721, 713, 830, 744, 925], [838, 905, 767, 551, 904, 862, 835, 514, 902, 843, 608, 856, 522, 508, 898, 712, 663, 664, 723, 871, 815, 616, 613, 608, 705], [768, 652, 958, 547, 873, 981, 661, 627, 683, 785, 540, 534, 904, 573, 710, 940, 788, 741, 586, 838, 971, 709, 958, 806, 731], [677, 899, 558, 916, 912, 881, 923, 889, 741, 890, 592, 995, 711, 946, 871, 640, 653, 730, 760, 767, 896, 900, 951, 671, 701], [774, 610, 502, 649, 919, 890, 977, 640, 879, 958, 675, 576, 850, 981, 868, 993, 935, 630, 959, 806, 516, 541, 777, 706, 534], [530, 965, 576, 995, 713, 986, 596, 696, 523, 526, 631, 935, 927, 621, 528, 697, 930, 952, 547, 721, 865, 718, 650, 529, 996], [732, 849, 872, 629, 541, 644, 590, 941, 540, 956, 517, 659, 973, 841, 558, 829, 664, 856, 746, 824, 788, 787, 689, 693, 681], [913, 834, 533, 719, 569, 708, 730, 751, 827, 801, 780, 936, 632, 556, 522, 963, 562, 734, 583, 511, 643, 976, 522, 596, 508], [686, 735, 688, 870, 835, 566, 925, 744, 821, 597, 893, 739, 864, 644, 786, 590, 613, 787, 733, 500, 846, 647, 707, 598, 893], [994, 874, 862, 760, 615, 569, 864, 847, 989, 963, 611, 545, 775, 669, 562, 908, 625, 620, 876, 561, 561, 700, 539, 613, 623], [865, 641, 856, 540, 823, 531, 994, 947, 833, 577, 642, 977, 777, 516, 949, 888, 867, 691, 850, 948, 806, 815, 687, 764, 852], [797, 664, 685, 826, 698, 934, 714, 942, 631, 502, 776, 960, 707, 880, 843, 973, 638, 908, 673, 626, 524, 662, 659, 976, 671], [992, 786, 848, 674, 711, 860, 796, 642, 993, 955, 644, 654, 870, 602, 767, 849, 972, 780, 504, 915, 767, 912, 660, 784, 957], [948, 930, 694, 894, 512, 813, 593, 936, 720, 531, 719, 563, 611, 714, 539, 761, 996, 856, 871, 861, 597, 668, 748, 663, 943], [727, 667, 589, 676, 832, 665, 982, 795, 965, 885, 699, 836, 683, 675, 750, 695, 606, 814, 683, 850, 807, 788, 803, 759, 825], [773, 584, 648, 620, 692, 667, 783, 506, 654, 790, 765, 613, 911, 860, 928, 633, 635, 515, 982, 764, 630, 952, 741, 918, 669], [663, 961, 777, 924, 745, 716, 954, 631, 572, 548, 984, 903, 963, 939, 636, 685, 514, 565, 545, 754, 714, 534, 754, 810, 848], [985, 926, 907, 569, 682, 565, 865, 819, 871, 878, 511, 923, 764, 811, 703, 892, 782, 720, 543, 936, 592, 649, 574, 895, 937], [630, 614, 660, 828, 574, 733, 932, 548, 967, 660, 625, 520, 897, 519, 528, 622, 812, 959, 845, 687, 573, 587, 701, 736, 871], [707, 764, 639, 971, 640, 768, 512, 623, 771, 640, 694, 795, 739, 720, 965, 836, 615, 725, 746, 964, 638, 933, 989, 815, 893], [866, 953, 829, 900, 687, 909, 825, 892, 628, 976, 821, 510, 779, 712, 911, 785, 919, 906, 725, 555, 903, 872, 816, 735, 549], [853, 673, 942, 815, 820, 973, 550, 527, 615, 961, 912, 913, 694, 613, 844, 635, 749, 966, 656, 902, 524, 885, 524, 957, 699], [660, 523, 552, 982, 527, 743, 669, 817, 561, 754, 600, 707, 549, 804, 730, 637, 664, 629, 553, 850, 879, 655, 516, 806, 645], [903, 747, 570, 860, 704, 561, 993, 588, 532, 858, 533, 792, 933, 505, 680, 832, 688, 982, 782, 529, 788, 597, 648, 698, 772], [536, 570, 561, 536, 961, 610, 955, 820, 714, 703, 517, 643, 781, 706, 989, 855, 877, 910, 797, 915, 877, 926, 992, 673, 702], [905, 685, 853, 711, 900, 854, 510, 994, 986, 904, 559, 549, 790, 746, 644, 534, 914, 894, 636, 763, 541, 810, 586, 986, 745], [781, 874, 968, 671, 970, 668, 993, 939, 562, 601, 950, 874, 667, 644, 991, 995, 577, 620, 917, 602, 889, 633, 625, 979, 940], [940, 517, 931, 956, 575, 763, 881, 602, 621, 960, 688, 923, 581, 666, 518, 838, 534, 520, 926, 675, 534, 911, 869, 765, 508], [640, 667, 698, 836, 989, 963, 827, 859, 515, 879, 698, 636, 589, 569, 824, 916, 712, 977, 543, 923, 916, 654, 586, 750, 532], [694, 823, 605, 952, 646, 923, 837, 756, 718, 522, 538, 624, 519, 809, 685, 781, 940, 766, 966, 831, 811, 522, 675, 547, 813], [752, 614, 676, 720, 888, 534, 625, 507, 530, 656, 604, 530, 857, 868, 610, 532, 689, 722, 920, 510, 806, 782, 606, 507, 976], [935, 881, 613, 845, 686, 563, 957, 899, 864, 974, 573, 590, 527, 500, 975, 545, 698, 731, 801, 829, 917, 735, 571, 902, 789], [823, 633, 605, 739, 615, 620, 824, 549, 595, 704, 701, 802, 687, 999, 977, 671, 587, 826, 697, 844, 952, 879, 707, 952, 605], [530, 833, 846, 572, 941, 606, 912, 581, 659, 829, 991, 696, 666, 600, 683, 850, 714, 560, 646, 850, 658, 977, 951, 916, 979], [850, 920, 622, 801, 960, 903, 824, 823, 832, 998, 840, 762, 930, 603, 501, 809, 954, 959, 881, 818, 608, 501, 583, 989, 507]]
Variable production cost per unit of each product in each period p: 
[[10, 10, 10, 10, 12, 11, 10, 13, 12, 10, 10, 10, 11, 10, 10, 11, 10, 12, 11, 13, 12, 11, 12, 13, 11], [10, 10, 11, 11, 10, 12, 10, 10, 12, 12, 13, 13, 10, 11, 10, 12, 12, 12, 12, 10, 10, 13, 10, 13, 13], [13, 10, 10, 11, 13, 12, 12, 12, 11, 10, 11, 10, 13, 13, 12, 12, 12, 13, 10, 13, 10, 10, 13, 13, 11], [11, 10, 12, 13, 13, 12, 12, 12, 12, 11, 10, 12, 11, 13, 13, 13, 13, 13, 13, 13, 10, 10, 10, 12, 13], [10, 10, 13, 12, 11, 10, 10, 13, 11, 11, 13, 11, 13, 10, 12, 10, 12, 11, 13, 10, 13, 10, 13, 13, 11], [13, 13, 10, 12, 10, 11, 11, 12, 10, 13, 11, 13, 10, 11, 10, 13, 13, 11, 12, 13, 10, 11, 10, 10, 11], [13, 10, 10, 13, 13, 13, 12, 11, 13, 13, 10, 13, 11, 12, 11, 11, 11, 11, 13, 10, 11, 10, 12, 11, 10], [10, 12, 12, 12, 12, 10, 12, 12, 13, 11, 13, 13, 10, 11, 12, 11, 11, 10, 10, 10, 10, 10, 10, 10, 11], [11, 11, 13, 11, 12, 10, 11, 13, 10, 12, 12, 12, 12, 10, 12, 11, 12, 12, 10, 11, 12, 13, 10, 12, 13], [12, 11, 11, 13, 10, 13, 10, 11, 13, 10, 11, 12, 11, 11, 13, 11, 10, 13, 12, 12, 13, 12, 13, 11, 10], [12, 13, 10, 12, 10, 12, 10, 12, 11, 10, 13, 12, 11, 12, 11, 10, 12, 10, 11, 12, 13, 13, 11, 13, 13], [10, 11, 12, 12, 10, 13, 11, 13, 13, 13, 10, 10, 13, 12, 13, 10, 12, 10, 12, 11, 11, 13, 10, 12, 13], [13, 13, 13, 11, 10, 12, 10, 10, 10, 12, 13, 11, 12, 13, 10, 12, 13, 13, 12, 10, 12, 11, 12, 10, 11], [13, 10, 10, 10, 11, 12, 10, 12, 10, 13, 12, 13, 11, 11, 11, 10, 13, 12, 10, 12, 12, 13, 13, 11, 11], [10, 12, 12, 13, 12, 11, 13, 11, 13, 10, 13, 12, 13, 13, 13, 12, 11, 11, 12, 12, 13, 12, 13, 12, 12], [10, 10, 10, 10, 13, 13, 12, 10, 12, 13, 12, 11, 13, 11, 13, 11, 13, 12, 11, 13, 12, 12, 12, 12, 11], [10, 12, 12, 10, 12, 13, 13, 13, 12, 13, 10, 12, 11, 11, 12, 11, 12, 11, 11, 12, 11, 13, 12, 12, 11], [11, 13, 10, 11, 11, 12, 10, 12, 10, 12, 12, 10, 13, 10, 10, 10, 10, 13, 12, 11, 10, 12, 13, 12, 12], [12, 12, 13, 10, 10, 11, 12, 10, 12, 11, 12, 11, 13, 12, 12, 12, 11, 11, 13, 13, 10, 12, 11, 11, 13], [11, 10, 13, 10, 13, 11, 10, 11, 11, 13, 10, 10, 10, 13, 12, 10, 13, 13, 12, 10, 10, 13, 10, 10, 12], [13, 10, 12, 13, 13, 10, 11, 12, 10, 13, 13, 13, 10, 12, 12, 12, 11, 10, 10, 12, 10, 12, 10, 11, 13], [10, 12, 11, 12, 12, 12, 12, 12, 12, 13, 13, 13, 11, 12, 13, 13, 12, 12, 10, 11, 10, 11, 13, 10, 11], [13, 12, 12, 13, 11, 10, 10, 12, 12, 11, 11, 12, 12, 11, 12, 12, 13, 10, 12, 10, 10, 11, 12, 10, 11], [12, 11, 10, 12, 13, 10, 12, 12, 10, 10, 13, 11, 11, 12, 12, 11, 13, 10, 12, 10, 12, 13, 11, 11, 12], [11, 13, 10, 10, 11, 13, 10, 11, 11, 12, 10, 12, 11, 13, 11, 11, 10, 10, 13, 10, 13, 12, 13, 12, 12], [11, 11, 13, 13, 10, 10, 12, 11, 11, 11, 10, 10, 11, 13, 13, 12, 13, 11, 11, 11, 10, 12, 10, 10, 12], [10, 13, 11, 10, 13, 13, 12, 13, 11, 13, 10, 11, 11, 10, 12, 11, 13, 13, 10, 10, 12, 13, 12, 12, 12], [12, 12, 10, 12, 11, 13, 12, 11, 12, 11, 12, 13, 10, 11, 10, 13, 13, 11, 10, 12, 11, 11, 12, 10, 13], [13, 10, 11, 10, 13, 12, 12, 10, 10, 10, 13, 13, 12, 13, 10, 12, 13, 10, 13, 10, 10, 12, 10, 10, 11], [11, 12, 13, 11, 13, 10, 13, 10, 13, 11, 13, 13, 11, 12, 13, 13, 10, 13, 12, 13, 12, 11, 12, 12, 11], [11, 11, 10, 13, 13, 13, 13, 11, 13, 10, 12, 11, 12, 11, 10, 11, 11, 12, 13, 12, 13, 10, 11, 11, 12], [13, 11, 11, 10, 12, 10, 10, 11, 12, 10, 11, 10, 12, 11, 10, 11, 13, 11, 13, 10, 11, 11, 10, 12, 10], [12, 12, 12, 10, 11, 11, 10, 11, 10, 12, 10, 10, 13, 10, 12, 12, 13, 13, 11, 10, 10, 12, 10, 11, 11], [13, 12, 10, 10, 12, 10, 11, 10, 12, 11, 13, 13, 11, 10, 13, 12, 10, 13, 13, 12, 10, 11, 11, 13, 12], [13, 10, 13, 11, 13, 11, 11, 11, 13, 10, 11, 13, 10, 10, 12, 11, 11, 13, 13, 13, 11, 13, 11, 10, 10], [11, 10, 10, 13, 10, 12, 13, 12, 11, 12, 13, 13, 11, 11, 12, 11, 11, 13, 12, 12, 13, 10, 11, 12, 11], [10, 11, 13, 10, 12, 11, 13, 10, 10, 10, 11, 12, 11, 13, 10, 11, 10, 13, 11, 11, 13, 10, 10, 13, 10], [13, 12, 11, 10, 11, 13, 10, 12, 11, 13, 10, 12, 10, 10, 10, 13, 11, 10, 13, 11, 13, 10, 11, 11, 13], [12, 11, 10, 10, 11, 10, 12, 13, 13, 10, 10, 13, 12, 12, 11, 10, 12, 11, 10, 12, 12, 10, 10, 12, 12], [11, 11, 11, 10, 13, 10, 10, 10, 12, 11, 12, 11, 10, 13, 11, 12, 13, 10, 11, 13, 12, 12, 11, 11, 11], [10, 12, 12, 13, 12, 11, 10, 10, 12, 10, 13, 11, 13, 12, 11, 12, 11, 13, 12, 11, 12, 10, 10, 12, 11], [10, 10, 13, 13, 11, 11, 10, 12, 11, 12, 12, 12, 12, 13, 11, 12, 12, 13, 12, 11, 12, 13, 13, 13, 13], [13, 13, 12, 11, 11, 13, 10, 10, 10, 10, 10, 11, 13, 13, 11, 12, 12, 11, 11, 13, 12, 10, 12, 10, 12], [11, 11, 12, 10, 11, 13, 11, 11, 10, 11, 10, 10, 11, 10, 11, 10, 13, 10, 10, 10, 13, 12, 11, 10, 13], [10, 11, 10, 13, 10, 10, 10, 13, 10, 12, 13, 11, 13, 13, 10, 13, 12, 12, 13, 11, 10, 12, 10, 12, 12], [10, 12, 13, 11, 11, 10, 13, 10, 10, 10, 11, 10, 10, 10, 12, 11, 12, 12, 11, 10, 12, 12, 11, 10, 11], [11, 10, 11, 11, 13, 12, 13, 12, 12, 12, 12, 10, 11, 12, 12, 13, 10, 12, 13, 13, 13, 13, 13, 12, 11], [13, 12, 10, 10, 10, 10, 11, 13, 12, 12, 13, 11, 11, 12, 11, 13, 11, 13, 13, 13, 13, 11, 10, 10, 10], [11, 10, 12, 11, 13, 12, 10, 10, 12, 10, 12, 12, 12, 10, 12, 13, 12, 10, 13, 13, 10, 12, 13, 11, 10], [12, 11, 11, 10, 13, 10, 10, 10, 10, 10, 13, 10, 13, 13, 10, 12, 12, 13, 10, 13, 10, 10, 13, 11, 11], [13, 10, 13, 13, 13, 10, 13, 12, 13, 12, 10, 13, 10, 12, 13, 10, 11, 10, 10, 11, 13, 11, 12, 11, 12], [13, 12, 13, 12, 12, 11, 10, 13, 11, 12, 13, 11, 12, 13, 11, 11, 11, 11, 13, 13, 12, 12, 12, 12, 11], [11, 11, 13, 12, 12, 11, 10, 12, 12, 13, 10, 13, 11, 11, 10, 12, 13, 10, 13, 10, 10, 11, 11, 12, 13], [11, 12, 12, 11, 12, 13, 13, 12, 13, 10, 12, 13, 10, 12, 13, 10, 11, 11, 13, 12, 13, 12, 13, 10, 10], [13, 13, 11, 12, 13, 10, 10, 11, 13, 10, 13, 12, 11, 11, 13, 12, 12, 13, 11, 10, 10, 13, 13, 11, 12], [12, 12, 13, 11, 12, 13, 13, 12, 11, 12, 10, 12, 11, 10, 10, 10, 13, 10, 11, 13, 11, 13, 12, 11, 12], [11, 12, 11, 11, 10, 10, 11, 11, 11, 12, 13, 13, 11, 11, 12, 10, 11, 10, 13, 10, 11, 11, 12, 10, 10], [10, 11, 12, 12, 10, 13, 12, 13, 11, 12, 13, 10, 10, 13, 11, 11, 12, 10, 11, 12, 13, 12, 11, 11, 10], [12, 11, 12, 10, 12, 12, 11, 11, 11, 10, 12, 12, 10, 11, 11, 11, 13, 13, 11, 11, 13, 12, 12, 12, 11], [13, 10, 11, 13, 10, 10, 13, 12, 12, 11, 11, 10, 11, 12, 11, 10, 13, 10, 11, 10, 10, 10, 11, 11, 12], [13, 11, 13, 10, 11, 12, 10, 12, 11, 11, 11, 11, 13, 13, 12, 12, 12, 13, 11, 11, 13, 13, 10, 11, 10], [13, 10, 11, 11, 13, 12, 12, 11, 13, 13, 13, 13, 10, 10, 11, 10, 12, 12, 12, 11, 12, 12, 12, 11, 12], [13, 10, 13, 10, 12, 13, 11, 13, 11, 12, 11, 11, 12, 11, 11, 12, 11, 11, 11, 11, 12, 13, 10, 11, 13], [11, 11, 10, 12, 13, 12, 13, 13, 13, 12, 13, 11, 11, 12, 12, 12, 10, 13, 11, 13, 10, 10, 10, 13, 10], [12, 13, 10, 13, 12, 12, 13, 10, 11, 11, 13, 10, 11, 10, 12, 12, 10, 11, 13, 11, 11, 10, 11, 10, 10], [10, 11, 13, 10, 13, 10, 11, 12, 11, 12, 11, 11, 11, 12, 10, 13, 11, 10, 11, 10, 12, 10, 12, 12, 13], [12, 10, 11, 13, 10, 11, 12, 13, 13, 10, 10, 10, 12, 10, 11, 11, 11, 10, 10, 13, 12, 12, 10, 12, 10], [12, 10, 10, 11, 13, 11, 11, 13, 13, 10, 13, 12, 10, 13, 10, 11, 10, 12, 10, 11, 10, 10, 13, 13, 13], [12, 11, 10, 10, 10, 11, 11, 13, 13, 11, 11, 12, 11, 10, 10, 11, 11, 11, 10, 13, 12, 13, 13, 10, 12], [11, 10, 10, 13, 11, 10, 10, 10, 12, 11, 11, 13, 12, 13, 12, 10, 13, 10, 10, 10, 11, 13, 10, 10, 11]]
Inventory holding cost per unit of each product by the end of each period h: 
[[6, 6, 5, 9, 5, 6, 8, 5, 5, 9, 5, 7, 7, 7, 7, 8, 9, 8, 9, 5, 6, 8, 9, 6, 5], [7, 5, 9, 7, 6, 5, 6, 8, 9, 8, 9, 7, 9, 7, 5, 5, 5, 6, 9, 6, 9, 9, 7, 8, 7], [6, 7, 9, 6, 5, 7, 5, 7, 6, 7, 9, 7, 6, 5, 5, 5, 9, 8, 7, 6, 9, 9, 5, 9, 9], [7, 5, 9, 6, 5, 8, 8, 8, 8, 8, 9, 9, 8, 7, 6, 5, 7, 6, 6, 8, 9, 8, 6, 5, 9], [7, 7, 5, 9, 8, 5, 6, 7, 8, 6, 8, 5, 8, 6, 6, 9, 6, 7, 9, 7, 6, 6, 8, 6, 9], [8, 6, 5, 5, 8, 8, 5, 8, 7, 6, 6, 6, 7, 7, 6, 7, 7, 7, 9, 9, 8, 8, 5, 9, 6], [6, 9, 5, 7, 5, 5, 5, 6, 7, 8, 9, 7, 8, 6, 7, 6, 7, 8, 6, 6, 5, 7, 5, 7, 8], [7, 9, 7, 7, 6, 6, 6, 6, 9, 7, 8, 5, 9, 7, 8, 7, 7, 7, 7, 9, 5, 7, 6, 7, 8], [5, 8, 6, 7, 6, 7, 6, 5, 6, 5, 5, 5, 6, 9, 6, 8, 8, 6, 8, 6, 8, 8, 9, 8, 8], [7, 5, 9, 5, 9, 9, 7, 6, 5, 6, 7, 9, 8, 7, 7, 5, 6, 6, 9, 7, 8, 8, 9, 7, 8], [9, 6, 6, 6, 8, 8, 6, 8, 9, 9, 9, 7, 9, 6, 9, 8, 7, 7, 5, 9, 5, 6, 7, 9, 7], [6, 5, 7, 8, 5, 6, 8, 8, 6, 6, 8, 9, 7, 6, 9, 8, 9, 5, 9, 9, 9, 8, 6, 8, 8], [5, 5, 8, 8, 6, 7, 5, 9, 9, 8, 9, 9, 7, 6, 6, 8, 7, 9, 8, 7, 9, 9, 5, 6, 9], [9, 5, 5, 8, 9, 6, 9, 8, 9, 9, 8, 5, 6, 9, 7, 7, 9, 5, 6, 7, 7, 5, 9, 9, 9], [8, 5, 6, 6, 6, 7, 7, 5, 5, 6, 7, 9, 7, 7, 9, 9, 9, 7, 9, 6, 9, 5, 9, 7, 8], [8, 9, 8, 8, 6, 7, 9, 9, 6, 7, 9, 6, 8, 6, 9, 5, 9, 6, 5, 7, 9, 5, 6, 6, 8], [7, 9, 5, 9, 9, 5, 6, 7, 5, 8, 9, 6, 9, 7, 9, 7, 8, 6, 8, 8, 9, 5, 9, 5, 9], [7, 5, 9, 8, 6, 8, 8, 6, 8, 5, 9, 7, 9, 5, 6, 5, 5, 8, 7, 6, 6, 9, 8, 7, 5], [5, 9, 7, 8, 6, 6, 7, 5, 7, 5, 6, 9, 6, 6, 8, 9, 9, 7, 7, 9, 5, 6, 6, 8, 7], [6, 7, 5, 5, 9, 9, 6, 6, 9, 8, 8, 5, 7, 6, 9, 7, 8, 8, 5, 7, 7, 8, 6, 6, 8], [9, 9, 8, 9, 9, 7, 5, 8, 5, 8, 6, 7, 6, 7, 9, 5, 6, 6, 9, 5, 7, 9, 8, 7, 7], [9, 9, 7, 5, 5, 9, 9, 6, 9, 9, 5, 8, 8, 6, 8, 5, 8, 8, 6, 5, 8, 9, 5, 7, 9], [8, 6, 8, 9, 9, 9, 9, 8, 9, 6, 6, 6, 5, 7, 6, 9, 6, 6, 8, 7, 9, 8, 6, 5, 9], [5, 7, 6, 6, 5, 8, 9, 8, 8, 5, 9, 8, 9, 5, 8, 9, 9, 9, 9, 8, 9, 6, 9, 5, 9], [6, 8, 6, 6, 5, 5, 9, 7, 6, 5, 6, 9, 7, 6, 6, 7, 9, 8, 6, 9, 8, 7, 8, 8, 7], [7, 7, 5, 9, 6, 7, 5, 9, 9, 9, 8, 8, 5, 6, 7, 7, 5, 9, 8, 6, 6, 6, 9, 9, 8], [9, 8, 7, 5, 8, 8, 8, 6, 9, 9, 5, 5, 8, 8, 8, 7, 7, 8, 7, 9, 5, 9, 6, 9, 5], [5, 7, 7, 9, 6, 7, 8, 7, 7, 7, 8, 9, 6, 5, 5, 8, 8, 8, 8, 6, 9, 5, 8, 5, 8], [5, 6, 9, 9, 5, 7, 7, 7, 7, 7, 8, 9, 6, 5, 9, 9, 5, 8, 9, 8, 8, 5, 8, 5, 5], [5, 7, 9, 9, 5, 6, 9, 9, 9, 8, 7, 5, 7, 5, 9, 6, 9, 9, 9, 9, 5, 6, 8, 7, 5], [5, 9, 7, 6, 8, 5, 5, 6, 6, 9, 5, 9, 7, 7, 8, 7, 7, 8, 8, 8, 8, 5, 7, 9, 5], [8, 8, 8, 7, 5, 5, 8, 9, 6, 6, 8, 7, 8, 7, 5, 6, 5, 7, 5, 7, 8, 8, 9, 5, 5], [8, 8, 7, 8, 6, 5, 8, 6, 9, 5, 5, 9, 6, 6, 9, 7, 5, 7, 8, 5, 5, 8, 5, 8, 5], [5, 6, 5, 6, 8, 8, 6, 8, 6, 7, 6, 5, 8, 6, 5, 9, 9, 9, 7, 7, 7, 8, 6, 8, 7], [6, 6, 6, 7, 9, 8, 6, 6, 6, 9, 5, 9, 8, 6, 6, 9, 8, 5, 6, 5, 5, 9, 8, 6, 8], [6, 6, 9, 8, 5, 7, 8, 8, 7, 6, 6, 5, 9, 7, 7, 8, 7, 7, 6, 5, 9, 9, 9, 7, 5], [5, 9, 8, 9, 9, 8, 6, 5, 8, 7, 7, 7, 6, 5, 8, 5, 7, 9, 6, 7, 8, 7, 8, 6, 8], [6, 5, 6, 5, 6, 8, 8, 9, 8, 8, 6, 8, 8, 5, 7, 6, 5, 9, 6, 7, 7, 9, 7, 5, 6], [7, 9, 9, 8, 8, 8, 7, 7, 5, 9, 7, 9, 5, 7, 7, 8, 5, 8, 6, 5, 9, 7, 6, 6, 7], [5, 7, 7, 5, 7, 8, 7, 9, 6, 5, 9, 5, 6, 6, 7, 5, 8, 7, 9, 8, 9, 6, 9, 9, 6], [6, 9, 9, 7, 5, 6, 9, 5, 7, 5, 7, 5, 5, 6, 9, 7, 9, 6, 9, 6, 8, 8, 9, 7, 6], [7, 6, 8, 7, 5, 6, 6, 7, 5, 9, 6, 8, 7, 5, 6, 8, 8, 6, 8, 6, 8, 8, 8, 9, 8], [5, 6, 6, 5, 6, 7, 7, 7, 9, 8, 8, 6, 6, 7, 9, 6, 7, 7, 5, 7, 8, 5, 5, 9, 8], [8, 7, 6, 6, 5, 7, 8, 5, 8, 8, 7, 9, 9, 9, 7, 6, 9, 7, 5, 7, 5, 9, 6, 6, 7], [7, 7, 9, 9, 8, 6, 8, 5, 8, 8, 7, 8, 7, 9, 9, 9, 6, 7, 9, 6, 9, 9, 6, 9, 6], [6, 7, 7, 8, 5, 7, 8, 7, 5, 5, 6, 7, 7, 8, 8, 9, 7, 9, 8, 9, 5, 6, 6, 5, 6], [5, 7, 9, 6, 8, 8, 9, 6, 9, 8, 9, 9, 8, 6, 7, 8, 8, 7, 8, 6, 5, 5, 7, 5, 6], [7, 7, 7, 5, 5, 6, 7, 9, 9, 7, 5, 9, 8, 5, 6, 7, 9, 7, 6, 6, 6, 8, 7, 7, 5], [5, 9, 5, 6, 5, 6, 8, 6, 6, 8, 7, 7, 5, 7, 9, 6, 6, 6, 5, 6, 6, 8, 7, 8, 9], [8, 6, 9, 7, 6, 8, 8, 8, 6, 9, 6, 8, 6, 7, 9, 8, 6, 8, 5, 6, 7, 8, 5, 8, 8], [7, 9, 7, 5, 8, 7, 7, 5, 5, 5, 7, 5, 7, 9, 5, 8, 6, 5, 6, 7, 6, 6, 8, 6, 5], [9, 5, 8, 6, 7, 6, 5, 7, 8, 6, 8, 5, 8, 8, 9, 8, 5, 5, 8, 9, 5, 7, 6, 8, 8], [7, 5, 6, 6, 6, 6, 9, 8, 6, 9, 6, 5, 7, 9, 7, 5, 8, 7, 9, 8, 8, 9, 7, 6, 9], [6, 9, 6, 9, 6, 6, 5, 5, 9, 7, 8, 5, 8, 5, 7, 8, 7, 9, 5, 9, 9, 6, 6, 8, 6], [5, 5, 7, 5, 9, 7, 7, 5, 7, 6, 8, 7, 6, 9, 6, 5, 8, 5, 8, 5, 8, 5, 6, 8, 9], [6, 6, 8, 9, 8, 7, 9, 8, 6, 7, 5, 8, 5, 7, 6, 7, 6, 8, 7, 8, 8, 7, 5, 9, 6], [6, 8, 5, 9, 7, 9, 7, 6, 9, 7, 8, 7, 8, 7, 9, 9, 7, 9, 5, 7, 9, 8, 6, 5, 6], [5, 7, 5, 7, 7, 5, 6, 7, 5, 5, 9, 7, 9, 6, 7, 7, 8, 6, 9, 7, 7, 9, 9, 7, 7], [6, 6, 5, 8, 7, 9, 9, 8, 7, 8, 5, 7, 6, 5, 6, 6, 6, 5, 8, 8, 5, 6, 7, 7, 7], [8, 8, 6, 7, 7, 8, 9, 8, 9, 5, 6, 7, 9, 7, 7, 9, 7, 7, 5, 9, 9, 9, 7, 8, 8], [6, 5, 6, 5, 5, 8, 5, 9, 7, 5, 6, 8, 5, 8, 5, 7, 5, 5, 7, 9, 8, 6, 7, 7, 7], [7, 6, 6, 7, 8, 7, 6, 8, 9, 5, 9, 7, 8, 8, 8, 8, 6, 5, 5, 5, 8, 7, 7, 9, 8], [8, 7, 6, 6, 6, 7, 8, 6, 6, 7, 7, 6, 9, 8, 8, 6, 5, 6, 6, 8, 9, 8, 9, 8, 8], [5, 9, 7, 7, 9, 6, 5, 6, 6, 8, 8, 6, 5, 8, 7, 9, 5, 6, 6, 9, 9, 7, 6, 5, 6], [9, 8, 9, 5, 8, 6, 9, 7, 9, 9, 8, 7, 6, 5, 7, 7, 8, 9, 5, 6, 6, 5, 7, 9, 8], [8, 5, 6, 9, 5, 5, 9, 6, 7, 6, 7, 6, 8, 6, 6, 5, 8, 8, 9, 8, 5, 8, 6, 6, 6], [9, 5, 6, 7, 5, 6, 8, 7, 6, 6, 8, 5, 7, 7, 8, 5, 6, 6, 8, 6, 6, 5, 7, 6, 7], [5, 9, 8, 8, 7, 6, 7, 7, 9, 6, 9, 6, 6, 8, 9, 6, 8, 5, 6, 7, 9, 5, 9, 6, 6], [9, 8, 5, 7, 8, 5, 7, 9, 7, 8, 8, 5, 6, 9, 7, 5, 8, 6, 7, 8, 8, 7, 8, 9, 7], [7, 9, 5, 8, 5, 5, 5, 5, 9, 9, 9, 7, 6, 9, 9, 7, 7, 9, 8, 8, 5, 8, 7, 8, 7]]
Demand for each product in each period d: 
[[1, 24, 36, 0, 10, 7, 5, 27, 0, 1, 0, 19, 34, 1, 41, 24, 1, 15, 2, 46, 2, 44, 40, 46, 28], [38, 1, 21, 35, 0, 29, 3, 0, 41, 41, 10, 30, 8, 14, 23, 16, 32, 13, 29, 17, 39, 35, 13, 9, 28], [28, 19, 38, 7, 11, 19, 0, 35, 46, 37, 25, 31, 32, 36, 34, 22, 37, 38, 43, 19, 0, 19, 13, 1, 31], [0, 0, 18, 2, 28, 26, 0, 1, 5, 39, 44, 24, 33, 19, 6, 0, 0, 22, 5, 27, 25, 6, 13, 46, 5], [4, 0, 29, 30, 37, 3, 27, 15, 14, 18, 41, 8, 48, 18, 0, 16, 16, 27, 44, 31, 47, 0, 48, 9, 29], [13, 19, 29, 15, 23, 28, 49, 32, 45, 35, 40, 23, 23, 27, 0, 36, 33, 31, 31, 0, 33, 3, 19, 7, 4], [14, 4, 38, 46, 44, 27, 6, 3, 49, 18, 41, 43, 17, 47, 42, 35, 35, 8, 0, 38, 1, 5, 34, 38, 47], [26, 40, 16, 7, 6, 32, 21, 34, 36, 23, 34, 23, 41, 48, 0, 30, 1, 48, 48, 22, 24, 42, 29, 31, 9], [22, 22, 0, 20, 48, 31, 24, 48, 35, 24, 27, 17, 33, 1, 1, 25, 33, 40, 2, 7, 34, 11, 24, 0, 44], [39, 31, 47, 43, 12, 48, 41, 25, 12, 34, 1, 22, 4, 13, 2, 34, 41, 16, 24, 11, 4, 3, 36, 32, 30], [17, 34, 16, 7, 13, 21, 47, 41, 1, 33, 39, 16, 0, 0, 9, 41, 3, 22, 42, 17, 11, 35, 45, 20, 46], [49, 30, 18, 45, 46, 25, 11, 0, 40, 0, 0, 13, 22, 8, 1, 13, 37, 47, 9, 12, 48, 18, 33, 40, 39], [49, 41, 6, 20, 14, 49, 8, 35, 35, 0, 28, 0, 2, 9, 8, 41, 43, 2, 45, 22, 33, 15, 16, 20, 13], [45, 0, 49, 4, 0, 46, 5, 46, 0, 0, 40, 32, 19, 0, 33, 37, 0, 32, 33, 5, 48, 2, 21, 29, 40], [41, 45, 23, 13, 32, 44, 23, 14, 30, 16, 28, 22, 46, 0, 13, 0, 0, 27, 4, 30, 47, 44, 0, 29, 34], [15, 26, 18, 12, 19, 27, 45, 16, 29, 25, 15, 11, 36, 31, 25, 46, 29, 18, 36, 21, 3, 2, 32, 27, 8], [16, 0, 13, 43, 41, 9, 5, 40, 43, 45, 36, 35, 16, 37, 23, 42, 32, 18, 39, 24, 44, 7, 48, 12, 6], [49, 27, 30, 20, 37, 44, 43, 35, 38, 45, 42, 39, 28, 36, 1, 26, 0, 45, 4, 40, 27, 25, 5, 34, 37], [43, 0, 20, 15, 10, 0, 36, 34, 1, 34, 45, 5, 27, 23, 3, 30, 46, 39, 32, 6, 19, 0, 42, 17, 5], [37, 0, 0, 13, 5, 35, 7, 40, 1, 5, 49, 8, 17, 0, 33, 16, 0, 22, 29, 26, 41, 0, 16, 36, 7], [29, 45, 46, 6, 32, 35, 41, 10, 41, 26, 15, 4, 27, 17, 42, 37, 0, 20, 40, 30, 9, 33, 25, 35, 42], [9, 16, 4, 37, 41, 47, 6, 21, 35, 14, 2, 0, 15, 44, 8, 0, 3, 14, 11, 25, 0, 20, 44, 7, 45], [23, 41, 31, 31, 13, 32, 4, 24, 12, 4, 23, 43, 35, 37, 21, 11, 4, 45, 5, 14, 13, 18, 25, 49, 42], [46, 43, 34, 6, 6, 4, 0, 2, 3, 42, 8, 39, 38, 35, 29, 44, 0, 30, 39, 24, 29, 34, 11, 43, 21], [44, 0, 36, 2, 1, 31, 13, 38, 29, 42, 37, 5, 35, 42, 23, 34, 44, 44, 36, 0, 40, 0, 42, 12, 40], [32, 3, 21, 2, 31, 4, 21, 8, 35, 28, 21, 0, 47, 34, 21, 33, 38, 35, 9, 49, 14, 0, 48, 6, 28], [33, 24, 18, 23, 21, 20, 39, 3, 5, 16, 23, 24, 13, 13, 0, 22, 24, 15, 20, 23, 42, 25, 15, 28, 7], [9, 7, 5, 35, 43, 49, 2, 48, 48, 35, 46, 32, 11, 19, 0, 0, 2, 22, 11, 3, 28, 18, 42, 34, 0], [3, 42, 48, 22, 9, 16, 22, 37, 41, 12, 43, 11, 16, 46, 49, 32, 41, 43, 42, 0, 11, 21, 35, 32, 3], [18, 11, 48, 4, 34, 39, 19, 16, 21, 2, 23, 6, 1, 12, 35, 0, 17, 24, 0, 0, 0, 36, 14, 39, 15], [22, 25, 11, 35, 13, 46, 25, 22, 36, 36, 32, 22, 43, 0, 6, 2, 1, 31, 10, 14, 15, 36, 25, 47, 25], [21, 36, 2, 9, 25, 31, 42, 5, 34, 35, 35, 10, 19, 45, 15, 10, 9, 46, 43, 43, 4, 19, 42, 11, 9], [12, 0, 6, 32, 2, 46, 39, 16, 9, 35, 1, 21, 9, 30, 27, 42, 9, 48, 48, 22, 25, 33, 16, 36, 2], [7, 0, 36, 13, 32, 5, 36, 33, 6, 45, 6, 40, 1, 19, 29, 16, 19, 0, 0, 15, 13, 12, 26, 31, 27], [10, 5, 12, 28, 29, 2, 31, 44, 3, 5, 28, 7, 0, 45, 34, 38, 34, 39, 34, 14, 20, 34, 28, 6, 37], [20, 34, 18, 39, 22, 39, 35, 21, 0, 43, 4, 3, 1, 47, 42, 3, 9, 24, 14, 28, 0, 12, 14, 19, 26], [9, 11, 40, 35, 35, 7, 21, 9, 2, 42, 7, 6, 6, 3, 4, 0, 16, 46, 47, 30, 31, 0, 18, 45, 32], [14, 44, 42, 9, 40, 38, 9, 44, 41, 1, 25, 8, 0, 16, 33, 11, 17, 13, 8, 34, 3, 14, 10, 0, 7], [0, 36, 4, 25, 22, 13, 29, 40, 21, 14, 0, 28, 7, 42, 0, 28, 44, 39, 10, 23, 32, 37, 49, 11, 28], [44, 44, 46, 15, 10, 13, 22, 0, 7, 39, 36, 16, 12, 45, 16, 44, 29, 7, 49, 20, 18, 28, 15, 5, 48], [4, 48, 1, 35, 16, 34, 1, 7, 0, 0, 0, 6, 38, 16, 19, 40, 2, 3, 48, 12, 20, 28, 6, 10, 1], [2, 20, 15, 6, 29, 45, 36, 17, 26, 46, 2, 38, 3, 2, 10, 26, 11, 6, 40, 40, 10, 0, 0, 18, 38], [26, 1, 27, 21, 11, 42, 3, 44, 46, 47, 17, 17, 47, 3, 46, 47, 20, 18, 48, 4, 0, 46, 26, 19, 3], [34, 44, 5, 5, 36, 4, 35, 8, 8, 27, 3, 29, 26, 3, 35, 28, 33, 35, 10, 1, 44, 9, 10, 0, 10], [35, 0, 12, 21, 28, 46, 9, 1, 16, 39, 39, 4, 29, 36, 35, 33, 11, 42, 42, 46, 12, 42, 36, 20, 0], [47, 13, 10, 38, 22, 40, 0, 42, 9, 3, 11, 33, 45, 35, 33, 39, 5, 27, 0, 38, 35, 38, 47, 11, 19], [27, 35, 1, 25, 6, 34, 6, 22, 46, 10, 21, 25, 42, 32, 2, 17, 33, 27, 19, 34, 32, 22, 24, 9, 46], [48, 25, 42, 24, 2, 19, 48, 26, 9, 34, 32, 45, 40, 14, 9, 49, 33, 23, 25, 7, 36, 0, 0, 35, 11], [22, 0, 43, 0, 33, 0, 23, 30, 33, 34, 28, 38, 29, 25, 48, 35, 6, 22, 38, 35, 14, 47, 11, 45, 7], [32, 24, 27, 14, 16, 17, 43, 44, 21, 5, 45, 47, 20, 7, 27, 7, 15, 13, 34, 2, 40, 38, 0, 33, 40], [28, 35, 26, 35, 27, 9, 16, 46, 45, 13, 4, 11, 48, 15, 24, 24, 33, 37, 49, 2, 16, 32, 43, 23, 26], [32, 16, 30, 21, 11, 46, 16, 45, 32, 31, 11, 25, 4, 48, 42, 23, 31, 42, 11, 48, 34, 0, 8, 23, 21], [31, 17, 2, 19, 36, 15, 45, 35, 22, 16, 37, 0, 6, 29, 48, 46, 35, 15, 38, 42, 14, 44, 6, 20, 19], [11, 27, 31, 24, 13, 5, 17, 24, 3, 22, 8, 26, 46, 29, 38, 15, 19, 18, 37, 16, 33, 12, 2, 49, 47], [18, 5, 48, 44, 18, 22, 38, 25, 4, 12, 20, 0, 22, 44, 12, 20, 0, 12, 1, 12, 6, 16, 6, 21, 30], [23, 39, 7, 49, 28, 37, 36, 14, 21, 4, 13, 0, 14, 46, 26, 0, 46, 40, 27, 23, 23, 9, 5, 37, 14], [37, 24, 7, 46, 4, 46, 0, 38, 21, 23, 5, 7, 0, 5, 6, 0, 18, 44, 45, 47, 27, 42, 0, 28, 18], [28, 10, 8, 47, 30, 4, 39, 6, 10, 32, 22, 41, 30, 8, 11, 11, 9, 11, 48, 18, 28, 35, 21, 34, 13], [17, 46, 7, 33, 33, 31, 38, 35, 8, 25, 11, 2, 29, 8, 34, 0, 35, 0, 15, 1, 7, 45, 44, 49, 1], [0, 26, 29, 23, 0, 17, 17, 10, 22, 0, 18, 27, 15, 21, 43, 36, 22, 21, 5, 25, 38, 18, 0, 39, 3], [0, 5, 28, 39, 0, 9, 38, 43, 30, 37, 22, 12, 40, 33, 22, 21, 23, 43, 2, 4, 28, 48, 49, 38, 37], [21, 8, 13, 47, 44, 42, 3, 4, 25, 33, 46, 18, 17, 44, 30, 6, 38, 8, 26, 23, 37, 6, 41, 21, 11], [48, 48, 0, 21, 43, 38, 11, 0, 38, 25, 43, 40, 32, 13, 24, 13, 37, 8, 19, 25, 10, 41, 27, 30, 0], [21, 0, 10, 17, 45, 12, 38, 10, 0, 25, 1, 31, 34, 3, 3, 39, 17, 43, 33, 41, 6, 41, 16, 47, 34], [6, 17, 49, 17, 7, 40, 18, 15, 4, 20, 24, 38, 29, 4, 49, 49, 11, 37, 43, 40, 1, 40, 22, 25, 0], [0, 15, 14, 12, 35, 32, 36, 30, 43, 28, 31, 19, 49, 20, 39, 21, 23, 37, 23, 6, 42, 4, 10, 4, 5], [5, 26, 40, 30, 17, 21, 49, 24, 8, 21, 31, 43, 19, 0, 0, 46, 39, 1, 22, 47, 0, 46, 30, 16, 42], [27, 16, 15, 13, 20, 23, 24, 0, 29, 39, 3, 44, 3, 2, 24, 46, 45, 38, 4, 22, 24, 31, 25, 38, 33], [34, 31, 27, 36, 43, 21, 28, 32, 16, 39, 43, 29, 13, 7, 46, 18, 45, 15, 0, 19, 25, 11, 22, 44, 0], [18, 7, 24, 8, 31, 7, 8, 27, 28, 27, 48, 36, 49, 42, 20, 19, 3, 22, 9, 18, 26, 9, 20, 38, 18]]
Maintenance cost in each period m: 
[9977, 8503, 8818, 9509, 8635, 8205, 9115, 6815, 7623, 6444, 7136, 10139, 9289, 9156, 6516, 9293, 7136, 6402, 6495, 7445, 9428, 6916, 7656, 6909, 9247]
Maximum capacity of the machine cmax: 
2800