Set of periods in the planning horizon T: 
35
Set of products P: 
125
Capacity reduction coefficient alpha: 
0.8
Relative decrease of capacity per set up gamma: 
0.36
Capacity reduction coefficient due to product types beta: 
[0.27, 0.35, 0.39, 0.23, 0.28, 0.29, 0.39, 0.2, 0.26, 0.25, 0.23, 0.28, 0.3, 0.25, 0.31, 0.38, 0.38, 0.33, 0.25, 0.4, 0.4, 0.26, 0.3, 0.29, 0.31, 0.26, 0.39, 0.36, 0.33, 0.25, 0.35, 0.36, 0.33, 0.38, 0.35, 0.22, 0.27, 0.23, 0.25, 0.34, 0.21, 0.37, 0.28, 0.38, 0.38, 0.31, 0.36, 0.25, 0.37, 0.35, 0.3, 0.39, 0.31, 0.23, 0.32, 0.36, 0.24, 0.27, 0.37, 0.26, 0.3, 0.28, 0.31, 0.32, 0.35, 0.25, 0.32, 0.22, 0.36, 0.3, 0.24, 0.27, 0.21, 0.33, 0.37, 0.24, 0.34, 0.27, 0.29, 0.29, 0.26, 0.27, 0.3, 0.35, 0.39, 0.22, 0.32, 0.35, 0.29, 0.23, 0.38, 0.33, 0.22, 0.22, 0.35, 0.22, 0.29, 0.34, 0.29, 0.4, 0.28, 0.34, 0.26, 0.29, 0.25, 0.29, 0.2, 0.22, 0.33, 0.23, 0.35, 0.33, 0.25, 0.25, 0.35, 0.22, 0.28, 0.27, 0.24, 0.36, 0.23, 0.33, 0.39, 0.33, 0.35]
Fixed production cost of each product in each period f: 
[[888, 849, 809, 624, 864, 866, 718, 670, 941, 703, 744, 734, 720, 964, 552, 741, 806, 826, 835, 569, 868, 603, 601, 941, 860, 845, 776, 907, 527, 686, 636, 787, 855, 861, 824], [692, 502, 573, 566, 799, 923, 823, 692, 536, 697, 809, 532, 632, 753, 629, 606, 989, 569, 871, 558, 877, 710, 789, 728, 844, 957, 926, 949, 884, 864, 832, 505, 833, 803, 525], [558, 654, 679, 917, 778, 741, 614, 928, 748, 609, 707, 887, 751, 519, 880, 738, 565, 722, 819, 745, 585, 723, 644, 760, 729, 891, 566, 556, 762, 613, 975, 599, 930, 694, 679], [546, 720, 588, 685, 771, 582, 877, 629, 572, 969, 787, 743, 521, 747, 548, 761, 619, 509, 811, 851, 943, 799, 873, 610, 732, 791, 562, 773, 874, 698, 896, 755, 815, 539, 994], [533, 549, 837, 623, 511, 633, 877, 673, 832, 555, 541, 829, 673, 955, 930, 657, 621, 854, 544, 747, 815, 584, 995, 598, 712, 854, 575, 778, 535, 826, 883, 825, 990, 852, 680], [774, 550, 954, 733, 951, 799, 991, 971, 877, 546, 682, 506, 579, 805, 974, 954, 859, 522, 881, 798, 679, 633, 611, 798, 866, 670, 994, 698, 915, 853, 779, 722, 794, 514, 548], [605, 923, 797, 711, 641, 973, 955, 907, 712, 815, 756, 864, 596, 852, 700, 792, 626, 715, 728, 813, 620, 677, 528, 587, 633, 686, 606, 588, 984, 749, 504, 595, 721, 871, 967], [958, 640, 756, 658, 629, 761, 556, 746, 646, 980, 558, 571, 702, 832, 697, 624, 892, 854, 627, 735, 613, 536, 843, 549, 603, 596, 671, 977, 633, 753, 803, 660, 872, 606, 710], [568, 848, 880, 783, 541, 864, 782, 881, 989, 643, 691, 529, 667, 539, 786, 562, 969, 621, 576, 958, 532, 591, 619, 548, 707, 815, 814, 673, 534, 647, 764, 712, 878, 509, 862], [782, 733, 870, 625, 612, 832, 685, 760, 886, 850, 560, 737, 648, 508, 761, 728, 735, 900, 724, 880, 664, 941, 502, 568, 534, 680, 700, 938, 943, 579, 564, 917, 899, 934, 532], [650, 888, 600, 681, 651, 692, 625, 900, 796, 660, 604, 591, 667, 636, 850, 992, 997, 922, 655, 601, 582, 988, 913, 948, 883, 916, 915, 953, 668, 871, 854, 898, 895, 736, 622], [576, 527, 785, 731, 938, 584, 725, 753, 529, 804, 965, 572, 888, 786, 500, 818, 989, 610, 788, 598, 541, 511, 697, 919, 651, 800, 917, 782, 629, 670, 917, 802, 618, 581, 716], [772, 528, 610, 908, 853, 617, 875, 631, 865, 934, 617, 819, 637, 851, 713, 537, 959, 764, 990, 554, 633, 804, 985, 791, 859, 977, 590, 756, 996, 705, 667, 951, 640, 741, 778], [753, 875, 901, 805, 988, 528, 727, 719, 561, 995, 881, 977, 857, 895, 986, 672, 951, 760, 831, 851, 785, 971, 761, 753, 775, 773, 732, 924, 518, 959, 801, 981, 844, 711, 761], [591, 891, 815, 946, 778, 924, 524, 543, 694, 762, 500, 531, 607, 791, 912, 647, 556, 511, 751, 726, 679, 902, 522, 841, 666, 515, 676, 724, 652, 611, 692, 970, 953, 915, 691], [681, 727, 591, 735, 823, 788, 686, 640, 859, 565, 713, 934, 574, 661, 900, 892, 867, 613, 573, 822, 608, 813, 574, 622, 953, 872, 816, 796, 776, 575, 728, 647, 980, 594, 574], [777, 665, 641, 638, 700, 540, 526, 636, 688, 524, 634, 842, 683, 776, 509, 755, 600, 590, 810, 880, 505, 802, 836, 778, 693, 599, 546, 951, 704, 901, 696, 698, 790, 805, 872], [710, 706, 834, 919, 590, 624, 662, 716, 564, 628, 924, 970, 789, 531, 958, 630, 879, 595, 581, 589, 595, 562, 682, 604, 808, 812, 776, 816, 751, 688, 657, 505, 875, 759, 641], [623, 544, 556, 766, 532, 666, 679, 764, 501, 785, 637, 518, 896, 790, 530, 570, 910, 691, 876, 575, 891, 891, 845, 545, 971, 857, 975, 736, 772, 677, 699, 638, 781, 550, 998], [978, 729, 775, 972, 871, 791, 822, 783, 503, 675, 821, 538, 797, 865, 868, 758, 888, 691, 708, 692, 776, 962, 641, 606, 954, 599, 732, 881, 781, 536, 639, 722, 858, 837, 896], [972, 897, 520, 503, 790, 870, 553, 512, 506, 998, 638, 559, 562, 504, 779, 971, 519, 922, 805, 782, 539, 543, 699, 849, 642, 654, 550, 872, 837, 728, 939, 639, 858, 801, 718], [581, 942, 946, 775, 523, 996, 835, 770, 913, 959, 834, 770, 679, 641, 518, 914, 680, 578, 977, 949, 611, 638, 750, 992, 777, 958, 994, 746, 574, 689, 953, 930, 595, 771, 500], [979, 710, 774, 996, 810, 748, 984, 630, 956, 601, 745, 517, 668, 869, 944, 763, 638, 846, 662, 982, 799, 512, 539, 531, 546, 585, 823, 794, 855, 995, 607, 555, 634, 643, 691], [601, 759, 755, 650, 794, 584, 501, 589, 907, 924, 621, 611, 746, 522, 791, 962, 591, 866, 589, 799, 647, 657, 515, 908, 801, 980, 699, 634, 811, 977, 560, 821, 981, 917, 728], [704, 963, 814, 952, 519, 898, 749, 530, 966, 666, 735, 757, 520, 759, 771, 579, 506, 737, 997, 664, 669, 821, 832, 685, 567, 798, 696, 576, 700, 787, 805, 913, 573, 757, 759], [758, 754, 770, 510, 950, 907, 880, 875, 992, 627, 840, 620, 878, 828, 921, 865, 868, 783, 586, 872, 950, 977, 513, 831, 756, 854, 687, 555, 578, 887, 919, 990, 572, 969, 790], [598, 547, 807, 621, 537, 609, 856, 798, 867, 807, 810, 548, 754, 680, 791, 501, 551, 847, 815, 596, 826, 797, 662, 974, 533, 946, 551, 505, 531, 671, 872, 795, 674, 964, 593], [512, 791, 797, 930, 519, 943, 860, 845, 721, 976, 793, 519, 656, 537, 701, 953, 774, 860, 774, 681, 545, 802, 775, 853, 512, 761, 830, 832, 614, 948, 704, 753, 515, 683, 579], [569, 615, 760, 852, 665, 702, 609, 722, 915, 504, 858, 606, 514, 541, 692, 887, 721, 632, 861, 876, 810, 535, 798, 742, 584, 549, 778, 654, 826, 969, 561, 738, 626, 819, 793], [968, 646, 868, 880, 993, 795, 929, 775, 801, 766, 817, 919, 754, 677, 535, 523, 798, 606, 765, 690, 523, 770, 943, 897, 735, 610, 821, 816, 722, 855, 628, 884, 716, 882, 896], [586, 586, 740, 646, 527, 835, 518, 992, 503, 828, 628, 567, 946, 522, 688, 537, 914, 742, 752, 922, 526, 889, 528, 815, 807, 838, 681, 691, 778, 672, 547, 526, 585, 875, 670], [525, 919, 822, 736, 778, 853, 939, 650, 675, 656, 522, 806, 763, 674, 738, 618, 900, 587, 519, 978, 835, 911, 838, 999, 998, 884, 626, 956, 713, 900, 776, 684, 721, 528, 958], [885, 606, 939, 889, 875, 984, 637, 954, 678, 901, 907, 588, 591, 996, 845, 913, 958, 792, 609, 600, 758, 637, 881, 820, 981, 966, 728, 727, 938, 689, 922, 513, 949, 640, 534], [933, 617, 502, 806, 876, 937, 711, 961, 794, 808, 580, 791, 989, 974, 706, 788, 768, 625, 983, 829, 709, 962, 870, 802, 897, 954, 819, 622, 882, 501, 654, 756, 825, 864, 625], [581, 910, 959, 916, 882, 980, 911, 967, 901, 521, 784, 610, 779, 502, 699, 539, 509, 552, 842, 664, 854, 842, 734, 812, 847, 592, 809, 963, 726, 927, 805, 917, 633, 852, 985], [610, 801, 510, 782, 579, 804, 806, 901, 967, 776, 978, 764, 798, 990, 789, 735, 771, 917, 918, 992, 895, 636, 665, 564, 634, 896, 712, 862, 865, 910, 608, 960, 804, 638, 983], [651, 762, 692, 908, 876, 953, 865, 552, 774, 774, 850, 562, 649, 989, 887, 668, 769, 976, 548, 891, 510, 700, 608, 647, 846, 589, 536, 768, 656, 686, 699, 918, 874, 777, 507], [996, 739, 612, 518, 700, 619, 824, 603, 976, 664, 561, 782, 955, 535, 860, 769, 843, 787, 735, 747, 801, 595, 567, 983, 760, 907, 544, 690, 806, 551, 607, 774, 855, 724, 885], [818, 844, 740, 515, 764, 760, 540, 715, 782, 935, 761, 766, 656, 669, 765, 953, 968, 706, 986, 950, 559, 709, 572, 563, 515, 947, 562, 696, 941, 774, 742, 547, 513, 775, 928], [622, 895, 871, 509, 570, 765, 746, 562, 639, 828, 650, 633, 574, 789, 975, 634, 646, 804, 890, 620, 617, 850, 542, 899, 671, 503, 623, 511, 731, 958, 913, 566, 617, 745, 985], [719, 503, 783, 955, 966, 622, 706, 971, 909, 913, 927, 925, 559, 693, 924, 528, 787, 895, 693, 806, 926, 763, 673, 825, 525, 948, 633, 825, 578, 690, 721, 862, 951, 909, 578], [514, 887, 817, 769, 668, 984, 596, 785, 748, 546, 726, 654, 752, 985, 956, 549, 684, 670, 685, 759, 861, 738, 680, 647, 568, 519, 523, 849, 739, 993, 890, 554, 672, 632, 979], [965, 878, 638, 705, 514, 979, 893, 790, 662, 739, 811, 967, 876, 936, 690, 792, 694, 991, 933, 697, 560, 727, 506, 839, 719, 551, 857, 627, 536, 689, 837, 876, 670, 777, 857], [747, 571, 933, 882, 626, 608, 782, 725, 507, 696, 567, 526, 957, 641, 539, 837, 948, 742, 596, 983, 789, 824, 705, 816, 832, 537, 643, 666, 573, 961, 577, 942, 828, 985, 724], [616, 860, 630, 731, 816, 942, 566, 653, 823, 790, 719, 868, 574, 962, 718, 889, 971, 964, 775, 611, 733, 647, 550, 753, 678, 717, 962, 926, 944, 988, 943, 806, 809, 823, 990], [990, 688, 506, 786, 948, 839, 744, 743, 824, 951, 715, 934, 760, 908, 666, 726, 963, 871, 919, 997, 937, 576, 851, 888, 768, 863, 966, 653, 744, 588, 544, 723, 523, 601, 502], [755, 737, 574, 501, 950, 944, 829, 592, 716, 773, 986, 539, 925, 578, 937, 844, 598, 671, 789, 831, 966, 750, 976, 528, 527, 950, 663, 554, 730, 632, 670, 615, 762, 859, 669], [769, 681, 812, 830, 535, 773, 595, 680, 574, 553, 922, 573, 653, 534, 822, 606, 728, 812, 563, 683, 664, 912, 504, 728, 617, 501, 595, 988, 913, 916, 858, 913, 657, 573, 953], [674, 929, 826, 622, 731, 839, 766, 967, 940, 651, 578, 642, 800, 547, 519, 540, 921, 524, 839, 505, 508, 640, 987, 763, 692, 558, 717, 596, 747, 947, 553, 943, 793, 850, 582], [846, 660, 608, 798, 652, 857, 565, 623, 823, 664, 901, 895, 599, 657, 560, 548, 947, 856, 940, 905, 939, 928, 527, 810, 965, 614, 669, 990, 718, 644, 549, 820, 798, 558, 823], [708, 905, 550, 890, 629, 584, 791, 883, 772, 935, 565, 822, 975, 501, 508, 852, 772, 715, 928, 714, 694, 550, 902, 633, 736, 637, 545, 527, 987, 556, 604, 991, 905, 944, 564], [577, 991, 616, 727, 623, 957, 698, 782, 854, 586, 545, 722, 729, 907, 507, 698, 827, 701, 860, 772, 876, 726, 897, 694, 778, 995, 743, 679, 941, 707, 988, 672, 776, 792, 989], [686, 858, 883, 904, 507, 539, 591, 892, 762, 700, 633, 773, 708, 931, 624, 873, 836, 836, 946, 945, 500, 746, 726, 994, 957, 518, 606, 523, 928, 892, 643, 880, 802, 976, 993], [680, 639, 506, 815, 509, 838, 983, 690, 836, 648, 888, 661, 502, 813, 873, 666, 657, 517, 712, 541, 513, 965, 533, 630, 649, 974, 998, 994, 529, 961, 948, 720, 952, 546, 934], [939, 978, 934, 584, 606, 811, 586, 879, 864, 942, 707, 615, 609, 504, 904, 895, 794, 536, 896, 948, 979, 886, 924, 571, 741, 587, 725, 660, 622, 557, 924, 692, 652, 923, 906], [753, 836, 559, 701, 877, 861, 523, 878, 747, 932, 677, 511, 509, 698, 620, 522, 792, 566, 570, 938, 956, 512, 536, 669, 618, 752, 881, 908, 507, 975, 586, 790, 575, 765, 678], [537, 848, 917, 704, 659, 940, 555, 789, 632, 769, 831, 784, 556, 944, 785, 594, 974, 518, 810, 710, 620, 739, 841, 646, 676, 786, 856, 821, 996, 703, 914, 782, 628, 915, 772], [640, 764, 998, 818, 686, 897, 840, 630, 955, 572, 731, 961, 651, 904, 666, 604, 816, 701, 820, 793, 581, 670, 503, 765, 661, 995, 796, 504, 553, 866, 614, 722, 844, 610, 586], [705, 685, 625, 565, 523, 687, 786, 784, 601, 813, 549, 738, 562, 903, 666, 791, 605, 999, 671, 910, 780, 626, 880, 930, 714, 915, 806, 961, 987, 803, 952, 848, 998, 715, 919], [722, 540, 692, 567, 722, 994, 851, 690, 786, 671, 655, 929, 834, 671, 660, 861, 560, 759, 736, 951, 655, 741, 900, 811, 715, 786, 561, 708, 574, 888, 809, 611, 596, 750, 713], [511, 644, 578, 998, 854, 689, 822, 595, 552, 754, 733, 729, 837, 916, 729, 689, 868, 819, 560, 885, 853, 693, 639, 795, 647, 744, 941, 746, 521, 874, 767, 712, 617, 678, 604], [689, 831, 819, 887, 774, 674, 917, 961, 926, 750, 923, 823, 749, 625, 822, 877, 874, 884, 921, 560, 764, 503, 571, 752, 990, 870, 817, 979, 678, 528, 832, 991, 821, 954, 676], [759, 582, 895, 616, 978, 889, 758, 607, 788, 992, 893, 656, 911, 983, 574, 962, 775, 703, 865, 994, 747, 993, 986, 542, 528, 656, 791, 954, 750, 992, 821, 935, 614, 883, 968], [684, 865, 650, 587, 572, 847, 878, 905, 849, 917, 677, 692, 989, 665, 932, 843, 827, 870, 692, 739, 942, 946, 556, 502, 946, 656, 755, 557, 556, 535, 846, 761, 602, 941, 643], [534, 947, 561, 887, 744, 647, 504, 731, 759, 781, 590, 835, 528, 614, 506, 855, 919, 687, 613, 776, 926, 814, 869, 722, 990, 919, 518, 602, 528, 533, 924, 626, 672, 770, 599], [556, 633, 508, 795, 674, 909, 834, 723, 636, 727, 914, 852, 550, 941, 620, 709, 596, 732, 678, 779, 619, 568, 713, 782, 577, 698, 777, 910, 916, 692, 531, 823, 979, 789, 889], [922, 992, 946, 816, 660, 966, 636, 783, 958, 787, 854, 553, 833, 986, 970, 857, 912, 729, 727, 930, 756, 658, 610, 912, 904, 583, 588, 728, 721, 918, 979, 719, 977, 734, 706], [816, 648, 865, 826, 734, 955, 798, 898, 569, 847, 739, 598, 710, 857, 706, 897, 984, 965, 861, 655, 948, 629, 672, 508, 897, 713, 805, 966, 746, 530, 827, 530, 536, 937, 829], [639, 649, 703, 670, 534, 501, 946, 544, 997, 657, 804, 881, 841, 621, 643, 555, 863, 843, 588, 950, 837, 651, 701, 805, 502, 729, 542, 761, 572, 697, 985, 714, 734, 531, 516], [586, 796, 642, 707, 887, 567, 752, 591, 536, 933, 587, 935, 822, 825, 689, 968, 950, 710, 856, 562, 600, 877, 828, 731, 858, 649, 720, 915, 953, 533, 535, 973, 627, 788, 692], [688, 921, 623, 554, 691, 671, 916, 978, 814, 640, 752, 996, 941, 892, 616, 811, 750, 773, 910, 547, 742, 871, 566, 822, 626, 792, 685, 831, 564, 830, 923, 744, 671, 716, 571], [829, 978, 979, 882, 727, 654, 740, 806, 868, 619, 994, 503, 620, 688, 961, 953, 726, 697, 942, 968, 668, 597, 915, 507, 556, 664, 928, 514, 782, 816, 535, 823, 660, 627, 735], [639, 981, 863, 578, 853, 892, 799, 947, 536, 615, 728, 909, 798, 577, 702, 781, 691, 594, 864, 660, 702, 779, 854, 812, 535, 872, 924, 716, 878, 520, 854, 918, 765, 527, 527], [626, 764, 815, 967, 919, 648, 740, 761, 947, 913, 807, 794, 612, 801, 786, 780, 599, 555, 702, 910, 564, 548, 790, 967, 849, 857, 994, 671, 501, 777, 518, 926, 798, 768, 911], [621, 885, 873, 825, 602, 998, 646, 653, 863, 967, 634, 574, 594, 868, 542, 767, 872, 680, 825, 632, 577, 902, 865, 570, 917, 977, 901, 827, 979, 663, 914, 982, 569, 770, 592], [631, 983, 642, 562, 720, 540, 917, 632, 783, 703, 928, 975, 769, 542, 804, 958, 870, 960, 923, 662, 818, 810, 748, 701, 751, 976, 665, 851, 745, 660, 639, 840, 675, 798, 773], [855, 857, 936, 671, 522, 878, 970, 930, 658, 803, 617, 940, 891, 964, 776, 893, 966, 798, 992, 722, 938, 596, 682, 881, 762, 878, 850, 955, 620, 808, 703, 715, 900, 816, 946], [866, 598, 873, 952, 618, 928, 815, 626, 623, 717, 552, 992, 568, 552, 612, 887, 989, 705, 992, 795, 999, 780, 588, 728, 686, 875, 809, 508, 614, 725, 551, 607, 904, 696, 531], [620, 568, 641, 647, 596, 583, 683, 858, 584, 659, 966, 715, 559, 520, 574, 783, 995, 835, 584, 731, 798, 532, 602, 505, 708, 998, 821, 633, 906, 583, 509, 936, 788, 869, 955], [925, 913, 932, 544, 743, 568, 630, 965, 659, 661, 774, 719, 723, 977, 905, 568, 525, 915, 980, 647, 874, 616, 930, 815, 662, 553, 984, 986, 808, 690, 650, 508, 777, 624, 804], [799, 792, 818, 907, 950, 626, 640, 907, 673, 670, 656, 623, 712, 606, 723, 728, 571, 629, 538, 642, 622, 929, 834, 913, 911, 898, 830, 596, 847, 635, 662, 816, 927, 671, 691], [901, 551, 625, 523, 900, 743, 747, 843, 696, 820, 515, 774, 774, 606, 530, 682, 633, 599, 909, 936, 725, 607, 782, 614, 646, 944, 598, 617, 759, 912, 660, 667, 709, 691, 879], [964, 969, 539, 831, 617, 967, 556, 796, 834, 555, 602, 644, 866, 698, 621, 865, 643, 672, 781, 559, 819, 787, 956, 680, 963, 538, 859, 962, 899, 947, 873, 798, 817, 718, 584], [687, 582, 731, 923, 863, 624, 564, 730, 533, 952, 721, 931, 535, 519, 551, 710, 840, 624, 508, 786, 533, 751, 916, 787, 579, 770, 506, 628, 913, 980, 695, 711, 920, 536, 867], [812, 930, 941, 588, 999, 515, 826, 940, 763, 687, 859, 763, 866, 858, 817, 794, 934, 887, 784, 506, 539, 904, 870, 728, 542, 541, 933, 955, 740, 850, 874, 526, 933, 660, 646], [879, 771, 802, 794, 976, 824, 571, 778, 927, 585, 622, 744, 860, 749, 981, 978, 537, 871, 537, 951, 613, 722, 943, 692, 735, 675, 637, 882, 649, 665, 787, 546, 532, 806, 734], [672, 981, 739, 755, 510, 563, 604, 763, 963, 988, 554, 946, 536, 979, 873, 639, 667, 540, 760, 505, 910, 846, 772, 990, 960, 809, 915, 976, 530, 513, 745, 759, 580, 787, 704], [808, 962, 671, 559, 826, 726, 854, 700, 831, 927, 508, 849, 858, 732, 995, 507, 681, 888, 943, 878, 657, 607, 797, 709, 713, 981, 822, 961, 629, 714, 540, 974, 645, 570, 762], [708, 627, 882, 717, 930, 712, 592, 993, 539, 578, 752, 978, 823, 765, 710, 674, 951, 680, 637, 927, 976, 924, 713, 966, 624, 796, 984, 562, 701, 833, 749, 879, 986, 702, 648], [581, 719, 782, 943, 519, 505, 905, 855, 507, 932, 754, 864, 995, 802, 830, 509, 753, 716, 756, 767, 602, 894, 776, 513, 916, 812, 784, 734, 838, 940, 922, 614, 614, 916, 691], [520, 930, 676, 565, 896, 600, 931, 894, 523, 896, 802, 785, 611, 785, 503, 916, 792, 859, 600, 712, 572, 609, 602, 855, 920, 822, 965, 690, 972, 607, 673, 577, 528, 898, 650], [972, 692, 705, 884, 826, 974, 901, 708, 744, 829, 764, 876, 598, 776, 971, 981, 531, 770, 666, 853, 616, 506, 883, 936, 568, 719, 576, 802, 631, 711, 607, 936, 978, 735, 835], [737, 889, 733, 625, 850, 951, 737, 970, 660, 535, 908, 898, 939, 617, 695, 602, 754, 589, 510, 577, 544, 617, 528, 660, 651, 820, 685, 780, 606, 957, 616, 611, 563, 865, 564], [554, 624, 631, 788, 783, 836, 848, 755, 948, 840, 946, 653, 843, 570, 835, 713, 579, 916, 769, 854, 584, 868, 547, 704, 571, 566, 818, 891, 612, 981, 769, 651, 880, 985, 973], [661, 782, 941, 620, 755, 852, 791, 826, 515, 629, 930, 796, 608, 977, 889, 805, 993, 748, 788, 753, 748, 872, 646, 942, 645, 579, 507, 913, 745, 999, 911, 946, 997, 915, 610], [710, 744, 838, 732, 813, 930, 916, 796, 888, 937, 669, 508, 765, 590, 534, 926, 928, 753, 972, 799, 639, 560, 613, 513, 547, 866, 626, 501, 503, 780, 818, 821, 552, 556, 985], [907, 919, 885, 871, 997, 584, 539, 662, 521, 727, 630, 894, 808, 960, 633, 666, 824, 527, 658, 541, 749, 958, 547, 675, 651, 574, 930, 684, 982, 670, 519, 906, 652, 634, 964], [994, 649, 720, 562, 544, 815, 575, 881, 953, 884, 859, 595, 966, 693, 634, 761, 718, 500, 860, 505, 625, 742, 912, 969, 986, 888, 751, 888, 636, 908, 605, 718, 882, 962, 540], [515, 567, 512, 775, 544, 754, 541, 608, 824, 834, 561, 709, 849, 676, 868, 850, 559, 981, 595, 787, 757, 572, 963, 610, 601, 571, 895, 918, 503, 832, 643, 976, 569, 619, 927], [848, 618, 614, 683, 535, 849, 767, 884, 821, 957, 611, 966, 727, 844, 851, 682, 832, 633, 764, 556, 620, 789, 873, 736, 571, 636, 596, 552, 539, 550, 696, 995, 912, 607, 841], [790, 743, 599, 667, 538, 537, 528, 945, 851, 877, 945, 831, 723, 951, 536, 644, 991, 639, 914, 681, 571, 777, 921, 847, 535, 732, 807, 946, 594, 879, 804, 946, 550, 997, 951], [980, 810, 962, 792, 605, 665, 800, 668, 935, 916, 587, 894, 807, 921, 765, 786, 675, 729, 768, 566, 692, 626, 524, 522, 926, 950, 738, 751, 983, 966, 513, 604, 713, 997, 518], [843, 631, 654, 970, 500, 972, 774, 790, 961, 867, 701, 779, 967, 714, 841, 712, 965, 948, 507, 913, 841, 637, 688, 572, 997, 594, 951, 986, 732, 967, 828, 814, 788, 813, 637], [950, 672, 698, 873, 568, 906, 522, 868, 893, 791, 614, 654, 735, 843, 923, 685, 565, 615, 741, 713, 956, 534, 729, 547, 904, 748, 849, 862, 722, 657, 886, 596, 531, 918, 802], [912, 987, 772, 738, 764, 569, 639, 906, 615, 968, 663, 734, 978, 820, 899, 581, 813, 531, 987, 518, 911, 545, 611, 839, 633, 745, 689, 992, 825, 941, 633, 547, 552, 867, 592], [710, 718, 823, 699, 620, 639, 934, 641, 657, 909, 920, 718, 627, 741, 525, 677, 823, 729, 971, 884, 679, 998, 506, 712, 972, 839, 663, 704, 536, 682, 605, 922, 859, 700, 626], [577, 641, 957, 698, 813, 580, 765, 565, 843, 727, 744, 880, 825, 973, 743, 675, 531, 680, 800, 675, 746, 867, 539, 586, 546, 785, 685, 775, 680, 577, 582, 804, 836, 986, 819], [704, 552, 925, 553, 784, 743, 777, 736, 818, 980, 762, 638, 948, 676, 846, 724, 739, 819, 733, 545, 568, 579, 662, 825, 839, 966, 796, 936, 679, 714, 873, 964, 529, 685, 881], [981, 620, 552, 518, 693, 889, 830, 715, 911, 597, 777, 807, 999, 654, 732, 669, 927, 980, 560, 823, 686, 585, 963, 907, 889, 983, 839, 575, 978, 792, 582, 523, 825, 977, 715], [885, 518, 583, 926, 884, 823, 714, 706, 565, 739, 576, 786, 569, 888, 711, 943, 945, 568, 525, 859, 951, 659, 797, 633, 950, 718, 722, 995, 766, 771, 504, 647, 748, 925, 899], [598, 968, 952, 695, 773, 586, 799, 748, 784, 726, 921, 535, 788, 794, 663, 500, 685, 689, 725, 745, 953, 650, 594, 568, 881, 578, 853, 783, 716, 824, 689, 724, 620, 979, 903], [525, 557, 747, 793, 822, 953, 985, 844, 774, 671, 660, 620, 957, 623, 622, 821, 500, 556, 923, 975, 579, 548, 520, 852, 951, 903, 601, 998, 924, 688, 503, 924, 621, 538, 813], [758, 544, 925, 702, 525, 997, 866, 578, 931, 656, 559, 982, 544, 637, 614, 817, 842, 791, 542, 615, 916, 501, 956, 664, 788, 911, 663, 579, 803, 790, 680, 769, 838, 849, 898], [875, 976, 814, 808, 943, 661, 852, 975, 682, 953, 680, 631, 584, 683, 962, 783, 701, 809, 800, 614, 931, 914, 583, 676, 839, 891, 924, 880, 981, 954, 941, 961, 934, 670, 875], [591, 708, 694, 526, 537, 596, 650, 852, 540, 900, 807, 887, 682, 723, 801, 826, 595, 767, 683, 849, 940, 580, 672, 680, 542, 650, 742, 552, 965, 860, 911, 636, 589, 517, 591], [896, 509, 534, 504, 668, 570, 520, 983, 660, 894, 952, 745, 642, 969, 986, 542, 860, 614, 507, 931, 568, 865, 889, 799, 891, 565, 921, 770, 611, 983, 688, 730, 967, 996, 548], [662, 510, 703, 614, 773, 841, 894, 823, 896, 654, 769, 769, 587, 863, 700, 561, 520, 990, 928, 963, 739, 630, 662, 731, 940, 761, 922, 538, 654, 501, 989, 803, 702, 663, 588], [678, 617, 940, 863, 539, 930, 720, 584, 534, 918, 750, 906, 726, 836, 632, 947, 831, 948, 942, 768, 614, 955, 567, 544, 633, 927, 962, 768, 680, 955, 795, 975, 650, 947, 998], [761, 662, 730, 668, 789, 673, 505, 788, 780, 558, 576, 847, 939, 872, 986, 502, 689, 562, 596, 554, 876, 758, 898, 638, 704, 848, 576, 659, 804, 816, 855, 592, 563, 676, 998], [898, 772, 925, 529, 636, 522, 750, 925, 595, 936, 716, 656, 587, 609, 847, 797, 670, 831, 519, 506, 672, 586, 900, 873, 663, 879, 666, 943, 615, 551, 526, 939, 777, 569, 858], [873, 568, 564, 800, 690, 637, 929, 703, 853, 828, 944, 627, 798, 754, 517, 979, 529, 854, 848, 542, 631, 636, 651, 609, 765, 606, 547, 772, 981, 562, 839, 692, 839, 775, 748], [753, 818, 787, 630, 516, 871, 972, 878, 577, 641, 982, 682, 889, 873, 847, 634, 674, 673, 618, 662, 684, 902, 615, 543, 596, 617, 662, 918, 618, 636, 594, 728, 951, 749, 763], [747, 763, 572, 970, 967, 703, 746, 541, 610, 685, 583, 599, 708, 667, 810, 967, 867, 678, 837, 884, 554, 647, 692, 691, 970, 626, 910, 938, 548, 528, 653, 972, 657, 587, 912], [951, 749, 617, 621, 873, 788, 893, 756, 529, 887, 835, 637, 770, 714, 974, 927, 766, 794, 792, 599, 639, 884, 999, 916, 833, 984, 800, 838, 904, 531, 927, 857, 947, 671, 882], [966, 994, 752, 782, 772, 637, 791, 639, 556, 560, 900, 660, 541, 715, 785, 988, 505, 555, 933, 594, 899, 663, 727, 711, 772, 957, 855, 626, 567, 739, 802, 811, 840, 990, 540]]
Variable production cost per unit of each product in each period p: 
[[11, 13, 12, 12, 13, 11, 12, 12, 13, 11, 10, 10, 13, 13, 11, 13, 11, 10, 12, 13, 11, 11, 11, 12, 10, 13, 11, 10, 10, 11, 11, 11, 13, 12, 12], [11, 12, 13, 13, 10, 12, 10, 13, 10, 10, 13, 11, 10, 11, 11, 10, 11, 10, 13, 12, 10, 12, 13, 10, 11, 11, 10, 11, 12, 12, 10, 13, 11, 12, 11], [10, 10, 12, 13, 13, 11, 13, 12, 13, 12, 10, 13, 12, 13, 12, 12, 13, 12, 12, 10, 11, 11, 10, 10, 12, 11, 10, 11, 10, 13, 10, 12, 11, 11, 12], [11, 12, 10, 12, 13, 11, 10, 13, 10, 11, 13, 10, 11, 11, 11, 10, 12, 12, 10, 12, 10, 12, 10, 13, 12, 12, 11, 12, 10, 12, 12, 11, 13, 11, 12], [11, 11, 12, 13, 12, 13, 10, 10, 11, 12, 11, 12, 11, 10, 12, 10, 10, 11, 11, 13, 13, 13, 13, 11, 13, 13, 13, 13, 11, 12, 13, 12, 10, 11, 12], [12, 10, 11, 12, 13, 13, 13, 13, 10, 11, 13, 12, 12, 13, 12, 13, 10, 12, 13, 11, 10, 11, 12, 13, 11, 13, 13, 10, 11, 12, 11, 12, 12, 12, 10], [11, 13, 11, 12, 11, 10, 11, 12, 12, 10, 13, 12, 10, 11, 11, 10, 13, 11, 13, 12, 13, 13, 10, 12, 10, 13, 13, 10, 12, 13, 11, 11, 13, 12, 10], [12, 10, 10, 10, 12, 11, 13, 13, 11, 10, 11, 10, 10, 13, 13, 12, 12, 10, 12, 12, 12, 12, 12, 10, 11, 11, 10, 13, 11, 11, 11, 10, 13, 10, 12], [12, 10, 11, 13, 12, 13, 13, 11, 12, 10, 10, 12, 11, 13, 12, 11, 11, 10, 10, 10, 11, 13, 10, 12, 12, 10, 10, 13, 12, 12, 11, 10, 13, 12, 11], [10, 13, 10, 10, 12, 12, 11, 13, 12, 12, 12, 11, 10, 13, 10, 13, 12, 11, 10, 12, 11, 11, 11, 10, 10, 12, 10, 12, 12, 11, 13, 12, 11, 12, 10], [13, 13, 11, 13, 12, 10, 11, 12, 10, 13, 11, 12, 10, 11, 10, 12, 10, 13, 13, 10, 11, 10, 10, 13, 11, 13, 12, 13, 10, 11, 10, 13, 10, 13, 11], [10, 13, 11, 12, 13, 13, 10, 11, 13, 13, 13, 11, 10, 10, 13, 10, 13, 10, 13, 10, 13, 13, 13, 13, 10, 12, 11, 13, 11, 12, 13, 13, 13, 13, 10], [11, 11, 13, 12, 10, 11, 12, 13, 11, 13, 11, 11, 13, 11, 10, 10, 13, 13, 12, 10, 10, 10, 12, 10, 11, 11, 10, 10, 13, 13, 12, 13, 11, 13, 13], [12, 13, 11, 12, 10, 13, 13, 12, 10, 11, 10, 13, 11, 10, 10, 13, 11, 12, 10, 12, 11, 10, 12, 12, 13, 10, 10, 12, 10, 12, 10, 12, 12, 11, 11], [11, 11, 13, 12, 11, 11, 13, 11, 10, 10, 11, 11, 11, 13, 13, 11, 10, 10, 12, 13, 10, 13, 10, 13, 11, 12, 12, 13, 10, 11, 13, 11, 13, 11, 11], [10, 11, 11, 13, 11, 10, 13, 11, 13, 11, 11, 12, 11, 11, 13, 10, 13, 12, 11, 12, 13, 10, 13, 13, 10, 11, 13, 10, 10, 11, 12, 13, 12, 10, 11], [10, 10, 12, 10, 10, 12, 10, 12, 10, 12, 10, 13, 11, 10, 13, 10, 13, 11, 12, 12, 10, 10, 10, 12, 12, 12, 12, 10, 12, 12, 11, 13, 12, 12, 10], [13, 10, 12, 11, 11, 13, 10, 13, 12, 12, 11, 12, 13, 10, 12, 12, 13, 10, 10, 13, 10, 12, 11, 13, 10, 11, 13, 13, 10, 13, 11, 13, 10, 13, 13], [13, 13, 12, 12, 13, 11, 11, 10, 12, 11, 10, 12, 12, 11, 13, 10, 10, 10, 10, 12, 12, 10, 13, 13, 10, 11, 11, 10, 13, 10, 10, 10, 13, 12, 11], [10, 12, 10, 12, 12, 13, 13, 12, 11, 13, 12, 10, 12, 12, 11, 11, 12, 10, 13, 13, 11, 11, 10, 11, 12, 10, 12, 11, 13, 12, 11, 11, 11, 12, 12], [13, 13, 10, 10, 11, 10, 12, 11, 11, 10, 10, 13, 12, 12, 11, 13, 12, 12, 10, 12, 11, 11, 13, 11, 13, 12, 13, 11, 11, 10, 10, 11, 12, 13, 11], [13, 13, 12, 10, 10, 13, 12, 11, 11, 12, 12, 12, 10, 13, 11, 10, 13, 12, 11, 10, 13, 10, 13, 12, 13, 12, 10, 12, 12, 10, 10, 10, 12, 12, 10], [13, 10, 12, 11, 11, 13, 10, 12, 12, 10, 11, 11, 12, 12, 12, 10, 12, 11, 13, 13, 11, 12, 11, 11, 13, 13, 10, 12, 10, 12, 10, 12, 10, 10, 10], [11, 11, 11, 12, 13, 12, 12, 13, 12, 10, 12, 11, 10, 12, 10, 13, 13, 10, 11, 13, 12, 11, 12, 11, 11, 12, 12, 12, 13, 10, 12, 11, 10, 11, 13], [12, 12, 13, 12, 11, 13, 12, 11, 13, 11, 13, 12, 13, 10, 11, 12, 12, 13, 10, 13, 13, 11, 13, 13, 11, 11, 10, 12, 13, 13, 13, 10, 13, 12, 13], [11, 12, 13, 12, 11, 11, 11, 13, 13, 13, 11, 13, 12, 13, 12, 13, 10, 10, 12, 10, 12, 11, 13, 10, 12, 12, 10, 11, 12, 13, 12, 13, 10, 13, 11], [12, 13, 11, 10, 11, 13, 11, 13, 10, 12, 11, 10, 11, 13, 12, 13, 10, 10, 11, 11, 11, 13, 13, 10, 13, 13, 11, 12, 12, 11, 10, 10, 11, 12, 13], [12, 12, 12, 12, 13, 13, 12, 10, 12, 12, 10, 11, 10, 12, 13, 10, 12, 11, 12, 13, 11, 11, 12, 11, 12, 12, 13, 13, 10, 12, 11, 13, 13, 11, 10], [11, 11, 11, 10, 13, 13, 10, 12, 11, 13, 10, 10, 10, 12, 12, 13, 11, 12, 11, 11, 12, 10, 10, 10, 13, 11, 12, 11, 13, 10, 12, 13, 13, 12, 13], [12, 12, 10, 12, 11, 13, 11, 12, 12, 12, 13, 13, 12, 11, 13, 11, 10, 13, 10, 13, 12, 13, 10, 11, 12, 12, 12, 10, 13, 12, 12, 13, 11, 12, 13], [10, 12, 11, 10, 11, 13, 13, 13, 13, 13, 10, 13, 11, 12, 11, 10, 13, 12, 13, 11, 11, 12, 11, 12, 10, 11, 10, 11, 11, 11, 13, 13, 11, 13, 11], [11, 10, 10, 11, 10, 11, 12, 10, 11, 11, 11, 11, 11, 13, 12, 10, 10, 10, 13, 13, 11, 12, 13, 10, 13, 13, 12, 10, 10, 12, 11, 12, 12, 10, 10], [11, 11, 10, 13, 11, 12, 10, 13, 10, 11, 10, 13, 11, 13, 11, 11, 13, 13, 13, 11, 11, 10, 10, 13, 10, 13, 12, 11, 10, 11, 13, 12, 12, 10, 11], [11, 13, 13, 11, 13, 11, 10, 11, 12, 11, 10, 13, 13, 10, 12, 11, 12, 12, 13, 12, 11, 11, 13, 12, 12, 13, 10, 11, 11, 10, 13, 12, 13, 12, 12], [10, 11, 10, 10, 13, 10, 13, 10, 10, 10, 11, 11, 10, 10, 11, 10, 11, 10, 13, 10, 13, 12, 13, 10, 10, 12, 10, 13, 13, 10, 12, 10, 10, 10, 10], [13, 11, 11, 13, 13, 11, 11, 13, 12, 12, 13, 12, 11, 10, 11, 12, 11, 11, 11, 12, 13, 12, 13, 11, 11, 13, 10, 11, 13, 10, 11, 11, 12, 10, 11], [12, 12, 12, 12, 13, 10, 12, 12, 12, 12, 10, 12, 12, 10, 13, 13, 11, 10, 10, 12, 12, 13, 12, 13, 11, 11, 13, 11, 13, 13, 13, 13, 12, 10, 11], [12, 13, 11, 12, 13, 12, 13, 11, 12, 11, 12, 12, 10, 13, 12, 11, 10, 11, 13, 11, 12, 12, 10, 12, 11, 10, 13, 11, 11, 10, 10, 12, 13, 12, 10], [12, 12, 12, 13, 11, 11, 10, 10, 11, 13, 11, 10, 13, 13, 11, 10, 10, 13, 13, 10, 12, 13, 12, 12, 12, 10, 10, 10, 13, 12, 13, 12, 12, 12, 11], [11, 11, 13, 12, 10, 11, 12, 11, 10, 12, 13, 13, 13, 12, 13, 11, 13, 12, 10, 10, 12, 13, 12, 12, 10, 11, 13, 11, 12, 11, 12, 11, 10, 10, 12], [13, 11, 11, 11, 11, 11, 10, 13, 11, 13, 11, 13, 12, 12, 12, 13, 11, 10, 12, 13, 13, 13, 13, 10, 10, 13, 11, 10, 13, 12, 13, 10, 13, 10, 10], [11, 11, 11, 13, 13, 13, 13, 12, 12, 11, 11, 13, 13, 11, 11, 10, 13, 10, 13, 11, 12, 13, 10, 13, 11, 11, 12, 11, 12, 10, 12, 11, 10, 10, 13], [10, 13, 12, 10, 13, 13, 11, 13, 10, 13, 10, 11, 13, 11, 13, 12, 10, 12, 13, 11, 10, 12, 13, 11, 11, 12, 12, 13, 12, 13, 13, 10, 12, 12, 10], [11, 12, 12, 13, 11, 12, 11, 11, 12, 10, 10, 11, 11, 12, 10, 12, 13, 11, 10, 13, 11, 10, 13, 12, 11, 10, 11, 12, 12, 13, 11, 10, 10, 11, 13], [10, 13, 12, 10, 11, 11, 12, 12, 12, 13, 12, 10, 12, 13, 12, 11, 10, 12, 12, 10, 11, 11, 10, 13, 10, 13, 13, 13, 10, 12, 11, 13, 12, 12, 11], [13, 10, 11, 10, 11, 13, 10, 12, 13, 13, 10, 12, 12, 10, 12, 12, 12, 13, 12, 13, 10, 11, 11, 13, 10, 10, 11, 11, 12, 10, 12, 11, 11, 10, 10], [11, 13, 13, 13, 12, 11, 11, 12, 12, 10, 12, 10, 11, 11, 11, 10, 12, 11, 10, 10, 13, 13, 12, 11, 12, 12, 12, 11, 12, 13, 10, 11, 13, 13, 10], [10, 11, 10, 10, 12, 12, 12, 13, 13, 13, 11, 12, 12, 10, 11, 12, 13, 12, 10, 13, 13, 10, 13, 12, 10, 13, 11, 12, 10, 12, 12, 10, 11, 12, 11], [11, 12, 10, 10, 12, 12, 12, 10, 10, 10, 13, 10, 10, 11, 11, 10, 12, 12, 13, 11, 11, 11, 10, 10, 12, 13, 11, 12, 11, 11, 10, 13, 10, 11, 12], [10, 10, 10, 11, 10, 10, 13, 11, 10, 10, 10, 10, 12, 10, 11, 12, 12, 12, 11, 12, 12, 11, 13, 10, 12, 11, 13, 11, 12, 12, 13, 12, 12, 13, 13], [10, 10, 10, 10, 12, 11, 10, 11, 12, 13, 10, 13, 10, 10, 12, 12, 11, 11, 12, 10, 10, 10, 13, 11, 10, 11, 10, 13, 10, 12, 12, 13, 12, 10, 12], [10, 11, 12, 11, 10, 11, 11, 10, 11, 12, 11, 10, 12, 13, 13, 13, 10, 13, 10, 12, 10, 13, 10, 13, 13, 12, 10, 13, 10, 10, 12, 10, 12, 11, 12], [13, 13, 12, 13, 12, 11, 13, 12, 11, 13, 12, 10, 13, 11, 12, 10, 13, 13, 10, 10, 10, 13, 12, 12, 10, 11, 12, 10, 11, 10, 11, 11, 13, 10, 10], [10, 11, 10, 13, 11, 13, 12, 12, 13, 12, 11, 12, 11, 10, 11, 12, 11, 12, 11, 10, 12, 12, 13, 12, 11, 13, 13, 12, 10, 10, 12, 11, 10, 13, 13], [11, 12, 12, 13, 12, 10, 12, 13, 10, 10, 11, 11, 12, 13, 11, 11, 13, 11, 12, 10, 11, 11, 12, 13, 12, 11, 13, 13, 12, 10, 13, 12, 12, 10, 13], [13, 10, 11, 10, 11, 13, 12, 13, 10, 12, 13, 13, 12, 13, 13, 11, 10, 12, 11, 11, 13, 11, 13, 11, 11, 11, 11, 11, 12, 10, 10, 12, 10, 11, 11], [12, 13, 10, 13, 11, 13, 10, 11, 11, 10, 11, 12, 13, 12, 13, 12, 13, 11, 12, 12, 13, 13, 10, 11, 10, 10, 11, 10, 13, 12, 12, 13, 11, 13, 13], [10, 10, 11, 10, 12, 11, 11, 11, 10, 11, 10, 13, 13, 10, 13, 12, 12, 10, 10, 11, 13, 12, 10, 12, 11, 10, 10, 11, 11, 10, 10, 12, 12, 13, 11], [10, 10, 13, 11, 12, 13, 11, 10, 10, 13, 13, 10, 12, 12, 10, 12, 10, 13, 13, 13, 13, 10, 11, 10, 10, 12, 12, 13, 11, 11, 11, 10, 10, 11, 12], [12, 12, 12, 12, 11, 10, 12, 10, 12, 10, 10, 10, 10, 11, 13, 10, 11, 12, 10, 10, 10, 10, 12, 12, 10, 10, 13, 10, 13, 12, 10, 10, 10, 11, 12], [10, 11, 11, 10, 11, 11, 13, 10, 12, 12, 11, 11, 11, 13, 12, 13, 10, 12, 13, 10, 10, 10, 13, 13, 10, 13, 13, 11, 12, 13, 11, 11, 13, 13, 11], [11, 12, 10, 13, 11, 12, 11, 13, 10, 11, 13, 13, 12, 10, 11, 12, 12, 12, 12, 12, 12, 12, 13, 11, 13, 11, 11, 13, 10, 11, 11, 11, 11, 11, 11], [12, 11, 11, 10, 13, 10, 12, 13, 12, 13, 11, 13, 10, 13, 13, 13, 11, 13, 10, 12, 11, 11, 13, 11, 12, 10, 12, 10, 13, 13, 13, 10, 10, 11, 10], [13, 11, 12, 11, 10, 12, 11, 13, 11, 12, 12, 10, 10, 12, 13, 12, 12, 13, 10, 11, 12, 13, 11, 13, 12, 11, 13, 11, 13, 12, 11, 11, 11, 11, 12], [11, 13, 10, 10, 10, 11, 12, 13, 10, 12, 10, 13, 13, 12, 12, 13, 11, 13, 12, 13, 13, 12, 12, 13, 12, 11, 11, 13, 12, 11, 12, 13, 11, 13, 12], [10, 11, 10, 11, 10, 13, 10, 10, 13, 13, 11, 10, 13, 11, 10, 11, 10, 11, 12, 12, 10, 12, 11, 12, 13, 11, 13, 13, 13, 10, 13, 13, 11, 10, 13], [10, 13, 11, 13, 12, 11, 13, 12, 12, 12, 12, 11, 10, 12, 12, 13, 13, 13, 12, 11, 10, 10, 13, 13, 11, 11, 13, 12, 12, 11, 10, 11, 10, 13, 11], [10, 13, 12, 11, 10, 12, 11, 11, 11, 10, 10, 13, 13, 13, 12, 13, 13, 13, 10, 12, 11, 10, 12, 12, 10, 11, 13, 11, 13, 10, 10, 12, 12, 13, 10], [12, 11, 13, 12, 10, 13, 11, 13, 12, 12, 10, 13, 11, 13, 12, 12, 12, 11, 13, 13, 10, 11, 12, 12, 10, 13, 11, 13, 12, 10, 12, 13, 12, 10, 10], [12, 12, 11, 13, 13, 12, 13, 12, 13, 13, 13, 13, 13, 10, 11, 11, 11, 10, 12, 12, 10, 11, 12, 10, 10, 12, 13, 11, 13, 13, 11, 11, 11, 12, 11], [11, 12, 11, 13, 12, 12, 12, 11, 10, 12, 11, 10, 12, 11, 10, 11, 13, 10, 10, 10, 13, 12, 13, 11, 13, 12, 11, 12, 13, 11, 10, 11, 11, 10, 11], [12, 12, 10, 13, 13, 11, 11, 13, 11, 13, 13, 13, 12, 12, 10, 11, 12, 13, 13, 11, 10, 10, 11, 11, 12, 10, 11, 11, 11, 11, 12, 13, 10, 13, 13], [11, 13, 11, 12, 12, 11, 11, 10, 12, 11, 10, 12, 11, 13, 10, 12, 12, 11, 11, 10, 12, 11, 13, 10, 13, 13, 11, 11, 10, 13, 11, 12, 13, 12, 11], [11, 12, 10, 12, 10, 12, 11, 13, 13, 10, 11, 12, 10, 12, 12, 12, 13, 13, 10, 12, 11, 10, 11, 13, 10, 10, 12, 10, 10, 11, 12, 10, 12, 13, 13], [13, 11, 11, 12, 11, 13, 10, 12, 13, 13, 10, 13, 12, 13, 11, 12, 13, 11, 12, 12, 11, 12, 13, 11, 13, 10, 13, 11, 10, 10, 12, 12, 11, 13, 11], [13, 13, 11, 12, 13, 12, 10, 13, 10, 12, 13, 13, 11, 10, 12, 12, 12, 11, 10, 10, 10, 13, 12, 12, 10, 11, 10, 11, 12, 11, 10, 13, 10, 10, 11], [10, 10, 11, 12, 10, 13, 12, 13, 10, 13, 12, 12, 13, 12, 11, 10, 10, 10, 13, 10, 12, 13, 11, 11, 13, 13, 13, 10, 10, 13, 10, 12, 11, 13, 11], [13, 12, 12, 11, 11, 12, 13, 13, 10, 12, 11, 10, 10, 11, 12, 12, 12, 12, 10, 11, 10, 12, 13, 12, 10, 13, 11, 10, 13, 11, 11, 12, 11, 10, 11], [10, 11, 10, 12, 10, 11, 12, 13, 13, 11, 13, 11, 12, 11, 11, 11, 12, 10, 12, 10, 10, 11, 10, 13, 10, 13, 10, 12, 11, 10, 13, 11, 13, 12, 10], [12, 11, 12, 11, 10, 10, 13, 12, 12, 12, 12, 11, 13, 12, 10, 13, 13, 11, 12, 13, 11, 11, 11, 12, 12, 11, 13, 12, 12, 12, 10, 13, 13, 13, 10], [11, 11, 11, 12, 12, 11, 12, 11, 10, 11, 12, 12, 12, 13, 12, 12, 10, 10, 10, 12, 10, 12, 10, 13, 12, 10, 11, 10, 13, 13, 11, 11, 11, 12, 10], [10, 11, 10, 11, 13, 12, 13, 13, 13, 13, 13, 11, 10, 13, 11, 12, 10, 10, 11, 12, 10, 10, 13, 11, 13, 11, 12, 11, 12, 10, 11, 10, 12, 12, 11], [12, 11, 11, 10, 10, 10, 11, 13, 13, 13, 11, 10, 12, 12, 13, 10, 11, 10, 10, 13, 10, 13, 12, 10, 12, 10, 12, 11, 12, 12, 11, 10, 13, 11, 11], [13, 12, 10, 11, 13, 10, 13, 12, 12, 10, 13, 13, 13, 13, 13, 12, 11, 12, 13, 11, 11, 12, 11, 12, 11, 11, 12, 11, 12, 13, 13, 10, 10, 12, 11], [11, 12, 11, 13, 11, 11, 10, 12, 13, 13, 13, 12, 12, 12, 11, 12, 10, 12, 10, 13, 11, 10, 12, 11, 13, 10, 11, 10, 10, 10, 13, 10, 11, 11, 13], [11, 12, 12, 12, 13, 11, 12, 10, 13, 10, 13, 12, 13, 10, 13, 11, 11, 10, 13, 10, 11, 10, 13, 13, 13, 13, 13, 13, 12, 10, 13, 12, 13, 13, 13], [12, 13, 13, 11, 12, 10, 13, 12, 12, 12, 11, 13, 13, 11, 11, 10, 11, 12, 13, 12, 10, 12, 13, 12, 13, 11, 10, 12, 11, 12, 11, 13, 12, 10, 12], [13, 12, 13, 12, 10, 13, 13, 12, 10, 12, 13, 13, 12, 11, 11, 11, 12, 12, 13, 13, 13, 10, 12, 13, 11, 13, 11, 13, 13, 12, 13, 11, 13, 12, 13], [12, 13, 10, 12, 11, 12, 10, 10, 11, 11, 13, 11, 10, 13, 12, 12, 12, 13, 13, 11, 13, 10, 11, 12, 10, 13, 11, 13, 10, 10, 13, 13, 13, 11, 13], [11, 10, 12, 12, 12, 13, 12, 13, 13, 11, 13, 11, 11, 12, 13, 12, 11, 10, 13, 10, 13, 10, 11, 12, 10, 10, 11, 12, 12, 11, 12, 10, 10, 11, 11], [11, 12, 12, 11, 12, 13, 11, 13, 11, 10, 12, 12, 12, 12, 12, 13, 11, 12, 10, 12, 11, 12, 10, 13, 10, 13, 13, 12, 13, 12, 11, 11, 12, 12, 10], [13, 10, 11, 12, 10, 10, 13, 10, 11, 12, 12, 12, 12, 11, 10, 12, 12, 10, 13, 10, 10, 10, 13, 11, 10, 12, 11, 12, 11, 12, 10, 10, 12, 13, 11], [11, 12, 10, 11, 11, 10, 12, 13, 11, 12, 12, 10, 10, 10, 10, 11, 10, 13, 13, 12, 13, 10, 11, 12, 11, 11, 12, 10, 13, 10, 13, 10, 11, 10, 11], [12, 13, 12, 11, 11, 12, 10, 13, 13, 10, 10, 13, 10, 11, 11, 13, 13, 13, 11, 13, 12, 11, 13, 10, 12, 13, 10, 12, 13, 10, 11, 13, 12, 10, 11], [11, 11, 12, 11, 11, 10, 10, 12, 11, 12, 10, 11, 12, 11, 13, 12, 12, 13, 10, 11, 12, 10, 13, 12, 11, 12, 11, 11, 11, 11, 13, 11, 10, 13, 12], [12, 11, 11, 10, 13, 10, 12, 12, 13, 10, 12, 11, 12, 10, 12, 13, 11, 11, 10, 13, 11, 12, 10, 12, 12, 12, 10, 10, 10, 12, 13, 10, 10, 10, 13], [12, 13, 10, 13, 13, 11, 12, 12, 13, 10, 11, 13, 11, 13, 11, 10, 10, 13, 12, 10, 12, 13, 12, 13, 13, 11, 10, 12, 11, 10, 11, 12, 12, 10, 13], [11, 13, 11, 11, 12, 10, 10, 12, 11, 12, 12, 10, 11, 11, 11, 13, 12, 13, 12, 12, 11, 13, 13, 12, 10, 12, 12, 12, 12, 11, 13, 12, 13, 10, 12], [11, 12, 10, 12, 13, 11, 11, 13, 10, 10, 13, 12, 10, 12, 12, 12, 11, 12, 13, 13, 13, 10, 11, 12, 13, 10, 12, 10, 12, 12, 10, 13, 11, 12, 11], [12, 11, 10, 11, 12, 11, 10, 12, 11, 13, 11, 13, 13, 11, 11, 12, 11, 11, 10, 10, 11, 13, 10, 12, 10, 12, 13, 13, 10, 11, 10, 12, 12, 11, 13], [12, 13, 13, 13, 12, 10, 12, 13, 10, 10, 10, 13, 13, 10, 12, 10, 13, 12, 11, 12, 10, 13, 10, 12, 11, 10, 11, 10, 10, 13, 11, 12, 10, 13, 13], [12, 12, 13, 11, 10, 10, 10, 12, 10, 11, 13, 11, 13, 13, 13, 12, 11, 12, 12, 12, 10, 11, 13, 10, 11, 10, 11, 11, 13, 12, 13, 12, 10, 12, 10], [11, 10, 10, 12, 11, 13, 10, 13, 12, 12, 13, 11, 11, 12, 11, 10, 12, 12, 12, 11, 11, 12, 10, 10, 11, 10, 11, 12, 13, 10, 10, 12, 11, 13, 13], [13, 13, 10, 12, 11, 10, 10, 11, 11, 12, 13, 11, 11, 10, 10, 11, 12, 10, 11, 13, 10, 10, 13, 12, 13, 13, 11, 10, 12, 10, 12, 10, 11, 13, 11], [12, 10, 10, 11, 11, 11, 10, 10, 12, 13, 13, 12, 11, 11, 12, 11, 10, 13, 13, 12, 12, 11, 10, 11, 11, 11, 10, 11, 12, 11, 10, 11, 13, 13, 10], [11, 13, 12, 12, 10, 13, 10, 11, 10, 12, 12, 10, 13, 11, 11, 12, 13, 10, 12, 10, 10, 11, 12, 11, 13, 11, 12, 12, 11, 10, 11, 13, 13, 10, 10], [13, 13, 12, 13, 13, 12, 10, 11, 11, 12, 10, 10, 10, 12, 12, 12, 12, 11, 13, 12, 12, 12, 11, 12, 12, 10, 12, 11, 12, 11, 11, 11, 13, 11, 12], [11, 12, 13, 12, 10, 13, 12, 11, 13, 10, 12, 11, 12, 13, 10, 12, 11, 13, 11, 11, 10, 12, 11, 11, 10, 10, 13, 10, 12, 13, 13, 12, 11, 13, 12], [13, 12, 13, 12, 11, 10, 10, 12, 11, 13, 12, 12, 12, 13, 10, 10, 10, 13, 12, 13, 12, 11, 10, 11, 10, 13, 11, 13, 11, 12, 12, 11, 11, 10, 10], [12, 11, 10, 12, 11, 11, 11, 10, 11, 12, 10, 10, 10, 12, 12, 12, 12, 13, 12, 10, 13, 11, 12, 10, 13, 12, 11, 11, 11, 13, 10, 10, 11, 13, 12], [10, 13, 12, 12, 11, 12, 11, 11, 12, 13, 11, 12, 13, 11, 10, 11, 12, 13, 10, 13, 12, 12, 13, 13, 11, 13, 12, 12, 11, 12, 10, 10, 11, 13, 12], [13, 13, 12, 11, 13, 13, 13, 13, 11, 13, 10, 10, 13, 13, 10, 11, 11, 13, 12, 12, 11, 10, 11, 13, 10, 10, 10, 10, 13, 13, 12, 11, 12, 11, 11], [12, 12, 12, 11, 10, 11, 10, 13, 13, 12, 13, 12, 13, 13, 11, 12, 13, 12, 11, 10, 10, 12, 13, 13, 10, 12, 11, 13, 11, 12, 10, 12, 13, 11, 13], [11, 12, 10, 12, 11, 11, 11, 12, 11, 12, 11, 13, 10, 12, 13, 11, 10, 12, 12, 13, 10, 11, 13, 12, 10, 10, 11, 13, 10, 12, 12, 11, 13, 11, 11], [10, 12, 10, 12, 13, 12, 11, 10, 12, 10, 10, 12, 10, 12, 10, 10, 13, 10, 12, 11, 11, 12, 11, 11, 11, 11, 11, 13, 11, 12, 12, 12, 12, 12, 12], [11, 11, 12, 11, 11, 12, 10, 11, 11, 13, 12, 12, 12, 11, 10, 11, 12, 12, 11, 10, 10, 12, 13, 11, 12, 13, 11, 13, 11, 11, 10, 10, 10, 10, 13], [10, 11, 10, 13, 12, 10, 12, 13, 13, 13, 13, 12, 10, 13, 11, 10, 12, 10, 11, 10, 11, 10, 12, 13, 13, 10, 13, 13, 13, 11, 12, 11, 10, 11, 12], [10, 13, 10, 12, 13, 10, 13, 10, 13, 10, 10, 13, 11, 12, 10, 12, 10, 12, 11, 11, 11, 11, 12, 11, 11, 11, 12, 11, 11, 10, 13, 10, 11, 12, 10], [10, 13, 10, 11, 11, 12, 12, 12, 13, 10, 13, 11, 10, 10, 13, 12, 12, 11, 10, 11, 11, 12, 10, 10, 13, 11, 13, 11, 10, 11, 10, 11, 13, 11, 12], [12, 10, 12, 11, 12, 12, 11, 11, 10, 12, 10, 13, 12, 13, 11, 10, 12, 13, 13, 13, 13, 12, 10, 10, 11, 12, 13, 10, 13, 10, 11, 11, 12, 12, 10], [13, 12, 10, 10, 11, 13, 13, 13, 12, 12, 10, 12, 10, 12, 11, 11, 13, 11, 12, 12, 10, 12, 12, 10, 11, 13, 11, 12, 13, 10, 11, 13, 10, 13, 10], [10, 10, 11, 12, 11, 13, 12, 13, 13, 10, 11, 10, 10, 12, 13, 12, 13, 12, 11, 11, 12, 11, 10, 10, 13, 13, 11, 12, 12, 12, 12, 10, 10, 10, 13], [13, 12, 10, 10, 10, 12, 11, 10, 13, 13, 11, 10, 13, 12, 12, 10, 11, 10, 13, 10, 11, 13, 11, 10, 11, 13, 13, 13, 13, 13, 11, 12, 13, 12, 13], [10, 10, 11, 10, 10, 11, 12, 12, 11, 10, 11, 13, 11, 11, 13, 11, 13, 10, 11, 12, 13, 13, 11, 13, 13, 11, 11, 12, 13, 12, 13, 13, 12, 10, 11], [10, 12, 13, 10, 11, 13, 11, 10, 12, 12, 12, 12, 11, 13, 11, 11, 12, 13, 11, 10, 11, 11, 13, 11, 13, 13, 11, 12, 12, 10, 12, 13, 10, 11, 13]]
Inventory holding cost per unit of each product by the end of each period h: 
[[6, 5, 6, 9, 7, 8, 7, 8, 7, 8, 6, 5, 8, 9, 7, 9, 5, 6, 7, 9, 9, 9, 8, 8, 6, 7, 7, 6, 9, 7, 9, 9, 6, 9, 9], [5, 5, 6, 6, 6, 6, 8, 7, 9, 8, 6, 6, 8, 9, 6, 5, 7, 7, 9, 9, 9, 8, 6, 8, 7, 8, 7, 7, 6, 8, 8, 6, 8, 9, 7], [7, 8, 7, 6, 7, 6, 6, 9, 7, 5, 8, 5, 7, 8, 9, 7, 7, 9, 8, 9, 8, 8, 9, 5, 9, 5, 8, 6, 9, 9, 6, 5, 8, 5, 6], [5, 9, 5, 6, 9, 7, 8, 8, 6, 5, 8, 9, 6, 6, 9, 6, 5, 7, 5, 9, 8, 9, 5, 6, 5, 8, 8, 6, 5, 7, 9, 8, 8, 5, 5], [6, 6, 9, 8, 7, 6, 5, 9, 8, 6, 9, 9, 7, 9, 8, 9, 5, 8, 8, 9, 6, 9, 6, 9, 8, 7, 9, 7, 9, 8, 7, 6, 6, 8, 6], [7, 8, 8, 6, 8, 6, 9, 5, 6, 9, 8, 7, 5, 8, 9, 7, 5, 6, 9, 7, 6, 8, 7, 8, 8, 7, 8, 5, 6, 8, 9, 6, 7, 9, 8], [9, 5, 5, 7, 8, 6, 8, 6, 6, 8, 6, 8, 5, 8, 5, 5, 6, 6, 6, 7, 8, 7, 9, 8, 8, 7, 6, 7, 8, 5, 8, 9, 7, 6, 6], [8, 5, 5, 7, 5, 7, 6, 9, 8, 6, 7, 7, 5, 6, 7, 8, 7, 6, 9, 7, 6, 6, 7, 8, 8, 6, 8, 6, 9, 5, 7, 5, 9, 5, 6], [8, 9, 6, 5, 6, 5, 9, 8, 7, 6, 7, 7, 6, 5, 9, 6, 9, 6, 6, 7, 7, 5, 9, 9, 6, 9, 8, 6, 9, 7, 9, 5, 7, 7, 8], [8, 6, 6, 5, 7, 9, 9, 5, 8, 9, 6, 6, 7, 7, 7, 5, 7, 5, 7, 6, 5, 5, 9, 8, 8, 5, 8, 5, 8, 6, 7, 5, 7, 7, 6], [5, 8, 7, 8, 7, 5, 7, 7, 9, 8, 9, 7, 7, 8, 7, 6, 6, 6, 6, 6, 5, 7, 7, 8, 8, 7, 7, 7, 9, 7, 9, 8, 6, 5, 8], [8, 9, 6, 7, 6, 8, 5, 7, 9, 8, 5, 7, 9, 5, 9, 5, 9, 6, 7, 6, 7, 8, 5, 6, 7, 5, 5, 8, 9, 7, 9, 5, 6, 7, 5], [7, 6, 5, 6, 6, 5, 9, 8, 6, 6, 8, 6, 8, 6, 8, 7, 5, 7, 8, 7, 7, 9, 8, 8, 9, 7, 6, 5, 7, 8, 9, 9, 9, 8, 9], [5, 5, 8, 6, 8, 8, 7, 9, 5, 9, 7, 7, 9, 7, 9, 6, 8, 6, 8, 7, 7, 7, 5, 8, 5, 5, 7, 5, 8, 5, 5, 6, 7, 8, 9], [8, 9, 7, 6, 5, 9, 9, 6, 8, 9, 5, 7, 5, 6, 9, 5, 8, 8, 5, 9, 7, 5, 7, 5, 8, 9, 5, 6, 5, 5, 9, 8, 7, 9, 8], [6, 7, 5, 6, 8, 6, 6, 9, 8, 5, 6, 5, 6, 7, 5, 5, 7, 6, 9, 8, 5, 7, 7, 8, 8, 9, 7, 9, 8, 8, 9, 8, 6, 9, 9], [8, 8, 6, 5, 7, 9, 6, 7, 9, 7, 8, 5, 9, 6, 8, 5, 9, 8, 7, 8, 9, 9, 5, 8, 8, 9, 7, 6, 9, 6, 7, 7, 9, 6, 9], [5, 9, 8, 5, 7, 5, 7, 8, 7, 5, 9, 9, 9, 8, 9, 5, 7, 5, 7, 7, 6, 7, 9, 6, 8, 5, 9, 8, 7, 9, 9, 5, 5, 7, 5], [5, 9, 8, 8, 5, 8, 7, 6, 6, 7, 9, 5, 6, 6, 8, 6, 9, 9, 5, 8, 7, 9, 6, 7, 8, 7, 8, 6, 9, 9, 6, 6, 9, 7, 8], [6, 9, 5, 7, 7, 7, 8, 9, 9, 7, 7, 8, 8, 7, 8, 7, 5, 9, 5, 8, 5, 7, 7, 7, 8, 9, 5, 7, 8, 9, 9, 5, 7, 7, 6], [7, 9, 6, 6, 8, 6, 5, 8, 7, 6, 5, 7, 6, 5, 7, 6, 7, 6, 9, 9, 9, 5, 5, 8, 6, 8, 6, 7, 9, 8, 8, 9, 9, 8, 9], [9, 6, 9, 7, 8, 5, 7, 8, 6, 9, 9, 7, 8, 7, 7, 7, 8, 8, 7, 7, 7, 9, 7, 5, 6, 7, 5, 7, 6, 8, 7, 9, 8, 9, 8], [7, 9, 6, 6, 9, 7, 6, 9, 7, 5, 5, 6, 8, 7, 7, 8, 5, 7, 8, 9, 5, 6, 9, 5, 5, 6, 9, 9, 7, 7, 8, 5, 9, 8, 7], [8, 7, 5, 8, 6, 7, 8, 6, 9, 9, 7, 9, 9, 5, 8, 6, 8, 6, 7, 7, 7, 9, 6, 6, 9, 9, 7, 7, 6, 8, 7, 9, 8, 8, 8], [6, 8, 7, 8, 7, 7, 6, 7, 7, 8, 8, 8, 9, 8, 5, 7, 5, 5, 6, 8, 8, 5, 6, 7, 5, 9, 9, 7, 9, 8, 9, 5, 7, 5, 9], [7, 6, 7, 9, 8, 5, 9, 6, 9, 7, 6, 9, 9, 6, 8, 8, 8, 7, 5, 5, 5, 9, 6, 5, 5, 8, 9, 7, 8, 5, 7, 9, 9, 9, 7], [6, 5, 5, 9, 8, 6, 7, 9, 6, 7, 5, 6, 7, 9, 5, 8, 9, 6, 5, 9, 5, 8, 7, 9, 8, 9, 9, 5, 5, 9, 7, 8, 9, 8, 9], [7, 9, 9, 8, 5, 6, 5, 6, 8, 7, 8, 5, 8, 9, 8, 5, 6, 5, 7, 7, 6, 6, 6, 6, 9, 6, 6, 9, 8, 8, 6, 8, 9, 9, 7], [8, 8, 8, 6, 5, 7, 9, 8, 5, 8, 8, 9, 5, 6, 9, 7, 6, 6, 8, 8, 8, 9, 7, 6, 7, 8, 5, 8, 7, 5, 6, 8, 5, 5, 5], [9, 6, 7, 7, 6, 5, 6, 5, 6, 6, 9, 7, 6, 5, 8, 5, 6, 7, 8, 7, 5, 7, 5, 5, 7, 9, 7, 7, 9, 6, 9, 9, 6, 6, 6], [7, 7, 7, 5, 8, 7, 8, 8, 7, 9, 6, 7, 9, 5, 6, 6, 5, 6, 9, 9, 9, 5, 6, 5, 5, 6, 9, 9, 9, 6, 8, 9, 5, 8, 5], [8, 7, 9, 6, 7, 5, 7, 9, 5, 5, 8, 6, 6, 8, 6, 9, 6, 9, 6, 5, 9, 5, 6, 9, 5, 6, 8, 7, 5, 7, 9, 8, 6, 9, 9], [9, 8, 9, 6, 6, 5, 6, 8, 9, 9, 7, 6, 7, 5, 6, 6, 5, 8, 6, 6, 5, 6, 5, 8, 7, 6, 5, 5, 7, 7, 7, 8, 9, 6, 8], [7, 7, 6, 8, 8, 6, 9, 7, 5, 7, 5, 6, 5, 8, 9, 6, 5, 5, 7, 6, 9, 6, 6, 7, 7, 9, 9, 9, 9, 8, 6, 6, 9, 6, 8], [7, 8, 5, 6, 6, 7, 5, 9, 8, 8, 9, 8, 6, 6, 7, 9, 5, 7, 7, 9, 6, 8, 5, 9, 8, 8, 8, 6, 6, 9, 9, 5, 5, 9, 8], [8, 8, 5, 9, 7, 5, 6, 8, 8, 9, 5, 6, 6, 7, 5, 6, 5, 7, 5, 7, 7, 8, 8, 9, 5, 8, 9, 5, 8, 7, 9, 6, 9, 9, 7], [8, 7, 9, 5, 8, 8, 6, 6, 8, 5, 9, 6, 5, 7, 6, 8, 9, 7, 6, 7, 8, 6, 5, 5, 6, 7, 6, 7, 5, 6, 8, 7, 5, 6, 8], [9, 8, 9, 5, 7, 7, 8, 5, 8, 8, 8, 8, 8, 7, 6, 7, 9, 6, 8, 6, 6, 7, 9, 6, 6, 5, 6, 9, 7, 7, 8, 5, 8, 7, 8], [8, 9, 9, 5, 5, 9, 6, 8, 8, 6, 6, 5, 8, 6, 7, 8, 7, 7, 5, 5, 8, 7, 5, 6, 9, 9, 5, 5, 9, 9, 9, 9, 9, 8, 9], [6, 7, 6, 5, 9, 7, 5, 6, 5, 7, 6, 7, 5, 9, 9, 9, 7, 5, 7, 9, 7, 7, 8, 6, 5, 8, 8, 7, 7, 5, 8, 8, 7, 9, 7], [5, 5, 7, 9, 9, 9, 7, 7, 8, 6, 6, 7, 9, 9, 9, 5, 6, 5, 7, 8, 7, 8, 7, 5, 7, 9, 8, 7, 5, 7, 7, 5, 8, 5, 6], [8, 5, 7, 6, 5, 7, 5, 9, 7, 5, 6, 7, 7, 5, 5, 6, 6, 7, 5, 6, 5, 7, 5, 9, 6, 9, 5, 7, 6, 7, 5, 9, 9, 9, 8], [6, 5, 7, 6, 6, 7, 5, 8, 6, 5, 6, 6, 6, 9, 8, 6, 7, 9, 6, 7, 5, 7, 5, 9, 7, 5, 7, 5, 7, 6, 5, 7, 7, 8, 5], [8, 6, 7, 5, 5, 5, 8, 5, 6, 9, 8, 5, 8, 6, 5, 6, 7, 8, 6, 9, 8, 6, 5, 7, 9, 6, 6, 6, 8, 6, 9, 6, 6, 9, 7], [8, 9, 9, 6, 9, 6, 5, 9, 7, 8, 7, 7, 9, 7, 7, 9, 7, 8, 7, 9, 9, 7, 6, 6, 5, 6, 6, 5, 5, 5, 6, 9, 9, 7, 7], [5, 5, 8, 8, 7, 7, 8, 7, 6, 7, 7, 7, 8, 7, 8, 5, 8, 5, 5, 7, 8, 6, 6, 9, 7, 7, 6, 7, 5, 8, 7, 9, 6, 6, 6], [8, 8, 5, 6, 7, 6, 7, 6, 9, 5, 8, 7, 5, 9, 6, 9, 9, 5, 8, 7, 6, 5, 7, 9, 7, 6, 7, 8, 6, 7, 7, 6, 9, 8, 6], [9, 8, 7, 7, 6, 7, 6, 8, 6, 5, 6, 6, 8, 7, 6, 5, 9, 8, 5, 6, 5, 6, 5, 5, 5, 8, 5, 9, 7, 6, 6, 7, 6, 7, 9], [5, 9, 6, 7, 5, 8, 6, 7, 7, 7, 8, 9, 5, 9, 7, 6, 6, 8, 6, 6, 8, 8, 9, 6, 8, 5, 5, 6, 6, 8, 5, 7, 9, 8, 8], [7, 9, 8, 5, 9, 5, 9, 7, 5, 6, 6, 5, 9, 7, 9, 8, 6, 7, 9, 9, 7, 7, 9, 5, 7, 6, 5, 5, 8, 6, 7, 7, 8, 5, 5], [6, 6, 9, 7, 7, 8, 6, 6, 8, 9, 7, 6, 5, 9, 5, 6, 6, 7, 5, 9, 6, 8, 5, 8, 7, 6, 6, 7, 8, 6, 7, 7, 5, 6, 8], [6, 7, 7, 9, 8, 6, 7, 6, 6, 6, 7, 7, 9, 6, 6, 9, 5, 6, 5, 9, 9, 7, 9, 7, 7, 5, 9, 8, 7, 5, 5, 6, 8, 6, 6], [7, 6, 7, 7, 9, 9, 9, 9, 7, 6, 5, 9, 9, 9, 9, 9, 5, 8, 9, 8, 9, 6, 7, 8, 8, 5, 8, 9, 5, 8, 5, 5, 6, 8, 8], [9, 6, 8, 5, 8, 7, 9, 5, 6, 6, 5, 9, 6, 9, 9, 6, 6, 8, 8, 8, 6, 9, 6, 9, 5, 6, 6, 7, 9, 9, 8, 5, 6, 5, 5], [5, 5, 7, 9, 8, 7, 7, 7, 5, 7, 6, 9, 9, 6, 9, 6, 8, 8, 5, 8, 5, 5, 8, 9, 8, 5, 5, 9, 5, 9, 7, 9, 8, 5, 9], [7, 9, 7, 6, 7, 5, 6, 5, 9, 8, 7, 6, 5, 6, 9, 6, 5, 5, 9, 9, 9, 8, 8, 9, 8, 9, 9, 6, 6, 9, 9, 8, 7, 7, 7], [8, 6, 5, 6, 8, 7, 7, 7, 9, 9, 9, 5, 9, 8, 7, 6, 9, 6, 8, 7, 8, 8, 5, 5, 5, 7, 6, 9, 8, 9, 8, 5, 7, 8, 9], [5, 5, 6, 7, 6, 7, 5, 8, 8, 7, 6, 7, 7, 9, 8, 7, 6, 7, 9, 5, 8, 7, 6, 9, 6, 5, 6, 5, 9, 7, 6, 6, 5, 7, 6], [9, 5, 8, 8, 5, 9, 9, 8, 5, 9, 6, 6, 8, 7, 7, 9, 5, 5, 8, 5, 6, 8, 8, 7, 8, 8, 5, 7, 7, 6, 7, 7, 6, 9, 9], [6, 5, 7, 9, 8, 5, 9, 7, 8, 5, 7, 6, 6, 5, 7, 9, 9, 8, 8, 7, 8, 7, 9, 9, 6, 9, 7, 7, 8, 6, 6, 5, 5, 7, 9], [6, 5, 9, 9, 5, 9, 5, 6, 7, 5, 6, 9, 5, 9, 9, 6, 5, 5, 5, 9, 5, 5, 7, 7, 6, 6, 8, 5, 8, 7, 6, 8, 8, 9, 7], [6, 6, 5, 5, 8, 6, 5, 8, 5, 7, 8, 7, 8, 5, 8, 8, 7, 9, 9, 9, 9, 8, 9, 6, 5, 9, 6, 5, 7, 5, 7, 7, 5, 7, 7], [5, 5, 7, 9, 6, 7, 5, 8, 6, 5, 5, 6, 7, 9, 8, 8, 7, 6, 7, 5, 5, 6, 9, 8, 8, 5, 9, 6, 5, 7, 5, 9, 5, 8, 9], [5, 9, 8, 7, 9, 6, 6, 6, 6, 5, 7, 7, 7, 8, 5, 9, 6, 6, 5, 8, 7, 7, 7, 7, 5, 8, 9, 7, 7, 6, 9, 9, 6, 8, 9], [7, 7, 5, 6, 6, 9, 7, 5, 8, 6, 9, 8, 7, 8, 9, 5, 5, 9, 9, 9, 7, 9, 6, 6, 6, 9, 8, 5, 8, 6, 5, 5, 5, 8, 7], [5, 6, 6, 8, 5, 8, 8, 5, 6, 5, 6, 8, 5, 8, 8, 6, 9, 7, 7, 9, 9, 5, 5, 7, 7, 7, 5, 5, 5, 9, 9, 7, 5, 9, 9], [5, 7, 5, 8, 5, 5, 6, 9, 7, 8, 5, 7, 8, 9, 5, 6, 6, 7, 5, 9, 5, 7, 8, 8, 6, 5, 6, 5, 9, 6, 9, 5, 7, 5, 8], [9, 6, 6, 5, 7, 5, 6, 8, 6, 7, 5, 7, 8, 7, 8, 7, 6, 8, 5, 6, 6, 7, 9, 7, 7, 7, 9, 5, 9, 5, 6, 9, 7, 9, 6], [7, 8, 7, 5, 9, 5, 8, 8, 6, 8, 6, 8, 8, 9, 6, 5, 8, 7, 6, 8, 9, 8, 7, 5, 8, 8, 6, 9, 5, 9, 9, 8, 7, 5, 7], [8, 9, 8, 9, 5, 7, 5, 5, 6, 9, 9, 8, 6, 8, 6, 9, 5, 7, 9, 7, 7, 7, 6, 8, 9, 5, 5, 8, 7, 8, 9, 9, 9, 7, 8], [9, 5, 6, 5, 5, 5, 9, 5, 5, 6, 9, 6, 5, 9, 6, 6, 6, 8, 8, 6, 7, 9, 5, 5, 5, 6, 7, 7, 9, 7, 7, 8, 6, 6, 9], [5, 6, 7, 8, 5, 9, 8, 8, 9, 7, 9, 9, 6, 9, 8, 5, 9, 8, 6, 5, 6, 5, 8, 8, 6, 9, 5, 5, 7, 7, 5, 8, 8, 5, 5], [5, 7, 7, 9, 8, 8, 5, 8, 9, 6, 8, 9, 6, 8, 7, 7, 7, 7, 8, 7, 7, 6, 6, 9, 6, 6, 5, 8, 8, 7, 6, 9, 5, 5, 7], [7, 9, 9, 6, 8, 7, 9, 6, 8, 5, 5, 9, 9, 8, 9, 9, 8, 7, 7, 6, 7, 5, 6, 7, 8, 5, 8, 9, 9, 8, 5, 9, 7, 8, 5], [7, 6, 9, 6, 6, 5, 6, 9, 5, 8, 7, 6, 6, 6, 6, 5, 9, 8, 8, 5, 6, 7, 9, 6, 6, 8, 6, 7, 8, 6, 6, 9, 7, 9, 5], [8, 6, 5, 8, 7, 8, 8, 9, 8, 6, 5, 9, 6, 5, 6, 9, 7, 9, 9, 9, 8, 8, 9, 7, 5, 6, 5, 8, 6, 7, 6, 9, 7, 5, 9], [8, 5, 9, 7, 9, 9, 8, 9, 5, 7, 6, 5, 8, 5, 9, 9, 8, 5, 9, 7, 7, 7, 6, 5, 8, 8, 6, 5, 7, 7, 9, 8, 8, 6, 6], [7, 6, 7, 5, 5, 9, 6, 6, 6, 7, 5, 7, 7, 9, 9, 9, 5, 5, 7, 5, 9, 7, 6, 7, 6, 5, 5, 6, 7, 9, 7, 6, 5, 8, 6], [9, 6, 5, 9, 8, 7, 9, 6, 7, 7, 9, 5, 7, 8, 9, 9, 7, 9, 8, 6, 5, 5, 6, 7, 5, 5, 5, 9, 5, 8, 6, 6, 8, 7, 6], [5, 9, 9, 5, 7, 7, 5, 6, 8, 8, 6, 8, 6, 5, 5, 8, 7, 5, 7, 8, 6, 9, 5, 9, 6, 9, 7, 7, 8, 6, 7, 7, 9, 6, 9], [6, 6, 8, 5, 8, 5, 7, 8, 6, 5, 9, 8, 5, 7, 6, 7, 9, 7, 9, 7, 5, 8, 8, 9, 7, 6, 8, 5, 9, 7, 5, 8, 8, 9, 5], [5, 8, 6, 5, 6, 7, 6, 7, 6, 6, 6, 7, 5, 7, 8, 8, 6, 6, 9, 9, 5, 7, 7, 5, 7, 5, 6, 7, 9, 5, 7, 5, 9, 8, 9], [6, 6, 5, 7, 6, 5, 5, 9, 7, 5, 6, 5, 6, 5, 5, 5, 6, 7, 7, 6, 9, 9, 6, 7, 8, 9, 8, 8, 7, 6, 8, 6, 5, 5, 9], [7, 7, 7, 8, 5, 7, 9, 9, 6, 9, 5, 5, 9, 9, 5, 9, 9, 6, 7, 5, 7, 7, 6, 9, 5, 9, 9, 9, 8, 7, 5, 9, 8, 9, 6], [6, 8, 7, 6, 6, 7, 7, 9, 5, 9, 6, 9, 7, 8, 8, 5, 6, 9, 9, 9, 6, 7, 5, 5, 6, 5, 6, 6, 9, 5, 6, 8, 7, 6, 8], [5, 6, 9, 8, 6, 5, 5, 9, 6, 9, 5, 6, 8, 6, 9, 7, 8, 7, 7, 7, 8, 7, 7, 7, 9, 6, 8, 9, 6, 7, 6, 9, 9, 8, 8], [8, 8, 7, 5, 6, 5, 9, 5, 8, 6, 5, 5, 9, 6, 6, 9, 5, 6, 7, 5, 8, 7, 9, 9, 5, 6, 6, 8, 7, 9, 8, 5, 9, 9, 5], [7, 5, 8, 6, 7, 5, 7, 8, 8, 7, 6, 7, 8, 5, 6, 9, 5, 7, 8, 9, 9, 5, 5, 9, 9, 8, 7, 8, 8, 9, 7, 5, 8, 9, 8], [6, 9, 9, 7, 5, 8, 8, 7, 6, 6, 9, 6, 8, 6, 7, 6, 8, 8, 7, 6, 6, 6, 9, 8, 5, 7, 8, 9, 6, 9, 7, 5, 8, 9, 6], [5, 7, 6, 7, 8, 5, 9, 6, 6, 6, 7, 7, 9, 5, 9, 8, 9, 5, 5, 5, 8, 8, 7, 9, 8, 7, 7, 9, 5, 7, 9, 8, 6, 7, 6], [8, 6, 8, 5, 5, 7, 6, 5, 6, 9, 7, 5, 7, 9, 9, 7, 9, 5, 8, 7, 8, 6, 6, 6, 6, 5, 6, 5, 8, 9, 5, 6, 7, 9, 5], [8, 5, 5, 5, 6, 6, 8, 8, 8, 7, 9, 7, 7, 8, 9, 8, 5, 5, 7, 8, 6, 5, 5, 5, 5, 9, 9, 7, 7, 5, 9, 7, 5, 8, 6], [6, 9, 7, 8, 6, 8, 9, 8, 5, 6, 6, 5, 7, 5, 6, 9, 9, 8, 8, 6, 7, 7, 6, 6, 9, 8, 8, 5, 8, 5, 5, 5, 9, 9, 8], [8, 7, 5, 6, 5, 6, 6, 7, 6, 7, 9, 8, 7, 6, 9, 8, 5, 9, 8, 6, 6, 5, 9, 9, 9, 8, 7, 5, 8, 5, 9, 5, 9, 5, 5], [7, 6, 9, 5, 9, 7, 5, 5, 7, 6, 7, 9, 5, 6, 8, 5, 7, 8, 8, 9, 9, 8, 7, 9, 7, 5, 7, 6, 5, 9, 6, 7, 8, 5, 9], [7, 7, 5, 6, 8, 6, 9, 9, 7, 9, 9, 7, 6, 9, 9, 6, 6, 8, 6, 9, 9, 9, 5, 9, 7, 8, 6, 6, 9, 7, 5, 6, 7, 7, 6], [7, 6, 9, 8, 5, 9, 9, 9, 5, 6, 6, 6, 8, 9, 7, 6, 5, 6, 8, 5, 7, 7, 9, 6, 6, 8, 8, 7, 6, 7, 5, 8, 7, 5, 6], [9, 9, 8, 5, 5, 5, 9, 7, 5, 8, 7, 6, 6, 9, 8, 9, 6, 7, 7, 9, 6, 7, 9, 7, 6, 8, 6, 5, 9, 5, 7, 8, 5, 5, 8], [9, 5, 5, 9, 7, 9, 5, 7, 7, 9, 8, 8, 9, 6, 6, 9, 7, 8, 8, 9, 6, 9, 6, 5, 7, 5, 5, 7, 5, 7, 5, 9, 9, 8, 6], [5, 9, 6, 6, 8, 7, 6, 8, 6, 6, 5, 9, 5, 5, 5, 8, 7, 7, 9, 7, 8, 8, 9, 7, 6, 6, 6, 6, 9, 5, 7, 8, 8, 7, 8], [5, 8, 9, 6, 5, 7, 6, 9, 5, 5, 8, 8, 9, 8, 6, 6, 6, 7, 6, 9, 5, 9, 8, 5, 5, 9, 5, 5, 8, 8, 8, 6, 9, 8, 9], [7, 5, 7, 6, 8, 9, 7, 7, 5, 6, 5, 5, 9, 8, 6, 8, 8, 5, 9, 7, 9, 7, 8, 5, 6, 5, 5, 8, 7, 5, 6, 6, 8, 8, 8], [8, 7, 9, 8, 7, 8, 8, 7, 5, 5, 7, 6, 9, 8, 7, 7, 5, 7, 6, 7, 9, 6, 8, 6, 9, 5, 7, 7, 6, 9, 5, 6, 9, 9, 9], [7, 6, 8, 5, 9, 9, 7, 9, 9, 9, 5, 7, 8, 9, 6, 7, 7, 7, 5, 6, 9, 5, 5, 9, 9, 9, 8, 8, 7, 5, 7, 9, 8, 7, 7], [5, 5, 5, 8, 8, 5, 7, 7, 6, 6, 7, 9, 9, 6, 9, 6, 8, 9, 5, 9, 9, 9, 7, 5, 8, 5, 8, 9, 8, 6, 5, 5, 5, 9, 6], [6, 9, 5, 5, 9, 8, 8, 7, 5, 7, 7, 7, 8, 5, 9, 5, 9, 7, 7, 9, 7, 9, 8, 9, 8, 5, 8, 5, 6, 5, 8, 6, 7, 7, 8], [7, 8, 6, 8, 6, 5, 5, 8, 5, 6, 6, 5, 8, 5, 7, 8, 5, 7, 5, 6, 5, 9, 5, 6, 7, 9, 5, 7, 9, 7, 9, 6, 7, 9, 7], [7, 9, 6, 8, 8, 6, 9, 7, 9, 6, 7, 6, 5, 6, 8, 8, 5, 7, 9, 9, 5, 7, 5, 8, 8, 9, 8, 7, 7, 8, 8, 8, 9, 5, 9], [6, 9, 9, 9, 5, 9, 8, 6, 7, 6, 6, 7, 5, 8, 6, 7, 6, 8, 9, 8, 8, 9, 8, 6, 6, 9, 5, 9, 6, 9, 6, 8, 8, 8, 7], [9, 7, 8, 7, 7, 8, 7, 7, 9, 6, 9, 8, 5, 7, 5, 7, 8, 6, 7, 5, 7, 9, 7, 8, 7, 5, 9, 8, 5, 8, 9, 7, 9, 9, 9], [7, 8, 9, 5, 9, 6, 9, 9, 7, 7, 6, 6, 8, 8, 7, 8, 7, 5, 7, 6, 6, 5, 7, 9, 5, 5, 5, 9, 7, 8, 6, 5, 7, 8, 5], [6, 9, 5, 7, 5, 6, 6, 7, 8, 7, 6, 6, 6, 6, 5, 5, 6, 7, 7, 9, 7, 6, 5, 6, 7, 7, 5, 6, 9, 5, 5, 5, 7, 5, 9], [6, 8, 9, 9, 9, 7, 8, 6, 6, 7, 9, 7, 7, 9, 8, 8, 8, 7, 6, 6, 8, 5, 7, 5, 7, 8, 9, 7, 5, 7, 5, 8, 6, 7, 8], [5, 7, 9, 7, 5, 5, 9, 6, 7, 5, 6, 9, 7, 6, 9, 5, 7, 9, 7, 7, 7, 9, 7, 8, 5, 9, 9, 6, 6, 6, 7, 7, 6, 6, 8], [7, 9, 8, 5, 7, 7, 6, 8, 8, 9, 5, 6, 9, 8, 7, 7, 6, 9, 9, 5, 8, 9, 5, 7, 7, 7, 8, 6, 7, 9, 5, 7, 7, 7, 8], [8, 7, 8, 7, 8, 6, 5, 7, 9, 5, 5, 9, 8, 5, 5, 5, 7, 5, 7, 6, 9, 6, 6, 6, 7, 5, 6, 6, 8, 8, 6, 8, 5, 7, 8], [7, 9, 5, 7, 8, 6, 8, 8, 9, 6, 5, 6, 7, 5, 8, 6, 7, 9, 6, 6, 7, 6, 7, 6, 7, 8, 5, 6, 5, 9, 9, 6, 7, 6, 7], [6, 7, 9, 5, 7, 8, 6, 9, 7, 8, 5, 9, 6, 7, 9, 8, 9, 9, 5, 8, 7, 8, 8, 9, 5, 7, 8, 5, 9, 6, 7, 8, 5, 6, 5], [5, 8, 7, 7, 7, 9, 6, 5, 8, 8, 6, 6, 9, 9, 5, 9, 6, 6, 5, 7, 6, 6, 8, 7, 7, 9, 5, 6, 8, 6, 7, 8, 5, 7, 6], [6, 6, 8, 9, 5, 7, 8, 8, 5, 6, 7, 8, 9, 7, 9, 5, 7, 5, 5, 7, 6, 9, 8, 8, 9, 9, 9, 5, 6, 7, 7, 5, 7, 7, 5], [6, 6, 6, 9, 9, 7, 7, 7, 8, 7, 8, 7, 8, 5, 6, 9, 5, 9, 9, 8, 8, 8, 6, 7, 6, 5, 6, 7, 7, 5, 8, 6, 5, 9, 8], [5, 8, 9, 5, 9, 9, 9, 5, 6, 6, 8, 6, 5, 8, 6, 6, 7, 9, 6, 6, 5, 6, 7, 9, 9, 6, 7, 9, 6, 5, 8, 5, 8, 6, 8], [9, 7, 6, 6, 8, 7, 9, 5, 5, 8, 5, 7, 7, 5, 6, 5, 8, 5, 5, 8, 5, 6, 6, 5, 9, 7, 5, 8, 9, 8, 9, 7, 5, 6, 9], [5, 6, 9, 6, 6, 7, 6, 7, 6, 5, 5, 7, 8, 9, 6, 5, 5, 7, 9, 5, 8, 9, 6, 9, 6, 5, 8, 6, 9, 9, 8, 9, 8, 7, 7], [9, 7, 8, 8, 8, 5, 6, 7, 6, 6, 5, 5, 7, 6, 8, 9, 7, 7, 7, 7, 5, 6, 9, 8, 8, 7, 5, 6, 9, 8, 6, 8, 7, 7, 8]]
Demand for each product in each period d: 
[[2, 20, 27, 0, 33, 42, 36, 29, 27, 29, 15, 0, 7, 11, 40, 42, 18, 29, 41, 15, 47, 48, 33, 5, 27, 2, 22, 48, 24, 27, 19, 29, 45, 14, 35], [27, 38, 30, 9, 14, 25, 44, 0, 36, 5, 9, 15, 47, 16, 0, 49, 23, 12, 21, 29, 8, 0, 31, 11, 40, 14, 44, 25, 8, 0, 4, 8, 21, 39, 37], [48, 32, 22, 0, 29, 49, 45, 44, 41, 22, 24, 14, 32, 29, 31, 20, 39, 1, 9, 26, 44, 9, 36, 10, 42, 47, 31, 0, 21, 21, 13, 22, 2, 35, 21], [5, 3, 11, 1, 36, 5, 20, 4, 15, 44, 6, 47, 9, 16, 3, 9, 6, 0, 3, 33, 29, 0, 43, 19, 20, 19, 0, 21, 25, 30, 33, 5, 0, 22, 13], [31, 46, 30, 9, 15, 45, 35, 41, 26, 0, 32, 17, 2, 33, 3, 40, 26, 13, 10, 0, 23, 0, 7, 7, 16, 19, 21, 22, 9, 14, 16, 34, 2, 44, 46], [40, 46, 0, 49, 15, 12, 33, 34, 45, 41, 42, 21, 44, 48, 47, 38, 16, 44, 23, 1, 4, 2, 18, 44, 15, 43, 25, 30, 23, 7, 15, 48, 5, 41, 42], [11, 48, 43, 0, 37, 0, 44, 17, 2, 10, 12, 31, 49, 49, 3, 47, 0, 13, 22, 6, 22, 19, 22, 7, 37, 31, 0, 16, 31, 19, 20, 39, 29, 4, 23], [37, 19, 29, 47, 31, 34, 47, 24, 0, 40, 2, 10, 44, 6, 33, 11, 48, 35, 46, 23, 0, 33, 26, 30, 30, 1, 0, 43, 45, 7, 23, 5, 14, 15, 10], [4, 12, 5, 10, 2, 24, 32, 30, 12, 19, 30, 37, 22, 42, 38, 30, 22, 24, 32, 29, 49, 43, 40, 16, 37, 14, 0, 13, 30, 38, 3, 2, 11, 25, 49], [14, 33, 3, 33, 28, 41, 49, 34, 17, 0, 14, 44, 5, 47, 18, 5, 17, 30, 0, 49, 22, 21, 38, 20, 0, 0, 9, 41, 0, 38, 2, 0, 0, 45, 22], [24, 23, 28, 3, 31, 24, 31, 32, 9, 27, 37, 0, 0, 5, 35, 40, 20, 8, 20, 7, 14, 30, 23, 30, 22, 46, 27, 32, 46, 16, 19, 14, 10, 35, 6], [0, 43, 4, 35, 48, 1, 29, 44, 16, 0, 19, 1, 27, 33, 49, 1, 43, 38, 18, 9, 18, 30, 46, 24, 46, 4, 0, 14, 44, 24, 1, 20, 28, 24, 19], [39, 21, 21, 29, 2, 8, 10, 34, 31, 31, 8, 1, 30, 38, 38, 34, 45, 41, 11, 9, 28, 8, 41, 14, 23, 24, 25, 15, 5, 35, 39, 4, 44, 20, 41], [48, 7, 0, 0, 4, 13, 24, 49, 1, 41, 33, 9, 20, 40, 8, 46, 27, 27, 8, 26, 4, 46, 10, 31, 47, 2, 13, 34, 23, 3, 0, 9, 16, 18, 1], [3, 35, 44, 30, 29, 19, 13, 44, 15, 43, 27, 31, 33, 49, 24, 0, 16, 4, 3, 0, 44, 15, 15, 5, 38, 40, 14, 3, 40, 38, 42, 43, 15, 41, 16], [34, 26, 12, 0, 17, 6, 15, 42, 35, 25, 38, 46, 45, 0, 3, 24, 0, 22, 18, 0, 6, 23, 38, 21, 48, 33, 0, 19, 3, 25, 14, 48, 14, 31, 41], [27, 26, 5, 19, 20, 41, 15, 13, 21, 48, 36, 40, 26, 46, 6, 42, 16, 27, 9, 28, 19, 27, 37, 39, 25, 41, 23, 16, 6, 23, 15, 28, 17, 18, 22], [47, 39, 0, 36, 10, 0, 45, 13, 10, 13, 22, 14, 36, 35, 49, 9, 4, 36, 35, 20, 45, 28, 30, 41, 34, 0, 30, 26, 5, 12, 3, 26, 28, 7, 25], [18, 35, 33, 5, 45, 23, 0, 0, 44, 42, 17, 16, 17, 24, 20, 40, 8, 25, 14, 45, 0, 32, 29, 11, 12, 37, 32, 21, 8, 31, 12, 35, 1, 20, 32], [8, 47, 25, 26, 39, 44, 0, 17, 44, 3, 29, 45, 21, 30, 27, 10, 27, 22, 20, 45, 0, 19, 34, 48, 9, 49, 12, 43, 34, 14, 3, 44, 44, 28, 33], [28, 12, 11, 23, 36, 7, 37, 13, 0, 23, 4, 38, 3, 24, 7, 38, 49, 0, 0, 13, 30, 19, 15, 19, 33, 33, 38, 8, 0, 20, 0, 1, 27, 36, 0], [31, 42, 47, 28, 40, 14, 36, 0, 15, 15, 15, 43, 43, 40, 13, 10, 26, 15, 16, 32, 0, 37, 34, 5, 46, 20, 40, 40, 41, 0, 49, 2, 35, 24, 23], [44, 21, 46, 41, 13, 21, 18, 27, 5, 33, 9, 40, 28, 45, 21, 41, 0, 24, 22, 5, 48, 45, 4, 19, 5, 9, 26, 35, 32, 32, 46, 39, 17, 14, 1], [46, 3, 16, 31, 22, 46, 31, 22, 7, 14, 38, 40, 6, 24, 49, 18, 22, 1, 39, 29, 47, 2, 16, 9, 14, 16, 44, 36, 15, 11, 5, 38, 42, 7, 36], [0, 45, 2, 26, 28, 28, 6, 26, 0, 10, 38, 37, 22, 46, 14, 35, 0, 5, 29, 16, 30, 5, 16, 0, 4, 38, 25, 20, 31, 3, 1, 43, 7, 39, 12], [43, 1, 4, 19, 11, 3, 42, 32, 18, 30, 35, 21, 13, 19, 6, 25, 22, 15, 4, 39, 45, 48, 35, 39, 18, 3, 0, 33, 6, 40, 36, 49, 5, 17, 48], [37, 3, 48, 7, 10, 39, 6, 39, 28, 6, 42, 11, 46, 6, 31, 49, 22, 11, 42, 48, 36, 18, 28, 27, 14, 2, 48, 3, 37, 47, 38, 49, 34, 44, 6], [22, 11, 32, 8, 40, 10, 49, 49, 14, 6, 21, 46, 27, 7, 12, 0, 8, 11, 24, 38, 39, 8, 9, 21, 20, 6, 21, 11, 18, 27, 24, 44, 33, 45, 10], [47, 31, 43, 11, 27, 20, 0, 30, 11, 0, 11, 24, 38, 26, 23, 47, 22, 19, 1, 34, 29, 12, 33, 6, 47, 5, 27, 10, 20, 1, 26, 28, 0, 27, 8], [31, 2, 46, 20, 9, 46, 6, 41, 20, 8, 10, 0, 48, 22, 16, 24, 14, 26, 49, 0, 26, 19, 3, 44, 36, 1, 41, 31, 9, 32, 30, 49, 25, 0, 8], [0, 0, 26, 6, 24, 19, 18, 40, 33, 33, 33, 9, 33, 15, 37, 12, 26, 3, 24, 39, 29, 1, 4, 18, 13, 18, 30, 6, 1, 34, 25, 16, 6, 12, 8], [26, 35, 47, 16, 11, 19, 35, 7, 39, 22, 28, 22, 9, 49, 29, 11, 46, 10, 13, 21, 39, 9, 22, 43, 14, 0, 30, 15, 45, 39, 11, 32, 25, 4, 17], [23, 15, 18, 23, 1, 45, 10, 35, 31, 37, 26, 0, 29, 27, 38, 29, 25, 30, 10, 17, 0, 15, 26, 14, 1, 6, 43, 18, 48, 5, 38, 44, 49, 43, 2], [38, 7, 46, 42, 26, 8, 3, 35, 41, 15, 5, 46, 16, 26, 27, 34, 9, 20, 27, 16, 0, 13, 33, 2, 43, 32, 38, 17, 21, 28, 35, 22, 19, 26, 46], [39, 36, 12, 8, 1, 18, 37, 16, 23, 46, 3, 38, 4, 27, 17, 27, 45, 46, 5, 0, 10, 0, 23, 7, 30, 8, 8, 16, 6, 18, 30, 1, 11, 47, 46], [45, 42, 9, 0, 32, 14, 34, 2, 42, 39, 19, 11, 22, 21, 21, 27, 35, 33, 34, 41, 16, 1, 14, 13, 0, 35, 17, 17, 21, 42, 7, 42, 31, 42, 11], [0, 9, 35, 14, 4, 24, 32, 7, 25, 8, 39, 17, 21, 5, 15, 0, 1, 16, 0, 38, 11, 0, 27, 0, 0, 23, 6, 24, 32, 12, 10, 4, 2, 33, 24], [11, 11, 9, 42, 16, 48, 49, 34, 11, 19, 47, 46, 17, 27, 46, 12, 31, 41, 47, 47, 43, 27, 24, 9, 37, 47, 29, 32, 35, 7, 46, 13, 21, 27, 44], [22, 29, 31, 18, 18, 31, 36, 0, 34, 39, 36, 40, 3, 13, 13, 9, 14, 33, 37, 33, 14, 25, 31, 38, 21, 3, 11, 31, 22, 36, 11, 1, 30, 45, 26], [2, 19, 45, 25, 42, 25, 37, 3, 2, 36, 43, 8, 49, 0, 44, 28, 23, 27, 0, 12, 41, 48, 20, 13, 13, 35, 0, 16, 17, 13, 0, 39, 19, 28, 20], [9, 12, 12, 40, 6, 0, 30, 46, 47, 45, 12, 5, 19, 32, 33, 28, 5, 33, 27, 40, 43, 1, 24, 5, 22, 11, 21, 23, 38, 26, 41, 11, 29, 2, 12], [20, 48, 27, 47, 30, 12, 17, 21, 28, 21, 24, 23, 10, 6, 20, 4, 27, 31, 2, 0, 37, 21, 46, 30, 28, 35, 47, 16, 33, 39, 24, 2, 18, 12, 24], [29, 23, 43, 45, 33, 1, 33, 21, 31, 36, 1, 23, 12, 25, 27, 3, 39, 2, 13, 33, 23, 26, 24, 26, 29, 38, 26, 25, 14, 11, 35, 41, 45, 32, 18], [0, 1, 47, 1, 10, 23, 15, 37, 48, 15, 21, 28, 48, 21, 42, 35, 19, 7, 5, 0, 36, 37, 26, 43, 12, 13, 33, 1, 42, 17, 45, 22, 40, 0, 19], [9, 3, 4, 9, 2, 34, 22, 0, 40, 47, 18, 20, 10, 40, 27, 8, 0, 38, 17, 12, 6, 16, 49, 0, 26, 39, 34, 19, 1, 34, 31, 6, 42, 44, 45], [36, 7, 15, 43, 19, 47, 47, 41, 42, 24, 7, 29, 35, 44, 17, 38, 4, 0, 15, 1, 30, 11, 18, 49, 41, 25, 11, 37, 22, 18, 15, 15, 41, 33, 15], [49, 11, 3, 48, 13, 8, 25, 4, 42, 47, 35, 18, 28, 15, 43, 15, 19, 39, 26, 13, 19, 12, 49, 0, 43, 27, 37, 25, 44, 41, 42, 6, 19, 8, 24], [0, 42, 45, 31, 10, 20, 26, 18, 23, 46, 0, 13, 49, 1, 19, 41, 1, 11, 0, 12, 1, 35, 10, 15, 45, 12, 29, 45, 20, 4, 11, 29, 14, 27, 11], [15, 13, 42, 34, 35, 47, 21, 25, 0, 37, 31, 37, 28, 1, 16, 7, 49, 13, 27, 41, 3, 26, 9, 27, 40, 48, 48, 9, 12, 45, 37, 28, 14, 15, 6], [7, 27, 0, 42, 11, 32, 10, 15, 5, 8, 24, 7, 24, 3, 26, 25, 27, 45, 3, 19, 16, 16, 34, 42, 46, 39, 14, 29, 28, 1, 21, 49, 40, 43, 15], [4, 24, 4, 46, 27, 18, 14, 42, 14, 33, 28, 15, 0, 44, 1, 10, 46, 20, 32, 20, 42, 0, 13, 8, 29, 1, 36, 20, 30, 29, 41, 41, 20, 36, 47], [44, 49, 18, 39, 48, 7, 28, 31, 2, 14, 36, 40, 22, 29, 8, 42, 38, 22, 34, 15, 7, 36, 15, 0, 30, 32, 4, 49, 0, 20, 26, 40, 9, 30, 9], [22, 16, 14, 32, 44, 2, 0, 5, 42, 10, 10, 32, 20, 44, 27, 37, 0, 10, 18, 34, 45, 33, 0, 12, 46, 0, 45, 19, 22, 1, 25, 11, 12, 0, 43], [19, 28, 33, 10, 23, 8, 19, 43, 11, 36, 13, 2, 39, 3, 9, 37, 33, 19, 39, 42, 14, 1, 23, 27, 41, 13, 32, 43, 0, 32, 37, 26, 24, 0, 9], [49, 44, 41, 23, 29, 4, 7, 20, 13, 48, 14, 32, 30, 40, 23, 14, 36, 47, 44, 8, 31, 9, 21, 28, 33, 44, 41, 29, 33, 32, 38, 42, 0, 4, 34], [24, 18, 20, 22, 14, 6, 0, 26, 0, 45, 3, 39, 5, 31, 39, 49, 30, 16, 42, 1, 46, 32, 14, 13, 26, 46, 28, 12, 35, 23, 22, 17, 12, 0, 39], [20, 8, 38, 43, 44, 11, 9, 7, 12, 46, 1, 41, 34, 5, 11, 43, 49, 4, 27, 23, 39, 46, 19, 46, 37, 0, 37, 40, 6, 20, 44, 28, 32, 44, 32], [32, 36, 24, 16, 6, 1, 42, 21, 24, 22, 19, 38, 8, 34, 0, 39, 49, 6, 30, 25, 7, 45, 14, 27, 37, 15, 9, 19, 17, 10, 14, 32, 26, 41, 5], [41, 8, 11, 0, 4, 0, 0, 28, 45, 31, 0, 13, 23, 33, 16, 28, 48, 43, 22, 16, 1, 36, 10, 25, 30, 41, 16, 16, 45, 7, 40, 39, 36, 8, 15], [30, 24, 0, 24, 45, 31, 20, 16, 0, 3, 9, 32, 1, 47, 10, 6, 15, 24, 40, 12, 32, 6, 44, 17, 36, 23, 8, 7, 22, 23, 5, 26, 18, 34, 36], [35, 37, 15, 40, 42, 20, 6, 21, 41, 0, 15, 8, 25, 10, 37, 21, 19, 4, 22, 9, 17, 41, 39, 4, 18, 31, 48, 6, 2, 27, 6, 36, 29, 2, 39], [18, 12, 37, 32, 22, 3, 0, 12, 0, 22, 28, 20, 5, 46, 32, 40, 36, 30, 38, 20, 36, 42, 4, 48, 32, 2, 18, 8, 26, 35, 18, 32, 16, 22, 1], [38, 20, 41, 38, 0, 15, 18, 13, 24, 12, 6, 0, 23, 38, 31, 13, 27, 4, 10, 49, 46, 45, 27, 44, 35, 12, 44, 46, 41, 1, 40, 1, 5, 32, 22], [18, 18, 28, 47, 14, 2, 5, 0, 43, 1, 2, 0, 33, 31, 35, 41, 47, 29, 26, 7, 39, 33, 13, 42, 22, 21, 36, 17, 22, 45, 19, 35, 42, 25, 41], [23, 49, 8, 12, 15, 37, 42, 33, 38, 8, 17, 28, 45, 45, 30, 46, 45, 0, 5, 35, 34, 0, 15, 44, 45, 31, 22, 33, 25, 28, 27, 21, 25, 46, 15], [33, 35, 22, 0, 22, 48, 0, 45, 5, 5, 21, 5, 44, 47, 42, 16, 39, 24, 27, 21, 41, 33, 3, 31, 44, 2, 3, 7, 14, 44, 11, 11, 17, 5, 3], [31, 1, 32, 47, 7, 26, 15, 11, 0, 0, 14, 28, 30, 21, 8, 7, 28, 37, 19, 10, 0, 2, 9, 1, 42, 48, 15, 11, 28, 6, 46, 26, 39, 30, 0], [36, 2, 27, 3, 0, 3, 22, 34, 0, 8, 32, 4, 25, 1, 37, 42, 3, 25, 25, 37, 16, 25, 24, 40, 25, 20, 11, 17, 10, 0, 25, 37, 2, 17, 23], [28, 23, 40, 7, 41, 42, 26, 14, 23, 6, 18, 35, 17, 16, 12, 18, 1, 28, 36, 33, 19, 0, 36, 7, 0, 23, 23, 30, 13, 22, 34, 35, 13, 33, 0], [23, 35, 32, 4, 35, 16, 1, 47, 8, 33, 28, 20, 0, 8, 0, 30, 26, 45, 16, 10, 24, 16, 7, 29, 28, 18, 31, 22, 39, 35, 20, 0, 20, 47, 11], [37, 39, 20, 34, 29, 9, 12, 46, 46, 8, 7, 22, 0, 18, 0, 0, 3, 5, 40, 17, 39, 49, 12, 37, 7, 45, 8, 40, 16, 48, 0, 3, 34, 20, 18], [0, 2, 17, 14, 0, 15, 38, 31, 24, 5, 0, 15, 49, 36, 31, 17, 44, 39, 7, 26, 13, 45, 24, 40, 36, 45, 0, 15, 20, 0, 28, 32, 17, 16, 1], [42, 0, 30, 11, 16, 15, 6, 12, 12, 41, 18, 1, 6, 36, 11, 0, 48, 45, 21, 45, 23, 38, 46, 9, 18, 19, 29, 43, 0, 38, 36, 39, 14, 26, 32], [0, 25, 10, 16, 48, 0, 7, 49, 42, 37, 24, 35, 18, 29, 22, 23, 9, 28, 35, 31, 12, 2, 18, 49, 15, 21, 17, 0, 0, 40, 0, 48, 26, 25, 15], [21, 17, 0, 27, 41, 41, 47, 0, 17, 36, 23, 13, 16, 34, 38, 11, 16, 28, 0, 18, 25, 10, 10, 35, 4, 8, 48, 6, 46, 49, 22, 43, 46, 28, 40], [7, 15, 20, 36, 44, 33, 19, 47, 39, 24, 11, 47, 47, 0, 42, 36, 5, 4, 27, 26, 14, 19, 23, 28, 6, 13, 46, 10, 21, 48, 10, 47, 34, 34, 42], [23, 45, 48, 39, 21, 18, 28, 12, 4, 27, 49, 14, 20, 31, 34, 44, 36, 28, 28, 12, 33, 6, 18, 36, 17, 45, 0, 49, 1, 3, 0, 27, 8, 0, 6], [47, 49, 14, 15, 1, 8, 35, 37, 41, 44, 39, 10, 38, 0, 44, 18, 14, 3, 9, 3, 31, 37, 39, 41, 7, 40, 44, 39, 0, 12, 13, 31, 2, 24, 7], [13, 15, 32, 2, 30, 20, 46, 32, 16, 0, 43, 43, 40, 19, 35, 4, 11, 12, 21, 15, 0, 0, 49, 39, 26, 4, 6, 17, 38, 48, 2, 39, 26, 29, 39], [10, 49, 41, 17, 9, 14, 49, 46, 20, 48, 0, 2, 1, 6, 15, 41, 35, 34, 17, 38, 41, 0, 9, 16, 39, 43, 48, 17, 45, 21, 48, 17, 36, 22, 31], [18, 20, 27, 13, 10, 48, 32, 47, 37, 45, 16, 32, 43, 33, 7, 21, 25, 40, 47, 0, 1, 49, 0, 3, 16, 48, 34, 13, 34, 33, 19, 24, 28, 8, 26], [35, 4, 49, 23, 46, 19, 0, 13, 13, 42, 32, 46, 8, 12, 44, 0, 2, 30, 2, 0, 0, 27, 0, 11, 8, 20, 48, 4, 4, 36, 15, 28, 26, 35, 49], [23, 24, 29, 26, 28, 27, 38, 0, 45, 0, 42, 16, 33, 0, 22, 48, 15, 21, 2, 20, 23, 40, 0, 7, 32, 34, 11, 44, 44, 29, 49, 0, 2, 13, 34], [46, 40, 1, 1, 43, 4, 13, 24, 0, 29, 49, 12, 36, 3, 45, 37, 42, 5, 26, 29, 19, 26, 10, 32, 24, 30, 37, 17, 25, 34, 1, 28, 30, 15, 47], [11, 9, 29, 13, 33, 17, 25, 16, 49, 22, 44, 40, 45, 7, 9, 48, 13, 11, 38, 27, 8, 22, 47, 37, 8, 40, 14, 0, 9, 39, 3, 30, 4, 39, 18], [16, 19, 10, 24, 19, 10, 45, 48, 21, 49, 38, 15, 19, 8, 24, 37, 25, 23, 35, 5, 8, 40, 45, 34, 14, 5, 35, 1, 41, 15, 0, 28, 12, 0, 26], [30, 12, 27, 18, 4, 36, 16, 10, 2, 21, 20, 0, 14, 9, 15, 25, 49, 35, 30, 42, 30, 10, 0, 0, 39, 24, 8, 5, 37, 33, 44, 15, 46, 29, 45], [6, 28, 12, 23, 21, 14, 42, 17, 6, 37, 17, 45, 47, 9, 41, 19, 33, 3, 8, 26, 15, 3, 24, 25, 0, 18, 12, 10, 22, 44, 16, 35, 44, 22, 41], [15, 45, 28, 26, 26, 45, 15, 8, 17, 31, 17, 44, 22, 2, 15, 15, 32, 30, 32, 21, 28, 30, 17, 0, 28, 15, 27, 47, 23, 41, 41, 1, 18, 25, 36], [1, 0, 41, 26, 7, 15, 32, 45, 12, 42, 37, 30, 0, 11, 0, 26, 9, 42, 13, 30, 0, 41, 29, 9, 39, 1, 0, 18, 39, 37, 31, 16, 43, 10, 29], [9, 2, 12, 32, 11, 43, 11, 11, 17, 16, 24, 30, 39, 33, 23, 40, 48, 46, 35, 47, 44, 49, 32, 47, 0, 18, 45, 19, 0, 42, 0, 30, 27, 4, 45], [43, 21, 25, 30, 49, 48, 27, 12, 14, 23, 16, 43, 6, 35, 0, 7, 47, 39, 13, 40, 33, 23, 18, 11, 11, 30, 47, 43, 7, 35, 23, 47, 36, 10, 1], [19, 1, 48, 0, 30, 37, 2, 41, 38, 45, 7, 18, 18, 49, 43, 19, 36, 0, 6, 39, 44, 6, 21, 0, 1, 49, 0, 15, 20, 10, 38, 0, 2, 48, 0], [28, 46, 10, 27, 31, 25, 47, 4, 9, 24, 11, 34, 13, 40, 4, 46, 29, 18, 11, 27, 2, 11, 13, 19, 45, 42, 5, 35, 24, 38, 25, 44, 27, 33, 13], [6, 14, 0, 17, 44, 6, 11, 46, 32, 0, 3, 20, 18, 44, 17, 13, 25, 8, 28, 28, 33, 47, 32, 34, 21, 15, 10, 9, 23, 10, 0, 45, 38, 35, 39], [9, 23, 23, 2, 48, 0, 39, 44, 21, 18, 31, 0, 18, 25, 48, 24, 21, 49, 39, 20, 48, 0, 33, 29, 43, 2, 17, 7, 43, 18, 1, 44, 37, 1, 35], [18, 42, 0, 35, 34, 32, 32, 18, 34, 21, 20, 31, 0, 18, 13, 40, 16, 11, 1, 45, 47, 26, 31, 2, 18, 37, 0, 17, 6, 12, 7, 0, 2, 37, 1], [21, 4, 29, 16, 31, 15, 26, 32, 47, 0, 43, 39, 1, 24, 34, 8, 5, 38, 8, 44, 0, 49, 49, 37, 15, 31, 33, 11, 31, 46, 23, 44, 46, 18, 0], [42, 26, 44, 28, 1, 16, 5, 35, 23, 13, 31, 29, 10, 15, 42, 20, 46, 33, 31, 26, 35, 34, 46, 41, 36, 2, 5, 2, 4, 26, 16, 31, 29, 0, 37], [12, 0, 20, 22, 48, 20, 38, 18, 34, 29, 25, 23, 12, 17, 28, 32, 12, 33, 21, 0, 26, 6, 16, 32, 20, 26, 23, 6, 40, 45, 42, 31, 24, 43, 35], [22, 22, 25, 44, 29, 15, 13, 28, 19, 34, 38, 27, 27, 30, 0, 1, 3, 31, 18, 32, 22, 43, 9, 1, 34, 41, 2, 29, 41, 26, 32, 15, 19, 44, 45], [20, 10, 0, 28, 37, 19, 44, 5, 8, 22, 0, 36, 7, 1, 32, 22, 12, 11, 37, 31, 47, 26, 33, 8, 26, 43, 41, 11, 21, 14, 10, 27, 21, 24, 42], [37, 32, 29, 27, 16, 11, 40, 46, 4, 19, 11, 31, 37, 20, 0, 0, 36, 41, 6, 11, 21, 14, 49, 11, 45, 38, 5, 40, 38, 28, 11, 16, 28, 0, 6], [34, 42, 38, 10, 42, 22, 43, 49, 45, 27, 23, 13, 35, 21, 0, 31, 41, 37, 23, 32, 14, 16, 0, 27, 16, 21, 24, 6, 43, 0, 48, 41, 24, 18, 19], [17, 35, 14, 40, 41, 48, 26, 43, 12, 40, 34, 18, 48, 37, 16, 34, 7, 0, 46, 18, 13, 18, 48, 17, 23, 46, 11, 44, 16, 38, 48, 9, 0, 45, 12], [0, 44, 43, 45, 43, 16, 0, 22, 30, 6, 16, 13, 15, 28, 18, 8, 3, 48, 2, 0, 39, 0, 32, 25, 35, 6, 12, 22, 25, 0, 21, 15, 0, 0, 16], [16, 25, 26, 41, 33, 43, 19, 34, 17, 36, 12, 32, 5, 26, 41, 9, 22, 34, 3, 20, 10, 14, 31, 41, 12, 47, 29, 34, 8, 49, 4, 13, 48, 24, 0], [18, 11, 0, 22, 12, 47, 20, 15, 39, 39, 49, 37, 1, 0, 40, 30, 16, 48, 42, 4, 12, 2, 7, 41, 32, 30, 41, 36, 6, 2, 6, 8, 19, 12, 0], [4, 3, 1, 0, 49, 4, 43, 42, 45, 29, 15, 43, 45, 17, 3, 28, 33, 46, 47, 23, 2, 7, 36, 12, 19, 7, 29, 8, 20, 6, 13, 5, 10, 26, 5], [31, 19, 7, 29, 5, 1, 46, 22, 11, 5, 25, 39, 13, 17, 13, 33, 2, 0, 46, 34, 0, 30, 34, 6, 15, 42, 27, 10, 14, 42, 5, 1, 12, 14, 12], [16, 18, 14, 8, 12, 20, 17, 34, 5, 22, 42, 31, 36, 0, 11, 48, 26, 1, 1, 40, 25, 4, 46, 14, 45, 0, 46, 9, 6, 10, 8, 22, 2, 23, 42], [11, 24, 37, 36, 18, 41, 10, 20, 24, 3, 32, 5, 4, 46, 9, 27, 29, 8, 18, 9, 8, 40, 1, 11, 38, 28, 31, 0, 49, 14, 21, 3, 31, 36, 18], [0, 7, 11, 34, 33, 17, 23, 7, 19, 19, 6, 30, 33, 18, 0, 16, 4, 38, 7, 24, 37, 0, 44, 45, 36, 19, 15, 6, 6, 19, 13, 37, 40, 23, 34], [35, 47, 40, 16, 41, 31, 4, 23, 23, 49, 3, 38, 16, 33, 34, 7, 19, 1, 41, 19, 22, 37, 44, 6, 6, 13, 9, 44, 28, 5, 26, 19, 47, 5, 47], [6, 3, 15, 23, 2, 25, 20, 10, 0, 37, 26, 27, 38, 13, 13, 20, 42, 5, 19, 43, 22, 46, 13, 6, 16, 42, 26, 31, 41, 12, 5, 1, 49, 28, 9], [43, 23, 29, 30, 43, 18, 10, 0, 28, 32, 0, 32, 20, 11, 10, 0, 17, 32, 43, 26, 0, 35, 14, 46, 22, 9, 29, 35, 36, 20, 0, 0, 0, 20, 30], [13, 5, 42, 20, 45, 30, 22, 18, 40, 10, 42, 12, 14, 44, 34, 47, 10, 43, 13, 29, 30, 18, 46, 15, 44, 0, 34, 0, 30, 6, 34, 39, 5, 44, 27], [10, 40, 17, 29, 14, 10, 35, 4, 26, 44, 32, 24, 19, 43, 31, 7, 23, 45, 37, 20, 8, 42, 34, 40, 26, 4, 8, 24, 38, 2, 19, 24, 47, 49, 0], [20, 20, 25, 47, 5, 22, 27, 11, 2, 12, 2, 37, 29, 19, 47, 39, 9, 9, 26, 27, 0, 21, 25, 22, 49, 32, 14, 16, 37, 46, 30, 34, 25, 21, 6], [34, 11, 16, 45, 10, 23, 22, 36, 13, 22, 45, 0, 1, 46, 8, 16, 39, 46, 41, 49, 40, 19, 6, 9, 4, 19, 10, 13, 12, 38, 15, 30, 33, 4, 30], [0, 30, 36, 5, 14, 5, 30, 42, 42, 45, 48, 14, 20, 40, 17, 37, 13, 41, 27, 0, 47, 49, 5, 27, 45, 0, 35, 13, 49, 45, 32, 43, 23, 9, 10], [16, 30, 23, 23, 14, 4, 39, 28, 0, 25, 33, 35, 43, 35, 26, 45, 10, 0, 30, 1, 26, 9, 21, 0, 48, 21, 32, 17, 30, 32, 1, 0, 35, 2, 47], [19, 46, 20, 19, 26, 27, 0, 37, 6, 24, 32, 47, 4, 30, 1, 10, 37, 26, 43, 27, 38, 28, 47, 25, 37, 0, 48, 23, 24, 47, 0, 34, 22, 7, 13], [26, 36, 35, 26, 14, 47, 0, 2, 4, 47, 18, 26, 32, 22, 33, 17, 38, 5, 4, 21, 40, 49, 23, 9, 11, 3, 26, 17, 42, 47, 26, 24, 17, 28, 4], [0, 47, 20, 34, 17, 10, 0, 38, 36, 42, 48, 5, 15, 36, 15, 23, 42, 1, 24, 8, 20, 17, 35, 29, 49, 42, 47, 10, 25, 32, 43, 46, 43, 36, 2]]
Maintenance cost in each period m: 
[17294, 16947, 16709, 17594, 14144, 15459, 15119, 17414, 15911, 14260, 15765, 16019, 15161, 14233, 17701, 14366, 16542, 17116, 15248, 17180, 14995, 17985, 17220, 15590, 16041, 17181, 14869, 15904, 14302, 16878, 14699, 15547, 17445, 17115, 14176]
Maximum capacity of the machine cmax: 
5000