Set of periods in the planning horizon T: 
25
Set of products P: 
50
Capacity reduction coefficient alpha: 
0.8
Relative decrease of capacity per set up gamma: 
0.38
Capacity reduction coefficient due to product types beta: 
[0.33, 0.24, 0.38, 0.25, 0.32, 0.24, 0.34, 0.31, 0.26, 0.26, 0.29, 0.32, 0.23, 0.34, 0.35, 0.34, 0.32, 0.26, 0.34, 0.32, 0.23, 0.27, 0.31, 0.2, 0.3, 0.34, 0.39, 0.28, 0.36, 0.32, 0.39, 0.36, 0.25, 0.2, 0.29, 0.3, 0.32, 0.39, 0.38, 0.36, 0.34, 0.22, 0.34, 0.35, 0.32, 0.37, 0.33, 0.33, 0.33, 0.36]
Fixed production cost of each product in each period f: 
[[800, 899, 691, 788, 992, 947, 800, 508, 698, 932, 800, 653, 658, 556, 667, 659, 570, 866, 894, 836, 749, 601, 547, 858, 789], [803, 976, 981, 991, 887, 644, 912, 550, 605, 675, 923, 891, 583, 840, 599, 686, 694, 542, 594, 968, 618, 739, 846, 617, 637], [999, 528, 633, 824, 959, 956, 917, 523, 530, 657, 910, 903, 610, 930, 855, 572, 544, 787, 509, 822, 672, 527, 693, 709, 872], [517, 934, 969, 617, 534, 725, 745, 819, 500, 521, 573, 760, 795, 633, 627, 763, 683, 663, 667, 953, 606, 926, 795, 781, 587], [523, 624, 681, 934, 564, 758, 963, 597, 965, 692, 635, 779, 579, 612, 591, 571, 914, 943, 739, 572, 559, 550, 838, 555, 702], [872, 616, 503, 687, 530, 657, 570, 536, 556, 964, 738, 741, 838, 562, 919, 782, 562, 964, 583, 825, 607, 708, 582, 518, 795], [814, 924, 500, 760, 929, 702, 774, 955, 978, 975, 917, 563, 900, 812, 577, 598, 841, 929, 506, 542, 756, 785, 759, 643, 704], [789, 539, 564, 616, 818, 515, 790, 961, 704, 705, 574, 638, 761, 589, 624, 604, 946, 684, 798, 900, 861, 929, 967, 761, 991], [782, 626, 646, 966, 957, 914, 873, 513, 692, 852, 868, 685, 657, 815, 872, 711, 982, 903, 898, 500, 928, 904, 771, 629, 793], [688, 669, 790, 734, 963, 709, 749, 945, 740, 734, 971, 553, 897, 929, 728, 567, 628, 580, 700, 940, 919, 549, 790, 675, 953], [900, 941, 771, 528, 542, 540, 621, 728, 708, 738, 732, 790, 687, 555, 875, 616, 820, 727, 525, 851, 977, 701, 715, 572, 613], [873, 707, 749, 858, 700, 744, 509, 539, 906, 680, 737, 972, 501, 649, 546, 919, 804, 534, 829, 903, 527, 805, 516, 554, 668], [718, 902, 680, 811, 651, 845, 853, 651, 839, 827, 634, 952, 756, 880, 614, 865, 832, 639, 761, 586, 933, 786, 956, 991, 830], [950, 899, 671, 516, 842, 681, 938, 838, 941, 777, 999, 839, 830, 801, 678, 923, 909, 933, 516, 785, 742, 933, 768, 540, 852], [647, 882, 836, 610, 612, 688, 691, 650, 905, 699, 556, 566, 716, 907, 601, 829, 852, 967, 972, 925, 690, 840, 847, 686, 869], [870, 783, 560, 948, 956, 886, 972, 733, 556, 783, 908, 948, 805, 934, 777, 850, 926, 510, 613, 854, 572, 735, 506, 657, 780], [811, 971, 803, 663, 665, 637, 736, 991, 569, 692, 980, 669, 723, 963, 911, 747, 708, 730, 673, 675, 722, 535, 804, 821, 985], [875, 954, 738, 612, 564, 974, 906, 758, 742, 953, 941, 965, 774, 694, 887, 680, 787, 662, 673, 838, 525, 594, 879, 820, 644], [691, 970, 846, 879, 738, 559, 534, 614, 747, 622, 849, 661, 938, 986, 840, 902, 911, 581, 966, 706, 799, 598, 597, 723, 911], [877, 699, 875, 574, 715, 900, 549, 806, 881, 736, 855, 754, 759, 741, 936, 602, 730, 769, 849, 788, 939, 798, 932, 789, 984], [612, 764, 536, 824, 691, 815, 819, 813, 954, 902, 681, 622, 807, 827, 945, 820, 797, 704, 734, 975, 804, 826, 757, 662, 856], [624, 929, 803, 975, 771, 791, 726, 821, 530, 531, 887, 624, 510, 991, 837, 595, 739, 771, 576, 583, 887, 572, 747, 867, 744], [912, 926, 660, 632, 966, 786, 995, 646, 652, 657, 963, 636, 878, 875, 743, 654, 664, 599, 670, 693, 906, 912, 996, 533, 511], [685, 591, 966, 590, 732, 632, 669, 779, 672, 998, 817, 939, 707, 804, 808, 515, 615, 998, 807, 612, 874, 672, 718, 600, 756], [770, 630, 768, 613, 762, 935, 972, 588, 846, 796, 995, 917, 519, 888, 932, 828, 855, 593, 764, 618, 511, 961, 884, 654, 561], [840, 850, 614, 996, 745, 998, 884, 942, 528, 813, 770, 547, 951, 718, 793, 816, 966, 582, 567, 723, 739, 808, 780, 994, 713], [642, 957, 965, 715, 939, 564, 542, 944, 715, 618, 645, 849, 756, 658, 800, 529, 572, 585, 553, 847, 932, 736, 715, 702, 767], [507, 718, 562, 617, 715, 816, 713, 785, 867, 940, 648, 543, 572, 929, 736, 982, 556, 619, 548, 654, 933, 960, 634, 788, 588], [534, 930, 743, 521, 845, 649, 684, 918, 936, 643, 718, 502, 567, 648, 758, 742, 665, 566, 887, 566, 541, 616, 938, 676, 523], [554, 794, 966, 747, 748, 751, 982, 740, 978, 534, 510, 731, 835, 582, 910, 592, 771, 575, 646, 758, 999, 837, 521, 597, 819], [665, 728, 643, 626, 822, 910, 615, 745, 557, 709, 789, 982, 674, 895, 521, 792, 598, 808, 530, 917, 616, 717, 954, 532, 832], [718, 526, 594, 943, 825, 654, 788, 951, 585, 603, 659, 735, 861, 788, 576, 615, 828, 900, 707, 874, 849, 517, 809, 892, 927], [820, 606, 614, 688, 846, 843, 934, 843, 752, 892, 630, 582, 844, 644, 709, 746, 875, 778, 704, 885, 584, 672, 742, 876, 707], [736, 663, 605, 897, 527, 599, 728, 866, 765, 931, 713, 562, 565, 593, 895, 714, 508, 751, 930, 913, 869, 969, 941, 757, 656], [851, 664, 856, 655, 553, 882, 731, 554, 822, 546, 582, 593, 757, 588, 535, 948, 726, 942, 591, 942, 525, 896, 612, 839, 656], [922, 624, 564, 549, 519, 678, 785, 745, 885, 745, 667, 857, 695, 505, 808, 971, 847, 676, 664, 623, 518, 664, 674, 782, 598], [581, 804, 628, 727, 578, 884, 539, 956, 577, 891, 738, 657, 792, 770, 892, 711, 802, 783, 751, 933, 896, 577, 929, 761, 834], [833, 749, 644, 773, 626, 839, 581, 828, 510, 635, 579, 892, 625, 628, 786, 504, 839, 645, 804, 539, 796, 645, 688, 739, 534], [848, 648, 874, 804, 581, 706, 680, 615, 682, 699, 960, 827, 609, 911, 513, 818, 894, 762, 713, 729, 941, 996, 645, 642, 614], [505, 663, 805, 558, 926, 888, 659, 651, 689, 984, 596, 796, 845, 701, 618, 638, 879, 891, 625, 798, 866, 697, 854, 959, 731], [657, 802, 504, 640, 645, 531, 749, 556, 887, 656, 717, 632, 611, 582, 990, 513, 922, 889, 574, 825, 819, 648, 603, 962, 955], [917, 928, 630, 991, 981, 706, 523, 876, 836, 556, 667, 568, 732, 596, 888, 923, 640, 704, 830, 612, 835, 635, 985, 857, 531], [888, 835, 621, 831, 832, 765, 601, 975, 732, 610, 859, 772, 500, 985, 907, 810, 737, 594, 924, 511, 519, 870, 625, 764, 683], [786, 549, 507, 896, 857, 908, 651, 735, 761, 642, 999, 682, 758, 577, 844, 528, 860, 929, 793, 580, 564, 963, 956, 758, 723], [739, 576, 928, 591, 963, 986, 509, 811, 841, 688, 871, 692, 645, 761, 899, 896, 632, 917, 843, 985, 896, 546, 537, 826, 823], [947, 877, 711, 912, 635, 658, 530, 972, 857, 527, 819, 620, 727, 876, 612, 644, 553, 631, 610, 817, 790, 514, 572, 560, 974], [527, 678, 942, 547, 504, 514, 841, 530, 657, 517, 979, 782, 985, 814, 919, 632, 787, 689, 858, 826, 909, 888, 642, 676, 808], [844, 594, 709, 634, 759, 626, 837, 685, 571, 940, 728, 614, 679, 691, 783, 765, 556, 992, 879, 847, 555, 582, 611, 706, 794], [659, 924, 711, 916, 988, 799, 570, 650, 790, 521, 931, 588, 558, 747, 920, 516, 913, 824, 759, 575, 965, 572, 712, 500, 922], [527, 573, 897, 923, 753, 634, 933, 542, 550, 949, 892, 549, 867, 788, 804, 795, 749, 551, 598, 747, 524, 925, 848, 847, 929]]
Variable production cost per unit of each product in each period p: 
[[12, 13, 12, 10, 13, 13, 11, 12, 11, 10, 10, 13, 13, 10, 13, 11, 13, 10, 12, 13, 13, 11, 12, 13, 12], [12, 13, 12, 10, 10, 12, 11, 11, 10, 13, 11, 10, 13, 13, 11, 11, 11, 12, 10, 13, 13, 13, 10, 11, 11], [11, 13, 10, 10, 11, 13, 13, 12, 12, 11, 10, 11, 11, 12, 10, 10, 11, 11, 10, 11, 13, 10, 12, 10, 12], [12, 12, 13, 12, 11, 11, 12, 12, 12, 11, 10, 12, 13, 10, 11, 13, 12, 12, 13, 11, 10, 10, 11, 13, 12], [13, 13, 12, 12, 10, 11, 11, 12, 11, 11, 13, 13, 13, 11, 12, 10, 10, 10, 10, 11, 11, 12, 13, 13, 11], [11, 12, 11, 13, 10, 12, 10, 13, 12, 11, 10, 12, 10, 13, 13, 10, 10, 12, 12, 10, 13, 12, 13, 13, 10], [12, 12, 10, 12, 13, 12, 12, 10, 11, 12, 10, 12, 10, 11, 13, 13, 12, 11, 12, 10, 12, 10, 10, 12, 13], [13, 12, 11, 10, 10, 10, 12, 13, 10, 12, 11, 10, 11, 12, 12, 11, 12, 12, 12, 12, 10, 12, 10, 11, 10], [13, 13, 11, 11, 11, 11, 11, 13, 13, 10, 13, 13, 13, 13, 12, 11, 13, 10, 13, 12, 13, 11, 13, 11, 10], [13, 12, 12, 12, 13, 11, 10, 12, 12, 11, 13, 11, 13, 12, 11, 12, 12, 10, 12, 11, 12, 12, 12, 13, 12], [12, 12, 12, 13, 12, 12, 10, 11, 11, 10, 12, 12, 12, 13, 12, 12, 10, 12, 13, 10, 11, 12, 12, 12, 11], [11, 10, 10, 11, 10, 13, 10, 12, 10, 13, 10, 13, 10, 10, 10, 10, 12, 10, 12, 10, 11, 12, 10, 11, 10], [13, 10, 12, 12, 11, 12, 13, 12, 13, 12, 11, 12, 11, 11, 13, 12, 10, 12, 10, 11, 12, 10, 13, 11, 11], [13, 11, 11, 10, 11, 10, 13, 10, 13, 12, 10, 13, 12, 10, 13, 12, 11, 11, 10, 13, 12, 12, 11, 10, 12], [11, 13, 12, 11, 11, 13, 13, 10, 11, 13, 12, 13, 11, 11, 10, 11, 10, 11, 13, 10, 11, 10, 11, 13, 13], [11, 13, 12, 12, 12, 11, 10, 10, 13, 11, 13, 11, 13, 10, 12, 13, 13, 11, 11, 11, 10, 11, 12, 12, 12], [11, 12, 10, 10, 10, 10, 10, 12, 13, 12, 11, 10, 11, 11, 13, 10, 12, 10, 12, 11, 13, 10, 11, 11, 11], [10, 13, 11, 11, 11, 11, 12, 12, 10, 13, 10, 11, 11, 13, 10, 11, 12, 11, 10, 10, 10, 12, 10, 12, 10], [12, 13, 11, 12, 12, 10, 12, 13, 12, 12, 13, 11, 11, 11, 11, 11, 13, 11, 11, 13, 12, 12, 13, 12, 11], [11, 13, 10, 12, 12, 13, 12, 10, 11, 13, 10, 11, 12, 10, 12, 13, 12, 13, 11, 11, 12, 13, 12, 11, 10], [11, 10, 13, 12, 10, 10, 12, 12, 10, 13, 13, 12, 11, 10, 11, 13, 10, 13, 10, 13, 13, 10, 12, 13, 10], [13, 11, 10, 13, 11, 11, 11, 12, 12, 10, 13, 13, 12, 13, 10, 13, 12, 10, 11, 11, 11, 10, 11, 12, 10], [13, 10, 10, 10, 13, 11, 10, 13, 11, 11, 11, 13, 12, 13, 11, 12, 12, 11, 13, 10, 12, 10, 11, 10, 13], [12, 10, 11, 12, 12, 11, 11, 12, 11, 12, 11, 10, 12, 11, 11, 11, 10, 12, 10, 12, 10, 13, 13, 12, 11], [13, 13, 11, 13, 11, 12, 12, 12, 13, 10, 10, 10, 10, 13, 12, 12, 11, 13, 10, 13, 10, 13, 10, 11, 13], [10, 12, 12, 13, 10, 10, 10, 10, 11, 12, 11, 12, 10, 12, 13, 13, 12, 10, 12, 11, 10, 11, 10, 13, 13], [11, 13, 11, 12, 11, 11, 10, 12, 12, 12, 10, 12, 11, 11, 10, 11, 13, 10, 12, 11, 11, 12, 12, 12, 12], [12, 13, 12, 12, 12, 13, 12, 11, 12, 12, 13, 10, 10, 10, 11, 13, 13, 13, 13, 10, 13, 13, 13, 12, 10], [11, 12, 11, 13, 13, 13, 12, 10, 11, 12, 11, 10, 11, 12, 12, 13, 11, 11, 11, 11, 10, 10, 13, 12, 12], [13, 11, 10, 11, 11, 12, 12, 12, 13, 13, 12, 12, 10, 13, 10, 10, 13, 13, 12, 10, 10, 13, 10, 10, 13], [12, 10, 13, 13, 11, 10, 10, 11, 11, 10, 13, 11, 13, 12, 12, 10, 10, 13, 10, 11, 13, 13, 12, 13, 13], [11, 13, 12, 13, 10, 10, 12, 13, 10, 13, 11, 10, 10, 10, 12, 13, 12, 11, 12, 12, 12, 11, 11, 10, 10], [13, 11, 11, 12, 13, 13, 11, 10, 13, 10, 10, 11, 12, 12, 11, 10, 12, 12, 12, 10, 13, 11, 13, 13, 10], [12, 12, 13, 12, 12, 10, 10, 12, 11, 11, 11, 11, 10, 12, 13, 10, 13, 13, 11, 11, 10, 10, 11, 11, 13], [12, 13, 10, 12, 11, 11, 13, 10, 11, 13, 11, 11, 12, 13, 12, 13, 10, 12, 13, 10, 10, 13, 12, 10, 13], [10, 13, 12, 13, 11, 12, 13, 12, 13, 12, 12, 13, 11, 12, 10, 12, 11, 10, 10, 11, 10, 10, 12, 10, 10], [10, 10, 13, 10, 11, 13, 11, 10, 10, 12, 10, 11, 10, 10, 13, 12, 10, 12, 12, 12, 11, 13, 10, 11, 12], [11, 11, 13, 13, 11, 13, 11, 12, 12, 10, 12, 11, 11, 10, 13, 12, 11, 10, 11, 12, 10, 10, 11, 12, 10], [10, 13, 11, 12, 12, 12, 10, 12, 13, 12, 11, 13, 13, 10, 10, 12, 12, 12, 10, 13, 13, 12, 10, 12, 12], [10, 13, 12, 11, 10, 13, 10, 10, 12, 11, 13, 11, 10, 12, 13, 12, 12, 12, 10, 12, 11, 12, 11, 12, 13], [11, 10, 13, 13, 13, 13, 10, 10, 10, 13, 13, 10, 11, 10, 10, 10, 10, 11, 12, 12, 11, 10, 11, 11, 13], [13, 12, 13, 11, 10, 11, 13, 10, 13, 12, 10, 12, 11, 10, 13, 10, 13, 12, 10, 13, 11, 11, 13, 11, 13], [12, 11, 13, 10, 11, 10, 10, 12, 11, 11, 13, 10, 10, 12, 11, 11, 10, 11, 11, 10, 10, 12, 12, 11, 13], [10, 10, 11, 11, 13, 10, 12, 13, 13, 13, 10, 13, 11, 12, 11, 10, 12, 12, 10, 13, 12, 12, 10, 12, 11], [10, 10, 10, 10, 10, 12, 12, 10, 12, 12, 13, 11, 13, 13, 13, 10, 13, 13, 13, 13, 11, 10, 10, 13, 12], [12, 11, 12, 10, 10, 11, 13, 13, 10, 13, 12, 13, 11, 11, 13, 10, 13, 12, 10, 11, 12, 11, 12, 13, 13], [13, 13, 10, 11, 11, 13, 12, 10, 10, 11, 12, 12, 11, 11, 13, 11, 13, 13, 13, 10, 13, 10, 12, 10, 13], [10, 13, 11, 13, 12, 10, 12, 13, 12, 12, 12, 10, 10, 13, 12, 10, 10, 12, 12, 12, 12, 11, 11, 11, 10], [10, 12, 11, 12, 11, 11, 13, 11, 10, 11, 12, 11, 12, 11, 12, 12, 10, 11, 12, 10, 13, 10, 13, 12, 10], [12, 13, 10, 13, 12, 12, 11, 11, 13, 10, 13, 10, 12, 11, 10, 12, 10, 12, 13, 11, 13, 12, 13, 13, 10]]
Inventory holding cost per unit of each product by the end of each period h: 
[[8, 5, 9, 7, 6, 9, 8, 9, 6, 8, 9, 9, 6, 7, 6, 6, 7, 9, 6, 9, 6, 8, 9, 6, 5], [5, 6, 6, 9, 7, 5, 9, 8, 6, 7, 9, 6, 7, 6, 5, 9, 6, 8, 7, 8, 8, 9, 6, 6, 6], [5, 6, 5, 6, 5, 7, 9, 5, 8, 9, 9, 9, 5, 7, 5, 6, 6, 9, 8, 8, 8, 7, 7, 7, 8], [5, 8, 9, 9, 5, 5, 8, 5, 9, 5, 9, 5, 5, 5, 6, 9, 5, 9, 6, 9, 6, 5, 7, 8, 5], [8, 8, 8, 6, 9, 8, 8, 8, 6, 7, 6, 5, 9, 5, 9, 7, 8, 6, 8, 9, 6, 6, 8, 9, 6], [6, 6, 9, 6, 6, 6, 8, 7, 9, 7, 5, 5, 7, 5, 7, 8, 6, 6, 9, 9, 7, 6, 5, 8, 7], [5, 5, 8, 9, 9, 6, 8, 6, 6, 7, 5, 5, 5, 6, 7, 8, 8, 8, 6, 9, 9, 9, 8, 9, 9], [9, 7, 9, 8, 6, 6, 9, 9, 8, 8, 6, 5, 5, 7, 8, 5, 5, 7, 6, 9, 5, 9, 7, 8, 5], [8, 5, 9, 7, 9, 5, 5, 8, 7, 6, 5, 7, 8, 8, 6, 6, 5, 9, 8, 5, 7, 7, 7, 5, 7], [6, 8, 5, 6, 6, 7, 8, 7, 8, 7, 7, 9, 9, 5, 5, 7, 5, 7, 9, 6, 8, 6, 8, 5, 7], [9, 7, 5, 6, 9, 9, 9, 9, 7, 9, 9, 8, 6, 9, 9, 5, 6, 8, 7, 9, 8, 5, 6, 6, 8], [6, 7, 6, 7, 8, 7, 9, 9, 8, 9, 8, 5, 6, 7, 8, 6, 9, 8, 9, 6, 5, 9, 8, 6, 6], [7, 7, 5, 8, 8, 7, 7, 8, 9, 7, 5, 6, 9, 5, 9, 5, 5, 9, 9, 8, 7, 7, 9, 6, 6], [9, 6, 7, 7, 8, 7, 8, 7, 8, 9, 9, 5, 8, 6, 6, 8, 5, 5, 5, 7, 6, 8, 7, 6, 8], [6, 7, 8, 6, 8, 9, 8, 8, 5, 5, 6, 6, 5, 6, 7, 6, 9, 5, 9, 7, 7, 8, 6, 8, 6], [5, 6, 6, 7, 7, 5, 9, 6, 7, 8, 6, 9, 8, 7, 5, 5, 9, 6, 9, 5, 5, 7, 6, 5, 6], [6, 5, 7, 8, 6, 6, 5, 7, 9, 5, 7, 5, 8, 8, 5, 7, 8, 9, 8, 7, 5, 7, 6, 7, 6], [6, 5, 5, 6, 8, 6, 5, 5, 9, 8, 6, 5, 5, 7, 6, 6, 5, 8, 9, 7, 8, 6, 8, 8, 7], [5, 5, 6, 6, 7, 5, 5, 8, 8, 5, 6, 8, 7, 6, 5, 8, 5, 5, 8, 6, 9, 6, 9, 8, 6], [5, 7, 8, 7, 8, 6, 7, 8, 6, 5, 5, 7, 8, 5, 7, 7, 7, 9, 7, 9, 5, 5, 8, 8, 5], [5, 9, 5, 6, 9, 5, 8, 5, 7, 6, 9, 9, 8, 7, 6, 7, 9, 8, 8, 5, 8, 7, 6, 8, 5], [9, 5, 7, 7, 5, 7, 7, 7, 7, 9, 5, 6, 9, 5, 9, 7, 6, 6, 7, 9, 5, 6, 7, 9, 9], [5, 7, 6, 6, 6, 6, 9, 6, 7, 5, 6, 8, 7, 5, 5, 5, 5, 5, 6, 9, 9, 8, 6, 7, 7], [7, 8, 8, 9, 9, 7, 6, 5, 9, 5, 9, 9, 6, 9, 8, 7, 7, 9, 9, 8, 5, 9, 7, 9, 5], [9, 9, 7, 7, 5, 8, 5, 7, 9, 5, 7, 5, 6, 8, 9, 8, 5, 8, 9, 6, 7, 9, 9, 5, 7], [5, 6, 7, 7, 6, 6, 9, 7, 7, 6, 9, 8, 5, 8, 6, 7, 9, 6, 8, 5, 8, 8, 6, 5, 9], [8, 7, 7, 7, 7, 6, 9, 6, 8, 7, 8, 8, 7, 8, 7, 8, 6, 8, 8, 6, 6, 7, 5, 7, 6], [9, 5, 7, 8, 7, 7, 7, 9, 6, 8, 7, 5, 8, 9, 7, 7, 8, 7, 8, 6, 7, 7, 5, 7, 8], [5, 7, 5, 6, 7, 5, 8, 9, 9, 7, 8, 5, 8, 6, 5, 9, 7, 7, 8, 5, 9, 9, 8, 5, 6], [5, 9, 8, 6, 6, 7, 9, 5, 7, 5, 7, 8, 7, 7, 8, 7, 5, 7, 8, 7, 8, 8, 6, 9, 5], [7, 9, 7, 9, 6, 8, 7, 6, 7, 9, 9, 6, 9, 8, 8, 8, 9, 7, 6, 5, 7, 6, 9, 7, 7], [8, 6, 7, 7, 5, 8, 6, 6, 6, 8, 7, 8, 6, 7, 9, 7, 6, 8, 8, 5, 8, 5, 5, 5, 5], [5, 8, 9, 9, 7, 9, 5, 6, 5, 9, 6, 8, 5, 6, 5, 5, 8, 8, 6, 5, 8, 5, 7, 8, 5], [7, 7, 6, 5, 5, 5, 6, 8, 7, 6, 7, 5, 6, 7, 7, 5, 9, 7, 7, 7, 7, 6, 9, 9, 9], [5, 5, 7, 8, 6, 8, 6, 9, 7, 8, 8, 8, 5, 6, 7, 6, 8, 9, 8, 5, 7, 6, 7, 6, 9], [6, 8, 5, 9, 6, 5, 5, 5, 8, 9, 9, 6, 7, 9, 5, 6, 7, 9, 6, 8, 5, 9, 5, 8, 5], [7, 6, 9, 6, 7, 9, 6, 7, 7, 6, 9, 8, 6, 8, 6, 6, 5, 8, 9, 5, 7, 9, 9, 8, 5], [6, 6, 7, 9, 5, 7, 7, 7, 7, 7, 7, 9, 5, 9, 7, 8, 9, 6, 7, 5, 9, 9, 5, 8, 6], [9, 5, 8, 8, 6, 6, 9, 7, 9, 5, 9, 9, 6, 9, 5, 5, 8, 8, 6, 6, 6, 8, 7, 8, 8], [6, 6, 8, 7, 7, 5, 6, 8, 5, 6, 5, 7, 6, 9, 7, 9, 9, 5, 8, 6, 5, 7, 9, 7, 8], [6, 9, 9, 5, 6, 9, 5, 7, 6, 9, 6, 9, 7, 9, 6, 8, 7, 7, 5, 7, 9, 6, 7, 7, 6], [7, 7, 8, 6, 7, 8, 5, 9, 5, 8, 8, 7, 9, 5, 7, 8, 8, 5, 5, 8, 8, 9, 8, 5, 5], [7, 7, 7, 5, 8, 8, 5, 7, 9, 8, 5, 6, 7, 9, 8, 7, 6, 7, 5, 6, 8, 8, 8, 6, 5], [8, 8, 5, 9, 5, 7, 7, 9, 8, 6, 8, 8, 6, 6, 8, 8, 6, 7, 7, 9, 8, 6, 9, 7, 9], [8, 9, 7, 5, 8, 9, 9, 7, 8, 7, 7, 9, 8, 6, 9, 6, 6, 6, 8, 9, 7, 9, 7, 9, 6], [9, 6, 7, 7, 8, 7, 6, 6, 8, 7, 5, 8, 9, 8, 5, 9, 7, 9, 8, 6, 9, 5, 9, 5, 8], [8, 9, 9, 9, 6, 8, 6, 6, 7, 6, 6, 9, 6, 5, 5, 6, 6, 9, 5, 9, 7, 6, 7, 5, 5], [8, 9, 7, 6, 6, 8, 8, 6, 7, 8, 8, 8, 5, 9, 9, 8, 6, 6, 9, 8, 9, 9, 8, 8, 9], [8, 9, 6, 8, 9, 9, 6, 8, 8, 6, 8, 6, 7, 5, 7, 9, 6, 9, 9, 8, 8, 6, 6, 5, 9], [5, 6, 5, 8, 8, 8, 5, 8, 8, 8, 7, 9, 7, 8, 5, 5, 6, 9, 5, 6, 9, 9, 7, 5, 7]]
Demand for each product in each period d: 
[[35, 33, 37, 38, 1, 4, 49, 32, 44, 7, 4, 47, 36, 44, 4, 13, 16, 38, 0, 27, 13, 26, 49, 1, 43], [24, 29, 47, 41, 16, 20, 40, 15, 45, 37, 27, 0, 30, 24, 28, 48, 40, 7, 35, 44, 12, 0, 6, 21, 18], [8, 48, 17, 25, 35, 5, 22, 0, 16, 26, 0, 1, 11, 1, 47, 0, 36, 20, 36, 49, 7, 24, 21, 27, 15], [18, 36, 19, 30, 0, 11, 22, 8, 41, 15, 5, 11, 14, 13, 21, 46, 22, 18, 0, 39, 6, 7, 25, 16, 34], [14, 27, 3, 17, 0, 22, 34, 35, 22, 3, 31, 20, 17, 49, 15, 3, 6, 22, 38, 49, 0, 35, 15, 26, 15], [0, 39, 46, 3, 43, 43, 35, 42, 26, 0, 38, 2, 2, 26, 20, 18, 0, 24, 14, 47, 23, 45, 38, 3, 47], [10, 10, 10, 21, 15, 10, 0, 28, 1, 36, 41, 0, 20, 30, 16, 40, 27, 27, 0, 12, 17, 32, 24, 38, 13], [31, 10, 0, 35, 25, 49, 26, 0, 15, 48, 39, 41, 26, 17, 47, 39, 23, 28, 12, 22, 32, 29, 3, 19, 11], [31, 0, 4, 40, 12, 37, 23, 31, 35, 25, 47, 12, 42, 0, 0, 47, 20, 43, 43, 9, 12, 15, 24, 18, 35], [30, 32, 40, 14, 2, 45, 42, 24, 25, 34, 47, 29, 43, 34, 36, 15, 34, 34, 49, 42, 39, 5, 0, 20, 21], [0, 18, 36, 45, 35, 18, 25, 46, 23, 18, 15, 41, 18, 0, 39, 2, 27, 46, 19, 12, 44, 0, 2, 0, 6], [19, 32, 38, 14, 9, 7, 1, 44, 25, 24, 29, 30, 44, 29, 13, 33, 9, 11, 9, 43, 43, 5, 29, 19, 17], [22, 36, 0, 35, 8, 19, 32, 42, 4, 33, 4, 0, 9, 43, 14, 36, 19, 16, 25, 39, 4, 1, 41, 15, 14], [11, 20, 5, 10, 43, 46, 4, 7, 29, 11, 25, 16, 25, 21, 23, 11, 47, 21, 28, 30, 30, 38, 39, 40, 24], [9, 13, 5, 22, 8, 23, 23, 34, 11, 20, 48, 47, 0, 1, 48, 12, 34, 12, 48, 28, 42, 29, 26, 21, 17], [32, 36, 30, 11, 22, 44, 43, 47, 5, 26, 27, 22, 29, 30, 17, 48, 17, 32, 11, 13, 20, 47, 20, 22, 9], [27, 49, 17, 27, 38, 6, 43, 24, 22, 1, 3, 7, 10, 17, 0, 41, 32, 6, 26, 22, 9, 14, 30, 40, 8], [0, 1, 31, 46, 6, 10, 46, 4, 7, 38, 33, 6, 2, 22, 45, 1, 31, 3, 35, 9, 41, 29, 39, 36, 0], [40, 29, 0, 48, 31, 41, 28, 14, 5, 46, 41, 1, 35, 5, 42, 22, 11, 43, 44, 37, 19, 30, 29, 38, 33], [38, 26, 0, 6, 18, 7, 13, 48, 41, 14, 0, 3, 0, 49, 10, 26, 0, 31, 45, 24, 12, 12, 47, 41, 37], [32, 28, 35, 46, 8, 36, 31, 49, 0, 48, 43, 17, 48, 13, 18, 49, 3, 34, 34, 24, 43, 29, 36, 3, 42], [40, 35, 37, 32, 45, 38, 7, 7, 28, 16, 37, 0, 15, 35, 11, 28, 8, 24, 5, 25, 31, 12, 16, 46, 47], [21, 2, 12, 0, 21, 20, 0, 23, 36, 40, 32, 22, 27, 41, 26, 34, 31, 27, 39, 4, 23, 27, 36, 15, 10], [1, 29, 41, 46, 35, 36, 14, 32, 31, 29, 17, 4, 16, 45, 27, 42, 39, 14, 19, 8, 32, 0, 20, 28, 37], [28, 32, 28, 0, 12, 5, 25, 1, 41, 47, 47, 49, 33, 34, 49, 41, 10, 10, 34, 26, 46, 4, 35, 47, 39], [10, 25, 42, 21, 39, 18, 0, 35, 10, 46, 16, 19, 33, 2, 23, 14, 0, 4, 25, 23, 4, 43, 34, 39, 49], [12, 5, 30, 28, 35, 21, 41, 42, 37, 24, 20, 33, 27, 17, 16, 37, 8, 44, 18, 7, 42, 1, 47, 27, 45], [24, 1, 12, 24, 5, 0, 25, 27, 36, 3, 12, 22, 28, 1, 17, 0, 0, 40, 15, 18, 10, 33, 7, 25, 0], [19, 13, 5, 34, 46, 0, 42, 11, 10, 41, 0, 0, 16, 10, 10, 12, 0, 1, 0, 28, 46, 0, 27, 34, 11], [29, 36, 17, 7, 19, 3, 0, 30, 31, 30, 1, 43, 36, 47, 34, 47, 8, 49, 17, 11, 0, 26, 43, 23, 0], [8, 29, 38, 31, 32, 5, 48, 2, 22, 7, 33, 10, 26, 9, 44, 37, 31, 13, 33, 19, 48, 14, 2, 5, 7], [2, 29, 21, 43, 18, 44, 35, 49, 33, 27, 11, 47, 32, 1, 44, 39, 15, 11, 26, 24, 41, 28, 41, 7, 5], [26, 3, 0, 19, 2, 39, 9, 14, 2, 11, 45, 16, 22, 44, 25, 14, 0, 35, 0, 27, 10, 38, 0, 32, 42], [40, 37, 9, 34, 43, 6, 28, 7, 21, 19, 0, 14, 37, 7, 6, 8, 33, 3, 0, 0, 8, 0, 17, 25, 29], [21, 6, 9, 3, 6, 5, 16, 42, 43, 23, 42, 32, 19, 39, 6, 33, 25, 2, 14, 12, 28, 34, 31, 12, 39], [36, 17, 48, 28, 8, 22, 1, 22, 31, 33, 13, 21, 35, 26, 25, 31, 22, 27, 39, 42, 0, 0, 40, 46, 0], [12, 17, 27, 33, 2, 39, 7, 42, 21, 24, 28, 1, 8, 34, 25, 45, 40, 18, 20, 37, 36, 29, 2, 1, 16], [17, 21, 31, 42, 48, 41, 30, 8, 0, 35, 0, 11, 46, 29, 24, 13, 43, 31, 6, 39, 12, 15, 16, 27, 47], [43, 6, 7, 13, 3, 5, 23, 6, 14, 18, 8, 14, 26, 36, 46, 35, 45, 29, 13, 34, 6, 10, 12, 12, 36], [15, 35, 3, 27, 15, 18, 18, 21, 29, 6, 34, 46, 21, 40, 15, 38, 44, 33, 44, 8, 45, 28, 39, 22, 22], [42, 46, 33, 37, 2, 34, 6, 49, 3, 22, 42, 45, 31, 41, 38, 46, 19, 41, 31, 22, 14, 37, 26, 22, 41], [8, 14, 40, 0, 31, 26, 0, 46, 0, 0, 25, 26, 27, 32, 16, 25, 7, 0, 0, 24, 20, 32, 27, 9, 6], [34, 39, 27, 23, 39, 19, 45, 42, 0, 37, 39, 31, 27, 0, 25, 39, 48, 9, 0, 13, 33, 8, 27, 35, 36], [35, 38, 4, 13, 40, 13, 37, 15, 7, 11, 19, 5, 11, 34, 1, 41, 4, 0, 0, 33, 0, 44, 42, 3, 20], [44, 43, 40, 32, 22, 42, 38, 23, 38, 41, 37, 46, 14, 7, 8, 43, 12, 37, 0, 17, 2, 12, 48, 49, 0], [39, 0, 12, 20, 12, 21, 22, 22, 48, 34, 16, 21, 41, 28, 36, 42, 9, 19, 2, 32, 26, 0, 17, 14, 37], [21, 25, 9, 24, 49, 27, 36, 4, 4, 28, 30, 28, 1, 35, 9, 12, 0, 38, 22, 13, 20, 3, 19, 32, 34], [17, 13, 7, 28, 33, 29, 0, 8, 7, 30, 30, 0, 19, 2, 2, 5, 38, 16, 32, 37, 47, 15, 15, 9, 27], [35, 39, 39, 29, 42, 34, 37, 47, 0, 36, 48, 42, 3, 19, 4, 6, 36, 0, 21, 36, 41, 43, 6, 26, 12], [38, 15, 0, 33, 15, 0, 13, 23, 16, 33, 33, 7, 37, 28, 1, 0, 42, 45, 33, 10, 42, 28, 0, 45, 23]]
Maintenance cost in each period m: 
[4997, 6024, 8521, 6178, 8707, 7787, 5637, 7227, 4858, 6189, 6938, 8648, 5162, 6497, 7487, 7229, 4756, 5646, 7967, 8666, 4921, 7726, 5340, 5726, 6088]
Maximum capacity of the machine cmax: 
2400