Set of periods in the planning horizon T: 
25
Set of products P: 
70
Capacity reduction coefficient alpha: 
0.8
Relative decrease of capacity per set up gamma: 
0.36
Capacity reduction coefficient due to product types beta: 
[0.24, 0.28, 0.36, 0.27, 0.39, 0.28, 0.32, 0.32, 0.39, 0.24, 0.21, 0.37, 0.22, 0.31, 0.24, 0.39, 0.23, 0.25, 0.24, 0.29, 0.2, 0.39, 0.2, 0.28, 0.37, 0.39, 0.31, 0.38, 0.29, 0.33, 0.36, 0.35, 0.22, 0.26, 0.34, 0.23, 0.23, 0.25, 0.31, 0.39, 0.35, 0.39, 0.35, 0.37, 0.2, 0.22, 0.37, 0.34, 0.33, 0.39, 0.35, 0.23, 0.36, 0.36, 0.26, 0.39, 0.33, 0.2, 0.38, 0.33, 0.22, 0.34, 0.37, 0.26, 0.39, 0.23, 0.23, 0.24, 0.34, 0.29]
Fixed production cost of each product in each period f: 
[[851, 655, 627, 691, 998, 619, 606, 894, 553, 592, 665, 935, 603, 536, 719, 978, 527, 643, 729, 907, 800, 620, 811, 526, 773], [563, 584, 520, 962, 645, 545, 563, 782, 729, 961, 564, 933, 682, 989, 996, 854, 678, 957, 760, 949, 934, 879, 963, 786, 822], [939, 989, 900, 683, 684, 911, 679, 864, 912, 866, 568, 837, 595, 805, 652, 553, 750, 903, 848, 529, 729, 850, 804, 837, 589], [652, 982, 681, 960, 659, 521, 870, 684, 906, 669, 548, 684, 828, 755, 634, 827, 708, 930, 725, 940, 916, 885, 922, 878, 623], [598, 695, 739, 918, 602, 622, 801, 960, 970, 723, 828, 736, 958, 692, 671, 945, 979, 885, 941, 621, 520, 777, 612, 821, 619], [651, 602, 786, 733, 857, 797, 556, 782, 612, 539, 713, 919, 857, 919, 932, 804, 894, 957, 703, 797, 994, 739, 788, 795, 969], [598, 688, 792, 816, 628, 598, 842, 507, 980, 995, 944, 680, 790, 926, 938, 775, 893, 768, 829, 529, 681, 722, 944, 654, 721], [561, 659, 973, 742, 825, 905, 935, 668, 962, 635, 875, 537, 769, 504, 523, 793, 756, 864, 941, 775, 618, 597, 733, 890, 859], [891, 554, 754, 981, 535, 733, 756, 905, 644, 684, 529, 819, 553, 697, 790, 879, 961, 818, 521, 761, 914, 613, 770, 703, 937], [914, 926, 962, 652, 646, 908, 772, 789, 605, 544, 742, 946, 531, 687, 864, 850, 967, 693, 608, 814, 591, 674, 792, 996, 677], [809, 943, 976, 845, 883, 504, 866, 943, 859, 657, 906, 795, 737, 534, 714, 834, 961, 625, 862, 625, 859, 791, 764, 657, 667], [566, 773, 686, 752, 655, 629, 605, 606, 847, 567, 943, 752, 731, 743, 726, 940, 886, 651, 875, 966, 932, 589, 647, 572, 631], [531, 762, 537, 651, 962, 574, 782, 923, 628, 990, 707, 519, 587, 987, 945, 982, 660, 865, 619, 965, 675, 643, 651, 743, 674], [853, 590, 848, 690, 877, 925, 694, 812, 650, 778, 973, 717, 569, 547, 746, 509, 740, 950, 925, 689, 924, 992, 701, 661, 569], [531, 608, 804, 802, 605, 749, 783, 629, 959, 967, 667, 629, 826, 657, 843, 625, 823, 665, 995, 519, 642, 821, 926, 865, 709], [594, 933, 835, 747, 907, 964, 542, 966, 613, 850, 613, 676, 624, 796, 668, 825, 582, 730, 611, 727, 940, 717, 667, 527, 643], [979, 785, 856, 788, 527, 914, 822, 870, 668, 610, 905, 602, 534, 804, 511, 936, 886, 760, 671, 886, 860, 615, 624, 598, 963], [685, 530, 633, 620, 752, 654, 742, 869, 609, 664, 515, 918, 844, 572, 562, 943, 707, 674, 908, 974, 646, 657, 892, 832, 985], [746, 771, 831, 529, 773, 955, 774, 755, 658, 663, 555, 528, 716, 638, 715, 798, 957, 608, 778, 652, 919, 827, 873, 501, 541], [810, 553, 942, 533, 763, 907, 657, 802, 795, 580, 875, 867, 698, 649, 522, 514, 582, 949, 572, 610, 860, 997, 968, 520, 555], [617, 622, 858, 733, 687, 654, 636, 780, 978, 946, 764, 853, 635, 861, 710, 608, 949, 700, 538, 727, 844, 771, 608, 882, 891], [641, 601, 832, 836, 774, 616, 513, 850, 749, 911, 960, 528, 556, 520, 647, 518, 780, 628, 682, 526, 696, 589, 962, 744, 658], [727, 589, 844, 909, 814, 821, 527, 570, 674, 625, 794, 587, 766, 543, 602, 828, 531, 944, 636, 967, 934, 692, 582, 965, 997], [934, 861, 700, 553, 765, 826, 916, 907, 515, 703, 766, 755, 553, 619, 943, 521, 752, 621, 989, 911, 567, 819, 678, 931, 668], [514, 687, 763, 982, 519, 565, 581, 812, 618, 588, 932, 632, 878, 801, 896, 756, 634, 951, 575, 668, 670, 564, 629, 727, 896], [565, 570, 857, 538, 973, 584, 774, 733, 806, 697, 815, 535, 592, 741, 549, 790, 556, 815, 823, 607, 612, 600, 703, 831, 546], [669, 737, 904, 926, 553, 791, 575, 963, 934, 574, 854, 632, 973, 639, 876, 840, 724, 549, 793, 773, 974, 980, 719, 852, 881], [647, 892, 807, 863, 569, 826, 812, 706, 876, 655, 931, 850, 706, 745, 971, 979, 888, 591, 992, 715, 516, 603, 720, 876, 608], [943, 609, 780, 706, 789, 616, 934, 940, 604, 582, 526, 599, 536, 539, 852, 541, 780, 621, 868, 584, 639, 733, 706, 885, 559], [657, 766, 581, 966, 529, 721, 859, 652, 537, 574, 833, 515, 816, 517, 717, 541, 778, 967, 852, 707, 510, 929, 567, 912, 889], [909, 852, 864, 974, 954, 765, 739, 754, 512, 761, 865, 655, 999, 876, 706, 899, 912, 668, 763, 920, 754, 619, 652, 523, 975], [826, 639, 802, 991, 917, 513, 533, 835, 602, 663, 986, 583, 529, 718, 635, 832, 853, 817, 798, 959, 936, 547, 687, 727, 762], [750, 708, 855, 604, 680, 603, 602, 581, 602, 549, 598, 713, 937, 619, 675, 787, 917, 941, 883, 546, 685, 762, 788, 523, 673], [913, 911, 659, 969, 787, 614, 966, 732, 749, 961, 948, 727, 532, 815, 684, 869, 578, 574, 999, 737, 788, 562, 813, 812, 926], [839, 940, 833, 996, 702, 546, 938, 603, 862, 667, 584, 928, 508, 780, 973, 703, 753, 743, 805, 820, 675, 986, 730, 788, 541], [599, 820, 940, 635, 522, 551, 956, 524, 799, 899, 513, 974, 978, 508, 681, 926, 636, 839, 511, 684, 659, 639, 970, 628, 534], [844, 966, 897, 944, 864, 516, 602, 972, 655, 827, 911, 538, 575, 764, 627, 728, 548, 617, 958, 749, 997, 964, 750, 607, 986], [515, 742, 838, 990, 793, 847, 932, 945, 946, 957, 678, 678, 805, 843, 994, 897, 659, 758, 822, 744, 706, 706, 904, 898, 932], [810, 742, 803, 617, 819, 824, 663, 699, 960, 545, 887, 729, 818, 844, 617, 988, 586, 864, 565, 733, 822, 506, 628, 952, 890], [744, 520, 974, 579, 642, 778, 996, 585, 844, 725, 743, 727, 652, 559, 713, 732, 840, 839, 692, 995, 539, 650, 907, 661, 745], [578, 527, 542, 768, 669, 744, 570, 606, 893, 798, 661, 749, 626, 761, 507, 850, 767, 612, 524, 940, 931, 709, 676, 978, 991], [591, 635, 809, 637, 883, 860, 536, 730, 700, 909, 666, 520, 905, 864, 722, 750, 582, 810, 973, 695, 919, 572, 715, 543, 906], [515, 741, 657, 796, 726, 767, 770, 748, 926, 725, 794, 798, 731, 611, 800, 670, 633, 500, 587, 647, 917, 936, 704, 979, 781], [659, 618, 708, 680, 533, 992, 746, 664, 554, 983, 621, 641, 892, 671, 599, 865, 907, 825, 822, 912, 514, 539, 971, 513, 983], [679, 525, 864, 514, 692, 856, 939, 596, 539, 963, 847, 570, 878, 715, 782, 887, 918, 935, 574, 532, 523, 987, 833, 910, 791], [531, 518, 599, 578, 550, 565, 753, 925, 804, 945, 845, 759, 786, 721, 684, 538, 859, 694, 530, 691, 652, 918, 726, 704, 819], [769, 746, 732, 952, 917, 956, 961, 701, 917, 623, 954, 941, 605, 724, 719, 925, 625, 924, 979, 622, 753, 562, 508, 732, 803], [748, 555, 532, 698, 593, 628, 603, 874, 653, 837, 981, 686, 548, 693, 848, 886, 974, 767, 982, 851, 514, 946, 872, 637, 789], [800, 832, 763, 602, 604, 685, 848, 500, 712, 649, 670, 995, 849, 815, 732, 692, 505, 981, 630, 640, 859, 913, 681, 686, 678], [908, 785, 721, 521, 882, 632, 833, 647, 969, 536, 587, 671, 966, 885, 770, 559, 650, 640, 630, 605, 616, 949, 949, 835, 625], [648, 695, 680, 924, 889, 693, 591, 535, 612, 791, 979, 956, 966, 622, 587, 712, 600, 908, 604, 555, 777, 983, 578, 532, 914], [520, 691, 850, 877, 523, 768, 645, 995, 920, 700, 797, 812, 524, 951, 695, 684, 727, 903, 568, 540, 883, 575, 745, 522, 962], [789, 839, 907, 507, 930, 686, 540, 825, 964, 725, 529, 525, 951, 884, 679, 696, 842, 823, 936, 506, 897, 583, 765, 998, 997], [790, 746, 624, 905, 790, 788, 599, 886, 961, 573, 977, 656, 967, 539, 966, 857, 520, 525, 740, 504, 933, 982, 778, 989, 724], [722, 763, 824, 911, 844, 657, 755, 865, 918, 720, 767, 644, 921, 562, 913, 977, 977, 900, 667, 948, 627, 922, 970, 527, 618], [838, 616, 798, 564, 845, 768, 724, 750, 650, 520, 502, 596, 757, 832, 954, 630, 548, 860, 555, 900, 936, 628, 731, 822, 654], [779, 800, 673, 914, 818, 545, 808, 652, 751, 571, 811, 936, 988, 862, 521, 756, 612, 724, 597, 790, 791, 546, 689, 560, 942], [741, 744, 953, 820, 842, 561, 721, 963, 989, 636, 620, 890, 619, 810, 948, 700, 683, 718, 523, 747, 642, 717, 596, 901, 675], [700, 770, 901, 604, 627, 950, 892, 700, 749, 624, 970, 944, 738, 728, 719, 535, 779, 679, 773, 877, 855, 707, 945, 590, 665], [709, 985, 851, 771, 856, 591, 877, 500, 751, 770, 988, 795, 790, 707, 674, 631, 501, 781, 986, 936, 691, 643, 570, 781, 792], [527, 575, 668, 996, 849, 660, 660, 913, 871, 701, 838, 940, 745, 533, 989, 956, 818, 588, 690, 588, 724, 850, 688, 608, 602], [820, 709, 507, 766, 750, 891, 682, 638, 667, 981, 951, 812, 752, 822, 732, 590, 980, 557, 547, 651, 505, 844, 721, 762, 912], [748, 988, 856, 689, 599, 840, 746, 747, 710, 645, 505, 537, 978, 602, 711, 939, 760, 543, 654, 704, 703, 878, 765, 591, 964], [926, 850, 722, 536, 523, 860, 899, 999, 832, 702, 839, 973, 595, 955, 945, 908, 820, 974, 606, 622, 703, 602, 978, 946, 933], [590, 927, 695, 819, 991, 997, 972, 519, 942, 952, 843, 652, 881, 589, 870, 544, 542, 677, 626, 883, 848, 806, 800, 840, 995], [805, 812, 737, 811, 778, 932, 533, 554, 558, 846, 830, 630, 750, 754, 865, 546, 984, 770, 516, 528, 815, 936, 602, 958, 740], [746, 807, 572, 944, 507, 828, 547, 568, 968, 855, 866, 699, 575, 704, 740, 586, 782, 669, 682, 524, 976, 849, 735, 983, 563], [774, 879, 531, 892, 808, 711, 651, 864, 616, 516, 871, 535, 681, 863, 709, 563, 612, 889, 883, 658, 510, 963, 649, 612, 572], [502, 622, 764, 932, 705, 758, 656, 941, 674, 549, 752, 881, 524, 810, 528, 995, 509, 512, 734, 526, 983, 871, 624, 957, 937], [998, 952, 716, 874, 530, 694, 946, 826, 997, 895, 582, 595, 589, 697, 823, 708, 971, 674, 542, 845, 722, 613, 765, 534, 745]]
Variable production cost per unit of each product in each period p: 
[[13, 10, 11, 13, 12, 11, 11, 13, 11, 13, 13, 12, 10, 11, 13, 11, 13, 11, 11, 10, 12, 12, 11, 13, 13], [12, 10, 13, 13, 11, 12, 10, 13, 12, 10, 13, 10, 11, 12, 13, 13, 12, 12, 13, 11, 12, 11, 13, 12, 12], [10, 12, 12, 10, 13, 13, 10, 10, 10, 13, 10, 13, 10, 12, 10, 13, 10, 10, 10, 12, 12, 11, 12, 11, 11], [10, 12, 12, 10, 10, 13, 13, 10, 11, 10, 10, 12, 11, 10, 12, 10, 11, 12, 13, 12, 10, 11, 12, 13, 12], [13, 12, 13, 11, 11, 11, 10, 11, 11, 10, 12, 11, 11, 10, 12, 10, 10, 12, 12, 11, 11, 13, 10, 10, 12], [10, 10, 13, 12, 12, 12, 11, 12, 12, 10, 12, 10, 11, 11, 11, 12, 11, 11, 11, 12, 12, 12, 11, 10, 10], [11, 10, 12, 12, 11, 12, 12, 11, 12, 13, 13, 13, 13, 11, 12, 13, 11, 11, 10, 12, 11, 13, 12, 10, 11], [10, 13, 13, 13, 12, 10, 10, 13, 12, 11, 10, 10, 11, 12, 13, 11, 10, 10, 12, 10, 12, 13, 10, 12, 10], [12, 12, 13, 11, 10, 10, 12, 10, 11, 12, 13, 13, 11, 12, 12, 10, 12, 12, 10, 12, 10, 10, 13, 10, 12], [13, 13, 11, 13, 10, 11, 12, 10, 11, 11, 10, 10, 11, 12, 11, 11, 10, 12, 10, 13, 11, 10, 10, 12, 11], [13, 12, 12, 13, 12, 11, 13, 13, 13, 10, 10, 12, 10, 13, 13, 10, 11, 12, 12, 11, 13, 11, 10, 10, 12], [10, 11, 13, 13, 11, 11, 13, 10, 11, 10, 13, 13, 13, 11, 10, 13, 12, 13, 12, 10, 10, 12, 12, 13, 13], [13, 10, 13, 11, 10, 11, 12, 13, 12, 13, 13, 12, 10, 12, 13, 11, 11, 13, 11, 11, 13, 11, 10, 12, 13], [11, 11, 12, 11, 13, 11, 13, 11, 10, 13, 11, 12, 10, 13, 13, 11, 13, 11, 10, 11, 12, 11, 11, 10, 13], [10, 11, 13, 13, 10, 11, 10, 13, 11, 13, 12, 10, 11, 11, 12, 11, 13, 13, 13, 12, 11, 11, 13, 13, 12], [11, 13, 11, 11, 11, 12, 11, 13, 11, 11, 11, 11, 11, 13, 10, 10, 10, 11, 11, 12, 13, 10, 11, 12, 11], [12, 12, 11, 11, 10, 10, 13, 11, 13, 12, 13, 13, 10, 11, 11, 13, 13, 12, 12, 11, 11, 11, 10, 13, 12], [12, 11, 10, 13, 10, 10, 11, 10, 13, 12, 11, 13, 13, 13, 12, 11, 12, 13, 12, 12, 10, 11, 12, 10, 11], [12, 12, 12, 12, 10, 12, 12, 10, 13, 10, 11, 13, 12, 10, 10, 11, 11, 12, 12, 12, 12, 10, 12, 12, 13], [12, 10, 10, 13, 11, 12, 12, 13, 13, 12, 12, 13, 11, 13, 12, 12, 11, 12, 12, 12, 11, 13, 13, 10, 10], [10, 11, 11, 10, 12, 11, 13, 13, 11, 10, 10, 11, 11, 12, 12, 12, 11, 10, 13, 11, 11, 11, 13, 12, 11], [12, 11, 10, 10, 13, 13, 12, 13, 10, 10, 11, 13, 11, 10, 10, 13, 10, 13, 13, 10, 10, 10, 13, 12, 10], [13, 10, 10, 11, 11, 12, 12, 10, 10, 13, 10, 13, 13, 11, 13, 13, 13, 11, 11, 13, 12, 13, 11, 13, 13], [13, 12, 13, 12, 13, 13, 10, 11, 10, 10, 10, 13, 12, 12, 12, 10, 11, 12, 10, 10, 13, 11, 12, 13, 12], [12, 11, 13, 10, 12, 12, 13, 13, 11, 12, 10, 11, 12, 11, 11, 10, 12, 10, 13, 12, 12, 11, 12, 10, 11], [11, 13, 11, 12, 13, 11, 10, 10, 10, 13, 12, 11, 11, 12, 11, 10, 12, 10, 10, 10, 13, 11, 12, 12, 10], [11, 13, 13, 12, 12, 11, 10, 12, 11, 13, 10, 11, 12, 13, 11, 13, 10, 13, 12, 10, 10, 12, 12, 10, 10], [11, 11, 12, 13, 10, 13, 13, 12, 13, 10, 11, 11, 12, 11, 13, 10, 12, 13, 12, 12, 12, 12, 12, 12, 12], [10, 10, 10, 13, 11, 13, 10, 12, 11, 10, 13, 10, 11, 13, 13, 10, 11, 12, 12, 11, 11, 10, 12, 11, 10], [10, 10, 13, 12, 13, 10, 10, 13, 11, 13, 12, 13, 11, 11, 10, 12, 11, 10, 10, 12, 12, 10, 11, 11, 12], [10, 11, 11, 11, 10, 11, 10, 12, 10, 10, 10, 12, 12, 12, 11, 11, 11, 13, 13, 10, 10, 10, 12, 11, 10], [13, 13, 10, 11, 12, 13, 13, 10, 10, 11, 11, 10, 11, 10, 11, 11, 12, 11, 11, 11, 11, 12, 12, 11, 12], [13, 10, 12, 11, 13, 12, 13, 12, 10, 12, 12, 13, 12, 13, 12, 11, 12, 10, 12, 10, 12, 11, 12, 12, 10], [10, 12, 12, 10, 11, 12, 13, 12, 10, 12, 12, 12, 11, 10, 11, 12, 12, 13, 13, 12, 12, 10, 11, 13, 12], [10, 10, 12, 10, 11, 11, 11, 13, 10, 11, 11, 10, 10, 11, 12, 12, 13, 13, 11, 13, 12, 12, 12, 11, 13], [11, 13, 12, 11, 12, 11, 11, 13, 12, 12, 11, 11, 12, 10, 10, 13, 10, 10, 10, 12, 11, 12, 11, 10, 13], [10, 13, 13, 12, 11, 12, 11, 11, 13, 13, 10, 12, 10, 12, 13, 11, 13, 10, 12, 13, 12, 12, 13, 11, 13], [11, 11, 10, 13, 12, 10, 13, 10, 13, 10, 13, 10, 13, 13, 13, 10, 11, 12, 10, 12, 11, 12, 13, 10, 13], [12, 12, 12, 10, 13, 11, 11, 11, 12, 12, 11, 11, 11, 10, 13, 10, 10, 10, 13, 11, 12, 11, 11, 11, 12], [10, 12, 11, 12, 11, 11, 10, 13, 12, 12, 10, 11, 11, 13, 13, 11, 10, 11, 11, 12, 10, 10, 12, 13, 11], [13, 10, 13, 13, 10, 12, 11, 12, 11, 11, 10, 11, 10, 10, 12, 12, 12, 11, 11, 11, 13, 11, 13, 11, 10], [11, 11, 11, 11, 13, 11, 13, 11, 11, 13, 10, 11, 12, 11, 12, 13, 10, 13, 10, 10, 13, 11, 10, 10, 11], [10, 12, 11, 10, 11, 11, 11, 10, 12, 13, 13, 11, 10, 13, 11, 12, 11, 13, 11, 10, 11, 12, 11, 11, 10], [12, 10, 11, 13, 10, 11, 13, 11, 13, 10, 10, 11, 11, 10, 11, 11, 11, 12, 11, 13, 10, 10, 12, 11, 11], [10, 10, 13, 12, 10, 11, 10, 11, 10, 13, 11, 12, 10, 11, 13, 13, 12, 12, 12, 12, 12, 10, 11, 11, 10], [10, 12, 11, 10, 12, 10, 11, 11, 13, 10, 10, 12, 13, 13, 13, 13, 11, 13, 10, 11, 12, 13, 12, 13, 10], [13, 10, 13, 10, 13, 10, 12, 12, 11, 10, 13, 13, 12, 13, 12, 10, 12, 11, 11, 10, 12, 10, 13, 11, 11], [11, 10, 12, 11, 13, 11, 10, 12, 10, 10, 11, 10, 11, 13, 13, 12, 13, 12, 13, 10, 12, 11, 12, 12, 10], [12, 13, 11, 10, 11, 12, 12, 12, 12, 10, 11, 11, 10, 13, 13, 11, 10, 12, 13, 11, 10, 12, 10, 11, 10], [12, 10, 13, 12, 12, 10, 10, 11, 12, 12, 12, 12, 10, 13, 12, 11, 11, 10, 12, 12, 12, 12, 10, 11, 13], [10, 12, 12, 13, 11, 12, 13, 11, 11, 13, 11, 11, 13, 10, 13, 12, 11, 12, 12, 12, 11, 11, 13, 13, 12], [13, 11, 13, 13, 13, 10, 12, 13, 10, 12, 10, 12, 11, 12, 13, 10, 13, 12, 10, 10, 10, 10, 13, 12, 10], [10, 12, 12, 11, 10, 12, 12, 10, 10, 13, 12, 12, 11, 13, 10, 10, 12, 12, 11, 12, 11, 10, 13, 12, 12], [10, 12, 11, 10, 12, 12, 10, 13, 10, 12, 12, 12, 11, 13, 13, 13, 13, 12, 11, 10, 13, 10, 13, 10, 13], [10, 12, 11, 12, 13, 11, 10, 13, 11, 12, 11, 10, 11, 12, 13, 10, 12, 10, 12, 10, 13, 10, 13, 12, 11], [11, 11, 13, 11, 11, 10, 11, 10, 12, 13, 10, 11, 11, 10, 10, 12, 10, 12, 12, 12, 10, 13, 10, 10, 12], [11, 13, 10, 10, 11, 10, 13, 12, 12, 10, 11, 11, 10, 11, 13, 13, 13, 10, 12, 11, 13, 10, 10, 10, 13], [12, 10, 12, 11, 13, 10, 13, 13, 13, 12, 12, 10, 10, 13, 11, 12, 10, 13, 10, 11, 13, 11, 13, 13, 12], [10, 12, 10, 10, 13, 13, 12, 13, 10, 10, 10, 13, 10, 11, 10, 11, 10, 11, 10, 13, 10, 10, 13, 13, 13], [11, 11, 13, 11, 11, 10, 12, 13, 13, 13, 13, 11, 10, 12, 12, 12, 11, 12, 12, 12, 12, 12, 11, 10, 12], [11, 12, 12, 10, 12, 11, 10, 10, 11, 11, 10, 12, 11, 10, 11, 12, 10, 13, 12, 10, 10, 11, 11, 11, 13], [11, 12, 11, 11, 11, 12, 13, 10, 11, 10, 11, 12, 12, 11, 10, 13, 10, 13, 10, 10, 13, 11, 13, 11, 11], [12, 13, 11, 13, 13, 13, 11, 13, 11, 13, 13, 13, 10, 11, 11, 11, 13, 11, 13, 13, 13, 11, 10, 12, 11], [12, 12, 12, 11, 12, 12, 11, 11, 11, 10, 12, 11, 11, 12, 11, 10, 10, 12, 10, 12, 11, 11, 13, 13, 10], [11, 11, 13, 11, 12, 11, 11, 12, 13, 12, 13, 13, 12, 13, 10, 10, 12, 11, 12, 13, 10, 12, 12, 10, 10], [11, 10, 12, 10, 10, 12, 13, 10, 11, 13, 12, 10, 11, 13, 13, 11, 13, 12, 12, 13, 10, 12, 10, 10, 13], [13, 10, 13, 10, 11, 11, 11, 13, 11, 13, 13, 13, 12, 10, 13, 13, 13, 10, 11, 13, 12, 13, 10, 12, 11], [13, 13, 10, 10, 12, 11, 11, 11, 12, 11, 10, 12, 12, 11, 13, 11, 11, 13, 11, 10, 10, 13, 12, 10, 13], [10, 12, 10, 10, 13, 13, 11, 10, 10, 12, 10, 12, 13, 12, 11, 11, 12, 11, 12, 13, 10, 13, 10, 13, 10], [13, 10, 11, 12, 11, 13, 13, 11, 10, 13, 11, 10, 11, 10, 13, 10, 12, 12, 11, 13, 11, 10, 11, 11, 13]]
Inventory holding cost per unit of each product by the end of each period h: 
[[5, 8, 7, 7, 9, 7, 9, 7, 8, 6, 7, 7, 6, 9, 6, 9, 5, 6, 9, 7, 6, 7, 9, 5, 6], [7, 9, 7, 6, 7, 7, 9, 8, 5, 8, 9, 9, 8, 8, 5, 5, 8, 9, 6, 7, 8, 9, 7, 7, 5], [7, 5, 6, 6, 9, 6, 8, 5, 6, 5, 6, 5, 8, 7, 8, 9, 8, 7, 5, 9, 9, 6, 8, 6, 6], [5, 8, 9, 7, 7, 8, 6, 9, 9, 7, 8, 8, 5, 5, 9, 9, 8, 8, 9, 7, 9, 8, 7, 9, 8], [8, 9, 6, 5, 5, 8, 5, 9, 6, 7, 9, 9, 5, 5, 5, 9, 7, 9, 6, 6, 5, 8, 8, 5, 9], [9, 9, 7, 8, 9, 7, 8, 8, 5, 9, 8, 8, 7, 5, 6, 8, 9, 5, 5, 5, 6, 8, 8, 9, 7], [5, 7, 6, 5, 8, 9, 7, 5, 8, 7, 9, 5, 5, 9, 5, 5, 7, 7, 8, 7, 8, 6, 9, 8, 5], [6, 8, 5, 8, 8, 8, 7, 5, 5, 7, 6, 7, 7, 6, 6, 8, 9, 6, 6, 5, 9, 7, 5, 6, 9], [7, 9, 5, 8, 9, 7, 9, 8, 9, 8, 8, 9, 9, 6, 8, 7, 5, 5, 8, 5, 8, 6, 7, 7, 5], [5, 5, 5, 6, 7, 5, 9, 7, 7, 5, 7, 6, 8, 8, 7, 9, 9, 7, 8, 7, 5, 7, 8, 9, 9], [7, 7, 5, 5, 7, 8, 9, 8, 8, 9, 8, 7, 9, 8, 8, 9, 8, 9, 9, 6, 8, 7, 8, 7, 8], [7, 5, 7, 6, 7, 7, 9, 5, 9, 8, 9, 5, 7, 8, 9, 9, 6, 5, 5, 6, 5, 8, 9, 5, 5], [8, 7, 9, 7, 8, 5, 5, 8, 9, 5, 6, 7, 8, 6, 6, 8, 9, 7, 9, 9, 8, 9, 7, 8, 5], [7, 5, 5, 6, 6, 5, 8, 7, 9, 8, 6, 8, 6, 8, 5, 6, 8, 9, 9, 8, 9, 6, 6, 5, 7], [6, 7, 7, 9, 6, 5, 8, 6, 8, 8, 7, 7, 5, 6, 7, 6, 6, 7, 5, 5, 6, 9, 9, 8, 7], [6, 9, 8, 7, 7, 9, 6, 7, 6, 6, 6, 7, 9, 7, 7, 7, 8, 9, 8, 9, 5, 9, 5, 7, 5], [7, 8, 6, 6, 6, 8, 6, 7, 5, 8, 5, 7, 6, 5, 5, 8, 9, 7, 5, 7, 5, 6, 7, 8, 9], [5, 9, 9, 7, 7, 7, 5, 9, 8, 6, 5, 7, 5, 8, 5, 7, 8, 6, 8, 6, 8, 7, 7, 5, 9], [8, 8, 7, 8, 9, 6, 5, 8, 8, 7, 9, 9, 9, 5, 6, 9, 9, 9, 9, 6, 9, 8, 9, 6, 8], [6, 6, 7, 9, 6, 9, 5, 8, 7, 8, 6, 7, 9, 9, 6, 6, 7, 6, 6, 9, 9, 6, 8, 5, 9], [5, 9, 8, 9, 6, 5, 9, 5, 8, 5, 8, 7, 9, 9, 5, 7, 9, 8, 8, 6, 8, 7, 9, 5, 7], [8, 8, 6, 7, 9, 8, 8, 5, 9, 5, 6, 8, 6, 8, 5, 9, 8, 5, 7, 9, 9, 6, 8, 8, 8], [8, 6, 7, 7, 7, 7, 7, 9, 8, 6, 9, 8, 5, 5, 7, 9, 8, 9, 9, 7, 8, 6, 5, 5, 7], [6, 5, 9, 5, 5, 5, 8, 5, 7, 9, 9, 9, 7, 8, 6, 6, 5, 6, 7, 6, 5, 9, 6, 5, 9], [9, 8, 6, 6, 9, 8, 7, 8, 8, 7, 9, 8, 8, 7, 9, 7, 7, 9, 6, 8, 6, 6, 7, 7, 8], [8, 9, 8, 8, 5, 9, 7, 9, 8, 6, 5, 5, 6, 6, 9, 5, 6, 6, 9, 7, 7, 8, 6, 8, 8], [6, 9, 7, 6, 8, 8, 8, 9, 6, 6, 7, 7, 8, 5, 9, 5, 6, 5, 7, 8, 8, 7, 8, 6, 7], [7, 5, 9, 9, 5, 6, 9, 8, 7, 8, 9, 9, 6, 7, 6, 6, 6, 6, 5, 6, 5, 8, 8, 9, 9], [9, 5, 9, 8, 6, 6, 5, 6, 7, 8, 5, 7, 6, 8, 9, 9, 7, 9, 8, 9, 6, 7, 9, 8, 7], [6, 7, 5, 9, 9, 5, 6, 8, 6, 5, 9, 5, 8, 8, 6, 7, 9, 5, 6, 7, 6, 6, 7, 9, 7], [7, 7, 8, 6, 9, 8, 6, 8, 9, 7, 7, 8, 5, 5, 9, 8, 6, 8, 6, 9, 7, 5, 5, 9, 8], [8, 8, 7, 9, 8, 8, 5, 7, 7, 8, 9, 7, 7, 7, 7, 7, 7, 5, 5, 6, 7, 5, 9, 9, 5], [7, 9, 8, 5, 5, 6, 8, 5, 9, 6, 7, 7, 9, 7, 5, 7, 8, 8, 7, 8, 8, 9, 6, 8, 5], [9, 9, 9, 8, 8, 7, 5, 6, 5, 6, 7, 9, 7, 7, 7, 9, 5, 7, 6, 8, 8, 5, 9, 9, 9], [8, 5, 6, 8, 6, 6, 7, 5, 5, 8, 5, 8, 8, 8, 5, 9, 8, 6, 9, 5, 8, 7, 7, 6, 9], [9, 9, 5, 8, 6, 6, 5, 7, 9, 9, 9, 9, 8, 9, 7, 6, 5, 5, 9, 9, 7, 7, 6, 6, 8], [6, 9, 7, 6, 5, 6, 5, 7, 9, 5, 8, 7, 7, 8, 8, 7, 9, 7, 7, 5, 7, 9, 6, 8, 5], [9, 9, 9, 8, 9, 8, 6, 7, 9, 5, 6, 5, 7, 8, 9, 9, 8, 8, 8, 5, 9, 6, 9, 9, 8], [9, 7, 9, 8, 8, 5, 7, 5, 8, 5, 5, 5, 5, 9, 6, 8, 8, 9, 7, 7, 6, 8, 8, 8, 9], [8, 6, 9, 5, 5, 6, 6, 8, 9, 8, 8, 5, 7, 5, 9, 6, 6, 5, 6, 7, 5, 5, 6, 9, 6], [5, 6, 6, 7, 5, 9, 7, 9, 5, 6, 6, 5, 6, 5, 6, 9, 5, 9, 6, 7, 9, 7, 9, 7, 5], [6, 7, 7, 5, 6, 6, 9, 7, 6, 8, 8, 9, 7, 6, 7, 7, 6, 5, 5, 5, 6, 9, 6, 7, 5], [8, 8, 8, 7, 5, 5, 8, 7, 9, 9, 9, 8, 5, 8, 8, 6, 6, 5, 9, 5, 7, 6, 5, 6, 8], [9, 9, 6, 8, 7, 8, 6, 9, 7, 8, 7, 5, 9, 5, 7, 8, 7, 8, 5, 7, 5, 5, 8, 6, 9], [5, 5, 8, 7, 5, 7, 8, 6, 8, 5, 6, 6, 7, 5, 9, 6, 6, 9, 8, 8, 9, 7, 8, 5, 6], [8, 6, 9, 7, 7, 7, 9, 5, 7, 7, 9, 8, 8, 7, 5, 6, 6, 7, 9, 5, 8, 7, 5, 5, 6], [7, 5, 5, 8, 7, 5, 9, 6, 5, 6, 6, 7, 8, 8, 9, 7, 7, 6, 6, 7, 7, 7, 6, 7, 6], [7, 8, 6, 7, 5, 6, 9, 8, 8, 7, 6, 7, 7, 5, 5, 7, 6, 5, 6, 6, 6, 6, 7, 9, 7], [7, 6, 8, 9, 6, 8, 6, 8, 7, 5, 6, 5, 7, 5, 8, 5, 6, 9, 9, 6, 8, 5, 9, 5, 8], [9, 5, 6, 6, 6, 6, 5, 6, 7, 8, 8, 6, 5, 6, 7, 6, 8, 6, 5, 8, 7, 5, 6, 5, 8], [8, 5, 7, 7, 8, 6, 5, 9, 9, 7, 7, 9, 5, 8, 9, 7, 8, 7, 7, 9, 8, 7, 9, 7, 7], [7, 7, 6, 6, 7, 6, 8, 8, 5, 6, 5, 5, 6, 8, 9, 5, 7, 9, 5, 8, 6, 6, 8, 8, 7], [9, 8, 6, 9, 5, 9, 7, 7, 8, 8, 7, 8, 7, 7, 5, 8, 5, 8, 8, 8, 8, 9, 8, 8, 7], [7, 8, 7, 7, 8, 8, 9, 6, 9, 7, 9, 5, 8, 7, 5, 9, 9, 9, 8, 9, 7, 5, 7, 9, 9], [5, 9, 9, 6, 7, 7, 9, 6, 8, 9, 5, 6, 6, 9, 6, 6, 8, 7, 5, 5, 7, 8, 6, 6, 7], [8, 6, 5, 7, 6, 7, 5, 8, 6, 8, 9, 7, 5, 8, 5, 8, 5, 6, 6, 6, 5, 9, 6, 9, 6], [8, 5, 7, 9, 6, 8, 5, 8, 9, 8, 6, 7, 9, 9, 9, 5, 6, 6, 8, 5, 8, 8, 7, 9, 8], [7, 7, 6, 5, 7, 9, 7, 8, 6, 6, 8, 8, 8, 8, 6, 9, 7, 8, 7, 7, 8, 8, 8, 9, 8], [5, 6, 8, 9, 8, 7, 7, 5, 9, 9, 6, 7, 8, 9, 6, 7, 8, 6, 8, 6, 6, 6, 5, 7, 7], [9, 8, 5, 5, 9, 8, 6, 7, 6, 7, 8, 7, 9, 8, 6, 7, 9, 7, 6, 8, 8, 7, 8, 9, 5], [5, 8, 5, 7, 6, 8, 6, 7, 7, 5, 7, 7, 5, 6, 5, 7, 8, 6, 5, 9, 8, 7, 5, 8, 5], [7, 6, 9, 8, 7, 9, 9, 7, 6, 5, 6, 9, 6, 7, 5, 5, 9, 6, 6, 8, 9, 9, 6, 5, 7], [8, 8, 7, 8, 9, 7, 8, 9, 9, 5, 9, 6, 9, 5, 5, 6, 8, 9, 7, 8, 8, 8, 7, 6, 8], [6, 5, 9, 7, 7, 9, 8, 9, 5, 8, 8, 8, 7, 5, 7, 6, 7, 6, 9, 9, 8, 9, 9, 5, 5], [9, 8, 6, 7, 5, 8, 5, 8, 6, 8, 6, 5, 8, 5, 9, 7, 6, 6, 7, 7, 6, 8, 6, 7, 6], [5, 8, 6, 7, 6, 7, 5, 6, 9, 5, 8, 5, 6, 7, 6, 9, 8, 9, 5, 6, 8, 6, 8, 7, 9], [5, 5, 5, 7, 5, 6, 5, 8, 7, 8, 5, 9, 5, 7, 9, 7, 7, 8, 5, 5, 5, 6, 7, 5, 7], [7, 8, 9, 8, 6, 8, 6, 9, 7, 9, 7, 8, 5, 9, 7, 9, 7, 8, 6, 6, 8, 6, 9, 6, 5], [9, 7, 7, 6, 7, 7, 9, 7, 8, 6, 5, 8, 9, 5, 7, 5, 5, 6, 9, 7, 6, 7, 6, 5, 5], [9, 9, 6, 8, 9, 5, 6, 8, 7, 6, 9, 7, 8, 8, 9, 9, 7, 7, 5, 8, 7, 7, 9, 6, 8]]
Demand for each product in each period d: 
[[0, 38, 49, 35, 4, 38, 0, 8, 0, 31, 32, 15, 29, 40, 12, 21, 22, 4, 0, 6, 20, 45, 19, 13, 1], [29, 10, 8, 4, 22, 31, 29, 47, 23, 45, 0, 46, 2, 42, 6, 33, 31, 12, 0, 41, 6, 17, 15, 30, 0], [27, 48, 18, 43, 1, 25, 39, 0, 15, 25, 35, 16, 4, 40, 12, 38, 11, 9, 7, 33, 18, 49, 49, 4, 24], [35, 0, 32, 33, 35, 1, 42, 33, 24, 20, 48, 12, 36, 18, 0, 44, 0, 12, 44, 48, 18, 26, 20, 15, 8], [2, 43, 15, 30, 8, 48, 42, 21, 13, 33, 49, 12, 19, 5, 18, 18, 3, 40, 10, 39, 31, 33, 47, 21, 45], [32, 41, 2, 4, 39, 28, 39, 20, 13, 16, 1, 30, 3, 13, 19, 5, 0, 19, 22, 15, 15, 2, 40, 0, 15], [8, 27, 38, 16, 38, 3, 0, 38, 0, 18, 17, 31, 42, 25, 13, 3, 46, 7, 10, 24, 2, 39, 2, 7, 37], [41, 20, 47, 17, 30, 44, 45, 5, 0, 0, 42, 25, 15, 23, 49, 46, 24, 42, 44, 11, 27, 0, 35, 3, 4], [11, 46, 31, 25, 21, 9, 6, 1, 35, 35, 47, 35, 39, 44, 44, 46, 22, 43, 49, 19, 33, 48, 40, 3, 26], [35, 39, 30, 28, 45, 18, 32, 12, 27, 18, 21, 12, 30, 13, 26, 13, 20, 29, 13, 28, 32, 20, 47, 45, 0], [17, 0, 42, 22, 43, 47, 49, 1, 42, 23, 18, 25, 47, 8, 16, 45, 49, 47, 30, 24, 36, 36, 36, 37, 33], [37, 30, 43, 46, 17, 30, 4, 0, 3, 12, 23, 40, 12, 13, 2, 12, 30, 45, 14, 30, 5, 1, 46, 7, 6], [2, 47, 0, 5, 26, 7, 30, 0, 0, 20, 9, 16, 39, 19, 20, 25, 7, 7, 39, 46, 38, 31, 39, 34, 37], [0, 0, 0, 17, 29, 7, 33, 9, 0, 32, 0, 32, 39, 38, 44, 35, 18, 18, 12, 19, 0, 28, 0, 20, 16], [41, 7, 1, 0, 45, 0, 40, 28, 12, 46, 10, 31, 19, 37, 12, 0, 39, 8, 4, 3, 1, 39, 18, 38, 14], [13, 46, 7, 0, 4, 40, 12, 20, 4, 8, 13, 41, 12, 34, 49, 48, 0, 6, 46, 45, 5, 22, 29, 45, 17], [41, 14, 12, 36, 10, 12, 33, 46, 6, 44, 31, 1, 10, 34, 0, 40, 35, 11, 29, 39, 6, 0, 11, 8, 25], [14, 3, 25, 47, 9, 31, 4, 10, 26, 47, 6, 4, 29, 22, 21, 30, 47, 8, 34, 39, 12, 9, 18, 46, 43], [21, 17, 18, 41, 26, 29, 15, 9, 11, 3, 0, 42, 17, 4, 44, 41, 39, 37, 22, 0, 16, 29, 34, 5, 4], [17, 24, 9, 14, 24, 20, 8, 22, 2, 14, 26, 0, 20, 0, 29, 33, 0, 49, 36, 47, 43, 6, 22, 43, 0], [35, 0, 10, 14, 48, 35, 4, 0, 34, 8, 46, 38, 33, 49, 22, 16, 9, 11, 0, 7, 49, 46, 49, 0, 17], [45, 48, 44, 28, 32, 7, 44, 1, 33, 42, 40, 40, 4, 19, 16, 10, 33, 47, 7, 0, 3, 40, 18, 39, 28], [0, 41, 33, 32, 17, 6, 14, 13, 46, 0, 31, 0, 6, 40, 38, 17, 30, 18, 44, 27, 44, 31, 17, 13, 48], [40, 43, 47, 3, 27, 19, 13, 46, 12, 43, 39, 28, 33, 0, 34, 7, 0, 15, 3, 1, 2, 15, 49, 9, 29], [9, 40, 0, 21, 26, 16, 8, 14, 43, 42, 14, 0, 10, 19, 7, 43, 42, 28, 7, 36, 42, 13, 41, 38, 16], [0, 23, 0, 1, 10, 43, 35, 9, 47, 38, 0, 4, 36, 46, 44, 28, 38, 35, 29, 32, 41, 11, 3, 46, 34], [47, 34, 38, 48, 33, 45, 2, 0, 49, 27, 15, 18, 46, 9, 46, 25, 16, 35, 42, 17, 38, 38, 0, 35, 0], [32, 43, 33, 36, 37, 24, 18, 5, 11, 35, 3, 9, 19, 22, 43, 1, 33, 46, 9, 47, 1, 25, 41, 49, 13], [21, 35, 49, 6, 6, 47, 8, 41, 17, 27, 0, 33, 27, 46, 49, 44, 25, 38, 0, 25, 27, 24, 47, 37, 47], [8, 32, 26, 35, 28, 5, 18, 0, 43, 9, 4, 0, 9, 26, 30, 41, 35, 29, 32, 10, 2, 26, 33, 40, 8], [18, 34, 27, 7, 43, 14, 29, 40, 42, 41, 42, 16, 14, 37, 39, 40, 19, 0, 29, 32, 14, 41, 26, 38, 48], [6, 0, 48, 0, 27, 32, 8, 36, 0, 39, 0, 13, 44, 6, 0, 48, 44, 45, 0, 13, 30, 27, 44, 1, 41], [39, 33, 41, 21, 24, 30, 27, 42, 42, 15, 48, 47, 33, 34, 2, 28, 33, 36, 29, 28, 1, 0, 40, 26, 41], [24, 48, 1, 48, 27, 15, 3, 27, 14, 34, 16, 0, 14, 25, 35, 20, 14, 24, 34, 0, 22, 49, 2, 35, 40], [20, 40, 25, 2, 14, 0, 22, 3, 22, 6, 11, 48, 38, 0, 34, 24, 7, 45, 6, 19, 21, 49, 36, 17, 32], [12, 29, 35, 37, 10, 0, 44, 15, 17, 29, 42, 22, 46, 16, 3, 10, 31, 17, 16, 44, 35, 43, 9, 3, 44], [20, 45, 12, 46, 46, 19, 43, 39, 32, 37, 11, 16, 5, 20, 16, 37, 49, 49, 0, 8, 38, 0, 2, 33, 2], [22, 22, 0, 33, 4, 29, 3, 8, 15, 6, 44, 10, 28, 15, 9, 0, 19, 38, 11, 11, 43, 7, 5, 12, 44], [19, 19, 34, 6, 23, 37, 34, 8, 9, 24, 39, 22, 11, 32, 28, 5, 14, 0, 8, 32, 48, 3, 15, 42, 20], [12, 2, 33, 22, 0, 38, 48, 3, 24, 5, 0, 0, 19, 0, 1, 39, 6, 29, 19, 36, 0, 26, 3, 6, 9], [41, 36, 41, 6, 37, 6, 34, 22, 27, 42, 44, 0, 46, 46, 23, 45, 0, 49, 39, 4, 30, 32, 15, 41, 2], [14, 37, 32, 16, 7, 34, 7, 14, 45, 45, 18, 14, 16, 24, 6, 46, 48, 34, 9, 38, 5, 26, 12, 35, 28], [4, 22, 8, 32, 24, 4, 28, 4, 15, 44, 31, 29, 20, 20, 48, 28, 21, 42, 1, 16, 43, 30, 26, 4, 42], [45, 31, 15, 36, 15, 14, 14, 0, 13, 5, 47, 47, 37, 49, 47, 46, 4, 6, 7, 0, 19, 15, 21, 43, 13], [32, 26, 0, 7, 49, 4, 16, 29, 34, 17, 37, 35, 31, 14, 17, 27, 3, 0, 24, 1, 4, 16, 38, 5, 24], [21, 25, 21, 0, 3, 32, 28, 14, 26, 26, 48, 22, 49, 43, 30, 11, 44, 10, 0, 12, 27, 42, 38, 49, 43], [6, 7, 44, 24, 0, 38, 5, 22, 14, 43, 0, 3, 33, 1, 9, 3, 38, 19, 3, 0, 31, 0, 10, 6, 34], [43, 41, 1, 34, 34, 5, 24, 19, 49, 2, 16, 8, 23, 32, 15, 27, 2, 25, 20, 35, 32, 20, 34, 12, 23], [45, 25, 45, 0, 45, 32, 27, 0, 1, 22, 29, 27, 46, 19, 46, 4, 7, 5, 19, 2, 3, 46, 37, 13, 22], [17, 26, 15, 43, 18, 1, 34, 16, 21, 38, 43, 18, 21, 11, 36, 19, 19, 11, 44, 47, 43, 42, 32, 37, 19], [49, 23, 4, 35, 35, 7, 46, 10, 20, 6, 19, 11, 49, 32, 1, 48, 32, 16, 8, 6, 34, 13, 2, 0, 23], [10, 0, 45, 21, 44, 1, 8, 17, 21, 17, 5, 33, 47, 0, 38, 18, 45, 0, 29, 42, 10, 34, 3, 35, 5], [44, 31, 4, 15, 29, 0, 30, 7, 13, 6, 41, 27, 7, 46, 25, 12, 38, 31, 42, 2, 46, 8, 47, 12, 20], [35, 11, 36, 49, 13, 9, 11, 45, 25, 46, 20, 23, 26, 7, 12, 0, 44, 0, 30, 19, 0, 12, 8, 30, 12], [25, 7, 48, 15, 19, 8, 18, 0, 34, 39, 48, 18, 15, 21, 48, 7, 35, 12, 41, 23, 15, 32, 47, 8, 41], [9, 47, 39, 21, 27, 4, 47, 31, 46, 30, 26, 44, 38, 23, 20, 15, 28, 3, 45, 39, 13, 27, 24, 35, 12], [26, 12, 21, 31, 0, 2, 35, 46, 28, 47, 19, 5, 38, 13, 28, 47, 37, 1, 4, 36, 9, 12, 21, 1, 16], [30, 33, 27, 48, 19, 29, 12, 36, 0, 32, 20, 35, 19, 36, 12, 12, 46, 32, 24, 8, 11, 21, 0, 41, 4], [1, 47, 0, 9, 18, 0, 3, 48, 27, 44, 49, 19, 29, 20, 43, 5, 20, 7, 1, 6, 0, 29, 7, 41, 33], [40, 33, 28, 1, 46, 8, 31, 37, 37, 19, 29, 29, 40, 10, 44, 32, 19, 22, 44, 39, 40, 38, 4, 11, 9], [0, 41, 20, 42, 18, 2, 15, 18, 49, 39, 27, 43, 1, 31, 25, 34, 30, 46, 8, 0, 12, 10, 23, 22, 22], [40, 17, 7, 34, 35, 41, 13, 37, 1, 38, 23, 38, 43, 40, 35, 1, 20, 8, 48, 6, 12, 5, 23, 30, 0], [46, 32, 46, 0, 41, 43, 9, 21, 27, 4, 34, 34, 42, 9, 14, 23, 39, 34, 0, 42, 46, 20, 35, 31, 26], [15, 0, 49, 28, 44, 6, 3, 4, 24, 31, 13, 46, 26, 33, 14, 8, 41, 49, 2, 25, 34, 14, 19, 44, 39], [18, 18, 5, 38, 3, 28, 7, 44, 33, 9, 35, 5, 16, 5, 39, 1, 21, 13, 44, 37, 6, 9, 48, 37, 16], [4, 47, 29, 30, 5, 4, 26, 3, 40, 33, 34, 46, 4, 30, 47, 22, 33, 4, 22, 6, 37, 26, 0, 14, 10], [39, 15, 34, 24, 8, 19, 9, 19, 0, 27, 20, 45, 34, 1, 8, 45, 8, 46, 24, 24, 26, 18, 12, 44, 10], [1, 15, 0, 29, 1, 1, 12, 44, 26, 32, 14, 16, 41, 3, 9, 18, 39, 8, 6, 36, 41, 1, 23, 2, 16], [42, 4, 32, 42, 25, 0, 42, 44, 33, 24, 49, 40, 49, 11, 30, 22, 43, 40, 42, 6, 23, 16, 36, 37, 27], [3, 10, 43, 8, 0, 6, 0, 44, 1, 34, 38, 42, 23, 16, 3, 41, 36, 21, 24, 39, 38, 47, 20, 29, 20]]
Maintenance cost in each period m: 
[10180, 9663, 8770, 6435, 7178, 8644, 7111, 6708, 7322, 7377, 7232, 7091, 9394, 9747, 6542, 9647, 8430, 6819, 9485, 7246, 10175, 8682, 9954, 7093, 9466]
Maximum capacity of the machine cmax: 
3220