Set of periods in the planning horizon T: 
5
Set of products P: 
100
Capacity reduction coefficient alpha: 
0.8
Relative decrease of capacity per set up gamma: 
0.3
Capacity reduction coefficient due to product types beta: 
[0.23, 0.31, 0.28, 0.32, 0.3, 0.25, 0.28, 0.26, 0.33, 0.35, 0.36, 0.33, 0.22, 0.37, 0.35, 0.34, 0.31, 0.24, 0.27, 0.3, 0.31, 0.34, 0.21, 0.22, 0.26, 0.25, 0.26, 0.27, 0.34, 0.37, 0.4, 0.22, 0.31, 0.22, 0.32, 0.3, 0.34, 0.4, 0.34, 0.31, 0.24, 0.4, 0.23, 0.2, 0.26, 0.37, 0.32, 0.27, 0.27, 0.39, 0.33, 0.34, 0.35, 0.35, 0.35, 0.34, 0.27, 0.23, 0.24, 0.24, 0.31, 0.33, 0.34, 0.26, 0.32, 0.21, 0.22, 0.25, 0.27, 0.27, 0.31, 0.36, 0.25, 0.25, 0.35, 0.39, 0.22, 0.25, 0.33, 0.33, 0.39, 0.27, 0.27, 0.28, 0.21, 0.39, 0.3, 0.39, 0.3, 0.22, 0.22, 0.25, 0.28, 0.27, 0.31, 0.23, 0.22, 0.38, 0.3, 0.24]
Fixed production cost of each product in each period f: 
[[684, 728, 624, 723, 674], [858, 600, 804, 629, 859], [519, 910, 989, 897, 622], [904, 537, 923, 988, 799], [836, 586, 842, 900, 846], [756, 967, 697, 744, 564], [876, 672, 645, 722, 928], [512, 833, 892, 615, 856], [713, 901, 606, 551, 943], [605, 946, 886, 797, 913], [667, 620, 558, 899, 543], [835, 985, 632, 578, 832], [950, 563, 879, 976, 917], [965, 619, 663, 514, 799], [577, 693, 871, 806, 503], [910, 651, 602, 990, 913], [764, 988, 914, 971, 728], [763, 694, 747, 993, 905], [821, 819, 620, 796, 575], [976, 957, 534, 953, 584], [517, 982, 738, 995, 879], [669, 745, 909, 757, 587], [634, 655, 769, 651, 881], [738, 870, 570, 831, 578], [505, 605, 632, 779, 762], [740, 722, 937, 683, 563], [729, 647, 728, 584, 999], [596, 638, 937, 555, 543], [916, 777, 890, 942, 820], [612, 745, 818, 622, 858], [769, 836, 829, 918, 743], [566, 540, 985, 984, 973], [712, 649, 865, 809, 514], [740, 740, 714, 548, 879], [723, 573, 910, 618, 521], [839, 861, 929, 896, 814], [751, 963, 774, 813, 622], [925, 923, 540, 513, 948], [542, 738, 550, 655, 896], [628, 778, 834, 902, 647], [608, 804, 946, 693, 853], [778, 891, 700, 973, 973], [835, 749, 613, 584, 761], [631, 616, 641, 830, 610], [950, 925, 711, 823, 585], [853, 636, 813, 999, 804], [745, 889, 601, 642, 792], [974, 956, 576, 900, 811], [587, 749, 886, 543, 786], [862, 810, 593, 944, 974], [642, 744, 654, 980, 805], [999, 779, 938, 815, 673], [931, 506, 542, 867, 655], [836, 584, 807, 659, 602], [651, 698, 656, 659, 903], [669, 788, 507, 926, 539], [775, 782, 626, 742, 805], [973, 791, 583, 884, 692], [995, 877, 902, 885, 577], [506, 853, 793, 704, 512], [707, 646, 645, 767, 820], [574, 854, 826, 950, 907], [762, 574, 939, 790, 642], [950, 502, 725, 784, 793], [638, 894, 611, 734, 641], [980, 746, 935, 928, 670], [694, 681, 679, 730, 613], [984, 858, 915, 548, 846], [757, 873, 763, 645, 932], [888, 597, 694, 591, 558], [619, 781, 529, 549, 645], [553, 647, 617, 951, 582], [806, 927, 885, 678, 969], [574, 997, 666, 511, 683], [996, 900, 550, 751, 691], [564, 881, 987, 517, 839], [688, 879, 540, 701, 509], [624, 969, 687, 991, 546], [740, 726, 893, 630, 579], [959, 978, 511, 759, 958], [856, 698, 626, 970, 578], [770, 742, 845, 578, 932], [830, 740, 583, 542, 921], [707, 510, 716, 854, 623], [569, 767, 760, 837, 769], [935, 736, 753, 920, 811], [735, 849, 512, 710, 963], [666, 784, 810, 761, 565], [706, 881, 937, 742, 682], [799, 548, 967, 908, 967], [756, 542, 663, 512, 728], [642, 531, 926, 877, 961], [717, 512, 727, 754, 597], [590, 855, 865, 604, 501], [800, 564, 580, 537, 626], [982, 998, 572, 521, 703], [544, 580, 572, 763, 848], [786, 678, 988, 827, 560], [908, 827, 555, 757, 790], [843, 693, 809, 543, 672]]
Variable production cost per unit of each product in each period p: 
[[10, 13, 11, 12, 12], [10, 11, 12, 13, 12], [11, 12, 13, 11, 11], [11, 11, 11, 13, 12], [12, 13, 10, 13, 12], [13, 10, 11, 11, 10], [13, 10, 11, 13, 11], [11, 12, 11, 11, 13], [12, 11, 10, 10, 13], [11, 12, 10, 13, 13], [10, 13, 10, 10, 10], [13, 12, 10, 11, 13], [10, 10, 13, 12, 13], [13, 10, 12, 13, 10], [11, 10, 10, 12, 12], [10, 11, 13, 10, 10], [11, 12, 13, 12, 10], [11, 10, 11, 10, 12], [12, 12, 10, 12, 13], [10, 13, 11, 11, 12], [11, 12, 13, 11, 13], [11, 12, 10, 10, 11], [11, 11, 11, 11, 12], [13, 12, 10, 13, 10], [10, 11, 12, 11, 11], [13, 13, 10, 13, 12], [11, 11, 10, 12, 12], [10, 11, 10, 10, 12], [12, 12, 12, 12, 11], [10, 12, 11, 12, 11], [10, 12, 10, 11, 13], [13, 13, 10, 10, 13], [13, 11, 10, 13, 11], [11, 13, 12, 10, 12], [10, 13, 12, 11, 11], [13, 10, 11, 10, 10], [13, 10, 13, 13, 11], [10, 10, 11, 12, 13], [12, 11, 13, 11, 12], [13, 13, 13, 12, 13], [11, 13, 12, 10, 11], [13, 10, 13, 10, 10], [10, 12, 10, 11, 12], [13, 11, 11, 12, 10], [12, 10, 10, 11, 12], [13, 10, 10, 13, 13], [10, 10, 13, 12, 11], [11, 10, 11, 10, 13], [10, 11, 10, 12, 11], [13, 12, 10, 12, 12], [10, 11, 10, 13, 11], [11, 13, 10, 12, 10], [12, 11, 11, 13, 13], [10, 10, 13, 10, 12], [13, 13, 11, 11, 13], [13, 10, 12, 13, 11], [13, 13, 11, 10, 10], [12, 10, 13, 13, 12], [10, 11, 11, 11, 12], [12, 10, 10, 13, 13], [11, 11, 11, 12, 11], [10, 10, 13, 10, 12], [11, 11, 11, 10, 13], [12, 11, 13, 10, 13], [12, 10, 13, 12, 13], [11, 11, 11, 11, 10], [11, 12, 11, 13, 11], [10, 11, 10, 12, 12], [12, 12, 10, 11, 10], [10, 10, 12, 12, 11], [11, 11, 12, 11, 11], [13, 13, 11, 10, 11], [11, 12, 12, 11, 13], [12, 13, 10, 12, 10], [10, 10, 11, 10, 12], [13, 10, 13, 11, 11], [11, 11, 11, 13, 10], [10, 11, 10, 11, 11], [13, 10, 11, 10, 10], [13, 11, 13, 11, 11], [10, 13, 13, 12, 10], [13, 13, 11, 13, 10], [10, 13, 11, 10, 12], [11, 10, 12, 11, 10], [11, 13, 10, 11, 11], [10, 11, 13, 10, 11], [13, 11, 11, 11, 11], [10, 10, 12, 12, 11], [10, 11, 10, 11, 10], [11, 12, 13, 13, 12], [13, 13, 11, 12, 11], [13, 12, 11, 11, 13], [10, 11, 11, 10, 12], [10, 11, 13, 13, 11], [10, 10, 12, 12, 13], [10, 10, 12, 12, 13], [12, 11, 13, 12, 12], [12, 11, 12, 13, 12], [10, 11, 12, 11, 12], [13, 13, 10, 11, 13]]
Inventory holding cost per unit of each product by the end of each period h: 
[[8, 5, 7, 6, 6], [6, 5, 9, 7, 8], [5, 9, 8, 6, 7], [9, 7, 7, 7, 6], [9, 8, 9, 9, 8], [8, 9, 8, 5, 7], [9, 6, 7, 7, 6], [9, 6, 6, 6, 5], [6, 6, 7, 8, 9], [7, 8, 9, 7, 9], [8, 9, 8, 8, 7], [5, 7, 7, 6, 8], [6, 5, 7, 6, 9], [7, 7, 8, 6, 7], [6, 6, 7, 7, 5], [6, 7, 5, 8, 6], [8, 7, 5, 9, 5], [7, 6, 5, 7, 6], [8, 6, 9, 7, 5], [8, 5, 9, 7, 7], [9, 9, 8, 9, 5], [7, 9, 5, 5, 5], [5, 9, 5, 9, 8], [5, 9, 9, 9, 9], [7, 9, 6, 7, 7], [9, 8, 8, 8, 6], [5, 6, 7, 7, 5], [9, 5, 6, 8, 5], [8, 6, 7, 6, 7], [7, 6, 5, 5, 8], [8, 8, 9, 9, 9], [6, 9, 5, 9, 6], [9, 9, 5, 8, 9], [8, 5, 9, 8, 8], [8, 7, 7, 8, 5], [7, 7, 7, 5, 8], [9, 6, 8, 8, 7], [8, 6, 5, 6, 7], [7, 8, 6, 6, 6], [9, 8, 7, 6, 5], [7, 5, 8, 8, 9], [5, 9, 5, 9, 5], [6, 5, 8, 6, 9], [8, 7, 6, 8, 6], [7, 5, 8, 6, 7], [5, 6, 8, 5, 9], [7, 5, 5, 6, 7], [6, 9, 7, 5, 8], [6, 9, 8, 7, 6], [6, 9, 6, 8, 7], [7, 9, 9, 6, 8], [5, 9, 5, 7, 6], [6, 7, 7, 9, 9], [6, 7, 5, 8, 6], [7, 8, 9, 7, 5], [7, 8, 8, 8, 7], [7, 9, 9, 7, 6], [8, 7, 5, 8, 7], [8, 8, 7, 6, 9], [8, 8, 7, 9, 8], [9, 6, 8, 9, 5], [6, 7, 6, 7, 9], [8, 7, 6, 9, 8], [5, 7, 5, 5, 5], [6, 5, 7, 9, 8], [9, 8, 6, 8, 8], [9, 7, 6, 8, 9], [9, 7, 9, 7, 9], [6, 9, 7, 6, 7], [5, 8, 6, 8, 7], [7, 6, 6, 7, 7], [8, 5, 6, 8, 5], [9, 6, 9, 7, 5], [8, 7, 8, 7, 8], [8, 6, 8, 9, 8], [8, 9, 5, 6, 7], [6, 5, 8, 6, 8], [6, 6, 6, 6, 8], [7, 6, 6, 6, 5], [6, 5, 5, 6, 8], [7, 8, 9, 5, 7], [5, 8, 7, 7, 9], [9, 9, 8, 7, 8], [9, 8, 5, 7, 9], [7, 8, 7, 7, 6], [8, 9, 8, 8, 8], [7, 9, 5, 7, 7], [7, 8, 7, 9, 9], [9, 9, 6, 8, 7], [6, 6, 9, 9, 9], [6, 6, 8, 9, 5], [5, 6, 7, 6, 9], [6, 7, 5, 6, 9], [7, 8, 8, 8, 8], [6, 7, 5, 8, 6], [9, 9, 5, 7, 9], [9, 8, 7, 5, 5], [9, 8, 6, 7, 9], [7, 6, 7, 5, 7], [8, 5, 9, 6, 6]]
Demand for each product in each period d: 
[[29, 21, 0, 0, 11], [9, 2, 33, 38, 15], [5, 0, 17, 24, 48], [39, 13, 40, 7, 6], [17, 18, 0, 46, 18], [49, 2, 46, 14, 16], [9, 48, 27, 17, 9], [0, 38, 30, 35, 44], [32, 29, 23, 29, 32], [12, 12, 41, 6, 18], [38, 13, 11, 9, 38], [28, 0, 20, 32, 17], [16, 45, 20, 6, 40], [29, 41, 38, 18, 47], [31, 37, 6, 44, 45], [37, 17, 5, 25, 29], [12, 0, 2, 4, 35], [36, 4, 15, 2, 43], [13, 44, 29, 6, 31], [20, 21, 28, 39, 32], [29, 6, 30, 19, 0], [0, 11, 45, 37, 34], [1, 34, 31, 38, 20], [16, 16, 38, 35, 38], [16, 18, 27, 34, 23], [46, 46, 35, 0, 17], [38, 14, 32, 40, 16], [4, 2, 10, 41, 29], [39, 47, 0, 32, 22], [24, 46, 16, 35, 49], [39, 2, 36, 19, 0], [5, 39, 45, 4, 40], [45, 23, 12, 7, 17], [49, 1, 35, 32, 36], [41, 21, 26, 26, 2], [44, 14, 28, 2, 10], [36, 45, 25, 25, 15], [49, 30, 32, 12, 12], [32, 33, 1, 7, 45], [40, 27, 36, 6, 2], [21, 29, 38, 39, 24], [48, 0, 10, 3, 2], [11, 11, 3, 14, 0], [6, 23, 27, 3, 37], [31, 0, 18, 36, 26], [19, 27, 24, 40, 15], [0, 5, 26, 43, 11], [44, 26, 19, 39, 41], [13, 15, 49, 29, 32], [17, 20, 14, 36, 15], [7, 46, 9, 32, 32], [29, 9, 28, 29, 3], [24, 19, 15, 3, 25], [28, 25, 8, 24, 45], [9, 0, 38, 27, 14], [36, 25, 5, 0, 0], [19, 41, 38, 10, 39], [42, 0, 7, 23, 0], [26, 8, 23, 39, 33], [46, 24, 10, 3, 43], [14, 43, 8, 33, 31], [13, 17, 35, 32, 37], [14, 22, 11, 24, 46], [35, 0, 44, 7, 30], [38, 19, 21, 45, 14], [18, 22, 47, 16, 32], [43, 0, 45, 18, 30], [18, 18, 12, 18, 11], [49, 44, 0, 15, 18], [36, 39, 9, 46, 34], [41, 10, 24, 10, 48], [9, 21, 0, 45, 18], [14, 14, 46, 30, 17], [42, 36, 30, 49, 15], [15, 44, 13, 11, 0], [42, 18, 7, 0, 4], [19, 34, 8, 1, 3], [7, 43, 25, 34, 48], [46, 6, 2, 16, 14], [21, 38, 47, 14, 0], [41, 0, 30, 16, 46], [17, 41, 35, 0, 33], [35, 42, 19, 8, 19], [17, 36, 12, 25, 42], [31, 23, 47, 19, 18], [45, 9, 24, 32, 26], [16, 39, 34, 2, 0], [33, 18, 27, 4, 8], [16, 24, 33, 47, 11], [17, 0, 9, 40, 16], [36, 39, 19, 33, 34], [34, 1, 37, 31, 37], [23, 39, 22, 12, 19], [45, 0, 44, 32, 7], [11, 8, 17, 34, 10], [0, 7, 41, 8, 12], [0, 29, 11, 41, 3], [30, 3, 17, 1, 28], [2, 37, 21, 44, 41], [35, 17, 13, 44, 45]]
Maintenance cost in each period m: 
[3174, 5556, 3497, 2554, 6098]
Maximum capacity of the machine cmax: 
4000