Set of periods in the planning horizon T: 
10
Set of products P: 
100
Capacity reduction coefficient alpha: 
0.8
Relative decrease of capacity per set up gamma: 
0.23
Capacity reduction coefficient due to product types beta: 
[0.34, 0.34, 0.4, 0.32, 0.37, 0.34, 0.24, 0.33, 0.32, 0.23, 0.21, 0.24, 0.34, 0.26, 0.25, 0.22, 0.35, 0.23, 0.35, 0.27, 0.38, 0.31, 0.39, 0.24, 0.36, 0.24, 0.34, 0.39, 0.3, 0.21, 0.36, 0.22, 0.39, 0.4, 0.37, 0.22, 0.32, 0.39, 0.31, 0.29, 0.36, 0.39, 0.39, 0.27, 0.28, 0.23, 0.37, 0.21, 0.22, 0.23, 0.3, 0.23, 0.28, 0.31, 0.31, 0.34, 0.27, 0.23, 0.21, 0.22, 0.26, 0.33, 0.29, 0.25, 0.25, 0.21, 0.31, 0.23, 0.28, 0.28, 0.33, 0.34, 0.26, 0.2, 0.3, 0.22, 0.26, 0.22, 0.24, 0.31, 0.34, 0.37, 0.24, 0.25, 0.28, 0.39, 0.38, 0.3, 0.2, 0.37, 0.35, 0.34, 0.28, 0.22, 0.31, 0.27, 0.38, 0.2, 0.23, 0.33]
Fixed production cost of each product in each period f: 
[[509, 799, 815, 612, 646, 674, 722, 880, 523, 704], [713, 598, 930, 622, 938, 656, 678, 754, 834, 524], [970, 597, 565, 866, 760, 521, 537, 503, 583, 645], [593, 718, 655, 872, 840, 664, 592, 869, 955, 684], [912, 609, 582, 865, 633, 907, 571, 631, 600, 519], [519, 603, 831, 849, 935, 713, 982, 541, 649, 953], [550, 534, 749, 957, 772, 753, 594, 629, 874, 736], [811, 653, 591, 851, 753, 942, 503, 641, 670, 981], [621, 696, 993, 506, 727, 857, 516, 775, 621, 597], [674, 901, 837, 847, 683, 729, 770, 854, 520, 516], [900, 520, 648, 719, 986, 668, 550, 567, 552, 809], [534, 529, 560, 866, 581, 989, 536, 680, 814, 560], [728, 672, 946, 505, 795, 691, 530, 531, 602, 736], [849, 529, 606, 654, 935, 851, 698, 984, 712, 667], [579, 571, 643, 833, 797, 775, 688, 628, 538, 937], [823, 803, 713, 516, 703, 942, 880, 839, 708, 634], [841, 510, 909, 506, 972, 977, 626, 559, 690, 616], [671, 868, 778, 963, 893, 831, 552, 518, 613, 790], [828, 827, 629, 690, 531, 625, 711, 622, 861, 784], [666, 572, 761, 926, 745, 770, 671, 768, 707, 754], [774, 835, 519, 882, 835, 642, 620, 701, 578, 671], [510, 728, 594, 994, 520, 625, 545, 803, 832, 737], [673, 723, 936, 735, 903, 536, 797, 679, 932, 902], [917, 635, 859, 871, 975, 980, 627, 969, 550, 928], [857, 606, 990, 551, 725, 931, 652, 947, 992, 751], [752, 964, 885, 900, 643, 701, 784, 798, 502, 952], [970, 604, 703, 706, 803, 788, 657, 559, 668, 923], [837, 820, 711, 627, 632, 612, 753, 829, 654, 539], [911, 618, 705, 616, 925, 531, 537, 650, 578, 915], [669, 703, 616, 928, 569, 669, 527, 684, 896, 996], [651, 678, 561, 959, 765, 904, 647, 743, 856, 553], [775, 885, 833, 685, 659, 687, 852, 764, 550, 907], [972, 648, 890, 905, 679, 522, 545, 909, 658, 661], [501, 770, 891, 694, 854, 718, 650, 741, 856, 762], [741, 516, 664, 914, 669, 863, 897, 837, 648, 545], [559, 565, 913, 642, 764, 721, 733, 759, 806, 822], [946, 858, 827, 983, 577, 937, 852, 638, 783, 626], [675, 735, 923, 531, 534, 651, 528, 722, 634, 784], [588, 539, 913, 969, 921, 711, 510, 889, 748, 867], [850, 714, 506, 833, 707, 581, 747, 530, 775, 582], [673, 507, 853, 690, 696, 952, 848, 786, 895, 675], [664, 882, 679, 654, 857, 643, 792, 741, 678, 770], [735, 757, 832, 697, 871, 646, 588, 964, 793, 806], [685, 840, 688, 959, 919, 890, 907, 879, 744, 949], [788, 856, 679, 827, 735, 603, 771, 899, 621, 550], [979, 545, 910, 666, 621, 824, 633, 978, 664, 908], [943, 591, 964, 795, 572, 842, 800, 686, 543, 950], [976, 788, 949, 526, 682, 892, 674, 758, 813, 607], [735, 985, 993, 754, 968, 814, 858, 873, 694, 997], [933, 921, 816, 503, 970, 578, 593, 765, 734, 868], [720, 981, 537, 693, 732, 504, 577, 962, 656, 615], [760, 830, 577, 637, 972, 920, 834, 911, 527, 701], [923, 677, 751, 713, 547, 889, 914, 818, 929, 521], [985, 797, 717, 525, 995, 725, 736, 945, 762, 523], [929, 916, 632, 889, 998, 752, 838, 532, 966, 842], [886, 766, 637, 582, 591, 550, 595, 518, 626, 765], [914, 920, 874, 951, 927, 926, 773, 690, 622, 794], [959, 614, 683, 636, 849, 664, 728, 821, 819, 752], [960, 588, 849, 913, 521, 556, 772, 679, 883, 597], [573, 528, 996, 583, 757, 619, 798, 854, 850, 990], [649, 618, 999, 870, 751, 811, 536, 742, 568, 933], [998, 937, 796, 973, 978, 585, 762, 923, 919, 596], [756, 812, 570, 876, 877, 898, 782, 907, 723, 825], [716, 792, 687, 559, 756, 946, 587, 714, 526, 603], [882, 627, 695, 544, 559, 962, 834, 546, 932, 898], [911, 543, 715, 938, 790, 927, 544, 834, 550, 673], [695, 599, 537, 826, 693, 511, 948, 993, 999, 551], [788, 897, 975, 733, 980, 535, 639, 778, 556, 772], [753, 588, 841, 529, 630, 737, 547, 845, 527, 562], [548, 597, 650, 819, 541, 690, 971, 848, 942, 611], [630, 665, 504, 616, 714, 531, 508, 532, 904, 777], [749, 591, 746, 937, 706, 594, 528, 897, 798, 659], [895, 696, 672, 901, 719, 585, 574, 678, 970, 888], [685, 844, 642, 890, 594, 884, 525, 884, 590, 852], [872, 940, 886, 931, 612, 781, 646, 665, 949, 963], [833, 722, 881, 952, 777, 818, 575, 669, 981, 641], [904, 661, 860, 861, 996, 838, 748, 621, 843, 868], [906, 985, 526, 538, 680, 946, 843, 822, 882, 502], [828, 848, 672, 990, 840, 701, 744, 546, 585, 536], [702, 780, 898, 910, 570, 957, 589, 720, 876, 895], [598, 518, 965, 888, 941, 724, 639, 855, 515, 529], [916, 703, 837, 882, 821, 757, 679, 880, 652, 703], [685, 506, 927, 912, 710, 798, 907, 531, 757, 575], [960, 879, 990, 831, 513, 728, 621, 643, 592, 887], [830, 534, 799, 694, 668, 962, 691, 530, 956, 746], [991, 889, 887, 979, 783, 616, 577, 884, 519, 806], [949, 722, 568, 871, 731, 622, 941, 752, 662, 735], [696, 862, 598, 756, 507, 947, 764, 621, 714, 851], [592, 942, 738, 618, 941, 846, 547, 823, 577, 967], [711, 638, 860, 987, 894, 985, 847, 614, 758, 920], [703, 515, 999, 930, 856, 892, 898, 559, 619, 647], [690, 610, 638, 583, 606, 731, 998, 892, 803, 920], [585, 622, 969, 578, 670, 801, 755, 835, 936, 536], [943, 813, 702, 570, 737, 828, 697, 880, 573, 792], [812, 811, 550, 875, 515, 510, 584, 702, 541, 902], [915, 915, 899, 599, 528, 912, 898, 960, 694, 619], [985, 554, 639, 623, 684, 977, 896, 509, 578, 584], [635, 900, 866, 827, 995, 807, 971, 697, 921, 800], [685, 736, 920, 568, 977, 896, 506, 750, 993, 775], [916, 695, 592, 531, 673, 797, 669, 712, 874, 949]]
Variable production cost per unit of each product in each period p: 
[[13, 11, 11, 11, 11, 11, 13, 13, 13, 11], [12, 10, 13, 13, 13, 11, 12, 13, 13, 12], [13, 13, 12, 11, 12, 12, 11, 12, 12, 13], [13, 13, 11, 11, 10, 11, 12, 13, 13, 11], [13, 12, 10, 13, 10, 10, 10, 12, 13, 13], [11, 10, 13, 11, 13, 11, 10, 10, 12, 13], [11, 11, 11, 12, 12, 13, 11, 11, 12, 13], [12, 13, 13, 10, 12, 10, 10, 10, 11, 10], [12, 12, 12, 12, 10, 12, 12, 12, 12, 12], [10, 13, 13, 10, 11, 12, 11, 13, 12, 13], [10, 11, 11, 11, 10, 10, 11, 11, 12, 10], [10, 13, 12, 10, 11, 10, 10, 13, 11, 10], [11, 10, 12, 10, 11, 11, 13, 12, 10, 13], [12, 12, 10, 11, 12, 12, 13, 12, 10, 13], [11, 12, 11, 11, 10, 11, 11, 11, 10, 13], [12, 12, 10, 12, 10, 10, 12, 12, 11, 11], [10, 13, 12, 11, 11, 10, 11, 12, 12, 11], [12, 13, 13, 10, 11, 12, 11, 13, 12, 12], [12, 11, 12, 10, 12, 12, 12, 13, 10, 12], [11, 13, 10, 13, 12, 10, 10, 11, 10, 11], [10, 10, 11, 13, 12, 10, 12, 10, 10, 13], [10, 10, 10, 12, 12, 11, 12, 10, 11, 12], [13, 10, 12, 11, 10, 11, 11, 13, 10, 13], [10, 12, 10, 11, 11, 10, 11, 12, 12, 12], [12, 12, 13, 13, 13, 13, 10, 10, 12, 13], [13, 10, 10, 12, 13, 13, 10, 11, 10, 10], [10, 10, 12, 10, 12, 13, 10, 12, 12, 13], [11, 13, 10, 12, 11, 10, 13, 12, 10, 13], [13, 12, 12, 11, 13, 12, 10, 12, 13, 12], [13, 11, 11, 10, 10, 12, 13, 11, 12, 13], [10, 12, 10, 10, 12, 12, 13, 11, 10, 12], [13, 12, 10, 11, 13, 13, 10, 13, 13, 11], [10, 10, 11, 13, 11, 12, 13, 11, 12, 10], [12, 13, 11, 11, 12, 10, 12, 13, 12, 11], [13, 12, 10, 12, 12, 11, 10, 13, 12, 12], [10, 12, 13, 10, 13, 12, 12, 11, 12, 13], [13, 10, 11, 12, 11, 10, 12, 12, 10, 10], [10, 11, 10, 11, 10, 13, 12, 12, 12, 13], [10, 12, 12, 11, 13, 12, 13, 10, 12, 11], [11, 13, 10, 13, 10, 11, 10, 12, 10, 13], [13, 10, 12, 12, 13, 12, 12, 11, 10, 12], [12, 12, 11, 13, 13, 13, 10, 10, 13, 11], [12, 11, 13, 10, 11, 12, 10, 12, 12, 10], [11, 13, 10, 13, 11, 11, 11, 13, 11, 10], [12, 12, 11, 10, 13, 11, 13, 11, 11, 10], [10, 11, 13, 10, 13, 12, 13, 11, 10, 11], [12, 12, 12, 10, 12, 13, 12, 12, 11, 10], [10, 11, 12, 12, 11, 12, 12, 10, 13, 12], [12, 11, 13, 10, 11, 10, 13, 13, 11, 10], [13, 11, 10, 13, 12, 13, 10, 12, 11, 10], [13, 13, 11, 12, 11, 11, 10, 10, 10, 13], [10, 12, 13, 10, 13, 13, 10, 11, 13, 10], [10, 11, 13, 11, 12, 11, 13, 10, 10, 10], [12, 11, 10, 13, 12, 13, 11, 13, 12, 12], [12, 13, 11, 12, 10, 10, 13, 13, 10, 10], [10, 13, 10, 13, 11, 13, 11, 13, 10, 10], [10, 13, 11, 11, 13, 13, 10, 11, 11, 13], [11, 12, 12, 10, 12, 13, 10, 12, 11, 13], [10, 12, 10, 10, 10, 12, 13, 12, 13, 10], [10, 11, 12, 13, 13, 10, 12, 12, 12, 13], [13, 12, 12, 13, 13, 10, 10, 11, 13, 12], [13, 12, 10, 10, 13, 13, 10, 10, 12, 11], [13, 13, 12, 12, 12, 12, 12, 11, 11, 11], [11, 12, 13, 13, 13, 11, 10, 11, 11, 10], [13, 12, 12, 13, 10, 11, 10, 11, 13, 13], [10, 13, 10, 13, 12, 11, 11, 11, 13, 13], [10, 10, 12, 10, 13, 12, 13, 10, 13, 11], [12, 11, 11, 12, 13, 12, 11, 13, 13, 12], [10, 10, 10, 11, 10, 10, 12, 10, 12, 10], [11, 10, 11, 11, 10, 10, 10, 12, 11, 11], [13, 10, 11, 13, 10, 13, 10, 10, 11, 11], [12, 12, 13, 11, 11, 10, 11, 12, 10, 10], [11, 13, 12, 11, 13, 13, 12, 12, 13, 10], [13, 12, 10, 11, 11, 10, 11, 10, 10, 13], [11, 10, 12, 13, 10, 12, 13, 10, 12, 10], [13, 13, 10, 13, 11, 11, 11, 10, 13, 12], [13, 11, 12, 10, 12, 11, 11, 11, 12, 10], [10, 12, 13, 13, 10, 10, 10, 10, 13, 11], [10, 10, 13, 12, 10, 13, 13, 11, 12, 12], [10, 11, 11, 11, 13, 12, 13, 12, 13, 11], [12, 12, 12, 10, 12, 10, 12, 11, 11, 10], [10, 10, 10, 13, 11, 11, 12, 11, 12, 12], [11, 10, 13, 12, 10, 12, 10, 13, 13, 12], [12, 11, 13, 12, 11, 11, 11, 12, 12, 12], [10, 13, 13, 11, 13, 10, 13, 13, 11, 10], [12, 12, 11, 12, 13, 10, 12, 13, 13, 10], [13, 11, 12, 13, 13, 11, 13, 10, 11, 13], [11, 13, 10, 13, 13, 13, 13, 11, 11, 10], [11, 12, 10, 11, 12, 11, 11, 10, 13, 10], [11, 13, 12, 10, 10, 13, 11, 11, 12, 13], [12, 12, 10, 12, 13, 12, 12, 13, 11, 12], [10, 11, 13, 13, 11, 13, 12, 13, 13, 10], [10, 12, 11, 13, 11, 10, 11, 12, 12, 11], [13, 10, 13, 10, 12, 13, 12, 11, 12, 12], [13, 13, 11, 10, 12, 13, 12, 10, 12, 10], [12, 12, 10, 12, 11, 10, 12, 11, 11, 12], [11, 13, 10, 13, 12, 11, 13, 12, 13, 12], [12, 11, 10, 12, 13, 12, 10, 12, 11, 12], [13, 13, 13, 11, 10, 12, 12, 12, 13, 13], [12, 13, 10, 13, 13, 11, 10, 13, 10, 13]]
Inventory holding cost per unit of each product by the end of each period h: 
[[9, 5, 9, 5, 6, 5, 6, 9, 6, 9], [5, 9, 9, 8, 8, 9, 6, 6, 6, 5], [6, 8, 8, 7, 8, 5, 7, 8, 9, 7], [8, 6, 8, 7, 9, 7, 5, 5, 8, 5], [7, 5, 6, 5, 8, 5, 7, 8, 5, 6], [5, 6, 9, 9, 7, 9, 7, 6, 8, 7], [5, 6, 9, 7, 5, 6, 8, 8, 9, 6], [7, 9, 5, 7, 6, 7, 9, 8, 6, 9], [8, 5, 8, 9, 9, 8, 8, 7, 6, 5], [8, 5, 9, 7, 9, 8, 5, 9, 9, 8], [9, 5, 6, 8, 8, 5, 6, 9, 7, 6], [5, 6, 8, 9, 7, 9, 8, 9, 8, 5], [6, 8, 5, 9, 5, 5, 6, 7, 5, 6], [6, 9, 9, 9, 9, 6, 5, 9, 6, 8], [9, 7, 6, 6, 8, 9, 8, 6, 6, 9], [8, 8, 5, 7, 6, 6, 9, 6, 9, 5], [6, 9, 9, 6, 7, 9, 6, 5, 8, 7], [7, 7, 7, 5, 7, 5, 6, 8, 5, 7], [5, 5, 9, 8, 8, 9, 5, 9, 8, 8], [5, 7, 6, 5, 5, 8, 9, 8, 7, 9], [8, 9, 8, 5, 8, 7, 8, 9, 9, 6], [8, 8, 5, 5, 8, 6, 7, 9, 6, 8], [6, 6, 9, 9, 7, 6, 6, 5, 6, 5], [8, 5, 7, 9, 8, 9, 6, 8, 9, 9], [9, 9, 6, 8, 7, 7, 6, 6, 5, 6], [6, 7, 7, 8, 8, 5, 7, 6, 5, 6], [6, 6, 7, 5, 6, 6, 7, 8, 9, 7], [8, 9, 6, 8, 6, 9, 7, 9, 5, 9], [7, 7, 5, 7, 5, 8, 7, 7, 5, 7], [8, 5, 7, 9, 6, 5, 8, 9, 8, 6], [5, 7, 5, 7, 5, 7, 8, 8, 8, 7], [6, 8, 8, 9, 5, 9, 6, 8, 9, 7], [7, 8, 6, 5, 7, 9, 6, 9, 8, 9], [7, 6, 5, 9, 6, 7, 9, 8, 9, 5], [5, 5, 5, 6, 7, 5, 6, 5, 5, 8], [9, 5, 8, 7, 5, 5, 6, 5, 6, 7], [7, 6, 7, 9, 8, 9, 6, 6, 7, 6], [5, 7, 8, 8, 7, 6, 6, 8, 8, 6], [9, 8, 6, 6, 6, 5, 8, 9, 7, 5], [9, 9, 5, 8, 6, 6, 8, 6, 6, 8], [9, 7, 9, 5, 8, 8, 9, 5, 7, 5], [9, 8, 9, 9, 5, 5, 7, 9, 5, 7], [5, 8, 9, 9, 7, 8, 5, 7, 5, 8], [9, 5, 8, 7, 5, 8, 8, 9, 6, 8], [9, 9, 7, 5, 5, 5, 9, 5, 5, 6], [5, 5, 5, 8, 6, 6, 5, 6, 8, 8], [6, 5, 9, 5, 7, 5, 7, 7, 8, 5], [6, 5, 9, 7, 6, 8, 9, 9, 5, 8], [8, 5, 5, 6, 6, 6, 7, 5, 6, 7], [8, 6, 7, 5, 7, 5, 7, 8, 7, 9], [6, 7, 8, 5, 5, 8, 6, 9, 5, 6], [8, 7, 6, 7, 6, 6, 9, 8, 5, 5], [7, 5, 7, 7, 5, 7, 8, 9, 7, 6], [8, 9, 7, 6, 6, 7, 8, 5, 8, 5], [5, 6, 8, 7, 6, 6, 5, 9, 7, 8], [6, 7, 9, 6, 9, 9, 7, 6, 7, 9], [6, 8, 8, 5, 9, 7, 6, 5, 6, 7], [6, 9, 9, 5, 6, 5, 5, 8, 8, 7], [6, 8, 5, 6, 5, 6, 6, 5, 8, 5], [7, 7, 6, 6, 7, 9, 6, 7, 8, 6], [7, 5, 8, 5, 5, 5, 7, 9, 5, 6], [7, 6, 8, 8, 8, 8, 7, 7, 6, 9], [6, 7, 8, 6, 8, 8, 6, 5, 6, 8], [8, 5, 7, 9, 7, 8, 7, 7, 5, 6], [6, 7, 5, 9, 5, 5, 7, 7, 6, 7], [6, 9, 9, 9, 6, 6, 9, 6, 8, 5], [7, 5, 6, 6, 8, 9, 7, 8, 8, 9], [9, 7, 9, 6, 7, 9, 9, 5, 8, 6], [6, 6, 5, 8, 7, 8, 9, 6, 8, 8], [6, 6, 6, 9, 9, 8, 8, 6, 9, 6], [5, 7, 6, 9, 7, 6, 8, 5, 6, 9], [7, 6, 9, 6, 7, 6, 5, 9, 9, 5], [8, 6, 5, 9, 8, 8, 9, 7, 8, 8], [7, 7, 8, 7, 8, 5, 5, 8, 9, 8], [6, 9, 6, 7, 8, 7, 9, 5, 8, 7], [5, 8, 6, 9, 7, 5, 7, 8, 8, 7], [7, 5, 6, 6, 8, 9, 5, 7, 7, 9], [7, 8, 8, 6, 7, 9, 9, 5, 6, 9], [6, 5, 8, 9, 8, 7, 6, 9, 6, 9], [5, 5, 6, 9, 6, 5, 7, 8, 9, 8], [7, 8, 7, 7, 5, 8, 5, 5, 8, 7], [6, 7, 8, 5, 8, 6, 8, 8, 7, 7], [9, 5, 6, 7, 6, 8, 8, 5, 8, 6], [7, 5, 9, 6, 9, 6, 7, 8, 9, 9], [8, 5, 8, 7, 8, 8, 7, 9, 7, 8], [7, 7, 7, 9, 8, 9, 5, 9, 7, 5], [7, 9, 7, 7, 6, 8, 7, 7, 5, 9], [7, 8, 7, 6, 6, 6, 5, 6, 5, 8], [6, 6, 7, 9, 5, 6, 6, 5, 9, 9], [8, 8, 8, 5, 8, 9, 9, 8, 7, 7], [8, 8, 8, 9, 5, 7, 9, 9, 8, 9], [9, 8, 9, 5, 8, 9, 8, 7, 8, 9], [6, 6, 5, 7, 5, 6, 8, 9, 7, 6], [9, 9, 6, 9, 7, 9, 6, 7, 6, 8], [8, 8, 9, 8, 9, 6, 9, 5, 8, 8], [5, 8, 6, 6, 8, 7, 8, 5, 5, 8], [8, 8, 7, 6, 9, 7, 7, 9, 5, 8], [6, 5, 9, 7, 8, 9, 5, 7, 8, 8], [6, 5, 5, 7, 9, 6, 7, 6, 8, 5], [9, 9, 6, 5, 7, 5, 9, 6, 8, 9]]
Demand for each product in each period d: 
[[3, 18, 37, 16, 9, 5, 47, 30, 25, 13], [32, 1, 7, 19, 49, 22, 2, 44, 47, 19], [42, 43, 33, 43, 0, 48, 26, 45, 48, 18], [39, 47, 43, 0, 3, 0, 40, 41, 1, 8], [21, 46, 0, 39, 45, 43, 26, 49, 18, 42], [19, 1, 7, 16, 30, 29, 9, 29, 30, 6], [35, 22, 42, 23, 17, 2, 15, 45, 14, 32], [0, 33, 46, 40, 0, 34, 15, 11, 2, 42], [3, 40, 4, 27, 48, 0, 12, 15, 12, 39], [22, 38, 28, 31, 46, 0, 15, 49, 14, 24], [23, 0, 28, 16, 25, 43, 20, 23, 7, 49], [4, 9, 20, 44, 23, 35, 48, 25, 30, 35], [16, 38, 32, 14, 10, 31, 47, 27, 35, 11], [12, 19, 0, 46, 0, 9, 44, 0, 2, 17], [8, 0, 34, 30, 42, 41, 43, 42, 38, 8], [40, 32, 24, 33, 29, 29, 33, 11, 30, 4], [18, 17, 9, 14, 23, 15, 16, 37, 4, 13], [46, 29, 7, 8, 46, 32, 39, 47, 17, 23], [7, 36, 44, 5, 42, 37, 17, 41, 46, 4], [22, 34, 13, 21, 0, 29, 10, 43, 20, 46], [8, 4, 10, 20, 3, 0, 49, 15, 10, 32], [34, 34, 49, 16, 49, 12, 28, 46, 5, 14], [45, 43, 31, 45, 29, 3, 33, 34, 20, 30], [12, 3, 25, 10, 40, 27, 19, 43, 8, 9], [28, 18, 29, 16, 32, 31, 26, 20, 24, 8], [30, 0, 39, 24, 46, 35, 41, 41, 48, 42], [27, 18, 17, 20, 47, 34, 2, 41, 36, 5], [4, 16, 10, 31, 31, 7, 38, 32, 33, 7], [12, 41, 8, 45, 11, 2, 38, 37, 38, 34], [3, 43, 24, 12, 6, 42, 10, 36, 49, 10], [28, 44, 9, 36, 6, 44, 43, 36, 5, 22], [17, 21, 9, 20, 31, 44, 31, 34, 36, 31], [0, 33, 15, 9, 33, 33, 10, 28, 0, 20], [14, 14, 2, 22, 31, 33, 1, 3, 26, 3], [0, 0, 20, 20, 15, 22, 13, 12, 25, 40], [34, 30, 3, 7, 18, 32, 10, 11, 30, 34], [36, 29, 26, 25, 19, 22, 8, 3, 46, 14], [18, 23, 12, 49, 0, 42, 32, 20, 28, 48], [46, 23, 28, 17, 28, 35, 7, 7, 4, 6], [25, 32, 49, 21, 18, 17, 19, 28, 39, 48], [24, 44, 12, 49, 2, 28, 28, 6, 31, 19], [7, 0, 13, 31, 30, 30, 32, 46, 37, 43], [12, 45, 41, 10, 32, 29, 36, 26, 37, 5], [11, 39, 29, 38, 27, 2, 6, 48, 45, 45], [22, 45, 19, 23, 9, 30, 9, 9, 20, 48], [15, 1, 22, 15, 48, 16, 46, 40, 45, 0], [0, 17, 17, 0, 30, 0, 29, 22, 0, 30], [17, 31, 21, 0, 19, 21, 21, 5, 44, 11], [14, 4, 27, 0, 37, 4, 38, 27, 1, 22], [18, 3, 26, 24, 39, 41, 8, 20, 0, 23], [24, 26, 14, 24, 30, 14, 13, 33, 26, 3], [1, 49, 29, 38, 21, 16, 4, 45, 43, 16], [27, 46, 13, 22, 30, 43, 27, 14, 42, 6], [12, 2, 29, 36, 49, 10, 15, 18, 44, 8], [11, 15, 30, 43, 36, 1, 1, 7, 39, 40], [41, 46, 0, 18, 49, 32, 26, 47, 40, 3], [20, 35, 35, 30, 32, 30, 24, 44, 19, 11], [1, 9, 42, 19, 33, 14, 38, 39, 26, 1], [9, 33, 39, 1, 6, 23, 3, 16, 22, 8], [40, 35, 35, 0, 28, 30, 20, 29, 6, 23], [6, 25, 33, 20, 29, 32, 35, 18, 31, 36], [19, 17, 0, 37, 20, 8, 31, 40, 49, 7], [43, 26, 24, 14, 14, 4, 1, 6, 29, 46], [33, 15, 35, 32, 48, 35, 39, 32, 10, 32], [19, 21, 11, 43, 12, 0, 27, 46, 11, 24], [20, 0, 17, 46, 48, 49, 26, 17, 44, 31], [17, 10, 14, 8, 36, 36, 13, 48, 36, 45], [31, 10, 15, 17, 12, 34, 10, 32, 26, 0], [11, 46, 23, 0, 2, 33, 0, 39, 20, 22], [42, 42, 39, 33, 31, 37, 34, 1, 45, 31], [49, 30, 17, 9, 40, 42, 48, 4, 7, 47], [31, 32, 22, 31, 26, 39, 39, 34, 49, 15], [38, 1, 27, 49, 20, 40, 37, 33, 24, 31], [34, 12, 30, 38, 33, 0, 32, 8, 22, 32], [34, 18, 0, 35, 26, 11, 13, 27, 32, 13], [13, 0, 45, 43, 0, 11, 33, 18, 21, 15], [39, 14, 42, 6, 0, 33, 6, 29, 25, 0], [20, 28, 43, 40, 31, 38, 15, 20, 0, 23], [34, 46, 37, 28, 14, 38, 30, 43, 43, 44], [0, 2, 29, 0, 7, 42, 26, 0, 41, 16], [15, 0, 21, 28, 37, 39, 27, 12, 35, 7], [19, 45, 20, 46, 0, 46, 23, 16, 18, 21], [41, 13, 22, 0, 40, 45, 17, 35, 10, 7], [36, 34, 44, 41, 1, 34, 47, 8, 24, 15], [1, 34, 49, 37, 9, 8, 23, 0, 29, 45], [40, 46, 8, 0, 39, 3, 20, 2, 0, 25], [10, 16, 8, 18, 33, 0, 25, 45, 5, 25], [13, 0, 4, 14, 6, 27, 33, 2, 7, 46], [24, 36, 39, 0, 3, 22, 16, 45, 4, 7], [19, 47, 47, 41, 10, 23, 2, 41, 37, 0], [9, 7, 6, 42, 3, 2, 42, 39, 1, 34], [22, 2, 47, 18, 36, 36, 0, 18, 20, 48], [9, 6, 6, 43, 21, 49, 35, 30, 38, 23], [40, 14, 5, 12, 36, 39, 39, 48, 43, 30], [38, 43, 17, 21, 43, 6, 49, 48, 12, 28], [25, 25, 3, 44, 28, 13, 0, 9, 36, 27], [28, 2, 37, 49, 12, 13, 27, 25, 49, 8], [0, 39, 14, 6, 33, 18, 45, 25, 33, 43], [3, 24, 43, 31, 49, 39, 37, 0, 2, 19], [30, 19, 22, 29, 42, 13, 11, 14, 41, 42]]
Maintenance cost in each period m: 
[5297, 5223, 5802, 5616, 5395, 6871, 6074, 5162, 7327, 5708]
Maximum capacity of the machine cmax: 
4900