Set of periods in the planning horizon T: 
35
Set of products P: 
75
Capacity reduction coefficient alpha: 
0.8
Relative decrease of capacity per set up gamma: 
0.38
Capacity reduction coefficient due to product types beta: 
[0.39, 0.32, 0.2, 0.25, 0.38, 0.37, 0.29, 0.32, 0.31, 0.36, 0.25, 0.36, 0.27, 0.25, 0.36, 0.25, 0.33, 0.39, 0.37, 0.22, 0.36, 0.34, 0.32, 0.31, 0.31, 0.38, 0.38, 0.33, 0.25, 0.37, 0.23, 0.39, 0.4, 0.27, 0.28, 0.31, 0.25, 0.26, 0.34, 0.4, 0.36, 0.26, 0.3, 0.27, 0.34, 0.24, 0.38, 0.39, 0.4, 0.38, 0.36, 0.35, 0.38, 0.39, 0.39, 0.25, 0.2, 0.36, 0.22, 0.38, 0.24, 0.3, 0.26, 0.36, 0.31, 0.26, 0.25, 0.22, 0.3, 0.25, 0.25, 0.23, 0.33, 0.3, 0.38]
Fixed production cost of each product in each period f: 
[[771, 713, 961, 663, 840, 579, 924, 724, 822, 788, 778, 942, 716, 932, 658, 902, 915, 887, 838, 749, 891, 732, 530, 939, 814, 562, 887, 537, 965, 796, 767, 853, 818, 979, 789], [694, 945, 530, 672, 926, 945, 534, 540, 705, 748, 790, 717, 840, 766, 648, 823, 986, 622, 703, 703, 697, 776, 825, 986, 811, 765, 545, 862, 589, 620, 715, 689, 923, 927, 680], [646, 516, 522, 980, 746, 818, 557, 824, 665, 946, 854, 593, 912, 621, 675, 642, 695, 898, 941, 952, 686, 721, 861, 812, 712, 826, 553, 987, 856, 634, 874, 549, 607, 539, 943], [910, 518, 665, 853, 827, 568, 653, 550, 863, 782, 500, 689, 781, 565, 726, 596, 640, 736, 954, 772, 510, 518, 982, 822, 836, 878, 981, 668, 939, 858, 534, 526, 650, 575, 629], [823, 583, 826, 509, 736, 906, 938, 562, 748, 557, 736, 912, 669, 986, 572, 936, 999, 976, 855, 656, 941, 559, 855, 907, 763, 597, 516, 934, 572, 743, 729, 684, 839, 652, 526], [526, 875, 715, 930, 877, 684, 795, 945, 615, 901, 901, 522, 799, 832, 961, 850, 739, 959, 599, 925, 657, 665, 739, 678, 542, 738, 527, 705, 895, 816, 740, 945, 770, 810, 542], [678, 633, 646, 755, 648, 841, 568, 509, 852, 503, 909, 922, 812, 757, 925, 902, 860, 906, 750, 749, 525, 866, 783, 547, 752, 903, 649, 923, 740, 606, 754, 735, 795, 531, 637], [759, 745, 946, 670, 515, 679, 922, 853, 889, 904, 737, 790, 680, 812, 887, 794, 514, 961, 754, 967, 985, 773, 766, 583, 760, 645, 676, 810, 660, 890, 620, 875, 824, 891, 900], [889, 784, 933, 580, 891, 518, 701, 801, 876, 889, 534, 728, 967, 795, 554, 698, 847, 614, 771, 924, 580, 596, 802, 586, 659, 860, 727, 621, 637, 933, 587, 662, 880, 958, 786], [656, 521, 832, 833, 590, 837, 537, 686, 606, 699, 861, 846, 577, 893, 585, 573, 693, 990, 661, 935, 853, 605, 546, 692, 845, 782, 723, 991, 525, 563, 720, 849, 716, 549, 567], [631, 802, 688, 793, 682, 816, 877, 878, 919, 685, 873, 922, 847, 887, 509, 657, 776, 570, 875, 515, 892, 678, 730, 957, 855, 553, 621, 583, 750, 810, 781, 742, 546, 553, 731], [952, 527, 699, 838, 619, 877, 855, 522, 888, 873, 691, 709, 561, 868, 597, 952, 956, 955, 933, 806, 892, 662, 881, 869, 979, 797, 535, 998, 583, 635, 723, 902, 849, 531, 642], [869, 636, 998, 946, 847, 678, 802, 971, 566, 573, 937, 615, 902, 756, 694, 988, 793, 881, 899, 714, 873, 779, 989, 992, 688, 982, 521, 532, 584, 818, 686, 594, 637, 850, 665], [582, 598, 782, 850, 649, 683, 689, 931, 631, 680, 663, 642, 654, 921, 851, 866, 773, 758, 623, 724, 635, 648, 740, 538, 719, 572, 983, 822, 998, 750, 797, 708, 534, 531, 905], [804, 718, 813, 516, 736, 532, 645, 904, 514, 623, 741, 622, 658, 526, 670, 777, 612, 641, 858, 588, 897, 528, 782, 653, 887, 552, 754, 894, 901, 698, 789, 633, 637, 535, 509], [914, 881, 568, 660, 571, 814, 990, 592, 719, 797, 659, 984, 583, 800, 578, 598, 955, 789, 593, 509, 950, 546, 859, 504, 682, 619, 996, 770, 572, 985, 630, 687, 690, 688, 800], [992, 544, 848, 776, 720, 741, 845, 634, 999, 552, 648, 955, 894, 550, 801, 525, 987, 610, 863, 859, 756, 692, 646, 906, 952, 841, 749, 859, 818, 894, 540, 540, 729, 759, 984], [991, 923, 822, 901, 774, 810, 699, 909, 829, 792, 750, 726, 563, 856, 819, 899, 640, 719, 582, 558, 707, 705, 925, 727, 871, 734, 990, 714, 751, 878, 733, 538, 652, 589, 693], [816, 691, 682, 569, 705, 969, 861, 845, 669, 507, 853, 784, 924, 600, 797, 991, 619, 761, 897, 759, 740, 573, 830, 916, 660, 829, 545, 758, 886, 831, 621, 855, 769, 936, 663], [763, 816, 506, 543, 879, 897, 527, 521, 750, 625, 799, 805, 648, 823, 849, 754, 555, 661, 660, 759, 984, 941, 691, 864, 597, 984, 973, 526, 547, 883, 713, 740, 562, 626, 740], [978, 750, 569, 772, 642, 963, 601, 809, 614, 633, 884, 567, 638, 580, 949, 930, 719, 649, 509, 859, 793, 996, 632, 579, 622, 776, 693, 610, 869, 720, 676, 983, 991, 898, 591], [640, 944, 678, 840, 794, 572, 705, 721, 829, 897, 937, 888, 904, 773, 802, 852, 754, 828, 862, 616, 783, 563, 785, 646, 787, 958, 507, 616, 874, 529, 576, 552, 963, 947, 577], [978, 618, 955, 894, 698, 502, 740, 868, 891, 529, 801, 921, 798, 635, 784, 511, 909, 730, 809, 957, 614, 934, 848, 801, 529, 599, 901, 806, 685, 934, 896, 805, 955, 902, 707], [698, 994, 918, 741, 945, 729, 924, 557, 773, 882, 602, 562, 582, 949, 505, 902, 568, 823, 665, 516, 666, 704, 660, 639, 583, 785, 971, 533, 980, 585, 512, 734, 928, 563, 938], [639, 714, 607, 554, 573, 713, 681, 517, 719, 966, 855, 579, 922, 867, 766, 510, 774, 983, 570, 563, 924, 647, 520, 592, 526, 657, 833, 913, 740, 849, 712, 584, 544, 643, 686], [965, 592, 587, 786, 793, 890, 963, 902, 976, 692, 924, 586, 556, 671, 571, 886, 579, 676, 795, 740, 980, 512, 650, 540, 856, 510, 696, 899, 781, 601, 661, 619, 833, 675, 871], [874, 891, 638, 627, 986, 591, 549, 953, 579, 583, 720, 635, 725, 609, 794, 746, 833, 586, 827, 521, 964, 772, 710, 899, 586, 727, 587, 920, 613, 931, 750, 917, 593, 544, 545], [879, 782, 795, 813, 825, 858, 647, 521, 787, 733, 729, 507, 938, 852, 878, 532, 950, 551, 775, 837, 915, 736, 766, 839, 715, 785, 892, 602, 545, 689, 732, 578, 817, 573, 765], [503, 896, 531, 804, 947, 660, 669, 953, 818, 875, 607, 919, 673, 844, 593, 968, 954, 575, 999, 784, 855, 760, 956, 907, 913, 509, 522, 508, 695, 909, 818, 750, 843, 897, 902], [604, 741, 960, 569, 527, 761, 975, 711, 615, 746, 680, 793, 803, 921, 623, 754, 801, 740, 888, 687, 681, 656, 769, 742, 771, 566, 642, 869, 796, 843, 760, 552, 555, 810, 835], [790, 834, 697, 831, 935, 973, 729, 960, 807, 829, 883, 674, 728, 629, 796, 773, 770, 761, 691, 952, 538, 720, 832, 820, 980, 918, 568, 873, 544, 705, 649, 610, 607, 523, 975], [813, 716, 526, 752, 736, 762, 797, 856, 629, 505, 924, 705, 903, 629, 771, 527, 982, 778, 742, 592, 903, 879, 612, 611, 860, 503, 851, 721, 942, 606, 745, 867, 657, 660, 876], [565, 645, 801, 772, 716, 846, 973, 782, 928, 772, 795, 825, 747, 873, 941, 908, 728, 743, 537, 691, 877, 619, 905, 677, 613, 571, 630, 806, 753, 695, 810, 700, 852, 947, 834], [852, 574, 681, 812, 841, 672, 699, 908, 683, 796, 691, 550, 864, 592, 854, 587, 907, 556, 569, 851, 747, 876, 927, 755, 949, 835, 559, 543, 963, 501, 998, 988, 823, 645, 886], [838, 818, 822, 992, 938, 976, 627, 992, 907, 765, 975, 979, 813, 696, 817, 524, 556, 814, 957, 652, 571, 552, 796, 688, 646, 517, 728, 536, 992, 789, 512, 688, 822, 777, 703], [927, 585, 745, 986, 767, 580, 631, 766, 845, 937, 908, 848, 589, 942, 959, 511, 570, 944, 838, 610, 535, 513, 920, 509, 903, 714, 973, 907, 970, 954, 517, 932, 614, 974, 610], [632, 737, 516, 660, 723, 930, 933, 627, 564, 811, 980, 892, 854, 902, 912, 520, 978, 621, 969, 610, 694, 784, 926, 853, 634, 567, 906, 998, 772, 551, 938, 987, 909, 648, 657], [765, 931, 804, 765, 614, 556, 855, 607, 620, 508, 879, 606, 573, 844, 687, 976, 969, 510, 791, 615, 735, 835, 901, 559, 917, 866, 877, 927, 853, 923, 517, 618, 733, 985, 577], [629, 538, 863, 680, 765, 996, 775, 906, 727, 784, 586, 597, 514, 943, 643, 889, 910, 702, 885, 906, 630, 553, 827, 706, 663, 991, 768, 761, 770, 551, 984, 753, 695, 749, 714], [805, 881, 913, 756, 702, 783, 657, 862, 771, 860, 736, 983, 524, 508, 974, 664, 872, 543, 590, 502, 908, 660, 819, 724, 505, 654, 906, 655, 902, 586, 757, 911, 935, 750, 735], [944, 502, 669, 787, 696, 728, 715, 849, 575, 624, 888, 659, 548, 559, 869, 721, 519, 745, 901, 858, 739, 612, 507, 805, 800, 915, 711, 811, 648, 712, 891, 681, 926, 655, 527], [972, 741, 798, 678, 839, 814, 775, 525, 545, 551, 536, 718, 729, 662, 546, 779, 917, 961, 821, 960, 871, 766, 582, 767, 583, 946, 538, 778, 883, 858, 898, 849, 948, 688, 768], [759, 922, 609, 753, 938, 878, 571, 543, 867, 720, 566, 789, 707, 551, 567, 774, 771, 754, 607, 755, 729, 825, 557, 751, 714, 983, 933, 999, 957, 833, 747, 862, 925, 752, 580], [729, 824, 995, 704, 579, 653, 822, 709, 713, 808, 713, 552, 763, 665, 541, 865, 746, 668, 589, 991, 586, 977, 604, 853, 643, 865, 730, 501, 731, 784, 821, 867, 618, 501, 994], [657, 962, 946, 743, 969, 928, 822, 997, 813, 631, 767, 609, 820, 789, 762, 869, 893, 735, 857, 807, 581, 720, 888, 840, 979, 931, 543, 522, 756, 858, 634, 687, 597, 658, 500], [844, 619, 571, 644, 887, 970, 720, 766, 518, 710, 989, 509, 991, 816, 954, 874, 610, 613, 984, 776, 647, 930, 791, 569, 784, 969, 667, 542, 879, 738, 675, 613, 898, 529, 631], [937, 601, 750, 979, 889, 574, 681, 581, 837, 551, 543, 532, 735, 690, 788, 968, 883, 738, 533, 771, 886, 571, 511, 581, 674, 520, 951, 774, 555, 598, 951, 604, 711, 523, 632], [774, 524, 792, 683, 753, 864, 932, 865, 559, 836, 646, 808, 916, 738, 591, 934, 667, 976, 745, 824, 841, 913, 539, 916, 940, 668, 650, 706, 860, 951, 878, 910, 503, 627, 744], [793, 726, 529, 919, 633, 717, 958, 861, 662, 954, 629, 509, 841, 719, 890, 845, 690, 524, 650, 884, 791, 925, 591, 998, 791, 513, 910, 883, 604, 980, 734, 906, 525, 665, 986], [795, 916, 914, 756, 943, 599, 988, 930, 900, 849, 814, 733, 597, 527, 567, 811, 731, 818, 602, 945, 578, 805, 669, 548, 838, 661, 566, 992, 901, 750, 866, 621, 744, 877, 605], [616, 574, 632, 904, 839, 855, 834, 693, 861, 744, 981, 832, 971, 991, 892, 960, 730, 853, 621, 589, 765, 981, 658, 722, 816, 726, 717, 520, 620, 820, 644, 835, 834, 950, 909], [853, 891, 826, 546, 669, 810, 614, 977, 895, 996, 533, 606, 831, 894, 720, 826, 784, 988, 845, 696, 798, 574, 736, 886, 754, 817, 963, 696, 934, 652, 945, 850, 973, 585, 897], [517, 738, 670, 987, 557, 823, 738, 955, 958, 859, 825, 560, 523, 977, 966, 646, 535, 931, 927, 798, 858, 674, 576, 848, 930, 678, 696, 551, 839, 752, 920, 659, 739, 677, 795], [777, 537, 952, 650, 862, 846, 812, 907, 929, 533, 699, 921, 860, 661, 861, 967, 526, 615, 661, 677, 836, 698, 996, 620, 990, 668, 860, 516, 559, 875, 747, 862, 741, 906, 785], [915, 951, 799, 935, 866, 677, 806, 971, 834, 960, 893, 873, 882, 529, 634, 587, 965, 968, 502, 841, 847, 953, 755, 931, 792, 914, 611, 820, 744, 746, 775, 569, 573, 867, 682], [781, 675, 711, 740, 802, 921, 561, 646, 909, 953, 522, 656, 906, 729, 611, 913, 926, 817, 764, 785, 658, 901, 630, 910, 711, 907, 662, 967, 551, 725, 998, 960, 778, 528, 610], [664, 970, 820, 866, 777, 820, 759, 502, 604, 612, 976, 975, 962, 876, 964, 995, 648, 767, 875, 893, 526, 689, 623, 769, 588, 582, 836, 969, 754, 517, 874, 680, 706, 882, 649], [930, 647, 630, 686, 604, 938, 634, 822, 995, 872, 927, 942, 597, 626, 532, 798, 567, 566, 583, 617, 646, 838, 753, 691, 872, 928, 685, 773, 627, 588, 969, 515, 929, 681, 898], [785, 969, 991, 886, 630, 934, 803, 810, 523, 834, 968, 949, 792, 829, 677, 582, 965, 602, 591, 560, 529, 903, 774, 698, 689, 651, 709, 932, 582, 943, 697, 513, 704, 874, 681], [936, 633, 621, 895, 757, 790, 986, 960, 649, 597, 860, 594, 864, 842, 567, 568, 705, 539, 898, 859, 694, 885, 930, 523, 570, 552, 712, 646, 632, 664, 917, 678, 612, 794, 828], [611, 689, 964, 953, 996, 714, 531, 568, 948, 836, 737, 673, 757, 791, 523, 988, 991, 694, 885, 565, 611, 977, 682, 620, 877, 798, 576, 660, 597, 736, 835, 756, 924, 625, 664], [725, 905, 773, 899, 878, 904, 794, 822, 690, 863, 622, 883, 838, 532, 810, 833, 863, 670, 852, 503, 886, 979, 595, 929, 884, 756, 972, 541, 524, 886, 920, 666, 926, 588, 807], [947, 822, 745, 637, 713, 773, 612, 873, 766, 912, 925, 607, 730, 851, 590, 620, 634, 641, 728, 646, 743, 699, 846, 865, 807, 707, 648, 817, 668, 606, 603, 807, 604, 516, 834], [708, 921, 919, 775, 622, 699, 838, 817, 763, 993, 677, 902, 513, 549, 987, 815, 750, 953, 863, 568, 962, 684, 809, 682, 785, 931, 502, 620, 746, 628, 765, 933, 791, 822, 631], [661, 924, 991, 836, 856, 544, 850, 621, 764, 676, 701, 952, 625, 622, 637, 745, 837, 611, 601, 886, 928, 534, 547, 721, 701, 585, 512, 877, 526, 852, 835, 955, 963, 590, 668], [902, 897, 694, 801, 899, 881, 843, 650, 981, 985, 555, 643, 868, 653, 623, 787, 669, 873, 869, 774, 726, 611, 815, 700, 940, 706, 572, 683, 956, 787, 586, 793, 963, 522, 753], [957, 866, 747, 602, 810, 640, 900, 940, 713, 979, 673, 837, 709, 798, 560, 544, 953, 762, 657, 962, 593, 973, 859, 597, 772, 869, 623, 582, 970, 586, 828, 834, 610, 599, 718], [636, 914, 890, 558, 804, 775, 810, 678, 860, 987, 958, 973, 814, 681, 891, 537, 848, 761, 767, 702, 810, 896, 669, 599, 530, 648, 631, 934, 953, 722, 600, 704, 560, 601, 672], [955, 970, 608, 914, 505, 710, 987, 511, 764, 732, 805, 766, 681, 762, 727, 968, 548, 821, 662, 780, 966, 716, 586, 945, 646, 773, 939, 744, 644, 832, 916, 774, 764, 845, 886], [510, 529, 980, 749, 507, 852, 722, 645, 874, 620, 763, 536, 677, 915, 890, 629, 559, 950, 559, 503, 909, 695, 736, 522, 622, 846, 760, 869, 828, 964, 671, 511, 606, 869, 916], [970, 892, 820, 640, 795, 916, 744, 875, 518, 641, 789, 708, 505, 904, 613, 664, 844, 935, 921, 523, 607, 711, 796, 760, 953, 819, 606, 874, 896, 710, 619, 748, 639, 852, 689], [978, 551, 791, 803, 832, 961, 583, 671, 871, 705, 806, 885, 675, 594, 814, 861, 965, 601, 943, 902, 508, 840, 897, 658, 799, 821, 656, 562, 610, 627, 640, 923, 531, 984, 977], [687, 577, 997, 998, 678, 740, 602, 888, 733, 976, 909, 522, 753, 806, 623, 573, 538, 652, 644, 822, 855, 955, 789, 741, 763, 897, 659, 510, 669, 584, 854, 830, 598, 619, 530], [547, 865, 987, 711, 888, 738, 848, 660, 656, 996, 561, 691, 936, 793, 699, 843, 666, 642, 677, 600, 557, 510, 816, 821, 977, 812, 969, 843, 592, 825, 876, 950, 828, 987, 909], [733, 803, 881, 800, 560, 743, 996, 724, 581, 688, 701, 684, 882, 936, 538, 800, 796, 567, 973, 868, 705, 986, 898, 742, 845, 764, 587, 602, 830, 676, 771, 723, 501, 878, 944]]
Variable production cost per unit of each product in each period p: 
[[12, 13, 12, 12, 11, 12, 10, 10, 13, 10, 12, 12, 11, 12, 11, 11, 13, 11, 11, 10, 12, 12, 11, 11, 10, 10, 11, 11, 10, 11, 13, 10, 13, 12, 10], [13, 11, 12, 13, 13, 10, 11, 12, 10, 10, 11, 10, 11, 12, 11, 12, 10, 12, 13, 10, 13, 11, 11, 13, 10, 13, 11, 12, 11, 12, 11, 10, 13, 10, 10], [12, 11, 10, 12, 13, 13, 10, 11, 11, 12, 12, 12, 12, 13, 10, 10, 11, 12, 11, 11, 10, 11, 10, 10, 12, 11, 10, 12, 11, 11, 13, 11, 11, 10, 11], [13, 11, 12, 11, 12, 12, 12, 11, 11, 10, 10, 11, 12, 11, 12, 11, 12, 11, 13, 11, 12, 11, 11, 12, 11, 11, 11, 10, 10, 10, 13, 13, 12, 10, 13], [13, 10, 11, 12, 13, 10, 11, 10, 11, 10, 10, 11, 10, 11, 13, 10, 12, 12, 11, 10, 11, 11, 10, 10, 13, 11, 11, 10, 11, 11, 13, 12, 12, 12, 10], [12, 13, 13, 12, 11, 10, 10, 12, 12, 11, 10, 10, 11, 13, 13, 12, 11, 11, 10, 11, 13, 12, 10, 12, 10, 13, 12, 10, 12, 13, 12, 10, 11, 12, 13], [10, 12, 13, 11, 10, 13, 11, 10, 10, 12, 12, 12, 12, 11, 10, 12, 11, 10, 10, 12, 13, 13, 10, 13, 12, 13, 10, 10, 12, 12, 13, 11, 11, 11, 13], [10, 10, 10, 10, 12, 12, 11, 11, 12, 10, 10, 13, 13, 13, 11, 12, 12, 11, 10, 12, 12, 11, 10, 11, 11, 12, 11, 10, 10, 12, 12, 13, 13, 10, 11], [13, 12, 11, 13, 12, 13, 13, 13, 12, 13, 13, 13, 12, 11, 12, 12, 13, 10, 10, 13, 11, 10, 13, 10, 10, 13, 12, 13, 13, 11, 11, 13, 13, 11, 12], [13, 10, 11, 11, 11, 13, 11, 10, 13, 11, 13, 13, 10, 10, 10, 12, 12, 10, 10, 13, 13, 11, 10, 10, 11, 12, 11, 11, 11, 10, 12, 13, 13, 13, 10], [10, 10, 12, 12, 10, 11, 10, 12, 10, 10, 11, 10, 13, 12, 13, 13, 12, 11, 11, 10, 10, 12, 11, 11, 13, 11, 13, 13, 12, 10, 11, 12, 11, 13, 12], [11, 11, 12, 12, 11, 13, 11, 10, 12, 10, 11, 11, 11, 10, 10, 12, 11, 12, 13, 11, 12, 13, 10, 12, 11, 10, 11, 11, 10, 12, 12, 13, 10, 13, 10], [13, 10, 10, 10, 10, 13, 13, 10, 13, 13, 10, 12, 10, 13, 10, 10, 13, 12, 11, 11, 13, 11, 13, 12, 12, 11, 13, 12, 10, 11, 10, 11, 10, 12, 11], [12, 12, 12, 10, 11, 11, 13, 12, 11, 10, 10, 12, 10, 10, 10, 12, 10, 13, 12, 12, 13, 11, 12, 13, 12, 13, 13, 11, 13, 11, 11, 11, 12, 11, 11], [10, 10, 11, 13, 12, 12, 11, 10, 13, 13, 11, 13, 10, 13, 12, 10, 10, 13, 10, 12, 11, 10, 12, 11, 10, 13, 13, 11, 13, 12, 11, 10, 10, 11, 13], [13, 13, 11, 11, 11, 12, 11, 12, 12, 11, 10, 10, 12, 11, 10, 12, 12, 11, 11, 13, 13, 12, 10, 12, 11, 11, 11, 12, 10, 11, 11, 10, 12, 12, 12], [13, 12, 12, 12, 13, 13, 12, 10, 10, 11, 12, 11, 10, 11, 10, 12, 13, 13, 13, 11, 12, 12, 13, 12, 13, 12, 10, 11, 12, 13, 10, 13, 12, 10, 13], [12, 12, 13, 12, 11, 10, 11, 12, 10, 12, 12, 12, 10, 11, 10, 13, 10, 10, 11, 12, 13, 13, 10, 11, 12, 13, 10, 12, 12, 12, 11, 10, 13, 13, 10], [10, 11, 11, 12, 12, 11, 10, 10, 11, 10, 12, 11, 11, 10, 10, 11, 12, 12, 13, 12, 10, 12, 10, 10, 12, 11, 12, 12, 12, 11, 12, 12, 10, 11, 12], [11, 11, 12, 13, 12, 11, 10, 10, 11, 10, 12, 11, 11, 13, 10, 11, 13, 11, 13, 13, 11, 13, 10, 10, 11, 12, 13, 11, 10, 12, 13, 12, 11, 11, 12], [11, 13, 12, 10, 12, 12, 12, 13, 13, 13, 11, 10, 10, 10, 10, 11, 13, 10, 13, 11, 11, 12, 10, 11, 11, 11, 11, 12, 13, 11, 13, 12, 13, 13, 12], [11, 11, 11, 12, 13, 10, 10, 11, 12, 12, 10, 11, 12, 12, 11, 12, 10, 13, 13, 11, 10, 13, 10, 10, 12, 12, 10, 10, 10, 10, 13, 12, 13, 11, 12], [11, 10, 10, 13, 10, 10, 12, 10, 11, 12, 10, 11, 13, 13, 12, 10, 10, 12, 10, 13, 11, 11, 11, 12, 10, 11, 10, 13, 12, 10, 10, 12, 11, 11, 13], [11, 13, 12, 12, 12, 11, 10, 12, 13, 11, 13, 10, 12, 10, 13, 10, 13, 13, 11, 11, 13, 12, 11, 10, 12, 12, 13, 10, 12, 13, 10, 12, 13, 12, 13], [13, 10, 13, 12, 13, 11, 11, 10, 10, 13, 11, 10, 12, 12, 10, 10, 11, 13, 10, 11, 11, 12, 13, 12, 13, 10, 13, 12, 10, 12, 12, 13, 12, 12, 13], [13, 13, 13, 13, 13, 10, 13, 13, 10, 10, 10, 13, 10, 10, 13, 12, 11, 11, 10, 12, 10, 10, 12, 11, 12, 13, 10, 10, 13, 13, 10, 10, 12, 13, 10], [13, 12, 13, 10, 12, 11, 11, 13, 12, 13, 11, 13, 13, 11, 10, 10, 12, 13, 12, 11, 11, 12, 13, 10, 10, 12, 13, 10, 12, 11, 11, 12, 11, 13, 10], [13, 13, 10, 13, 13, 10, 13, 13, 11, 11, 13, 12, 13, 13, 11, 10, 13, 13, 11, 11, 10, 13, 11, 12, 12, 10, 13, 13, 12, 10, 12, 11, 11, 13, 10], [11, 13, 11, 11, 11, 10, 13, 11, 13, 10, 10, 12, 11, 10, 12, 11, 10, 13, 13, 13, 11, 13, 11, 12, 13, 10, 11, 11, 10, 12, 11, 12, 12, 13, 11], [11, 12, 13, 13, 13, 11, 13, 10, 13, 12, 13, 13, 11, 12, 11, 10, 10, 13, 11, 10, 10, 11, 11, 11, 11, 11, 12, 13, 13, 13, 12, 13, 12, 13, 12], [12, 11, 13, 10, 12, 11, 12, 10, 11, 12, 10, 11, 11, 13, 12, 10, 10, 13, 13, 13, 12, 10, 12, 12, 13, 12, 10, 11, 13, 12, 12, 10, 13, 12, 10], [10, 13, 10, 13, 12, 11, 13, 12, 12, 11, 10, 12, 12, 13, 10, 11, 10, 13, 12, 12, 12, 11, 11, 12, 13, 13, 13, 12, 11, 11, 10, 12, 13, 11, 13], [12, 10, 13, 12, 13, 11, 13, 12, 11, 10, 13, 12, 13, 13, 11, 10, 13, 10, 11, 11, 11, 12, 12, 12, 10, 13, 13, 12, 13, 11, 13, 13, 10, 11, 11], [13, 11, 13, 12, 10, 12, 11, 10, 12, 10, 11, 10, 11, 12, 10, 11, 10, 11, 12, 12, 12, 10, 13, 11, 10, 11, 13, 10, 11, 11, 11, 11, 12, 10, 10], [11, 11, 10, 13, 12, 10, 13, 12, 10, 11, 12, 13, 12, 10, 11, 12, 13, 12, 13, 11, 12, 13, 11, 12, 12, 13, 11, 13, 10, 13, 10, 10, 10, 10, 13], [13, 11, 11, 11, 11, 12, 13, 11, 10, 12, 10, 12, 11, 11, 10, 12, 10, 12, 13, 11, 11, 13, 13, 13, 10, 13, 11, 11, 12, 13, 12, 10, 11, 11, 10], [13, 13, 12, 11, 13, 12, 13, 12, 11, 12, 13, 12, 13, 11, 10, 10, 12, 12, 13, 13, 12, 11, 10, 11, 10, 10, 12, 13, 13, 13, 10, 13, 12, 12, 10], [12, 13, 10, 12, 11, 12, 10, 12, 10, 11, 12, 11, 13, 13, 10, 10, 10, 10, 13, 10, 13, 11, 12, 11, 12, 12, 12, 13, 12, 12, 11, 12, 12, 12, 12], [13, 11, 10, 11, 11, 13, 11, 11, 13, 12, 12, 12, 11, 10, 13, 13, 10, 13, 13, 10, 12, 10, 10, 11, 13, 10, 13, 11, 12, 10, 10, 10, 13, 13, 11], [13, 13, 10, 12, 12, 10, 13, 12, 12, 12, 13, 10, 10, 11, 10, 11, 13, 11, 10, 13, 10, 10, 10, 11, 13, 13, 12, 11, 11, 11, 12, 13, 11, 10, 13], [12, 13, 11, 13, 13, 11, 11, 13, 13, 13, 12, 10, 10, 11, 12, 13, 11, 12, 11, 12, 11, 12, 11, 10, 13, 13, 12, 10, 10, 10, 11, 11, 11, 10, 13], [10, 13, 12, 12, 10, 11, 12, 13, 10, 13, 13, 10, 13, 11, 12, 10, 11, 10, 11, 11, 11, 10, 11, 10, 11, 10, 10, 11, 11, 10, 10, 11, 10, 10, 11], [11, 10, 11, 13, 10, 10, 12, 10, 11, 12, 13, 12, 13, 13, 11, 10, 12, 11, 11, 10, 10, 12, 11, 13, 13, 11, 11, 13, 10, 11, 11, 12, 11, 11, 12], [11, 11, 10, 13, 10, 12, 12, 10, 13, 11, 12, 13, 13, 12, 10, 10, 11, 10, 10, 11, 13, 12, 10, 11, 13, 13, 10, 11, 10, 10, 12, 13, 13, 12, 13], [13, 10, 10, 11, 13, 12, 10, 13, 12, 12, 10, 11, 12, 10, 13, 13, 11, 11, 11, 12, 11, 12, 10, 11, 13, 12, 13, 10, 13, 11, 11, 11, 12, 12, 10], [10, 10, 11, 12, 12, 10, 11, 10, 12, 13, 13, 11, 11, 12, 13, 13, 11, 10, 10, 12, 11, 10, 11, 12, 11, 10, 13, 12, 13, 12, 13, 13, 13, 10, 12], [11, 13, 10, 10, 12, 10, 11, 12, 12, 12, 11, 11, 12, 11, 12, 12, 10, 13, 13, 13, 13, 11, 12, 10, 11, 12, 12, 10, 11, 11, 13, 12, 13, 11, 11], [10, 10, 10, 13, 10, 11, 10, 13, 12, 10, 10, 10, 13, 12, 13, 11, 11, 12, 12, 12, 13, 12, 13, 10, 10, 11, 13, 12, 13, 13, 12, 12, 10, 10, 10], [12, 11, 12, 10, 10, 12, 11, 12, 13, 13, 12, 10, 10, 11, 11, 10, 10, 13, 10, 13, 13, 13, 12, 11, 11, 13, 11, 11, 13, 13, 10, 10, 11, 12, 11], [13, 12, 13, 10, 11, 13, 12, 13, 10, 10, 10, 11, 12, 13, 12, 13, 10, 11, 10, 10, 10, 10, 10, 12, 11, 13, 12, 13, 10, 12, 12, 11, 11, 12, 12], [13, 13, 10, 11, 11, 10, 13, 10, 10, 12, 12, 11, 10, 13, 12, 12, 11, 11, 13, 13, 12, 10, 12, 12, 13, 11, 13, 10, 13, 13, 10, 12, 11, 12, 11], [12, 12, 12, 10, 10, 12, 12, 10, 13, 13, 13, 12, 13, 10, 12, 11, 10, 11, 11, 13, 12, 11, 13, 10, 10, 12, 13, 13, 11, 10, 10, 12, 11, 11, 13], [12, 13, 13, 12, 11, 10, 13, 11, 13, 12, 13, 10, 13, 13, 10, 13, 13, 10, 12, 12, 13, 12, 13, 10, 12, 10, 13, 10, 10, 11, 13, 11, 12, 13, 13], [13, 12, 11, 13, 12, 13, 12, 12, 10, 13, 13, 12, 11, 13, 12, 12, 13, 13, 13, 12, 11, 10, 12, 10, 11, 11, 12, 11, 12, 10, 11, 12, 12, 13, 11], [11, 10, 13, 10, 10, 11, 12, 12, 11, 11, 13, 12, 12, 12, 12, 11, 10, 12, 13, 10, 13, 12, 10, 11, 11, 11, 13, 12, 12, 12, 12, 13, 11, 10, 13], [11, 12, 10, 10, 11, 10, 10, 11, 13, 13, 10, 10, 10, 13, 10, 12, 10, 12, 11, 13, 13, 12, 11, 11, 12, 11, 11, 13, 10, 12, 10, 11, 10, 11, 13], [13, 13, 12, 13, 10, 12, 10, 13, 11, 10, 12, 11, 11, 11, 10, 13, 10, 12, 12, 10, 10, 12, 13, 11, 11, 11, 12, 13, 13, 12, 13, 10, 10, 11, 10], [13, 12, 11, 12, 10, 11, 10, 13, 11, 11, 11, 11, 13, 11, 13, 11, 13, 13, 12, 10, 10, 12, 12, 11, 13, 13, 10, 11, 12, 12, 11, 10, 11, 11, 12], [12, 11, 11, 11, 11, 10, 10, 10, 11, 11, 12, 11, 13, 11, 13, 12, 12, 13, 11, 12, 13, 10, 12, 12, 13, 12, 12, 12, 10, 10, 11, 10, 11, 10, 10], [12, 12, 12, 11, 12, 12, 13, 11, 11, 10, 11, 13, 10, 10, 10, 13, 12, 11, 11, 12, 11, 11, 13, 13, 11, 11, 13, 12, 11, 10, 12, 12, 10, 11, 13], [11, 10, 11, 12, 12, 11, 10, 10, 10, 11, 12, 13, 12, 12, 13, 13, 13, 10, 10, 10, 10, 13, 11, 12, 12, 13, 12, 13, 10, 10, 11, 12, 10, 13, 11], [10, 11, 10, 11, 11, 10, 10, 13, 11, 13, 10, 13, 13, 13, 11, 11, 13, 11, 13, 13, 13, 10, 13, 10, 13, 10, 11, 11, 10, 10, 10, 13, 13, 10, 11], [11, 12, 13, 13, 12, 12, 10, 11, 10, 12, 13, 10, 13, 13, 11, 10, 11, 10, 10, 10, 10, 12, 12, 13, 12, 11, 13, 13, 12, 12, 11, 11, 13, 10, 13], [10, 10, 13, 13, 12, 11, 10, 10, 13, 10, 12, 11, 12, 12, 13, 11, 13, 13, 13, 10, 10, 13, 10, 13, 11, 12, 11, 10, 13, 13, 13, 10, 11, 11, 12], [11, 12, 13, 12, 13, 10, 12, 11, 13, 11, 10, 11, 12, 11, 10, 11, 11, 13, 12, 13, 13, 13, 13, 12, 10, 10, 10, 10, 12, 12, 12, 10, 11, 12, 11], [13, 13, 13, 10, 13, 10, 10, 12, 12, 13, 12, 11, 12, 10, 12, 13, 12, 12, 11, 11, 10, 12, 12, 13, 12, 10, 11, 10, 10, 12, 13, 11, 12, 12, 13], [11, 12, 10, 10, 13, 11, 12, 13, 13, 11, 13, 11, 10, 13, 13, 13, 10, 13, 13, 11, 12, 13, 13, 11, 12, 12, 11, 13, 13, 10, 11, 10, 12, 11, 10], [12, 10, 10, 13, 12, 11, 13, 13, 12, 12, 10, 13, 10, 13, 13, 10, 10, 12, 13, 10, 10, 12, 11, 12, 13, 10, 12, 13, 11, 11, 10, 10, 12, 13, 11], [12, 10, 12, 10, 10, 10, 10, 10, 13, 10, 12, 13, 13, 11, 10, 12, 10, 13, 10, 10, 12, 11, 10, 13, 10, 13, 13, 12, 11, 10, 11, 12, 11, 12, 12], [10, 12, 12, 11, 11, 13, 11, 10, 10, 12, 11, 11, 11, 11, 11, 13, 13, 13, 12, 12, 11, 12, 10, 13, 12, 10, 10, 10, 11, 11, 10, 10, 12, 11, 13], [13, 12, 12, 10, 10, 12, 11, 11, 13, 13, 13, 12, 12, 10, 13, 13, 13, 12, 11, 13, 11, 11, 11, 11, 13, 13, 13, 11, 10, 11, 12, 10, 12, 13, 12], [12, 10, 11, 10, 12, 10, 13, 11, 13, 11, 11, 13, 11, 13, 10, 11, 13, 13, 13, 12, 13, 11, 11, 12, 12, 11, 13, 12, 13, 13, 10, 10, 13, 13, 12], [10, 10, 12, 10, 13, 10, 12, 10, 12, 11, 11, 11, 10, 12, 13, 13, 11, 11, 10, 13, 11, 10, 13, 11, 12, 10, 12, 13, 13, 13, 12, 13, 11, 13, 11], [12, 13, 13, 13, 11, 10, 10, 13, 11, 11, 13, 11, 10, 13, 11, 12, 12, 10, 13, 10, 13, 10, 11, 10, 11, 13, 12, 10, 10, 12, 12, 10, 11, 11, 12], [13, 11, 10, 11, 10, 13, 10, 13, 13, 13, 12, 12, 13, 10, 13, 10, 13, 10, 11, 12, 11, 13, 11, 12, 11, 11, 11, 10, 13, 12, 12, 10, 11, 13, 11]]
Inventory holding cost per unit of each product by the end of each period h: 
[[5, 9, 7, 8, 8, 7, 7, 6, 7, 5, 9, 9, 6, 7, 9, 5, 7, 8, 8, 8, 8, 7, 9, 6, 7, 7, 6, 6, 8, 9, 5, 7, 6, 8, 7], [8, 8, 5, 8, 9, 6, 8, 5, 5, 8, 7, 9, 7, 9, 9, 8, 7, 6, 8, 7, 9, 6, 8, 6, 5, 8, 7, 6, 7, 9, 5, 9, 9, 5, 8], [7, 5, 7, 7, 5, 8, 9, 9, 5, 7, 8, 9, 6, 5, 7, 9, 8, 9, 8, 9, 5, 6, 5, 7, 7, 5, 7, 6, 8, 9, 6, 5, 6, 5, 5], [7, 8, 7, 9, 6, 9, 5, 8, 5, 7, 8, 5, 7, 9, 7, 6, 6, 6, 5, 7, 9, 5, 8, 8, 6, 7, 7, 9, 5, 5, 6, 5, 7, 6, 9], [6, 7, 5, 5, 7, 6, 5, 9, 9, 8, 6, 8, 8, 9, 5, 6, 6, 7, 9, 8, 9, 9, 7, 6, 6, 8, 7, 5, 7, 9, 6, 9, 9, 5, 6], [9, 5, 7, 5, 5, 9, 9, 5, 5, 6, 6, 7, 5, 9, 9, 6, 8, 5, 6, 6, 9, 9, 8, 9, 6, 5, 5, 6, 9, 8, 6, 7, 9, 5, 9], [8, 9, 7, 9, 8, 9, 7, 7, 5, 7, 8, 5, 7, 7, 6, 9, 6, 9, 5, 5, 9, 8, 6, 6, 8, 7, 5, 6, 5, 7, 7, 6, 9, 8, 8], [5, 9, 6, 5, 7, 7, 5, 7, 5, 7, 7, 9, 6, 9, 8, 7, 9, 9, 8, 7, 9, 6, 7, 6, 8, 7, 7, 9, 7, 6, 7, 9, 7, 7, 9], [7, 8, 8, 9, 7, 9, 6, 8, 8, 8, 6, 8, 7, 7, 7, 9, 5, 9, 5, 5, 9, 5, 6, 9, 9, 5, 5, 7, 5, 8, 8, 8, 9, 9, 9], [6, 5, 6, 6, 7, 9, 9, 8, 8, 6, 9, 7, 5, 7, 7, 9, 8, 5, 5, 6, 6, 9, 6, 8, 6, 5, 6, 9, 9, 6, 7, 8, 9, 9, 7], [8, 5, 8, 9, 7, 5, 6, 6, 8, 8, 6, 8, 9, 5, 7, 6, 5, 7, 5, 5, 8, 7, 5, 9, 7, 7, 8, 6, 5, 5, 6, 5, 5, 8, 7], [6, 5, 7, 7, 9, 6, 5, 6, 7, 8, 8, 7, 6, 6, 5, 6, 9, 5, 8, 7, 9, 5, 8, 7, 7, 6, 6, 7, 5, 8, 9, 5, 6, 9, 6], [5, 6, 7, 9, 8, 5, 7, 7, 6, 7, 9, 9, 9, 7, 8, 7, 7, 6, 6, 7, 8, 7, 9, 6, 7, 7, 8, 5, 9, 8, 6, 7, 7, 6, 5], [8, 8, 7, 7, 9, 6, 8, 5, 8, 5, 5, 7, 5, 6, 7, 5, 5, 6, 6, 8, 5, 8, 6, 7, 9, 7, 6, 5, 8, 9, 9, 9, 5, 9, 9], [6, 5, 5, 8, 7, 7, 9, 6, 6, 9, 5, 7, 5, 8, 5, 6, 8, 9, 7, 5, 7, 9, 5, 6, 6, 9, 8, 8, 7, 9, 6, 8, 7, 7, 5], [5, 7, 7, 5, 9, 6, 5, 5, 7, 6, 6, 5, 7, 6, 5, 8, 5, 6, 5, 7, 6, 7, 5, 9, 7, 6, 6, 6, 7, 9, 6, 9, 8, 8, 5], [9, 5, 9, 7, 7, 8, 5, 8, 5, 8, 9, 8, 9, 6, 7, 5, 7, 6, 5, 5, 5, 7, 6, 8, 9, 9, 5, 5, 6, 5, 7, 9, 8, 7, 5], [9, 8, 5, 6, 7, 6, 5, 7, 6, 9, 6, 7, 7, 6, 8, 5, 5, 8, 8, 5, 8, 5, 5, 6, 5, 5, 6, 7, 9, 5, 8, 7, 6, 9, 8], [5, 5, 8, 9, 7, 6, 8, 7, 8, 7, 6, 5, 5, 5, 8, 6, 8, 9, 5, 6, 8, 8, 5, 9, 9, 6, 8, 6, 6, 8, 8, 8, 6, 6, 5], [9, 6, 7, 6, 6, 5, 6, 6, 8, 7, 8, 8, 5, 7, 5, 9, 8, 8, 6, 6, 6, 5, 7, 9, 7, 7, 5, 7, 9, 7, 5, 5, 6, 6, 7], [8, 9, 6, 6, 5, 7, 8, 7, 5, 7, 8, 5, 9, 6, 5, 7, 5, 9, 5, 6, 8, 7, 8, 5, 8, 9, 6, 5, 7, 7, 6, 5, 6, 9, 8], [9, 5, 5, 8, 9, 8, 6, 9, 5, 8, 9, 7, 7, 9, 8, 6, 9, 6, 6, 6, 8, 6, 7, 9, 5, 8, 9, 6, 7, 6, 6, 9, 5, 6, 8], [8, 8, 5, 8, 6, 9, 5, 7, 5, 5, 7, 9, 5, 5, 5, 6, 7, 9, 9, 5, 5, 8, 6, 9, 5, 6, 9, 7, 6, 9, 8, 5, 9, 9, 5], [6, 8, 5, 7, 8, 8, 9, 9, 8, 7, 7, 8, 5, 7, 8, 5, 9, 7, 9, 7, 8, 8, 6, 7, 8, 9, 6, 9, 7, 9, 9, 8, 8, 6, 6], [8, 7, 6, 6, 7, 8, 7, 5, 5, 7, 7, 6, 8, 8, 5, 7, 6, 5, 7, 7, 8, 9, 6, 8, 7, 5, 8, 8, 5, 5, 6, 9, 9, 9, 8], [5, 9, 8, 5, 6, 8, 8, 5, 5, 9, 8, 8, 6, 9, 9, 6, 8, 8, 8, 7, 5, 5, 6, 9, 6, 6, 8, 6, 7, 5, 8, 6, 5, 8, 7], [6, 9, 6, 7, 5, 7, 6, 6, 7, 6, 5, 6, 6, 7, 6, 8, 6, 8, 6, 7, 5, 5, 9, 5, 5, 7, 8, 5, 8, 9, 6, 8, 7, 7, 5], [6, 9, 8, 6, 8, 8, 9, 9, 8, 9, 9, 9, 8, 5, 6, 5, 6, 8, 8, 5, 5, 9, 5, 7, 6, 8, 5, 5, 8, 9, 6, 8, 8, 6, 7], [6, 9, 8, 8, 6, 9, 7, 9, 9, 9, 7, 7, 6, 7, 6, 5, 5, 9, 6, 7, 7, 6, 5, 9, 6, 9, 8, 5, 9, 9, 7, 8, 5, 8, 9], [9, 6, 5, 7, 5, 9, 7, 6, 8, 9, 6, 9, 5, 5, 9, 6, 7, 8, 7, 7, 5, 7, 8, 5, 9, 9, 6, 9, 8, 5, 6, 9, 6, 5, 6], [8, 7, 7, 7, 5, 9, 8, 7, 9, 7, 9, 9, 7, 5, 7, 9, 7, 5, 5, 7, 9, 7, 9, 6, 8, 6, 8, 9, 6, 5, 5, 5, 6, 6, 5], [5, 5, 9, 6, 7, 9, 8, 5, 5, 9, 6, 7, 9, 8, 9, 8, 9, 6, 9, 7, 6, 5, 6, 5, 6, 8, 5, 6, 5, 9, 5, 6, 6, 5, 6], [6, 8, 8, 8, 8, 7, 6, 8, 7, 5, 7, 6, 7, 5, 7, 8, 7, 9, 7, 9, 5, 6, 9, 8, 8, 6, 9, 9, 6, 5, 7, 6, 6, 7, 7], [7, 6, 6, 9, 9, 6, 7, 7, 5, 8, 8, 6, 8, 6, 7, 9, 7, 8, 8, 9, 7, 9, 5, 9, 5, 7, 6, 9, 7, 5, 9, 8, 9, 5, 8], [8, 8, 5, 8, 7, 5, 6, 6, 6, 9, 9, 9, 7, 6, 9, 9, 9, 5, 7, 9, 6, 8, 8, 8, 9, 9, 7, 6, 8, 5, 7, 5, 8, 7, 7], [7, 7, 7, 9, 6, 5, 8, 9, 5, 6, 7, 6, 6, 6, 6, 7, 7, 6, 6, 8, 6, 9, 9, 8, 9, 9, 5, 5, 8, 5, 9, 8, 6, 7, 6], [8, 6, 8, 7, 6, 6, 9, 9, 8, 6, 7, 8, 9, 8, 9, 5, 9, 8, 6, 7, 7, 8, 6, 5, 9, 9, 9, 6, 6, 9, 8, 7, 5, 9, 8], [6, 9, 8, 6, 9, 5, 5, 9, 8, 5, 9, 6, 7, 7, 7, 7, 5, 5, 6, 6, 6, 6, 5, 7, 9, 5, 9, 8, 9, 5, 9, 6, 6, 8, 5], [6, 5, 5, 5, 6, 9, 9, 6, 9, 9, 9, 8, 8, 6, 8, 8, 6, 9, 5, 6, 8, 7, 7, 8, 5, 7, 7, 5, 5, 5, 9, 9, 9, 9, 7], [5, 8, 8, 9, 6, 7, 7, 9, 9, 5, 9, 8, 6, 7, 5, 8, 7, 9, 8, 9, 5, 6, 9, 9, 9, 6, 9, 6, 6, 5, 7, 5, 6, 5, 9], [6, 8, 6, 5, 8, 6, 7, 8, 9, 7, 9, 7, 6, 5, 7, 6, 9, 7, 8, 7, 5, 7, 7, 9, 9, 5, 5, 8, 5, 7, 8, 9, 7, 7, 9], [5, 6, 7, 5, 8, 8, 7, 7, 8, 8, 9, 6, 7, 6, 6, 6, 6, 9, 5, 9, 7, 7, 9, 7, 9, 8, 9, 9, 7, 6, 9, 8, 7, 8, 9], [5, 6, 9, 7, 5, 9, 7, 9, 8, 9, 5, 7, 8, 9, 9, 7, 9, 7, 8, 8, 6, 8, 9, 9, 6, 7, 6, 6, 8, 9, 6, 9, 7, 9, 9], [8, 8, 7, 8, 6, 5, 8, 9, 5, 5, 7, 7, 7, 6, 6, 5, 7, 6, 6, 6, 6, 6, 7, 7, 8, 5, 7, 5, 6, 9, 8, 6, 7, 9, 7], [5, 7, 7, 9, 9, 7, 8, 7, 6, 5, 5, 9, 8, 7, 6, 9, 5, 6, 9, 5, 5, 9, 6, 9, 8, 9, 9, 7, 8, 6, 6, 6, 7, 6, 6], [7, 6, 7, 9, 5, 7, 9, 9, 5, 8, 9, 6, 6, 9, 9, 5, 7, 8, 7, 8, 8, 9, 6, 7, 9, 8, 9, 6, 8, 7, 5, 8, 6, 5, 9], [7, 5, 6, 6, 8, 7, 8, 7, 6, 6, 8, 7, 7, 5, 5, 6, 6, 9, 7, 7, 7, 9, 5, 7, 8, 9, 8, 7, 8, 9, 5, 9, 8, 8, 5], [9, 6, 8, 6, 7, 8, 7, 8, 9, 9, 8, 5, 6, 5, 7, 9, 6, 8, 9, 9, 8, 6, 9, 7, 8, 6, 9, 6, 7, 7, 8, 5, 6, 6, 9], [8, 6, 5, 8, 8, 8, 6, 7, 7, 5, 9, 7, 5, 6, 9, 7, 8, 6, 8, 8, 7, 9, 7, 8, 6, 8, 6, 6, 9, 7, 5, 6, 8, 9, 5], [8, 7, 8, 8, 5, 7, 9, 8, 9, 6, 8, 7, 7, 7, 6, 9, 6, 6, 9, 8, 5, 9, 8, 9, 6, 5, 8, 7, 7, 6, 8, 5, 9, 5, 7], [5, 5, 6, 7, 9, 8, 5, 7, 5, 5, 5, 8, 5, 6, 6, 6, 8, 7, 6, 5, 6, 9, 9, 7, 7, 7, 8, 7, 8, 8, 5, 9, 6, 8, 8], [7, 6, 8, 9, 6, 8, 7, 6, 7, 9, 8, 7, 6, 8, 8, 9, 9, 6, 7, 6, 7, 7, 5, 5, 6, 6, 5, 8, 5, 6, 9, 9, 5, 5, 6], [8, 6, 6, 7, 6, 9, 7, 7, 7, 8, 6, 7, 7, 9, 8, 7, 5, 6, 9, 7, 7, 6, 6, 9, 9, 5, 8, 8, 6, 8, 9, 6, 6, 5, 5], [7, 9, 9, 6, 5, 7, 9, 9, 8, 8, 6, 5, 6, 5, 9, 5, 9, 6, 6, 5, 8, 9, 5, 5, 6, 8, 6, 5, 9, 9, 9, 7, 7, 8, 8], [7, 7, 5, 8, 8, 6, 7, 5, 5, 5, 9, 7, 9, 9, 8, 6, 6, 8, 6, 7, 7, 6, 9, 6, 7, 7, 9, 9, 8, 9, 8, 6, 6, 5, 8], [6, 7, 8, 9, 8, 8, 9, 7, 9, 6, 6, 9, 7, 9, 9, 8, 7, 6, 6, 7, 9, 6, 9, 8, 9, 5, 7, 9, 5, 5, 6, 9, 7, 7, 6], [5, 9, 6, 7, 9, 8, 9, 6, 5, 8, 6, 9, 8, 5, 8, 7, 6, 8, 6, 9, 9, 5, 9, 6, 8, 7, 8, 9, 8, 5, 5, 9, 7, 7, 5], [9, 7, 8, 9, 9, 7, 7, 8, 9, 9, 6, 7, 5, 8, 6, 7, 6, 7, 5, 6, 9, 7, 8, 8, 5, 8, 7, 7, 9, 7, 6, 8, 7, 9, 7], [8, 9, 9, 8, 7, 9, 6, 9, 7, 6, 6, 8, 6, 8, 6, 7, 6, 7, 8, 7, 6, 6, 9, 6, 7, 5, 9, 5, 9, 9, 6, 6, 7, 5, 7], [8, 5, 6, 5, 7, 9, 9, 6, 5, 6, 8, 9, 6, 6, 9, 9, 9, 8, 9, 6, 5, 5, 8, 9, 7, 6, 8, 6, 8, 8, 5, 8, 6, 5, 9], [5, 7, 6, 8, 6, 6, 6, 6, 5, 9, 5, 8, 5, 9, 7, 9, 5, 6, 7, 7, 6, 8, 7, 8, 7, 5, 9, 6, 6, 5, 5, 8, 7, 8, 7], [6, 5, 9, 6, 9, 9, 8, 9, 5, 5, 7, 9, 7, 9, 9, 8, 7, 7, 6, 7, 9, 9, 5, 6, 7, 8, 8, 8, 5, 9, 8, 8, 9, 5, 5], [6, 7, 9, 7, 5, 5, 5, 9, 7, 8, 6, 6, 6, 7, 5, 5, 8, 5, 5, 8, 7, 6, 8, 8, 5, 8, 9, 7, 8, 9, 5, 6, 7, 6, 7], [7, 8, 8, 5, 5, 5, 5, 6, 9, 5, 9, 9, 7, 9, 8, 9, 9, 5, 9, 5, 7, 7, 9, 8, 7, 6, 7, 7, 9, 5, 7, 7, 7, 7, 7], [8, 7, 9, 9, 5, 8, 7, 6, 7, 5, 5, 5, 6, 5, 8, 8, 7, 5, 5, 8, 9, 5, 6, 5, 7, 6, 5, 8, 9, 8, 8, 6, 7, 5, 9], [7, 5, 5, 6, 6, 9, 7, 8, 7, 5, 6, 8, 8, 9, 6, 8, 6, 8, 7, 8, 7, 9, 6, 8, 6, 6, 5, 9, 8, 5, 6, 8, 6, 7, 7], [9, 7, 9, 6, 6, 9, 8, 9, 5, 5, 8, 5, 9, 7, 8, 8, 8, 9, 6, 6, 6, 5, 9, 7, 9, 6, 7, 6, 9, 7, 5, 9, 6, 9, 6], [6, 5, 6, 6, 5, 6, 5, 9, 5, 7, 8, 9, 7, 7, 6, 5, 9, 6, 6, 9, 5, 7, 8, 9, 6, 7, 8, 5, 6, 6, 7, 7, 9, 9, 6], [6, 9, 7, 8, 9, 7, 5, 5, 5, 8, 7, 8, 5, 8, 8, 6, 7, 9, 5, 7, 7, 7, 8, 9, 5, 8, 7, 9, 6, 8, 6, 7, 8, 6, 5], [5, 7, 6, 7, 8, 7, 6, 8, 8, 7, 9, 8, 8, 6, 5, 7, 8, 7, 7, 6, 7, 5, 8, 9, 5, 7, 8, 7, 7, 6, 6, 7, 6, 9, 9], [7, 5, 9, 9, 6, 8, 9, 9, 8, 7, 6, 6, 6, 8, 9, 6, 5, 7, 5, 8, 5, 7, 7, 7, 6, 9, 7, 5, 8, 9, 7, 6, 9, 6, 8], [5, 9, 7, 5, 6, 8, 8, 7, 9, 9, 6, 6, 8, 9, 9, 5, 6, 9, 5, 9, 6, 6, 9, 5, 9, 9, 7, 5, 6, 6, 5, 5, 6, 7, 5], [5, 8, 5, 5, 6, 9, 5, 7, 6, 6, 7, 7, 5, 9, 9, 7, 9, 8, 9, 7, 8, 8, 7, 5, 5, 5, 8, 9, 7, 8, 9, 8, 9, 5, 8], [6, 5, 9, 7, 9, 5, 7, 9, 6, 5, 7, 6, 9, 6, 9, 7, 8, 5, 5, 6, 5, 7, 8, 9, 9, 6, 7, 5, 7, 9, 5, 7, 8, 5, 5], [9, 6, 9, 6, 7, 6, 9, 6, 8, 5, 5, 5, 6, 5, 7, 7, 8, 7, 8, 8, 5, 9, 5, 7, 7, 9, 8, 5, 6, 9, 7, 8, 5, 6, 6]]
Demand for each product in each period d: 
[[13, 45, 0, 13, 41, 8, 26, 32, 0, 46, 27, 13, 12, 0, 7, 2, 5, 14, 23, 11, 46, 26, 48, 6, 21, 19, 12, 32, 39, 23, 38, 28, 30, 33, 31], [2, 22, 42, 46, 8, 37, 38, 11, 0, 27, 4, 28, 7, 49, 3, 11, 49, 7, 29, 8, 36, 25, 0, 31, 32, 16, 30, 45, 20, 9, 19, 45, 17, 39, 43], [10, 40, 8, 3, 49, 43, 25, 49, 24, 0, 35, 3, 9, 24, 23, 17, 2, 45, 26, 30, 16, 43, 37, 49, 49, 41, 40, 36, 17, 20, 7, 15, 32, 15, 33], [43, 24, 23, 8, 0, 18, 28, 45, 23, 32, 39, 31, 4, 36, 6, 28, 45, 26, 25, 26, 28, 3, 7, 24, 42, 4, 12, 11, 31, 45, 28, 25, 15, 18, 49], [13, 48, 28, 18, 49, 9, 16, 42, 37, 49, 49, 44, 26, 22, 0, 21, 43, 27, 2, 34, 29, 23, 19, 0, 31, 36, 42, 0, 1, 25, 5, 1, 10, 34, 3], [31, 24, 23, 9, 41, 16, 14, 44, 35, 39, 42, 6, 38, 17, 49, 16, 0, 6, 0, 30, 25, 42, 42, 25, 6, 0, 10, 30, 8, 48, 5, 22, 44, 14, 0], [34, 16, 49, 25, 18, 46, 36, 18, 29, 0, 29, 14, 6, 40, 12, 46, 26, 37, 14, 49, 11, 19, 19, 14, 25, 40, 0, 47, 0, 48, 25, 9, 38, 12, 26], [38, 3, 28, 23, 19, 26, 22, 0, 46, 44, 38, 45, 28, 0, 7, 6, 28, 37, 33, 20, 46, 21, 20, 4, 27, 44, 9, 9, 12, 5, 25, 34, 0, 39, 27], [34, 9, 15, 45, 11, 14, 3, 0, 46, 12, 22, 38, 22, 21, 49, 14, 44, 32, 12, 30, 28, 37, 1, 32, 49, 12, 11, 39, 37, 0, 31, 20, 13, 0, 1], [45, 3, 23, 25, 18, 41, 8, 37, 38, 32, 26, 6, 3, 10, 6, 19, 19, 30, 29, 14, 10, 3, 14, 46, 41, 45, 13, 2, 18, 16, 45, 39, 18, 32, 41], [48, 0, 22, 17, 19, 15, 40, 38, 1, 12, 48, 39, 19, 46, 47, 34, 10, 33, 31, 20, 6, 24, 21, 8, 25, 1, 23, 9, 41, 36, 23, 45, 45, 19, 49], [24, 43, 32, 6, 12, 9, 5, 12, 0, 38, 1, 11, 12, 12, 47, 18, 20, 22, 6, 15, 34, 7, 41, 34, 1, 14, 17, 33, 19, 31, 36, 0, 11, 48, 2], [48, 35, 26, 24, 1, 0, 0, 31, 45, 1, 27, 13, 25, 49, 38, 3, 22, 25, 16, 23, 8, 2, 31, 42, 8, 13, 49, 43, 46, 1, 43, 46, 39, 3, 38], [13, 14, 30, 21, 1, 44, 29, 20, 32, 33, 16, 15, 0, 18, 42, 32, 11, 31, 15, 25, 17, 6, 44, 17, 4, 26, 45, 37, 9, 23, 1, 41, 2, 14, 28], [25, 12, 18, 10, 38, 10, 27, 13, 24, 15, 27, 40, 23, 13, 48, 8, 19, 49, 30, 2, 15, 46, 13, 6, 21, 21, 36, 7, 35, 26, 49, 17, 0, 15, 11], [47, 18, 15, 33, 41, 39, 23, 43, 32, 2, 16, 21, 3, 8, 20, 5, 0, 3, 37, 8, 29, 28, 27, 34, 9, 7, 34, 37, 31, 34, 43, 12, 40, 21, 22], [33, 45, 37, 38, 22, 13, 42, 0, 10, 3, 9, 11, 48, 46, 27, 47, 28, 24, 14, 0, 33, 15, 42, 36, 10, 23, 46, 39, 4, 5, 12, 15, 29, 11, 28], [13, 35, 26, 36, 14, 40, 2, 21, 39, 49, 13, 29, 34, 9, 2, 8, 40, 42, 31, 24, 48, 16, 6, 19, 16, 43, 42, 7, 42, 17, 24, 22, 8, 27, 30], [28, 12, 0, 25, 31, 44, 7, 37, 33, 34, 1, 46, 48, 4, 38, 26, 28, 6, 18, 3, 31, 32, 12, 11, 20, 0, 43, 37, 0, 49, 1, 43, 9, 9, 49], [4, 30, 38, 35, 21, 18, 41, 17, 3, 35, 39, 36, 0, 15, 31, 27, 40, 49, 46, 9, 33, 3, 30, 12, 12, 48, 4, 33, 48, 47, 41, 10, 0, 25, 22], [33, 44, 37, 49, 7, 0, 33, 28, 5, 38, 38, 23, 16, 47, 19, 8, 28, 22, 9, 36, 40, 0, 26, 26, 36, 34, 41, 20, 3, 2, 42, 29, 40, 44, 18], [18, 11, 42, 35, 31, 13, 0, 32, 15, 4, 13, 4, 29, 9, 31, 4, 12, 24, 3, 25, 36, 27, 47, 45, 25, 38, 10, 18, 7, 1, 49, 18, 13, 36, 46], [14, 0, 20, 32, 1, 36, 25, 17, 16, 3, 44, 35, 27, 42, 36, 37, 34, 27, 0, 42, 28, 25, 0, 12, 9, 15, 36, 40, 24, 21, 18, 22, 7, 13, 8], [12, 49, 11, 16, 32, 24, 38, 9, 5, 47, 0, 0, 31, 47, 9, 39, 48, 5, 21, 45, 44, 19, 0, 14, 36, 16, 24, 21, 18, 25, 33, 0, 36, 27, 11], [31, 32, 3, 30, 18, 32, 30, 19, 47, 28, 48, 27, 20, 11, 45, 15, 17, 45, 5, 21, 30, 20, 42, 32, 28, 0, 38, 32, 11, 25, 47, 2, 0, 18, 30], [49, 5, 8, 26, 15, 45, 27, 44, 4, 45, 29, 10, 49, 0, 5, 24, 9, 13, 12, 11, 3, 39, 3, 31, 29, 27, 32, 11, 37, 1, 41, 9, 15, 42, 7], [14, 0, 25, 32, 29, 4, 6, 8, 47, 28, 30, 17, 13, 43, 36, 31, 29, 26, 4, 36, 40, 21, 15, 34, 0, 34, 32, 21, 27, 15, 6, 4, 0, 24, 39], [27, 30, 3, 37, 22, 14, 23, 12, 1, 34, 46, 5, 38, 32, 39, 27, 39, 8, 34, 0, 7, 5, 9, 0, 31, 4, 2, 11, 12, 26, 0, 13, 21, 40, 47], [41, 17, 22, 28, 47, 42, 46, 27, 7, 10, 32, 20, 23, 8, 49, 28, 4, 49, 30, 10, 18, 0, 28, 32, 33, 3, 19, 40, 7, 35, 49, 26, 36, 17, 0], [27, 8, 13, 32, 21, 17, 13, 41, 44, 0, 49, 7, 31, 44, 5, 8, 10, 37, 20, 43, 14, 0, 3, 25, 32, 1, 22, 0, 19, 25, 28, 0, 3, 34, 5], [36, 2, 7, 21, 26, 43, 34, 0, 37, 25, 0, 19, 0, 35, 19, 26, 2, 5, 0, 12, 41, 20, 39, 45, 22, 44, 5, 23, 38, 22, 0, 26, 24, 12, 22], [42, 29, 49, 40, 34, 36, 14, 36, 34, 5, 46, 1, 42, 28, 36, 28, 12, 19, 46, 45, 3, 44, 19, 11, 23, 36, 28, 16, 24, 23, 13, 22, 30, 30, 37], [45, 34, 0, 27, 4, 34, 34, 26, 31, 35, 7, 10, 24, 44, 38, 29, 15, 20, 36, 30, 16, 48, 10, 25, 11, 30, 17, 6, 29, 37, 32, 24, 16, 17, 35], [39, 6, 48, 2, 12, 45, 0, 43, 46, 23, 31, 35, 7, 2, 34, 46, 12, 38, 10, 33, 3, 11, 49, 48, 6, 29, 25, 13, 19, 20, 33, 30, 2, 11, 39], [33, 17, 39, 25, 25, 0, 3, 20, 23, 3, 15, 21, 6, 0, 10, 19, 41, 19, 10, 49, 2, 16, 9, 30, 49, 14, 25, 27, 36, 44, 34, 14, 42, 34, 46], [34, 16, 41, 1, 12, 16, 2, 33, 1, 11, 33, 22, 27, 12, 21, 4, 29, 1, 32, 25, 3, 1, 20, 11, 41, 7, 7, 13, 42, 10, 1, 26, 13, 35, 0], [31, 7, 20, 40, 42, 33, 48, 42, 7, 48, 20, 0, 30, 32, 45, 9, 42, 33, 4, 18, 39, 0, 42, 8, 20, 26, 44, 25, 0, 40, 1, 20, 24, 27, 39], [46, 2, 36, 6, 1, 14, 37, 18, 49, 46, 5, 39, 25, 0, 3, 18, 1, 9, 32, 21, 38, 43, 34, 21, 27, 0, 7, 19, 46, 22, 35, 7, 38, 10, 7], [47, 49, 14, 38, 7, 47, 29, 13, 31, 43, 45, 1, 8, 7, 4, 46, 16, 8, 0, 0, 43, 7, 17, 22, 25, 34, 15, 38, 34, 19, 3, 36, 42, 7, 1], [20, 0, 2, 15, 10, 11, 24, 19, 33, 35, 2, 0, 14, 21, 12, 35, 47, 27, 47, 16, 8, 46, 37, 12, 30, 13, 0, 39, 17, 4, 2, 16, 43, 9, 0], [36, 32, 5, 20, 37, 47, 28, 34, 13, 16, 33, 10, 24, 47, 29, 38, 22, 0, 35, 37, 10, 38, 23, 6, 18, 20, 9, 5, 49, 37, 2, 4, 14, 48, 43], [9, 6, 41, 49, 27, 44, 17, 39, 7, 11, 45, 21, 18, 7, 10, 12, 20, 10, 36, 4, 40, 42, 31, 14, 46, 29, 18, 43, 2, 39, 8, 49, 8, 16, 0], [43, 39, 24, 30, 37, 25, 46, 0, 32, 44, 48, 47, 9, 26, 10, 14, 46, 17, 25, 18, 42, 0, 12, 4, 47, 44, 8, 44, 40, 1, 10, 46, 7, 41, 20], [0, 22, 39, 38, 44, 4, 35, 40, 21, 6, 36, 21, 13, 0, 17, 40, 45, 39, 33, 22, 8, 14, 33, 11, 16, 16, 17, 3, 37, 1, 39, 0, 4, 19, 42], [0, 19, 43, 21, 45, 30, 5, 21, 15, 16, 14, 1, 41, 16, 21, 19, 2, 9, 8, 16, 28, 1, 9, 48, 5, 8, 24, 45, 30, 1, 9, 32, 45, 42, 2], [7, 16, 2, 13, 44, 26, 1, 1, 1, 42, 5, 30, 38, 8, 11, 11, 14, 47, 13, 8, 17, 40, 47, 0, 31, 12, 16, 23, 15, 5, 29, 21, 0, 43, 46], [39, 15, 18, 6, 18, 5, 34, 49, 0, 24, 0, 10, 7, 14, 42, 37, 4, 39, 13, 8, 16, 20, 44, 6, 16, 38, 45, 36, 10, 26, 8, 28, 47, 37, 11], [2, 36, 41, 44, 48, 49, 9, 16, 29, 42, 11, 20, 3, 6, 24, 27, 6, 41, 34, 0, 9, 47, 22, 6, 0, 2, 24, 10, 6, 36, 17, 32, 40, 17, 14], [0, 48, 34, 28, 17, 7, 30, 14, 19, 19, 0, 20, 27, 18, 34, 40, 49, 1, 14, 38, 42, 17, 33, 13, 11, 35, 22, 44, 17, 10, 20, 30, 24, 16, 28], [5, 9, 4, 30, 21, 8, 3, 9, 0, 43, 32, 36, 7, 48, 34, 25, 34, 3, 6, 21, 47, 26, 46, 14, 18, 10, 17, 5, 4, 6, 6, 26, 45, 38, 19], [12, 0, 37, 16, 0, 35, 44, 0, 37, 10, 18, 30, 41, 44, 14, 26, 29, 3, 0, 29, 13, 25, 6, 47, 49, 45, 12, 41, 17, 24, 18, 22, 7, 19, 0], [8, 49, 42, 35, 36, 36, 21, 48, 36, 12, 45, 37, 4, 35, 33, 30, 7, 44, 22, 17, 39, 6, 46, 11, 1, 26, 19, 8, 20, 26, 25, 22, 0, 24, 10], [6, 24, 14, 8, 6, 12, 4, 0, 47, 25, 43, 42, 7, 27, 13, 11, 22, 28, 0, 21, 36, 16, 14, 37, 30, 37, 0, 13, 42, 9, 8, 21, 9, 24, 41], [4, 14, 8, 10, 2, 38, 0, 18, 26, 36, 6, 6, 21, 40, 22, 15, 17, 40, 25, 16, 14, 14, 6, 34, 0, 41, 6, 25, 6, 34, 18, 9, 25, 30, 24], [0, 0, 14, 6, 48, 6, 37, 41, 7, 13, 19, 5, 7, 18, 20, 0, 34, 3, 39, 5, 41, 6, 49, 13, 4, 7, 34, 39, 45, 0, 5, 46, 47, 14, 44], [6, 15, 42, 16, 37, 12, 10, 38, 0, 28, 10, 29, 15, 47, 10, 30, 38, 40, 1, 9, 5, 11, 33, 34, 15, 40, 37, 12, 0, 25, 46, 32, 41, 3, 36], [42, 44, 30, 27, 2, 9, 22, 29, 0, 0, 22, 40, 19, 21, 1, 4, 18, 18, 38, 27, 21, 33, 19, 43, 37, 46, 26, 0, 21, 41, 48, 0, 3, 21, 44], [25, 0, 31, 13, 27, 41, 22, 19, 29, 43, 47, 14, 39, 33, 26, 27, 34, 42, 4, 18, 28, 1, 0, 23, 11, 29, 3, 42, 28, 35, 8, 21, 16, 36, 31], [14, 9, 35, 37, 17, 11, 40, 28, 11, 44, 17, 0, 1, 26, 0, 25, 6, 49, 23, 43, 17, 26, 20, 7, 24, 20, 35, 15, 0, 23, 30, 12, 13, 5, 4], [0, 25, 36, 20, 47, 32, 7, 5, 0, 35, 10, 34, 47, 11, 40, 4, 38, 11, 40, 24, 6, 44, 32, 0, 10, 49, 0, 43, 28, 17, 15, 2, 48, 32, 5], [45, 33, 0, 45, 10, 45, 24, 20, 44, 28, 26, 25, 25, 10, 8, 44, 33, 0, 24, 18, 46, 30, 9, 22, 3, 44, 11, 37, 34, 2, 20, 44, 35, 35, 33], [14, 49, 46, 13, 25, 45, 20, 3, 22, 0, 32, 36, 19, 3, 22, 38, 12, 46, 25, 37, 0, 18, 0, 16, 10, 37, 20, 6, 31, 26, 25, 48, 18, 4, 34], [24, 16, 12, 11, 19, 8, 46, 9, 19, 8, 36, 18, 6, 14, 41, 22, 0, 42, 11, 35, 13, 6, 49, 28, 31, 22, 48, 3, 19, 24, 5, 21, 49, 41, 34], [17, 7, 23, 15, 19, 47, 17, 34, 41, 13, 23, 10, 25, 14, 30, 7, 0, 42, 44, 42, 14, 31, 8, 0, 41, 29, 22, 9, 16, 4, 13, 29, 42, 45, 38], [42, 48, 20, 16, 33, 6, 14, 13, 7, 31, 15, 11, 26, 33, 5, 34, 12, 23, 11, 9, 14, 14, 42, 37, 17, 39, 8, 30, 3, 24, 4, 2, 37, 48, 0], [46, 3, 13, 0, 43, 11, 37, 15, 26, 36, 11, 20, 25, 11, 14, 5, 12, 16, 27, 36, 48, 17, 21, 23, 32, 6, 26, 0, 33, 16, 29, 30, 4, 7, 49], [12, 7, 10, 45, 2, 4, 44, 8, 11, 7, 23, 37, 2, 21, 26, 46, 3, 41, 41, 38, 47, 23, 17, 19, 40, 32, 31, 32, 45, 42, 36, 9, 32, 45, 35], [26, 31, 15, 9, 25, 48, 7, 49, 22, 1, 0, 44, 0, 39, 41, 13, 47, 6, 18, 20, 29, 29, 0, 48, 5, 28, 38, 35, 10, 15, 40, 6, 6, 16, 43], [10, 45, 13, 28, 0, 25, 38, 30, 8, 41, 47, 27, 22, 46, 26, 4, 6, 19, 42, 31, 15, 15, 13, 14, 32, 21, 3, 20, 47, 7, 17, 39, 22, 45, 10], [38, 46, 9, 19, 0, 23, 24, 17, 39, 47, 26, 2, 11, 39, 41, 17, 23, 19, 15, 22, 35, 0, 7, 31, 33, 44, 16, 19, 25, 3, 26, 0, 2, 39, 48], [16, 26, 10, 11, 33, 49, 38, 24, 0, 37, 21, 20, 9, 4, 11, 4, 28, 44, 43, 30, 10, 43, 15, 27, 48, 0, 1, 27, 8, 34, 3, 0, 47, 0, 27], [10, 17, 42, 5, 36, 37, 37, 10, 16, 8, 41, 0, 5, 37, 36, 42, 18, 42, 22, 44, 11, 35, 35, 13, 27, 26, 42, 16, 4, 18, 34, 40, 30, 31, 49], [43, 46, 4, 34, 31, 0, 27, 46, 0, 4, 2, 23, 42, 49, 42, 40, 1, 0, 1, 20, 17, 9, 49, 22, 33, 24, 5, 31, 14, 41, 27, 29, 43, 10, 42], [25, 17, 36, 24, 29, 27, 29, 12, 42, 0, 0, 25, 0, 39, 45, 16, 49, 17, 1, 32, 15, 16, 14, 48, 4, 39, 19, 11, 15, 32, 39, 43, 21, 45, 27], [42, 28, 9, 44, 18, 10, 0, 25, 34, 30, 30, 47, 34, 2, 40, 24, 16, 1, 25, 28, 0, 28, 6, 25, 21, 12, 40, 44, 41, 11, 5, 16, 1, 46, 23]]
Maintenance cost in each period m: 
[11386, 12614, 9897, 10806, 11664, 11779, 9857, 10734, 10602, 10586, 10556, 11105, 11384, 8935, 11194, 9897, 11466, 9434, 10685, 9669, 11907, 12633, 11523, 10499, 11521, 12697, 12843, 12190, 10304, 11166, 11991, 9395, 11230, 11277, 10205]
Maximum capacity of the machine cmax: 
3450