Set of periods in the planning horizon T: 
25
Set of products P: 
20
Capacity reduction coefficient alpha: 
0.8
Relative decrease of capacity per set up gamma: 
0.3
Capacity reduction coefficient due to product types beta: 
[0.29, 0.4, 0.38, 0.35, 0.35, 0.27, 0.37, 0.38, 0.23, 0.33, 0.26, 0.27, 0.39, 0.3, 0.21, 0.36, 0.28, 0.32, 0.2, 0.33]
Fixed production cost of each product in each period f: 
[[586, 920, 921, 515, 516, 931, 670, 722, 704, 686, 804, 524, 566, 508, 541, 835, 569, 925, 749, 630, 990, 800, 636, 853, 742], [864, 870, 791, 909, 709, 688, 943, 904, 630, 666, 629, 557, 632, 737, 647, 630, 564, 585, 814, 884, 819, 980, 790, 566, 644], [775, 686, 782, 667, 653, 760, 764, 809, 530, 699, 912, 899, 531, 624, 785, 903, 501, 767, 615, 589, 624, 812, 928, 618, 930], [865, 960, 846, 642, 836, 955, 855, 847, 547, 838, 795, 629, 777, 542, 975, 929, 633, 721, 793, 750, 929, 883, 891, 720, 916], [583, 892, 963, 625, 558, 918, 586, 573, 898, 502, 724, 706, 704, 839, 875, 552, 920, 672, 625, 816, 535, 745, 993, 954, 661], [505, 712, 517, 551, 596, 751, 858, 926, 512, 755, 500, 678, 929, 661, 622, 893, 756, 887, 627, 662, 679, 702, 912, 699, 627], [966, 824, 561, 999, 631, 722, 730, 508, 592, 808, 745, 800, 712, 984, 681, 500, 944, 623, 702, 661, 648, 520, 506, 614, 791], [621, 574, 632, 924, 553, 978, 719, 860, 744, 587, 756, 676, 905, 671, 827, 766, 978, 643, 868, 888, 786, 648, 799, 841, 646], [811, 991, 894, 549, 739, 619, 637, 926, 792, 976, 522, 532, 840, 755, 589, 893, 687, 909, 979, 889, 846, 928, 700, 830, 583], [854, 586, 962, 873, 503, 539, 753, 838, 921, 524, 760, 720, 725, 994, 766, 896, 727, 699, 868, 607, 802, 726, 753, 649, 593], [845, 511, 943, 698, 594, 990, 531, 995, 917, 520, 582, 852, 565, 671, 533, 881, 508, 932, 681, 529, 570, 992, 710, 885, 761], [514, 635, 994, 809, 969, 935, 830, 955, 667, 779, 950, 920, 929, 539, 654, 860, 861, 769, 729, 647, 914, 645, 828, 658, 866], [808, 979, 679, 502, 545, 663, 814, 673, 542, 663, 972, 860, 931, 902, 767, 760, 609, 965, 592, 793, 690, 714, 635, 563, 846], [876, 510, 922, 706, 986, 956, 910, 802, 592, 552, 587, 553, 742, 792, 728, 534, 963, 568, 728, 715, 542, 937, 970, 987, 824], [780, 528, 951, 955, 619, 680, 883, 908, 664, 562, 793, 568, 623, 970, 669, 789, 640, 844, 952, 718, 834, 668, 878, 531, 650], [574, 678, 505, 889, 596, 846, 554, 580, 759, 684, 723, 886, 898, 907, 926, 574, 579, 555, 532, 984, 777, 947, 787, 672, 664], [622, 678, 545, 510, 886, 772, 566, 925, 801, 923, 738, 794, 804, 734, 852, 629, 895, 588, 672, 862, 524, 694, 714, 949, 681], [939, 874, 502, 890, 577, 524, 745, 967, 711, 760, 825, 637, 860, 838, 928, 598, 916, 976, 719, 988, 757, 889, 939, 641, 890], [510, 651, 564, 981, 990, 942, 831, 956, 667, 854, 964, 860, 894, 594, 714, 541, 740, 577, 526, 840, 972, 944, 721, 803, 801], [576, 595, 640, 603, 746, 799, 983, 676, 986, 657, 649, 505, 912, 760, 684, 978, 680, 609, 838, 732, 687, 737, 901, 825, 712]]
Variable production cost per unit of each product in each period p: 
[[11, 11, 10, 12, 11, 13, 10, 10, 12, 11, 11, 12, 11, 12, 13, 13, 13, 12, 12, 13, 10, 13, 11, 13, 11], [10, 13, 13, 12, 10, 11, 10, 11, 12, 10, 13, 10, 13, 12, 11, 10, 10, 10, 10, 10, 11, 12, 10, 11, 13], [13, 10, 10, 10, 13, 13, 13, 13, 12, 12, 10, 13, 13, 11, 10, 13, 13, 12, 10, 13, 10, 13, 11, 10, 10], [10, 12, 10, 11, 11, 11, 12, 12, 10, 12, 10, 12, 13, 11, 13, 10, 11, 12, 11, 10, 12, 10, 12, 10, 11], [12, 12, 12, 13, 11, 11, 10, 11, 12, 10, 13, 13, 12, 12, 13, 13, 13, 12, 13, 13, 10, 10, 11, 11, 13], [11, 12, 13, 11, 13, 10, 12, 10, 13, 11, 11, 11, 12, 10, 12, 13, 12, 11, 11, 13, 11, 13, 12, 11, 11], [10, 13, 10, 12, 10, 13, 10, 10, 11, 13, 11, 11, 11, 11, 11, 12, 13, 12, 13, 11, 12, 12, 13, 13, 10], [11, 10, 10, 13, 13, 10, 13, 10, 10, 10, 13, 11, 12, 10, 11, 13, 12, 10, 11, 11, 12, 13, 13, 13, 12], [13, 11, 10, 10, 10, 12, 12, 10, 10, 13, 11, 12, 11, 10, 10, 10, 12, 13, 13, 10, 13, 12, 10, 10, 10], [11, 13, 12, 11, 10, 13, 13, 11, 12, 13, 12, 10, 11, 13, 13, 10, 13, 11, 10, 13, 13, 12, 11, 10, 13], [13, 12, 12, 13, 13, 10, 10, 13, 11, 10, 10, 12, 10, 10, 13, 13, 11, 13, 13, 13, 13, 10, 13, 11, 12], [11, 13, 13, 11, 11, 10, 13, 12, 11, 11, 13, 12, 12, 12, 10, 13, 10, 11, 12, 12, 10, 11, 10, 13, 10], [10, 11, 12, 10, 10, 10, 11, 13, 12, 13, 10, 13, 13, 12, 13, 12, 11, 10, 13, 12, 11, 13, 10, 12, 12], [11, 12, 12, 11, 13, 13, 13, 13, 12, 11, 11, 13, 13, 12, 12, 11, 13, 13, 10, 11, 10, 11, 11, 10, 10], [13, 10, 11, 12, 13, 13, 10, 11, 11, 12, 11, 11, 11, 11, 12, 11, 12, 11, 11, 13, 13, 12, 11, 12, 11], [12, 12, 11, 12, 13, 13, 12, 12, 12, 10, 13, 12, 11, 10, 10, 11, 13, 11, 10, 11, 13, 12, 12, 11, 10], [12, 10, 13, 11, 13, 11, 10, 12, 11, 10, 13, 11, 10, 13, 10, 13, 13, 12, 13, 12, 11, 13, 10, 12, 13], [10, 13, 13, 12, 12, 11, 13, 13, 11, 11, 13, 11, 12, 10, 11, 10, 11, 12, 11, 12, 13, 11, 13, 10, 13], [13, 12, 13, 11, 11, 10, 10, 11, 11, 11, 10, 13, 12, 13, 10, 12, 11, 11, 11, 12, 11, 10, 10, 13, 12], [11, 12, 10, 10, 13, 10, 12, 13, 13, 11, 12, 11, 12, 13, 11, 10, 12, 10, 10, 11, 13, 11, 10, 11, 12]]
Inventory holding cost per unit of each product by the end of each period h: 
[[5, 5, 5, 7, 7, 5, 6, 6, 7, 7, 9, 5, 5, 7, 8, 5, 9, 9, 8, 6, 6, 7, 6, 5, 5], [9, 7, 5, 6, 5, 9, 7, 5, 6, 8, 6, 9, 7, 6, 7, 9, 9, 8, 5, 6, 9, 6, 7, 7, 7], [5, 5, 6, 7, 5, 7, 9, 6, 7, 6, 7, 7, 8, 8, 7, 7, 6, 7, 6, 9, 6, 8, 7, 9, 5], [5, 6, 5, 9, 9, 9, 5, 8, 6, 8, 5, 7, 9, 5, 8, 7, 8, 6, 7, 8, 5, 7, 5, 9, 6], [7, 7, 9, 8, 6, 6, 6, 9, 5, 5, 6, 8, 9, 8, 8, 7, 5, 5, 9, 8, 5, 7, 9, 7, 7], [9, 8, 6, 7, 5, 7, 9, 9, 5, 5, 9, 9, 9, 6, 6, 9, 8, 5, 6, 7, 5, 9, 9, 5, 6], [6, 5, 8, 8, 8, 5, 9, 9, 6, 9, 7, 7, 5, 8, 7, 7, 7, 7, 5, 7, 6, 6, 9, 5, 9], [5, 9, 8, 8, 8, 9, 8, 6, 8, 8, 9, 5, 5, 5, 8, 6, 8, 8, 7, 6, 7, 5, 5, 9, 5], [5, 5, 5, 6, 5, 6, 8, 9, 8, 8, 6, 6, 6, 6, 9, 8, 6, 9, 6, 5, 6, 9, 9, 7, 7], [9, 6, 9, 9, 6, 5, 7, 5, 6, 7, 7, 7, 7, 7, 8, 8, 9, 8, 6, 6, 7, 8, 9, 5, 8], [9, 9, 8, 5, 9, 5, 6, 9, 8, 7, 9, 6, 5, 6, 8, 8, 9, 5, 9, 9, 7, 8, 7, 9, 8], [5, 7, 6, 9, 5, 8, 9, 8, 7, 5, 9, 9, 9, 5, 7, 6, 6, 5, 9, 7, 5, 8, 9, 5, 9], [9, 5, 6, 9, 7, 5, 9, 5, 7, 8, 9, 8, 5, 6, 7, 7, 5, 8, 6, 9, 7, 9, 7, 5, 6], [7, 9, 9, 9, 7, 9, 7, 8, 6, 6, 5, 5, 6, 5, 9, 8, 6, 7, 5, 7, 8, 5, 8, 9, 7], [9, 9, 7, 5, 8, 9, 8, 9, 8, 5, 9, 7, 5, 7, 7, 5, 5, 9, 5, 8, 8, 5, 6, 8, 5], [7, 8, 9, 7, 6, 8, 8, 6, 7, 9, 5, 5, 6, 7, 8, 9, 6, 5, 7, 5, 6, 6, 6, 8, 5], [7, 9, 7, 9, 6, 6, 8, 8, 6, 8, 6, 7, 8, 8, 5, 7, 7, 7, 5, 7, 6, 9, 9, 7, 7], [7, 5, 5, 6, 6, 7, 7, 7, 5, 5, 9, 9, 6, 8, 9, 5, 5, 5, 9, 9, 9, 9, 5, 5, 7], [8, 7, 8, 9, 7, 7, 7, 7, 5, 5, 7, 8, 5, 9, 7, 9, 8, 5, 8, 5, 8, 8, 8, 9, 8], [5, 9, 6, 6, 8, 7, 8, 8, 9, 9, 5, 6, 5, 8, 7, 6, 6, 5, 7, 5, 5, 7, 7, 8, 5]]
Demand for each product in each period d: 
[[34, 22, 14, 47, 15, 42, 25, 35, 15, 0, 32, 9, 19, 42, 43, 48, 49, 29, 27, 46, 18, 0, 19, 39, 16], [40, 6, 41, 0, 13, 29, 38, 46, 9, 20, 23, 9, 18, 36, 38, 22, 21, 30, 9, 24, 13, 22, 0, 33, 32], [29, 46, 31, 13, 23, 39, 32, 0, 32, 29, 39, 33, 7, 11, 29, 27, 0, 4, 10, 30, 42, 13, 23, 17, 8], [12, 31, 38, 25, 0, 11, 40, 42, 24, 7, 14, 11, 1, 5, 32, 10, 31, 5, 36, 0, 36, 2, 26, 11, 0], [27, 34, 49, 45, 7, 31, 35, 46, 28, 0, 26, 34, 47, 47, 44, 17, 2, 0, 11, 26, 7, 45, 45, 36, 6], [34, 2, 7, 0, 30, 24, 8, 44, 39, 33, 6, 20, 35, 42, 8, 20, 21, 44, 34, 7, 16, 30, 47, 49, 26], [40, 34, 46, 12, 36, 0, 8, 1, 39, 29, 33, 36, 47, 4, 29, 39, 33, 19, 36, 12, 0, 48, 21, 29, 41], [31, 29, 0, 38, 20, 48, 15, 29, 20, 34, 41, 31, 44, 37, 48, 46, 10, 15, 14, 8, 19, 29, 11, 37, 47], [35, 4, 32, 12, 34, 35, 43, 10, 31, 0, 0, 9, 44, 31, 14, 24, 16, 7, 21, 8, 2, 9, 32, 43, 27], [15, 0, 39, 11, 5, 6, 12, 7, 8, 9, 20, 43, 17, 44, 1, 36, 17, 16, 25, 23, 39, 45, 25, 28, 16], [49, 40, 45, 20, 0, 5, 0, 19, 24, 39, 15, 12, 16, 8, 21, 1, 37, 1, 2, 49, 23, 25, 34, 1, 17], [6, 0, 0, 21, 43, 15, 31, 21, 6, 44, 23, 43, 26, 49, 30, 32, 11, 42, 48, 14, 24, 41, 41, 46, 41], [46, 6, 40, 48, 16, 23, 40, 8, 23, 20, 21, 12, 19, 31, 31, 49, 6, 17, 13, 39, 39, 35, 12, 27, 36], [41, 15, 34, 25, 21, 10, 45, 38, 18, 36, 12, 0, 44, 10, 32, 45, 26, 28, 28, 7, 19, 34, 42, 0, 8], [38, 8, 0, 37, 42, 19, 14, 33, 18, 32, 48, 12, 15, 49, 0, 30, 36, 12, 29, 30, 14, 0, 7, 0, 36], [12, 0, 39, 5, 38, 49, 11, 49, 8, 46, 42, 29, 30, 17, 25, 27, 23, 13, 23, 42, 15, 21, 21, 17, 46], [4, 27, 0, 36, 38, 40, 13, 16, 31, 36, 47, 7, 32, 17, 40, 21, 11, 48, 36, 49, 9, 3, 29, 2, 20], [21, 32, 47, 49, 43, 49, 37, 31, 28, 38, 45, 43, 0, 34, 35, 15, 22, 5, 45, 31, 44, 6, 49, 33, 7], [0, 22, 16, 45, 5, 45, 31, 32, 42, 31, 0, 9, 25, 21, 11, 41, 27, 32, 37, 0, 27, 10, 0, 43, 20], [30, 0, 15, 0, 10, 43, 8, 21, 38, 0, 27, 11, 28, 27, 43, 31, 23, 44, 25, 24, 7, 3, 23, 18, 9]]
Maintenance cost in each period m: 
[4464, 6483, 3915, 5212, 4377, 5598, 3460, 4002, 2788, 4195, 2722, 5872, 3526, 3344, 6232, 4894, 5359, 3282, 3071, 4570, 2642, 6301, 3526, 2955, 5986]
Maximum capacity of the machine cmax: 
920