Set of periods in the planning horizon T: 
25
Set of products P: 
50
Capacity reduction coefficient alpha: 
0.8
Relative decrease of capacity per set up gamma: 
0.39
Capacity reduction coefficient due to product types beta: 
[0.34, 0.32, 0.36, 0.24, 0.32, 0.26, 0.25, 0.24, 0.29, 0.34, 0.21, 0.34, 0.3, 0.34, 0.29, 0.38, 0.26, 0.22, 0.31, 0.24, 0.39, 0.33, 0.22, 0.23, 0.23, 0.31, 0.34, 0.28, 0.38, 0.21, 0.26, 0.25, 0.22, 0.22, 0.25, 0.24, 0.21, 0.22, 0.31, 0.27, 0.35, 0.29, 0.21, 0.25, 0.37, 0.4, 0.27, 0.29, 0.22, 0.22]
Fixed production cost of each product in each period f: 
[[657, 858, 728, 521, 508, 726, 570, 894, 584, 796, 828, 570, 986, 836, 572, 702, 645, 989, 809, 621, 891, 784, 510, 586, 564], [900, 574, 847, 834, 578, 849, 605, 595, 635, 514, 675, 904, 650, 514, 668, 563, 637, 753, 638, 728, 802, 825, 839, 627, 696], [856, 620, 575, 711, 951, 919, 844, 555, 734, 679, 578, 740, 895, 928, 851, 766, 571, 943, 603, 670, 976, 854, 995, 919, 617], [846, 565, 746, 757, 805, 910, 819, 505, 905, 756, 883, 913, 926, 555, 682, 938, 951, 854, 832, 898, 560, 646, 939, 833, 603], [697, 570, 645, 726, 536, 597, 699, 687, 633, 641, 615, 933, 978, 624, 969, 835, 677, 628, 717, 934, 502, 779, 938, 686, 977], [797, 892, 926, 669, 583, 585, 889, 656, 670, 627, 927, 825, 581, 633, 592, 560, 613, 736, 672, 984, 569, 993, 730, 513, 696], [785, 676, 864, 721, 793, 929, 855, 529, 578, 519, 980, 919, 804, 512, 727, 834, 648, 792, 804, 707, 740, 873, 835, 994, 975], [954, 679, 769, 648, 903, 783, 657, 808, 942, 751, 613, 640, 948, 833, 623, 627, 656, 738, 890, 764, 832, 923, 709, 691, 900], [894, 833, 655, 577, 882, 983, 953, 746, 778, 907, 520, 821, 599, 634, 842, 543, 560, 769, 799, 755, 627, 549, 662, 651, 944], [830, 883, 567, 605, 738, 973, 979, 999, 563, 867, 575, 924, 603, 658, 722, 933, 683, 851, 830, 926, 923, 963, 759, 552, 636], [924, 653, 532, 738, 616, 994, 969, 895, 786, 502, 590, 748, 863, 850, 805, 823, 568, 633, 925, 835, 711, 976, 644, 820, 957], [846, 795, 914, 705, 990, 524, 728, 611, 668, 880, 976, 891, 872, 825, 993, 778, 919, 919, 580, 528, 886, 918, 685, 967, 780], [663, 525, 525, 880, 882, 753, 988, 804, 748, 590, 706, 650, 919, 570, 974, 579, 767, 854, 596, 699, 818, 606, 934, 767, 647], [524, 956, 751, 888, 770, 873, 578, 564, 705, 963, 613, 651, 621, 585, 770, 904, 654, 568, 592, 542, 938, 752, 614, 609, 850], [558, 936, 547, 731, 627, 515, 942, 783, 709, 657, 885, 778, 517, 691, 971, 679, 790, 639, 572, 835, 910, 550, 572, 918, 575], [906, 725, 514, 902, 534, 585, 644, 521, 933, 722, 857, 819, 794, 570, 661, 812, 654, 973, 835, 602, 915, 514, 630, 838, 829], [551, 588, 532, 671, 967, 965, 861, 744, 695, 673, 934, 875, 723, 555, 541, 522, 901, 710, 871, 760, 982, 672, 851, 792, 512], [876, 655, 786, 580, 839, 560, 589, 879, 851, 932, 716, 583, 623, 946, 972, 929, 836, 568, 833, 960, 803, 682, 794, 993, 513], [754, 932, 901, 671, 514, 500, 669, 837, 634, 717, 767, 699, 943, 770, 570, 575, 786, 987, 681, 797, 801, 672, 981, 896, 779], [695, 980, 813, 566, 661, 835, 709, 844, 878, 713, 947, 777, 540, 783, 502, 708, 879, 853, 734, 622, 922, 995, 977, 841, 916], [609, 580, 976, 748, 644, 807, 593, 606, 806, 699, 702, 979, 901, 770, 767, 887, 798, 989, 547, 947, 547, 891, 588, 708, 987], [604, 776, 736, 624, 583, 760, 843, 883, 658, 647, 965, 537, 700, 641, 641, 620, 910, 602, 530, 952, 699, 962, 527, 886, 524], [860, 633, 621, 722, 846, 763, 599, 740, 709, 520, 930, 984, 982, 660, 656, 546, 895, 598, 880, 552, 530, 865, 528, 518, 526], [506, 746, 535, 825, 683, 979, 934, 750, 574, 632, 594, 882, 819, 606, 565, 964, 511, 704, 577, 825, 867, 775, 885, 876, 730], [566, 999, 733, 980, 907, 774, 953, 800, 740, 963, 739, 773, 684, 949, 909, 801, 778, 735, 747, 978, 804, 571, 852, 706, 881], [726, 766, 843, 514, 809, 872, 756, 708, 789, 908, 748, 699, 541, 761, 923, 942, 998, 502, 891, 702, 864, 591, 850, 901, 505], [944, 979, 627, 814, 785, 836, 695, 597, 841, 713, 747, 842, 932, 537, 907, 734, 688, 752, 877, 840, 749, 519, 720, 876, 692], [859, 614, 549, 749, 585, 888, 851, 806, 862, 818, 557, 785, 827, 746, 857, 967, 917, 579, 966, 893, 876, 994, 873, 758, 989], [989, 932, 988, 770, 635, 802, 794, 998, 584, 774, 944, 530, 666, 551, 788, 840, 652, 672, 935, 883, 751, 654, 986, 567, 953], [555, 858, 875, 905, 696, 904, 760, 856, 585, 959, 990, 826, 525, 529, 531, 759, 955, 998, 617, 751, 935, 533, 877, 533, 642], [640, 591, 999, 765, 796, 539, 562, 821, 631, 871, 823, 834, 795, 689, 680, 685, 814, 628, 740, 611, 866, 963, 842, 825, 756], [956, 960, 717, 583, 998, 814, 850, 531, 871, 979, 779, 585, 942, 790, 823, 927, 763, 971, 634, 589, 697, 612, 851, 524, 759], [644, 542, 742, 915, 727, 938, 954, 992, 717, 502, 577, 528, 816, 558, 772, 577, 630, 684, 781, 639, 796, 964, 686, 906, 507], [552, 540, 549, 985, 688, 863, 731, 570, 883, 542, 700, 871, 669, 591, 636, 583, 965, 640, 941, 716, 669, 700, 701, 762, 676], [794, 563, 657, 517, 632, 796, 722, 529, 793, 983, 858, 686, 813, 734, 858, 844, 637, 809, 936, 833, 876, 989, 722, 622, 792], [528, 786, 549, 551, 607, 709, 711, 638, 555, 582, 691, 655, 929, 516, 932, 555, 983, 968, 759, 892, 586, 682, 765, 857, 978], [592, 813, 505, 669, 583, 526, 937, 914, 502, 607, 807, 527, 634, 690, 767, 634, 586, 641, 832, 765, 945, 566, 619, 642, 892], [576, 633, 978, 701, 620, 605, 745, 582, 824, 551, 781, 524, 962, 791, 500, 745, 886, 575, 947, 982, 672, 786, 834, 915, 509], [920, 568, 945, 805, 665, 532, 990, 809, 938, 636, 875, 530, 549, 520, 674, 847, 751, 922, 886, 757, 936, 534, 591, 504, 818], [964, 923, 651, 526, 962, 844, 515, 873, 810, 648, 740, 986, 608, 916, 547, 698, 940, 503, 986, 570, 817, 805, 687, 798, 546], [961, 986, 558, 559, 662, 785, 779, 571, 858, 801, 736, 842, 989, 783, 787, 628, 850, 803, 804, 579, 782, 605, 758, 708, 892], [510, 821, 571, 594, 555, 694, 712, 548, 917, 697, 608, 579, 933, 609, 549, 557, 952, 909, 573, 991, 967, 703, 581, 806, 664], [789, 827, 608, 670, 723, 716, 994, 581, 833, 777, 950, 666, 715, 743, 561, 924, 804, 729, 581, 571, 572, 907, 587, 898, 551], [650, 660, 753, 880, 720, 692, 816, 882, 592, 990, 758, 597, 772, 873, 509, 954, 842, 736, 538, 561, 810, 993, 720, 744, 598], [657, 532, 519, 624, 891, 790, 953, 871, 695, 832, 574, 766, 939, 530, 807, 959, 755, 684, 795, 510, 659, 605, 674, 532, 810], [558, 979, 648, 935, 809, 992, 866, 786, 571, 963, 892, 991, 858, 578, 764, 754, 952, 608, 540, 827, 904, 570, 751, 626, 831], [857, 779, 582, 901, 907, 503, 834, 718, 600, 525, 910, 798, 702, 870, 526, 534, 550, 501, 989, 644, 673, 663, 595, 630, 716], [837, 706, 589, 862, 662, 687, 993, 889, 588, 697, 936, 808, 537, 510, 711, 520, 795, 512, 856, 810, 906, 903, 678, 870, 595], [822, 548, 923, 842, 676, 992, 956, 902, 520, 674, 839, 686, 963, 961, 797, 903, 764, 957, 958, 817, 750, 673, 721, 841, 993], [694, 614, 653, 846, 772, 523, 582, 720, 788, 845, 808, 539, 550, 743, 627, 879, 746, 522, 755, 677, 943, 640, 663, 866, 773]]
Variable production cost per unit of each product in each period p: 
[[12, 13, 11, 13, 11, 13, 10, 11, 12, 13, 13, 10, 11, 13, 12, 10, 11, 12, 12, 10, 13, 11, 10, 12, 12], [12, 12, 10, 10, 13, 10, 12, 10, 12, 12, 13, 12, 11, 12, 12, 10, 10, 12, 11, 12, 11, 12, 11, 10, 12], [12, 10, 10, 13, 10, 11, 13, 12, 13, 11, 11, 13, 11, 11, 12, 13, 11, 11, 13, 11, 11, 13, 10, 10, 10], [10, 13, 12, 13, 12, 12, 10, 10, 11, 12, 11, 11, 12, 10, 10, 11, 11, 13, 11, 11, 12, 10, 12, 12, 12], [11, 13, 13, 10, 13, 13, 11, 11, 11, 12, 10, 10, 13, 11, 12, 10, 12, 13, 13, 11, 12, 11, 10, 13, 12], [10, 11, 10, 12, 13, 10, 13, 10, 10, 10, 13, 13, 12, 11, 10, 10, 11, 12, 13, 11, 13, 13, 11, 13, 10], [12, 13, 13, 10, 13, 12, 10, 12, 10, 10, 10, 13, 13, 10, 10, 11, 13, 12, 10, 10, 13, 12, 11, 13, 12], [11, 12, 10, 10, 13, 11, 10, 10, 12, 10, 12, 13, 12, 13, 11, 11, 11, 10, 12, 13, 13, 11, 12, 11, 11], [10, 11, 13, 12, 13, 11, 11, 12, 13, 13, 12, 13, 10, 10, 11, 12, 10, 11, 12, 13, 12, 10, 11, 13, 13], [12, 10, 13, 11, 11, 10, 11, 12, 13, 10, 10, 13, 13, 12, 10, 11, 10, 11, 12, 11, 13, 12, 10, 10, 12], [10, 12, 11, 12, 11, 13, 10, 12, 13, 11, 13, 11, 11, 11, 10, 12, 12, 11, 10, 10, 11, 10, 12, 10, 12], [13, 10, 11, 10, 13, 11, 13, 13, 10, 13, 13, 10, 10, 12, 13, 12, 12, 10, 12, 13, 11, 13, 11, 12, 11], [11, 10, 13, 12, 11, 10, 10, 11, 11, 11, 11, 13, 12, 13, 13, 11, 11, 13, 13, 12, 11, 13, 11, 10, 13], [10, 11, 12, 13, 12, 10, 12, 13, 13, 10, 13, 12, 10, 10, 10, 12, 10, 13, 11, 11, 13, 12, 13, 10, 10], [13, 13, 10, 12, 13, 11, 11, 10, 13, 12, 12, 10, 10, 13, 13, 10, 11, 10, 10, 10, 10, 10, 10, 11, 12], [12, 11, 11, 10, 12, 13, 11, 11, 10, 13, 13, 13, 10, 11, 10, 10, 10, 13, 10, 10, 11, 11, 10, 11, 12], [12, 10, 12, 12, 10, 12, 10, 12, 11, 11, 13, 10, 13, 11, 11, 13, 10, 13, 13, 13, 12, 13, 10, 10, 11], [11, 12, 12, 10, 12, 11, 13, 13, 10, 12, 13, 11, 13, 11, 10, 10, 12, 10, 13, 10, 10, 12, 10, 13, 10], [11, 10, 12, 13, 10, 13, 11, 11, 12, 11, 13, 11, 12, 13, 11, 10, 13, 12, 10, 13, 11, 13, 10, 13, 11], [12, 12, 13, 13, 11, 12, 13, 12, 12, 10, 10, 10, 13, 11, 12, 11, 13, 12, 12, 10, 12, 13, 11, 12, 12], [11, 12, 12, 12, 10, 10, 10, 12, 12, 13, 11, 13, 11, 13, 13, 12, 11, 13, 13, 13, 11, 13, 11, 11, 10], [12, 11, 13, 12, 12, 12, 10, 12, 13, 13, 12, 11, 10, 11, 11, 10, 13, 11, 11, 10, 10, 13, 13, 11, 10], [12, 13, 10, 12, 12, 10, 11, 11, 13, 13, 10, 10, 10, 13, 13, 12, 11, 11, 13, 13, 13, 12, 10, 11, 13], [11, 10, 13, 11, 10, 13, 10, 12, 10, 10, 13, 11, 12, 12, 12, 12, 12, 12, 12, 13, 12, 11, 11, 10, 12], [12, 13, 12, 13, 13, 11, 12, 12, 10, 11, 13, 11, 11, 13, 10, 10, 11, 10, 11, 13, 13, 12, 11, 11, 13], [13, 10, 12, 13, 13, 13, 12, 13, 13, 11, 13, 10, 13, 13, 12, 10, 13, 13, 13, 12, 12, 12, 10, 13, 13], [10, 13, 10, 12, 11, 10, 12, 12, 13, 11, 10, 11, 10, 11, 13, 11, 10, 11, 12, 13, 11, 11, 11, 13, 10], [11, 13, 10, 12, 13, 12, 10, 10, 12, 13, 13, 12, 10, 12, 11, 13, 13, 12, 13, 11, 13, 11, 11, 10, 10], [10, 10, 11, 10, 11, 12, 12, 11, 11, 13, 10, 10, 11, 11, 10, 11, 11, 11, 13, 10, 12, 13, 10, 11, 10], [12, 13, 13, 10, 10, 11, 13, 10, 12, 10, 11, 10, 12, 12, 11, 12, 12, 10, 13, 10, 13, 12, 12, 12, 12], [12, 12, 13, 10, 11, 11, 11, 10, 11, 10, 12, 11, 12, 12, 13, 12, 12, 11, 11, 12, 10, 13, 13, 13, 12], [13, 12, 13, 10, 13, 10, 13, 11, 10, 12, 12, 12, 13, 13, 12, 12, 12, 12, 12, 12, 12, 12, 11, 12, 11], [10, 12, 13, 10, 11, 13, 13, 12, 10, 13, 13, 12, 10, 13, 11, 10, 13, 10, 11, 11, 10, 13, 11, 12, 11], [10, 13, 12, 10, 12, 13, 11, 10, 10, 10, 11, 11, 13, 10, 12, 13, 12, 11, 12, 10, 10, 11, 12, 13, 13], [13, 12, 10, 10, 13, 12, 13, 13, 10, 11, 10, 12, 12, 13, 10, 13, 10, 10, 11, 13, 13, 12, 13, 10, 11], [11, 13, 10, 13, 13, 12, 12, 12, 12, 13, 10, 13, 10, 12, 12, 10, 11, 11, 10, 13, 12, 11, 11, 13, 12], [12, 10, 11, 12, 12, 11, 10, 10, 13, 10, 10, 13, 10, 13, 12, 13, 13, 10, 10, 10, 13, 12, 12, 13, 10], [12, 10, 13, 11, 13, 12, 11, 11, 13, 13, 13, 10, 13, 12, 10, 11, 10, 13, 10, 11, 12, 12, 11, 11, 10], [12, 11, 13, 11, 13, 10, 10, 13, 11, 13, 11, 10, 11, 13, 11, 11, 10, 10, 10, 10, 12, 12, 11, 13, 12], [11, 10, 11, 13, 10, 10, 12, 12, 11, 12, 13, 10, 13, 12, 10, 12, 13, 13, 12, 11, 10, 11, 11, 10, 11], [13, 11, 13, 12, 13, 10, 12, 10, 11, 12, 13, 11, 10, 10, 13, 11, 10, 12, 10, 12, 12, 12, 11, 11, 11], [13, 11, 10, 11, 10, 11, 10, 10, 13, 10, 12, 10, 12, 10, 13, 12, 13, 11, 10, 10, 11, 13, 13, 11, 10], [10, 11, 11, 13, 13, 11, 10, 11, 10, 10, 12, 13, 11, 11, 12, 12, 12, 13, 13, 10, 13, 10, 13, 13, 10], [12, 11, 13, 11, 11, 10, 12, 11, 11, 12, 11, 12, 11, 13, 11, 10, 13, 12, 12, 11, 11, 10, 12, 13, 10], [12, 12, 11, 13, 10, 12, 13, 10, 13, 12, 13, 12, 11, 11, 10, 10, 13, 11, 12, 11, 13, 11, 13, 11, 11], [12, 10, 11, 11, 12, 10, 11, 12, 13, 12, 13, 13, 11, 11, 13, 12, 10, 11, 10, 13, 12, 11, 10, 12, 13], [11, 12, 13, 13, 11, 11, 12, 12, 11, 11, 10, 11, 10, 12, 10, 11, 10, 13, 13, 10, 11, 12, 12, 11, 12], [13, 13, 11, 10, 12, 13, 11, 13, 11, 11, 13, 13, 11, 13, 11, 13, 11, 11, 12, 10, 12, 13, 13, 11, 12], [10, 11, 11, 13, 10, 11, 10, 11, 12, 10, 13, 13, 11, 12, 12, 10, 11, 10, 12, 12, 12, 12, 10, 10, 12], [12, 10, 10, 11, 11, 11, 13, 12, 11, 10, 12, 11, 12, 11, 10, 11, 12, 13, 13, 10, 11, 11, 11, 10, 13]]
Inventory holding cost per unit of each product by the end of each period h: 
[[6, 8, 6, 9, 9, 9, 5, 5, 6, 7, 5, 9, 5, 5, 9, 8, 9, 9, 6, 8, 5, 9, 6, 9, 7], [6, 9, 8, 7, 9, 6, 5, 5, 6, 6, 9, 5, 7, 7, 9, 8, 5, 8, 5, 7, 8, 8, 7, 9, 5], [5, 6, 5, 6, 6, 9, 9, 8, 7, 8, 9, 5, 5, 5, 9, 9, 5, 6, 6, 8, 5, 8, 7, 8, 7], [8, 7, 6, 6, 5, 6, 5, 8, 8, 7, 5, 7, 9, 8, 6, 6, 5, 7, 5, 5, 5, 5, 9, 9, 7], [6, 8, 8, 8, 7, 9, 5, 8, 5, 7, 5, 7, 6, 9, 9, 6, 7, 9, 5, 9, 8, 6, 7, 5, 8], [6, 5, 5, 7, 7, 8, 5, 5, 6, 9, 7, 7, 9, 5, 6, 9, 8, 8, 8, 9, 6, 7, 8, 5, 5], [6, 6, 9, 7, 6, 5, 7, 5, 7, 9, 8, 9, 5, 9, 5, 8, 9, 5, 7, 8, 8, 5, 7, 8, 5], [9, 9, 6, 7, 5, 9, 5, 9, 6, 9, 5, 5, 6, 6, 9, 7, 6, 5, 6, 7, 9, 8, 7, 9, 5], [6, 6, 8, 5, 7, 5, 8, 9, 5, 9, 6, 5, 5, 8, 6, 8, 8, 5, 5, 8, 7, 5, 6, 7, 5], [6, 9, 7, 6, 5, 9, 5, 8, 8, 7, 9, 8, 7, 7, 9, 9, 6, 8, 6, 8, 8, 8, 8, 8, 7], [7, 5, 6, 8, 7, 9, 9, 5, 6, 8, 6, 7, 9, 8, 5, 5, 7, 8, 7, 5, 6, 9, 7, 6, 8], [5, 9, 9, 5, 6, 5, 7, 5, 6, 8, 6, 6, 8, 5, 8, 6, 9, 7, 9, 5, 6, 9, 7, 8, 5], [6, 8, 5, 8, 5, 6, 6, 9, 5, 8, 6, 7, 5, 5, 8, 5, 5, 5, 6, 5, 6, 9, 9, 9, 7], [6, 7, 7, 8, 6, 7, 6, 5, 9, 7, 8, 6, 7, 6, 8, 9, 8, 5, 8, 5, 6, 5, 8, 6, 5], [5, 9, 6, 9, 6, 8, 6, 9, 9, 8, 7, 8, 7, 9, 5, 5, 7, 6, 8, 5, 6, 7, 6, 7, 9], [7, 5, 6, 6, 7, 6, 5, 7, 5, 7, 9, 6, 7, 9, 5, 9, 5, 6, 7, 5, 5, 6, 9, 8, 9], [5, 5, 9, 9, 8, 5, 7, 6, 9, 8, 9, 7, 7, 9, 5, 8, 5, 7, 8, 6, 8, 8, 8, 6, 5], [7, 6, 6, 5, 6, 6, 9, 6, 7, 8, 6, 5, 9, 8, 7, 5, 8, 9, 9, 8, 6, 8, 8, 7, 9], [5, 8, 7, 9, 5, 6, 8, 5, 7, 9, 7, 5, 7, 9, 6, 7, 9, 7, 8, 9, 5, 9, 6, 7, 8], [7, 7, 7, 9, 5, 7, 8, 5, 6, 8, 8, 6, 5, 8, 9, 8, 8, 7, 8, 9, 5, 6, 5, 7, 6], [5, 5, 9, 7, 7, 5, 7, 9, 5, 7, 7, 5, 9, 6, 6, 5, 8, 6, 5, 5, 6, 5, 5, 5, 7], [7, 5, 7, 5, 7, 6, 7, 8, 6, 5, 9, 6, 5, 5, 5, 6, 6, 7, 7, 6, 8, 5, 5, 6, 7], [9, 9, 9, 9, 6, 6, 7, 9, 9, 8, 6, 9, 5, 5, 9, 9, 6, 9, 9, 9, 5, 8, 5, 5, 8], [6, 7, 9, 5, 5, 7, 6, 6, 7, 5, 8, 7, 8, 6, 9, 9, 9, 9, 8, 9, 7, 8, 8, 6, 7], [7, 6, 7, 6, 9, 7, 5, 9, 8, 9, 8, 6, 6, 9, 9, 5, 8, 9, 5, 5, 5, 8, 7, 8, 7], [6, 9, 7, 7, 7, 9, 5, 7, 8, 6, 5, 9, 9, 7, 5, 6, 8, 9, 6, 8, 9, 7, 6, 6, 5], [9, 8, 9, 9, 8, 5, 9, 7, 8, 8, 6, 6, 7, 6, 7, 5, 9, 9, 9, 8, 8, 6, 5, 8, 5], [6, 7, 8, 5, 9, 6, 6, 6, 7, 6, 7, 9, 7, 8, 9, 5, 6, 9, 8, 5, 9, 9, 5, 6, 8], [5, 9, 8, 6, 5, 5, 9, 5, 8, 6, 6, 6, 7, 9, 6, 5, 7, 6, 9, 6, 9, 5, 5, 9, 5], [5, 6, 8, 7, 5, 9, 9, 9, 6, 9, 7, 8, 6, 9, 8, 9, 9, 5, 9, 8, 7, 8, 6, 8, 8], [9, 5, 8, 6, 5, 9, 5, 7, 8, 9, 7, 5, 8, 7, 7, 9, 9, 5, 9, 5, 6, 6, 6, 9, 9], [9, 5, 5, 5, 8, 8, 7, 9, 9, 9, 5, 5, 7, 8, 8, 8, 6, 8, 9, 7, 5, 6, 5, 6, 8], [8, 5, 9, 7, 8, 7, 5, 8, 8, 6, 6, 6, 6, 7, 6, 6, 8, 6, 9, 8, 9, 8, 8, 6, 7], [5, 5, 9, 7, 9, 7, 7, 9, 9, 6, 5, 5, 5, 9, 7, 6, 5, 5, 9, 9, 9, 8, 8, 8, 9], [8, 8, 8, 5, 8, 5, 7, 7, 9, 7, 6, 6, 9, 5, 8, 8, 5, 7, 6, 8, 8, 8, 6, 5, 7], [9, 7, 6, 8, 5, 5, 6, 8, 6, 8, 8, 5, 6, 8, 7, 6, 6, 8, 8, 8, 8, 8, 7, 5, 6], [5, 9, 6, 9, 5, 8, 5, 5, 5, 9, 5, 9, 9, 7, 6, 7, 7, 5, 6, 8, 7, 7, 5, 9, 9], [5, 7, 5, 9, 5, 8, 9, 9, 5, 7, 9, 9, 6, 5, 8, 6, 9, 9, 7, 5, 9, 5, 5, 5, 5], [9, 7, 5, 5, 7, 8, 8, 5, 8, 7, 5, 7, 8, 8, 5, 5, 9, 7, 5, 5, 5, 6, 5, 6, 5], [7, 7, 6, 5, 9, 8, 6, 9, 9, 5, 5, 9, 9, 9, 6, 6, 8, 9, 9, 9, 6, 9, 8, 9, 7], [6, 7, 6, 9, 5, 7, 9, 7, 5, 6, 8, 9, 8, 7, 9, 8, 5, 5, 7, 9, 8, 8, 7, 8, 6], [7, 7, 8, 5, 5, 9, 5, 5, 8, 6, 6, 7, 5, 7, 5, 9, 6, 5, 5, 7, 8, 5, 9, 5, 9], [9, 5, 7, 8, 6, 7, 5, 5, 9, 5, 5, 9, 9, 6, 5, 5, 9, 8, 8, 7, 7, 9, 9, 8, 6], [9, 5, 6, 7, 7, 5, 7, 9, 6, 9, 5, 6, 8, 8, 6, 6, 5, 5, 8, 5, 8, 9, 9, 8, 6], [8, 6, 7, 5, 6, 8, 5, 8, 7, 7, 7, 9, 6, 9, 6, 5, 7, 5, 8, 9, 9, 7, 6, 7, 5], [5, 9, 6, 6, 6, 9, 5, 8, 6, 8, 6, 8, 5, 8, 6, 6, 7, 9, 6, 8, 5, 8, 6, 6, 7], [6, 5, 5, 6, 5, 5, 7, 7, 6, 6, 8, 8, 5, 5, 5, 9, 7, 6, 7, 6, 8, 8, 7, 6, 9], [8, 5, 6, 7, 6, 5, 6, 9, 5, 6, 7, 5, 6, 6, 8, 5, 8, 8, 9, 8, 6, 8, 7, 9, 7], [9, 8, 7, 5, 6, 5, 6, 9, 7, 5, 8, 6, 5, 7, 9, 5, 6, 7, 7, 5, 7, 5, 7, 9, 7], [6, 7, 7, 7, 5, 6, 9, 5, 7, 7, 9, 6, 6, 9, 8, 7, 9, 6, 9, 6, 6, 7, 8, 9, 6]]
Demand for each product in each period d: 
[[30, 22, 21, 29, 11, 6, 8, 40, 34, 9, 35, 0, 5, 32, 34, 33, 30, 19, 23, 11, 28, 23, 9, 23, 20], [35, 47, 33, 38, 47, 20, 36, 12, 35, 46, 3, 10, 5, 42, 13, 46, 18, 47, 23, 44, 46, 4, 27, 7, 18], [26, 19, 5, 41, 13, 47, 22, 16, 19, 30, 37, 49, 28, 43, 24, 18, 12, 18, 30, 19, 0, 1, 15, 0, 46], [0, 42, 8, 21, 6, 39, 39, 0, 15, 20, 0, 5, 9, 1, 43, 0, 2, 29, 21, 0, 44, 0, 30, 16, 11], [22, 22, 46, 0, 46, 28, 11, 36, 19, 25, 17, 4, 38, 37, 38, 38, 40, 15, 2, 6, 41, 36, 46, 10, 15], [0, 48, 10, 0, 7, 46, 13, 39, 8, 47, 16, 39, 29, 45, 31, 31, 8, 43, 18, 9, 27, 42, 14, 3, 37], [10, 43, 12, 39, 5, 33, 0, 35, 41, 24, 36, 45, 10, 26, 24, 15, 2, 14, 17, 0, 28, 30, 6, 35, 42], [12, 14, 34, 0, 41, 41, 15, 46, 47, 16, 38, 17, 39, 27, 3, 0, 13, 32, 15, 29, 46, 34, 9, 27, 18], [46, 1, 29, 22, 17, 29, 42, 32, 39, 32, 6, 15, 34, 26, 14, 29, 21, 17, 24, 0, 5, 28, 25, 7, 13], [10, 3, 39, 34, 11, 36, 48, 20, 5, 0, 22, 37, 36, 38, 8, 0, 45, 32, 46, 19, 11, 10, 23, 30, 13], [28, 29, 22, 27, 34, 17, 15, 14, 12, 32, 21, 0, 0, 48, 48, 17, 32, 28, 47, 44, 11, 8, 16, 34, 23], [26, 30, 46, 48, 31, 12, 42, 32, 20, 25, 3, 23, 24, 3, 11, 15, 13, 39, 15, 19, 41, 14, 31, 43, 36], [18, 27, 21, 0, 6, 34, 47, 42, 39, 0, 11, 0, 41, 10, 47, 25, 23, 38, 20, 15, 1, 39, 40, 26, 18], [35, 30, 12, 8, 28, 35, 33, 16, 16, 22, 38, 13, 47, 8, 30, 0, 26, 38, 0, 37, 14, 43, 41, 44, 28], [19, 44, 49, 11, 28, 19, 21, 26, 7, 41, 16, 36, 15, 40, 22, 42, 31, 36, 8, 17, 32, 13, 49, 15, 13], [12, 21, 16, 42, 43, 46, 0, 29, 17, 0, 0, 6, 35, 16, 0, 24, 5, 38, 47, 20, 6, 5, 1, 23, 43], [29, 3, 26, 11, 34, 9, 10, 43, 24, 33, 24, 24, 12, 0, 40, 36, 38, 25, 4, 7, 41, 31, 21, 0, 30], [8, 29, 47, 43, 43, 37, 0, 1, 49, 36, 36, 18, 29, 40, 33, 12, 10, 7, 0, 41, 0, 17, 5, 42, 36], [27, 16, 21, 19, 48, 17, 26, 10, 37, 17, 49, 15, 43, 2, 45, 4, 15, 19, 12, 0, 29, 0, 38, 15, 48], [25, 14, 49, 26, 10, 7, 9, 32, 30, 30, 14, 21, 38, 17, 0, 24, 40, 41, 31, 24, 2, 31, 3, 39, 30], [7, 49, 19, 48, 44, 12, 29, 16, 16, 28, 0, 18, 37, 39, 17, 39, 7, 31, 26, 23, 26, 33, 23, 13, 38], [15, 49, 48, 46, 22, 40, 0, 36, 6, 5, 22, 37, 34, 24, 32, 41, 0, 39, 39, 26, 6, 22, 22, 44, 35], [0, 38, 46, 18, 0, 5, 16, 5, 26, 1, 13, 5, 46, 2, 41, 47, 10, 17, 39, 18, 44, 26, 5, 29, 17], [1, 13, 43, 0, 24, 32, 0, 33, 6, 12, 0, 8, 9, 0, 19, 21, 4, 5, 31, 47, 4, 21, 25, 38, 25], [5, 26, 44, 1, 12, 5, 34, 25, 20, 10, 23, 42, 0, 17, 12, 20, 48, 8, 21, 17, 4, 39, 11, 11, 33], [27, 15, 25, 27, 1, 18, 38, 18, 29, 10, 8, 20, 38, 27, 0, 7, 20, 33, 29, 37, 39, 2, 17, 43, 43], [24, 14, 0, 30, 1, 48, 41, 44, 31, 47, 1, 27, 25, 46, 13, 41, 14, 24, 13, 7, 12, 11, 0, 23, 27], [5, 21, 12, 14, 7, 24, 0, 45, 7, 10, 25, 38, 39, 2, 45, 19, 18, 21, 21, 17, 33, 18, 8, 3, 14], [19, 45, 22, 25, 2, 47, 10, 3, 37, 23, 36, 34, 49, 40, 33, 5, 18, 39, 36, 0, 25, 0, 27, 47, 23], [20, 1, 23, 29, 25, 32, 38, 41, 10, 27, 38, 41, 19, 4, 20, 4, 26, 40, 48, 13, 18, 43, 38, 6, 27], [42, 21, 17, 30, 30, 33, 22, 8, 17, 28, 26, 46, 19, 0, 17, 5, 1, 29, 47, 39, 23, 44, 38, 4, 18], [44, 30, 44, 29, 20, 12, 21, 25, 48, 40, 22, 13, 4, 2, 46, 20, 47, 28, 46, 16, 0, 14, 47, 9, 14], [9, 22, 12, 20, 9, 49, 7, 33, 13, 16, 27, 38, 13, 24, 0, 44, 41, 24, 0, 38, 38, 31, 45, 26, 0], [36, 13, 48, 26, 43, 29, 4, 27, 3, 12, 39, 2, 13, 26, 49, 4, 45, 13, 41, 41, 47, 22, 34, 12, 24], [35, 2, 0, 42, 6, 0, 13, 25, 2, 46, 36, 47, 3, 26, 4, 12, 20, 35, 35, 0, 44, 33, 49, 40, 25], [31, 30, 37, 26, 38, 33, 11, 7, 20, 40, 48, 21, 14, 47, 43, 10, 40, 40, 12, 20, 26, 0, 7, 47, 33], [17, 49, 5, 49, 43, 30, 2, 14, 33, 1, 0, 10, 29, 33, 12, 35, 19, 12, 49, 0, 45, 26, 40, 0, 9], [20, 15, 33, 2, 46, 28, 31, 13, 6, 48, 34, 8, 20, 25, 49, 38, 32, 23, 27, 0, 5, 15, 33, 7, 25], [30, 3, 41, 22, 48, 0, 23, 20, 11, 15, 28, 34, 36, 20, 31, 5, 48, 25, 47, 15, 28, 8, 6, 22, 25], [26, 14, 35, 5, 0, 11, 39, 29, 49, 10, 1, 47, 10, 36, 13, 0, 19, 18, 16, 27, 19, 4, 27, 24, 36], [43, 8, 28, 4, 8, 43, 35, 11, 8, 21, 45, 49, 0, 14, 43, 9, 44, 10, 10, 18, 34, 30, 9, 28, 37], [44, 7, 34, 45, 2, 7, 48, 14, 16, 27, 29, 13, 2, 31, 22, 0, 49, 13, 2, 3, 47, 30, 22, 25, 4], [2, 19, 20, 0, 17, 35, 11, 48, 37, 14, 26, 34, 20, 26, 48, 18, 12, 34, 32, 31, 40, 9, 39, 18, 45], [5, 3, 40, 34, 9, 18, 43, 33, 20, 11, 4, 15, 14, 5, 10, 11, 32, 8, 33, 29, 13, 45, 23, 14, 34], [17, 46, 24, 48, 19, 8, 35, 38, 3, 38, 30, 8, 35, 18, 27, 36, 45, 20, 12, 0, 47, 24, 15, 0, 35], [15, 49, 41, 31, 22, 49, 9, 46, 45, 47, 10, 44, 37, 4, 39, 47, 31, 35, 44, 4, 9, 25, 18, 19, 3], [11, 14, 44, 43, 31, 7, 4, 37, 12, 45, 12, 16, 28, 0, 16, 32, 49, 11, 23, 19, 45, 14, 23, 20, 22], [3, 41, 30, 48, 5, 27, 0, 36, 18, 14, 5, 41, 39, 32, 38, 9, 0, 15, 36, 22, 48, 28, 32, 1, 19], [38, 8, 7, 26, 36, 8, 12, 2, 31, 6, 7, 49, 17, 8, 6, 14, 45, 20, 45, 19, 3, 48, 18, 25, 42], [16, 33, 32, 21, 31, 44, 49, 41, 18, 4, 13, 27, 25, 24, 16, 16, 6, 46, 23, 8, 0, 24, 11, 49, 5]]
Maintenance cost in each period m: 
[6543, 5513, 6138, 4959, 5834, 5483, 8617, 6072, 8601, 4817, 8413, 7275, 8482, 5183, 6142, 8016, 6351, 6101, 7723, 7354, 6848, 8420, 5205, 6922, 6321]
Maximum capacity of the machine cmax: 
2200