Set of periods in the planning horizon T: 
25
Set of products P: 
100
Capacity reduction coefficient alpha: 
0.8
Relative decrease of capacity per set up gamma: 
0.32
Capacity reduction coefficient due to product types beta: 
[0.29, 0.21, 0.25, 0.39, 0.4, 0.33, 0.23, 0.3, 0.35, 0.33, 0.25, 0.24, 0.39, 0.37, 0.26, 0.22, 0.24, 0.29, 0.29, 0.28, 0.32, 0.39, 0.21, 0.34, 0.37, 0.37, 0.27, 0.39, 0.37, 0.25, 0.21, 0.24, 0.38, 0.38, 0.39, 0.28, 0.25, 0.24, 0.39, 0.25, 0.31, 0.24, 0.33, 0.28, 0.29, 0.21, 0.38, 0.34, 0.28, 0.31, 0.21, 0.27, 0.27, 0.24, 0.28, 0.35, 0.39, 0.36, 0.23, 0.22, 0.26, 0.35, 0.38, 0.37, 0.3, 0.2, 0.24, 0.29, 0.24, 0.29, 0.28, 0.31, 0.36, 0.26, 0.24, 0.23, 0.31, 0.32, 0.26, 0.32, 0.36, 0.39, 0.22, 0.4, 0.25, 0.38, 0.3, 0.37, 0.34, 0.3, 0.39, 0.3, 0.25, 0.39, 0.28, 0.33, 0.25, 0.35, 0.37, 0.25]
Fixed production cost of each product in each period f: 
[[612, 701, 832, 730, 999, 571, 851, 629, 735, 884, 812, 792, 933, 732, 785, 702, 806, 538, 538, 804, 745, 751, 540, 718, 920], [798, 669, 960, 500, 575, 571, 716, 975, 966, 713, 811, 714, 753, 604, 678, 701, 955, 722, 580, 555, 843, 627, 780, 674, 775], [794, 674, 868, 960, 924, 618, 923, 663, 711, 987, 891, 954, 765, 895, 548, 515, 589, 757, 520, 542, 611, 681, 938, 901, 551], [680, 538, 890, 525, 639, 679, 629, 519, 624, 539, 560, 946, 530, 620, 541, 937, 570, 727, 930, 826, 972, 862, 729, 874, 547], [641, 938, 954, 752, 990, 817, 644, 906, 837, 533, 531, 793, 659, 845, 550, 696, 991, 525, 572, 771, 750, 547, 788, 778, 958], [744, 939, 997, 893, 588, 838, 590, 592, 833, 543, 993, 777, 991, 896, 924, 622, 807, 837, 909, 726, 510, 819, 634, 705, 930], [798, 749, 538, 744, 743, 596, 859, 921, 740, 748, 738, 612, 636, 604, 732, 929, 824, 743, 807, 735, 660, 696, 727, 625, 772], [507, 795, 736, 672, 869, 524, 606, 944, 856, 911, 519, 846, 926, 818, 942, 508, 919, 894, 649, 779, 958, 817, 922, 685, 858], [965, 872, 738, 753, 674, 787, 995, 836, 646, 958, 565, 610, 937, 985, 508, 635, 838, 603, 849, 898, 884, 572, 934, 649, 611], [861, 682, 814, 659, 592, 869, 810, 524, 643, 760, 871, 830, 500, 821, 893, 949, 962, 575, 675, 982, 865, 595, 523, 850, 713], [667, 856, 681, 707, 756, 517, 921, 809, 690, 732, 758, 523, 748, 750, 897, 867, 649, 728, 813, 605, 831, 649, 965, 858, 593], [541, 816, 580, 671, 963, 531, 653, 562, 681, 522, 887, 797, 950, 617, 860, 944, 867, 587, 767, 531, 671, 574, 831, 724, 702], [755, 871, 595, 948, 900, 764, 666, 645, 581, 767, 581, 649, 972, 759, 628, 573, 778, 595, 643, 910, 894, 668, 789, 670, 761], [645, 836, 754, 827, 626, 859, 600, 683, 743, 662, 763, 526, 500, 653, 632, 892, 617, 964, 782, 792, 679, 597, 960, 548, 933], [545, 686, 606, 892, 999, 809, 725, 779, 865, 523, 978, 853, 998, 795, 549, 627, 575, 568, 996, 867, 538, 873, 828, 968, 950], [511, 720, 811, 736, 978, 698, 852, 777, 847, 970, 996, 800, 737, 667, 696, 550, 820, 855, 659, 569, 913, 608, 795, 782, 955], [931, 523, 549, 847, 958, 984, 910, 712, 657, 720, 531, 924, 677, 850, 676, 656, 649, 793, 630, 944, 907, 500, 669, 622, 986], [839, 575, 728, 578, 829, 873, 704, 932, 839, 878, 708, 806, 577, 532, 845, 756, 850, 983, 501, 841, 850, 667, 926, 522, 532], [835, 545, 573, 519, 550, 500, 793, 671, 795, 949, 724, 644, 786, 541, 674, 536, 788, 549, 862, 764, 864, 674, 772, 627, 503], [993, 850, 655, 838, 842, 677, 580, 841, 506, 869, 528, 923, 561, 528, 997, 769, 981, 666, 508, 637, 934, 656, 522, 905, 862], [828, 778, 739, 790, 541, 688, 919, 653, 989, 773, 693, 897, 786, 628, 590, 885, 943, 932, 694, 804, 903, 716, 551, 765, 579], [711, 712, 557, 979, 588, 643, 604, 540, 560, 950, 829, 862, 581, 952, 925, 709, 760, 822, 684, 976, 595, 837, 564, 921, 766], [892, 583, 773, 506, 619, 610, 740, 840, 769, 922, 818, 891, 748, 915, 737, 843, 826, 815, 581, 834, 622, 859, 683, 732, 523], [977, 858, 573, 693, 713, 812, 601, 913, 711, 759, 792, 739, 682, 572, 544, 532, 778, 827, 843, 587, 659, 989, 947, 902, 918], [586, 585, 762, 705, 666, 609, 793, 618, 745, 670, 713, 693, 615, 793, 691, 938, 733, 996, 771, 721, 840, 516, 615, 639, 990], [613, 526, 571, 528, 700, 892, 644, 893, 900, 832, 658, 927, 562, 717, 606, 975, 747, 590, 578, 638, 945, 904, 760, 806, 863], [970, 715, 925, 904, 867, 718, 771, 778, 944, 883, 811, 573, 930, 802, 662, 899, 576, 686, 539, 578, 604, 713, 713, 921, 528], [829, 549, 616, 928, 509, 824, 530, 668, 897, 827, 500, 649, 856, 898, 721, 656, 596, 818, 875, 998, 865, 963, 917, 716, 671], [728, 525, 990, 714, 809, 634, 895, 861, 831, 630, 601, 530, 887, 873, 523, 715, 945, 567, 641, 912, 694, 678, 589, 676, 719], [983, 574, 700, 831, 937, 505, 965, 769, 628, 804, 772, 579, 601, 877, 859, 747, 765, 604, 525, 839, 701, 999, 763, 763, 593], [520, 981, 804, 514, 743, 566, 869, 862, 809, 554, 697, 777, 788, 569, 510, 745, 530, 550, 732, 627, 604, 798, 594, 504, 806], [933, 873, 947, 755, 543, 914, 675, 673, 914, 697, 572, 626, 561, 598, 760, 996, 853, 892, 579, 544, 512, 502, 822, 948, 871], [859, 915, 871, 966, 644, 662, 949, 872, 871, 518, 533, 980, 866, 988, 758, 811, 578, 584, 843, 626, 682, 738, 684, 585, 597], [937, 932, 976, 575, 729, 745, 689, 992, 636, 812, 662, 701, 608, 726, 528, 777, 854, 924, 746, 729, 628, 951, 662, 735, 543], [899, 924, 565, 934, 961, 639, 665, 747, 829, 660, 822, 757, 677, 517, 958, 712, 783, 871, 783, 869, 731, 555, 820, 935, 661], [742, 651, 591, 668, 627, 537, 575, 709, 913, 503, 975, 714, 851, 947, 976, 512, 787, 594, 766, 557, 955, 714, 876, 521, 835], [783, 841, 860, 858, 871, 726, 584, 627, 724, 677, 904, 938, 514, 708, 836, 649, 591, 584, 848, 957, 628, 802, 614, 537, 563], [933, 712, 970, 908, 893, 804, 517, 982, 655, 905, 620, 776, 680, 771, 993, 951, 621, 615, 527, 685, 802, 849, 878, 593, 771], [710, 936, 987, 747, 604, 665, 861, 776, 774, 840, 941, 526, 791, 908, 674, 574, 681, 527, 824, 599, 816, 856, 811, 743, 968], [581, 898, 969, 598, 803, 924, 893, 612, 645, 739, 864, 736, 646, 855, 684, 573, 953, 899, 822, 627, 860, 612, 546, 703, 586], [978, 764, 662, 985, 955, 724, 733, 553, 513, 861, 670, 502, 929, 583, 524, 913, 881, 712, 832, 712, 671, 985, 986, 670, 506], [976, 595, 895, 989, 562, 714, 582, 732, 856, 877, 506, 819, 631, 827, 854, 946, 731, 781, 610, 543, 610, 807, 778, 666, 625], [831, 966, 811, 896, 620, 910, 731, 575, 645, 663, 688, 804, 516, 929, 738, 935, 580, 826, 956, 786, 793, 627, 835, 501, 841], [510, 816, 755, 757, 531, 778, 914, 862, 846, 820, 614, 751, 730, 924, 656, 732, 911, 933, 819, 508, 885, 772, 854, 831, 954], [661, 725, 902, 576, 931, 654, 992, 711, 863, 574, 933, 523, 641, 586, 723, 942, 717, 535, 729, 870, 852, 523, 863, 927, 918], [572, 764, 787, 583, 851, 918, 684, 660, 686, 767, 841, 912, 948, 996, 602, 878, 829, 565, 732, 912, 696, 628, 514, 561, 924], [979, 919, 892, 519, 568, 836, 664, 629, 703, 655, 599, 856, 761, 591, 992, 549, 759, 819, 974, 975, 923, 583, 859, 859, 972], [789, 866, 708, 647, 729, 772, 956, 554, 527, 791, 522, 749, 837, 625, 585, 859, 868, 675, 515, 978, 507, 884, 509, 989, 635], [871, 554, 727, 885, 847, 942, 630, 696, 942, 868, 614, 921, 945, 684, 991, 744, 676, 516, 758, 515, 876, 691, 749, 830, 956], [827, 865, 550, 783, 563, 589, 752, 629, 690, 779, 636, 655, 880, 506, 940, 870, 966, 708, 996, 510, 637, 974, 686, 912, 802], [714, 813, 582, 869, 766, 705, 762, 536, 550, 580, 781, 844, 534, 571, 686, 507, 681, 676, 930, 943, 941, 896, 873, 997, 746], [638, 895, 925, 613, 603, 741, 925, 701, 900, 601, 927, 589, 636, 834, 916, 963, 540, 527, 751, 756, 992, 899, 598, 779, 996], [575, 904, 767, 941, 841, 575, 989, 871, 737, 509, 911, 956, 643, 952, 893, 524, 797, 870, 747, 753, 818, 983, 967, 779, 611], [654, 659, 769, 759, 611, 720, 736, 975, 565, 867, 755, 805, 830, 672, 841, 766, 643, 856, 560, 587, 673, 936, 908, 804, 682], [603, 676, 878, 944, 784, 997, 647, 853, 890, 620, 886, 923, 987, 756, 637, 805, 662, 816, 657, 613, 911, 905, 505, 978, 883], [579, 598, 819, 802, 818, 906, 805, 713, 958, 651, 633, 977, 767, 943, 932, 566, 554, 681, 641, 744, 564, 875, 844, 648, 952], [786, 993, 537, 654, 569, 698, 935, 650, 863, 950, 596, 554, 818, 825, 694, 533, 510, 771, 764, 951, 786, 693, 886, 821, 754], [506, 622, 517, 747, 702, 664, 707, 540, 547, 805, 817, 859, 735, 556, 952, 559, 542, 514, 791, 509, 750, 954, 980, 517, 971], [761, 921, 774, 549, 618, 988, 720, 659, 735, 956, 845, 510, 824, 767, 551, 565, 787, 940, 579, 534, 766, 936, 638, 705, 717], [596, 719, 777, 844, 657, 795, 876, 870, 947, 704, 655, 923, 677, 729, 977, 811, 662, 699, 837, 774, 765, 924, 596, 617, 527], [940, 637, 822, 538, 699, 628, 786, 813, 935, 803, 988, 692, 566, 932, 921, 560, 924, 996, 739, 842, 709, 572, 887, 944, 831], [656, 952, 994, 539, 947, 680, 613, 936, 559, 864, 812, 628, 736, 702, 625, 893, 881, 895, 680, 922, 521, 549, 950, 716, 848], [673, 717, 789, 877, 537, 504, 591, 971, 829, 727, 721, 950, 578, 744, 997, 623, 567, 598, 676, 534, 585, 552, 831, 782, 856], [987, 566, 943, 953, 825, 682, 884, 584, 680, 812, 620, 590, 632, 993, 929, 967, 606, 561, 509, 843, 624, 919, 541, 704, 899], [983, 963, 572, 967, 983, 598, 984, 806, 929, 813, 994, 585, 905, 930, 738, 892, 660, 501, 743, 662, 829, 770, 992, 637, 946], [914, 974, 597, 633, 914, 651, 939, 797, 946, 563, 544, 744, 549, 740, 658, 989, 970, 531, 507, 548, 958, 779, 945, 868, 938], [922, 820, 877, 781, 660, 881, 889, 687, 664, 689, 730, 797, 626, 966, 806, 601, 689, 664, 925, 675, 801, 786, 523, 913, 720], [509, 511, 521, 846, 522, 954, 752, 941, 909, 641, 805, 692, 874, 800, 850, 546, 900, 923, 582, 594, 810, 732, 587, 748, 523], [534, 669, 913, 836, 619, 830, 747, 753, 672, 623, 807, 662, 540, 794, 619, 565, 949, 820, 595, 985, 916, 674, 708, 884, 984], [964, 832, 985, 939, 855, 686, 921, 647, 958, 559, 791, 925, 864, 745, 683, 550, 944, 786, 895, 684, 843, 601, 693, 550, 658], [825, 760, 809, 540, 889, 956, 967, 809, 622, 691, 772, 653, 664, 789, 850, 763, 536, 980, 728, 953, 771, 945, 823, 629, 791], [583, 860, 717, 508, 958, 889, 945, 608, 580, 839, 704, 645, 916, 799, 641, 993, 708, 586, 754, 787, 680, 557, 983, 898, 684], [733, 813, 605, 570, 656, 840, 780, 650, 562, 729, 758, 553, 537, 500, 660, 716, 749, 597, 714, 795, 756, 550, 634, 998, 755], [586, 789, 914, 663, 654, 518, 552, 562, 663, 699, 638, 945, 726, 761, 672, 840, 850, 596, 768, 580, 717, 598, 871, 603, 714], [901, 800, 646, 922, 733, 527, 658, 661, 935, 791, 522, 512, 818, 957, 507, 771, 511, 742, 654, 809, 769, 560, 960, 864, 795], [721, 543, 941, 663, 790, 566, 746, 632, 951, 865, 808, 599, 744, 666, 625, 695, 904, 974, 676, 797, 813, 812, 882, 529, 788], [647, 549, 813, 812, 612, 715, 886, 967, 546, 932, 987, 850, 956, 895, 696, 911, 933, 773, 841, 792, 778, 641, 671, 784, 795], [699, 993, 514, 799, 911, 760, 837, 912, 699, 701, 526, 610, 552, 518, 684, 575, 675, 991, 585, 952, 637, 756, 719, 720, 521], [717, 986, 895, 602, 889, 666, 811, 831, 663, 856, 819, 549, 835, 738, 599, 978, 556, 678, 723, 618, 514, 707, 909, 957, 752], [634, 892, 557, 729, 789, 798, 657, 927, 758, 559, 833, 919, 618, 968, 652, 639, 921, 619, 887, 709, 685, 824, 797, 845, 684], [516, 724, 695, 686, 859, 564, 536, 872, 589, 963, 608, 584, 895, 623, 701, 677, 796, 621, 501, 516, 887, 945, 561, 812, 913], [582, 755, 940, 873, 604, 927, 773, 987, 615, 661, 716, 557, 691, 560, 825, 816, 858, 570, 557, 795, 554, 903, 806, 640, 923], [554, 531, 961, 762, 530, 636, 786, 902, 552, 651, 572, 699, 921, 877, 826, 554, 562, 575, 847, 674, 530, 866, 570, 978, 850], [671, 726, 829, 693, 725, 814, 758, 904, 888, 718, 531, 890, 711, 629, 698, 844, 986, 989, 508, 705, 970, 590, 899, 600, 560], [603, 617, 929, 718, 885, 941, 812, 525, 835, 784, 817, 760, 739, 631, 527, 893, 800, 896, 604, 715, 939, 849, 529, 770, 720], [777, 662, 624, 593, 747, 840, 513, 991, 894, 996, 611, 688, 740, 767, 681, 889, 731, 661, 900, 990, 833, 843, 702, 558, 857], [748, 584, 965, 854, 567, 625, 781, 873, 659, 856, 598, 694, 620, 953, 524, 911, 762, 887, 701, 996, 516, 886, 908, 631, 840], [573, 510, 883, 736, 989, 701, 771, 911, 722, 537, 511, 623, 645, 814, 576, 956, 864, 504, 784, 686, 633, 715, 895, 588, 537], [614, 653, 850, 972, 714, 789, 862, 579, 995, 748, 674, 807, 858, 528, 745, 547, 750, 653, 664, 864, 796, 792, 645, 882, 576], [694, 746, 570, 761, 791, 567, 585, 873, 996, 759, 950, 728, 831, 538, 734, 703, 793, 812, 957, 530, 977, 949, 917, 761, 735], [671, 923, 801, 622, 973, 863, 603, 977, 853, 843, 676, 803, 837, 849, 921, 533, 531, 955, 710, 916, 575, 629, 510, 594, 697], [653, 638, 811, 992, 857, 931, 995, 985, 856, 880, 697, 705, 551, 974, 936, 816, 567, 555, 771, 580, 864, 743, 657, 777, 527], [646, 785, 906, 779, 989, 715, 965, 541, 604, 604, 550, 574, 929, 819, 981, 733, 859, 802, 634, 963, 559, 950, 658, 621, 976], [820, 969, 522, 943, 625, 601, 508, 985, 623, 744, 500, 757, 915, 860, 911, 569, 544, 707, 818, 986, 707, 916, 647, 778, 793], [584, 963, 505, 503, 966, 839, 597, 587, 688, 665, 982, 851, 689, 543, 744, 913, 509, 693, 985, 550, 803, 678, 667, 553, 920], [684, 799, 661, 990, 913, 573, 616, 878, 511, 974, 511, 564, 630, 636, 818, 766, 704, 564, 622, 569, 851, 888, 865, 846, 507], [539, 789, 719, 917, 929, 500, 899, 899, 616, 534, 897, 583, 941, 671, 647, 644, 814, 913, 985, 917, 770, 850, 510, 567, 893], [526, 925, 651, 670, 521, 966, 919, 631, 804, 647, 718, 973, 826, 744, 834, 814, 978, 504, 727, 624, 995, 832, 918, 898, 958], [702, 644, 776, 558, 559, 750, 700, 919, 915, 520, 565, 504, 865, 502, 819, 656, 644, 609, 887, 766, 701, 665, 951, 802, 551], [623, 876, 590, 563, 763, 507, 798, 875, 713, 707, 892, 664, 996, 541, 538, 559, 734, 576, 759, 654, 591, 959, 734, 701, 908]]
Variable production cost per unit of each product in each period p: 
[[10, 12, 10, 12, 10, 13, 11, 11, 13, 12, 12, 11, 10, 11, 11, 10, 13, 11, 12, 10, 12, 12, 10, 10, 12], [10, 10, 12, 13, 12, 12, 12, 11, 10, 12, 12, 13, 10, 11, 13, 12, 12, 10, 12, 10, 13, 10, 11, 10, 12], [13, 11, 13, 13, 10, 10, 11, 11, 13, 11, 12, 11, 12, 10, 13, 12, 10, 13, 12, 12, 12, 12, 11, 13, 10], [13, 10, 10, 13, 13, 12, 10, 13, 11, 12, 11, 11, 11, 13, 11, 10, 12, 13, 13, 11, 13, 13, 12, 11, 13], [11, 12, 10, 13, 11, 11, 10, 13, 10, 12, 12, 11, 13, 13, 13, 10, 11, 10, 13, 10, 13, 11, 10, 13, 12], [10, 11, 12, 11, 11, 12, 12, 13, 11, 13, 12, 13, 12, 13, 11, 10, 12, 11, 13, 13, 11, 12, 12, 13, 11], [13, 12, 12, 12, 10, 13, 11, 13, 13, 10, 11, 13, 10, 11, 10, 13, 11, 11, 11, 12, 10, 13, 13, 10, 13], [12, 12, 13, 13, 10, 10, 10, 12, 13, 12, 13, 10, 11, 12, 10, 13, 13, 13, 12, 10, 11, 12, 11, 13, 13], [12, 11, 12, 11, 11, 11, 10, 13, 13, 11, 12, 11, 12, 12, 13, 11, 10, 12, 13, 12, 10, 12, 13, 12, 10], [13, 13, 11, 12, 13, 11, 13, 12, 11, 10, 13, 10, 13, 12, 12, 12, 10, 10, 10, 13, 12, 12, 13, 10, 11], [12, 11, 13, 11, 12, 10, 10, 13, 11, 10, 12, 13, 12, 11, 11, 13, 13, 10, 10, 12, 10, 13, 11, 10, 12], [10, 13, 10, 13, 13, 13, 13, 13, 10, 13, 13, 12, 10, 13, 13, 10, 11, 13, 10, 13, 13, 13, 12, 12, 13], [13, 12, 13, 11, 13, 10, 11, 10, 10, 11, 10, 10, 10, 13, 13, 11, 12, 12, 12, 11, 13, 10, 12, 13, 12], [10, 13, 11, 13, 12, 10, 12, 11, 11, 10, 12, 13, 10, 12, 10, 10, 12, 11, 11, 11, 10, 12, 10, 13, 13], [13, 11, 12, 10, 12, 11, 10, 10, 12, 11, 11, 13, 10, 10, 12, 13, 11, 11, 11, 12, 12, 12, 11, 12, 12], [11, 11, 10, 10, 13, 11, 13, 11, 10, 12, 10, 13, 13, 10, 12, 11, 11, 12, 12, 11, 10, 13, 13, 11, 13], [13, 12, 10, 10, 11, 11, 11, 10, 13, 11, 13, 12, 11, 11, 13, 11, 12, 12, 10, 10, 11, 12, 10, 12, 10], [12, 10, 11, 10, 13, 10, 13, 11, 12, 11, 12, 10, 11, 12, 13, 12, 13, 11, 13, 13, 12, 11, 10, 13, 13], [12, 11, 12, 10, 11, 13, 10, 10, 10, 10, 11, 12, 11, 11, 10, 13, 12, 13, 10, 12, 13, 13, 12, 10, 13], [12, 10, 11, 13, 11, 13, 11, 11, 12, 11, 10, 12, 12, 13, 11, 12, 11, 12, 10, 10, 11, 13, 13, 10, 10], [12, 10, 10, 12, 11, 12, 10, 12, 13, 12, 11, 13, 10, 10, 11, 12, 12, 12, 12, 10, 11, 13, 12, 13, 10], [11, 10, 10, 13, 11, 13, 12, 10, 12, 13, 13, 10, 11, 11, 12, 10, 13, 11, 13, 10, 12, 10, 11, 12, 13], [12, 10, 13, 10, 11, 12, 10, 13, 12, 13, 12, 12, 13, 10, 13, 13, 13, 12, 13, 12, 12, 13, 13, 10, 13], [11, 11, 11, 12, 11, 13, 12, 12, 11, 12, 10, 13, 10, 12, 10, 11, 13, 12, 12, 10, 10, 12, 10, 12, 12], [12, 12, 11, 12, 11, 13, 10, 10, 12, 10, 13, 10, 10, 11, 13, 12, 13, 13, 11, 10, 10, 12, 10, 10, 11], [12, 10, 13, 12, 11, 11, 13, 13, 12, 12, 11, 12, 10, 10, 12, 10, 12, 10, 13, 10, 13, 12, 13, 10, 10], [10, 11, 13, 10, 11, 12, 13, 11, 10, 11, 13, 12, 10, 10, 11, 10, 11, 12, 10, 11, 10, 10, 13, 13, 10], [13, 10, 12, 11, 11, 11, 10, 13, 11, 11, 12, 13, 13, 12, 12, 12, 10, 12, 10, 12, 10, 11, 12, 11, 10], [12, 13, 11, 13, 10, 12, 10, 13, 10, 11, 13, 13, 10, 13, 13, 10, 12, 12, 10, 13, 11, 13, 13, 12, 11], [11, 13, 13, 13, 10, 12, 10, 11, 12, 11, 13, 10, 13, 10, 11, 13, 13, 13, 13, 12, 10, 11, 13, 13, 10], [12, 13, 13, 13, 12, 11, 11, 11, 11, 11, 10, 11, 12, 13, 11, 13, 10, 10, 12, 11, 11, 13, 10, 13, 11], [12, 10, 12, 10, 11, 10, 12, 13, 11, 10, 12, 10, 12, 12, 13, 12, 12, 10, 13, 12, 13, 11, 11, 11, 10], [12, 13, 13, 11, 10, 10, 11, 13, 11, 12, 12, 13, 10, 11, 13, 10, 11, 10, 11, 10, 13, 13, 10, 13, 13], [10, 10, 13, 11, 12, 13, 11, 12, 12, 10, 11, 13, 10, 12, 11, 12, 13, 12, 11, 10, 10, 10, 11, 11, 11], [10, 12, 10, 12, 12, 11, 10, 12, 13, 13, 10, 11, 12, 12, 11, 10, 13, 10, 12, 10, 10, 12, 12, 12, 12], [12, 12, 13, 10, 11, 10, 10, 13, 12, 13, 13, 11, 11, 13, 12, 10, 11, 13, 10, 12, 10, 10, 11, 12, 13], [11, 11, 12, 10, 11, 10, 10, 11, 12, 13, 13, 10, 12, 13, 10, 10, 12, 11, 10, 11, 10, 12, 10, 12, 12], [13, 11, 11, 10, 12, 13, 13, 13, 11, 12, 10, 13, 11, 11, 13, 11, 11, 11, 11, 13, 13, 12, 10, 13, 10], [11, 10, 10, 12, 13, 13, 11, 10, 11, 11, 11, 11, 12, 12, 10, 11, 11, 11, 12, 10, 13, 11, 12, 10, 10], [12, 11, 11, 13, 10, 12, 11, 11, 12, 12, 11, 11, 12, 11, 13, 11, 13, 10, 10, 11, 12, 10, 10, 13, 12], [12, 10, 11, 11, 11, 11, 12, 13, 13, 13, 10, 11, 11, 11, 13, 11, 10, 12, 12, 12, 10, 10, 12, 10, 13], [11, 11, 11, 13, 12, 13, 11, 11, 11, 10, 11, 11, 12, 10, 13, 13, 10, 11, 10, 10, 11, 10, 11, 13, 10], [13, 13, 13, 11, 11, 11, 13, 13, 11, 13, 12, 13, 10, 11, 13, 11, 11, 13, 12, 12, 11, 10, 12, 12, 12], [12, 10, 11, 12, 12, 11, 12, 11, 11, 13, 12, 10, 13, 13, 11, 13, 10, 13, 10, 13, 10, 11, 13, 13, 13], [13, 11, 11, 12, 12, 12, 10, 11, 13, 11, 12, 12, 13, 12, 10, 12, 11, 13, 11, 11, 12, 10, 10, 12, 13], [13, 11, 10, 13, 13, 13, 10, 12, 13, 11, 11, 10, 12, 12, 12, 12, 12, 12, 10, 13, 10, 12, 12, 11, 13], [13, 11, 12, 13, 11, 10, 13, 12, 10, 11, 10, 10, 12, 11, 11, 10, 10, 10, 12, 12, 12, 11, 12, 11, 11], [10, 11, 12, 10, 10, 10, 13, 12, 12, 11, 13, 11, 13, 12, 12, 10, 13, 12, 12, 13, 11, 11, 12, 13, 11], [11, 13, 12, 11, 10, 11, 11, 10, 13, 10, 10, 10, 11, 10, 12, 10, 13, 10, 12, 11, 13, 13, 12, 12, 12], [10, 10, 12, 11, 11, 11, 10, 10, 12, 11, 11, 13, 12, 11, 11, 10, 13, 10, 12, 10, 12, 11, 11, 13, 10], [12, 11, 10, 11, 10, 12, 11, 10, 10, 13, 12, 12, 11, 12, 11, 12, 12, 12, 12, 12, 12, 10, 12, 10, 11], [13, 13, 11, 10, 12, 10, 12, 11, 11, 13, 13, 12, 13, 12, 11, 11, 11, 10, 12, 10, 13, 12, 13, 10, 11], [12, 12, 11, 10, 11, 10, 12, 13, 11, 10, 10, 10, 10, 10, 12, 11, 12, 10, 11, 12, 11, 10, 10, 11, 10], [10, 13, 13, 11, 11, 11, 11, 12, 11, 13, 11, 10, 13, 11, 12, 13, 12, 12, 11, 13, 13, 11, 12, 10, 10], [11, 11, 11, 12, 13, 13, 12, 11, 11, 13, 13, 12, 13, 10, 11, 11, 11, 11, 13, 13, 12, 11, 10, 12, 12], [11, 11, 13, 11, 12, 11, 11, 11, 12, 12, 13, 11, 13, 10, 10, 11, 10, 13, 13, 12, 12, 11, 13, 12, 12], [10, 13, 12, 11, 13, 12, 13, 12, 13, 11, 13, 12, 12, 11, 13, 10, 11, 10, 13, 12, 10, 12, 11, 10, 12], [11, 11, 11, 10, 11, 12, 10, 12, 11, 13, 13, 12, 11, 10, 13, 10, 12, 11, 13, 13, 10, 10, 13, 11, 13], [11, 12, 13, 13, 13, 13, 12, 12, 11, 10, 11, 12, 10, 13, 13, 10, 11, 10, 12, 13, 13, 10, 11, 12, 11], [13, 12, 10, 12, 11, 10, 10, 13, 10, 13, 11, 12, 13, 13, 11, 10, 13, 13, 13, 10, 11, 12, 11, 13, 13], [12, 11, 10, 11, 11, 12, 13, 13, 13, 11, 11, 13, 12, 13, 12, 10, 11, 10, 13, 10, 13, 13, 13, 10, 12], [12, 13, 13, 13, 12, 11, 12, 12, 12, 11, 13, 13, 11, 13, 11, 13, 12, 12, 10, 12, 10, 12, 11, 13, 13], [11, 13, 10, 12, 12, 12, 11, 11, 11, 12, 12, 11, 13, 12, 11, 10, 10, 13, 13, 10, 11, 11, 12, 12, 10], [10, 11, 10, 13, 12, 11, 11, 12, 10, 12, 13, 13, 10, 10, 13, 13, 10, 11, 13, 11, 13, 12, 12, 11, 10], [12, 12, 11, 13, 11, 10, 10, 13, 13, 10, 11, 11, 13, 13, 12, 10, 12, 12, 12, 11, 10, 10, 10, 13, 11], [10, 13, 10, 10, 12, 13, 10, 12, 13, 13, 12, 13, 12, 13, 12, 11, 13, 13, 11, 13, 13, 10, 13, 10, 10], [12, 11, 12, 11, 11, 10, 12, 13, 12, 12, 13, 10, 12, 12, 12, 10, 13, 11, 11, 11, 10, 11, 12, 13, 13], [12, 12, 12, 11, 10, 10, 11, 13, 11, 10, 12, 10, 10, 13, 10, 10, 10, 13, 11, 10, 12, 11, 10, 12, 12], [10, 12, 11, 11, 11, 12, 10, 12, 11, 12, 12, 12, 12, 12, 12, 11, 11, 10, 12, 11, 11, 13, 11, 11, 10], [11, 13, 12, 12, 11, 10, 12, 11, 10, 12, 12, 12, 10, 13, 10, 10, 12, 12, 11, 12, 10, 13, 10, 12, 11], [10, 11, 11, 11, 13, 11, 13, 13, 11, 10, 12, 12, 13, 10, 13, 12, 13, 12, 13, 10, 12, 12, 13, 12, 13], [13, 10, 13, 12, 10, 13, 11, 12, 10, 11, 10, 12, 11, 11, 13, 13, 10, 11, 10, 12, 10, 13, 13, 12, 10], [11, 13, 13, 12, 12, 12, 10, 11, 10, 11, 12, 10, 11, 13, 12, 12, 12, 12, 11, 10, 11, 13, 10, 11, 13], [13, 10, 12, 13, 13, 13, 13, 12, 10, 11, 13, 12, 10, 10, 11, 12, 10, 11, 12, 12, 12, 12, 12, 10, 11], [12, 11, 12, 13, 13, 11, 11, 12, 11, 10, 11, 11, 13, 12, 11, 11, 13, 11, 12, 12, 13, 10, 11, 12, 12], [11, 12, 12, 10, 11, 12, 13, 10, 11, 12, 12, 12, 13, 13, 13, 13, 11, 11, 10, 13, 11, 10, 11, 10, 13], [10, 10, 10, 11, 11, 11, 13, 10, 13, 12, 13, 12, 13, 13, 13, 11, 12, 10, 11, 12, 13, 12, 13, 13, 10], [10, 10, 12, 12, 11, 12, 12, 11, 12, 12, 12, 13, 12, 12, 12, 11, 10, 12, 13, 10, 10, 10, 13, 13, 10], [10, 13, 12, 11, 10, 10, 12, 12, 13, 12, 13, 13, 10, 13, 10, 12, 10, 13, 10, 12, 12, 10, 12, 12, 12], [11, 12, 12, 12, 11, 12, 12, 11, 10, 12, 11, 11, 12, 13, 12, 11, 13, 11, 11, 13, 11, 13, 13, 13, 13], [11, 10, 13, 10, 13, 13, 13, 13, 13, 10, 13, 11, 10, 12, 12, 13, 13, 10, 10, 11, 11, 12, 12, 12, 13], [13, 13, 12, 13, 13, 11, 10, 10, 10, 10, 11, 12, 11, 13, 10, 13, 11, 13, 13, 10, 11, 13, 13, 12, 12], [11, 10, 11, 13, 11, 12, 12, 10, 10, 12, 13, 10, 11, 10, 10, 10, 11, 12, 12, 12, 13, 12, 12, 12, 12], [11, 10, 12, 11, 12, 13, 10, 11, 12, 10, 11, 11, 13, 11, 12, 12, 12, 11, 10, 11, 10, 11, 12, 11, 11], [10, 13, 11, 11, 13, 11, 13, 13, 10, 11, 10, 12, 13, 12, 13, 11, 12, 13, 11, 11, 12, 12, 11, 10, 10], [12, 10, 13, 12, 11, 13, 13, 12, 11, 12, 13, 12, 12, 13, 10, 13, 12, 12, 10, 12, 13, 10, 10, 10, 10], [12, 12, 12, 12, 11, 13, 11, 10, 13, 10, 13, 10, 13, 11, 13, 10, 12, 10, 11, 13, 11, 11, 10, 12, 10], [10, 11, 10, 10, 13, 13, 12, 11, 10, 11, 11, 13, 11, 11, 11, 13, 13, 10, 12, 13, 11, 11, 13, 13, 10], [12, 10, 10, 10, 10, 10, 12, 13, 11, 13, 10, 13, 11, 12, 10, 11, 11, 13, 10, 12, 12, 12, 12, 10, 13], [13, 11, 13, 11, 13, 13, 11, 12, 11, 11, 11, 13, 13, 12, 13, 12, 13, 13, 10, 11, 13, 12, 13, 11, 10], [10, 10, 13, 12, 11, 12, 10, 12, 13, 13, 11, 10, 11, 12, 13, 12, 11, 13, 13, 12, 11, 10, 12, 13, 10], [12, 12, 11, 10, 13, 10, 10, 10, 10, 10, 10, 11, 12, 13, 13, 12, 11, 10, 10, 10, 11, 10, 12, 12, 11], [13, 12, 13, 10, 12, 13, 11, 12, 12, 12, 11, 11, 10, 11, 11, 11, 10, 12, 12, 12, 13, 10, 10, 10, 10], [11, 11, 10, 10, 13, 13, 12, 12, 12, 13, 12, 13, 10, 13, 13, 11, 10, 11, 10, 10, 13, 12, 11, 10, 11], [11, 11, 12, 13, 13, 11, 10, 10, 12, 10, 13, 10, 12, 10, 13, 13, 12, 12, 13, 11, 10, 11, 11, 13, 11], [10, 13, 10, 10, 10, 10, 11, 10, 11, 10, 13, 12, 10, 11, 13, 12, 12, 12, 10, 13, 11, 12, 12, 11, 10], [13, 12, 12, 10, 12, 13, 13, 11, 13, 12, 11, 12, 10, 11, 12, 11, 10, 11, 11, 13, 10, 12, 12, 10, 13], [10, 11, 10, 11, 12, 13, 10, 11, 13, 11, 10, 12, 12, 11, 13, 11, 13, 10, 11, 13, 13, 13, 13, 12, 11], [12, 10, 13, 13, 12, 11, 11, 12, 10, 11, 10, 11, 10, 11, 13, 10, 13, 13, 10, 12, 12, 11, 10, 10, 10], [11, 10, 13, 12, 10, 12, 11, 12, 10, 11, 11, 10, 10, 11, 10, 11, 11, 12, 11, 12, 13, 10, 13, 11, 12]]
Inventory holding cost per unit of each product by the end of each period h: 
[[8, 7, 8, 5, 7, 8, 7, 8, 6, 7, 8, 6, 6, 9, 8, 6, 9, 9, 6, 5, 8, 8, 8, 5, 9], [9, 8, 7, 8, 7, 5, 7, 9, 9, 6, 8, 5, 6, 9, 6, 8, 9, 8, 5, 5, 5, 8, 7, 7, 9], [5, 7, 5, 8, 9, 8, 9, 9, 5, 8, 9, 6, 6, 9, 9, 8, 6, 7, 7, 5, 8, 9, 6, 7, 8], [9, 7, 7, 9, 7, 9, 8, 6, 7, 7, 5, 9, 6, 5, 8, 5, 7, 5, 8, 5, 6, 9, 6, 7, 6], [9, 5, 6, 8, 6, 9, 6, 8, 6, 8, 5, 5, 7, 6, 5, 5, 5, 8, 6, 8, 7, 8, 6, 6, 6], [8, 8, 7, 5, 6, 9, 8, 9, 6, 6, 6, 6, 5, 6, 9, 6, 8, 8, 7, 9, 8, 5, 9, 9, 5], [6, 7, 7, 7, 6, 9, 9, 8, 5, 6, 7, 5, 6, 8, 5, 5, 9, 8, 5, 9, 6, 5, 7, 7, 9], [7, 8, 7, 5, 7, 5, 5, 8, 9, 5, 7, 6, 5, 6, 6, 5, 8, 5, 7, 5, 9, 6, 8, 8, 7], [8, 8, 9, 7, 5, 5, 9, 5, 7, 8, 9, 6, 8, 7, 9, 5, 9, 9, 5, 5, 5, 8, 5, 8, 7], [5, 6, 7, 5, 9, 9, 5, 9, 7, 9, 8, 9, 5, 8, 6, 9, 7, 7, 9, 6, 6, 9, 9, 5, 8], [9, 7, 6, 9, 5, 5, 5, 8, 9, 9, 9, 5, 5, 8, 8, 5, 5, 6, 9, 5, 7, 6, 8, 8, 5], [8, 9, 5, 5, 6, 6, 5, 7, 9, 8, 6, 5, 9, 6, 7, 9, 8, 9, 5, 5, 9, 9, 9, 5, 7], [8, 5, 5, 9, 5, 5, 6, 8, 8, 6, 6, 5, 7, 6, 8, 7, 6, 9, 9, 8, 9, 8, 9, 8, 5], [8, 9, 6, 7, 5, 5, 6, 8, 6, 8, 9, 6, 8, 6, 7, 7, 6, 7, 7, 7, 9, 5, 9, 8, 6], [5, 7, 8, 8, 5, 8, 7, 8, 6, 9, 6, 5, 8, 5, 9, 5, 8, 8, 5, 7, 5, 6, 6, 6, 5], [7, 6, 7, 6, 9, 6, 5, 5, 7, 9, 6, 9, 7, 5, 6, 8, 5, 9, 8, 9, 5, 6, 5, 5, 5], [7, 9, 8, 7, 5, 9, 5, 8, 7, 7, 6, 7, 5, 6, 9, 8, 5, 5, 7, 9, 6, 8, 5, 7, 5], [6, 5, 9, 5, 7, 8, 7, 6, 5, 6, 6, 8, 9, 8, 6, 5, 8, 9, 9, 8, 9, 8, 6, 6, 8], [7, 7, 6, 7, 5, 6, 7, 9, 7, 8, 5, 8, 7, 8, 5, 7, 7, 6, 9, 5, 9, 8, 5, 7, 6], [5, 9, 5, 5, 7, 6, 7, 8, 9, 9, 5, 7, 6, 7, 7, 5, 7, 8, 8, 9, 6, 7, 7, 6, 6], [9, 8, 7, 8, 5, 6, 5, 8, 5, 5, 8, 8, 8, 6, 8, 6, 7, 5, 6, 9, 9, 6, 6, 8, 5], [7, 9, 5, 6, 7, 7, 6, 8, 8, 5, 5, 7, 7, 9, 9, 5, 6, 5, 9, 8, 5, 8, 7, 8, 7], [7, 5, 9, 7, 6, 5, 6, 8, 5, 7, 5, 6, 6, 5, 5, 7, 9, 7, 5, 7, 5, 5, 6, 5, 9], [9, 6, 6, 5, 8, 8, 5, 6, 6, 5, 9, 6, 9, 6, 9, 7, 7, 6, 6, 5, 5, 8, 8, 6, 6], [7, 7, 5, 5, 9, 5, 7, 8, 9, 6, 8, 9, 7, 6, 9, 9, 7, 9, 6, 8, 8, 7, 8, 7, 8], [5, 5, 9, 8, 8, 6, 5, 5, 9, 7, 6, 6, 5, 7, 5, 8, 8, 9, 7, 9, 5, 7, 5, 8, 7], [6, 5, 5, 6, 8, 5, 6, 8, 5, 8, 5, 7, 8, 9, 8, 7, 9, 8, 5, 8, 5, 7, 9, 9, 8], [5, 9, 9, 9, 8, 7, 6, 9, 7, 5, 6, 7, 9, 9, 6, 8, 6, 5, 5, 9, 8, 8, 6, 5, 6], [8, 8, 5, 6, 8, 5, 8, 8, 6, 6, 8, 7, 8, 5, 7, 9, 6, 5, 9, 7, 9, 6, 7, 5, 9], [8, 6, 6, 5, 7, 9, 9, 7, 6, 6, 8, 6, 5, 9, 7, 5, 6, 8, 7, 7, 9, 8, 5, 8, 7], [8, 8, 6, 6, 9, 5, 9, 5, 7, 6, 8, 5, 5, 9, 5, 6, 9, 7, 7, 8, 8, 8, 5, 8, 8], [9, 7, 7, 5, 7, 6, 5, 9, 9, 6, 6, 7, 5, 8, 7, 7, 5, 7, 6, 8, 6, 8, 9, 8, 6], [8, 8, 9, 9, 5, 9, 6, 9, 8, 8, 8, 9, 7, 6, 7, 7, 9, 7, 6, 7, 8, 9, 8, 7, 7], [7, 6, 7, 8, 9, 6, 9, 9, 6, 6, 8, 9, 9, 5, 9, 7, 8, 7, 8, 9, 9, 6, 8, 9, 7], [5, 5, 5, 7, 7, 8, 5, 8, 9, 7, 6, 8, 6, 7, 5, 9, 9, 6, 6, 9, 6, 9, 6, 9, 8], [6, 9, 6, 5, 7, 6, 5, 7, 6, 8, 8, 5, 7, 9, 6, 7, 5, 6, 7, 7, 5, 6, 5, 8, 8], [7, 8, 7, 8, 5, 8, 7, 7, 9, 5, 6, 7, 8, 8, 5, 8, 7, 5, 8, 7, 9, 7, 7, 8, 9], [7, 5, 9, 8, 7, 8, 5, 7, 5, 5, 6, 8, 5, 9, 6, 5, 9, 5, 9, 5, 8, 7, 9, 9, 5], [5, 6, 6, 7, 6, 8, 7, 5, 7, 8, 5, 7, 6, 9, 6, 8, 9, 5, 5, 7, 8, 9, 5, 7, 6], [6, 9, 7, 9, 8, 5, 9, 8, 7, 9, 5, 7, 6, 5, 7, 6, 7, 5, 7, 6, 7, 7, 6, 5, 7], [5, 7, 6, 7, 5, 8, 7, 6, 9, 9, 7, 5, 5, 7, 9, 9, 8, 7, 6, 6, 5, 9, 6, 6, 8], [8, 9, 9, 7, 7, 5, 5, 8, 6, 8, 9, 8, 8, 8, 6, 6, 7, 8, 8, 6, 9, 9, 9, 6, 8], [9, 7, 6, 9, 9, 6, 8, 9, 8, 6, 7, 6, 9, 7, 7, 8, 6, 8, 9, 7, 7, 5, 7, 9, 7], [9, 7, 9, 9, 5, 7, 6, 7, 6, 7, 8, 9, 5, 6, 7, 9, 9, 7, 6, 5, 9, 8, 6, 6, 9], [6, 7, 5, 6, 7, 8, 7, 8, 8, 7, 9, 7, 7, 7, 8, 9, 6, 8, 6, 9, 6, 5, 8, 9, 5], [7, 6, 9, 5, 7, 6, 5, 8, 8, 7, 5, 6, 8, 9, 9, 8, 6, 5, 7, 6, 9, 6, 8, 8, 5], [5, 9, 8, 6, 9, 6, 5, 5, 5, 8, 5, 8, 5, 5, 5, 9, 5, 8, 7, 9, 9, 6, 8, 7, 9], [7, 8, 7, 7, 9, 5, 5, 5, 6, 6, 5, 8, 8, 9, 9, 6, 5, 6, 9, 7, 7, 7, 9, 9, 9], [7, 5, 6, 7, 6, 6, 5, 6, 5, 6, 8, 9, 8, 9, 9, 5, 5, 5, 7, 6, 7, 8, 8, 8, 5], [5, 8, 8, 5, 9, 6, 5, 8, 5, 5, 7, 5, 9, 9, 8, 6, 5, 9, 9, 6, 6, 8, 9, 6, 5], [9, 8, 7, 7, 5, 9, 6, 7, 8, 9, 6, 8, 9, 7, 9, 5, 9, 9, 5, 7, 9, 8, 5, 6, 9], [7, 7, 7, 9, 7, 7, 7, 6, 8, 7, 8, 6, 6, 6, 5, 6, 9, 8, 6, 9, 6, 7, 5, 6, 5], [7, 6, 5, 8, 6, 6, 9, 9, 9, 8, 9, 7, 5, 9, 9, 5, 8, 9, 6, 6, 7, 7, 8, 8, 6], [6, 8, 7, 7, 5, 9, 6, 5, 7, 8, 6, 6, 8, 5, 7, 7, 6, 9, 8, 8, 8, 6, 6, 6, 7], [9, 9, 8, 7, 9, 8, 6, 7, 6, 7, 7, 8, 8, 6, 9, 5, 5, 9, 7, 5, 6, 9, 8, 5, 9], [7, 8, 5, 9, 7, 6, 7, 5, 9, 9, 9, 7, 8, 9, 8, 6, 9, 6, 7, 6, 7, 8, 7, 9, 6], [7, 7, 8, 7, 5, 7, 6, 7, 6, 5, 8, 8, 5, 5, 9, 7, 9, 7, 7, 6, 8, 7, 5, 9, 6], [8, 6, 5, 9, 8, 6, 9, 9, 9, 6, 7, 5, 6, 7, 7, 7, 8, 5, 7, 6, 8, 7, 7, 8, 7], [8, 8, 5, 6, 7, 8, 5, 6, 5, 6, 6, 5, 8, 5, 6, 7, 8, 5, 5, 5, 7, 8, 7, 5, 5], [5, 7, 8, 5, 5, 8, 8, 9, 5, 5, 9, 6, 6, 9, 9, 5, 7, 6, 7, 9, 5, 5, 6, 5, 5], [7, 9, 8, 8, 9, 7, 9, 5, 5, 8, 7, 8, 5, 9, 8, 8, 6, 8, 9, 6, 7, 6, 8, 8, 9], [9, 5, 9, 7, 5, 7, 9, 8, 7, 9, 5, 6, 7, 5, 9, 6, 6, 7, 5, 6, 7, 7, 6, 5, 8], [7, 9, 9, 8, 8, 8, 7, 7, 8, 7, 7, 9, 9, 9, 9, 5, 9, 6, 8, 6, 5, 9, 5, 5, 6], [9, 9, 6, 7, 5, 8, 6, 6, 9, 8, 7, 6, 6, 5, 8, 7, 5, 6, 7, 8, 6, 5, 5, 5, 5], [9, 5, 7, 6, 7, 5, 6, 5, 8, 6, 6, 7, 9, 6, 9, 7, 9, 7, 9, 7, 7, 9, 8, 6, 8], [9, 8, 7, 5, 8, 5, 5, 5, 9, 6, 5, 5, 6, 5, 9, 8, 5, 9, 6, 8, 8, 6, 5, 5, 5], [8, 7, 5, 7, 5, 6, 9, 8, 7, 5, 7, 5, 6, 7, 6, 7, 8, 8, 6, 9, 9, 8, 7, 6, 5], [9, 9, 5, 9, 8, 8, 9, 7, 7, 9, 7, 5, 6, 8, 5, 9, 6, 8, 5, 6, 6, 9, 7, 5, 7], [8, 9, 7, 8, 5, 6, 5, 6, 9, 8, 9, 5, 7, 9, 6, 9, 8, 6, 7, 7, 7, 7, 8, 5, 7], [8, 9, 6, 7, 8, 7, 5, 8, 9, 8, 8, 6, 9, 5, 7, 7, 8, 7, 8, 8, 5, 7, 5, 9, 6], [9, 5, 7, 9, 9, 7, 6, 5, 8, 6, 8, 9, 8, 6, 6, 5, 6, 9, 7, 7, 9, 5, 9, 8, 6], [5, 7, 7, 7, 5, 8, 8, 7, 9, 7, 6, 8, 9, 7, 5, 6, 6, 8, 8, 8, 8, 9, 6, 8, 6], [8, 6, 8, 7, 9, 7, 9, 5, 6, 7, 6, 9, 7, 7, 8, 5, 7, 5, 8, 5, 8, 7, 9, 7, 8], [8, 9, 8, 5, 9, 7, 7, 5, 7, 7, 5, 5, 5, 5, 5, 9, 9, 9, 5, 7, 6, 9, 6, 6, 8], [6, 7, 8, 8, 5, 8, 8, 8, 7, 8, 8, 7, 7, 6, 5, 5, 6, 6, 5, 9, 5, 7, 6, 9, 8], [9, 6, 6, 8, 6, 9, 6, 9, 9, 7, 5, 7, 6, 8, 7, 6, 5, 9, 7, 5, 9, 9, 8, 8, 5], [5, 7, 6, 7, 5, 7, 8, 5, 5, 9, 8, 9, 7, 9, 7, 8, 6, 7, 7, 9, 6, 6, 9, 6, 5], [7, 8, 9, 5, 9, 6, 7, 8, 7, 7, 6, 5, 8, 7, 5, 5, 7, 9, 5, 5, 9, 9, 9, 9, 8], [5, 9, 8, 8, 8, 6, 5, 9, 6, 5, 5, 8, 8, 9, 9, 5, 6, 5, 9, 8, 7, 6, 5, 7, 8], [5, 7, 6, 7, 5, 9, 9, 5, 8, 7, 7, 7, 5, 8, 9, 6, 8, 6, 9, 8, 8, 5, 5, 5, 5], [8, 8, 6, 9, 5, 7, 5, 5, 7, 9, 8, 7, 6, 5, 8, 7, 5, 5, 6, 8, 5, 7, 7, 8, 5], [6, 6, 9, 6, 8, 7, 7, 6, 6, 6, 9, 5, 6, 7, 9, 5, 9, 9, 8, 9, 9, 7, 6, 7, 6], [8, 7, 6, 7, 9, 6, 8, 9, 7, 9, 8, 6, 5, 6, 9, 6, 8, 7, 5, 5, 8, 7, 7, 8, 5], [5, 6, 9, 6, 7, 5, 5, 8, 8, 8, 7, 5, 9, 8, 5, 9, 7, 9, 8, 6, 5, 6, 9, 6, 8], [5, 9, 5, 8, 7, 7, 6, 9, 8, 6, 7, 7, 7, 6, 8, 5, 7, 9, 6, 9, 5, 9, 7, 9, 9], [6, 8, 9, 5, 8, 8, 5, 8, 5, 6, 7, 9, 8, 9, 6, 7, 7, 7, 8, 5, 5, 7, 6, 5, 8], [7, 9, 7, 8, 9, 7, 6, 7, 5, 8, 8, 5, 9, 8, 8, 8, 7, 8, 8, 6, 8, 9, 5, 9, 9], [7, 6, 9, 6, 7, 9, 6, 8, 9, 5, 6, 9, 6, 9, 5, 6, 6, 8, 8, 7, 5, 9, 7, 5, 9], [7, 7, 5, 8, 5, 7, 8, 9, 9, 6, 6, 7, 6, 7, 8, 9, 9, 7, 5, 5, 8, 8, 9, 6, 8], [8, 7, 6, 9, 9, 7, 6, 6, 6, 8, 8, 9, 6, 6, 9, 6, 5, 6, 6, 8, 7, 7, 9, 5, 6], [9, 6, 5, 6, 8, 6, 9, 6, 6, 8, 8, 6, 6, 7, 6, 7, 5, 6, 7, 5, 8, 7, 9, 9, 9], [7, 8, 6, 6, 7, 9, 7, 7, 8, 9, 9, 5, 9, 6, 8, 5, 8, 7, 6, 6, 6, 7, 8, 8, 9], [5, 9, 6, 6, 9, 9, 9, 9, 7, 9, 7, 6, 7, 8, 9, 6, 7, 9, 9, 7, 5, 8, 7, 7, 7], [8, 6, 7, 8, 7, 8, 5, 6, 8, 5, 7, 9, 8, 5, 5, 6, 7, 5, 8, 9, 8, 8, 7, 6, 5], [9, 8, 5, 5, 9, 9, 5, 6, 9, 5, 5, 7, 7, 7, 6, 7, 8, 7, 6, 7, 8, 6, 7, 8, 8], [9, 8, 6, 9, 7, 6, 9, 6, 7, 5, 9, 7, 9, 9, 9, 8, 9, 6, 9, 9, 5, 7, 7, 6, 6], [8, 6, 6, 6, 5, 7, 9, 8, 7, 7, 7, 6, 6, 6, 6, 8, 7, 8, 7, 6, 6, 8, 5, 6, 5], [5, 9, 7, 9, 8, 6, 8, 8, 6, 5, 9, 5, 5, 7, 8, 8, 5, 7, 5, 5, 5, 7, 9, 9, 7], [5, 9, 6, 5, 5, 6, 7, 7, 7, 9, 6, 5, 7, 8, 6, 8, 9, 6, 5, 6, 8, 9, 8, 9, 5], [9, 5, 7, 5, 5, 6, 5, 6, 6, 7, 7, 5, 7, 9, 5, 9, 8, 6, 6, 9, 9, 9, 9, 8, 6]]
Demand for each product in each period d: 
[[30, 0, 48, 39, 28, 10, 9, 33, 25, 19, 41, 14, 32, 0, 49, 16, 36, 35, 43, 5, 3, 32, 0, 28, 39], [11, 40, 42, 8, 5, 22, 0, 23, 48, 42, 27, 5, 29, 38, 15, 3, 1, 9, 0, 11, 29, 24, 0, 38, 14], [10, 21, 6, 30, 46, 28, 37, 38, 18, 0, 3, 0, 25, 37, 5, 1, 33, 46, 26, 29, 6, 44, 19, 21, 15], [10, 29, 30, 1, 34, 47, 1, 42, 17, 34, 36, 47, 35, 46, 1, 27, 39, 14, 25, 1, 4, 3, 19, 7, 29], [18, 47, 37, 32, 48, 0, 46, 0, 30, 35, 42, 30, 43, 1, 23, 30, 23, 4, 38, 30, 39, 39, 45, 36, 34], [24, 0, 28, 6, 36, 17, 35, 38, 6, 0, 2, 36, 14, 39, 41, 2, 23, 12, 14, 6, 42, 0, 20, 25, 14], [37, 25, 49, 10, 45, 17, 0, 26, 49, 18, 46, 7, 32, 9, 35, 0, 31, 0, 15, 1, 37, 4, 46, 0, 41], [13, 47, 36, 10, 26, 17, 19, 0, 39, 49, 28, 0, 36, 40, 20, 20, 38, 46, 0, 33, 47, 39, 18, 40, 16], [18, 29, 0, 18, 0, 24, 46, 18, 23, 5, 13, 28, 8, 30, 7, 17, 14, 10, 0, 27, 47, 4, 23, 16, 10], [18, 3, 6, 17, 34, 26, 42, 43, 47, 35, 39, 4, 15, 41, 10, 0, 16, 27, 8, 41, 2, 0, 36, 2, 39], [42, 44, 10, 26, 26, 2, 24, 19, 30, 35, 22, 48, 20, 0, 34, 43, 25, 8, 0, 46, 22, 12, 49, 3, 36], [40, 5, 4, 40, 0, 1, 9, 10, 4, 27, 0, 18, 40, 0, 15, 22, 31, 5, 48, 19, 1, 4, 30, 4, 22], [26, 16, 9, 40, 48, 6, 45, 46, 28, 49, 30, 42, 37, 25, 29, 27, 8, 29, 37, 43, 35, 5, 0, 41, 11], [26, 46, 9, 24, 44, 42, 7, 24, 0, 10, 6, 26, 17, 42, 23, 23, 12, 21, 41, 8, 3, 43, 18, 24, 27], [7, 1, 41, 24, 24, 34, 49, 39, 5, 45, 38, 0, 12, 42, 1, 29, 17, 47, 10, 6, 44, 26, 11, 23, 31], [7, 36, 47, 7, 37, 42, 34, 0, 17, 2, 27, 41, 28, 31, 38, 22, 5, 4, 17, 36, 26, 43, 23, 8, 0], [22, 3, 47, 25, 0, 20, 6, 25, 8, 2, 16, 7, 3, 0, 3, 31, 14, 16, 26, 0, 25, 47, 44, 22, 31], [31, 30, 0, 44, 34, 0, 0, 22, 29, 41, 43, 40, 3, 40, 22, 5, 35, 16, 41, 0, 39, 39, 48, 0, 34], [39, 18, 45, 28, 16, 40, 36, 19, 30, 27, 22, 24, 27, 0, 36, 0, 33, 37, 2, 17, 3, 43, 43, 2, 36], [38, 43, 35, 32, 4, 35, 10, 37, 7, 49, 38, 16, 24, 4, 42, 45, 40, 42, 48, 16, 12, 29, 45, 41, 46], [8, 27, 34, 2, 0, 0, 47, 20, 4, 5, 4, 0, 46, 11, 5, 31, 19, 33, 14, 18, 40, 7, 19, 5, 33], [33, 5, 18, 11, 8, 1, 49, 48, 48, 22, 11, 0, 10, 8, 26, 42, 2, 18, 45, 10, 17, 33, 22, 0, 35], [30, 11, 39, 15, 7, 6, 1, 27, 29, 6, 41, 4, 40, 35, 1, 48, 0, 49, 29, 11, 13, 44, 4, 0, 0], [19, 48, 33, 46, 28, 5, 27, 1, 32, 14, 4, 36, 13, 27, 44, 20, 41, 43, 1, 2, 44, 14, 19, 2, 29], [31, 12, 49, 9, 29, 2, 33, 32, 44, 34, 38, 0, 21, 0, 48, 18, 18, 38, 10, 37, 7, 18, 7, 44, 5], [41, 31, 46, 9, 3, 0, 4, 49, 0, 19, 41, 0, 0, 31, 31, 22, 20, 37, 30, 49, 39, 42, 30, 36, 12], [35, 44, 23, 32, 32, 18, 13, 0, 34, 30, 49, 2, 47, 47, 18, 35, 12, 40, 43, 17, 9, 5, 0, 32, 36], [22, 5, 42, 3, 40, 25, 45, 18, 7, 14, 41, 2, 48, 1, 35, 23, 18, 49, 15, 9, 24, 42, 10, 40, 5], [18, 0, 46, 4, 28, 46, 18, 41, 0, 44, 31, 0, 48, 6, 42, 27, 46, 46, 39, 20, 17, 45, 39, 48, 32], [41, 21, 2, 44, 49, 23, 12, 29, 49, 36, 24, 28, 38, 25, 48, 46, 4, 11, 38, 0, 32, 2, 28, 12, 10], [33, 36, 6, 38, 27, 8, 9, 41, 1, 1, 2, 27, 6, 2, 35, 12, 9, 35, 29, 20, 45, 12, 43, 20, 47], [47, 35, 2, 13, 22, 38, 1, 14, 49, 35, 40, 0, 36, 31, 36, 35, 22, 33, 10, 5, 3, 5, 47, 22, 7], [5, 21, 34, 20, 38, 49, 12, 44, 47, 6, 46, 24, 18, 10, 10, 45, 27, 42, 46, 30, 40, 33, 28, 14, 34], [32, 43, 28, 46, 32, 45, 0, 46, 20, 11, 48, 6, 13, 0, 0, 27, 18, 34, 47, 49, 22, 32, 18, 49, 0], [17, 25, 5, 6, 0, 11, 24, 31, 39, 24, 13, 23, 48, 28, 0, 25, 29, 14, 36, 0, 19, 17, 28, 0, 41], [7, 33, 39, 38, 39, 29, 7, 21, 1, 4, 48, 47, 20, 9, 15, 24, 0, 27, 19, 24, 37, 12, 47, 7, 35], [49, 26, 4, 46, 35, 7, 47, 49, 0, 27, 18, 3, 31, 1, 36, 13, 33, 22, 24, 0, 1, 12, 12, 47, 32], [6, 30, 19, 22, 0, 4, 49, 0, 11, 29, 8, 48, 27, 36, 12, 10, 13, 28, 25, 44, 49, 20, 34, 17, 40], [21, 26, 39, 21, 41, 47, 29, 47, 18, 26, 3, 44, 49, 29, 28, 15, 25, 16, 26, 10, 19, 26, 16, 33, 32], [0, 22, 46, 49, 40, 25, 1, 5, 22, 40, 27, 16, 18, 45, 31, 1, 44, 46, 1, 0, 35, 40, 0, 44, 37], [13, 7, 3, 26, 31, 44, 4, 2, 19, 15, 28, 13, 28, 24, 11, 7, 13, 49, 16, 13, 27, 0, 0, 6, 22], [0, 24, 47, 4, 14, 0, 0, 0, 33, 4, 38, 7, 40, 41, 42, 41, 36, 7, 42, 43, 4, 35, 16, 25, 0], [29, 31, 44, 48, 28, 17, 22, 0, 20, 40, 29, 28, 32, 38, 41, 15, 15, 39, 7, 1, 11, 42, 38, 10, 19], [47, 10, 17, 19, 25, 43, 24, 48, 39, 14, 0, 22, 16, 49, 12, 4, 8, 41, 0, 20, 19, 37, 47, 20, 40], [24, 29, 32, 12, 45, 9, 49, 31, 47, 5, 7, 8, 29, 18, 9, 23, 48, 13, 21, 36, 6, 14, 0, 41, 37], [41, 43, 27, 22, 38, 37, 23, 7, 2, 37, 15, 15, 28, 47, 21, 27, 0, 49, 6, 46, 8, 44, 3, 2, 0], [39, 21, 10, 26, 0, 25, 28, 27, 17, 18, 33, 20, 27, 16, 49, 1, 47, 20, 6, 47, 1, 2, 40, 7, 0], [22, 16, 31, 5, 2, 22, 15, 15, 5, 41, 40, 35, 24, 44, 11, 22, 44, 28, 19, 43, 39, 15, 9, 0, 36], [0, 29, 1, 7, 45, 30, 0, 24, 47, 6, 45, 29, 23, 18, 0, 26, 29, 34, 28, 27, 0, 6, 16, 9, 3], [11, 1, 32, 14, 25, 19, 6, 46, 0, 42, 25, 0, 8, 23, 48, 27, 42, 6, 23, 14, 0, 46, 22, 23, 23], [46, 13, 17, 13, 46, 33, 0, 19, 15, 48, 10, 26, 24, 7, 32, 33, 45, 24, 2, 7, 48, 30, 30, 15, 8], [42, 20, 13, 34, 31, 32, 48, 8, 23, 6, 24, 0, 16, 16, 26, 48, 2, 5, 31, 47, 33, 7, 22, 34, 38], [33, 33, 40, 8, 20, 1, 11, 29, 26, 41, 0, 21, 42, 17, 23, 0, 40, 26, 16, 16, 8, 15, 37, 16, 29], [33, 36, 0, 2, 21, 33, 46, 8, 35, 20, 40, 46, 10, 8, 7, 7, 16, 47, 43, 45, 31, 0, 35, 48, 2], [0, 18, 10, 46, 12, 35, 5, 35, 0, 44, 46, 48, 36, 14, 26, 3, 45, 47, 8, 8, 27, 28, 24, 6, 37], [28, 40, 5, 6, 7, 11, 24, 35, 38, 25, 2, 15, 31, 42, 34, 32, 26, 12, 43, 1, 31, 3, 36, 3, 14], [25, 36, 6, 1, 40, 20, 4, 0, 0, 11, 40, 19, 40, 44, 30, 18, 49, 0, 22, 48, 46, 41, 21, 6, 16], [32, 21, 25, 0, 21, 0, 32, 42, 6, 18, 17, 31, 34, 26, 42, 12, 0, 49, 24, 13, 0, 39, 3, 44, 7], [45, 41, 7, 36, 0, 25, 44, 38, 42, 26, 8, 0, 34, 49, 34, 24, 39, 0, 25, 0, 32, 26, 37, 20, 3], [0, 38, 35, 19, 33, 46, 48, 4, 4, 29, 19, 0, 35, 5, 48, 46, 24, 39, 37, 17, 37, 41, 45, 29, 27], [30, 41, 3, 5, 45, 23, 45, 12, 29, 22, 4, 47, 48, 3, 49, 13, 18, 9, 23, 8, 41, 18, 7, 44, 24], [25, 15, 0, 47, 41, 48, 41, 19, 47, 40, 27, 0, 24, 39, 16, 47, 23, 48, 0, 12, 34, 29, 45, 0, 23], [16, 30, 4, 45, 41, 37, 12, 44, 3, 7, 2, 10, 41, 46, 16, 35, 36, 44, 22, 13, 28, 4, 4, 40, 49], [13, 26, 43, 46, 15, 39, 48, 44, 44, 16, 32, 24, 16, 27, 18, 36, 13, 41, 19, 6, 26, 45, 16, 15, 9], [49, 0, 38, 4, 19, 24, 9, 0, 24, 27, 7, 19, 43, 2, 0, 41, 44, 26, 27, 20, 31, 0, 40, 37, 30], [36, 26, 49, 14, 22, 32, 21, 25, 43, 38, 4, 38, 1, 27, 5, 36, 11, 14, 0, 15, 18, 29, 19, 42, 38], [13, 27, 33, 38, 36, 13, 27, 13, 44, 28, 4, 20, 43, 42, 21, 16, 29, 24, 14, 32, 42, 13, 3, 34, 13], [5, 44, 49, 48, 39, 3, 21, 28, 19, 45, 35, 40, 18, 9, 12, 23, 33, 17, 46, 31, 29, 9, 11, 12, 15], [4, 32, 19, 0, 27, 27, 19, 6, 35, 3, 17, 27, 15, 24, 15, 2, 15, 4, 7, 35, 3, 40, 48, 23, 0], [19, 11, 0, 6, 7, 10, 2, 21, 8, 17, 16, 24, 29, 49, 20, 29, 36, 25, 28, 41, 41, 37, 24, 25, 9], [3, 44, 0, 34, 9, 23, 2, 10, 43, 37, 37, 48, 6, 48, 44, 18, 2, 37, 15, 41, 30, 18, 35, 17, 5], [31, 38, 15, 35, 12, 38, 15, 22, 11, 34, 43, 27, 10, 18, 27, 18, 14, 11, 47, 0, 42, 39, 28, 29, 26], [2, 8, 41, 34, 30, 11, 0, 17, 18, 37, 17, 12, 12, 47, 43, 2, 35, 18, 30, 33, 10, 36, 6, 8, 41], [31, 37, 38, 37, 35, 38, 12, 18, 15, 0, 4, 1, 16, 31, 20, 10, 26, 36, 13, 29, 22, 3, 7, 31, 47], [30, 35, 13, 31, 43, 13, 15, 6, 4, 28, 6, 20, 14, 36, 20, 46, 22, 43, 42, 13, 24, 10, 6, 29, 29], [4, 47, 5, 6, 15, 10, 2, 12, 0, 9, 30, 16, 18, 36, 23, 7, 37, 44, 12, 21, 45, 28, 23, 13, 0], [32, 10, 19, 44, 25, 49, 27, 3, 31, 21, 31, 8, 45, 11, 7, 35, 13, 29, 34, 22, 2, 30, 32, 28, 44], [9, 7, 48, 26, 28, 38, 38, 20, 5, 35, 9, 0, 38, 8, 42, 20, 30, 11, 21, 38, 3, 21, 13, 48, 24], [43, 19, 15, 16, 0, 35, 20, 41, 24, 44, 0, 1, 17, 47, 2, 23, 6, 43, 5, 49, 6, 11, 37, 16, 2], [22, 10, 42, 22, 17, 28, 18, 29, 17, 13, 10, 5, 5, 34, 12, 12, 4, 48, 24, 1, 16, 27, 44, 0, 33], [12, 0, 20, 7, 9, 15, 48, 29, 34, 18, 15, 32, 44, 21, 0, 36, 24, 31, 14, 18, 2, 33, 14, 39, 21], [1, 4, 29, 27, 37, 22, 9, 27, 4, 37, 46, 11, 22, 11, 19, 24, 34, 21, 18, 0, 6, 17, 21, 49, 39], [1, 28, 24, 27, 7, 49, 22, 18, 0, 41, 26, 30, 8, 36, 9, 2, 8, 8, 27, 33, 0, 0, 33, 15, 33], [24, 37, 30, 25, 38, 5, 22, 12, 11, 48, 38, 48, 0, 15, 11, 4, 13, 24, 49, 28, 39, 32, 49, 48, 1], [39, 26, 11, 47, 14, 33, 17, 45, 13, 24, 0, 41, 34, 3, 29, 14, 34, 20, 22, 46, 0, 25, 21, 16, 30], [16, 35, 14, 32, 33, 13, 35, 10, 40, 19, 0, 18, 39, 49, 36, 3, 0, 10, 11, 14, 25, 0, 36, 2, 27], [26, 17, 44, 41, 35, 3, 31, 1, 18, 12, 40, 21, 8, 48, 2, 12, 0, 36, 38, 32, 43, 32, 36, 0, 45], [35, 24, 18, 33, 26, 33, 38, 4, 18, 32, 32, 46, 34, 37, 0, 16, 5, 0, 40, 41, 8, 0, 1, 34, 3], [11, 28, 28, 17, 0, 48, 48, 12, 34, 41, 11, 46, 29, 0, 38, 30, 0, 14, 42, 20, 8, 13, 22, 28, 29], [48, 2, 17, 10, 37, 39, 46, 5, 33, 48, 7, 43, 20, 13, 33, 19, 37, 33, 21, 34, 26, 8, 44, 34, 31], [20, 2, 48, 21, 33, 6, 5, 20, 36, 46, 21, 30, 36, 18, 27, 8, 34, 12, 11, 41, 44, 35, 18, 17, 22], [16, 44, 49, 20, 45, 18, 48, 49, 27, 26, 22, 31, 9, 49, 15, 12, 35, 32, 2, 43, 25, 32, 11, 40, 21], [26, 42, 37, 9, 48, 38, 49, 29, 0, 9, 5, 34, 29, 48, 24, 21, 25, 46, 42, 9, 5, 9, 16, 33, 46], [3, 48, 21, 44, 12, 30, 0, 28, 24, 3, 12, 27, 12, 12, 15, 24, 10, 29, 36, 20, 15, 32, 24, 28, 36], [29, 0, 35, 32, 19, 22, 29, 31, 0, 0, 42, 25, 14, 15, 37, 7, 19, 0, 17, 7, 42, 40, 23, 16, 7], [42, 2, 10, 29, 28, 23, 39, 20, 32, 25, 21, 19, 12, 45, 25, 19, 9, 44, 11, 45, 45, 6, 0, 30, 22], [21, 45, 7, 25, 26, 40, 10, 49, 43, 7, 0, 43, 41, 45, 27, 0, 18, 35, 11, 46, 46, 38, 23, 45, 22], [15, 26, 3, 23, 1, 10, 1, 25, 26, 45, 10, 26, 30, 16, 18, 14, 26, 30, 23, 49, 5, 0, 28, 49, 31], [47, 23, 47, 45, 19, 8, 41, 39, 43, 30, 8, 7, 13, 46, 29, 42, 34, 11, 41, 7, 22, 47, 9, 39, 45], [27, 27, 4, 22, 24, 14, 47, 1, 47, 25, 31, 47, 16, 5, 20, 7, 14, 32, 30, 4, 30, 2, 9, 15, 6]]
Maintenance cost in each period m: 
[9946, 10462, 12181, 11963, 10400, 8628, 8895, 9224, 11504, 9202, 9166, 10978, 10701, 8509, 11254, 11166, 9943, 10873, 12096, 11318, 11194, 9652, 10690, 11117, 9034]
Maximum capacity of the machine cmax: 
4400