Set of periods in the planning horizon T: 
25
Set of products P: 
35
Capacity reduction coefficient alpha: 
0.8
Relative decrease of capacity per set up gamma: 
0.21
Capacity reduction coefficient due to product types beta: 
[0.2, 0.26, 0.38, 0.38, 0.35, 0.31, 0.28, 0.36, 0.31, 0.36, 0.29, 0.24, 0.32, 0.3, 0.26, 0.27, 0.23, 0.21, 0.28, 0.23, 0.39, 0.3, 0.22, 0.28, 0.3, 0.21, 0.3, 0.21, 0.29, 0.31, 0.25, 0.23, 0.31, 0.21, 0.3]
Fixed production cost of each product in each period f: 
[[840, 916, 887, 629, 640, 670, 707, 628, 509, 787, 824, 649, 930, 927, 920, 718, 885, 629, 951, 635, 884, 737, 624, 545, 929], [873, 661, 574, 956, 508, 995, 588, 549, 726, 875, 659, 523, 858, 718, 558, 544, 780, 652, 973, 600, 796, 760, 532, 810, 780], [843, 622, 626, 835, 912, 585, 950, 530, 679, 652, 561, 817, 787, 824, 995, 665, 853, 775, 712, 627, 719, 572, 586, 589, 778], [553, 733, 769, 700, 903, 843, 741, 598, 944, 507, 632, 839, 761, 764, 943, 858, 738, 812, 570, 656, 693, 551, 877, 706, 823], [712, 682, 763, 504, 925, 659, 823, 622, 729, 623, 647, 971, 864, 944, 829, 516, 874, 918, 841, 723, 850, 814, 732, 799, 987], [836, 788, 799, 752, 988, 914, 806, 826, 710, 887, 783, 585, 886, 845, 644, 911, 621, 560, 926, 931, 580, 912, 924, 707, 503], [853, 736, 582, 839, 620, 980, 994, 832, 899, 709, 837, 628, 875, 569, 952, 783, 977, 986, 576, 505, 531, 793, 831, 693, 637], [831, 779, 990, 704, 971, 939, 970, 746, 609, 542, 718, 813, 956, 712, 850, 680, 815, 899, 578, 907, 669, 835, 854, 633, 766], [582, 933, 816, 590, 789, 783, 827, 814, 683, 981, 842, 710, 596, 804, 590, 819, 505, 666, 638, 664, 689, 952, 883, 660, 713], [929, 772, 860, 818, 843, 537, 882, 535, 762, 635, 580, 687, 587, 536, 608, 695, 873, 821, 762, 954, 971, 905, 903, 838, 982], [884, 702, 995, 956, 518, 631, 891, 826, 738, 553, 905, 640, 813, 967, 848, 602, 913, 845, 646, 805, 930, 620, 586, 610, 610], [687, 540, 791, 531, 776, 810, 597, 510, 929, 749, 917, 998, 937, 519, 977, 963, 989, 613, 793, 962, 569, 947, 590, 947, 917], [619, 637, 571, 897, 919, 851, 742, 933, 800, 928, 869, 505, 670, 528, 922, 795, 615, 926, 670, 842, 621, 670, 750, 587, 963], [520, 746, 904, 915, 795, 950, 728, 775, 829, 632, 504, 522, 517, 974, 827, 618, 782, 529, 590, 968, 971, 750, 607, 713, 950], [612, 775, 517, 870, 662, 799, 513, 994, 800, 562, 934, 590, 671, 968, 712, 988, 796, 763, 777, 706, 535, 907, 785, 955, 969], [627, 730, 747, 641, 566, 608, 863, 979, 728, 824, 891, 710, 677, 519, 655, 788, 644, 928, 584, 571, 800, 688, 520, 534, 790], [763, 659, 617, 882, 710, 668, 844, 872, 762, 540, 898, 746, 536, 603, 771, 721, 655, 930, 921, 874, 885, 799, 541, 925, 649], [665, 770, 961, 902, 772, 557, 946, 757, 846, 663, 975, 885, 559, 503, 518, 747, 795, 741, 627, 769, 724, 590, 524, 713, 865], [804, 573, 564, 662, 724, 622, 599, 880, 616, 771, 781, 970, 600, 729, 830, 675, 840, 785, 845, 852, 758, 778, 929, 747, 846], [945, 798, 921, 683, 943, 725, 902, 951, 577, 571, 686, 821, 886, 540, 793, 926, 862, 896, 613, 578, 926, 811, 877, 928, 695], [651, 706, 552, 725, 607, 880, 531, 777, 942, 848, 947, 536, 982, 727, 980, 721, 604, 798, 706, 564, 871, 575, 673, 963, 659], [974, 932, 870, 632, 947, 689, 875, 977, 554, 722, 873, 953, 849, 738, 535, 688, 959, 629, 995, 559, 928, 992, 689, 913, 745], [890, 582, 817, 716, 936, 621, 821, 612, 889, 578, 893, 536, 885, 723, 886, 905, 982, 852, 973, 736, 997, 951, 771, 924, 820], [605, 537, 661, 987, 920, 534, 660, 620, 718, 922, 539, 982, 598, 681, 668, 523, 827, 659, 732, 515, 801, 575, 890, 587, 750], [830, 601, 688, 754, 549, 511, 572, 673, 518, 591, 966, 750, 976, 502, 593, 502, 923, 778, 939, 727, 672, 606, 880, 954, 535], [931, 684, 534, 605, 596, 795, 947, 590, 720, 812, 515, 580, 678, 835, 506, 851, 937, 717, 955, 626, 544, 844, 540, 830, 742], [896, 587, 740, 905, 598, 776, 925, 743, 678, 938, 679, 608, 653, 960, 636, 548, 617, 930, 590, 549, 960, 986, 686, 762, 692], [890, 532, 871, 617, 878, 727, 870, 671, 643, 963, 908, 910, 774, 705, 681, 746, 834, 784, 954, 934, 991, 502, 628, 683, 732], [774, 940, 891, 764, 716, 871, 650, 923, 673, 957, 803, 703, 877, 973, 976, 771, 975, 510, 787, 973, 686, 592, 855, 953, 949], [898, 793, 526, 658, 937, 834, 629, 704, 793, 930, 872, 733, 620, 798, 810, 589, 582, 736, 757, 590, 863, 954, 513, 873, 942], [687, 890, 700, 827, 638, 507, 614, 894, 842, 514, 891, 949, 580, 736, 617, 828, 711, 586, 821, 845, 676, 939, 851, 712, 600], [535, 615, 930, 939, 516, 512, 543, 735, 633, 735, 946, 594, 543, 979, 811, 588, 683, 703, 997, 570, 511, 665, 998, 630, 629], [855, 841, 508, 892, 660, 907, 810, 904, 587, 920, 740, 777, 667, 711, 685, 927, 735, 764, 693, 811, 559, 663, 835, 540, 690], [600, 619, 680, 838, 944, 500, 790, 657, 505, 768, 796, 908, 629, 804, 693, 844, 501, 642, 978, 882, 606, 654, 538, 963, 664], [906, 757, 673, 866, 935, 574, 595, 530, 729, 957, 583, 594, 748, 596, 706, 704, 796, 881, 813, 528, 890, 979, 585, 942, 629]]
Variable production cost per unit of each product in each period p: 
[[12, 13, 11, 12, 10, 10, 13, 13, 10, 13, 10, 13, 10, 12, 11, 13, 12, 11, 10, 12, 11, 10, 10, 12, 10], [13, 10, 11, 13, 13, 12, 13, 12, 13, 11, 13, 13, 10, 13, 10, 12, 12, 11, 13, 11, 12, 10, 11, 12, 12], [13, 11, 10, 11, 13, 13, 12, 10, 11, 13, 11, 10, 12, 12, 10, 13, 13, 12, 10, 10, 10, 13, 11, 13, 12], [13, 10, 11, 10, 12, 10, 13, 12, 10, 11, 12, 12, 11, 13, 12, 13, 12, 13, 12, 11, 12, 11, 13, 10, 11], [10, 13, 10, 10, 11, 12, 12, 11, 12, 12, 11, 12, 11, 11, 11, 13, 11, 11, 12, 12, 11, 13, 11, 12, 10], [13, 11, 13, 11, 12, 11, 13, 10, 13, 11, 13, 12, 10, 10, 10, 12, 13, 12, 10, 13, 11, 10, 12, 13, 10], [12, 10, 12, 10, 10, 11, 10, 11, 12, 13, 11, 11, 10, 10, 12, 10, 13, 12, 13, 13, 12, 12, 13, 11, 13], [10, 12, 10, 13, 11, 13, 11, 13, 13, 12, 11, 10, 10, 12, 13, 11, 13, 10, 12, 10, 13, 13, 10, 13, 10], [13, 13, 12, 10, 12, 10, 11, 10, 11, 13, 11, 10, 10, 12, 13, 13, 13, 13, 13, 11, 12, 12, 10, 13, 13], [11, 10, 10, 12, 10, 13, 13, 11, 11, 10, 13, 13, 11, 10, 12, 10, 10, 12, 13, 10, 13, 12, 10, 12, 11], [10, 12, 13, 12, 13, 10, 13, 13, 11, 10, 12, 10, 10, 10, 13, 11, 13, 10, 12, 10, 12, 12, 11, 13, 10], [11, 10, 13, 12, 13, 10, 13, 13, 10, 12, 13, 13, 12, 13, 10, 11, 13, 13, 12, 10, 10, 13, 13, 12, 12], [10, 11, 10, 13, 11, 13, 11, 12, 12, 12, 13, 10, 13, 13, 11, 10, 13, 13, 12, 11, 10, 11, 12, 11, 12], [10, 12, 13, 13, 10, 10, 13, 11, 10, 11, 11, 11, 11, 10, 10, 12, 11, 10, 11, 12, 12, 12, 13, 11, 13], [12, 10, 12, 13, 12, 11, 12, 10, 12, 11, 13, 11, 13, 12, 13, 10, 10, 13, 11, 11, 10, 11, 10, 12, 11], [10, 12, 12, 11, 12, 12, 11, 11, 12, 13, 12, 11, 13, 11, 11, 10, 12, 13, 11, 11, 12, 10, 10, 11, 11], [12, 10, 13, 11, 10, 12, 13, 11, 11, 10, 11, 13, 13, 13, 12, 13, 12, 10, 13, 13, 10, 13, 12, 10, 12], [13, 11, 11, 10, 12, 11, 10, 11, 10, 11, 11, 10, 12, 10, 11, 10, 13, 13, 12, 11, 12, 13, 10, 12, 10], [13, 10, 11, 11, 13, 11, 10, 13, 10, 11, 11, 10, 11, 11, 11, 11, 11, 11, 12, 12, 11, 11, 12, 10, 11], [13, 12, 13, 12, 11, 10, 11, 13, 12, 10, 10, 11, 12, 10, 10, 10, 13, 11, 12, 11, 10, 13, 13, 10, 12], [10, 10, 10, 10, 10, 10, 13, 13, 12, 10, 10, 12, 10, 12, 10, 10, 13, 10, 10, 11, 12, 13, 12, 10, 11], [12, 13, 12, 10, 11, 12, 10, 13, 13, 12, 11, 13, 13, 10, 10, 12, 12, 13, 11, 13, 13, 12, 10, 10, 11], [11, 13, 10, 12, 10, 10, 11, 11, 11, 11, 11, 10, 10, 11, 13, 11, 12, 13, 10, 13, 10, 13, 10, 12, 11], [13, 12, 10, 10, 11, 13, 12, 13, 13, 10, 13, 10, 11, 11, 12, 13, 11, 12, 13, 10, 12, 10, 10, 13, 11], [13, 10, 13, 13, 11, 12, 13, 11, 10, 12, 10, 10, 12, 11, 12, 11, 11, 13, 10, 13, 13, 13, 13, 10, 10], [10, 10, 12, 12, 10, 12, 10, 11, 10, 11, 12, 13, 10, 13, 10, 12, 12, 13, 11, 11, 10, 11, 12, 11, 13], [11, 12, 12, 11, 11, 11, 11, 13, 12, 10, 11, 10, 13, 13, 13, 12, 12, 12, 10, 12, 10, 10, 12, 13, 13], [11, 13, 11, 13, 10, 12, 12, 10, 10, 12, 13, 12, 11, 11, 12, 12, 10, 10, 11, 10, 10, 11, 11, 13, 10], [13, 11, 12, 11, 12, 12, 13, 11, 13, 11, 13, 10, 12, 10, 10, 12, 11, 12, 13, 12, 10, 11, 10, 13, 12], [11, 11, 11, 13, 11, 13, 13, 12, 12, 13, 13, 10, 13, 12, 12, 11, 11, 10, 12, 12, 11, 11, 12, 11, 12], [11, 11, 11, 13, 13, 12, 10, 12, 12, 11, 10, 12, 11, 11, 10, 12, 11, 12, 12, 12, 11, 11, 13, 10, 13], [12, 10, 13, 13, 10, 10, 12, 10, 10, 11, 10, 10, 13, 12, 12, 10, 12, 12, 12, 10, 10, 13, 10, 13, 10], [10, 12, 11, 10, 12, 12, 10, 11, 10, 11, 13, 13, 13, 12, 10, 12, 11, 12, 13, 11, 12, 10, 10, 13, 13], [11, 11, 12, 10, 10, 13, 10, 13, 13, 13, 10, 10, 10, 12, 13, 10, 13, 12, 10, 12, 12, 11, 12, 13, 10], [12, 11, 13, 10, 12, 12, 13, 13, 12, 10, 10, 11, 12, 12, 13, 10, 12, 12, 12, 13, 10, 13, 12, 10, 10]]
Inventory holding cost per unit of each product by the end of each period h: 
[[5, 8, 6, 6, 6, 9, 9, 5, 5, 5, 6, 7, 7, 5, 7, 7, 7, 8, 6, 6, 9, 9, 7, 9, 8], [8, 9, 9, 9, 7, 7, 7, 7, 7, 8, 8, 8, 7, 8, 6, 7, 9, 5, 9, 8, 8, 8, 8, 7, 5], [5, 9, 5, 5, 7, 9, 8, 5, 5, 7, 7, 5, 6, 6, 8, 7, 8, 5, 5, 8, 6, 7, 7, 9, 9], [6, 6, 5, 7, 8, 5, 9, 9, 6, 5, 7, 5, 6, 9, 8, 9, 5, 9, 6, 8, 6, 8, 7, 5, 8], [7, 7, 5, 9, 5, 8, 6, 7, 8, 9, 9, 7, 6, 6, 8, 5, 9, 9, 9, 9, 6, 8, 8, 7, 8], [5, 9, 6, 8, 8, 7, 9, 6, 8, 6, 6, 5, 9, 7, 8, 8, 9, 7, 7, 9, 8, 8, 6, 8, 9], [5, 9, 9, 9, 8, 6, 5, 9, 8, 9, 5, 6, 7, 7, 5, 9, 7, 8, 7, 8, 6, 8, 6, 7, 9], [9, 7, 6, 7, 5, 8, 9, 7, 8, 7, 5, 6, 8, 5, 7, 5, 6, 8, 6, 7, 7, 9, 8, 9, 7], [6, 9, 5, 9, 7, 9, 9, 9, 7, 5, 8, 6, 5, 8, 5, 8, 9, 5, 9, 6, 6, 7, 7, 8, 7], [9, 5, 9, 9, 7, 7, 6, 9, 8, 5, 8, 6, 5, 9, 5, 8, 7, 5, 6, 8, 8, 8, 7, 6, 6], [6, 6, 7, 9, 7, 8, 6, 6, 8, 6, 6, 5, 9, 6, 8, 5, 9, 8, 6, 6, 6, 6, 9, 8, 6], [5, 8, 9, 6, 7, 5, 5, 7, 9, 5, 6, 6, 7, 7, 7, 6, 9, 8, 5, 5, 8, 8, 6, 7, 5], [9, 5, 7, 7, 6, 8, 9, 8, 5, 8, 5, 8, 7, 5, 7, 8, 6, 7, 5, 6, 6, 9, 6, 7, 8], [6, 9, 5, 5, 9, 9, 9, 7, 5, 9, 7, 6, 9, 9, 7, 9, 8, 5, 8, 5, 6, 6, 6, 9, 9], [7, 5, 8, 9, 6, 6, 8, 5, 5, 9, 9, 8, 9, 7, 9, 6, 8, 5, 9, 5, 9, 7, 7, 6, 6], [6, 9, 8, 7, 5, 8, 5, 8, 9, 9, 8, 5, 7, 6, 7, 8, 6, 8, 8, 7, 6, 8, 9, 5, 5], [6, 5, 5, 8, 9, 9, 5, 5, 7, 9, 8, 5, 5, 7, 6, 9, 7, 5, 7, 5, 8, 9, 7, 8, 9], [6, 5, 8, 9, 8, 7, 5, 8, 8, 7, 5, 7, 9, 7, 9, 9, 9, 7, 9, 9, 6, 5, 7, 7, 9], [8, 9, 8, 6, 7, 9, 7, 7, 8, 8, 6, 5, 5, 6, 8, 6, 7, 5, 8, 5, 9, 6, 6, 5, 8], [6, 6, 8, 8, 7, 5, 9, 8, 6, 7, 9, 9, 7, 6, 6, 6, 7, 5, 6, 8, 9, 9, 6, 8, 9], [8, 5, 6, 6, 8, 5, 7, 9, 6, 8, 5, 9, 7, 9, 7, 6, 5, 5, 9, 9, 6, 8, 8, 5, 9], [9, 6, 8, 8, 8, 9, 9, 6, 5, 8, 6, 5, 9, 5, 6, 8, 5, 5, 5, 7, 5, 5, 5, 9, 5], [7, 5, 6, 8, 6, 6, 9, 8, 9, 9, 9, 9, 8, 6, 6, 5, 6, 9, 5, 5, 6, 5, 6, 5, 9], [8, 7, 7, 8, 9, 7, 6, 9, 5, 6, 8, 8, 9, 9, 9, 7, 6, 6, 8, 6, 6, 9, 7, 6, 5], [9, 7, 7, 5, 7, 6, 7, 9, 6, 9, 8, 6, 7, 6, 7, 9, 7, 7, 6, 9, 6, 9, 7, 5, 9], [7, 8, 5, 8, 6, 8, 6, 8, 7, 6, 8, 7, 6, 7, 6, 6, 8, 8, 8, 5, 7, 8, 8, 6, 5], [8, 5, 8, 5, 8, 7, 6, 8, 5, 7, 6, 9, 7, 5, 8, 9, 8, 9, 8, 5, 5, 9, 7, 6, 8], [6, 6, 9, 7, 8, 7, 6, 6, 8, 9, 8, 8, 7, 6, 6, 8, 5, 5, 8, 6, 5, 9, 7, 9, 8], [6, 7, 8, 7, 7, 7, 7, 6, 5, 9, 8, 9, 6, 9, 6, 5, 5, 8, 9, 5, 9, 8, 9, 9, 9], [6, 8, 9, 9, 6, 9, 9, 7, 5, 9, 8, 9, 7, 7, 5, 5, 6, 8, 5, 8, 6, 5, 8, 8, 8], [8, 9, 8, 8, 9, 5, 6, 6, 7, 9, 7, 8, 7, 7, 7, 5, 8, 8, 5, 7, 8, 9, 7, 7, 6], [7, 6, 5, 9, 8, 9, 8, 7, 8, 9, 7, 6, 5, 9, 9, 9, 5, 9, 7, 6, 9, 6, 6, 6, 5], [9, 7, 8, 9, 9, 8, 7, 9, 6, 5, 5, 7, 5, 6, 7, 6, 6, 6, 6, 7, 7, 5, 6, 6, 5], [7, 9, 7, 6, 9, 9, 6, 8, 6, 7, 5, 9, 7, 7, 6, 8, 7, 6, 9, 9, 8, 8, 5, 6, 7], [7, 6, 8, 8, 7, 7, 9, 6, 5, 8, 7, 9, 7, 9, 5, 9, 5, 6, 9, 7, 6, 7, 9, 6, 8]]
Demand for each product in each period d: 
[[24, 33, 8, 14, 18, 32, 11, 30, 37, 1, 45, 23, 45, 29, 25, 49, 15, 10, 45, 15, 0, 30, 28, 32, 29], [1, 6, 8, 41, 0, 9, 7, 26, 28, 44, 16, 38, 27, 33, 23, 23, 0, 2, 19, 16, 0, 8, 41, 48, 19], [36, 49, 26, 33, 41, 16, 35, 33, 2, 0, 29, 43, 31, 7, 30, 18, 44, 2, 29, 38, 35, 7, 2, 39, 9], [36, 40, 23, 7, 2, 11, 43, 40, 28, 16, 28, 37, 33, 23, 10, 33, 19, 13, 2, 17, 8, 0, 46, 0, 7], [21, 11, 12, 0, 34, 42, 3, 43, 45, 40, 1, 8, 42, 0, 14, 29, 4, 3, 0, 38, 34, 0, 33, 33, 14], [0, 33, 41, 4, 26, 9, 46, 8, 10, 9, 20, 44, 13, 2, 16, 2, 19, 9, 48, 36, 18, 14, 45, 9, 11], [19, 36, 39, 31, 43, 29, 14, 16, 4, 44, 31, 16, 12, 16, 8, 15, 25, 18, 7, 48, 31, 23, 42, 30, 17], [19, 49, 41, 48, 29, 23, 22, 3, 26, 23, 7, 31, 21, 1, 34, 46, 38, 36, 30, 45, 27, 22, 6, 0, 30], [46, 28, 0, 2, 15, 22, 11, 12, 45, 41, 28, 26, 0, 42, 40, 4, 47, 40, 14, 46, 49, 2, 24, 15, 46], [44, 38, 34, 18, 29, 0, 13, 31, 33, 32, 23, 30, 23, 43, 27, 21, 48, 26, 35, 24, 4, 20, 23, 31, 7], [17, 15, 0, 24, 31, 35, 5, 37, 46, 20, 40, 30, 14, 30, 34, 21, 7, 1, 23, 7, 10, 32, 22, 20, 1], [10, 42, 20, 25, 44, 43, 41, 31, 30, 29, 1, 28, 21, 24, 46, 28, 23, 14, 2, 9, 16, 37, 13, 21, 35], [13, 10, 13, 12, 20, 8, 12, 0, 0, 0, 34, 0, 30, 19, 23, 31, 46, 10, 24, 0, 36, 7, 38, 19, 0], [41, 14, 43, 15, 4, 38, 7, 27, 20, 2, 17, 32, 10, 44, 5, 42, 37, 42, 9, 14, 2, 4, 15, 48, 22], [36, 43, 45, 16, 0, 26, 18, 2, 8, 9, 49, 48, 29, 26, 9, 9, 16, 36, 33, 47, 9, 5, 20, 43, 3], [0, 26, 7, 47, 25, 0, 20, 35, 40, 46, 13, 28, 0, 22, 7, 21, 45, 5, 15, 5, 26, 8, 20, 11, 14], [8, 31, 40, 45, 34, 32, 14, 10, 27, 2, 39, 45, 12, 17, 10, 34, 28, 31, 26, 45, 8, 5, 31, 4, 10], [18, 3, 40, 2, 17, 11, 6, 15, 22, 8, 22, 36, 24, 19, 9, 3, 45, 25, 48, 0, 6, 8, 42, 41, 30], [48, 31, 40, 0, 1, 10, 4, 25, 43, 47, 35, 9, 40, 13, 24, 36, 2, 36, 4, 17, 14, 5, 21, 9, 14], [24, 1, 47, 19, 40, 16, 40, 38, 2, 32, 29, 37, 22, 22, 37, 45, 18, 35, 11, 0, 1, 38, 0, 23, 9], [32, 14, 35, 37, 24, 4, 12, 41, 14, 18, 47, 34, 23, 36, 43, 38, 48, 11, 39, 36, 7, 46, 5, 13, 6], [43, 28, 37, 49, 24, 49, 23, 31, 0, 18, 10, 14, 25, 17, 10, 12, 29, 10, 40, 0, 11, 44, 23, 15, 0], [45, 28, 36, 34, 18, 33, 1, 31, 43, 39, 48, 9, 13, 43, 40, 32, 39, 12, 6, 28, 46, 14, 44, 31, 43], [32, 4, 16, 1, 17, 37, 22, 26, 0, 6, 31, 21, 34, 1, 13, 23, 0, 25, 0, 8, 0, 30, 2, 32, 41], [45, 35, 0, 40, 47, 45, 22, 13, 26, 28, 28, 15, 10, 48, 40, 42, 3, 48, 44, 0, 42, 20, 25, 37, 40], [26, 32, 17, 20, 18, 44, 36, 10, 15, 40, 3, 43, 7, 32, 6, 48, 0, 13, 35, 5, 20, 32, 37, 37, 13], [34, 4, 16, 46, 30, 25, 25, 1, 10, 17, 0, 8, 0, 43, 20, 8, 49, 26, 45, 37, 43, 4, 11, 0, 16], [19, 25, 14, 5, 9, 38, 46, 34, 3, 18, 11, 26, 49, 0, 38, 1, 41, 18, 18, 22, 33, 2, 8, 0, 0], [27, 0, 3, 0, 41, 4, 21, 0, 19, 21, 21, 35, 0, 41, 12, 22, 26, 42, 0, 42, 26, 1, 47, 48, 43], [43, 46, 13, 33, 36, 23, 0, 17, 44, 31, 46, 35, 45, 23, 33, 0, 2, 43, 15, 44, 35, 15, 0, 0, 34], [37, 24, 4, 29, 42, 40, 0, 11, 1, 49, 22, 21, 33, 12, 34, 48, 8, 49, 47, 15, 14, 30, 30, 0, 26], [26, 49, 35, 17, 14, 27, 12, 32, 17, 20, 16, 39, 45, 11, 40, 24, 31, 19, 40, 16, 16, 33, 18, 22, 7], [13, 37, 12, 48, 28, 24, 39, 6, 13, 19, 5, 1, 38, 10, 12, 37, 41, 39, 17, 29, 26, 11, 20, 15, 30], [0, 43, 43, 32, 22, 4, 19, 48, 20, 45, 27, 8, 34, 15, 40, 45, 6, 0, 17, 46, 36, 6, 38, 15, 15], [47, 30, 40, 0, 36, 46, 6, 39, 26, 38, 2, 11, 27, 33, 34, 22, 22, 1, 20, 18, 20, 22, 9, 44, 4]]
Maintenance cost in each period m: 
[6683, 4969, 5265, 6244, 4931, 7113, 7018, 7005, 5590, 6952, 3743, 6726, 4901, 6666, 4735, 6586, 7093, 5236, 4801, 6766, 4893, 7158, 5171, 5379, 6880]
Maximum capacity of the machine cmax: 
1435