Set of periods in the planning horizon T: 
10
Set of products P: 
25
Capacity reduction coefficient alpha: 
0.8
Relative decrease of capacity per set up gamma: 
0.33
Capacity reduction coefficient due to product types beta: 
[0.0, 0.0, 0.0, 0.0, 0.0, 0.0, 0.0, 0.0, 0.0, 0.0, 0.0, 0.0, 0.0, 0.0, 0.0, 0.0, 0.0, 0.0, 0.0, 0.0, 0.0, 0.0, 0.0, 0.0, 0.0]
Fixed production cost of each product in each period f: 
[[830, 795, 533, 848, 861, 674, 635, 595, 887, 900], [892, 847, 548, 771, 689, 644, 719, 514, 598, 609], [795, 739, 925, 811, 583, 776, 972, 821, 974, 568], [556, 842, 963, 759, 652, 980, 761, 984, 826, 548], [776, 505, 588, 828, 881, 500, 669, 703, 753, 913], [926, 594, 792, 551, 952, 931, 961, 750, 635, 507], [673, 665, 584, 819, 764, 778, 858, 908, 847, 912], [974, 934, 507, 800, 590, 527, 553, 859, 827, 705], [846, 856, 715, 865, 973, 773, 833, 867, 848, 697], [574, 831, 588, 638, 874, 687, 783, 914, 877, 792], [644, 908, 829, 529, 769, 807, 640, 660, 613, 625], [648, 593, 681, 991, 580, 549, 532, 597, 809, 674], [624, 893, 630, 531, 853, 741, 636, 541, 959, 763], [848, 626, 852, 823, 548, 803, 747, 514, 741, 525], [742, 543, 525, 802, 797, 625, 675, 887, 564, 966], [795, 730, 846, 936, 865, 817, 957, 953, 665, 694], [933, 610, 910, 875, 958, 754, 648, 776, 848, 523], [669, 956, 939, 738, 502, 547, 530, 917, 670, 726], [788, 742, 939, 620, 762, 591, 706, 763, 616, 875], [501, 627, 705, 700, 914, 783, 536, 937, 766, 892], [814, 721, 615, 518, 697, 504, 861, 596, 968, 841], [502, 728, 872, 559, 646, 753, 738, 869, 827, 656], [551, 759, 608, 653, 832, 980, 717, 891, 805, 541], [503, 542, 572, 528, 820, 776, 909, 971, 965, 503], [636, 503, 513, 657, 714, 756, 881, 958, 554, 745]]
Variable production cost per unit of each product in each period p: 
[[11, 12, 12, 13, 12, 12, 12, 13, 11, 13], [12, 12, 10, 10, 13, 13, 13, 13, 12, 13], [11, 10, 10, 10, 12, 10, 10, 12, 10, 10], [13, 11, 13, 13, 13, 12, 13, 10, 10, 13], [10, 13, 11, 11, 13, 12, 10, 12, 12, 12], [11, 13, 12, 12, 13, 12, 11, 11, 13, 10], [11, 10, 12, 11, 13, 12, 13, 11, 10, 12], [12, 13, 13, 10, 11, 13, 13, 10, 11, 11], [12, 11, 12, 11, 10, 11, 12, 12, 12, 10], [10, 13, 11, 10, 11, 10, 11, 11, 11, 11], [10, 12, 11, 13, 12, 11, 10, 10, 11, 11], [13, 12, 10, 11, 10, 10, 13, 11, 11, 11], [12, 12, 13, 10, 13, 13, 11, 10, 10, 12], [13, 10, 13, 10, 11, 10, 10, 10, 10, 12], [10, 13, 12, 10, 10, 10, 10, 12, 13, 12], [13, 11, 12, 13, 10, 10, 13, 11, 12, 10], [13, 10, 13, 13, 12, 11, 11, 10, 13, 10], [13, 12, 12, 12, 12, 11, 12, 12, 11, 13], [11, 10, 13, 12, 11, 13, 12, 13, 11, 11], [12, 13, 10, 11, 13, 10, 13, 12, 10, 11], [13, 11, 10, 11, 13, 13, 12, 13, 12, 11], [10, 10, 13, 12, 12, 13, 12, 12, 11, 12], [12, 11, 12, 10, 10, 10, 12, 12, 10, 12], [11, 12, 10, 13, 10, 11, 11, 11, 12, 12], [11, 10, 11, 10, 12, 10, 11, 11, 13, 12]]
Inventory holding cost per unit of each product by the end of each period h: 
[[8, 7, 9, 9, 9, 5, 5, 7, 8, 5], [7, 7, 5, 8, 7, 8, 5, 8, 8, 7], [8, 7, 5, 5, 8, 6, 5, 9, 9, 6], [7, 6, 7, 9, 5, 6, 6, 7, 7, 9], [9, 7, 5, 8, 9, 7, 9, 8, 9, 5], [8, 8, 5, 8, 9, 7, 5, 7, 5, 9], [6, 9, 8, 9, 7, 5, 9, 8, 9, 6], [6, 9, 7, 5, 5, 5, 7, 9, 6, 6], [8, 7, 5, 9, 8, 6, 9, 5, 9, 7], [8, 5, 7, 7, 8, 5, 8, 6, 8, 5], [6, 7, 5, 7, 6, 8, 8, 8, 7, 8], [5, 5, 8, 7, 8, 6, 6, 9, 5, 8], [6, 8, 9, 5, 9, 8, 8, 8, 7, 5], [6, 7, 6, 6, 8, 6, 7, 9, 9, 5], [6, 5, 9, 5, 8, 8, 5, 5, 5, 7], [6, 7, 6, 5, 7, 8, 9, 7, 7, 7], [8, 7, 9, 8, 7, 8, 8, 7, 6, 5], [9, 8, 5, 8, 6, 7, 9, 7, 9, 6], [5, 7, 6, 6, 8, 9, 9, 7, 5, 8], [8, 7, 7, 5, 5, 7, 5, 7, 5, 9], [9, 6, 5, 6, 7, 8, 6, 6, 5, 5], [6, 6, 6, 5, 6, 7, 6, 8, 5, 7], [5, 6, 5, 9, 5, 6, 8, 8, 6, 9], [6, 5, 7, 8, 7, 8, 5, 8, 7, 6], [5, 8, 8, 6, 8, 9, 6, 9, 7, 6]]
Demand for each product in each period d: 
[[13, 32, 24, 2, 12, 23, 12, 47, 17, 17], [32, 6, 42, 31, 8, 27, 22, 18, 39, 25], [13, 6, 36, 42, 48, 33, 1, 5, 44, 48], [21, 49, 6, 12, 20, 13, 8, 49, 34, 32], [25, 19, 8, 43, 46, 10, 15, 48, 27, 16], [10, 0, 21, 15, 42, 28, 30, 44, 6, 15], [14, 19, 35, 37, 13, 29, 0, 28, 20, 23], [25, 9, 27, 9, 35, 22, 0, 46, 39, 6], [35, 25, 5, 3, 15, 28, 26, 48, 26, 37], [20, 31, 35, 45, 42, 23, 13, 45, 31, 32], [41, 13, 15, 0, 46, 9, 32, 2, 0, 38], [44, 16, 38, 0, 37, 22, 5, 23, 39, 45], [40, 3, 12, 26, 18, 40, 26, 14, 32, 34], [37, 5, 45, 15, 34, 42, 6, 28, 27, 32], [31, 6, 21, 22, 24, 32, 29, 0, 3, 7], [22, 21, 2, 37, 44, 16, 34, 40, 0, 20], [33, 44, 12, 1, 34, 49, 29, 5, 34, 25], [42, 23, 40, 42, 45, 1, 43, 42, 40, 42], [6, 1, 0, 46, 5, 17, 16, 43, 25, 3], [9, 12, 20, 38, 47, 28, 36, 39, 27, 28], [5, 0, 31, 27, 8, 31, 19, 12, 42, 35], [17, 31, 11, 16, 0, 26, 31, 35, 34, 1], [7, 0, 32, 5, 23, 13, 48, 26, 18, 17], [22, 6, 6, 36, 21, 19, 14, 29, 6, 30], [17, 0, 14, 0, 29, 47, 36, 16, 17, 19]]
Maintenance cost in each period m: 
[12853, 10320, 10130, 13744, 12693, 10861, 11650, 9804, 13099, 13218]
Maximum capacity of the machine cmax: 
1100