Set of periods in the planning horizon T: 
10
Set of products P: 
50
Capacity reduction coefficient alpha: 
0.8
Relative decrease of capacity per set up gamma: 
0.39
Capacity reduction coefficient due to product types beta: 
[0.21, 0.38, 0.39, 0.28, 0.22, 0.26, 0.37, 0.28, 0.37, 0.36, 0.23, 0.29, 0.22, 0.4, 0.38, 0.25, 0.3, 0.24, 0.38, 0.22, 0.36, 0.33, 0.34, 0.22, 0.22, 0.29, 0.3, 0.21, 0.37, 0.35, 0.34, 0.39, 0.25, 0.32, 0.22, 0.24, 0.34, 0.21, 0.29, 0.32, 0.26, 0.3, 0.26, 0.37, 0.22, 0.33, 0.4, 0.31, 0.31, 0.29]
Fixed production cost of each product in each period f: 
[[767, 538, 952, 930, 844, 971, 660, 891, 789, 835], [585, 872, 749, 901, 585, 767, 858, 573, 683, 993], [802, 758, 505, 676, 602, 853, 663, 724, 993, 719], [634, 857, 559, 978, 553, 635, 633, 578, 902, 581], [881, 654, 839, 601, 977, 785, 787, 562, 706, 865], [885, 949, 535, 668, 890, 507, 558, 992, 576, 935], [649, 776, 700, 821, 718, 633, 635, 885, 652, 839], [695, 721, 682, 747, 704, 693, 931, 568, 634, 709], [614, 577, 818, 662, 537, 515, 707, 521, 565, 841], [770, 929, 833, 607, 792, 831, 553, 884, 658, 976], [863, 919, 748, 820, 919, 811, 685, 964, 971, 834], [973, 552, 758, 612, 976, 826, 751, 911, 795, 738], [668, 977, 818, 927, 755, 529, 890, 661, 544, 933], [740, 997, 757, 632, 575, 708, 900, 750, 515, 793], [641, 962, 572, 657, 919, 862, 580, 573, 685, 855], [505, 567, 594, 784, 687, 553, 814, 527, 968, 531], [703, 535, 887, 542, 620, 591, 604, 820, 596, 675], [954, 603, 674, 908, 513, 957, 705, 528, 656, 562], [898, 849, 875, 793, 969, 905, 786, 903, 545, 948], [583, 975, 940, 760, 679, 851, 913, 753, 733, 963], [670, 668, 921, 642, 785, 750, 556, 864, 900, 991], [975, 702, 782, 970, 871, 585, 814, 663, 659, 908], [615, 884, 695, 502, 726, 927, 697, 800, 875, 514], [577, 924, 658, 611, 973, 677, 904, 859, 578, 700], [679, 705, 736, 630, 633, 880, 716, 829, 979, 543], [710, 765, 688, 655, 683, 783, 662, 549, 832, 854], [520, 838, 573, 969, 930, 970, 875, 711, 675, 687], [778, 717, 927, 744, 784, 508, 846, 610, 571, 501], [838, 803, 887, 534, 654, 797, 856, 961, 653, 516], [770, 697, 823, 835, 915, 620, 890, 522, 554, 747], [509, 876, 553, 537, 887, 756, 502, 940, 896, 737], [590, 909, 537, 624, 856, 838, 968, 921, 900, 976], [626, 901, 751, 979, 785, 616, 583, 631, 667, 895], [821, 763, 606, 931, 747, 714, 514, 931, 632, 870], [673, 915, 653, 784, 563, 726, 760, 723, 575, 707], [828, 544, 817, 928, 770, 902, 559, 560, 726, 669], [635, 901, 925, 566, 941, 519, 639, 950, 868, 952], [811, 973, 847, 565, 804, 639, 801, 775, 788, 504], [953, 633, 791, 571, 747, 979, 552, 927, 780, 604], [552, 885, 896, 844, 757, 679, 760, 886, 632, 581], [921, 758, 743, 725, 847, 753, 618, 639, 972, 888], [925, 750, 677, 894, 856, 870, 643, 647, 776, 532], [507, 700, 685, 819, 723, 649, 854, 972, 520, 714], [679, 696, 847, 682, 971, 677, 619, 670, 529, 934], [555, 906, 706, 921, 565, 831, 549, 628, 749, 931], [546, 748, 542, 622, 527, 642, 967, 930, 787, 736], [915, 890, 616, 994, 715, 593, 973, 793, 947, 848], [765, 743, 694, 883, 628, 993, 921, 771, 883, 574], [775, 915, 539, 629, 796, 524, 872, 611, 811, 963], [593, 521, 742, 836, 692, 642, 933, 932, 891, 952]]
Variable production cost per unit of each product in each period p: 
[[10, 11, 11, 12, 12, 13, 12, 10, 13, 10], [13, 11, 11, 11, 11, 10, 11, 13, 12, 13], [12, 12, 12, 13, 10, 11, 12, 11, 11, 10], [10, 12, 11, 10, 13, 12, 10, 11, 10, 12], [13, 13, 13, 11, 10, 11, 10, 11, 13, 11], [13, 12, 10, 12, 10, 12, 11, 10, 12, 13], [13, 11, 11, 11, 10, 10, 13, 10, 12, 13], [12, 11, 13, 13, 11, 10, 12, 13, 10, 12], [13, 10, 10, 11, 13, 10, 13, 13, 11, 11], [11, 11, 10, 10, 12, 13, 13, 12, 13, 13], [11, 12, 12, 11, 10, 10, 10, 10, 13, 13], [12, 11, 11, 10, 13, 11, 11, 13, 10, 12], [11, 12, 12, 10, 12, 12, 13, 12, 11, 12], [11, 11, 13, 12, 12, 13, 13, 10, 11, 10], [11, 10, 11, 10, 13, 12, 11, 12, 11, 13], [11, 12, 10, 13, 11, 11, 12, 12, 12, 13], [10, 12, 10, 12, 11, 12, 12, 12, 10, 12], [10, 13, 11, 10, 10, 13, 10, 10, 13, 11], [10, 10, 13, 11, 10, 12, 11, 10, 10, 13], [11, 12, 11, 10, 11, 11, 11, 13, 11, 12], [13, 11, 10, 13, 11, 13, 11, 12, 12, 13], [10, 11, 10, 10, 11, 13, 13, 12, 10, 13], [10, 11, 12, 11, 13, 11, 11, 13, 13, 13], [13, 12, 10, 10, 13, 10, 13, 11, 11, 13], [13, 13, 12, 10, 13, 10, 11, 10, 13, 10], [10, 10, 10, 13, 10, 12, 11, 13, 13, 10], [12, 13, 11, 12, 12, 11, 12, 11, 11, 10], [10, 10, 10, 13, 13, 10, 10, 11, 10, 13], [13, 11, 12, 13, 12, 10, 13, 11, 13, 11], [10, 13, 12, 11, 12, 11, 13, 12, 12, 12], [10, 10, 12, 13, 12, 11, 13, 13, 10, 12], [12, 11, 13, 11, 12, 11, 10, 11, 11, 10], [10, 10, 11, 10, 11, 10, 10, 12, 10, 13], [12, 11, 11, 13, 11, 10, 10, 12, 10, 12], [12, 13, 13, 11, 11, 12, 11, 13, 11, 12], [10, 12, 13, 13, 11, 12, 13, 12, 12, 10], [12, 12, 10, 10, 10, 12, 12, 12, 12, 11], [10, 12, 10, 12, 12, 13, 13, 11, 11, 11], [12, 12, 10, 11, 12, 13, 11, 12, 12, 12], [11, 10, 13, 11, 12, 13, 10, 11, 12, 12], [11, 11, 12, 11, 10, 11, 11, 13, 10, 10], [10, 10, 10, 13, 12, 10, 11, 13, 11, 11], [11, 13, 11, 11, 13, 12, 12, 12, 10, 10], [11, 10, 10, 13, 10, 10, 10, 10, 10, 12], [11, 11, 11, 13, 10, 10, 11, 11, 13, 10], [12, 12, 13, 13, 13, 10, 12, 13, 11, 13], [13, 12, 12, 13, 12, 10, 13, 12, 13, 12], [10, 10, 10, 11, 10, 13, 10, 13, 10, 10], [10, 12, 10, 13, 10, 10, 12, 13, 10, 13], [10, 10, 12, 13, 12, 11, 12, 10, 11, 12]]
Inventory holding cost per unit of each product by the end of each period h: 
[[5, 8, 9, 9, 7, 6, 7, 9, 9, 9], [9, 9, 5, 8, 8, 8, 9, 9, 5, 9], [9, 8, 8, 9, 6, 8, 6, 6, 8, 8], [8, 9, 5, 8, 7, 6, 9, 9, 8, 5], [9, 9, 8, 9, 7, 5, 5, 6, 7, 8], [7, 5, 7, 7, 8, 5, 7, 9, 7, 9], [8, 7, 8, 7, 5, 5, 7, 6, 8, 7], [9, 5, 6, 7, 7, 9, 6, 5, 7, 7], [8, 7, 6, 7, 7, 5, 9, 8, 9, 8], [8, 8, 7, 9, 6, 8, 9, 5, 9, 6], [6, 5, 7, 6, 8, 9, 6, 8, 6, 9], [5, 6, 9, 9, 6, 7, 7, 6, 9, 9], [9, 6, 8, 9, 9, 8, 5, 9, 6, 7], [8, 9, 6, 9, 7, 7, 7, 8, 5, 6], [8, 6, 9, 9, 5, 6, 7, 9, 9, 9], [6, 7, 9, 8, 7, 6, 7, 8, 5, 7], [8, 8, 7, 9, 5, 9, 9, 6, 9, 6], [8, 9, 8, 8, 6, 6, 5, 7, 8, 8], [7, 5, 8, 9, 6, 8, 9, 8, 5, 9], [9, 8, 8, 6, 6, 8, 6, 6, 5, 7], [9, 9, 8, 6, 6, 7, 5, 8, 5, 9], [6, 7, 9, 7, 8, 6, 9, 7, 9, 5], [6, 6, 5, 8, 7, 9, 9, 5, 9, 9], [6, 7, 8, 7, 6, 9, 7, 7, 8, 6], [9, 6, 6, 7, 7, 6, 7, 5, 9, 8], [8, 8, 6, 9, 5, 8, 6, 6, 9, 7], [8, 5, 7, 8, 5, 9, 6, 7, 9, 5], [6, 8, 7, 9, 7, 6, 7, 5, 7, 5], [9, 9, 9, 5, 7, 9, 7, 7, 7, 7], [9, 9, 9, 8, 8, 8, 6, 5, 9, 8], [8, 7, 9, 9, 9, 9, 6, 6, 5, 7], [6, 9, 7, 7, 8, 6, 8, 5, 6, 5], [5, 8, 9, 6, 9, 7, 7, 5, 5, 8], [6, 7, 5, 7, 8, 8, 5, 9, 9, 5], [5, 5, 5, 7, 5, 7, 8, 6, 5, 6], [9, 9, 7, 7, 7, 8, 7, 6, 6, 6], [8, 6, 9, 9, 8, 7, 8, 8, 9, 5], [7, 5, 7, 8, 6, 6, 6, 5, 6, 9], [7, 9, 7, 6, 6, 7, 7, 8, 8, 5], [7, 7, 7, 6, 6, 5, 5, 6, 9, 7], [6, 6, 5, 5, 9, 8, 6, 7, 7, 5], [6, 8, 9, 8, 5, 5, 5, 9, 8, 5], [9, 8, 5, 6, 9, 8, 9, 9, 6, 5], [9, 6, 5, 8, 9, 8, 5, 8, 5, 5], [7, 6, 9, 7, 8, 6, 6, 8, 6, 8], [9, 8, 9, 7, 9, 7, 9, 8, 6, 7], [8, 9, 9, 8, 9, 6, 6, 7, 8, 9], [8, 8, 5, 5, 9, 5, 7, 7, 7, 7], [9, 7, 6, 9, 5, 5, 7, 6, 9, 9], [8, 6, 5, 9, 5, 5, 9, 7, 7, 7]]
Demand for each product in each period d: 
[[42, 49, 3, 7, 26, 0, 16, 21, 9, 47], [21, 2, 5, 45, 27, 22, 21, 38, 7, 38], [21, 16, 25, 14, 22, 42, 45, 44, 48, 31], [37, 7, 30, 43, 5, 5, 0, 21, 22, 22], [2, 28, 10, 2, 3, 27, 1, 33, 29, 17], [28, 15, 43, 31, 6, 49, 39, 15, 28, 47], [49, 32, 16, 18, 3, 6, 26, 25, 27, 43], [19, 0, 26, 3, 4, 46, 17, 13, 24, 17], [39, 12, 35, 38, 11, 4, 39, 19, 10, 36], [36, 18, 26, 23, 19, 44, 45, 6, 32, 23], [45, 43, 44, 42, 1, 42, 28, 16, 6, 20], [36, 2, 2, 20, 21, 40, 38, 6, 37, 0], [47, 22, 35, 16, 29, 13, 33, 9, 14, 35], [35, 19, 31, 49, 6, 45, 44, 35, 27, 40], [25, 43, 13, 0, 15, 36, 0, 1, 41, 25], [7, 7, 0, 10, 4, 26, 15, 43, 6, 14], [20, 34, 43, 30, 3, 31, 6, 12, 36, 22], [25, 0, 2, 47, 7, 0, 31, 6, 29, 0], [23, 34, 45, 40, 8, 6, 10, 0, 28, 10], [29, 12, 10, 41, 38, 31, 45, 27, 21, 10], [18, 36, 21, 17, 2, 0, 49, 42, 15, 13], [19, 5, 34, 10, 37, 17, 10, 0, 6, 24], [41, 23, 22, 36, 34, 42, 18, 41, 20, 11], [11, 2, 2, 41, 25, 0, 36, 0, 27, 9], [2, 18, 0, 15, 36, 25, 14, 38, 13, 49], [45, 25, 44, 1, 0, 28, 17, 37, 26, 0], [5, 45, 48, 9, 6, 30, 2, 41, 8, 28], [23, 25, 3, 41, 15, 47, 32, 16, 22, 26], [44, 7, 0, 36, 5, 46, 9, 11, 46, 0], [38, 1, 16, 30, 5, 39, 20, 42, 35, 37], [0, 15, 2, 9, 37, 31, 23, 22, 0, 40], [38, 49, 5, 40, 6, 10, 23, 1, 0, 43], [4, 0, 10, 18, 10, 11, 14, 41, 33, 14], [4, 26, 3, 20, 9, 30, 49, 20, 47, 31], [38, 44, 44, 1, 0, 29, 48, 1, 5, 37], [21, 47, 13, 22, 31, 35, 10, 28, 8, 1], [17, 9, 26, 31, 36, 0, 10, 3, 1, 5], [15, 26, 0, 10, 0, 15, 22, 26, 6, 2], [0, 33, 32, 26, 34, 18, 3, 2, 9, 21], [16, 25, 32, 30, 15, 32, 1, 42, 38, 43], [33, 38, 14, 3, 32, 24, 0, 0, 27, 21], [13, 11, 41, 39, 28, 49, 33, 33, 16, 38], [36, 41, 46, 41, 5, 31, 48, 31, 25, 10], [14, 40, 47, 49, 12, 37, 20, 19, 45, 6], [14, 31, 16, 0, 21, 17, 4, 48, 23, 33], [1, 14, 1, 29, 3, 20, 39, 6, 47, 32], [45, 41, 36, 49, 0, 30, 26, 20, 25, 12], [4, 45, 49, 6, 38, 11, 13, 8, 20, 26], [24, 32, 21, 47, 35, 32, 47, 9, 37, 0], [3, 37, 1, 36, 20, 45, 0, 27, 7, 49]]
Maintenance cost in each period m: 
[4806, 5911, 4855, 4023, 3076, 5207, 3101, 4275, 3813, 6131]
Maximum capacity of the machine cmax: 
2250