Set of periods in the planning horizon T: 
35
Set of products P: 
125
Capacity reduction coefficient alpha: 
0.8
Relative decrease of capacity per set up gamma: 
0.38
Capacity reduction coefficient due to product types beta: 
[0.33, 0.26, 0.37, 0.3, 0.25, 0.22, 0.27, 0.21, 0.37, 0.24, 0.34, 0.37, 0.34, 0.23, 0.34, 0.34, 0.34, 0.23, 0.27, 0.35, 0.34, 0.21, 0.28, 0.23, 0.37, 0.22, 0.22, 0.29, 0.25, 0.22, 0.4, 0.24, 0.38, 0.37, 0.27, 0.28, 0.27, 0.34, 0.2, 0.4, 0.25, 0.27, 0.27, 0.22, 0.23, 0.38, 0.35, 0.34, 0.25, 0.37, 0.23, 0.36, 0.22, 0.23, 0.26, 0.27, 0.38, 0.39, 0.21, 0.23, 0.34, 0.38, 0.28, 0.27, 0.34, 0.21, 0.31, 0.38, 0.33, 0.32, 0.24, 0.36, 0.2, 0.3, 0.28, 0.24, 0.33, 0.37, 0.37, 0.33, 0.37, 0.35, 0.37, 0.3, 0.25, 0.4, 0.22, 0.24, 0.26, 0.22, 0.25, 0.21, 0.26, 0.21, 0.31, 0.37, 0.39, 0.21, 0.26, 0.38, 0.22, 0.21, 0.37, 0.34, 0.23, 0.25, 0.25, 0.39, 0.25, 0.21, 0.34, 0.4, 0.25, 0.33, 0.21, 0.37, 0.22, 0.37, 0.28, 0.34, 0.28, 0.3, 0.36, 0.2, 0.34]
Fixed production cost of each product in each period f: 
[[835, 945, 659, 883, 548, 633, 516, 921, 776, 714, 866, 987, 621, 573, 803, 860, 814, 725, 585, 732, 803, 680, 984, 738, 975, 917, 798, 555, 738, 898, 658, 585, 715, 829, 619], [965, 692, 576, 502, 976, 954, 512, 906, 819, 828, 963, 657, 729, 652, 587, 556, 928, 836, 687, 509, 804, 722, 624, 677, 686, 950, 558, 780, 998, 655, 885, 636, 793, 558, 880], [828, 726, 929, 748, 705, 802, 979, 700, 956, 977, 603, 980, 944, 623, 900, 750, 923, 692, 875, 586, 758, 740, 625, 905, 701, 611, 586, 832, 997, 791, 576, 773, 703, 734, 777], [792, 814, 532, 503, 765, 992, 962, 570, 608, 563, 679, 979, 899, 704, 815, 613, 977, 791, 788, 579, 810, 787, 688, 573, 503, 987, 918, 772, 883, 939, 967, 650, 564, 934, 910], [568, 653, 806, 802, 704, 707, 600, 577, 504, 601, 712, 555, 677, 915, 702, 598, 845, 664, 653, 655, 745, 647, 974, 883, 884, 979, 615, 893, 888, 733, 521, 869, 524, 587, 757], [990, 595, 672, 805, 702, 591, 917, 859, 516, 957, 747, 619, 877, 607, 773, 736, 636, 914, 868, 533, 566, 693, 713, 529, 647, 560, 656, 652, 946, 679, 734, 607, 549, 803, 831], [900, 634, 968, 774, 929, 536, 699, 527, 890, 988, 638, 937, 977, 540, 544, 992, 662, 778, 903, 909, 989, 724, 896, 701, 767, 734, 916, 774, 682, 542, 810, 668, 971, 869, 630], [581, 842, 952, 903, 638, 717, 902, 506, 704, 530, 976, 515, 881, 584, 768, 712, 927, 578, 918, 570, 782, 703, 733, 806, 592, 532, 861, 587, 551, 531, 593, 874, 858, 788, 996], [877, 716, 893, 558, 703, 897, 906, 851, 861, 783, 542, 661, 914, 698, 975, 580, 508, 707, 627, 666, 587, 677, 823, 854, 828, 837, 676, 551, 506, 812, 897, 829, 974, 622, 704], [992, 555, 976, 903, 508, 938, 792, 977, 791, 996, 705, 974, 894, 709, 547, 777, 775, 924, 885, 774, 591, 503, 572, 760, 948, 535, 608, 961, 860, 664, 607, 731, 723, 699, 546], [593, 541, 647, 968, 779, 535, 864, 645, 736, 905, 664, 756, 812, 731, 685, 548, 749, 655, 800, 858, 602, 514, 608, 658, 634, 761, 903, 741, 849, 679, 693, 835, 883, 946, 711], [803, 762, 857, 871, 988, 874, 523, 598, 655, 548, 827, 713, 593, 691, 679, 901, 803, 836, 997, 905, 620, 990, 629, 929, 985, 765, 727, 740, 873, 575, 788, 678, 802, 860, 601], [685, 574, 955, 844, 856, 535, 546, 699, 774, 755, 848, 770, 675, 783, 641, 930, 929, 569, 645, 593, 581, 627, 818, 788, 751, 646, 621, 680, 602, 982, 895, 706, 953, 948, 873], [762, 988, 982, 613, 786, 752, 541, 721, 787, 500, 828, 632, 776, 981, 893, 616, 788, 949, 586, 619, 509, 741, 986, 704, 615, 552, 526, 628, 614, 894, 575, 910, 967, 855, 545], [915, 569, 820, 933, 932, 501, 791, 930, 743, 977, 731, 861, 749, 566, 623, 665, 975, 909, 552, 870, 631, 609, 626, 820, 977, 591, 823, 677, 536, 584, 826, 922, 885, 998, 643], [689, 512, 609, 962, 845, 587, 787, 861, 915, 704, 649, 873, 593, 861, 912, 918, 529, 806, 647, 598, 555, 915, 533, 871, 579, 879, 941, 700, 800, 923, 891, 514, 867, 599, 845], [960, 865, 739, 774, 648, 852, 785, 621, 780, 980, 518, 990, 871, 787, 750, 890, 578, 878, 653, 679, 969, 732, 845, 659, 520, 575, 794, 844, 542, 846, 849, 600, 616, 897, 972], [671, 751, 652, 610, 843, 700, 601, 734, 782, 880, 978, 651, 523, 641, 668, 963, 739, 622, 950, 642, 698, 588, 957, 695, 630, 835, 954, 766, 710, 911, 913, 663, 783, 817, 793], [958, 987, 925, 543, 680, 835, 802, 746, 824, 565, 938, 941, 718, 649, 796, 979, 529, 853, 562, 548, 584, 742, 665, 605, 615, 812, 936, 847, 956, 808, 503, 599, 564, 658, 661], [762, 513, 905, 956, 919, 682, 999, 682, 588, 866, 812, 980, 792, 839, 993, 652, 596, 969, 921, 554, 989, 793, 683, 937, 784, 767, 788, 879, 679, 555, 901, 622, 913, 544, 587], [670, 846, 544, 936, 739, 837, 977, 787, 784, 697, 593, 852, 991, 862, 839, 550, 872, 676, 646, 956, 526, 680, 855, 777, 750, 700, 962, 665, 855, 980, 860, 957, 581, 586, 954], [583, 879, 593, 947, 740, 827, 733, 638, 993, 548, 707, 740, 692, 785, 916, 872, 631, 847, 619, 575, 550, 856, 533, 612, 845, 946, 618, 882, 645, 767, 577, 747, 656, 580, 601], [760, 810, 987, 696, 672, 887, 982, 943, 851, 591, 963, 833, 925, 724, 995, 798, 880, 709, 759, 593, 951, 509, 700, 628, 804, 526, 983, 981, 786, 641, 790, 503, 597, 761, 740], [615, 532, 653, 749, 579, 673, 502, 900, 941, 571, 670, 741, 958, 731, 968, 636, 957, 859, 845, 891, 830, 606, 555, 851, 930, 588, 643, 822, 787, 925, 936, 691, 966, 639, 887], [704, 512, 886, 688, 853, 761, 769, 523, 689, 822, 784, 650, 968, 687, 636, 620, 962, 777, 788, 999, 986, 632, 665, 802, 739, 540, 977, 661, 704, 586, 596, 514, 564, 941, 654], [556, 634, 878, 935, 977, 584, 990, 640, 723, 990, 778, 887, 796, 694, 732, 855, 569, 542, 829, 699, 603, 831, 921, 911, 529, 838, 888, 720, 873, 579, 924, 701, 998, 830, 971], [847, 761, 545, 756, 867, 811, 983, 764, 879, 698, 611, 623, 992, 879, 872, 847, 963, 889, 535, 811, 964, 783, 902, 802, 628, 765, 712, 640, 539, 986, 884, 585, 510, 873, 612], [820, 970, 538, 782, 502, 997, 978, 805, 714, 984, 981, 994, 511, 808, 634, 629, 729, 520, 651, 853, 867, 606, 580, 517, 831, 780, 885, 651, 726, 680, 799, 689, 858, 855, 622], [644, 662, 510, 931, 861, 801, 883, 830, 845, 534, 673, 907, 731, 590, 721, 864, 557, 560, 646, 612, 737, 759, 856, 706, 736, 536, 956, 599, 755, 769, 507, 859, 846, 829, 749], [648, 661, 960, 551, 561, 822, 519, 815, 635, 640, 591, 699, 682, 952, 908, 882, 697, 733, 904, 751, 986, 619, 612, 664, 992, 708, 777, 635, 531, 944, 699, 783, 821, 714, 913], [839, 925, 523, 642, 889, 719, 971, 800, 824, 739, 753, 900, 703, 514, 706, 696, 692, 768, 684, 964, 968, 738, 733, 544, 882, 752, 662, 748, 745, 517, 964, 649, 505, 581, 545], [636, 954, 572, 608, 727, 931, 583, 515, 556, 901, 870, 719, 663, 825, 658, 659, 656, 697, 742, 655, 869, 716, 639, 500, 963, 874, 964, 786, 625, 615, 675, 647, 618, 594, 750], [756, 582, 557, 590, 648, 827, 755, 725, 536, 798, 983, 650, 674, 980, 888, 613, 501, 797, 735, 704, 824, 740, 767, 725, 921, 601, 909, 625, 877, 695, 924, 915, 500, 583, 662], [536, 528, 578, 871, 643, 962, 570, 601, 849, 593, 918, 612, 539, 837, 893, 767, 711, 865, 720, 616, 604, 714, 901, 540, 830, 730, 555, 606, 506, 831, 636, 905, 900, 990, 995], [993, 902, 737, 815, 516, 619, 892, 709, 899, 588, 563, 857, 829, 785, 551, 724, 589, 940, 739, 798, 611, 776, 702, 901, 568, 629, 934, 878, 509, 980, 763, 910, 642, 860, 978], [529, 633, 674, 565, 859, 969, 821, 817, 679, 790, 838, 919, 591, 693, 525, 700, 691, 696, 969, 729, 691, 823, 593, 830, 646, 866, 823, 668, 864, 810, 907, 780, 810, 758, 551], [937, 994, 975, 646, 773, 663, 567, 698, 509, 878, 855, 933, 624, 928, 963, 654, 755, 503, 794, 578, 943, 976, 676, 535, 548, 939, 809, 871, 941, 797, 977, 735, 556, 625, 527], [524, 967, 805, 577, 633, 917, 736, 584, 774, 917, 547, 687, 692, 605, 680, 702, 838, 776, 772, 514, 636, 846, 865, 812, 515, 951, 850, 722, 841, 545, 944, 865, 734, 836, 945], [867, 703, 604, 682, 710, 530, 855, 705, 615, 977, 805, 652, 748, 513, 642, 569, 606, 506, 722, 770, 986, 925, 857, 583, 933, 824, 506, 948, 703, 548, 950, 890, 573, 762, 602], [842, 554, 538, 622, 732, 718, 987, 774, 956, 967, 965, 868, 517, 795, 816, 899, 542, 524, 546, 690, 882, 521, 841, 721, 829, 791, 967, 833, 570, 966, 838, 743, 637, 614, 767], [724, 653, 533, 663, 694, 898, 918, 662, 765, 579, 714, 639, 611, 660, 977, 784, 947, 829, 656, 678, 955, 651, 824, 624, 623, 858, 859, 801, 844, 838, 671, 900, 800, 713, 536], [756, 798, 691, 799, 881, 781, 608, 953, 829, 740, 585, 865, 866, 530, 953, 669, 632, 687, 614, 838, 643, 672, 970, 927, 807, 968, 987, 527, 939, 536, 764, 967, 723, 859, 614], [702, 835, 865, 739, 709, 956, 827, 957, 679, 859, 834, 502, 837, 531, 925, 522, 791, 690, 758, 926, 615, 578, 556, 927, 940, 845, 517, 936, 981, 736, 746, 697, 555, 847, 852], [702, 832, 979, 895, 605, 583, 718, 727, 955, 638, 778, 942, 742, 852, 781, 562, 518, 568, 651, 544, 603, 954, 821, 524, 682, 744, 963, 737, 668, 601, 587, 550, 859, 710, 638], [837, 636, 989, 600, 989, 737, 679, 620, 998, 693, 948, 629, 979, 755, 622, 583, 803, 930, 991, 588, 723, 674, 648, 759, 629, 628, 929, 664, 848, 504, 610, 661, 863, 808, 836], [850, 834, 919, 894, 865, 599, 962, 963, 797, 850, 919, 607, 593, 635, 709, 531, 953, 575, 994, 577, 753, 961, 675, 931, 715, 907, 726, 889, 523, 961, 807, 673, 969, 967, 717], [642, 683, 677, 912, 922, 853, 897, 979, 666, 740, 561, 997, 691, 624, 530, 819, 819, 981, 910, 939, 535, 911, 521, 583, 967, 526, 521, 685, 551, 540, 970, 544, 592, 732, 949], [651, 966, 889, 861, 723, 559, 916, 824, 531, 895, 769, 501, 822, 611, 700, 678, 633, 931, 944, 686, 807, 776, 719, 642, 747, 855, 969, 688, 725, 503, 888, 808, 502, 660, 685], [558, 803, 518, 837, 552, 532, 573, 731, 932, 771, 861, 519, 581, 874, 680, 956, 939, 720, 551, 834, 934, 647, 615, 924, 919, 671, 764, 863, 768, 557, 893, 525, 542, 725, 950], [640, 615, 695, 917, 593, 655, 735, 611, 882, 764, 675, 717, 968, 869, 708, 939, 560, 804, 887, 537, 757, 538, 692, 738, 648, 549, 753, 757, 754, 833, 554, 581, 539, 508, 863], [902, 707, 613, 664, 870, 995, 834, 720, 523, 898, 818, 974, 915, 746, 985, 823, 769, 834, 521, 805, 714, 815, 507, 855, 514, 846, 825, 843, 802, 991, 511, 798, 781, 514, 905], [920, 688, 831, 775, 700, 679, 928, 507, 504, 501, 930, 832, 793, 787, 670, 579, 514, 862, 929, 832, 766, 902, 923, 601, 526, 673, 642, 661, 827, 714, 677, 973, 708, 655, 929], [797, 756, 790, 937, 600, 961, 576, 855, 657, 531, 827, 678, 835, 869, 543, 879, 954, 576, 665, 877, 639, 841, 917, 529, 737, 744, 751, 762, 692, 944, 962, 578, 900, 986, 943], [664, 745, 522, 780, 713, 910, 804, 743, 918, 757, 666, 930, 859, 506, 875, 580, 958, 653, 831, 970, 939, 863, 634, 654, 733, 978, 769, 678, 940, 892, 942, 764, 623, 965, 993], [762, 653, 680, 743, 811, 831, 661, 592, 581, 762, 649, 734, 517, 940, 636, 694, 801, 523, 518, 566, 694, 859, 664, 643, 547, 780, 838, 679, 870, 951, 650, 741, 616, 717, 669], [986, 523, 920, 638, 937, 785, 540, 947, 834, 776, 583, 939, 869, 818, 501, 987, 596, 846, 576, 758, 763, 568, 784, 685, 527, 926, 878, 501, 629, 603, 729, 982, 949, 703, 604], [603, 559, 819, 532, 572, 938, 897, 977, 879, 732, 944, 599, 811, 868, 811, 905, 583, 989, 967, 808, 998, 879, 847, 824, 540, 987, 751, 688, 853, 554, 763, 531, 630, 672, 595], [598, 639, 981, 545, 721, 960, 734, 522, 878, 576, 983, 648, 867, 545, 627, 770, 836, 707, 677, 595, 637, 947, 585, 829, 705, 840, 649, 953, 790, 890, 920, 706, 574, 687, 998], [615, 876, 624, 602, 527, 983, 761, 850, 860, 986, 771, 976, 925, 909, 965, 656, 994, 751, 702, 513, 684, 785, 707, 937, 741, 660, 819, 693, 612, 713, 836, 822, 720, 774, 747], [577, 625, 631, 621, 966, 971, 907, 503, 552, 557, 547, 822, 512, 805, 782, 823, 867, 839, 822, 671, 692, 599, 803, 969, 597, 805, 645, 945, 521, 919, 899, 810, 931, 901, 838], [517, 545, 897, 584, 852, 517, 987, 867, 860, 979, 696, 818, 963, 823, 813, 988, 500, 896, 931, 968, 837, 719, 957, 860, 890, 709, 676, 973, 908, 965, 517, 909, 725, 712, 970], [667, 954, 917, 759, 637, 926, 896, 690, 640, 834, 791, 916, 665, 587, 965, 556, 783, 960, 962, 904, 559, 720, 546, 856, 735, 799, 682, 673, 856, 522, 825, 564, 686, 883, 585], [939, 845, 708, 638, 513, 842, 927, 653, 704, 783, 774, 824, 811, 536, 721, 856, 508, 835, 602, 686, 833, 713, 538, 664, 699, 589, 740, 657, 511, 729, 806, 842, 592, 820, 512], [532, 526, 724, 610, 839, 709, 857, 704, 831, 811, 864, 957, 870, 833, 999, 926, 930, 999, 855, 927, 920, 662, 915, 928, 542, 926, 720, 662, 930, 902, 875, 970, 516, 545, 635], [701, 776, 828, 927, 801, 609, 693, 823, 511, 850, 815, 694, 624, 554, 698, 778, 993, 809, 572, 929, 675, 693, 724, 686, 992, 666, 760, 852, 871, 810, 626, 838, 554, 635, 650], [579, 710, 874, 515, 989, 715, 589, 885, 696, 647, 723, 595, 654, 762, 720, 618, 912, 750, 966, 507, 633, 598, 873, 679, 974, 892, 822, 725, 616, 864, 811, 502, 887, 905, 743], [845, 738, 537, 728, 705, 769, 738, 696, 717, 636, 916, 880, 529, 840, 851, 954, 605, 547, 937, 549, 993, 942, 608, 682, 840, 745, 763, 802, 528, 706, 842, 671, 883, 922, 609], [512, 685, 507, 789, 675, 766, 745, 513, 879, 843, 757, 793, 886, 963, 783, 695, 637, 631, 591, 581, 839, 847, 577, 879, 693, 688, 571, 555, 601, 718, 767, 519, 975, 850, 757], [893, 785, 845, 934, 769, 881, 525, 762, 692, 907, 715, 695, 669, 793, 889, 556, 739, 849, 938, 639, 770, 981, 755, 753, 909, 854, 885, 756, 505, 931, 782, 965, 837, 810, 973], [917, 867, 687, 522, 725, 731, 803, 900, 857, 618, 689, 812, 585, 830, 659, 594, 550, 916, 797, 561, 926, 770, 903, 759, 614, 926, 597, 676, 836, 754, 779, 507, 916, 697, 696], [509, 980, 598, 649, 536, 966, 952, 763, 928, 792, 631, 779, 737, 956, 768, 834, 990, 555, 707, 556, 823, 972, 769, 725, 590, 737, 662, 865, 581, 811, 500, 840, 557, 575, 795], [961, 850, 583, 979, 940, 907, 951, 604, 966, 820, 526, 651, 657, 619, 668, 864, 900, 542, 629, 820, 707, 517, 945, 844, 500, 948, 686, 570, 712, 657, 763, 965, 771, 816, 570], [986, 552, 666, 870, 856, 668, 989, 500, 579, 663, 937, 812, 688, 782, 857, 824, 664, 536, 676, 908, 869, 805, 556, 656, 662, 908, 675, 993, 694, 809, 529, 590, 526, 855, 538], [771, 601, 531, 713, 949, 927, 569, 980, 809, 526, 739, 788, 853, 867, 518, 691, 555, 528, 620, 667, 797, 658, 722, 655, 791, 551, 887, 556, 579, 531, 524, 873, 547, 821, 649], [933, 540, 825, 759, 739, 945, 956, 877, 761, 834, 651, 990, 523, 803, 858, 902, 624, 582, 934, 789, 780, 775, 928, 951, 697, 845, 580, 567, 691, 510, 876, 854, 879, 922, 791], [524, 959, 940, 909, 837, 510, 618, 730, 825, 581, 688, 620, 859, 730, 843, 804, 911, 745, 981, 887, 791, 740, 734, 662, 879, 868, 623, 544, 642, 744, 644, 604, 881, 581, 644], [604, 939, 601, 700, 926, 642, 797, 600, 537, 809, 888, 554, 770, 822, 809, 788, 916, 532, 909, 581, 692, 556, 536, 788, 864, 585, 514, 663, 886, 747, 728, 723, 729, 857, 721], [506, 568, 683, 590, 828, 812, 936, 843, 942, 563, 647, 612, 867, 556, 743, 966, 791, 709, 708, 983, 919, 773, 531, 780, 802, 933, 996, 583, 552, 841, 502, 838, 973, 528, 511], [513, 526, 634, 939, 675, 749, 981, 931, 570, 888, 643, 983, 590, 814, 559, 877, 659, 659, 581, 737, 854, 773, 692, 772, 735, 638, 558, 904, 945, 938, 754, 750, 589, 818, 503], [581, 686, 626, 726, 916, 569, 746, 662, 595, 911, 884, 669, 600, 531, 551, 647, 982, 763, 745, 950, 606, 763, 642, 832, 824, 645, 803, 895, 699, 545, 593, 846, 586, 528, 619], [643, 815, 859, 903, 878, 500, 912, 646, 999, 541, 933, 943, 804, 949, 837, 932, 760, 710, 943, 503, 736, 901, 565, 881, 618, 512, 947, 945, 971, 610, 791, 821, 977, 719, 951], [770, 896, 853, 545, 778, 860, 791, 839, 839, 534, 973, 881, 548, 590, 687, 578, 855, 636, 731, 685, 735, 523, 993, 677, 663, 976, 981, 609, 836, 791, 680, 646, 639, 668, 771], [565, 644, 553, 733, 590, 858, 940, 735, 719, 634, 585, 713, 828, 629, 584, 743, 719, 957, 600, 965, 653, 806, 500, 774, 944, 978, 826, 630, 765, 871, 801, 518, 590, 949, 981], [861, 570, 660, 515, 582, 990, 971, 921, 740, 814, 801, 784, 573, 788, 831, 930, 524, 936, 541, 671, 624, 989, 843, 568, 815, 503, 927, 947, 936, 537, 967, 873, 998, 859, 603], [591, 788, 979, 599, 879, 547, 982, 891, 582, 963, 632, 911, 808, 972, 724, 986, 987, 784, 729, 872, 736, 940, 957, 567, 905, 553, 771, 555, 748, 500, 975, 767, 978, 737, 512], [577, 840, 755, 809, 895, 529, 982, 597, 539, 840, 759, 805, 557, 757, 642, 970, 594, 722, 824, 653, 875, 663, 689, 634, 846, 978, 681, 602, 845, 703, 887, 918, 945, 674, 680], [703, 732, 674, 706, 751, 655, 560, 990, 743, 838, 868, 656, 839, 802, 818, 813, 533, 715, 733, 606, 835, 561, 573, 995, 743, 652, 745, 650, 787, 769, 635, 863, 674, 888, 570], [786, 612, 729, 574, 681, 979, 567, 916, 813, 729, 911, 937, 922, 540, 842, 964, 760, 978, 632, 565, 660, 748, 709, 965, 580, 861, 752, 966, 642, 690, 769, 500, 746, 918, 666], [869, 781, 957, 542, 802, 580, 671, 526, 685, 768, 532, 960, 760, 766, 531, 614, 828, 513, 999, 508, 548, 556, 989, 787, 797, 894, 760, 996, 698, 896, 580, 729, 823, 864, 613], [596, 890, 582, 777, 853, 751, 688, 927, 634, 985, 659, 508, 608, 835, 911, 675, 675, 858, 787, 711, 967, 784, 627, 565, 502, 621, 801, 735, 814, 517, 888, 635, 624, 778, 534], [739, 735, 867, 995, 536, 847, 540, 518, 732, 833, 814, 726, 547, 511, 548, 716, 559, 883, 935, 692, 582, 735, 643, 533, 921, 540, 522, 712, 855, 761, 739, 736, 521, 619, 821], [889, 661, 920, 689, 769, 722, 631, 566, 985, 627, 543, 971, 634, 977, 611, 508, 877, 990, 932, 714, 993, 923, 920, 509, 892, 751, 733, 587, 674, 799, 577, 725, 856, 941, 929], [805, 739, 907, 984, 625, 586, 922, 889, 824, 614, 784, 733, 672, 695, 829, 534, 968, 733, 758, 992, 554, 905, 574, 897, 857, 559, 822, 658, 658, 731, 782, 825, 889, 607, 890], [845, 954, 732, 605, 814, 749, 532, 821, 677, 692, 665, 817, 842, 839, 965, 985, 838, 686, 614, 861, 663, 868, 641, 965, 881, 882, 554, 954, 998, 557, 602, 559, 785, 563, 982], [793, 536, 822, 965, 894, 780, 806, 766, 522, 902, 530, 786, 743, 784, 771, 775, 601, 903, 553, 720, 932, 948, 958, 860, 552, 922, 548, 535, 968, 960, 765, 730, 934, 640, 633], [717, 998, 861, 828, 529, 825, 525, 621, 578, 734, 738, 855, 908, 833, 708, 552, 514, 574, 768, 520, 506, 707, 668, 868, 566, 977, 705, 953, 648, 679, 541, 645, 692, 896, 753], [960, 729, 967, 775, 790, 939, 861, 624, 987, 696, 830, 943, 855, 878, 521, 638, 718, 900, 776, 799, 633, 803, 834, 510, 841, 793, 649, 998, 951, 596, 816, 848, 802, 780, 944], [796, 782, 599, 996, 921, 677, 566, 741, 965, 865, 968, 587, 541, 751, 846, 583, 744, 896, 803, 518, 811, 575, 957, 683, 651, 612, 793, 796, 643, 688, 844, 529, 501, 624, 978], [777, 520, 741, 921, 835, 856, 532, 709, 859, 806, 664, 671, 520, 893, 783, 830, 603, 678, 716, 601, 809, 676, 787, 800, 950, 998, 834, 862, 545, 779, 917, 988, 928, 958, 607], [645, 978, 507, 900, 616, 667, 887, 735, 772, 879, 750, 822, 882, 553, 980, 812, 603, 925, 844, 989, 535, 868, 805, 998, 738, 566, 826, 706, 611, 851, 975, 543, 861, 901, 594], [908, 617, 914, 764, 559, 536, 896, 607, 763, 812, 762, 806, 701, 663, 690, 984, 864, 926, 973, 646, 789, 579, 747, 749, 542, 582, 567, 617, 571, 733, 639, 587, 996, 685, 954], [605, 684, 676, 826, 523, 893, 797, 791, 985, 971, 696, 694, 716, 536, 619, 730, 580, 741, 912, 767, 879, 959, 703, 967, 642, 666, 814, 855, 751, 741, 603, 559, 572, 895, 674], [694, 864, 991, 577, 940, 662, 663, 634, 862, 530, 753, 915, 990, 643, 894, 744, 536, 972, 518, 738, 749, 520, 864, 922, 501, 592, 987, 991, 801, 800, 686, 506, 789, 593, 933], [907, 551, 804, 946, 604, 887, 565, 553, 790, 892, 742, 866, 679, 841, 605, 885, 818, 627, 513, 691, 538, 684, 629, 792, 855, 912, 542, 647, 522, 548, 692, 516, 886, 562, 669], [935, 611, 626, 597, 671, 504, 831, 921, 889, 808, 565, 859, 563, 696, 658, 736, 501, 881, 937, 925, 845, 758, 658, 511, 824, 996, 923, 923, 875, 911, 754, 605, 556, 962, 545], [737, 955, 815, 552, 969, 990, 600, 894, 506, 929, 861, 984, 981, 624, 530, 642, 591, 574, 865, 802, 510, 826, 905, 593, 910, 584, 781, 586, 845, 873, 935, 517, 934, 806, 742], [581, 526, 552, 678, 599, 695, 804, 552, 683, 996, 838, 656, 894, 822, 707, 801, 685, 766, 873, 847, 926, 583, 881, 631, 913, 886, 570, 804, 902, 619, 856, 864, 930, 855, 694], [653, 746, 926, 543, 866, 678, 668, 552, 966, 629, 746, 918, 806, 539, 527, 608, 968, 596, 642, 588, 904, 857, 716, 686, 966, 622, 522, 709, 970, 736, 670, 501, 717, 784, 590], [525, 973, 509, 817, 756, 920, 646, 677, 577, 795, 714, 972, 516, 591, 864, 847, 614, 613, 989, 618, 679, 902, 972, 891, 596, 988, 671, 620, 800, 567, 523, 743, 675, 621, 867], [876, 856, 543, 787, 549, 691, 715, 777, 836, 826, 839, 959, 510, 625, 835, 785, 760, 536, 705, 647, 664, 972, 727, 973, 835, 877, 979, 891, 526, 896, 525, 642, 743, 894, 501], [826, 858, 560, 980, 892, 811, 844, 965, 512, 897, 768, 818, 781, 726, 845, 690, 934, 525, 637, 566, 574, 889, 538, 888, 883, 808, 997, 904, 840, 585, 945, 517, 663, 644, 608], [696, 903, 591, 567, 912, 612, 661, 522, 501, 729, 669, 980, 662, 591, 571, 831, 531, 543, 969, 695, 829, 889, 650, 905, 996, 530, 765, 901, 968, 525, 845, 580, 558, 738, 900], [817, 577, 754, 702, 750, 641, 899, 500, 557, 516, 598, 972, 746, 912, 818, 512, 929, 898, 855, 746, 944, 596, 582, 701, 873, 653, 895, 642, 552, 774, 920, 715, 945, 961, 816], [896, 908, 650, 861, 628, 800, 878, 997, 500, 960, 834, 695, 632, 645, 863, 878, 550, 705, 950, 817, 637, 546, 509, 773, 565, 707, 703, 724, 681, 763, 769, 841, 682, 817, 961], [870, 517, 990, 682, 863, 776, 597, 982, 784, 750, 731, 993, 783, 821, 610, 568, 588, 952, 800, 854, 591, 761, 976, 650, 711, 628, 509, 896, 942, 739, 674, 685, 562, 729, 731], [904, 694, 525, 714, 540, 682, 678, 958, 624, 940, 575, 817, 999, 527, 917, 962, 886, 537, 688, 912, 974, 704, 771, 723, 946, 517, 550, 666, 621, 842, 889, 763, 875, 713, 647], [815, 679, 737, 833, 580, 859, 633, 991, 542, 564, 588, 659, 615, 576, 550, 967, 979, 995, 738, 757, 785, 626, 738, 761, 851, 787, 824, 511, 520, 623, 813, 836, 780, 720, 796], [784, 507, 815, 683, 575, 612, 862, 698, 717, 849, 689, 955, 553, 759, 637, 665, 876, 712, 999, 938, 919, 583, 785, 986, 956, 668, 970, 725, 602, 772, 922, 780, 607, 613, 853], [802, 843, 741, 931, 720, 682, 651, 888, 502, 784, 913, 697, 911, 521, 574, 653, 804, 743, 886, 962, 670, 622, 759, 763, 515, 558, 900, 709, 603, 890, 856, 942, 906, 669, 582], [943, 810, 796, 947, 750, 631, 566, 785, 730, 578, 510, 990, 965, 613, 677, 638, 626, 923, 555, 717, 990, 987, 632, 985, 863, 731, 830, 553, 634, 746, 782, 726, 813, 508, 918], [815, 746, 809, 929, 809, 956, 821, 683, 526, 527, 593, 778, 567, 789, 904, 881, 661, 835, 828, 825, 792, 901, 815, 905, 818, 740, 865, 755, 847, 800, 902, 605, 514, 891, 500], [586, 720, 870, 788, 645, 793, 896, 769, 543, 790, 582, 583, 835, 865, 536, 803, 761, 987, 698, 680, 511, 996, 570, 593, 738, 599, 550, 876, 784, 597, 813, 852, 828, 752, 880], [949, 914, 925, 512, 642, 991, 652, 967, 745, 604, 545, 835, 885, 525, 572, 562, 639, 837, 511, 833, 833, 779, 504, 521, 875, 605, 565, 550, 604, 683, 740, 980, 869, 642, 882], [645, 981, 917, 856, 519, 874, 686, 627, 719, 988, 546, 867, 684, 827, 649, 965, 550, 525, 713, 952, 818, 624, 780, 858, 785, 959, 870, 611, 660, 837, 672, 670, 652, 603, 937], [819, 833, 667, 900, 664, 560, 941, 771, 887, 817, 838, 572, 565, 891, 880, 702, 602, 536, 772, 713, 521, 701, 897, 946, 988, 981, 894, 989, 535, 563, 527, 994, 853, 752, 605]]
Variable production cost per unit of each product in each period p: 
[[10, 13, 11, 11, 13, 10, 11, 13, 13, 13, 12, 12, 11, 12, 11, 11, 11, 10, 10, 10, 10, 13, 10, 12, 13, 10, 10, 11, 13, 11, 12, 12, 10, 13, 12], [13, 11, 13, 12, 12, 12, 11, 10, 12, 13, 11, 12, 10, 10, 12, 12, 10, 13, 11, 10, 12, 12, 11, 10, 10, 12, 11, 11, 10, 10, 13, 13, 12, 11, 11], [11, 12, 12, 11, 12, 13, 11, 10, 10, 12, 13, 10, 13, 12, 12, 10, 12, 11, 12, 12, 12, 13, 10, 11, 10, 11, 12, 13, 13, 10, 10, 13, 10, 10, 11], [11, 10, 11, 10, 12, 11, 10, 12, 11, 10, 10, 10, 12, 11, 11, 12, 11, 12, 10, 12, 11, 12, 10, 11, 13, 13, 11, 12, 11, 12, 10, 12, 10, 11, 12], [12, 11, 10, 10, 10, 12, 13, 11, 11, 11, 10, 11, 11, 13, 12, 11, 11, 11, 11, 11, 13, 13, 13, 12, 12, 11, 12, 13, 12, 13, 13, 13, 11, 10, 12], [12, 12, 12, 10, 13, 10, 10, 13, 13, 13, 13, 12, 12, 10, 13, 13, 12, 11, 13, 13, 13, 13, 10, 10, 11, 13, 12, 13, 12, 10, 12, 12, 12, 12, 13], [13, 12, 10, 12, 13, 11, 13, 13, 13, 11, 12, 12, 10, 13, 11, 11, 10, 10, 11, 12, 11, 12, 12, 10, 11, 13, 12, 11, 10, 11, 13, 12, 11, 10, 10], [11, 12, 10, 13, 10, 12, 10, 13, 11, 11, 10, 10, 11, 10, 10, 12, 13, 12, 12, 11, 11, 13, 12, 10, 12, 11, 11, 13, 11, 12, 13, 10, 10, 13, 10], [11, 13, 11, 13, 13, 13, 13, 12, 10, 12, 12, 12, 13, 12, 11, 11, 12, 11, 10, 10, 11, 11, 11, 13, 11, 12, 11, 10, 10, 13, 11, 12, 10, 10, 10], [12, 10, 12, 11, 11, 10, 13, 12, 11, 13, 12, 11, 11, 10, 12, 12, 10, 11, 10, 11, 11, 12, 10, 11, 12, 11, 13, 12, 13, 13, 10, 11, 13, 11, 10], [11, 12, 10, 13, 12, 10, 12, 11, 10, 13, 11, 10, 10, 12, 12, 10, 10, 12, 11, 10, 10, 13, 10, 12, 11, 11, 11, 11, 10, 10, 12, 10, 13, 11, 13], [12, 10, 10, 13, 12, 10, 11, 12, 11, 13, 12, 10, 13, 13, 11, 12, 13, 12, 13, 13, 12, 11, 11, 10, 10, 10, 10, 13, 11, 10, 11, 12, 12, 11, 13], [13, 13, 11, 12, 11, 13, 10, 12, 11, 13, 10, 10, 10, 13, 10, 12, 12, 13, 13, 11, 11, 11, 10, 12, 12, 10, 12, 13, 12, 10, 12, 12, 10, 13, 11], [12, 12, 11, 12, 10, 12, 12, 10, 11, 12, 11, 10, 11, 13, 11, 11, 10, 11, 11, 12, 10, 10, 13, 13, 12, 12, 11, 12, 12, 13, 10, 11, 13, 11, 12], [11, 13, 10, 12, 13, 10, 11, 12, 12, 13, 11, 11, 10, 12, 12, 12, 13, 12, 11, 10, 10, 10, 13, 12, 13, 10, 13, 10, 12, 10, 12, 12, 13, 13, 11], [10, 10, 11, 10, 13, 10, 11, 10, 10, 11, 12, 12, 13, 11, 10, 10, 10, 12, 13, 10, 11, 12, 11, 11, 11, 13, 10, 12, 12, 10, 13, 11, 10, 13, 12], [11, 10, 10, 13, 11, 13, 10, 13, 11, 10, 11, 11, 13, 12, 11, 10, 12, 10, 10, 11, 10, 11, 13, 10, 12, 10, 11, 10, 13, 10, 12, 13, 13, 12, 11], [10, 13, 11, 10, 12, 12, 10, 10, 12, 11, 13, 12, 10, 13, 10, 13, 13, 10, 12, 13, 11, 11, 11, 10, 12, 10, 11, 10, 12, 12, 10, 11, 12, 12, 13], [12, 10, 10, 13, 10, 12, 13, 10, 12, 12, 10, 11, 12, 11, 10, 12, 11, 11, 11, 13, 12, 13, 12, 13, 12, 10, 11, 10, 12, 13, 10, 10, 10, 11, 12], [13, 13, 12, 11, 11, 11, 12, 11, 12, 12, 10, 10, 12, 12, 11, 13, 13, 10, 13, 10, 13, 11, 13, 12, 11, 12, 12, 12, 13, 13, 11, 10, 11, 10, 13], [11, 13, 11, 11, 13, 12, 11, 10, 12, 11, 10, 10, 10, 10, 10, 10, 12, 13, 10, 10, 11, 10, 12, 11, 12, 12, 10, 11, 12, 13, 10, 12, 11, 11, 11], [11, 10, 12, 12, 10, 10, 12, 13, 12, 13, 10, 12, 10, 10, 13, 13, 12, 10, 11, 12, 12, 13, 13, 13, 10, 10, 11, 13, 13, 10, 13, 10, 10, 13, 11], [13, 13, 12, 11, 11, 11, 10, 11, 11, 12, 11, 10, 13, 13, 11, 13, 11, 12, 11, 12, 12, 12, 12, 13, 11, 13, 13, 10, 13, 12, 10, 13, 12, 13, 12], [11, 13, 12, 11, 10, 12, 11, 12, 13, 11, 11, 10, 10, 11, 12, 12, 13, 10, 13, 11, 12, 11, 13, 12, 10, 13, 12, 10, 11, 12, 10, 10, 10, 12, 12], [10, 11, 11, 10, 10, 10, 13, 10, 13, 11, 13, 11, 11, 10, 12, 10, 12, 11, 13, 10, 13, 11, 10, 11, 13, 12, 13, 13, 12, 10, 11, 12, 11, 11, 13], [12, 10, 12, 10, 13, 12, 11, 13, 13, 13, 11, 13, 13, 12, 10, 11, 10, 11, 10, 12, 10, 11, 11, 12, 11, 10, 10, 11, 13, 10, 13, 11, 11, 10, 10], [10, 13, 13, 11, 10, 12, 11, 13, 11, 12, 12, 11, 11, 11, 11, 10, 11, 12, 10, 12, 10, 10, 12, 11, 10, 12, 12, 10, 13, 12, 13, 13, 11, 12, 10], [12, 10, 12, 11, 10, 10, 10, 11, 13, 12, 11, 13, 11, 13, 12, 11, 10, 11, 10, 10, 11, 10, 11, 13, 10, 13, 10, 13, 13, 10, 11, 12, 12, 11, 11], [13, 12, 11, 10, 10, 12, 13, 11, 13, 12, 11, 13, 10, 11, 11, 10, 13, 10, 10, 13, 10, 11, 10, 10, 11, 12, 10, 11, 10, 12, 10, 13, 13, 12, 11], [10, 12, 11, 10, 10, 13, 11, 13, 11, 11, 11, 12, 12, 11, 13, 10, 13, 10, 10, 12, 11, 10, 10, 12, 13, 13, 10, 12, 10, 11, 12, 10, 10, 12, 13], [11, 11, 10, 13, 12, 11, 13, 13, 10, 12, 13, 12, 13, 12, 11, 10, 13, 13, 13, 13, 12, 11, 13, 11, 10, 11, 12, 13, 12, 10, 13, 11, 12, 10, 11], [10, 12, 13, 11, 11, 13, 10, 10, 10, 13, 11, 13, 13, 10, 11, 10, 11, 11, 11, 13, 13, 11, 13, 12, 12, 13, 10, 10, 12, 12, 10, 13, 13, 11, 13], [10, 13, 13, 12, 10, 13, 10, 11, 10, 10, 10, 11, 13, 13, 10, 10, 12, 12, 10, 12, 12, 10, 13, 11, 11, 13, 13, 11, 11, 10, 11, 10, 12, 12, 13], [13, 13, 13, 11, 11, 11, 11, 12, 11, 11, 10, 11, 10, 13, 10, 13, 11, 11, 13, 13, 13, 11, 12, 11, 11, 11, 11, 10, 11, 10, 12, 12, 12, 12, 10], [12, 12, 11, 12, 12, 13, 12, 13, 12, 12, 10, 11, 11, 13, 11, 10, 11, 10, 11, 13, 11, 10, 12, 12, 12, 10, 11, 13, 12, 13, 13, 12, 12, 10, 11], [10, 13, 12, 12, 10, 13, 11, 11, 12, 11, 12, 10, 10, 11, 13, 12, 13, 12, 13, 11, 10, 10, 12, 12, 11, 10, 10, 10, 10, 10, 11, 13, 11, 13, 13], [13, 11, 12, 13, 10, 10, 11, 13, 12, 11, 12, 13, 12, 11, 11, 11, 13, 10, 11, 12, 13, 11, 13, 10, 12, 12, 10, 10, 12, 13, 13, 12, 13, 10, 12], [11, 13, 13, 12, 11, 11, 13, 10, 13, 12, 12, 10, 11, 10, 12, 13, 11, 10, 10, 11, 13, 10, 13, 11, 10, 10, 13, 12, 13, 10, 13, 12, 10, 11, 11], [12, 10, 10, 10, 12, 10, 12, 13, 12, 12, 12, 11, 11, 13, 11, 10, 10, 11, 13, 12, 12, 11, 10, 11, 12, 11, 11, 13, 12, 10, 13, 11, 12, 12, 13], [13, 12, 10, 12, 10, 13, 13, 10, 10, 11, 12, 10, 11, 11, 11, 13, 12, 11, 11, 11, 10, 11, 11, 12, 10, 13, 12, 11, 13, 12, 10, 11, 12, 12, 11], [11, 10, 12, 11, 12, 12, 12, 12, 10, 10, 11, 12, 12, 12, 11, 11, 12, 13, 11, 12, 10, 12, 11, 13, 10, 12, 13, 11, 11, 11, 10, 12, 11, 12, 10], [12, 11, 11, 12, 10, 13, 13, 12, 13, 13, 10, 12, 12, 10, 12, 13, 10, 13, 13, 12, 10, 11, 12, 13, 10, 12, 13, 11, 10, 13, 12, 10, 13, 13, 13], [11, 10, 12, 13, 12, 13, 11, 12, 10, 13, 11, 11, 10, 12, 12, 10, 13, 10, 12, 13, 10, 12, 12, 10, 10, 13, 13, 13, 11, 13, 10, 11, 12, 13, 12], [11, 11, 10, 12, 13, 12, 11, 13, 10, 11, 11, 13, 11, 12, 12, 13, 11, 11, 13, 12, 11, 10, 12, 10, 10, 13, 10, 13, 12, 11, 13, 13, 11, 13, 12], [12, 10, 13, 10, 10, 11, 10, 10, 10, 13, 13, 13, 13, 12, 10, 11, 11, 12, 11, 11, 11, 10, 13, 11, 13, 12, 13, 12, 13, 13, 11, 13, 10, 11, 11], [12, 11, 12, 13, 12, 11, 11, 10, 11, 11, 13, 11, 11, 11, 10, 10, 11, 10, 11, 12, 11, 13, 12, 11, 11, 11, 12, 10, 12, 13, 13, 10, 13, 11, 12], [12, 13, 10, 10, 12, 10, 10, 12, 11, 11, 13, 10, 13, 12, 10, 11, 12, 11, 12, 13, 10, 11, 11, 13, 12, 13, 13, 11, 12, 10, 13, 11, 12, 13, 10], [13, 11, 11, 11, 12, 12, 10, 12, 12, 12, 12, 13, 11, 11, 10, 13, 12, 11, 13, 11, 13, 10, 13, 11, 10, 13, 12, 13, 13, 12, 11, 12, 13, 12, 10], [10, 11, 10, 13, 11, 11, 12, 12, 12, 13, 10, 11, 12, 12, 10, 11, 10, 11, 13, 13, 13, 11, 12, 10, 10, 11, 10, 13, 13, 12, 13, 11, 12, 13, 11], [12, 11, 13, 11, 12, 11, 12, 10, 12, 10, 12, 10, 12, 11, 13, 13, 11, 11, 10, 13, 11, 11, 12, 10, 10, 11, 10, 12, 12, 12, 10, 12, 12, 11, 12], [10, 10, 10, 10, 10, 13, 10, 13, 13, 13, 10, 11, 11, 10, 11, 12, 12, 13, 11, 13, 11, 12, 12, 13, 12, 13, 11, 11, 13, 13, 10, 13, 11, 12, 13], [11, 11, 11, 10, 12, 13, 10, 13, 10, 11, 13, 11, 13, 12, 11, 10, 13, 12, 10, 11, 12, 13, 11, 13, 10, 12, 12, 13, 10, 10, 12, 10, 12, 13, 11], [13, 13, 13, 13, 10, 12, 13, 12, 10, 12, 13, 12, 12, 10, 11, 12, 11, 13, 13, 12, 13, 11, 13, 11, 13, 13, 13, 10, 11, 11, 13, 10, 13, 13, 10], [10, 12, 10, 12, 12, 10, 11, 13, 10, 10, 13, 11, 10, 11, 11, 12, 12, 13, 10, 13, 13, 10, 13, 12, 12, 13, 12, 13, 13, 13, 13, 10, 11, 12, 12], [12, 12, 13, 11, 10, 13, 11, 11, 13, 11, 12, 10, 13, 10, 12, 11, 11, 13, 10, 12, 11, 11, 13, 12, 12, 13, 13, 11, 11, 10, 11, 11, 13, 13, 12], [13, 12, 10, 13, 10, 10, 13, 12, 10, 11, 11, 12, 13, 11, 13, 13, 11, 12, 11, 10, 11, 13, 11, 10, 11, 11, 12, 12, 11, 10, 13, 10, 11, 12, 10], [13, 10, 10, 11, 10, 10, 10, 10, 12, 11, 11, 11, 11, 12, 10, 12, 12, 11, 11, 11, 10, 10, 11, 11, 10, 12, 12, 11, 12, 13, 13, 10, 11, 13, 12], [12, 10, 10, 12, 12, 10, 13, 12, 10, 13, 13, 13, 12, 12, 10, 12, 11, 13, 12, 11, 10, 13, 11, 13, 10, 12, 13, 11, 13, 12, 11, 11, 10, 11, 11], [12, 11, 11, 13, 13, 11, 12, 13, 13, 12, 13, 13, 10, 13, 12, 11, 10, 11, 13, 13, 11, 10, 11, 10, 10, 13, 10, 11, 13, 13, 12, 13, 11, 11, 12], [12, 11, 10, 11, 13, 12, 12, 13, 12, 12, 12, 12, 13, 10, 11, 12, 12, 10, 13, 12, 12, 11, 11, 11, 13, 10, 12, 10, 10, 12, 13, 13, 12, 12, 12], [13, 12, 11, 10, 10, 11, 11, 12, 10, 10, 12, 12, 12, 13, 13, 13, 12, 11, 12, 12, 12, 12, 11, 10, 13, 13, 12, 11, 12, 11, 11, 10, 13, 10, 10], [12, 13, 13, 11, 10, 12, 11, 13, 13, 12, 13, 11, 10, 13, 12, 12, 10, 13, 10, 12, 10, 10, 10, 12, 12, 12, 11, 11, 11, 11, 11, 12, 10, 10, 10], [10, 11, 13, 10, 10, 13, 10, 11, 12, 10, 11, 11, 13, 12, 11, 10, 10, 13, 13, 10, 13, 11, 13, 10, 13, 12, 11, 12, 13, 10, 13, 13, 13, 11, 11], [12, 10, 11, 11, 13, 10, 11, 10, 13, 12, 13, 10, 13, 11, 13, 13, 11, 11, 11, 13, 13, 13, 12, 13, 13, 11, 12, 13, 10, 10, 11, 12, 11, 10, 10], [12, 10, 13, 13, 12, 10, 10, 11, 13, 13, 12, 10, 10, 10, 12, 12, 13, 10, 13, 10, 13, 10, 11, 11, 11, 11, 12, 11, 11, 11, 12, 13, 12, 13, 12], [12, 10, 10, 10, 11, 12, 13, 12, 11, 11, 12, 10, 12, 13, 13, 10, 12, 12, 10, 10, 11, 11, 10, 12, 11, 13, 12, 11, 10, 12, 10, 12, 10, 10, 10], [13, 11, 12, 12, 13, 10, 10, 12, 10, 12, 13, 10, 10, 11, 11, 11, 10, 13, 13, 11, 13, 11, 13, 11, 10, 10, 11, 12, 10, 11, 10, 11, 10, 10, 13], [10, 10, 10, 10, 13, 13, 13, 13, 12, 13, 10, 13, 11, 13, 11, 13, 13, 11, 13, 13, 12, 12, 13, 10, 13, 12, 12, 13, 12, 12, 13, 11, 12, 12, 11], [11, 11, 12, 10, 10, 12, 11, 13, 10, 13, 10, 13, 12, 10, 10, 10, 10, 13, 11, 10, 12, 10, 12, 10, 11, 12, 11, 10, 13, 10, 12, 11, 12, 13, 13], [11, 10, 12, 13, 11, 13, 12, 12, 10, 13, 13, 10, 13, 11, 11, 12, 13, 11, 12, 11, 12, 13, 12, 12, 13, 11, 11, 12, 10, 11, 10, 10, 12, 11, 10], [10, 13, 11, 12, 10, 13, 12, 11, 10, 13, 13, 12, 10, 13, 12, 12, 10, 11, 12, 11, 13, 12, 13, 12, 13, 12, 12, 11, 12, 11, 12, 11, 11, 12, 12], [10, 10, 12, 12, 10, 10, 13, 11, 13, 13, 11, 11, 11, 11, 12, 12, 11, 10, 13, 12, 11, 10, 12, 11, 11, 11, 11, 12, 10, 10, 11, 11, 12, 13, 12], [10, 10, 10, 11, 10, 13, 13, 11, 13, 12, 10, 12, 12, 12, 13, 13, 10, 13, 10, 11, 13, 10, 12, 11, 11, 11, 10, 12, 10, 12, 13, 10, 10, 11, 13], [11, 11, 11, 11, 12, 11, 13, 11, 12, 13, 13, 12, 10, 12, 10, 13, 11, 12, 13, 10, 10, 12, 11, 10, 11, 13, 11, 12, 10, 12, 12, 12, 11, 10, 11], [10, 13, 10, 13, 10, 10, 12, 12, 10, 11, 12, 11, 10, 13, 10, 12, 13, 13, 11, 13, 10, 10, 12, 11, 11, 13, 12, 12, 11, 11, 11, 12, 13, 11, 13], [10, 13, 10, 11, 13, 13, 11, 10, 13, 12, 10, 10, 13, 10, 11, 12, 11, 13, 12, 12, 13, 11, 13, 13, 12, 12, 12, 11, 10, 13, 12, 11, 13, 10, 11], [10, 13, 11, 11, 12, 12, 12, 11, 11, 12, 10, 11, 13, 12, 13, 11, 10, 11, 11, 10, 13, 11, 13, 13, 13, 12, 13, 10, 13, 13, 10, 11, 10, 13, 10], [13, 13, 13, 12, 13, 13, 13, 13, 11, 10, 11, 11, 12, 10, 13, 13, 12, 12, 13, 11, 11, 12, 11, 13, 13, 12, 13, 13, 10, 11, 10, 13, 13, 12, 12], [10, 10, 12, 13, 13, 10, 11, 12, 10, 10, 10, 12, 10, 12, 10, 10, 13, 11, 11, 10, 10, 11, 10, 11, 11, 13, 13, 10, 13, 10, 13, 10, 12, 10, 10], [12, 10, 10, 13, 13, 11, 10, 12, 13, 13, 13, 12, 12, 10, 13, 12, 10, 10, 11, 10, 12, 11, 11, 13, 12, 12, 12, 10, 10, 11, 12, 13, 12, 13, 12], [12, 13, 13, 13, 13, 12, 10, 10, 13, 11, 10, 13, 13, 10, 12, 12, 13, 11, 10, 11, 12, 10, 12, 13, 10, 12, 10, 10, 13, 10, 11, 11, 11, 13, 11], [13, 10, 10, 13, 13, 12, 10, 10, 12, 10, 12, 12, 11, 12, 11, 13, 11, 11, 11, 11, 13, 11, 11, 10, 13, 13, 12, 11, 10, 12, 13, 10, 13, 10, 12], [13, 10, 12, 10, 10, 12, 13, 12, 12, 10, 12, 12, 10, 12, 13, 12, 13, 10, 13, 11, 12, 13, 10, 11, 10, 13, 10, 13, 10, 12, 10, 13, 10, 12, 11], [13, 10, 13, 11, 11, 10, 12, 10, 11, 12, 10, 12, 12, 11, 10, 11, 13, 13, 12, 13, 13, 12, 11, 10, 12, 12, 11, 11, 10, 12, 13, 12, 12, 11, 10], [10, 13, 12, 10, 12, 12, 11, 10, 12, 10, 12, 12, 13, 10, 13, 11, 12, 10, 12, 12, 13, 12, 11, 10, 13, 12, 13, 13, 13, 13, 10, 11, 10, 12, 13], [12, 11, 13, 12, 13, 10, 12, 10, 13, 11, 12, 10, 11, 13, 13, 13, 13, 10, 11, 12, 13, 13, 10, 13, 11, 13, 10, 10, 11, 11, 12, 10, 13, 10, 10], [12, 12, 13, 13, 13, 12, 11, 12, 10, 10, 10, 12, 10, 11, 10, 11, 13, 12, 12, 13, 11, 10, 11, 10, 13, 11, 10, 10, 11, 10, 11, 10, 11, 10, 12], [13, 11, 10, 10, 11, 10, 13, 12, 11, 12, 11, 10, 13, 12, 12, 13, 10, 10, 11, 10, 11, 11, 11, 13, 11, 10, 12, 13, 12, 13, 13, 10, 13, 11, 11], [12, 13, 12, 12, 11, 11, 12, 12, 10, 12, 12, 12, 13, 10, 12, 11, 11, 13, 11, 13, 13, 12, 10, 12, 10, 10, 12, 11, 12, 11, 13, 11, 10, 10, 12], [12, 12, 11, 11, 12, 11, 12, 11, 13, 10, 10, 11, 12, 13, 13, 11, 12, 13, 11, 13, 12, 12, 13, 11, 12, 12, 13, 12, 11, 13, 13, 13, 11, 11, 12], [13, 12, 10, 10, 12, 12, 11, 12, 10, 10, 11, 10, 13, 13, 10, 12, 10, 13, 11, 13, 10, 10, 11, 13, 10, 11, 10, 13, 13, 11, 10, 10, 11, 10, 12], [11, 10, 10, 11, 13, 12, 10, 10, 10, 12, 13, 11, 12, 11, 10, 11, 10, 13, 13, 11, 11, 10, 10, 13, 13, 10, 11, 11, 13, 13, 11, 11, 11, 13, 10], [10, 11, 10, 10, 11, 11, 10, 11, 13, 11, 13, 13, 10, 13, 13, 10, 10, 10, 13, 10, 10, 11, 10, 13, 13, 10, 11, 13, 10, 13, 12, 10, 13, 12, 11], [13, 12, 11, 13, 10, 10, 13, 12, 12, 12, 10, 13, 13, 13, 10, 11, 10, 12, 13, 10, 11, 11, 13, 12, 13, 13, 12, 13, 13, 13, 13, 12, 12, 10, 13], [12, 13, 13, 12, 12, 13, 12, 13, 10, 13, 12, 12, 10, 10, 12, 11, 13, 11, 10, 12, 10, 11, 11, 13, 10, 12, 12, 12, 11, 11, 10, 13, 12, 12, 12], [11, 10, 12, 11, 13, 11, 12, 10, 11, 10, 13, 10, 11, 13, 12, 12, 11, 10, 13, 10, 13, 13, 11, 10, 12, 13, 13, 13, 11, 13, 12, 11, 10, 13, 10], [11, 10, 12, 11, 10, 13, 13, 10, 10, 12, 10, 10, 12, 12, 13, 13, 10, 10, 13, 11, 11, 13, 11, 13, 13, 13, 12, 11, 10, 12, 12, 12, 10, 10, 10], [12, 13, 10, 13, 12, 13, 11, 13, 10, 10, 12, 13, 13, 12, 13, 11, 13, 10, 13, 11, 11, 11, 11, 11, 12, 12, 10, 13, 13, 12, 10, 12, 10, 12, 12], [13, 12, 11, 12, 12, 10, 12, 13, 13, 11, 11, 13, 13, 13, 10, 11, 11, 12, 12, 10, 10, 10, 13, 13, 12, 11, 10, 11, 13, 12, 11, 11, 11, 13, 12], [11, 12, 13, 11, 12, 10, 12, 11, 10, 13, 13, 10, 13, 12, 12, 10, 11, 10, 10, 13, 11, 10, 10, 11, 10, 10, 12, 11, 12, 13, 13, 11, 11, 12, 10], [12, 11, 11, 13, 10, 12, 10, 13, 11, 11, 11, 13, 12, 11, 10, 13, 13, 11, 11, 10, 12, 12, 12, 12, 11, 11, 10, 13, 12, 12, 10, 13, 11, 13, 11], [10, 11, 10, 13, 12, 12, 13, 11, 12, 11, 13, 12, 12, 12, 11, 12, 13, 11, 13, 11, 10, 12, 13, 12, 10, 12, 10, 12, 10, 11, 10, 13, 12, 11, 10], [11, 13, 10, 13, 10, 13, 11, 12, 11, 11, 12, 13, 12, 12, 13, 10, 11, 12, 11, 13, 11, 12, 10, 12, 11, 10, 13, 10, 12, 12, 11, 11, 12, 12, 11], [11, 13, 10, 11, 12, 10, 12, 12, 13, 13, 12, 10, 10, 10, 11, 13, 11, 11, 11, 12, 10, 12, 13, 13, 10, 11, 10, 10, 13, 13, 13, 12, 10, 11, 10], [12, 12, 10, 11, 12, 11, 12, 13, 12, 11, 13, 10, 10, 10, 10, 12, 13, 10, 12, 13, 10, 11, 13, 11, 13, 12, 12, 10, 13, 13, 12, 13, 13, 12, 11], [12, 10, 11, 10, 11, 11, 10, 13, 12, 12, 10, 13, 12, 12, 10, 12, 13, 11, 13, 11, 10, 11, 10, 11, 12, 13, 11, 11, 11, 12, 12, 10, 12, 12, 11], [13, 11, 13, 12, 12, 10, 12, 12, 13, 13, 11, 10, 13, 11, 12, 13, 12, 12, 10, 10, 10, 10, 13, 13, 10, 12, 13, 10, 10, 11, 11, 10, 12, 10, 13], [11, 10, 10, 13, 13, 12, 13, 12, 12, 13, 12, 10, 13, 10, 12, 10, 13, 10, 13, 10, 12, 13, 10, 12, 10, 12, 11, 13, 11, 11, 10, 10, 10, 12, 10], [12, 10, 12, 11, 13, 12, 11, 10, 13, 13, 10, 13, 13, 10, 13, 11, 12, 12, 11, 12, 12, 10, 11, 10, 13, 13, 10, 10, 13, 13, 10, 12, 13, 13, 13], [10, 13, 12, 10, 12, 10, 10, 12, 13, 13, 12, 10, 11, 11, 12, 10, 10, 10, 13, 10, 11, 12, 12, 12, 10, 10, 13, 11, 13, 11, 13, 11, 12, 11, 12], [11, 13, 11, 12, 11, 12, 11, 11, 13, 11, 12, 12, 10, 12, 12, 13, 12, 11, 12, 13, 12, 11, 10, 12, 10, 12, 10, 12, 11, 10, 12, 13, 11, 10, 12], [13, 10, 11, 10, 11, 10, 10, 13, 11, 12, 12, 13, 12, 11, 10, 13, 11, 10, 11, 13, 10, 12, 11, 13, 12, 11, 12, 10, 11, 12, 13, 10, 11, 13, 12], [13, 12, 12, 13, 10, 12, 12, 12, 11, 13, 13, 12, 11, 11, 13, 11, 12, 12, 10, 10, 11, 13, 12, 12, 10, 13, 12, 12, 11, 13, 12, 12, 13, 13, 10], [10, 11, 13, 13, 13, 12, 12, 11, 13, 13, 12, 12, 13, 10, 10, 13, 10, 12, 11, 11, 13, 11, 10, 12, 10, 10, 13, 13, 10, 12, 12, 12, 12, 13, 12], [10, 13, 12, 12, 12, 11, 13, 12, 13, 11, 10, 11, 12, 13, 11, 13, 10, 12, 11, 13, 12, 13, 11, 11, 13, 10, 11, 12, 11, 12, 10, 11, 13, 13, 13], [11, 11, 10, 10, 10, 11, 10, 11, 11, 10, 11, 10, 10, 11, 11, 11, 12, 13, 10, 13, 11, 13, 11, 11, 13, 11, 11, 10, 11, 10, 11, 13, 11, 11, 13], [12, 12, 13, 12, 10, 11, 10, 11, 13, 12, 11, 11, 13, 12, 12, 10, 11, 12, 13, 11, 11, 12, 12, 12, 11, 13, 11, 10, 13, 12, 11, 12, 10, 11, 13], [11, 10, 12, 10, 12, 10, 12, 12, 10, 13, 13, 12, 11, 13, 11, 13, 11, 12, 11, 12, 11, 12, 12, 10, 10, 10, 10, 13, 11, 12, 12, 13, 10, 11, 12], [11, 11, 13, 13, 11, 10, 13, 13, 10, 12, 12, 10, 11, 13, 10, 11, 11, 11, 12, 13, 10, 10, 13, 13, 10, 12, 10, 13, 11, 13, 10, 12, 10, 13, 12], [10, 11, 12, 11, 12, 11, 13, 10, 10, 13, 11, 10, 11, 12, 11, 12, 10, 13, 13, 11, 12, 11, 12, 13, 11, 13, 10, 11, 11, 13, 11, 10, 10, 10, 13], [11, 13, 13, 12, 13, 12, 10, 12, 10, 12, 11, 10, 10, 10, 12, 11, 10, 10, 10, 10, 10, 10, 10, 11, 10, 13, 11, 13, 13, 10, 10, 10, 13, 11, 13], [11, 11, 12, 12, 11, 12, 11, 10, 10, 13, 10, 11, 12, 11, 11, 10, 12, 13, 13, 12, 12, 12, 10, 12, 11, 13, 13, 13, 11, 11, 10, 12, 11, 10, 11], [11, 12, 11, 11, 11, 10, 13, 11, 13, 10, 13, 12, 11, 12, 11, 12, 10, 13, 11, 13, 10, 13, 12, 12, 10, 13, 11, 11, 11, 13, 11, 11, 11, 13, 13], [10, 12, 13, 10, 12, 11, 13, 10, 10, 13, 10, 13, 10, 12, 10, 10, 11, 10, 13, 11, 12, 13, 11, 13, 10, 10, 12, 10, 12, 13, 10, 11, 12, 12, 10], [11, 11, 12, 10, 13, 10, 11, 10, 11, 13, 12, 13, 11, 12, 13, 12, 10, 13, 13, 10, 12, 12, 11, 12, 12, 13, 12, 13, 12, 13, 10, 13, 11, 10, 12]]
Inventory holding cost per unit of each product by the end of each period h: 
[[7, 9, 7, 9, 6, 6, 7, 9, 9, 9, 6, 7, 6, 7, 9, 8, 7, 7, 6, 7, 7, 8, 8, 7, 8, 5, 8, 7, 6, 9, 5, 9, 5, 5, 5], [5, 9, 8, 8, 9, 8, 7, 6, 7, 7, 7, 6, 9, 8, 7, 5, 5, 8, 9, 7, 6, 6, 6, 8, 6, 9, 8, 6, 9, 5, 7, 8, 7, 6, 8], [6, 8, 5, 7, 5, 9, 5, 9, 5, 5, 7, 7, 6, 6, 7, 5, 7, 7, 8, 8, 9, 5, 9, 7, 5, 7, 7, 6, 9, 5, 9, 9, 8, 5, 5], [7, 6, 6, 8, 5, 7, 6, 7, 9, 5, 6, 6, 8, 9, 9, 9, 9, 7, 6, 8, 7, 9, 6, 6, 9, 6, 8, 9, 9, 7, 8, 9, 7, 5, 6], [7, 8, 7, 8, 9, 8, 5, 5, 8, 8, 5, 7, 9, 9, 7, 8, 8, 7, 9, 7, 6, 9, 6, 8, 9, 6, 9, 8, 6, 5, 9, 6, 9, 8, 9], [6, 7, 7, 6, 8, 7, 9, 8, 8, 9, 5, 5, 6, 9, 8, 5, 5, 5, 7, 9, 7, 7, 9, 5, 8, 8, 5, 9, 5, 6, 8, 7, 8, 8, 6], [6, 9, 9, 6, 8, 6, 9, 7, 6, 8, 5, 7, 8, 7, 8, 6, 6, 9, 9, 5, 7, 6, 9, 9, 8, 8, 5, 6, 7, 8, 6, 9, 9, 5, 6], [5, 9, 9, 8, 8, 9, 5, 8, 9, 7, 8, 7, 5, 8, 6, 9, 8, 5, 5, 9, 7, 6, 5, 7, 5, 9, 5, 7, 9, 6, 6, 9, 9, 6, 5], [5, 7, 5, 6, 5, 6, 5, 9, 6, 8, 9, 6, 7, 9, 5, 7, 9, 9, 9, 6, 8, 6, 7, 9, 7, 9, 9, 7, 6, 5, 8, 9, 5, 9, 7], [7, 7, 6, 5, 8, 7, 9, 6, 6, 7, 8, 5, 8, 9, 5, 6, 5, 5, 6, 6, 5, 8, 9, 5, 7, 8, 6, 9, 5, 8, 5, 8, 8, 6, 7], [5, 9, 6, 9, 9, 6, 5, 6, 7, 9, 5, 8, 5, 8, 5, 6, 7, 8, 6, 8, 7, 5, 8, 8, 7, 7, 9, 6, 9, 6, 9, 7, 9, 8, 6], [5, 8, 7, 9, 8, 8, 8, 7, 6, 7, 7, 9, 9, 7, 6, 8, 9, 8, 6, 8, 9, 9, 7, 7, 8, 9, 7, 5, 8, 6, 9, 6, 7, 7, 6], [5, 9, 5, 9, 7, 5, 8, 6, 6, 7, 7, 7, 6, 5, 9, 8, 5, 8, 8, 8, 8, 9, 5, 9, 5, 8, 9, 6, 5, 9, 5, 8, 8, 6, 6], [9, 7, 7, 5, 7, 6, 7, 7, 5, 5, 9, 9, 5, 7, 5, 7, 5, 6, 6, 6, 7, 5, 6, 6, 5, 8, 9, 6, 9, 6, 9, 7, 5, 9, 8], [5, 7, 5, 5, 7, 6, 7, 5, 6, 8, 9, 9, 5, 8, 8, 9, 8, 7, 8, 8, 5, 6, 5, 9, 9, 5, 9, 5, 6, 7, 5, 8, 8, 9, 8], [9, 9, 6, 7, 5, 7, 7, 8, 6, 7, 6, 9, 9, 6, 9, 7, 7, 6, 5, 8, 9, 6, 9, 5, 7, 9, 5, 5, 7, 6, 9, 5, 9, 5, 9], [9, 9, 5, 5, 9, 8, 5, 7, 7, 6, 9, 8, 6, 9, 7, 9, 7, 7, 9, 6, 9, 8, 5, 8, 7, 9, 5, 7, 9, 9, 7, 8, 6, 9, 5], [7, 7, 5, 7, 8, 7, 8, 7, 5, 5, 8, 6, 5, 6, 8, 9, 6, 6, 8, 7, 6, 6, 9, 5, 6, 7, 7, 5, 8, 5, 5, 9, 5, 9, 5], [8, 8, 9, 8, 6, 8, 9, 8, 6, 7, 7, 9, 9, 6, 9, 7, 6, 8, 9, 9, 7, 6, 8, 8, 7, 8, 7, 9, 7, 5, 9, 7, 9, 7, 6], [9, 7, 5, 5, 9, 6, 6, 8, 8, 5, 5, 5, 7, 7, 6, 9, 7, 5, 8, 5, 7, 9, 5, 7, 6, 7, 8, 8, 6, 7, 6, 9, 8, 8, 5], [5, 9, 6, 7, 6, 7, 6, 5, 7, 6, 8, 6, 7, 9, 8, 5, 8, 6, 7, 6, 8, 5, 7, 6, 9, 6, 5, 9, 7, 6, 7, 6, 8, 5, 5], [8, 6, 7, 6, 9, 7, 7, 7, 8, 8, 6, 9, 8, 5, 5, 9, 9, 6, 9, 5, 9, 8, 5, 6, 8, 7, 9, 8, 8, 8, 5, 9, 8, 8, 5], [7, 5, 8, 9, 8, 9, 6, 7, 9, 6, 6, 7, 7, 9, 7, 9, 7, 8, 8, 7, 6, 9, 5, 5, 7, 5, 9, 9, 5, 5, 6, 6, 5, 5, 6], [8, 5, 8, 6, 5, 8, 7, 9, 8, 8, 8, 6, 5, 6, 6, 6, 7, 6, 7, 8, 9, 5, 7, 8, 8, 8, 5, 6, 6, 8, 8, 8, 9, 6, 9], [9, 7, 9, 9, 9, 7, 9, 6, 5, 6, 7, 9, 5, 6, 7, 6, 5, 5, 9, 9, 8, 8, 6, 8, 8, 7, 8, 8, 7, 8, 9, 6, 7, 9, 6], [8, 8, 6, 8, 8, 6, 7, 7, 7, 6, 5, 8, 6, 8, 7, 5, 8, 5, 8, 5, 5, 6, 8, 9, 6, 9, 8, 5, 6, 9, 7, 8, 7, 8, 7], [6, 5, 5, 6, 8, 9, 5, 9, 5, 7, 5, 8, 6, 6, 9, 9, 5, 5, 5, 6, 6, 7, 9, 5, 9, 7, 9, 7, 6, 7, 6, 6, 5, 6, 7], [7, 7, 6, 6, 6, 5, 7, 9, 5, 6, 9, 8, 5, 8, 9, 5, 5, 8, 7, 7, 8, 5, 9, 7, 7, 5, 8, 6, 9, 8, 5, 9, 5, 5, 5], [7, 9, 5, 6, 9, 8, 8, 7, 8, 5, 6, 7, 8, 9, 5, 8, 8, 9, 8, 9, 7, 5, 6, 8, 8, 6, 7, 7, 6, 7, 5, 5, 5, 9, 5], [8, 8, 6, 8, 5, 6, 7, 5, 5, 6, 5, 7, 7, 5, 8, 7, 9, 8, 8, 7, 6, 7, 9, 8, 8, 5, 5, 6, 8, 9, 9, 5, 5, 7, 9], [8, 8, 9, 7, 5, 6, 6, 7, 9, 8, 7, 7, 6, 7, 9, 7, 7, 9, 6, 5, 9, 6, 6, 9, 8, 6, 5, 7, 5, 5, 9, 8, 8, 9, 9], [6, 5, 9, 8, 6, 5, 7, 6, 8, 6, 5, 9, 8, 7, 5, 9, 6, 6, 5, 9, 6, 7, 6, 6, 7, 6, 7, 8, 5, 8, 9, 6, 7, 7, 8], [9, 7, 8, 7, 7, 7, 9, 5, 5, 7, 8, 5, 9, 6, 8, 8, 8, 7, 5, 8, 6, 9, 5, 6, 7, 6, 8, 7, 8, 9, 9, 7, 6, 5, 5], [8, 7, 6, 7, 9, 9, 8, 7, 9, 5, 7, 8, 6, 6, 5, 6, 6, 5, 9, 9, 9, 9, 8, 9, 5, 5, 9, 7, 9, 8, 7, 8, 7, 6, 9], [9, 8, 5, 5, 8, 6, 8, 5, 6, 7, 9, 5, 5, 6, 6, 6, 7, 8, 8, 8, 8, 7, 7, 5, 9, 6, 6, 5, 5, 9, 6, 8, 7, 6, 9], [5, 6, 6, 8, 6, 7, 8, 8, 7, 5, 9, 7, 7, 6, 7, 8, 8, 8, 7, 7, 9, 6, 9, 9, 9, 8, 7, 6, 9, 8, 5, 6, 9, 9, 6], [9, 9, 9, 9, 8, 9, 7, 9, 6, 8, 9, 8, 5, 8, 9, 9, 8, 5, 6, 6, 5, 7, 6, 8, 6, 5, 5, 6, 5, 7, 6, 5, 6, 8, 6], [9, 8, 5, 8, 9, 7, 5, 8, 6, 8, 8, 9, 9, 6, 7, 5, 6, 6, 8, 6, 6, 5, 5, 5, 9, 9, 5, 8, 5, 9, 6, 5, 7, 7, 9], [8, 9, 8, 9, 7, 8, 5, 6, 8, 9, 9, 6, 7, 7, 8, 8, 8, 6, 6, 5, 9, 5, 6, 6, 6, 6, 7, 8, 6, 7, 9, 7, 7, 7, 6], [8, 9, 5, 9, 9, 8, 7, 9, 8, 5, 8, 8, 5, 8, 9, 9, 8, 8, 8, 6, 9, 7, 5, 5, 9, 8, 9, 6, 7, 7, 7, 7, 5, 9, 5], [9, 9, 8, 6, 6, 9, 9, 5, 6, 9, 7, 5, 9, 9, 8, 7, 9, 7, 5, 8, 5, 6, 6, 7, 9, 9, 5, 5, 5, 6, 9, 8, 8, 5, 8], [7, 5, 6, 9, 6, 8, 9, 7, 6, 6, 5, 5, 6, 5, 8, 7, 7, 6, 6, 8, 6, 6, 6, 5, 8, 6, 7, 7, 8, 6, 5, 8, 6, 6, 7], [6, 5, 5, 8, 8, 6, 8, 7, 9, 7, 8, 7, 5, 9, 6, 8, 8, 5, 9, 9, 5, 7, 9, 5, 8, 8, 5, 7, 5, 5, 5, 5, 8, 6, 5], [7, 8, 6, 5, 8, 5, 5, 5, 9, 8, 5, 9, 9, 8, 7, 7, 9, 7, 8, 5, 6, 5, 7, 8, 7, 7, 7, 6, 5, 9, 5, 9, 5, 5, 7], [9, 5, 9, 8, 8, 9, 9, 7, 5, 8, 5, 6, 5, 5, 7, 7, 6, 8, 8, 6, 9, 7, 9, 9, 6, 6, 9, 9, 8, 5, 8, 5, 7, 5, 8], [8, 6, 8, 5, 9, 9, 7, 5, 9, 5, 7, 8, 5, 6, 6, 9, 5, 5, 9, 6, 5, 6, 9, 6, 8, 9, 5, 8, 9, 6, 5, 5, 8, 5, 5], [5, 7, 6, 7, 8, 6, 5, 6, 9, 6, 7, 9, 8, 5, 6, 6, 6, 6, 6, 6, 5, 5, 9, 8, 6, 8, 6, 5, 8, 9, 7, 6, 7, 9, 5], [9, 7, 7, 8, 9, 8, 6, 8, 9, 5, 5, 5, 9, 6, 5, 6, 7, 6, 9, 9, 8, 6, 9, 9, 6, 6, 7, 9, 6, 5, 8, 8, 5, 5, 8], [7, 6, 5, 7, 5, 8, 7, 6, 9, 7, 7, 9, 7, 9, 5, 9, 8, 6, 8, 7, 9, 5, 6, 8, 9, 7, 5, 5, 9, 9, 6, 8, 9, 9, 6], [9, 8, 9, 9, 7, 8, 8, 8, 6, 7, 9, 5, 5, 8, 7, 6, 7, 7, 6, 7, 5, 6, 6, 8, 9, 8, 6, 6, 7, 8, 9, 5, 5, 9, 9], [5, 7, 7, 8, 9, 8, 7, 5, 7, 9, 9, 9, 5, 8, 8, 6, 5, 7, 7, 5, 5, 9, 5, 8, 6, 9, 5, 7, 8, 9, 7, 5, 8, 5, 7], [6, 9, 8, 8, 8, 7, 9, 9, 8, 6, 6, 6, 5, 8, 6, 7, 9, 6, 9, 8, 8, 6, 9, 5, 6, 6, 8, 5, 8, 5, 9, 8, 6, 8, 8], [9, 9, 6, 6, 8, 7, 6, 9, 7, 7, 5, 5, 8, 5, 6, 9, 8, 5, 5, 8, 9, 9, 9, 8, 8, 8, 7, 9, 6, 8, 8, 8, 5, 7, 6], [9, 6, 6, 7, 6, 7, 7, 5, 6, 5, 6, 8, 6, 9, 7, 5, 9, 5, 6, 7, 5, 8, 9, 7, 8, 9, 9, 7, 9, 7, 5, 7, 6, 8, 8], [9, 8, 8, 5, 8, 7, 9, 7, 9, 5, 9, 6, 7, 8, 7, 8, 9, 9, 6, 9, 9, 8, 5, 5, 7, 7, 7, 8, 8, 6, 7, 7, 9, 9, 8], [7, 5, 9, 8, 5, 6, 5, 6, 6, 8, 6, 8, 7, 7, 5, 8, 7, 6, 5, 5, 9, 7, 9, 5, 7, 6, 9, 7, 7, 9, 9, 9, 7, 5, 6], [6, 8, 6, 7, 7, 9, 9, 5, 8, 8, 5, 7, 5, 7, 5, 9, 9, 8, 6, 5, 5, 8, 8, 6, 5, 7, 5, 8, 8, 6, 9, 7, 5, 8, 9], [5, 5, 9, 7, 8, 8, 6, 6, 8, 9, 5, 7, 5, 7, 6, 9, 5, 5, 7, 7, 6, 7, 5, 8, 6, 6, 9, 8, 8, 7, 6, 6, 7, 6, 7], [9, 5, 6, 7, 9, 9, 7, 6, 7, 9, 7, 5, 6, 6, 5, 8, 7, 7, 9, 6, 9, 8, 9, 8, 5, 9, 9, 6, 6, 7, 8, 8, 5, 6, 5], [6, 8, 7, 9, 7, 7, 7, 9, 7, 9, 5, 7, 9, 7, 9, 5, 6, 6, 6, 6, 5, 6, 6, 5, 8, 7, 6, 7, 6, 7, 9, 9, 5, 8, 9], [6, 6, 9, 6, 7, 7, 8, 9, 7, 6, 9, 5, 5, 8, 9, 8, 6, 7, 7, 5, 9, 5, 9, 6, 8, 7, 8, 8, 7, 6, 5, 8, 7, 9, 7], [7, 6, 5, 5, 5, 8, 7, 5, 7, 6, 8, 9, 6, 5, 7, 7, 5, 8, 7, 5, 9, 6, 8, 9, 5, 5, 5, 5, 6, 8, 7, 6, 5, 9, 7], [8, 6, 5, 7, 8, 8, 7, 8, 9, 9, 6, 8, 9, 5, 9, 8, 8, 8, 5, 7, 8, 8, 9, 6, 5, 9, 7, 8, 9, 5, 6, 7, 6, 7, 5], [5, 8, 5, 7, 9, 7, 8, 6, 6, 5, 9, 7, 8, 6, 7, 8, 8, 9, 5, 9, 8, 6, 6, 6, 5, 6, 8, 8, 5, 6, 7, 7, 9, 5, 5], [6, 6, 7, 5, 7, 6, 7, 9, 7, 8, 7, 6, 7, 5, 5, 6, 7, 9, 5, 6, 5, 9, 7, 7, 5, 9, 8, 6, 5, 7, 5, 8, 6, 8, 7], [7, 6, 9, 7, 6, 5, 5, 5, 7, 7, 6, 5, 5, 9, 5, 5, 9, 8, 5, 6, 7, 8, 8, 7, 5, 7, 7, 8, 5, 5, 7, 5, 7, 9, 5], [5, 8, 9, 7, 6, 5, 9, 5, 5, 6, 9, 6, 7, 5, 6, 8, 9, 7, 7, 9, 5, 7, 5, 9, 7, 8, 8, 8, 8, 5, 7, 9, 9, 6, 8], [7, 9, 9, 7, 5, 8, 5, 8, 6, 9, 7, 8, 9, 6, 7, 8, 5, 7, 5, 8, 8, 6, 5, 7, 7, 6, 7, 8, 7, 6, 5, 5, 7, 6, 6], [9, 5, 5, 8, 6, 5, 6, 8, 9, 8, 7, 7, 7, 9, 9, 8, 7, 9, 6, 8, 9, 8, 8, 8, 8, 9, 7, 8, 8, 7, 8, 8, 6, 9, 5], [7, 5, 7, 7, 5, 5, 9, 8, 7, 9, 7, 5, 9, 8, 7, 6, 9, 7, 7, 6, 9, 5, 7, 7, 7, 9, 5, 5, 9, 6, 5, 6, 8, 9, 6], [8, 9, 9, 7, 6, 7, 5, 5, 5, 8, 7, 5, 8, 9, 8, 6, 5, 7, 5, 5, 5, 6, 7, 8, 5, 9, 5, 8, 9, 9, 9, 6, 8, 9, 7], [9, 8, 9, 5, 7, 7, 6, 6, 8, 7, 9, 6, 9, 8, 7, 9, 9, 5, 8, 6, 7, 7, 8, 8, 7, 7, 6, 5, 6, 7, 8, 5, 7, 9, 5], [6, 8, 8, 5, 9, 5, 8, 7, 7, 7, 7, 7, 7, 8, 6, 6, 9, 5, 9, 7, 9, 5, 5, 9, 7, 9, 9, 7, 6, 6, 6, 8, 7, 8, 5], [9, 6, 9, 9, 5, 8, 5, 6, 7, 6, 8, 5, 8, 6, 9, 8, 5, 5, 5, 8, 7, 8, 8, 6, 8, 8, 5, 9, 8, 9, 5, 5, 7, 5, 7], [8, 6, 9, 9, 8, 9, 7, 7, 9, 8, 5, 7, 8, 6, 9, 7, 7, 9, 5, 6, 8, 7, 9, 8, 6, 6, 9, 5, 6, 8, 9, 5, 5, 6, 5], [6, 9, 9, 6, 5, 9, 6, 8, 7, 5, 8, 5, 9, 6, 5, 5, 7, 8, 9, 7, 9, 8, 5, 5, 7, 5, 7, 7, 9, 9, 6, 8, 9, 6, 5], [5, 8, 8, 8, 5, 7, 6, 6, 8, 8, 6, 6, 8, 7, 5, 9, 6, 6, 6, 5, 5, 6, 6, 6, 6, 6, 6, 8, 5, 8, 8, 5, 7, 7, 5], [8, 5, 9, 5, 5, 9, 8, 8, 9, 7, 6, 8, 8, 6, 7, 6, 6, 7, 9, 8, 9, 8, 5, 5, 9, 8, 5, 6, 9, 9, 7, 5, 6, 6, 6], [6, 8, 8, 6, 7, 9, 8, 6, 6, 9, 5, 8, 8, 7, 9, 8, 5, 7, 8, 7, 8, 6, 9, 9, 7, 5, 7, 8, 6, 7, 7, 6, 8, 7, 5], [6, 7, 7, 7, 8, 9, 5, 7, 7, 7, 6, 7, 7, 7, 7, 5, 9, 7, 5, 7, 8, 8, 7, 5, 9, 6, 9, 7, 8, 9, 8, 5, 7, 8, 7], [8, 5, 6, 5, 6, 9, 8, 6, 7, 9, 7, 9, 5, 7, 9, 9, 6, 7, 9, 8, 6, 9, 8, 8, 7, 7, 6, 9, 6, 9, 9, 8, 8, 5, 6], [6, 5, 6, 9, 8, 6, 8, 8, 5, 8, 5, 6, 6, 7, 9, 5, 5, 8, 8, 9, 6, 6, 8, 7, 7, 8, 9, 6, 9, 8, 6, 5, 9, 6, 7], [6, 8, 5, 6, 6, 5, 9, 6, 6, 7, 5, 7, 6, 9, 8, 6, 8, 6, 7, 6, 8, 8, 9, 9, 6, 9, 7, 5, 5, 6, 5, 9, 6, 9, 5], [6, 6, 6, 7, 7, 7, 9, 8, 8, 7, 8, 5, 6, 9, 9, 9, 5, 5, 5, 7, 6, 7, 8, 8, 6, 5, 6, 8, 5, 6, 9, 5, 5, 8, 9], [5, 8, 7, 6, 7, 5, 5, 6, 9, 7, 8, 5, 6, 5, 6, 5, 8, 5, 7, 8, 5, 6, 6, 8, 6, 9, 9, 5, 6, 5, 6, 5, 6, 6, 5], [7, 8, 8, 9, 6, 7, 8, 5, 9, 8, 7, 7, 6, 8, 7, 5, 7, 5, 8, 7, 5, 7, 7, 7, 5, 5, 5, 9, 5, 9, 8, 5, 7, 7, 5], [9, 5, 5, 8, 8, 5, 9, 8, 6, 9, 7, 7, 6, 6, 8, 5, 5, 9, 6, 9, 5, 5, 8, 6, 7, 7, 5, 8, 6, 5, 5, 8, 7, 9, 5], [5, 5, 9, 9, 8, 8, 8, 6, 6, 5, 7, 6, 6, 8, 7, 5, 5, 7, 7, 9, 9, 8, 5, 5, 6, 6, 7, 6, 7, 7, 5, 9, 9, 6, 7], [7, 6, 5, 9, 6, 5, 6, 9, 5, 5, 6, 6, 8, 8, 8, 7, 6, 6, 5, 7, 6, 6, 7, 8, 6, 9, 7, 9, 5, 9, 6, 5, 6, 5, 5], [9, 5, 8, 7, 6, 5, 8, 8, 9, 7, 6, 9, 7, 5, 6, 5, 8, 7, 6, 6, 7, 5, 5, 5, 8, 7, 6, 5, 5, 7, 9, 5, 7, 6, 8], [8, 8, 6, 9, 9, 8, 9, 9, 9, 6, 8, 6, 8, 7, 8, 8, 5, 6, 7, 6, 9, 7, 7, 5, 7, 6, 8, 7, 7, 9, 5, 7, 7, 8, 5], [7, 8, 7, 7, 8, 8, 9, 7, 6, 8, 5, 8, 5, 8, 6, 9, 7, 5, 7, 9, 8, 5, 9, 6, 5, 7, 5, 6, 5, 5, 6, 7, 7, 6, 5], [7, 6, 7, 9, 9, 5, 8, 7, 7, 7, 9, 9, 6, 7, 5, 9, 6, 6, 7, 7, 7, 8, 7, 7, 7, 8, 5, 7, 6, 9, 7, 8, 7, 7, 8], [5, 8, 5, 5, 8, 7, 9, 8, 7, 5, 7, 8, 7, 8, 9, 9, 8, 6, 7, 6, 7, 7, 8, 9, 8, 7, 5, 5, 7, 5, 7, 7, 8, 8, 7], [5, 6, 6, 8, 7, 9, 9, 8, 8, 9, 6, 7, 7, 7, 7, 9, 6, 9, 5, 7, 7, 6, 8, 8, 9, 9, 9, 7, 7, 5, 6, 9, 7, 6, 6], [9, 6, 8, 8, 6, 6, 5, 9, 8, 5, 6, 8, 6, 7, 7, 6, 8, 8, 7, 7, 7, 5, 5, 8, 6, 9, 5, 8, 9, 6, 5, 8, 9, 6, 9], [9, 9, 7, 6, 7, 5, 9, 6, 5, 5, 6, 6, 9, 8, 7, 5, 8, 9, 9, 9, 8, 7, 9, 5, 9, 7, 8, 7, 6, 9, 8, 5, 7, 8, 5], [7, 9, 8, 7, 8, 6, 7, 7, 6, 9, 6, 7, 6, 8, 9, 5, 8, 7, 5, 9, 8, 9, 7, 9, 7, 7, 7, 9, 5, 5, 6, 8, 6, 6, 6], [6, 5, 7, 5, 5, 8, 8, 7, 6, 8, 9, 9, 9, 6, 6, 6, 8, 5, 6, 6, 7, 5, 7, 5, 6, 8, 5, 9, 5, 7, 7, 8, 9, 6, 5], [8, 9, 9, 5, 9, 6, 6, 6, 5, 5, 9, 6, 7, 8, 5, 8, 5, 6, 7, 6, 9, 7, 5, 8, 8, 7, 7, 6, 9, 8, 5, 7, 5, 5, 6], [5, 9, 7, 9, 8, 5, 6, 9, 9, 8, 8, 9, 8, 9, 5, 8, 8, 9, 9, 5, 6, 5, 8, 6, 7, 6, 9, 7, 9, 9, 6, 7, 8, 6, 8], [7, 9, 9, 9, 5, 6, 7, 9, 7, 8, 7, 9, 5, 8, 6, 9, 9, 9, 8, 5, 6, 7, 6, 5, 8, 7, 6, 9, 8, 6, 5, 9, 6, 6, 8], [8, 9, 7, 9, 5, 5, 8, 5, 8, 8, 7, 9, 8, 9, 8, 6, 6, 7, 5, 9, 9, 5, 9, 5, 5, 6, 8, 6, 9, 9, 7, 6, 6, 9, 9], [9, 7, 8, 7, 9, 8, 8, 9, 8, 5, 9, 5, 5, 9, 8, 6, 9, 9, 5, 6, 5, 9, 8, 6, 7, 7, 8, 5, 6, 8, 8, 5, 7, 9, 7], [6, 9, 5, 8, 9, 5, 8, 8, 9, 9, 9, 5, 9, 9, 5, 5, 5, 9, 7, 9, 5, 7, 5, 6, 6, 7, 8, 8, 7, 9, 7, 6, 9, 9, 9], [7, 5, 8, 7, 8, 6, 9, 7, 6, 6, 5, 7, 7, 5, 7, 5, 5, 8, 8, 9, 7, 8, 9, 7, 8, 7, 7, 5, 6, 6, 5, 5, 5, 9, 5], [7, 5, 6, 8, 5, 6, 7, 6, 5, 6, 6, 5, 5, 7, 8, 9, 7, 5, 9, 9, 9, 7, 5, 9, 6, 6, 9, 9, 9, 6, 7, 5, 6, 7, 5], [6, 6, 9, 5, 7, 5, 9, 9, 7, 5, 5, 5, 6, 9, 7, 7, 8, 7, 7, 9, 7, 7, 6, 5, 9, 9, 9, 6, 5, 7, 7, 8, 9, 7, 6], [5, 8, 6, 7, 8, 7, 7, 5, 9, 8, 5, 7, 8, 5, 6, 5, 7, 7, 6, 8, 6, 7, 8, 9, 5, 8, 9, 6, 5, 6, 9, 9, 9, 8, 6], [5, 9, 5, 9, 6, 8, 8, 9, 9, 6, 6, 7, 9, 5, 8, 6, 6, 8, 7, 8, 6, 6, 5, 5, 8, 6, 5, 7, 8, 7, 7, 7, 8, 6, 9], [6, 9, 7, 7, 8, 5, 7, 8, 8, 9, 8, 9, 6, 5, 8, 9, 9, 8, 9, 7, 7, 9, 6, 8, 9, 9, 6, 9, 8, 5, 7, 9, 7, 9, 9], [5, 5, 6, 9, 8, 8, 9, 9, 8, 8, 5, 5, 7, 8, 5, 9, 5, 7, 6, 7, 5, 9, 8, 7, 8, 5, 8, 7, 5, 7, 5, 5, 9, 8, 7], [9, 5, 6, 8, 9, 8, 9, 5, 5, 6, 9, 8, 8, 9, 9, 7, 6, 6, 9, 7, 9, 9, 9, 7, 9, 7, 6, 7, 6, 7, 8, 8, 7, 7, 7], [9, 7, 5, 9, 5, 6, 6, 6, 6, 5, 7, 6, 8, 9, 7, 8, 9, 5, 7, 5, 9, 5, 8, 6, 7, 8, 7, 6, 5, 8, 5, 9, 6, 8, 5], [9, 7, 9, 7, 8, 7, 6, 9, 7, 7, 8, 7, 5, 5, 8, 7, 6, 8, 8, 5, 6, 7, 6, 6, 5, 8, 8, 9, 5, 6, 6, 5, 9, 7, 5], [8, 6, 9, 6, 6, 7, 9, 9, 8, 8, 9, 5, 9, 5, 5, 5, 7, 6, 9, 5, 6, 8, 7, 7, 7, 5, 5, 6, 5, 6, 7, 6, 7, 7, 6], [7, 5, 6, 5, 7, 6, 9, 6, 5, 6, 7, 5, 8, 7, 9, 8, 6, 7, 6, 5, 9, 7, 8, 7, 7, 8, 6, 6, 6, 9, 5, 9, 6, 8, 6], [8, 8, 5, 6, 7, 8, 6, 9, 5, 6, 9, 9, 5, 6, 7, 5, 6, 7, 5, 5, 8, 5, 6, 6, 9, 8, 5, 8, 5, 7, 8, 7, 6, 5, 9], [9, 8, 9, 5, 8, 6, 8, 5, 9, 8, 9, 6, 9, 7, 8, 7, 9, 7, 5, 6, 7, 5, 6, 8, 5, 5, 7, 8, 5, 7, 7, 6, 7, 6, 7], [8, 8, 9, 9, 9, 9, 7, 7, 5, 7, 6, 8, 7, 6, 9, 9, 8, 7, 9, 8, 5, 6, 5, 5, 8, 5, 8, 8, 9, 7, 9, 5, 8, 6, 9], [6, 7, 9, 9, 9, 9, 9, 6, 7, 5, 5, 6, 5, 6, 6, 9, 6, 7, 6, 7, 6, 9, 7, 6, 7, 8, 8, 9, 7, 9, 6, 8, 6, 7, 6], [9, 9, 9, 9, 6, 7, 5, 8, 5, 9, 7, 9, 8, 5, 5, 9, 8, 6, 9, 8, 5, 9, 7, 9, 5, 9, 9, 5, 9, 5, 5, 5, 8, 5, 7], [7, 7, 9, 6, 6, 8, 9, 8, 8, 7, 9, 7, 9, 6, 6, 8, 5, 5, 5, 6, 5, 5, 8, 6, 8, 6, 9, 9, 8, 8, 7, 6, 5, 8, 6], [8, 5, 8, 8, 8, 6, 7, 5, 7, 5, 6, 8, 7, 8, 9, 9, 9, 8, 5, 5, 8, 7, 7, 9, 8, 6, 7, 7, 5, 8, 7, 6, 6, 9, 5], [8, 8, 8, 9, 9, 9, 7, 9, 8, 8, 8, 8, 8, 6, 9, 6, 6, 6, 7, 7, 9, 5, 9, 8, 9, 8, 9, 9, 5, 9, 6, 9, 9, 8, 9]]
Demand for each product in each period d: 
[[12, 0, 48, 2, 27, 34, 39, 3, 10, 32, 42, 14, 14, 18, 47, 47, 22, 46, 34, 4, 18, 0, 21, 27, 31, 45, 47, 18, 14, 16, 6, 0, 32, 27, 48], [16, 22, 32, 28, 37, 1, 10, 44, 0, 34, 40, 14, 43, 16, 17, 0, 35, 9, 17, 28, 0, 27, 17, 48, 47, 0, 20, 31, 39, 45, 28, 10, 40, 35, 17], [9, 27, 36, 37, 24, 43, 5, 48, 9, 30, 12, 25, 35, 22, 16, 46, 13, 35, 2, 11, 7, 39, 46, 0, 35, 39, 2, 1, 36, 42, 17, 7, 39, 17, 22], [39, 4, 10, 16, 32, 30, 17, 44, 40, 45, 48, 45, 4, 21, 32, 2, 31, 38, 41, 17, 46, 37, 17, 33, 0, 26, 21, 46, 37, 0, 7, 41, 46, 13, 27], [4, 8, 25, 47, 30, 19, 31, 16, 12, 6, 0, 22, 25, 25, 47, 29, 43, 6, 10, 45, 39, 38, 36, 15, 8, 0, 41, 11, 45, 45, 0, 22, 17, 49, 21], [25, 44, 48, 0, 9, 27, 44, 47, 8, 47, 24, 49, 22, 21, 25, 30, 14, 36, 9, 3, 30, 48, 32, 41, 23, 41, 7, 11, 5, 33, 32, 33, 27, 44, 26], [2, 4, 4, 40, 2, 12, 23, 0, 3, 45, 24, 2, 31, 46, 10, 16, 39, 8, 39, 31, 48, 9, 32, 41, 24, 3, 37, 38, 40, 44, 43, 0, 11, 3, 42], [39, 24, 32, 4, 0, 46, 2, 43, 26, 6, 31, 35, 17, 44, 24, 29, 10, 7, 16, 7, 44, 6, 26, 2, 41, 13, 0, 13, 32, 6, 26, 33, 44, 28, 22], [15, 0, 23, 1, 5, 28, 43, 19, 29, 26, 11, 18, 26, 13, 7, 49, 13, 48, 18, 28, 23, 21, 13, 22, 21, 21, 19, 37, 3, 42, 48, 14, 0, 47, 23], [27, 3, 5, 46, 40, 36, 19, 8, 21, 2, 29, 22, 8, 9, 25, 32, 37, 0, 23, 15, 45, 25, 13, 48, 5, 26, 31, 18, 35, 9, 7, 32, 0, 38, 48], [0, 3, 30, 10, 27, 8, 38, 10, 6, 14, 46, 43, 16, 11, 3, 35, 0, 10, 46, 29, 5, 21, 20, 35, 33, 42, 44, 0, 8, 39, 27, 34, 37, 25, 23], [44, 7, 27, 36, 32, 49, 1, 45, 24, 0, 27, 17, 33, 16, 1, 12, 14, 38, 3, 14, 0, 30, 6, 20, 32, 15, 32, 38, 4, 3, 28, 26, 0, 20, 7], [49, 4, 34, 43, 0, 30, 30, 12, 12, 40, 32, 41, 16, 44, 0, 39, 42, 43, 0, 26, 17, 12, 28, 27, 45, 11, 6, 46, 21, 1, 30, 4, 43, 18, 40], [13, 8, 26, 9, 4, 8, 9, 20, 0, 22, 27, 13, 13, 31, 33, 35, 43, 24, 31, 31, 21, 31, 28, 0, 29, 31, 12, 0, 3, 0, 49, 33, 7, 33, 49], [40, 20, 45, 6, 18, 8, 11, 45, 5, 0, 40, 10, 32, 0, 44, 41, 44, 28, 34, 13, 22, 30, 38, 35, 8, 19, 7, 4, 0, 9, 37, 2, 37, 29, 38], [9, 19, 42, 14, 41, 32, 42, 12, 12, 32, 31, 27, 18, 24, 8, 38, 32, 12, 47, 40, 15, 33, 0, 11, 29, 41, 31, 26, 35, 18, 18, 13, 10, 26, 45], [5, 48, 4, 24, 43, 10, 0, 14, 19, 21, 22, 47, 48, 28, 48, 31, 49, 21, 5, 10, 35, 47, 40, 16, 15, 36, 9, 2, 23, 38, 11, 47, 0, 19, 18], [8, 17, 41, 33, 32, 13, 34, 42, 29, 31, 24, 0, 1, 49, 33, 6, 21, 30, 41, 17, 34, 47, 6, 0, 29, 16, 17, 5, 33, 48, 34, 49, 45, 43, 27], [3, 10, 0, 45, 13, 6, 3, 48, 43, 41, 0, 2, 27, 20, 22, 40, 25, 37, 41, 18, 48, 21, 33, 2, 15, 42, 48, 0, 39, 35, 14, 38, 30, 27, 4], [13, 8, 10, 2, 4, 7, 14, 15, 46, 18, 3, 23, 10, 30, 31, 26, 6, 39, 2, 27, 35, 8, 15, 10, 20, 37, 47, 48, 34, 43, 21, 0, 38, 33, 47], [19, 47, 9, 10, 2, 27, 31, 12, 27, 35, 24, 37, 20, 0, 32, 36, 47, 20, 14, 28, 8, 0, 12, 39, 13, 20, 32, 17, 28, 14, 28, 8, 0, 46, 24], [15, 47, 26, 26, 35, 46, 12, 27, 17, 38, 23, 28, 26, 13, 3, 32, 33, 48, 23, 23, 0, 9, 17, 45, 17, 23, 10, 49, 44, 0, 39, 0, 28, 39, 36], [20, 11, 39, 17, 49, 4, 42, 22, 8, 3, 42, 12, 6, 25, 31, 35, 2, 27, 49, 43, 17, 42, 30, 6, 14, 24, 14, 47, 35, 12, 11, 12, 0, 10, 0], [24, 10, 1, 28, 9, 0, 2, 35, 29, 26, 34, 37, 8, 6, 7, 29, 32, 30, 8, 27, 4, 33, 45, 23, 20, 36, 11, 0, 15, 1, 0, 30, 22, 25, 3], [12, 12, 44, 47, 7, 14, 18, 8, 9, 28, 11, 43, 7, 1, 0, 22, 17, 6, 12, 0, 20, 24, 2, 16, 44, 13, 23, 6, 39, 28, 10, 47, 6, 33, 39], [25, 11, 19, 41, 4, 45, 21, 31, 0, 1, 8, 3, 35, 38, 25, 47, 9, 7, 11, 19, 30, 33, 14, 43, 27, 0, 11, 13, 14, 7, 12, 0, 17, 30, 0], [27, 14, 0, 15, 47, 3, 26, 4, 2, 27, 28, 19, 6, 23, 32, 29, 36, 4, 14, 13, 4, 37, 4, 22, 39, 21, 5, 23, 25, 28, 26, 23, 3, 0, 15], [3, 44, 18, 42, 4, 10, 29, 3, 31, 0, 34, 11, 41, 2, 27, 38, 45, 31, 41, 41, 15, 49, 26, 28, 19, 37, 49, 24, 21, 34, 13, 45, 41, 14, 46], [33, 2, 47, 6, 10, 4, 40, 18, 0, 31, 29, 49, 12, 7, 39, 38, 0, 45, 8, 6, 12, 20, 15, 38, 41, 49, 33, 15, 33, 25, 23, 37, 36, 1, 2], [14, 15, 19, 21, 42, 30, 39, 8, 40, 19, 3, 1, 33, 38, 37, 36, 1, 46, 8, 4, 15, 39, 4, 23, 11, 42, 3, 11, 7, 29, 9, 19, 42, 32, 24], [22, 18, 20, 2, 0, 18, 0, 38, 0, 34, 20, 5, 49, 7, 46, 20, 25, 36, 14, 47, 8, 38, 18, 17, 46, 42, 14, 10, 5, 15, 26, 7, 17, 28, 33], [6, 24, 35, 6, 6, 25, 9, 11, 46, 0, 14, 48, 5, 21, 0, 46, 48, 18, 0, 20, 44, 7, 11, 47, 22, 49, 28, 7, 3, 3, 39, 35, 14, 7, 13], [34, 45, 10, 34, 29, 7, 43, 45, 34, 38, 20, 1, 44, 20, 41, 10, 48, 21, 25, 30, 25, 14, 19, 27, 49, 22, 8, 0, 29, 49, 45, 4, 34, 22, 10], [9, 45, 15, 45, 3, 33, 26, 33, 25, 46, 0, 0, 49, 11, 12, 0, 34, 45, 8, 28, 40, 25, 5, 5, 33, 6, 1, 28, 28, 18, 45, 3, 8, 5, 6], [16, 15, 12, 11, 25, 17, 9, 11, 6, 20, 22, 4, 3, 49, 42, 0, 13, 49, 30, 5, 4, 38, 23, 19, 20, 0, 49, 39, 44, 12, 3, 2, 1, 37, 39], [41, 13, 15, 12, 18, 41, 18, 18, 12, 11, 20, 18, 25, 4, 11, 33, 31, 0, 43, 14, 34, 12, 49, 48, 13, 45, 0, 21, 31, 15, 45, 26, 43, 39, 0], [32, 0, 19, 16, 27, 33, 18, 33, 26, 13, 29, 22, 29, 24, 4, 4, 26, 35, 44, 0, 40, 0, 41, 37, 35, 26, 18, 36, 18, 13, 8, 41, 16, 48, 10], [39, 41, 7, 16, 0, 39, 0, 17, 26, 30, 41, 18, 40, 36, 1, 3, 7, 10, 40, 23, 34, 6, 20, 49, 42, 25, 34, 3, 44, 48, 34, 5, 25, 6, 27], [23, 0, 3, 47, 35, 14, 29, 33, 37, 6, 31, 10, 22, 35, 35, 9, 42, 46, 1, 28, 13, 11, 32, 15, 36, 4, 30, 39, 34, 13, 43, 36, 6, 34, 12], [40, 8, 0, 45, 19, 22, 43, 32, 12, 37, 28, 4, 26, 8, 40, 32, 44, 39, 17, 9, 44, 16, 43, 20, 39, 43, 19, 16, 15, 1, 40, 0, 48, 16, 34], [3, 46, 36, 45, 1, 32, 34, 43, 0, 14, 45, 2, 31, 7, 25, 39, 1, 27, 43, 44, 11, 48, 22, 34, 27, 26, 4, 48, 47, 31, 42, 48, 14, 10, 32], [7, 7, 26, 35, 7, 47, 49, 15, 6, 33, 39, 44, 1, 47, 22, 35, 41, 9, 24, 27, 36, 25, 13, 12, 13, 33, 15, 17, 31, 18, 23, 34, 18, 3, 11], [17, 29, 0, 28, 49, 3, 21, 18, 19, 7, 1, 36, 44, 16, 36, 30, 31, 6, 18, 38, 42, 26, 16, 27, 16, 10, 7, 28, 31, 30, 1, 25, 9, 0, 24], [49, 26, 49, 10, 10, 3, 28, 34, 10, 19, 39, 10, 10, 46, 9, 19, 44, 3, 16, 28, 14, 33, 40, 39, 21, 18, 14, 11, 21, 1, 38, 0, 23, 4, 20], [47, 22, 41, 35, 30, 8, 0, 0, 37, 25, 25, 2, 4, 17, 30, 26, 36, 21, 20, 19, 8, 18, 34, 6, 2, 42, 8, 36, 30, 26, 18, 0, 2, 25, 28], [6, 47, 36, 20, 8, 36, 2, 22, 32, 16, 7, 32, 30, 16, 31, 37, 30, 21, 25, 5, 1, 47, 47, 19, 7, 7, 6, 39, 21, 30, 38, 12, 6, 30, 41], [31, 49, 26, 25, 20, 14, 26, 10, 10, 17, 43, 0, 32, 32, 13, 4, 28, 4, 4, 0, 30, 22, 1, 44, 1, 32, 9, 14, 3, 26, 0, 49, 46, 38, 42], [13, 49, 26, 41, 18, 29, 25, 2, 13, 49, 32, 8, 6, 22, 18, 0, 6, 13, 49, 39, 26, 28, 23, 27, 3, 41, 3, 2, 43, 31, 30, 12, 11, 20, 45], [0, 17, 38, 36, 44, 5, 22, 5, 0, 11, 4, 43, 36, 26, 44, 7, 3, 28, 21, 12, 42, 16, 45, 16, 2, 15, 48, 44, 8, 26, 2, 32, 49, 40, 45], [19, 35, 12, 27, 5, 32, 43, 4, 18, 3, 47, 0, 37, 3, 16, 7, 4, 35, 26, 30, 0, 10, 37, 19, 49, 41, 0, 0, 29, 1, 28, 2, 0, 17, 31], [10, 33, 1, 45, 39, 42, 5, 10, 17, 0, 30, 11, 38, 39, 43, 41, 36, 10, 39, 31, 28, 12, 44, 32, 10, 42, 40, 41, 25, 25, 4, 48, 13, 8, 32], [33, 40, 25, 0, 8, 23, 44, 39, 42, 3, 10, 24, 31, 34, 1, 28, 17, 39, 28, 21, 39, 31, 34, 4, 3, 26, 19, 26, 28, 38, 39, 40, 33, 31, 17], [24, 12, 42, 39, 29, 18, 1, 25, 13, 44, 12, 47, 19, 23, 0, 4, 35, 45, 43, 14, 34, 36, 6, 21, 22, 7, 0, 45, 3, 21, 21, 25, 0, 45, 9], [5, 41, 8, 33, 10, 9, 23, 49, 0, 13, 36, 35, 16, 23, 39, 3, 42, 46, 27, 29, 1, 6, 4, 35, 31, 45, 47, 32, 46, 8, 32, 43, 24, 34, 12], [28, 19, 16, 23, 18, 8, 45, 6, 39, 0, 10, 32, 43, 0, 40, 42, 37, 17, 43, 43, 6, 27, 40, 0, 46, 23, 45, 24, 48, 9, 39, 36, 7, 37, 21], [27, 48, 35, 25, 15, 6, 0, 44, 17, 23, 29, 46, 21, 39, 1, 10, 47, 49, 34, 6, 7, 31, 7, 35, 42, 15, 4, 0, 9, 1, 38, 47, 0, 49, 5], [10, 37, 46, 30, 26, 0, 37, 5, 0, 23, 35, 23, 4, 5, 3, 17, 40, 32, 34, 15, 8, 42, 46, 41, 42, 16, 34, 8, 43, 49, 24, 25, 4, 37, 12], [37, 32, 25, 12, 22, 36, 3, 45, 14, 13, 21, 21, 14, 27, 40, 15, 31, 24, 47, 20, 3, 3, 8, 27, 0, 28, 33, 48, 37, 11, 17, 18, 22, 44, 9], [36, 28, 48, 35, 0, 18, 40, 39, 20, 36, 32, 41, 34, 8, 24, 3, 23, 23, 8, 30, 5, 4, 44, 33, 10, 8, 14, 28, 21, 48, 44, 38, 31, 7, 14], [46, 19, 17, 23, 45, 43, 46, 19, 1, 26, 39, 12, 14, 39, 4, 0, 34, 21, 11, 44, 36, 19, 16, 13, 19, 7, 35, 25, 38, 7, 11, 0, 40, 35, 34], [43, 12, 15, 2, 5, 40, 2, 19, 41, 45, 27, 6, 34, 34, 13, 17, 24, 12, 8, 0, 13, 12, 12, 10, 35, 0, 5, 1, 0, 36, 18, 2, 35, 7, 44], [33, 4, 20, 43, 39, 6, 49, 34, 29, 7, 37, 27, 0, 44, 37, 42, 14, 35, 17, 5, 46, 19, 33, 9, 33, 0, 0, 6, 45, 10, 0, 46, 0, 6, 40], [36, 9, 12, 32, 17, 42, 41, 30, 24, 11, 26, 19, 24, 29, 0, 7, 34, 42, 31, 0, 46, 46, 23, 25, 18, 15, 25, 16, 7, 6, 9, 26, 24, 25, 23], [0, 38, 46, 12, 11, 15, 30, 10, 14, 16, 20, 0, 10, 34, 15, 31, 33, 34, 44, 4, 24, 37, 17, 21, 43, 8, 0, 3, 24, 28, 38, 39, 4, 1, 19], [44, 27, 43, 31, 0, 48, 0, 21, 7, 17, 17, 27, 34, 36, 21, 37, 25, 29, 6, 7, 2, 10, 28, 27, 38, 0, 0, 40, 14, 43, 23, 12, 16, 48, 43], [2, 34, 33, 29, 0, 3, 4, 44, 43, 20, 20, 36, 11, 5, 36, 45, 34, 37, 11, 43, 20, 23, 23, 9, 7, 6, 0, 7, 9, 43, 22, 43, 22, 44, 47], [18, 16, 0, 46, 38, 18, 28, 16, 32, 20, 2, 2, 6, 48, 29, 18, 3, 7, 35, 0, 4, 25, 30, 35, 33, 13, 44, 47, 11, 37, 48, 5, 3, 48, 38], [43, 39, 43, 22, 0, 46, 6, 15, 17, 48, 48, 17, 1, 25, 34, 36, 38, 13, 48, 29, 25, 12, 3, 27, 18, 4, 41, 49, 2, 6, 26, 14, 3, 37, 0], [29, 2, 41, 10, 38, 13, 43, 34, 3, 39, 39, 49, 9, 26, 17, 2, 23, 26, 5, 21, 3, 28, 18, 29, 28, 12, 31, 31, 42, 27, 48, 27, 11, 41, 13], [8, 19, 29, 5, 17, 19, 46, 47, 5, 32, 32, 20, 9, 41, 40, 32, 47, 23, 28, 23, 26, 5, 21, 33, 48, 8, 21, 47, 49, 3, 38, 0, 17, 12, 18], [7, 17, 1, 23, 9, 43, 22, 8, 48, 2, 34, 35, 49, 49, 19, 46, 43, 23, 44, 39, 3, 40, 34, 4, 42, 39, 2, 21, 39, 19, 19, 46, 48, 40, 28], [46, 33, 0, 0, 3, 4, 27, 29, 42, 13, 4, 32, 45, 49, 49, 25, 34, 2, 41, 23, 18, 34, 7, 6, 29, 39, 0, 5, 6, 0, 17, 45, 0, 30, 40], [48, 0, 43, 41, 28, 26, 49, 26, 43, 44, 30, 0, 34, 48, 12, 16, 45, 46, 34, 16, 13, 26, 9, 34, 4, 7, 4, 27, 47, 41, 0, 24, 34, 40, 26], [35, 38, 42, 31, 17, 36, 30, 39, 44, 6, 40, 7, 42, 25, 38, 18, 29, 26, 20, 23, 43, 32, 2, 29, 37, 44, 7, 31, 18, 14, 32, 0, 46, 42, 24], [31, 5, 37, 28, 32, 47, 37, 18, 20, 15, 7, 14, 15, 44, 4, 25, 26, 25, 2, 0, 14, 30, 18, 2, 17, 0, 14, 6, 48, 48, 24, 10, 38, 41, 18], [20, 2, 14, 31, 26, 31, 31, 20, 15, 0, 32, 31, 16, 15, 48, 14, 36, 8, 18, 25, 40, 7, 36, 24, 11, 22, 1, 33, 37, 15, 43, 10, 1, 42, 28], [2, 19, 8, 25, 29, 4, 28, 3, 1, 0, 5, 0, 44, 8, 1, 35, 44, 35, 23, 1, 20, 19, 1, 16, 23, 12, 37, 3, 29, 38, 19, 49, 46, 10, 4], [31, 6, 1, 39, 34, 43, 11, 25, 40, 32, 5, 26, 22, 1, 40, 49, 31, 6, 39, 11, 7, 29, 43, 39, 49, 49, 5, 11, 23, 22, 34, 25, 11, 7, 11], [28, 7, 0, 5, 16, 27, 27, 33, 10, 45, 33, 32, 6, 26, 14, 39, 32, 25, 25, 29, 0, 26, 1, 15, 1, 3, 13, 0, 33, 24, 27, 22, 10, 15, 36], [5, 21, 8, 34, 15, 34, 48, 12, 30, 29, 34, 14, 23, 49, 18, 40, 4, 30, 48, 41, 9, 14, 18, 27, 14, 14, 4, 37, 0, 8, 21, 27, 1, 27, 39], [10, 9, 0, 0, 19, 7, 16, 9, 32, 35, 22, 30, 1, 25, 37, 15, 22, 7, 9, 12, 1, 0, 1, 9, 46, 21, 21, 48, 18, 33, 18, 23, 13, 14, 41], [3, 41, 4, 44, 7, 1, 25, 38, 46, 0, 44, 45, 16, 22, 21, 41, 2, 1, 25, 29, 33, 7, 17, 26, 1, 1, 4, 33, 33, 18, 4, 33, 37, 10, 23], [44, 45, 48, 22, 48, 43, 20, 47, 9, 25, 28, 9, 44, 39, 46, 16, 25, 44, 7, 27, 39, 28, 1, 11, 14, 0, 0, 0, 44, 0, 6, 39, 34, 17, 34], [16, 22, 4, 46, 38, 6, 0, 14, 6, 34, 40, 30, 13, 6, 28, 4, 43, 25, 30, 9, 4, 47, 28, 49, 27, 45, 6, 28, 49, 35, 40, 39, 9, 45, 47], [34, 43, 30, 45, 9, 28, 49, 41, 45, 27, 45, 26, 23, 21, 26, 1, 0, 41, 20, 12, 13, 35, 10, 16, 0, 28, 42, 43, 13, 24, 48, 7, 22, 27, 21], [42, 24, 42, 23, 1, 29, 1, 47, 8, 0, 34, 8, 44, 8, 18, 0, 24, 44, 5, 38, 25, 26, 18, 29, 1, 5, 16, 25, 16, 0, 0, 38, 40, 37, 0], [11, 34, 42, 17, 37, 21, 44, 49, 48, 26, 15, 0, 11, 24, 22, 0, 38, 35, 37, 43, 21, 48, 4, 47, 46, 13, 39, 18, 21, 14, 16, 35, 29, 13, 38], [32, 0, 27, 8, 34, 42, 26, 45, 39, 0, 32, 23, 10, 0, 47, 0, 21, 42, 8, 22, 48, 2, 30, 45, 7, 49, 8, 15, 3, 37, 45, 27, 39, 14, 39], [22, 35, 19, 9, 22, 21, 25, 24, 28, 11, 19, 32, 35, 21, 35, 0, 39, 3, 43, 29, 48, 17, 35, 24, 22, 21, 18, 4, 17, 7, 20, 30, 27, 1, 47], [41, 34, 10, 33, 39, 18, 24, 18, 25, 7, 4, 31, 13, 16, 48, 16, 0, 19, 27, 18, 12, 13, 45, 38, 21, 7, 41, 0, 40, 13, 2, 25, 15, 0, 26], [5, 39, 46, 20, 43, 19, 45, 30, 8, 29, 33, 14, 12, 13, 35, 16, 23, 9, 19, 37, 13, 40, 8, 9, 18, 42, 5, 13, 0, 38, 8, 40, 31, 32, 2], [38, 47, 34, 0, 11, 19, 0, 16, 43, 10, 0, 28, 19, 6, 33, 27, 31, 2, 26, 20, 28, 15, 9, 25, 38, 2, 28, 0, 26, 31, 44, 4, 17, 12, 11], [38, 43, 14, 32, 31, 11, 33, 16, 5, 7, 19, 9, 43, 19, 4, 17, 11, 15, 46, 29, 13, 17, 21, 29, 18, 21, 41, 32, 33, 28, 2, 33, 27, 23, 2], [7, 36, 18, 4, 15, 32, 16, 36, 29, 0, 32, 21, 5, 24, 18, 45, 40, 3, 30, 36, 10, 0, 7, 12, 20, 7, 3, 4, 32, 28, 9, 21, 4, 24, 15], [38, 0, 18, 24, 21, 29, 47, 9, 26, 19, 4, 37, 36, 2, 37, 48, 47, 24, 26, 40, 0, 18, 19, 42, 22, 44, 15, 32, 35, 11, 38, 31, 25, 15, 36], [35, 23, 29, 12, 26, 1, 21, 26, 14, 1, 6, 20, 31, 20, 33, 4, 35, 12, 28, 28, 7, 22, 12, 31, 17, 0, 36, 38, 17, 47, 29, 33, 40, 11, 1], [10, 35, 0, 20, 36, 48, 20, 38, 16, 24, 18, 49, 7, 3, 37, 0, 1, 48, 32, 32, 48, 23, 41, 34, 15, 3, 32, 17, 4, 0, 40, 0, 10, 37, 5], [48, 7, 26, 1, 20, 7, 36, 34, 45, 35, 30, 8, 6, 41, 44, 35, 46, 0, 7, 0, 19, 0, 18, 22, 41, 43, 15, 15, 19, 28, 8, 13, 27, 43, 31], [21, 47, 20, 16, 12, 25, 46, 9, 12, 33, 33, 46, 43, 0, 33, 25, 4, 14, 31, 40, 32, 47, 6, 16, 20, 10, 31, 27, 6, 41, 44, 46, 45, 6, 31], [32, 25, 38, 31, 44, 2, 43, 0, 35, 17, 36, 48, 15, 14, 15, 24, 15, 16, 0, 29, 46, 25, 9, 18, 3, 46, 36, 13, 39, 1, 7, 7, 25, 19, 13], [39, 0, 7, 25, 7, 9, 19, 41, 7, 14, 21, 0, 26, 31, 31, 44, 33, 46, 33, 22, 49, 23, 30, 34, 28, 26, 33, 34, 46, 19, 6, 14, 11, 0, 26], [43, 35, 36, 25, 13, 2, 45, 19, 28, 49, 15, 28, 42, 45, 27, 44, 39, 30, 1, 8, 14, 27, 45, 42, 34, 18, 35, 25, 49, 31, 0, 19, 28, 7, 8], [0, 3, 40, 16, 42, 14, 45, 2, 10, 26, 19, 37, 11, 19, 32, 20, 19, 46, 14, 5, 32, 15, 1, 20, 46, 5, 39, 40, 3, 27, 36, 8, 43, 27, 10], [0, 47, 26, 29, 8, 0, 35, 33, 20, 45, 0, 39, 46, 20, 41, 0, 1, 34, 29, 35, 34, 13, 39, 17, 34, 24, 46, 18, 0, 19, 12, 11, 40, 26, 20], [45, 40, 30, 13, 13, 39, 5, 1, 29, 0, 31, 37, 27, 0, 2, 0, 32, 8, 22, 5, 0, 41, 24, 41, 28, 13, 2, 18, 18, 11, 14, 43, 34, 30, 22], [24, 41, 12, 30, 5, 26, 40, 11, 10, 6, 11, 41, 6, 31, 2, 23, 49, 14, 0, 44, 14, 25, 15, 7, 24, 16, 15, 37, 35, 5, 9, 39, 7, 36, 17], [0, 13, 27, 0, 26, 37, 27, 2, 17, 8, 12, 48, 2, 1, 4, 39, 0, 21, 37, 35, 26, 46, 23, 34, 35, 10, 22, 19, 5, 23, 1, 13, 11, 4, 8], [17, 42, 9, 12, 10, 21, 17, 48, 32, 25, 15, 7, 7, 44, 40, 14, 8, 22, 22, 4, 45, 11, 32, 35, 18, 28, 20, 4, 49, 28, 43, 31, 21, 44, 8], [38, 36, 6, 36, 23, 32, 0, 26, 42, 34, 36, 22, 38, 39, 34, 18, 40, 47, 18, 42, 38, 36, 20, 4, 0, 4, 17, 0, 46, 12, 45, 37, 19, 12, 33], [15, 33, 5, 37, 47, 10, 2, 20, 44, 36, 27, 35, 13, 7, 21, 35, 1, 49, 45, 48, 26, 2, 40, 0, 14, 44, 9, 7, 19, 39, 9, 6, 27, 10, 33], [12, 15, 32, 5, 40, 43, 3, 46, 43, 26, 6, 36, 9, 34, 14, 10, 24, 6, 18, 24, 25, 38, 6, 5, 36, 15, 25, 44, 43, 35, 14, 3, 41, 11, 27], [1, 15, 31, 0, 0, 11, 36, 13, 46, 45, 0, 8, 34, 29, 0, 0, 0, 45, 40, 10, 36, 20, 11, 46, 32, 4, 49, 8, 24, 13, 46, 22, 36, 1, 42], [9, 14, 36, 49, 38, 9, 0, 15, 44, 8, 32, 48, 29, 10, 40, 11, 2, 48, 48, 25, 16, 28, 24, 25, 36, 17, 30, 44, 12, 5, 0, 34, 8, 4, 48], [35, 18, 5, 0, 37, 31, 1, 5, 45, 36, 0, 32, 19, 5, 41, 4, 45, 21, 0, 41, 38, 44, 34, 46, 20, 35, 42, 32, 20, 10, 0, 3, 21, 19, 0], [20, 10, 0, 9, 20, 30, 8, 13, 5, 48, 0, 34, 11, 4, 7, 0, 21, 33, 10, 49, 1, 41, 39, 32, 49, 0, 31, 14, 41, 36, 0, 0, 8, 35, 2], [29, 27, 42, 0, 47, 22, 45, 5, 34, 35, 1, 6, 10, 42, 0, 20, 2, 14, 43, 21, 48, 32, 6, 0, 8, 4, 47, 12, 25, 38, 5, 42, 13, 25, 48], [19, 42, 47, 35, 0, 1, 37, 48, 45, 21, 46, 17, 23, 36, 10, 19, 42, 23, 21, 45, 0, 8, 31, 39, 28, 0, 0, 13, 7, 31, 19, 19, 0, 32, 23], [10, 34, 17, 0, 44, 42, 25, 44, 39, 35, 41, 35, 20, 12, 1, 30, 31, 0, 37, 9, 14, 7, 22, 44, 35, 23, 4, 49, 47, 44, 38, 16, 49, 33, 9], [12, 17, 35, 7, 9, 45, 33, 44, 18, 38, 12, 46, 25, 43, 14, 34, 9, 2, 11, 30, 24, 23, 36, 26, 27, 5, 39, 28, 25, 8, 16, 26, 45, 1, 9], [36, 0, 40, 32, 13, 2, 16, 14, 23, 28, 44, 9, 32, 5, 8, 28, 8, 9, 18, 0, 0, 37, 1, 41, 5, 3, 45, 25, 40, 23, 14, 32, 12, 35, 33], [5, 14, 19, 8, 0, 20, 0, 1, 34, 24, 5, 27, 33, 40, 33, 33, 36, 3, 42, 28, 30, 17, 11, 9, 0, 0, 5, 22, 4, 43, 13, 2, 4, 31, 45], [33, 38, 28, 20, 18, 37, 27, 27, 29, 0, 33, 46, 19, 44, 3, 1, 45, 25, 7, 0, 38, 7, 40, 7, 0, 21, 10, 43, 12, 40, 42, 8, 42, 4, 48], [31, 8, 24, 1, 48, 10, 21, 21, 24, 45, 20, 24, 32, 37, 4, 27, 38, 26, 6, 21, 25, 0, 34, 30, 38, 35, 41, 23, 39, 15, 6, 6, 44, 46, 0], [36, 21, 9, 18, 42, 10, 31, 2, 22, 9, 9, 9, 4, 22, 0, 2, 2, 13, 35, 43, 47, 32, 28, 18, 32, 12, 13, 24, 34, 0, 9, 6, 10, 41, 39], [1, 19, 35, 12, 27, 38, 19, 46, 25, 25, 5, 31, 3, 0, 14, 1, 1, 4, 1, 9, 42, 22, 9, 12, 45, 37, 40, 15, 15, 46, 13, 35, 2, 47, 46]]
Maintenance cost in each period m: 
[16711, 17517, 17856, 16186, 16782, 16228, 18009, 14888, 16687, 15505, 14315, 14525, 14288, 16926, 17458, 16628, 14490, 17452, 17758, 16352, 15170, 15044, 15133, 16899, 14344, 16017, 17768, 16964, 14561, 15131, 15103, 16783, 17306, 17128, 14138]
Maximum capacity of the machine cmax: 
5250