Set of periods in the planning horizon T: 
35
Set of products P: 
50
Capacity reduction coefficient alpha: 
0.8
Relative decrease of capacity per set up gamma: 
0.27
Capacity reduction coefficient due to product types beta: 
[0.22, 0.35, 0.23, 0.39, 0.31, 0.27, 0.25, 0.29, 0.39, 0.38, 0.27, 0.36, 0.36, 0.28, 0.37, 0.26, 0.27, 0.35, 0.23, 0.21, 0.38, 0.38, 0.36, 0.25, 0.27, 0.32, 0.31, 0.22, 0.34, 0.24, 0.25, 0.31, 0.34, 0.23, 0.39, 0.21, 0.3, 0.36, 0.38, 0.35, 0.2, 0.29, 0.4, 0.32, 0.22, 0.38, 0.34, 0.32, 0.34, 0.23]
Fixed production cost of each product in each period f: 
[[886, 547, 996, 978, 807, 584, 690, 949, 971, 958, 815, 659, 742, 960, 553, 590, 553, 909, 598, 725, 517, 795, 630, 551, 635, 713, 609, 902, 828, 936, 750, 552, 822, 632, 838], [837, 734, 673, 542, 552, 534, 505, 827, 701, 620, 503, 928, 613, 894, 915, 824, 729, 889, 761, 779, 953, 941, 910, 504, 783, 773, 763, 721, 851, 724, 965, 917, 522, 509, 736], [616, 998, 620, 598, 521, 617, 577, 659, 671, 758, 847, 835, 912, 723, 911, 708, 755, 543, 721, 692, 775, 869, 953, 548, 873, 881, 760, 679, 596, 793, 986, 554, 912, 752, 513], [998, 745, 889, 951, 582, 962, 763, 634, 517, 774, 510, 778, 726, 786, 989, 633, 991, 970, 754, 651, 528, 759, 606, 519, 565, 913, 671, 753, 868, 656, 560, 765, 851, 541, 739], [942, 687, 806, 762, 513, 983, 529, 767, 765, 547, 770, 710, 705, 849, 532, 686, 512, 701, 948, 725, 946, 598, 796, 808, 945, 724, 916, 971, 538, 890, 782, 645, 646, 656, 860], [661, 572, 588, 910, 871, 909, 760, 630, 576, 893, 988, 588, 869, 934, 921, 832, 747, 557, 897, 908, 667, 645, 895, 665, 992, 627, 972, 802, 875, 629, 593, 912, 804, 644, 939], [740, 535, 990, 766, 898, 648, 666, 629, 798, 542, 604, 646, 694, 926, 928, 657, 587, 772, 501, 692, 629, 616, 602, 697, 757, 760, 808, 646, 882, 516, 566, 913, 873, 549, 822], [849, 556, 837, 965, 575, 655, 566, 596, 829, 878, 993, 908, 656, 734, 653, 843, 813, 705, 568, 566, 550, 526, 893, 944, 811, 737, 682, 619, 790, 793, 614, 816, 587, 867, 858], [891, 754, 706, 540, 630, 668, 607, 570, 519, 965, 534, 905, 537, 633, 502, 652, 695, 633, 961, 784, 869, 904, 600, 866, 912, 931, 982, 876, 650, 753, 880, 860, 899, 981, 683], [993, 923, 516, 520, 923, 977, 581, 863, 889, 897, 549, 564, 986, 727, 682, 906, 653, 949, 863, 774, 678, 874, 517, 502, 854, 647, 713, 906, 952, 629, 853, 761, 628, 876, 886], [719, 539, 708, 543, 608, 623, 701, 917, 994, 882, 872, 560, 815, 938, 949, 599, 660, 712, 783, 639, 711, 667, 988, 863, 597, 714, 834, 587, 656, 588, 518, 535, 924, 741, 642], [744, 765, 724, 931, 870, 521, 822, 833, 592, 924, 517, 639, 625, 990, 965, 665, 665, 931, 916, 534, 522, 915, 580, 794, 924, 939, 579, 634, 831, 879, 529, 896, 601, 598, 569], [983, 873, 590, 864, 600, 560, 979, 900, 581, 573, 803, 695, 704, 767, 927, 936, 880, 769, 978, 830, 782, 817, 651, 601, 768, 631, 674, 529, 808, 726, 747, 600, 981, 569, 583], [605, 564, 631, 524, 504, 903, 550, 826, 536, 523, 842, 929, 575, 705, 545, 673, 611, 708, 782, 944, 771, 809, 721, 579, 815, 746, 805, 817, 985, 799, 597, 812, 637, 508, 517], [617, 972, 837, 885, 638, 787, 856, 516, 523, 676, 722, 954, 616, 953, 683, 693, 755, 903, 644, 970, 570, 505, 799, 518, 614, 922, 828, 879, 755, 675, 871, 897, 749, 837, 926], [545, 595, 795, 954, 861, 647, 553, 834, 534, 722, 935, 704, 655, 973, 835, 906, 624, 652, 722, 669, 878, 970, 948, 596, 945, 626, 795, 695, 656, 765, 690, 847, 636, 836, 993], [607, 977, 821, 693, 697, 947, 663, 692, 965, 941, 674, 789, 945, 921, 948, 694, 774, 632, 678, 684, 516, 594, 753, 698, 741, 704, 555, 639, 554, 550, 595, 651, 710, 538, 676], [922, 852, 863, 834, 971, 684, 864, 820, 775, 777, 822, 612, 944, 980, 703, 841, 887, 882, 786, 663, 613, 986, 529, 886, 935, 622, 794, 825, 661, 737, 869, 910, 623, 677, 824], [700, 609, 608, 803, 682, 556, 583, 790, 790, 591, 915, 557, 825, 898, 995, 509, 845, 631, 888, 665, 884, 539, 619, 532, 736, 999, 853, 636, 611, 714, 503, 834, 537, 753, 580], [535, 705, 846, 680, 600, 902, 607, 855, 885, 919, 681, 863, 596, 862, 756, 972, 580, 628, 519, 879, 653, 638, 896, 725, 715, 997, 902, 817, 785, 697, 634, 972, 788, 844, 825], [941, 561, 826, 501, 503, 688, 988, 637, 628, 590, 720, 721, 780, 924, 981, 634, 675, 662, 507, 593, 731, 780, 664, 742, 556, 875, 657, 680, 872, 583, 737, 750, 975, 839, 716], [597, 826, 947, 892, 815, 552, 936, 894, 996, 777, 569, 985, 788, 708, 635, 904, 641, 576, 630, 644, 535, 906, 943, 658, 561, 634, 565, 644, 667, 791, 983, 772, 976, 677, 975], [804, 759, 972, 659, 988, 691, 674, 890, 624, 721, 741, 876, 513, 657, 548, 892, 838, 986, 768, 876, 532, 632, 590, 817, 922, 624, 630, 678, 728, 923, 840, 562, 535, 612, 965], [601, 546, 899, 673, 537, 804, 906, 615, 777, 677, 895, 703, 748, 967, 798, 664, 688, 762, 685, 954, 508, 990, 960, 793, 907, 573, 854, 504, 858, 718, 985, 611, 988, 533, 853], [884, 582, 887, 866, 909, 860, 943, 603, 522, 595, 744, 943, 734, 733, 713, 805, 699, 821, 576, 523, 802, 649, 809, 544, 955, 556, 500, 782, 960, 875, 644, 979, 708, 764, 861], [856, 739, 600, 940, 732, 681, 940, 778, 553, 668, 662, 856, 697, 718, 748, 770, 707, 724, 538, 711, 725, 813, 833, 826, 702, 869, 683, 600, 858, 672, 822, 528, 712, 968, 866], [682, 544, 534, 787, 914, 676, 960, 906, 706, 614, 592, 867, 880, 580, 547, 917, 918, 917, 753, 909, 562, 891, 567, 971, 650, 979, 780, 579, 773, 943, 741, 911, 797, 740, 714], [724, 637, 769, 805, 736, 808, 583, 538, 696, 993, 614, 509, 931, 738, 535, 539, 534, 824, 698, 695, 757, 792, 806, 967, 618, 590, 790, 721, 612, 764, 527, 602, 904, 834, 647], [998, 523, 621, 935, 790, 803, 549, 704, 841, 531, 857, 897, 569, 940, 715, 859, 608, 608, 524, 645, 672, 723, 894, 873, 814, 990, 507, 664, 989, 766, 695, 657, 511, 867, 692], [937, 662, 921, 935, 819, 557, 847, 922, 692, 677, 759, 643, 901, 993, 658, 964, 563, 973, 705, 779, 914, 979, 542, 900, 670, 854, 570, 795, 808, 928, 829, 900, 640, 649, 523], [833, 861, 879, 690, 541, 952, 784, 748, 982, 671, 699, 663, 771, 733, 577, 644, 930, 680, 724, 971, 801, 517, 811, 840, 945, 886, 855, 966, 638, 925, 684, 772, 960, 518, 531], [553, 937, 967, 527, 528, 506, 704, 665, 951, 971, 852, 577, 666, 571, 893, 846, 865, 924, 875, 994, 574, 603, 703, 514, 632, 829, 776, 633, 642, 528, 900, 542, 607, 996, 819], [936, 903, 657, 595, 612, 892, 930, 535, 762, 544, 973, 537, 648, 845, 958, 504, 678, 701, 855, 555, 807, 550, 526, 673, 856, 932, 726, 584, 723, 814, 946, 708, 687, 585, 799], [955, 706, 616, 957, 583, 946, 639, 678, 910, 849, 767, 757, 838, 812, 767, 652, 994, 666, 846, 905, 805, 777, 633, 874, 623, 984, 538, 764, 657, 740, 918, 705, 717, 860, 948], [800, 512, 732, 625, 793, 970, 857, 519, 873, 908, 677, 921, 700, 907, 714, 753, 630, 599, 953, 621, 636, 546, 566, 550, 629, 952, 666, 898, 880, 546, 688, 538, 860, 539, 502], [965, 934, 954, 870, 767, 792, 662, 824, 744, 688, 691, 695, 882, 759, 988, 713, 719, 974, 983, 729, 828, 557, 729, 502, 673, 670, 768, 870, 787, 662, 624, 843, 591, 679, 696], [812, 686, 668, 712, 565, 608, 698, 707, 760, 788, 559, 872, 735, 546, 710, 738, 724, 987, 993, 641, 857, 721, 614, 523, 912, 866, 553, 800, 544, 990, 827, 731, 748, 632, 980], [568, 703, 519, 707, 589, 608, 975, 798, 876, 702, 783, 742, 998, 866, 766, 765, 869, 762, 653, 771, 658, 935, 599, 808, 991, 926, 542, 893, 628, 778, 676, 596, 508, 636, 754], [806, 703, 538, 711, 829, 985, 634, 742, 547, 756, 660, 649, 752, 614, 630, 813, 885, 520, 951, 584, 764, 995, 944, 664, 777, 541, 649, 500, 745, 728, 589, 919, 549, 600, 825], [844, 707, 956, 796, 614, 911, 912, 633, 677, 615, 661, 578, 645, 941, 522, 703, 575, 513, 889, 714, 996, 801, 826, 804, 928, 667, 601, 647, 717, 916, 817, 549, 766, 625, 613], [989, 686, 892, 808, 628, 594, 855, 529, 697, 940, 592, 922, 537, 966, 538, 974, 598, 697, 852, 824, 513, 859, 575, 560, 505, 532, 965, 708, 837, 637, 508, 681, 562, 663, 769], [844, 835, 904, 980, 928, 998, 709, 836, 748, 549, 688, 844, 776, 556, 888, 636, 626, 602, 722, 593, 860, 591, 988, 723, 992, 983, 705, 511, 793, 677, 827, 617, 914, 679, 804], [917, 661, 915, 540, 937, 690, 650, 747, 748, 777, 954, 578, 560, 564, 873, 556, 727, 918, 789, 889, 845, 532, 965, 687, 933, 986, 915, 556, 740, 789, 965, 860, 606, 888, 842], [516, 800, 978, 681, 867, 839, 601, 877, 916, 568, 788, 744, 880, 731, 868, 764, 672, 824, 756, 844, 840, 893, 709, 568, 852, 920, 771, 756, 508, 817, 506, 599, 654, 610, 979], [684, 691, 958, 823, 727, 633, 778, 799, 768, 572, 534, 675, 660, 829, 930, 591, 889, 882, 888, 578, 846, 820, 801, 877, 775, 994, 704, 917, 515, 903, 673, 675, 521, 818, 501], [747, 718, 725, 619, 909, 506, 981, 751, 962, 722, 963, 600, 993, 673, 986, 914, 811, 709, 697, 946, 852, 963, 771, 707, 952, 791, 926, 942, 799, 575, 723, 971, 587, 711, 553], [589, 759, 683, 619, 769, 624, 846, 648, 906, 997, 616, 760, 644, 665, 778, 661, 951, 766, 983, 626, 680, 572, 950, 568, 980, 865, 814, 968, 559, 728, 770, 567, 841, 609, 569], [680, 948, 909, 799, 799, 994, 865, 832, 854, 775, 761, 541, 738, 692, 968, 509, 803, 707, 785, 845, 768, 731, 504, 580, 562, 899, 701, 883, 589, 564, 755, 576, 542, 748, 736], [743, 717, 650, 664, 884, 913, 676, 549, 869, 994, 674, 819, 524, 809, 701, 738, 943, 886, 814, 848, 669, 725, 963, 768, 808, 614, 557, 960, 583, 539, 747, 781, 541, 538, 649], [616, 709, 726, 533, 610, 900, 965, 819, 804, 572, 864, 960, 651, 635, 663, 671, 925, 976, 893, 643, 621, 633, 962, 508, 608, 654, 545, 594, 782, 742, 876, 531, 802, 707, 703]]
Variable production cost per unit of each product in each period p: 
[[11, 12, 11, 10, 13, 11, 12, 10, 10, 10, 11, 10, 13, 11, 13, 12, 11, 12, 10, 11, 10, 10, 11, 10, 13, 13, 10, 12, 10, 13, 11, 12, 11, 12, 12], [11, 12, 12, 11, 10, 13, 11, 11, 13, 12, 12, 11, 13, 10, 11, 12, 10, 13, 13, 11, 11, 11, 11, 10, 11, 10, 12, 12, 10, 10, 10, 13, 12, 11, 12], [13, 11, 11, 13, 12, 10, 11, 12, 10, 12, 11, 10, 10, 11, 12, 13, 13, 10, 11, 13, 13, 12, 10, 13, 10, 13, 12, 13, 10, 12, 12, 10, 13, 12, 13], [10, 10, 12, 13, 12, 11, 11, 10, 12, 11, 13, 10, 11, 13, 13, 12, 12, 10, 10, 10, 11, 11, 10, 12, 12, 10, 10, 11, 10, 11, 10, 12, 11, 11, 13], [11, 12, 12, 10, 13, 12, 13, 12, 10, 12, 12, 13, 13, 12, 12, 12, 10, 13, 11, 13, 12, 11, 13, 11, 11, 13, 12, 10, 11, 13, 10, 13, 11, 12, 11], [11, 13, 13, 11, 12, 10, 13, 10, 13, 13, 11, 10, 11, 12, 13, 13, 13, 13, 11, 10, 12, 13, 13, 13, 13, 10, 12, 11, 10, 12, 13, 12, 10, 10, 11], [11, 13, 13, 10, 13, 13, 11, 12, 13, 13, 13, 10, 12, 12, 10, 12, 12, 13, 12, 12, 12, 10, 11, 12, 13, 12, 11, 11, 11, 12, 11, 10, 13, 10, 13], [11, 12, 10, 12, 10, 11, 10, 13, 10, 11, 12, 13, 13, 11, 13, 13, 11, 12, 12, 12, 13, 12, 10, 13, 11, 10, 13, 11, 12, 13, 11, 11, 12, 13, 10], [12, 13, 13, 12, 13, 11, 10, 12, 13, 13, 11, 12, 11, 13, 12, 13, 13, 13, 13, 10, 12, 11, 13, 10, 12, 11, 13, 12, 11, 11, 10, 10, 11, 13, 13], [13, 10, 12, 13, 11, 11, 12, 11, 13, 13, 10, 10, 10, 13, 12, 13, 13, 10, 11, 11, 11, 10, 12, 13, 11, 10, 11, 12, 13, 12, 10, 11, 10, 13, 10], [11, 10, 10, 11, 12, 11, 12, 11, 11, 10, 10, 10, 13, 13, 12, 11, 13, 11, 12, 13, 12, 11, 10, 12, 11, 10, 10, 13, 13, 11, 10, 10, 12, 10, 12], [12, 11, 13, 12, 13, 10, 12, 11, 12, 12, 10, 10, 12, 10, 11, 11, 12, 11, 12, 12, 11, 10, 13, 11, 12, 10, 10, 13, 10, 10, 10, 12, 11, 10, 12], [12, 12, 11, 10, 13, 12, 11, 12, 11, 12, 11, 11, 10, 13, 13, 11, 11, 11, 11, 12, 11, 11, 12, 12, 11, 11, 11, 12, 13, 12, 11, 12, 11, 13, 10], [10, 10, 13, 12, 11, 11, 12, 10, 10, 12, 12, 13, 13, 10, 10, 13, 10, 11, 10, 13, 10, 13, 10, 13, 12, 13, 12, 11, 10, 10, 13, 11, 11, 11, 13], [11, 13, 13, 12, 11, 10, 13, 10, 11, 12, 12, 12, 12, 13, 13, 13, 10, 10, 11, 10, 12, 11, 11, 10, 10, 11, 12, 13, 10, 13, 10, 12, 13, 12, 13], [13, 11, 10, 13, 12, 11, 11, 12, 12, 10, 12, 13, 12, 13, 10, 12, 12, 13, 13, 11, 13, 11, 10, 13, 10, 13, 13, 12, 12, 12, 11, 10, 11, 11, 12], [11, 10, 10, 13, 12, 10, 11, 12, 11, 12, 10, 13, 11, 10, 12, 11, 13, 13, 11, 13, 10, 10, 10, 10, 10, 10, 13, 13, 11, 12, 11, 10, 13, 12, 10], [13, 10, 13, 10, 11, 10, 11, 11, 11, 10, 13, 11, 11, 12, 10, 13, 13, 11, 10, 12, 10, 13, 13, 11, 13, 11, 12, 13, 13, 13, 13, 13, 12, 12, 10], [11, 12, 10, 11, 10, 12, 10, 11, 12, 11, 13, 12, 12, 11, 10, 12, 13, 12, 12, 10, 13, 12, 11, 12, 12, 12, 10, 13, 10, 11, 13, 11, 11, 12, 11], [13, 12, 11, 13, 10, 11, 10, 13, 10, 13, 11, 10, 11, 13, 13, 11, 12, 11, 12, 13, 10, 10, 11, 13, 12, 10, 12, 11, 10, 12, 11, 12, 10, 12, 10], [11, 11, 10, 13, 13, 10, 11, 10, 10, 13, 10, 12, 12, 10, 12, 12, 11, 13, 11, 12, 10, 11, 12, 10, 11, 11, 10, 10, 13, 10, 13, 12, 11, 12, 11], [12, 13, 12, 12, 12, 11, 13, 12, 12, 10, 10, 12, 13, 10, 13, 12, 11, 13, 12, 12, 10, 11, 11, 10, 13, 10, 11, 12, 11, 12, 10, 10, 12, 10, 11], [12, 11, 10, 11, 11, 12, 11, 12, 13, 11, 12, 13, 12, 11, 11, 12, 12, 10, 10, 11, 12, 11, 12, 12, 10, 10, 12, 10, 10, 10, 11, 10, 12, 11, 12], [13, 10, 12, 10, 12, 12, 11, 13, 10, 11, 11, 10, 10, 11, 11, 13, 13, 11, 10, 12, 10, 10, 12, 10, 12, 10, 13, 10, 12, 11, 11, 13, 11, 13, 13], [12, 13, 13, 10, 13, 12, 12, 12, 12, 13, 13, 13, 10, 10, 10, 12, 13, 12, 12, 12, 10, 11, 11, 11, 13, 11, 11, 11, 13, 12, 13, 11, 11, 13, 12], [11, 13, 11, 12, 13, 11, 13, 12, 12, 12, 11, 12, 12, 11, 12, 13, 12, 11, 10, 13, 12, 12, 10, 10, 13, 11, 13, 11, 12, 11, 12, 13, 10, 13, 10], [11, 13, 12, 10, 10, 12, 11, 13, 13, 12, 12, 12, 12, 13, 10, 13, 13, 12, 13, 13, 12, 10, 12, 10, 12, 10, 12, 12, 13, 10, 13, 10, 13, 11, 11], [12, 11, 13, 11, 13, 12, 10, 13, 13, 10, 10, 12, 13, 13, 12, 12, 13, 13, 12, 10, 12, 11, 13, 10, 11, 13, 12, 12, 12, 12, 12, 10, 10, 13, 11], [13, 10, 12, 12, 12, 11, 11, 13, 12, 13, 13, 11, 13, 10, 10, 13, 10, 13, 13, 11, 13, 10, 10, 13, 12, 12, 11, 12, 12, 11, 11, 12, 11, 11, 12], [12, 12, 11, 12, 11, 10, 11, 12, 12, 13, 13, 12, 12, 10, 13, 10, 13, 11, 11, 11, 12, 11, 11, 12, 10, 10, 11, 12, 10, 11, 12, 13, 13, 12, 12], [13, 10, 13, 10, 11, 13, 12, 13, 12, 10, 11, 10, 13, 13, 10, 10, 11, 12, 12, 13, 12, 13, 13, 10, 12, 13, 13, 11, 11, 12, 10, 11, 12, 11, 12], [13, 10, 10, 12, 11, 11, 10, 12, 11, 10, 12, 13, 13, 13, 11, 10, 13, 10, 13, 10, 11, 11, 12, 10, 10, 11, 11, 13, 13, 12, 12, 12, 12, 12, 12], [10, 11, 10, 12, 10, 11, 13, 10, 11, 12, 11, 10, 10, 13, 11, 13, 13, 11, 10, 11, 10, 12, 12, 13, 12, 11, 13, 10, 12, 12, 12, 10, 11, 13, 13], [12, 11, 11, 12, 10, 12, 13, 13, 12, 13, 11, 11, 13, 10, 12, 13, 12, 13, 11, 11, 13, 10, 10, 11, 12, 10, 10, 13, 13, 11, 12, 13, 10, 12, 13], [13, 11, 13, 10, 11, 10, 10, 11, 10, 12, 13, 12, 13, 11, 13, 12, 12, 10, 12, 12, 13, 13, 10, 10, 12, 10, 12, 10, 13, 10, 11, 12, 13, 13, 12], [10, 12, 10, 11, 13, 13, 13, 12, 10, 13, 12, 10, 10, 12, 11, 11, 13, 10, 10, 11, 12, 11, 11, 10, 12, 13, 12, 10, 13, 13, 11, 12, 13, 10, 12], [11, 13, 11, 11, 13, 13, 12, 10, 10, 13, 12, 11, 12, 13, 10, 11, 11, 13, 13, 10, 11, 12, 13, 10, 12, 12, 12, 10, 10, 11, 13, 12, 10, 13, 12], [12, 10, 12, 10, 11, 12, 11, 13, 10, 10, 12, 10, 12, 12, 11, 13, 13, 13, 12, 10, 13, 12, 11, 12, 12, 12, 11, 13, 10, 12, 11, 11, 10, 11, 10], [10, 10, 13, 13, 10, 10, 13, 13, 11, 10, 13, 11, 12, 11, 11, 13, 13, 13, 13, 13, 12, 10, 11, 10, 13, 13, 13, 12, 13, 11, 10, 13, 10, 10, 12], [10, 10, 10, 10, 12, 10, 10, 10, 10, 12, 11, 12, 10, 11, 11, 13, 12, 10, 13, 13, 12, 11, 10, 12, 12, 10, 12, 13, 13, 10, 13, 13, 10, 11, 11], [11, 10, 11, 10, 12, 10, 12, 10, 13, 10, 11, 12, 10, 11, 10, 11, 11, 11, 10, 11, 10, 11, 11, 12, 11, 13, 11, 11, 13, 11, 10, 13, 11, 10, 13], [10, 11, 11, 11, 10, 12, 12, 11, 11, 11, 11, 10, 10, 10, 11, 12, 11, 10, 12, 10, 12, 13, 12, 11, 11, 12, 13, 12, 11, 13, 11, 11, 12, 11, 10], [12, 11, 12, 13, 10, 11, 13, 13, 13, 13, 11, 12, 12, 11, 13, 12, 11, 11, 13, 11, 10, 13, 12, 13, 13, 11, 10, 11, 11, 13, 12, 10, 11, 12, 10], [10, 11, 10, 12, 11, 11, 10, 13, 11, 10, 13, 11, 13, 11, 12, 10, 13, 10, 13, 13, 13, 12, 11, 11, 11, 13, 10, 10, 10, 11, 13, 12, 13, 10, 12], [10, 12, 12, 12, 11, 13, 13, 12, 11, 13, 10, 10, 12, 12, 13, 13, 12, 10, 13, 10, 11, 12, 10, 12, 13, 12, 10, 10, 10, 12, 10, 13, 11, 12, 12], [11, 12, 13, 10, 11, 12, 12, 13, 10, 10, 11, 12, 10, 11, 13, 12, 10, 11, 13, 11, 11, 10, 12, 12, 12, 10, 11, 13, 11, 11, 10, 11, 11, 12, 10], [11, 10, 10, 11, 13, 13, 10, 11, 11, 12, 12, 10, 13, 13, 13, 12, 10, 12, 11, 11, 12, 10, 11, 13, 12, 12, 10, 12, 10, 11, 10, 13, 13, 11, 12], [12, 13, 12, 11, 10, 11, 10, 12, 10, 13, 10, 10, 13, 12, 13, 13, 11, 12, 13, 13, 13, 12, 11, 10, 11, 13, 12, 10, 13, 13, 13, 11, 13, 10, 10], [11, 11, 10, 12, 11, 13, 12, 13, 12, 12, 12, 11, 11, 11, 10, 13, 12, 10, 12, 11, 10, 13, 12, 12, 13, 10, 13, 12, 12, 11, 13, 12, 12, 10, 11], [10, 12, 11, 13, 11, 13, 12, 11, 12, 11, 11, 12, 12, 11, 10, 11, 13, 13, 12, 10, 11, 10, 11, 13, 11, 12, 12, 11, 13, 10, 11, 13, 12, 13, 10]]
Inventory holding cost per unit of each product by the end of each period h: 
[[6, 8, 5, 5, 9, 7, 7, 6, 5, 6, 9, 6, 8, 5, 8, 9, 9, 9, 9, 6, 9, 5, 9, 5, 7, 8, 5, 9, 8, 6, 8, 9, 8, 7, 8], [9, 5, 5, 7, 5, 8, 5, 9, 5, 9, 8, 5, 9, 8, 7, 9, 6, 8, 9, 5, 8, 5, 8, 6, 7, 6, 6, 7, 8, 8, 5, 7, 8, 5, 8], [7, 7, 5, 8, 6, 6, 7, 9, 6, 7, 5, 9, 8, 8, 5, 8, 5, 7, 8, 6, 6, 7, 9, 8, 7, 5, 7, 8, 5, 8, 5, 9, 8, 8, 9], [6, 8, 8, 6, 9, 5, 5, 5, 8, 8, 5, 6, 5, 6, 9, 6, 6, 7, 7, 5, 7, 7, 9, 8, 6, 7, 7, 7, 7, 5, 9, 6, 6, 7, 8], [6, 9, 6, 6, 6, 9, 6, 7, 7, 8, 7, 9, 7, 7, 7, 5, 7, 6, 8, 8, 7, 6, 5, 6, 8, 6, 7, 5, 8, 9, 8, 5, 5, 9, 9], [7, 8, 6, 8, 5, 7, 8, 8, 6, 9, 8, 6, 6, 9, 9, 5, 6, 7, 7, 6, 9, 6, 8, 7, 6, 6, 7, 5, 9, 5, 5, 5, 7, 6, 5], [9, 8, 7, 5, 9, 5, 8, 8, 7, 8, 7, 5, 8, 8, 9, 6, 6, 8, 8, 8, 8, 9, 9, 7, 7, 6, 9, 7, 9, 9, 6, 8, 8, 5, 7], [9, 5, 7, 9, 7, 7, 8, 8, 6, 9, 8, 9, 8, 7, 9, 9, 8, 5, 8, 9, 6, 6, 6, 9, 9, 5, 7, 6, 5, 9, 5, 9, 6, 6, 6], [6, 8, 5, 5, 8, 8, 6, 7, 5, 5, 6, 9, 6, 7, 7, 5, 5, 6, 8, 9, 9, 7, 9, 8, 5, 5, 8, 5, 5, 5, 9, 6, 5, 9, 8], [6, 9, 5, 6, 9, 5, 6, 8, 9, 5, 7, 9, 5, 6, 5, 6, 8, 5, 9, 5, 6, 8, 5, 9, 7, 7, 5, 5, 9, 7, 8, 8, 8, 5, 8], [7, 6, 5, 9, 9, 7, 7, 8, 9, 6, 8, 6, 5, 9, 9, 7, 8, 5, 9, 9, 7, 8, 7, 9, 9, 5, 9, 5, 5, 5, 7, 8, 5, 9, 6], [7, 6, 6, 5, 8, 6, 5, 6, 9, 8, 9, 7, 7, 7, 9, 7, 5, 7, 7, 7, 5, 6, 5, 9, 8, 8, 6, 5, 6, 9, 6, 7, 8, 7, 7], [7, 7, 6, 8, 6, 5, 7, 9, 5, 9, 5, 9, 8, 7, 5, 6, 6, 6, 9, 8, 9, 7, 5, 8, 5, 9, 6, 8, 8, 7, 9, 9, 6, 9, 5], [8, 8, 9, 6, 5, 6, 6, 8, 8, 7, 7, 6, 9, 5, 7, 5, 7, 9, 8, 6, 7, 6, 7, 8, 5, 8, 6, 8, 9, 6, 8, 6, 6, 6, 7], [9, 5, 6, 5, 6, 9, 7, 8, 5, 7, 6, 5, 5, 7, 5, 5, 8, 7, 8, 5, 7, 7, 8, 8, 5, 6, 8, 8, 9, 6, 9, 5, 9, 5, 7], [9, 6, 9, 6, 6, 6, 7, 8, 5, 6, 9, 8, 6, 6, 6, 7, 6, 9, 9, 9, 9, 9, 8, 5, 9, 9, 5, 7, 7, 9, 9, 5, 8, 6, 5], [6, 5, 7, 5, 9, 7, 9, 9, 8, 7, 9, 9, 9, 5, 8, 9, 8, 5, 9, 8, 6, 9, 7, 7, 8, 6, 8, 6, 9, 5, 9, 8, 6, 6, 5], [8, 8, 6, 9, 5, 5, 7, 7, 7, 7, 9, 8, 8, 9, 8, 6, 8, 7, 5, 7, 8, 5, 5, 5, 8, 5, 9, 8, 5, 7, 8, 6, 9, 6, 9], [6, 9, 5, 6, 6, 8, 5, 5, 6, 5, 7, 9, 6, 8, 9, 8, 5, 6, 7, 6, 7, 7, 9, 5, 7, 7, 8, 6, 7, 8, 5, 6, 7, 7, 9], [6, 8, 5, 7, 5, 8, 7, 8, 9, 5, 5, 6, 9, 8, 9, 5, 9, 7, 5, 6, 9, 8, 9, 5, 9, 5, 5, 5, 8, 6, 6, 6, 7, 8, 6], [9, 6, 8, 8, 8, 5, 5, 6, 5, 8, 7, 5, 8, 7, 7, 7, 5, 9, 8, 7, 9, 9, 9, 8, 6, 8, 6, 5, 8, 5, 8, 9, 5, 8, 5], [9, 9, 6, 8, 5, 6, 7, 8, 9, 6, 9, 8, 5, 8, 9, 7, 7, 7, 8, 8, 7, 8, 6, 6, 5, 6, 7, 7, 8, 8, 7, 8, 8, 8, 8], [6, 9, 8, 6, 7, 7, 8, 7, 8, 5, 8, 9, 5, 7, 9, 8, 7, 7, 7, 5, 8, 5, 6, 5, 5, 7, 8, 8, 8, 6, 9, 6, 6, 8, 9], [7, 7, 6, 8, 7, 5, 6, 5, 8, 6, 7, 7, 7, 6, 9, 6, 6, 8, 6, 9, 8, 9, 9, 6, 9, 8, 6, 5, 5, 5, 5, 6, 6, 5, 7], [9, 6, 7, 6, 5, 6, 9, 9, 7, 7, 7, 6, 7, 9, 6, 8, 5, 8, 8, 7, 5, 5, 6, 7, 7, 6, 7, 6, 6, 9, 7, 6, 6, 9, 5], [6, 9, 8, 9, 5, 8, 7, 8, 8, 8, 8, 8, 9, 9, 5, 8, 5, 7, 7, 8, 7, 7, 6, 5, 8, 7, 7, 9, 6, 8, 5, 5, 8, 9, 5], [8, 8, 6, 9, 7, 9, 9, 7, 9, 6, 6, 5, 8, 8, 5, 5, 6, 7, 5, 9, 8, 8, 5, 6, 7, 5, 6, 8, 5, 5, 5, 7, 9, 8, 9], [5, 7, 5, 9, 7, 9, 9, 7, 7, 5, 5, 6, 5, 7, 6, 8, 5, 7, 5, 9, 9, 8, 5, 6, 7, 6, 9, 9, 9, 6, 7, 7, 8, 6, 8], [9, 8, 6, 6, 5, 8, 9, 8, 9, 9, 6, 6, 8, 9, 7, 7, 7, 9, 5, 5, 8, 5, 5, 5, 9, 9, 8, 6, 9, 8, 6, 7, 7, 9, 9], [8, 6, 8, 5, 7, 9, 5, 5, 7, 9, 7, 9, 5, 6, 6, 9, 5, 9, 9, 9, 9, 5, 5, 9, 7, 5, 9, 8, 6, 9, 5, 6, 7, 9, 5], [5, 6, 9, 9, 6, 6, 7, 5, 6, 5, 8, 8, 6, 5, 8, 6, 6, 6, 9, 6, 5, 9, 6, 6, 7, 6, 5, 6, 8, 6, 5, 6, 6, 7, 6], [5, 9, 5, 5, 8, 5, 8, 7, 5, 9, 5, 9, 5, 7, 5, 8, 9, 8, 9, 7, 8, 8, 8, 6, 8, 5, 9, 6, 7, 8, 9, 9, 7, 6, 6], [5, 8, 9, 7, 5, 9, 7, 5, 8, 5, 7, 9, 8, 9, 7, 6, 7, 7, 7, 5, 6, 7, 7, 6, 9, 9, 6, 8, 7, 8, 7, 5, 8, 7, 7], [9, 7, 5, 9, 6, 6, 5, 8, 5, 7, 5, 6, 8, 5, 9, 6, 9, 8, 7, 9, 6, 5, 5, 5, 5, 8, 5, 7, 7, 8, 6, 5, 6, 5, 7], [9, 9, 7, 7, 7, 5, 6, 8, 6, 8, 8, 6, 9, 9, 8, 8, 9, 7, 9, 9, 9, 8, 9, 9, 5, 8, 9, 6, 9, 5, 8, 6, 7, 8, 8], [6, 9, 6, 5, 6, 5, 5, 6, 9, 8, 6, 9, 9, 5, 7, 5, 7, 6, 5, 9, 5, 6, 7, 7, 9, 7, 8, 9, 5, 6, 9, 9, 6, 6, 8], [9, 8, 7, 8, 9, 5, 5, 5, 6, 5, 6, 7, 5, 6, 7, 6, 7, 9, 8, 8, 7, 7, 5, 8, 9, 5, 5, 7, 6, 9, 6, 5, 5, 7, 6], [8, 9, 6, 9, 7, 9, 6, 8, 6, 6, 6, 8, 5, 7, 5, 7, 7, 7, 5, 7, 7, 7, 7, 8, 8, 6, 9, 6, 6, 5, 9, 8, 7, 6, 7], [7, 8, 9, 6, 5, 9, 7, 8, 8, 6, 7, 5, 5, 7, 7, 5, 9, 5, 6, 6, 7, 8, 8, 5, 7, 9, 6, 8, 8, 6, 8, 9, 9, 7, 5], [5, 5, 8, 9, 6, 6, 8, 7, 7, 7, 9, 9, 8, 8, 9, 6, 7, 5, 5, 6, 6, 9, 5, 5, 8, 6, 8, 5, 9, 7, 9, 9, 9, 7, 6], [9, 6, 8, 6, 6, 5, 9, 5, 9, 7, 7, 5, 5, 8, 6, 7, 6, 7, 6, 9, 8, 7, 9, 5, 9, 9, 7, 6, 8, 5, 6, 5, 7, 6, 7], [9, 9, 9, 7, 7, 9, 9, 5, 6, 9, 8, 6, 5, 8, 9, 8, 8, 9, 5, 7, 9, 7, 7, 9, 8, 8, 5, 9, 5, 9, 8, 5, 6, 7, 8], [6, 9, 6, 9, 8, 8, 6, 9, 8, 8, 9, 6, 9, 8, 6, 6, 7, 6, 7, 6, 5, 6, 5, 8, 6, 9, 9, 9, 6, 7, 9, 9, 9, 7, 6], [6, 9, 9, 7, 9, 5, 9, 6, 9, 7, 6, 7, 9, 6, 5, 5, 7, 6, 6, 7, 6, 9, 7, 8, 6, 5, 8, 9, 8, 5, 6, 5, 9, 6, 8], [9, 6, 8, 6, 6, 6, 8, 6, 7, 6, 6, 9, 9, 8, 5, 6, 5, 7, 5, 9, 5, 9, 9, 5, 5, 9, 5, 8, 9, 5, 6, 9, 5, 9, 9], [5, 9, 7, 7, 8, 6, 6, 9, 7, 5, 9, 8, 7, 5, 6, 9, 6, 6, 8, 5, 6, 6, 8, 5, 6, 9, 7, 7, 7, 6, 8, 7, 6, 8, 8], [7, 8, 5, 7, 9, 5, 8, 9, 8, 8, 8, 8, 7, 5, 6, 8, 9, 9, 5, 5, 6, 5, 7, 7, 5, 9, 7, 9, 6, 9, 6, 5, 8, 6, 6], [5, 5, 9, 9, 6, 9, 6, 8, 9, 9, 5, 8, 6, 6, 5, 8, 5, 8, 9, 5, 6, 7, 6, 9, 7, 9, 7, 6, 5, 9, 8, 7, 9, 8, 7], [6, 6, 7, 5, 5, 9, 7, 9, 5, 7, 8, 6, 8, 7, 7, 8, 6, 5, 6, 9, 8, 6, 7, 5, 5, 5, 8, 8, 5, 6, 9, 9, 5, 6, 5], [6, 8, 9, 7, 6, 5, 9, 8, 7, 5, 7, 6, 9, 6, 8, 5, 7, 6, 5, 6, 7, 5, 9, 8, 8, 9, 6, 5, 9, 5, 6, 7, 7, 8, 5]]
Demand for each product in each period d: 
[[44, 1, 34, 7, 44, 31, 27, 18, 34, 40, 38, 3, 28, 19, 24, 13, 42, 10, 16, 47, 13, 8, 15, 12, 30, 27, 47, 43, 40, 15, 0, 47, 0, 43, 41], [48, 39, 6, 47, 35, 23, 7, 37, 28, 19, 37, 15, 5, 20, 24, 8, 48, 24, 8, 41, 6, 11, 10, 29, 34, 14, 23, 48, 0, 31, 10, 32, 48, 40, 21], [2, 19, 3, 42, 39, 46, 22, 38, 12, 33, 18, 8, 30, 41, 2, 33, 0, 16, 2, 0, 26, 9, 0, 29, 1, 23, 49, 18, 34, 48, 10, 10, 49, 0, 12], [4, 10, 6, 34, 36, 0, 10, 39, 4, 25, 4, 19, 0, 48, 2, 44, 28, 39, 22, 29, 33, 1, 7, 20, 11, 1, 47, 8, 37, 11, 29, 1, 8, 24, 27], [17, 31, 35, 40, 15, 49, 33, 3, 3, 19, 0, 39, 2, 26, 33, 5, 0, 48, 16, 34, 48, 41, 12, 13, 39, 20, 44, 27, 3, 4, 6, 49, 39, 32, 19], [34, 21, 41, 33, 7, 25, 22, 42, 47, 39, 36, 39, 35, 22, 41, 41, 39, 29, 34, 3, 49, 23, 44, 2, 0, 23, 0, 27, 31, 43, 26, 20, 10, 17, 24], [34, 28, 1, 22, 14, 40, 27, 0, 29, 11, 5, 19, 7, 30, 43, 35, 31, 25, 34, 48, 32, 1, 48, 30, 24, 32, 44, 48, 45, 23, 36, 16, 18, 10, 26], [39, 17, 6, 21, 46, 17, 5, 40, 14, 44, 5, 32, 5, 8, 24, 48, 35, 34, 38, 30, 13, 32, 30, 6, 36, 22, 37, 22, 9, 9, 15, 20, 28, 37, 0], [37, 25, 0, 21, 37, 45, 6, 42, 0, 45, 20, 20, 23, 13, 49, 45, 0, 25, 10, 39, 13, 30, 28, 5, 21, 36, 1, 6, 25, 2, 17, 31, 24, 20, 0], [16, 3, 38, 31, 49, 38, 0, 45, 12, 45, 21, 11, 47, 20, 7, 18, 0, 1, 24, 35, 24, 26, 40, 31, 9, 39, 3, 41, 10, 25, 24, 0, 35, 2, 27], [14, 3, 0, 23, 7, 9, 35, 7, 32, 39, 2, 38, 30, 12, 7, 0, 34, 37, 16, 0, 33, 7, 47, 32, 0, 49, 37, 9, 26, 46, 21, 25, 41, 29, 23], [36, 42, 34, 39, 12, 41, 42, 38, 15, 0, 46, 42, 10, 4, 32, 47, 2, 21, 24, 9, 24, 31, 20, 29, 25, 36, 21, 20, 15, 45, 25, 24, 3, 8, 21], [45, 0, 25, 24, 8, 28, 4, 42, 13, 5, 49, 45, 44, 49, 40, 16, 41, 16, 41, 19, 28, 47, 22, 8, 9, 12, 40, 28, 35, 4, 35, 1, 20, 22, 48], [11, 17, 34, 41, 30, 41, 0, 9, 10, 37, 34, 9, 45, 12, 24, 8, 32, 43, 10, 16, 0, 20, 33, 7, 12, 33, 32, 12, 27, 0, 2, 44, 13, 38, 9], [45, 26, 5, 14, 17, 8, 9, 9, 2, 15, 22, 3, 18, 32, 8, 21, 14, 32, 12, 15, 0, 8, 22, 26, 27, 26, 25, 7, 0, 46, 23, 26, 27, 12, 48], [17, 22, 45, 39, 8, 40, 27, 22, 20, 23, 31, 10, 47, 16, 0, 14, 1, 33, 24, 39, 33, 28, 5, 49, 39, 42, 6, 21, 2, 25, 37, 18, 14, 28, 3], [0, 5, 0, 0, 0, 36, 40, 37, 44, 41, 11, 42, 19, 44, 5, 11, 3, 25, 25, 40, 45, 23, 11, 25, 17, 18, 20, 0, 3, 17, 14, 43, 2, 26, 14], [40, 27, 3, 31, 35, 30, 12, 41, 11, 19, 30, 21, 27, 40, 11, 3, 23, 23, 35, 15, 27, 41, 0, 12, 11, 22, 49, 14, 31, 1, 28, 8, 32, 42, 36], [21, 12, 7, 4, 11, 5, 5, 7, 0, 22, 44, 46, 32, 4, 2, 5, 44, 7, 23, 0, 40, 41, 39, 34, 33, 10, 0, 38, 30, 16, 12, 27, 48, 48, 28], [9, 25, 30, 48, 27, 7, 37, 20, 12, 3, 21, 23, 41, 44, 1, 44, 10, 14, 8, 21, 0, 39, 30, 25, 9, 32, 27, 16, 24, 9, 39, 34, 37, 33, 27], [36, 18, 46, 10, 32, 31, 23, 1, 14, 36, 21, 12, 45, 40, 7, 34, 33, 14, 41, 0, 38, 14, 24, 13, 8, 5, 29, 30, 32, 18, 45, 47, 22, 4, 19], [0, 7, 36, 23, 34, 39, 11, 15, 21, 1, 25, 27, 44, 17, 2, 45, 38, 1, 12, 35, 3, 43, 32, 19, 11, 47, 37, 27, 46, 6, 5, 37, 40, 28, 23], [22, 22, 46, 48, 2, 13, 2, 7, 38, 0, 48, 0, 2, 1, 0, 4, 35, 27, 32, 18, 9, 18, 29, 49, 49, 20, 13, 37, 17, 29, 35, 3, 33, 24, 28], [15, 18, 24, 5, 10, 40, 7, 22, 0, 32, 48, 48, 6, 28, 14, 35, 19, 0, 16, 25, 15, 0, 18, 4, 4, 7, 33, 35, 21, 17, 6, 19, 28, 27, 45], [13, 0, 17, 48, 12, 40, 39, 30, 5, 17, 1, 26, 45, 7, 45, 27, 5, 24, 21, 4, 5, 18, 13, 24, 7, 37, 47, 0, 24, 29, 47, 13, 47, 45, 7], [22, 7, 37, 7, 44, 12, 18, 10, 30, 25, 17, 29, 0, 1, 35, 26, 39, 24, 24, 3, 12, 6, 35, 7, 44, 26, 42, 45, 4, 17, 21, 28, 48, 15, 3], [33, 3, 45, 26, 28, 0, 35, 21, 43, 0, 6, 2, 31, 23, 34, 3, 36, 39, 41, 10, 30, 42, 6, 17, 46, 1, 15, 3, 42, 24, 28, 0, 18, 29, 19], [25, 22, 42, 5, 39, 10, 28, 28, 18, 49, 32, 32, 1, 14, 28, 13, 15, 40, 44, 16, 28, 49, 14, 10, 23, 27, 27, 48, 32, 18, 41, 49, 32, 14, 23], [30, 18, 0, 0, 45, 10, 44, 0, 12, 36, 28, 45, 18, 21, 3, 35, 6, 7, 10, 9, 19, 12, 7, 18, 12, 10, 41, 37, 21, 36, 11, 24, 3, 36, 20], [40, 24, 27, 40, 17, 43, 30, 25, 7, 24, 12, 0, 24, 13, 0, 43, 43, 7, 42, 11, 0, 37, 33, 41, 44, 4, 26, 24, 12, 46, 5, 23, 13, 45, 2], [27, 33, 12, 0, 31, 0, 47, 9, 46, 42, 16, 10, 0, 37, 20, 11, 28, 47, 24, 49, 3, 1, 17, 37, 34, 32, 20, 32, 21, 18, 38, 0, 8, 37, 43], [22, 0, 21, 27, 29, 35, 37, 49, 36, 35, 27, 11, 43, 39, 25, 7, 25, 36, 46, 18, 0, 37, 12, 43, 12, 6, 33, 10, 39, 15, 0, 0, 26, 29, 27], [30, 30, 11, 24, 40, 22, 6, 4, 31, 4, 11, 24, 40, 5, 19, 42, 20, 13, 0, 0, 18, 0, 19, 0, 2, 26, 38, 40, 35, 0, 21, 0, 18, 38, 17], [5, 42, 0, 37, 39, 40, 14, 0, 40, 3, 23, 42, 0, 31, 8, 35, 26, 0, 24, 8, 31, 0, 40, 47, 37, 35, 28, 0, 19, 46, 35, 21, 45, 33, 30], [0, 2, 22, 41, 25, 4, 12, 21, 40, 8, 17, 9, 0, 14, 36, 37, 29, 2, 2, 30, 9, 27, 37, 4, 11, 6, 2, 8, 11, 26, 9, 44, 30, 47, 9], [21, 43, 30, 26, 48, 0, 20, 35, 38, 12, 22, 24, 2, 37, 14, 36, 46, 42, 3, 21, 15, 14, 39, 45, 29, 42, 14, 32, 36, 48, 32, 10, 16, 6, 31], [30, 43, 33, 38, 7, 48, 31, 18, 30, 29, 0, 9, 22, 11, 28, 0, 20, 46, 45, 24, 2, 12, 34, 40, 4, 13, 14, 2, 39, 35, 0, 17, 32, 39, 40], [0, 41, 15, 32, 11, 0, 40, 0, 31, 39, 7, 38, 44, 33, 38, 0, 36, 41, 37, 46, 37, 32, 43, 7, 41, 32, 35, 2, 19, 15, 10, 48, 37, 49, 13], [17, 29, 9, 1, 14, 42, 42, 25, 15, 10, 45, 3, 27, 34, 9, 27, 8, 32, 20, 25, 31, 32, 21, 45, 9, 16, 45, 44, 27, 16, 41, 27, 49, 18, 43], [3, 21, 7, 26, 48, 2, 3, 1, 4, 33, 30, 18, 14, 41, 14, 20, 26, 10, 31, 40, 45, 17, 15, 33, 40, 45, 44, 47, 33, 47, 49, 31, 16, 44, 49], [25, 41, 48, 8, 0, 37, 25, 26, 13, 25, 11, 8, 31, 47, 23, 39, 3, 7, 6, 2, 41, 36, 13, 15, 33, 33, 31, 10, 11, 45, 0, 49, 25, 31, 36], [39, 16, 4, 33, 12, 0, 11, 1, 3, 1, 42, 4, 10, 4, 2, 27, 18, 16, 23, 25, 5, 10, 14, 43, 1, 47, 42, 26, 13, 3, 0, 8, 41, 21, 37], [15, 27, 40, 0, 9, 28, 46, 17, 47, 10, 15, 14, 27, 7, 3, 15, 0, 11, 5, 47, 9, 16, 11, 13, 40, 8, 47, 5, 24, 31, 5, 40, 34, 0, 46], [0, 7, 15, 27, 6, 26, 1, 12, 32, 32, 43, 32, 0, 42, 3, 34, 23, 32, 37, 38, 32, 48, 42, 25, 18, 9, 19, 48, 30, 13, 0, 12, 8, 46, 42], [3, 18, 15, 36, 47, 45, 46, 6, 6, 2, 20, 45, 41, 3, 32, 9, 47, 14, 12, 10, 1, 44, 41, 21, 29, 9, 26, 34, 49, 20, 22, 28, 4, 48, 48], [3, 17, 17, 11, 1, 49, 5, 9, 18, 0, 48, 41, 25, 49, 33, 31, 4, 36, 0, 42, 0, 2, 23, 40, 9, 26, 43, 10, 0, 47, 44, 43, 21, 48, 14], [45, 4, 34, 10, 4, 9, 29, 33, 46, 37, 47, 44, 10, 40, 17, 0, 45, 40, 38, 9, 22, 9, 37, 0, 1, 13, 1, 41, 0, 22, 13, 22, 32, 44, 45], [9, 11, 32, 44, 46, 33, 25, 0, 41, 30, 17, 21, 28, 6, 27, 29, 36, 20, 38, 33, 41, 16, 31, 37, 48, 23, 2, 13, 15, 23, 28, 45, 15, 7, 10], [5, 0, 34, 45, 8, 40, 0, 16, 18, 1, 38, 18, 31, 8, 42, 42, 47, 32, 45, 32, 41, 21, 19, 37, 14, 1, 11, 27, 27, 43, 21, 42, 22, 0, 37], [43, 27, 10, 20, 0, 4, 18, 26, 27, 0, 47, 16, 32, 21, 25, 18, 23, 23, 22, 6, 0, 11, 3, 3, 0, 5, 42, 0, 3, 20, 5, 31, 31, 40, 14]]
Maintenance cost in each period m: 
[8407, 10172, 9838, 10116, 7270, 6854, 9249, 7542, 8923, 8362, 8048, 7058, 6548, 9774, 6849, 7585, 7768, 6918, 10061, 6924, 7195, 7065, 7442, 7186, 9938, 8636, 6380, 9733, 7200, 8505, 10210, 8745, 7344, 8529, 9304]
Maximum capacity of the machine cmax: 
2200