Set of periods in the planning horizon T: 
35
Set of products P: 
75
Capacity reduction coefficient alpha: 
0.8
Relative decrease of capacity per set up gamma: 
0.3
Capacity reduction coefficient due to product types beta: 
[0.27, 0.31, 0.21, 0.37, 0.31, 0.35, 0.32, 0.21, 0.36, 0.3, 0.25, 0.24, 0.27, 0.37, 0.33, 0.3, 0.32, 0.39, 0.2, 0.26, 0.34, 0.28, 0.27, 0.32, 0.38, 0.35, 0.26, 0.34, 0.24, 0.35, 0.21, 0.31, 0.22, 0.37, 0.27, 0.3, 0.28, 0.22, 0.35, 0.32, 0.26, 0.21, 0.37, 0.21, 0.24, 0.29, 0.34, 0.29, 0.29, 0.4, 0.22, 0.2, 0.21, 0.29, 0.39, 0.39, 0.29, 0.29, 0.35, 0.36, 0.2, 0.33, 0.39, 0.26, 0.3, 0.25, 0.31, 0.2, 0.39, 0.27, 0.38, 0.22, 0.33, 0.36, 0.39]
Fixed production cost of each product in each period f: 
[[845, 911, 921, 659, 990, 818, 644, 712, 781, 548, 893, 750, 545, 797, 522, 587, 967, 829, 536, 534, 882, 876, 833, 712, 797, 546, 607, 900, 937, 938, 970, 870, 759, 924, 636], [639, 674, 795, 655, 577, 832, 729, 792, 928, 936, 587, 753, 894, 774, 869, 753, 830, 775, 618, 609, 825, 699, 598, 512, 525, 673, 840, 620, 787, 854, 951, 686, 715, 879, 856], [789, 615, 907, 599, 512, 551, 737, 810, 532, 582, 807, 838, 528, 953, 643, 810, 858, 629, 712, 801, 709, 980, 880, 840, 839, 742, 737, 713, 788, 859, 878, 650, 557, 871, 924], [671, 700, 825, 746, 979, 767, 891, 619, 735, 639, 746, 838, 514, 540, 992, 728, 648, 806, 912, 844, 505, 666, 601, 625, 623, 554, 872, 870, 870, 626, 691, 727, 849, 717, 795], [542, 659, 985, 584, 605, 701, 643, 796, 978, 815, 803, 913, 620, 566, 791, 859, 683, 527, 592, 720, 985, 969, 781, 903, 863, 570, 650, 599, 567, 780, 916, 990, 929, 711, 693], [588, 589, 874, 839, 645, 537, 760, 691, 846, 829, 834, 797, 875, 921, 951, 847, 921, 830, 838, 773, 675, 700, 867, 531, 558, 692, 808, 916, 927, 991, 642, 721, 978, 858, 709], [871, 568, 621, 844, 673, 589, 841, 588, 647, 600, 649, 587, 596, 846, 854, 604, 698, 776, 890, 976, 507, 907, 522, 950, 848, 720, 510, 735, 668, 811, 847, 555, 867, 739, 939], [734, 817, 828, 617, 986, 958, 940, 659, 642, 691, 701, 614, 830, 705, 551, 759, 737, 544, 548, 530, 651, 911, 530, 604, 929, 765, 979, 621, 782, 996, 811, 996, 606, 559, 887], [703, 678, 884, 642, 564, 615, 512, 625, 509, 815, 806, 570, 620, 630, 560, 514, 587, 905, 649, 787, 923, 512, 694, 766, 900, 730, 606, 722, 896, 938, 733, 680, 922, 782, 503], [763, 739, 810, 772, 502, 654, 663, 524, 921, 690, 714, 678, 602, 687, 966, 626, 754, 571, 524, 591, 557, 731, 657, 683, 554, 851, 735, 865, 798, 529, 885, 724, 662, 969, 654], [616, 981, 594, 516, 911, 534, 961, 608, 532, 872, 596, 591, 883, 748, 651, 604, 752, 583, 529, 794, 688, 886, 635, 524, 900, 553, 743, 753, 743, 957, 530, 541, 639, 925, 901], [823, 697, 822, 654, 727, 968, 609, 584, 649, 717, 630, 770, 589, 518, 993, 568, 753, 664, 696, 601, 761, 973, 842, 500, 854, 770, 837, 900, 676, 833, 800, 806, 859, 682, 659], [689, 570, 914, 750, 983, 717, 628, 547, 685, 843, 742, 897, 537, 917, 529, 545, 654, 633, 916, 604, 872, 815, 908, 533, 879, 595, 649, 747, 788, 562, 531, 790, 957, 797, 752], [795, 762, 861, 632, 678, 639, 752, 889, 666, 656, 862, 907, 678, 925, 671, 567, 777, 955, 628, 942, 810, 880, 628, 610, 636, 707, 582, 778, 703, 696, 618, 876, 959, 639, 505], [791, 543, 505, 955, 996, 564, 878, 604, 663, 754, 930, 505, 586, 769, 540, 645, 568, 939, 751, 844, 867, 973, 673, 968, 959, 908, 558, 912, 605, 950, 515, 783, 789, 637, 622], [762, 886, 521, 668, 929, 802, 870, 779, 746, 772, 619, 670, 806, 990, 980, 863, 719, 843, 520, 998, 908, 820, 963, 784, 665, 691, 729, 962, 866, 504, 527, 640, 585, 685, 771], [887, 818, 682, 797, 851, 698, 851, 671, 678, 836, 910, 926, 729, 923, 807, 864, 799, 652, 719, 606, 939, 842, 688, 602, 538, 638, 616, 897, 569, 916, 820, 905, 986, 893, 718], [839, 624, 676, 904, 886, 507, 758, 981, 946, 938, 738, 562, 653, 548, 520, 604, 535, 760, 711, 838, 607, 670, 920, 849, 968, 853, 931, 843, 681, 955, 894, 756, 718, 753, 675], [592, 984, 686, 749, 972, 939, 732, 532, 552, 548, 594, 957, 576, 618, 766, 695, 806, 624, 945, 720, 520, 505, 515, 538, 781, 863, 735, 818, 811, 666, 978, 958, 740, 616, 758], [833, 987, 611, 918, 674, 915, 963, 748, 800, 963, 937, 681, 528, 916, 807, 936, 881, 853, 610, 998, 541, 898, 517, 899, 693, 542, 526, 865, 526, 527, 513, 660, 918, 695, 746], [725, 577, 660, 613, 755, 776, 966, 746, 959, 786, 739, 983, 910, 981, 796, 878, 718, 771, 781, 811, 845, 756, 523, 868, 680, 902, 858, 932, 670, 509, 829, 971, 887, 896, 558], [724, 633, 658, 841, 807, 866, 550, 542, 671, 653, 965, 946, 769, 892, 704, 979, 516, 763, 968, 545, 617, 553, 953, 831, 860, 872, 981, 861, 695, 660, 813, 946, 931, 620, 914], [719, 850, 572, 816, 786, 868, 610, 948, 833, 890, 992, 868, 652, 737, 544, 889, 791, 612, 936, 520, 742, 584, 562, 751, 810, 809, 585, 744, 907, 749, 964, 787, 553, 774, 796], [551, 844, 659, 712, 688, 722, 927, 747, 526, 689, 532, 551, 835, 768, 809, 994, 739, 730, 589, 808, 947, 605, 778, 703, 536, 693, 847, 578, 933, 616, 879, 951, 648, 601, 560], [509, 968, 977, 621, 509, 694, 540, 794, 915, 744, 729, 952, 677, 792, 908, 589, 772, 835, 616, 956, 685, 914, 887, 982, 927, 851, 787, 867, 986, 865, 647, 981, 904, 767, 642], [696, 841, 969, 990, 665, 692, 756, 925, 738, 685, 986, 953, 913, 729, 781, 664, 966, 507, 937, 531, 901, 985, 879, 588, 962, 556, 927, 877, 501, 947, 848, 904, 889, 502, 729], [872, 613, 945, 621, 778, 551, 982, 989, 544, 752, 833, 930, 500, 643, 697, 729, 959, 520, 972, 617, 754, 831, 912, 653, 874, 904, 618, 651, 651, 592, 843, 748, 742, 598, 615], [630, 919, 618, 742, 878, 936, 722, 663, 684, 855, 503, 923, 922, 782, 637, 573, 626, 989, 553, 965, 567, 998, 553, 978, 780, 529, 731, 794, 750, 989, 782, 867, 581, 748, 818], [585, 868, 952, 617, 944, 945, 896, 955, 889, 908, 692, 628, 622, 618, 851, 958, 965, 814, 857, 668, 509, 874, 808, 755, 859, 715, 573, 609, 549, 802, 569, 512, 959, 623, 962], [811, 558, 828, 759, 994, 516, 753, 792, 943, 729, 509, 854, 726, 570, 683, 564, 913, 506, 630, 896, 934, 677, 974, 571, 874, 673, 757, 875, 812, 898, 592, 628, 745, 692, 911], [633, 929, 628, 799, 604, 945, 735, 805, 864, 668, 594, 914, 863, 978, 722, 826, 869, 679, 994, 643, 753, 751, 722, 932, 528, 536, 748, 819, 643, 965, 532, 935, 762, 939, 760], [683, 919, 585, 628, 567, 602, 908, 934, 881, 542, 703, 863, 901, 646, 784, 797, 959, 780, 817, 948, 595, 932, 537, 831, 785, 630, 630, 695, 687, 819, 545, 756, 941, 849, 865], [599, 676, 875, 732, 746, 633, 757, 531, 858, 980, 867, 863, 775, 962, 518, 746, 635, 700, 521, 532, 906, 745, 555, 509, 998, 893, 644, 829, 627, 996, 759, 609, 828, 940, 504], [877, 938, 829, 606, 942, 881, 857, 533, 794, 832, 595, 567, 677, 555, 505, 658, 855, 775, 734, 818, 840, 702, 649, 629, 682, 791, 698, 893, 664, 754, 960, 585, 677, 942, 548], [527, 668, 952, 994, 551, 683, 525, 614, 673, 712, 795, 704, 895, 830, 547, 584, 948, 779, 648, 812, 626, 542, 544, 693, 665, 691, 574, 880, 610, 569, 858, 606, 832, 939, 555], [747, 930, 844, 947, 828, 657, 925, 943, 577, 984, 554, 793, 591, 878, 798, 503, 893, 763, 988, 744, 562, 681, 604, 702, 940, 631, 829, 646, 826, 665, 647, 537, 855, 755, 615], [782, 762, 793, 552, 834, 959, 961, 673, 555, 748, 965, 656, 615, 754, 584, 867, 505, 914, 810, 833, 595, 856, 938, 881, 994, 752, 935, 784, 726, 908, 570, 943, 536, 707, 801], [844, 913, 836, 860, 552, 889, 913, 848, 878, 754, 800, 729, 945, 519, 581, 556, 539, 755, 760, 538, 654, 992, 756, 724, 634, 561, 921, 836, 636, 676, 806, 554, 727, 679, 862], [834, 669, 786, 972, 651, 624, 533, 581, 882, 744, 885, 624, 601, 891, 631, 843, 564, 786, 567, 715, 548, 661, 566, 698, 934, 809, 616, 598, 906, 613, 659, 996, 503, 958, 515], [913, 626, 576, 588, 532, 509, 956, 652, 646, 929, 925, 607, 647, 632, 636, 906, 698, 785, 526, 835, 690, 863, 548, 717, 513, 978, 884, 708, 979, 534, 657, 647, 992, 603, 828], [636, 907, 795, 654, 793, 570, 912, 536, 984, 827, 873, 811, 673, 997, 870, 707, 666, 598, 711, 771, 708, 737, 849, 976, 977, 625, 906, 859, 865, 684, 948, 624, 834, 786, 783], [585, 872, 856, 918, 815, 809, 823, 585, 841, 908, 562, 630, 760, 982, 895, 842, 807, 918, 989, 903, 568, 795, 652, 865, 799, 736, 507, 825, 857, 737, 595, 640, 702, 618, 951], [619, 566, 683, 934, 857, 752, 539, 937, 736, 834, 514, 769, 930, 668, 646, 574, 759, 504, 741, 900, 907, 608, 918, 761, 932, 718, 784, 797, 582, 600, 609, 716, 951, 736, 909], [698, 790, 866, 961, 994, 642, 550, 953, 868, 958, 712, 921, 589, 713, 761, 990, 593, 869, 820, 986, 688, 591, 735, 754, 655, 760, 575, 688, 636, 872, 932, 939, 882, 992, 737], [967, 776, 583, 690, 835, 787, 702, 800, 843, 540, 755, 812, 968, 745, 800, 929, 729, 515, 508, 583, 771, 501, 781, 741, 762, 679, 698, 700, 638, 948, 530, 632, 814, 852, 618], [968, 981, 570, 698, 698, 723, 511, 570, 975, 585, 745, 960, 871, 539, 924, 751, 609, 681, 608, 777, 715, 524, 654, 736, 655, 751, 948, 652, 546, 800, 934, 949, 684, 594, 703], [816, 564, 653, 813, 834, 972, 689, 960, 527, 733, 561, 628, 724, 779, 861, 683, 794, 769, 808, 718, 623, 689, 508, 941, 884, 766, 744, 628, 764, 739, 887, 897, 711, 510, 661], [948, 559, 712, 736, 743, 512, 591, 765, 509, 883, 577, 812, 877, 551, 579, 721, 527, 829, 667, 857, 876, 511, 726, 662, 933, 849, 774, 912, 979, 552, 834, 648, 572, 865, 729], [692, 625, 610, 742, 873, 757, 944, 816, 756, 540, 714, 761, 507, 799, 697, 649, 698, 503, 716, 791, 965, 781, 696, 785, 727, 745, 719, 620, 741, 935, 502, 528, 946, 603, 510], [663, 589, 955, 862, 698, 541, 580, 503, 678, 758, 667, 938, 621, 667, 889, 751, 827, 974, 502, 995, 985, 503, 624, 688, 678, 849, 705, 539, 854, 867, 820, 595, 797, 542, 734], [656, 854, 831, 982, 702, 902, 587, 934, 661, 934, 770, 502, 719, 731, 526, 740, 785, 734, 674, 826, 645, 789, 665, 865, 735, 802, 553, 797, 942, 689, 644, 694, 974, 806, 552], [875, 812, 849, 976, 732, 671, 671, 513, 775, 857, 660, 676, 786, 783, 715, 819, 894, 856, 580, 709, 942, 753, 518, 722, 835, 678, 590, 621, 752, 765, 988, 816, 633, 912, 625], [590, 656, 616, 976, 636, 999, 545, 699, 656, 630, 641, 775, 933, 510, 998, 866, 622, 918, 734, 940, 918, 652, 623, 978, 692, 632, 723, 625, 744, 574, 507, 824, 715, 832, 803], [758, 830, 666, 897, 589, 529, 864, 597, 605, 836, 934, 569, 899, 730, 694, 602, 919, 881, 653, 865, 948, 890, 875, 778, 641, 747, 717, 564, 797, 698, 832, 699, 931, 647, 742], [938, 730, 577, 972, 667, 943, 543, 869, 693, 629, 998, 789, 655, 515, 769, 752, 539, 928, 670, 713, 851, 946, 804, 593, 879, 572, 656, 721, 721, 896, 519, 876, 951, 770, 952], [594, 765, 838, 955, 934, 538, 624, 557, 637, 642, 570, 500, 654, 725, 520, 807, 838, 561, 562, 870, 708, 914, 872, 883, 830, 762, 520, 990, 690, 672, 820, 682, 772, 886, 639], [754, 743, 871, 666, 874, 699, 724, 718, 628, 556, 542, 788, 764, 605, 688, 672, 906, 866, 876, 762, 880, 508, 960, 707, 616, 954, 711, 719, 777, 605, 587, 773, 932, 759, 897], [500, 845, 969, 682, 667, 785, 700, 518, 584, 976, 693, 746, 756, 634, 756, 819, 798, 760, 914, 666, 925, 941, 527, 876, 749, 871, 526, 747, 535, 882, 686, 822, 813, 891, 726], [639, 928, 806, 657, 780, 837, 600, 997, 709, 875, 669, 518, 731, 676, 752, 517, 944, 612, 743, 632, 560, 518, 895, 950, 694, 854, 566, 912, 954, 991, 557, 959, 789, 896, 926], [680, 527, 863, 876, 532, 679, 650, 757, 659, 605, 970, 756, 863, 704, 663, 543, 992, 916, 701, 852, 769, 763, 796, 673, 874, 571, 927, 621, 745, 689, 511, 879, 815, 660, 662], [930, 684, 614, 576, 959, 909, 615, 534, 689, 930, 851, 556, 609, 618, 709, 667, 729, 745, 867, 996, 908, 706, 710, 660, 688, 720, 811, 786, 910, 647, 964, 998, 848, 698, 552], [619, 905, 898, 811, 937, 708, 997, 662, 888, 758, 740, 903, 522, 734, 638, 630, 683, 558, 784, 586, 771, 592, 545, 594, 691, 512, 951, 523, 968, 569, 932, 625, 843, 817, 535], [631, 702, 585, 834, 898, 628, 687, 676, 806, 564, 555, 903, 821, 867, 663, 931, 732, 892, 930, 586, 548, 652, 666, 818, 798, 863, 869, 592, 693, 907, 705, 828, 633, 621, 702], [819, 863, 751, 645, 586, 946, 644, 706, 790, 697, 907, 810, 828, 861, 615, 883, 966, 591, 517, 701, 762, 535, 571, 686, 940, 570, 831, 763, 545, 866, 718, 526, 669, 928, 769], [753, 863, 652, 791, 670, 787, 608, 804, 921, 974, 841, 959, 682, 747, 517, 910, 848, 901, 895, 992, 912, 779, 874, 970, 563, 855, 867, 898, 798, 773, 959, 788, 512, 524, 521], [668, 694, 982, 883, 984, 592, 713, 929, 587, 967, 727, 609, 978, 861, 735, 513, 921, 747, 660, 908, 699, 608, 713, 695, 903, 914, 663, 883, 544, 987, 761, 583, 617, 633, 883], [574, 818, 864, 648, 673, 734, 635, 718, 627, 734, 945, 986, 865, 968, 896, 700, 651, 738, 737, 821, 773, 619, 693, 505, 800, 615, 725, 871, 850, 735, 606, 658, 673, 702, 663], [656, 694, 511, 974, 566, 777, 505, 669, 694, 879, 524, 815, 538, 534, 728, 651, 962, 757, 609, 654, 837, 504, 899, 762, 596, 816, 908, 597, 629, 509, 762, 614, 619, 507, 751], [580, 806, 763, 684, 714, 822, 672, 677, 724, 910, 962, 555, 512, 697, 666, 668, 910, 683, 921, 839, 875, 692, 900, 577, 693, 596, 681, 915, 846, 949, 586, 994, 881, 564, 774], [907, 908, 764, 786, 860, 667, 526, 537, 720, 680, 736, 734, 621, 511, 561, 836, 981, 635, 732, 920, 864, 929, 934, 640, 501, 860, 800, 818, 708, 873, 708, 943, 687, 631, 579], [639, 855, 525, 744, 573, 976, 655, 767, 842, 737, 668, 592, 797, 557, 801, 504, 889, 756, 516, 603, 944, 641, 893, 680, 556, 650, 519, 696, 580, 830, 727, 835, 924, 561, 932], [544, 729, 700, 848, 671, 837, 957, 690, 909, 663, 843, 663, 670, 840, 539, 794, 762, 555, 743, 559, 997, 722, 630, 818, 948, 778, 702, 994, 872, 554, 695, 728, 912, 714, 523], [821, 590, 569, 616, 846, 951, 978, 951, 954, 634, 795, 724, 751, 673, 919, 543, 501, 544, 532, 608, 990, 566, 781, 990, 579, 910, 658, 717, 716, 664, 662, 566, 915, 669, 693], [762, 769, 752, 842, 649, 881, 982, 597, 840, 593, 630, 523, 661, 792, 903, 842, 755, 917, 621, 963, 756, 600, 894, 790, 947, 671, 849, 540, 725, 569, 648, 721, 991, 848, 511], [909, 848, 954, 680, 896, 844, 655, 604, 555, 558, 957, 755, 912, 830, 833, 752, 507, 741, 976, 709, 718, 903, 954, 599, 815, 827, 993, 827, 870, 692, 840, 928, 709, 828, 716]]
Variable production cost per unit of each product in each period p: 
[[12, 10, 12, 10, 11, 12, 10, 10, 11, 13, 10, 13, 13, 11, 10, 13, 13, 13, 11, 11, 10, 13, 10, 10, 12, 12, 13, 10, 10, 13, 12, 10, 10, 10, 10], [13, 12, 13, 11, 13, 13, 11, 12, 11, 10, 11, 13, 10, 10, 12, 13, 12, 10, 10, 11, 11, 11, 11, 12, 11, 10, 10, 13, 12, 11, 12, 12, 13, 12, 11], [10, 10, 10, 10, 12, 10, 10, 10, 10, 12, 12, 12, 13, 13, 13, 11, 11, 10, 10, 11, 11, 11, 11, 11, 11, 11, 12, 10, 13, 13, 10, 12, 11, 13, 12], [10, 13, 12, 11, 11, 11, 11, 12, 12, 10, 12, 10, 12, 13, 10, 10, 10, 11, 13, 10, 11, 12, 13, 11, 13, 13, 10, 12, 12, 12, 13, 10, 13, 12, 11], [12, 12, 13, 10, 13, 11, 10, 13, 13, 13, 13, 11, 11, 12, 11, 10, 13, 13, 13, 11, 13, 13, 10, 10, 10, 10, 10, 10, 10, 12, 12, 12, 11, 10, 13], [13, 12, 12, 13, 10, 12, 10, 13, 11, 13, 12, 10, 11, 12, 13, 11, 11, 13, 11, 12, 10, 11, 10, 13, 12, 11, 10, 10, 12, 11, 10, 12, 12, 12, 10], [11, 12, 10, 13, 11, 13, 13, 13, 12, 10, 10, 13, 10, 13, 11, 11, 11, 12, 13, 13, 13, 12, 12, 13, 11, 13, 10, 12, 10, 10, 12, 13, 13, 11, 11], [12, 11, 12, 13, 13, 11, 12, 10, 12, 11, 12, 10, 11, 12, 10, 11, 12, 11, 10, 12, 11, 12, 11, 11, 13, 11, 13, 13, 10, 11, 13, 10, 13, 13, 10], [10, 13, 12, 10, 13, 13, 11, 11, 13, 10, 10, 11, 13, 10, 11, 10, 10, 10, 10, 11, 13, 12, 13, 12, 11, 11, 12, 11, 10, 13, 12, 11, 10, 13, 10], [10, 11, 13, 11, 12, 13, 12, 11, 13, 12, 10, 12, 11, 12, 11, 10, 11, 10, 13, 12, 11, 12, 13, 11, 12, 13, 12, 12, 11, 12, 13, 11, 12, 10, 12], [13, 12, 12, 13, 10, 12, 10, 11, 12, 13, 10, 10, 13, 12, 12, 10, 12, 10, 10, 10, 12, 11, 11, 12, 10, 11, 13, 13, 12, 11, 13, 13, 12, 10, 12], [12, 11, 13, 11, 12, 10, 13, 11, 13, 10, 13, 10, 12, 11, 10, 12, 12, 12, 13, 12, 11, 10, 11, 11, 13, 10, 11, 12, 13, 11, 13, 10, 13, 13, 11], [10, 10, 13, 11, 11, 10, 10, 13, 11, 13, 10, 12, 12, 10, 11, 10, 11, 10, 11, 12, 11, 12, 13, 11, 13, 11, 12, 12, 10, 13, 11, 11, 12, 12, 11], [12, 11, 12, 11, 10, 10, 10, 13, 13, 10, 12, 13, 11, 11, 13, 13, 12, 13, 10, 12, 11, 10, 10, 12, 13, 11, 12, 10, 11, 12, 13, 13, 13, 11, 10], [10, 11, 12, 10, 11, 12, 12, 10, 13, 13, 12, 13, 12, 12, 13, 12, 10, 11, 11, 12, 12, 13, 11, 11, 13, 12, 10, 12, 10, 12, 10, 10, 11, 11, 10], [11, 12, 11, 12, 11, 12, 13, 10, 13, 12, 13, 13, 12, 10, 11, 10, 11, 13, 12, 12, 13, 12, 13, 10, 11, 11, 10, 13, 12, 11, 13, 10, 13, 13, 13], [11, 13, 13, 10, 10, 13, 10, 11, 13, 12, 10, 10, 12, 11, 13, 13, 12, 12, 12, 10, 12, 13, 11, 13, 12, 12, 13, 10, 10, 12, 13, 11, 13, 10, 10], [12, 12, 11, 13, 11, 10, 10, 11, 13, 10, 13, 10, 12, 13, 12, 13, 12, 10, 11, 11, 12, 11, 13, 13, 11, 11, 12, 12, 11, 13, 10, 11, 10, 13, 11], [12, 12, 13, 13, 11, 12, 11, 10, 10, 11, 13, 10, 13, 12, 13, 12, 11, 12, 10, 12, 10, 13, 10, 11, 10, 13, 12, 11, 13, 10, 12, 10, 13, 11, 11], [10, 12, 11, 10, 10, 10, 13, 10, 12, 10, 13, 12, 13, 10, 12, 11, 12, 11, 12, 13, 12, 10, 12, 12, 12, 12, 10, 12, 10, 10, 13, 10, 13, 13, 12], [10, 10, 13, 13, 13, 11, 12, 11, 10, 12, 12, 13, 11, 13, 11, 12, 12, 10, 10, 12, 10, 10, 12, 10, 11, 11, 13, 13, 12, 12, 10, 10, 13, 10, 11], [12, 13, 13, 12, 12, 12, 10, 10, 10, 13, 11, 13, 11, 11, 10, 13, 11, 12, 13, 10, 13, 11, 11, 12, 10, 12, 10, 12, 13, 10, 13, 11, 10, 10, 12], [12, 12, 11, 10, 10, 12, 13, 10, 13, 11, 12, 13, 11, 10, 13, 12, 13, 13, 13, 12, 11, 13, 11, 12, 12, 13, 13, 11, 10, 13, 10, 12, 11, 12, 11], [12, 10, 12, 12, 11, 10, 11, 12, 10, 13, 11, 13, 13, 10, 10, 11, 12, 13, 13, 11, 10, 10, 10, 10, 11, 13, 11, 11, 12, 12, 10, 13, 13, 11, 12], [12, 10, 12, 12, 10, 11, 10, 12, 12, 13, 10, 13, 10, 10, 10, 11, 10, 12, 13, 11, 13, 13, 11, 13, 10, 13, 12, 11, 11, 12, 13, 11, 13, 13, 12], [10, 13, 11, 10, 12, 12, 12, 13, 11, 10, 13, 11, 13, 13, 10, 12, 13, 13, 11, 11, 13, 13, 10, 13, 12, 13, 10, 10, 12, 12, 10, 11, 12, 10, 13], [11, 11, 11, 11, 10, 10, 10, 12, 11, 10, 12, 10, 10, 11, 11, 12, 13, 11, 12, 12, 11, 11, 10, 13, 13, 12, 10, 13, 12, 13, 10, 12, 13, 10, 11], [12, 13, 12, 12, 10, 12, 11, 13, 10, 10, 11, 13, 11, 13, 12, 13, 10, 10, 13, 13, 13, 13, 10, 13, 13, 12, 12, 13, 12, 13, 11, 13, 10, 13, 13], [13, 10, 10, 12, 11, 12, 13, 10, 11, 10, 12, 11, 12, 13, 12, 12, 12, 13, 11, 13, 13, 13, 13, 12, 10, 10, 13, 11, 12, 10, 13, 11, 12, 12, 13], [13, 12, 10, 10, 12, 10, 12, 10, 12, 12, 10, 11, 10, 10, 12, 10, 13, 11, 12, 12, 13, 12, 10, 12, 10, 12, 12, 13, 13, 12, 12, 12, 12, 12, 11], [13, 12, 13, 13, 10, 12, 10, 10, 10, 10, 13, 10, 10, 10, 10, 12, 13, 12, 11, 13, 13, 12, 11, 12, 12, 10, 10, 11, 10, 10, 13, 12, 10, 12, 11], [11, 12, 10, 12, 12, 10, 10, 12, 10, 10, 11, 10, 10, 12, 10, 11, 12, 11, 11, 11, 13, 11, 12, 13, 12, 11, 10, 10, 12, 13, 11, 12, 10, 10, 13], [11, 13, 10, 10, 13, 13, 10, 13, 10, 10, 10, 11, 10, 10, 12, 12, 13, 11, 11, 12, 11, 10, 13, 11, 13, 10, 11, 13, 10, 13, 10, 10, 12, 13, 12], [12, 13, 12, 12, 13, 12, 11, 10, 10, 13, 12, 10, 13, 11, 11, 10, 11, 10, 12, 13, 12, 10, 10, 11, 13, 11, 12, 11, 12, 10, 10, 11, 11, 11, 10], [13, 10, 12, 10, 12, 13, 12, 12, 11, 12, 10, 12, 10, 12, 11, 10, 10, 11, 13, 13, 12, 11, 12, 10, 11, 10, 12, 12, 13, 12, 11, 10, 10, 11, 13], [11, 12, 10, 11, 12, 10, 12, 13, 13, 10, 11, 10, 11, 13, 11, 11, 12, 10, 11, 11, 12, 12, 13, 13, 12, 13, 10, 11, 13, 11, 13, 13, 13, 12, 11], [13, 10, 10, 10, 10, 10, 13, 11, 11, 12, 11, 13, 11, 10, 11, 11, 11, 13, 11, 11, 10, 10, 10, 13, 10, 13, 10, 12, 10, 12, 10, 13, 10, 10, 10], [13, 13, 10, 11, 11, 11, 13, 11, 13, 12, 13, 11, 10, 13, 10, 10, 13, 11, 13, 11, 11, 13, 13, 11, 10, 11, 12, 12, 10, 11, 10, 12, 12, 13, 13], [12, 13, 12, 12, 13, 12, 12, 11, 10, 10, 12, 12, 13, 10, 10, 10, 12, 10, 12, 11, 11, 12, 10, 13, 11, 12, 11, 12, 13, 11, 11, 12, 10, 11, 11], [12, 10, 11, 10, 13, 11, 11, 11, 13, 12, 12, 10, 13, 10, 11, 12, 13, 10, 11, 13, 12, 13, 11, 13, 10, 13, 10, 12, 13, 12, 11, 13, 13, 13, 12], [12, 13, 11, 13, 10, 10, 13, 13, 10, 12, 13, 12, 10, 13, 10, 12, 10, 12, 12, 12, 12, 12, 13, 10, 11, 12, 12, 12, 13, 13, 13, 10, 13, 12, 10], [11, 11, 13, 10, 12, 12, 11, 11, 12, 12, 10, 11, 12, 12, 13, 10, 10, 13, 13, 13, 13, 10, 11, 12, 11, 11, 11, 12, 11, 12, 12, 12, 13, 11, 13], [11, 13, 13, 11, 13, 11, 10, 13, 11, 11, 10, 11, 10, 13, 12, 10, 12, 11, 10, 12, 11, 12, 10, 10, 13, 13, 13, 12, 11, 13, 13, 11, 13, 11, 12], [13, 12, 12, 13, 13, 10, 11, 11, 11, 10, 12, 11, 10, 12, 10, 13, 11, 13, 10, 13, 12, 13, 10, 13, 10, 10, 10, 13, 11, 12, 11, 12, 13, 12, 13], [12, 11, 10, 13, 12, 12, 10, 12, 11, 11, 11, 11, 11, 13, 12, 13, 10, 13, 13, 12, 11, 12, 13, 11, 10, 10, 10, 13, 12, 10, 10, 10, 12, 11, 11], [10, 12, 10, 13, 10, 11, 12, 12, 12, 10, 13, 10, 12, 12, 12, 12, 11, 10, 13, 13, 10, 12, 11, 12, 10, 13, 10, 11, 12, 11, 12, 12, 13, 12, 13], [12, 12, 11, 13, 11, 10, 12, 13, 12, 10, 13, 11, 11, 11, 12, 13, 12, 12, 13, 12, 11, 11, 10, 13, 10, 10, 12, 10, 11, 13, 10, 11, 10, 11, 13], [10, 12, 11, 12, 12, 10, 13, 10, 10, 11, 10, 11, 11, 13, 12, 12, 10, 13, 11, 11, 13, 12, 10, 12, 13, 10, 10, 11, 12, 13, 12, 13, 10, 12, 10], [12, 10, 11, 12, 10, 13, 11, 10, 12, 11, 13, 10, 11, 10, 12, 13, 11, 10, 10, 12, 13, 11, 10, 11, 10, 10, 10, 11, 12, 10, 12, 13, 13, 10, 10], [12, 12, 11, 13, 10, 11, 11, 13, 11, 11, 10, 13, 10, 13, 12, 13, 13, 10, 13, 10, 11, 10, 12, 10, 11, 12, 13, 11, 11, 13, 11, 10, 13, 11, 10], [11, 12, 11, 11, 11, 12, 13, 13, 13, 11, 13, 10, 11, 12, 13, 10, 12, 12, 11, 13, 13, 13, 12, 12, 12, 10, 10, 13, 13, 11, 13, 13, 12, 13, 10], [13, 10, 11, 13, 13, 13, 13, 13, 13, 12, 11, 13, 11, 12, 12, 12, 13, 13, 13, 13, 11, 13, 13, 10, 10, 11, 11, 11, 12, 13, 13, 12, 12, 12, 10], [13, 13, 12, 11, 12, 13, 10, 12, 10, 12, 12, 11, 13, 11, 13, 13, 12, 12, 10, 10, 13, 11, 10, 10, 12, 11, 10, 10, 11, 13, 11, 11, 12, 10, 11], [12, 12, 11, 10, 12, 10, 11, 11, 13, 11, 11, 13, 12, 10, 13, 13, 13, 13, 12, 13, 10, 13, 12, 13, 10, 10, 11, 12, 13, 12, 10, 10, 11, 13, 11], [13, 12, 12, 12, 10, 12, 13, 11, 12, 11, 12, 11, 10, 13, 12, 12, 12, 13, 13, 10, 11, 10, 13, 11, 12, 13, 10, 11, 10, 13, 11, 11, 11, 11, 10], [12, 11, 10, 11, 12, 13, 11, 11, 13, 12, 13, 12, 10, 11, 11, 11, 11, 11, 13, 13, 12, 11, 11, 11, 13, 11, 12, 10, 10, 12, 10, 13, 11, 12, 11], [12, 11, 12, 11, 13, 12, 10, 11, 13, 13, 12, 11, 13, 13, 10, 10, 11, 12, 10, 11, 10, 10, 12, 12, 13, 10, 10, 11, 13, 12, 13, 10, 12, 11, 11], [12, 12, 11, 11, 11, 10, 10, 12, 12, 13, 12, 10, 13, 10, 12, 13, 11, 10, 12, 13, 11, 12, 13, 11, 12, 12, 12, 11, 10, 13, 10, 11, 10, 11, 13], [11, 13, 11, 11, 12, 10, 13, 10, 10, 12, 11, 12, 12, 13, 11, 11, 10, 10, 12, 12, 12, 10, 12, 13, 11, 13, 12, 12, 13, 13, 10, 12, 11, 13, 13], [10, 12, 13, 11, 11, 11, 12, 10, 11, 11, 13, 12, 13, 10, 10, 10, 11, 13, 10, 13, 12, 11, 11, 12, 12, 12, 10, 13, 13, 12, 13, 10, 10, 13, 13], [11, 10, 11, 13, 10, 11, 12, 11, 11, 12, 11, 13, 13, 10, 13, 11, 12, 10, 12, 12, 10, 13, 13, 11, 13, 10, 10, 10, 11, 10, 10, 12, 13, 10, 13], [11, 13, 13, 11, 10, 11, 10, 12, 11, 12, 10, 11, 12, 12, 13, 10, 11, 13, 12, 10, 11, 12, 12, 10, 11, 10, 13, 12, 11, 10, 11, 10, 11, 12, 13], [10, 12, 11, 12, 10, 10, 13, 12, 13, 10, 11, 13, 13, 10, 13, 11, 13, 11, 10, 10, 11, 13, 12, 13, 13, 13, 12, 13, 10, 13, 11, 11, 11, 12, 11], [13, 11, 11, 11, 11, 13, 12, 13, 10, 11, 13, 12, 12, 11, 11, 10, 11, 13, 12, 10, 11, 12, 10, 10, 13, 10, 13, 11, 10, 13, 12, 13, 12, 13, 11], [11, 11, 13, 10, 12, 10, 11, 10, 13, 10, 13, 10, 13, 10, 11, 10, 13, 11, 13, 12, 12, 10, 13, 13, 11, 12, 12, 12, 11, 11, 11, 12, 13, 11, 11], [12, 13, 12, 10, 11, 11, 10, 10, 13, 13, 13, 10, 13, 11, 10, 12, 10, 13, 10, 11, 12, 10, 12, 10, 12, 12, 12, 13, 13, 13, 11, 10, 10, 11, 13], [11, 11, 10, 10, 12, 13, 12, 10, 11, 13, 11, 12, 13, 13, 12, 11, 13, 10, 12, 12, 12, 11, 13, 11, 12, 13, 13, 13, 10, 11, 13, 12, 12, 13, 10], [10, 12, 13, 13, 12, 10, 11, 10, 10, 12, 11, 13, 13, 12, 12, 11, 11, 11, 13, 12, 12, 10, 11, 12, 13, 11, 11, 12, 12, 10, 11, 12, 10, 13, 12], [13, 12, 12, 10, 10, 10, 12, 11, 12, 10, 10, 12, 11, 13, 10, 12, 10, 12, 11, 12, 13, 12, 11, 13, 10, 10, 13, 11, 10, 10, 11, 13, 10, 10, 11], [11, 10, 13, 13, 11, 13, 13, 12, 12, 11, 12, 10, 10, 10, 11, 11, 13, 11, 10, 11, 13, 10, 12, 13, 13, 13, 11, 12, 12, 13, 10, 12, 13, 11, 10], [10, 11, 12, 13, 10, 10, 11, 12, 12, 11, 10, 10, 13, 13, 12, 11, 11, 11, 11, 13, 13, 12, 10, 11, 11, 13, 11, 10, 11, 12, 10, 10, 13, 13, 11], [12, 11, 10, 12, 12, 13, 10, 13, 10, 10, 13, 12, 10, 11, 10, 10, 13, 11, 11, 10, 13, 11, 11, 10, 13, 13, 11, 11, 11, 13, 10, 13, 11, 12, 13], [12, 11, 11, 10, 10, 11, 13, 10, 11, 13, 12, 13, 13, 11, 12, 12, 10, 13, 12, 12, 11, 13, 13, 10, 13, 10, 13, 12, 11, 13, 12, 12, 10, 10, 11], [13, 12, 13, 10, 13, 11, 13, 12, 12, 13, 13, 11, 13, 12, 12, 13, 13, 12, 11, 10, 13, 11, 10, 10, 10, 13, 12, 10, 10, 11, 10, 13, 12, 13, 11], [13, 10, 12, 12, 10, 13, 12, 12, 11, 13, 13, 13, 13, 13, 12, 11, 13, 12, 11, 13, 11, 12, 13, 13, 12, 13, 11, 10, 11, 13, 12, 10, 10, 13, 10]]
Inventory holding cost per unit of each product by the end of each period h: 
[[6, 9, 8, 6, 7, 6, 7, 9, 8, 8, 7, 5, 5, 6, 7, 8, 9, 8, 7, 9, 6, 6, 8, 8, 7, 6, 8, 5, 8, 8, 8, 5, 6, 5, 7], [5, 9, 7, 7, 6, 8, 9, 6, 6, 9, 9, 5, 5, 5, 5, 5, 8, 8, 9, 9, 7, 8, 7, 9, 7, 9, 7, 5, 7, 8, 8, 7, 9, 7, 7], [7, 9, 6, 9, 9, 8, 9, 7, 7, 8, 6, 8, 7, 9, 9, 7, 9, 8, 8, 8, 7, 6, 7, 6, 7, 8, 5, 7, 9, 6, 7, 7, 8, 9, 6], [5, 8, 7, 9, 8, 9, 7, 7, 8, 5, 5, 6, 6, 5, 8, 7, 6, 8, 9, 6, 7, 8, 7, 9, 6, 9, 8, 6, 5, 6, 7, 7, 8, 8, 8], [5, 9, 9, 9, 9, 5, 7, 7, 9, 8, 5, 6, 8, 5, 6, 9, 9, 8, 8, 8, 5, 6, 7, 6, 7, 9, 6, 7, 9, 7, 8, 9, 6, 7, 9], [7, 9, 5, 5, 5, 9, 6, 9, 5, 8, 6, 8, 5, 8, 5, 5, 5, 9, 8, 7, 9, 9, 7, 7, 6, 7, 9, 9, 5, 6, 9, 6, 8, 5, 5], [7, 5, 9, 8, 8, 9, 6, 8, 6, 6, 7, 9, 5, 9, 7, 7, 9, 6, 6, 9, 7, 8, 5, 7, 5, 6, 8, 5, 7, 8, 9, 5, 6, 5, 9], [8, 6, 8, 8, 7, 6, 7, 7, 7, 9, 6, 6, 8, 7, 5, 6, 5, 9, 8, 8, 7, 8, 7, 9, 8, 9, 9, 7, 5, 9, 5, 8, 8, 6, 9], [9, 6, 8, 7, 6, 6, 9, 6, 7, 9, 6, 8, 9, 7, 8, 6, 7, 6, 8, 7, 8, 9, 5, 5, 9, 8, 6, 8, 9, 5, 7, 5, 8, 7, 6], [7, 9, 9, 5, 8, 8, 7, 6, 7, 8, 7, 7, 7, 5, 8, 7, 7, 7, 9, 7, 7, 8, 8, 8, 7, 7, 8, 6, 6, 8, 6, 7, 9, 7, 8], [9, 9, 8, 5, 7, 6, 7, 6, 9, 7, 6, 5, 8, 5, 9, 6, 7, 5, 9, 9, 6, 9, 6, 9, 7, 7, 6, 7, 9, 5, 9, 8, 6, 8, 5], [9, 6, 7, 8, 7, 6, 7, 5, 9, 8, 6, 9, 9, 8, 9, 7, 7, 8, 8, 8, 7, 7, 8, 9, 6, 6, 7, 5, 8, 8, 8, 7, 6, 8, 5], [9, 5, 5, 6, 8, 6, 9, 9, 6, 5, 6, 5, 6, 6, 9, 5, 7, 5, 9, 7, 8, 7, 6, 8, 7, 7, 9, 8, 9, 6, 9, 8, 6, 6, 9], [7, 7, 7, 8, 7, 7, 9, 6, 7, 5, 5, 8, 9, 6, 9, 5, 5, 6, 9, 6, 6, 9, 9, 6, 7, 8, 5, 9, 6, 8, 7, 9, 9, 6, 7], [6, 9, 9, 5, 9, 6, 9, 5, 6, 5, 7, 6, 6, 8, 9, 7, 6, 8, 8, 8, 7, 6, 6, 9, 6, 9, 8, 7, 9, 7, 7, 6, 9, 7, 9], [9, 9, 9, 8, 9, 8, 6, 9, 7, 6, 5, 8, 8, 7, 5, 9, 6, 6, 6, 6, 5, 6, 5, 8, 8, 6, 6, 6, 6, 5, 8, 9, 8, 9, 7], [7, 5, 7, 5, 9, 5, 5, 8, 9, 7, 9, 5, 7, 6, 6, 9, 7, 8, 6, 7, 5, 8, 5, 7, 8, 6, 7, 8, 9, 9, 9, 7, 5, 5, 6], [8, 6, 9, 8, 6, 9, 7, 7, 6, 9, 5, 8, 5, 6, 7, 6, 9, 5, 9, 8, 6, 8, 6, 7, 7, 5, 7, 5, 8, 7, 7, 8, 7, 7, 8], [9, 8, 6, 6, 7, 9, 9, 9, 9, 5, 8, 9, 8, 5, 8, 7, 9, 8, 5, 6, 9, 9, 6, 5, 5, 6, 7, 7, 8, 7, 6, 9, 6, 5, 6], [8, 5, 6, 5, 9, 5, 9, 8, 5, 6, 9, 6, 8, 7, 8, 5, 9, 9, 7, 6, 9, 6, 9, 6, 5, 8, 6, 9, 5, 7, 6, 5, 5, 6, 9], [5, 9, 7, 8, 8, 8, 6, 8, 6, 6, 7, 6, 9, 8, 8, 5, 7, 9, 7, 7, 8, 7, 6, 9, 8, 7, 9, 5, 8, 8, 5, 6, 6, 5, 5], [9, 5, 5, 9, 5, 9, 8, 9, 8, 8, 9, 7, 8, 8, 6, 5, 8, 5, 7, 5, 6, 9, 8, 9, 9, 7, 7, 6, 7, 9, 8, 5, 8, 7, 9], [7, 5, 5, 9, 8, 8, 8, 5, 7, 6, 9, 5, 5, 7, 7, 9, 8, 5, 6, 5, 8, 6, 9, 5, 6, 8, 8, 5, 8, 5, 7, 5, 9, 7, 8], [5, 8, 5, 7, 6, 9, 6, 7, 9, 8, 6, 7, 8, 9, 5, 9, 8, 7, 8, 9, 6, 8, 8, 5, 7, 8, 9, 9, 6, 9, 8, 9, 6, 9, 8], [9, 5, 7, 8, 5, 5, 8, 8, 7, 5, 5, 6, 7, 6, 5, 5, 5, 5, 7, 8, 6, 9, 6, 9, 8, 9, 7, 9, 5, 6, 5, 5, 9, 8, 5], [7, 6, 9, 8, 7, 8, 6, 9, 5, 9, 9, 6, 5, 6, 9, 5, 9, 6, 8, 5, 7, 6, 5, 9, 6, 8, 7, 7, 9, 5, 5, 8, 8, 6, 7], [9, 5, 8, 8, 5, 5, 8, 8, 9, 5, 5, 5, 7, 8, 8, 9, 9, 6, 8, 8, 6, 5, 8, 9, 7, 9, 9, 6, 5, 5, 5, 8, 6, 6, 5], [5, 7, 7, 6, 8, 9, 5, 6, 7, 9, 6, 9, 8, 9, 6, 8, 8, 5, 9, 6, 5, 5, 9, 7, 9, 7, 6, 9, 7, 7, 8, 9, 8, 8, 8], [9, 6, 8, 8, 8, 9, 6, 8, 9, 8, 8, 5, 5, 9, 6, 7, 7, 5, 5, 7, 6, 6, 8, 6, 9, 8, 5, 8, 8, 5, 7, 5, 7, 9, 9], [6, 8, 6, 7, 9, 5, 9, 8, 9, 7, 6, 8, 9, 5, 6, 8, 9, 8, 6, 9, 8, 7, 8, 7, 7, 9, 9, 5, 9, 6, 6, 8, 8, 5, 6], [5, 9, 5, 6, 6, 8, 7, 6, 8, 9, 6, 5, 5, 6, 7, 7, 6, 8, 9, 5, 8, 6, 7, 6, 8, 9, 7, 6, 9, 8, 8, 8, 5, 8, 8], [9, 9, 8, 9, 7, 9, 6, 5, 5, 5, 9, 5, 6, 5, 9, 6, 5, 6, 9, 8, 9, 7, 9, 8, 5, 5, 9, 7, 6, 9, 6, 7, 8, 7, 9], [8, 8, 8, 5, 5, 8, 9, 6, 9, 5, 8, 6, 8, 8, 9, 7, 8, 8, 9, 5, 5, 6, 8, 8, 6, 7, 6, 7, 6, 8, 9, 7, 5, 7, 7], [7, 8, 7, 7, 5, 5, 6, 7, 7, 6, 9, 9, 7, 6, 6, 7, 7, 7, 7, 7, 7, 9, 9, 5, 6, 8, 9, 7, 5, 9, 5, 5, 8, 9, 9], [8, 5, 7, 9, 8, 8, 9, 9, 5, 9, 6, 7, 7, 5, 5, 5, 6, 9, 7, 9, 9, 7, 6, 5, 9, 7, 5, 8, 6, 7, 5, 9, 9, 6, 8], [7, 6, 5, 8, 9, 8, 5, 5, 8, 6, 7, 6, 6, 8, 9, 7, 6, 6, 9, 8, 8, 5, 8, 9, 6, 8, 5, 6, 8, 9, 7, 8, 7, 7, 7], [9, 8, 9, 7, 9, 5, 5, 8, 8, 7, 8, 9, 5, 5, 8, 7, 7, 7, 6, 8, 9, 8, 9, 9, 6, 5, 8, 8, 9, 7, 5, 7, 9, 8, 9], [7, 7, 7, 6, 6, 7, 6, 6, 7, 6, 7, 8, 8, 9, 7, 5, 7, 7, 9, 8, 7, 8, 5, 8, 7, 6, 9, 7, 8, 8, 9, 9, 5, 5, 9], [6, 9, 7, 9, 6, 5, 8, 9, 6, 8, 5, 5, 5, 7, 9, 8, 5, 6, 8, 5, 9, 8, 8, 6, 5, 7, 5, 7, 8, 9, 5, 7, 8, 8, 9], [6, 9, 7, 5, 9, 8, 7, 7, 8, 8, 6, 7, 5, 7, 6, 9, 8, 7, 6, 5, 5, 9, 8, 7, 8, 5, 6, 7, 9, 9, 8, 8, 9, 8, 7], [8, 8, 8, 9, 6, 6, 9, 8, 5, 6, 9, 7, 9, 6, 7, 7, 8, 5, 7, 5, 6, 7, 7, 5, 9, 9, 5, 8, 9, 5, 7, 9, 8, 7, 5], [9, 7, 7, 6, 7, 9, 7, 5, 9, 5, 7, 6, 7, 9, 7, 7, 9, 5, 8, 8, 8, 9, 5, 9, 5, 7, 9, 8, 9, 9, 7, 9, 8, 7, 9], [5, 5, 8, 9, 9, 8, 7, 9, 7, 6, 7, 6, 9, 6, 6, 7, 6, 5, 5, 9, 6, 9, 9, 8, 9, 5, 7, 9, 5, 6, 5, 5, 8, 7, 8], [7, 5, 9, 7, 8, 5, 7, 5, 9, 6, 8, 8, 7, 7, 8, 9, 6, 9, 5, 5, 9, 5, 6, 5, 9, 6, 6, 6, 9, 6, 9, 7, 5, 6, 9], [9, 8, 5, 9, 7, 5, 8, 5, 6, 6, 5, 9, 8, 5, 9, 6, 7, 9, 9, 9, 8, 6, 7, 7, 5, 6, 7, 7, 5, 5, 7, 5, 7, 8, 7], [6, 6, 5, 9, 5, 6, 6, 8, 5, 9, 8, 5, 8, 7, 9, 9, 9, 9, 9, 9, 7, 6, 9, 9, 8, 5, 5, 5, 8, 9, 8, 8, 8, 9, 6], [6, 5, 5, 6, 6, 7, 8, 5, 6, 7, 7, 7, 6, 8, 5, 8, 5, 6, 6, 6, 6, 7, 8, 9, 9, 6, 9, 8, 8, 9, 6, 9, 7, 7, 8], [9, 8, 9, 7, 5, 6, 5, 9, 9, 5, 6, 9, 6, 7, 6, 5, 8, 9, 5, 8, 5, 7, 9, 7, 7, 9, 5, 9, 9, 5, 5, 9, 7, 7, 8], [8, 5, 9, 5, 9, 7, 9, 9, 5, 6, 7, 6, 5, 9, 7, 6, 8, 6, 6, 5, 6, 5, 7, 7, 7, 7, 7, 8, 5, 9, 9, 8, 8, 5, 6], [5, 5, 7, 6, 8, 8, 7, 5, 9, 8, 5, 9, 8, 7, 6, 5, 8, 8, 6, 5, 6, 8, 5, 5, 5, 7, 6, 5, 5, 7, 9, 7, 8, 6, 5], [9, 5, 5, 9, 9, 5, 8, 8, 6, 6, 5, 9, 6, 7, 5, 7, 5, 8, 7, 9, 9, 8, 8, 6, 6, 6, 9, 8, 5, 5, 9, 5, 8, 8, 6], [5, 9, 6, 6, 7, 5, 7, 7, 6, 9, 8, 9, 6, 5, 6, 7, 5, 9, 7, 5, 6, 6, 9, 8, 6, 6, 5, 6, 7, 6, 5, 5, 5, 7, 5], [9, 9, 5, 5, 6, 5, 5, 9, 6, 7, 6, 5, 6, 5, 8, 8, 7, 5, 5, 5, 7, 5, 5, 5, 5, 9, 5, 5, 9, 8, 5, 7, 7, 8, 7], [9, 8, 5, 6, 9, 7, 6, 7, 5, 6, 8, 8, 7, 7, 5, 9, 8, 7, 9, 9, 6, 8, 9, 5, 5, 5, 7, 8, 7, 5, 8, 7, 5, 6, 6], [6, 8, 8, 8, 6, 7, 6, 6, 6, 6, 8, 5, 5, 6, 8, 7, 9, 7, 9, 8, 5, 8, 5, 5, 8, 9, 9, 9, 6, 5, 7, 8, 8, 5, 7], [9, 9, 8, 8, 7, 6, 7, 5, 7, 7, 9, 6, 6, 9, 8, 9, 9, 7, 7, 6, 9, 8, 9, 5, 9, 8, 7, 5, 7, 8, 8, 7, 7, 9, 8], [8, 7, 9, 5, 5, 9, 5, 9, 6, 5, 8, 8, 7, 6, 6, 6, 7, 7, 6, 8, 8, 7, 7, 8, 8, 6, 6, 8, 7, 8, 9, 8, 9, 5, 6], [5, 9, 6, 9, 5, 7, 7, 6, 5, 6, 9, 7, 7, 5, 6, 7, 7, 8, 8, 5, 6, 9, 6, 5, 6, 5, 8, 7, 6, 5, 5, 5, 6, 6, 5], [7, 8, 7, 8, 8, 6, 9, 6, 6, 7, 7, 5, 8, 6, 9, 7, 7, 9, 9, 8, 8, 5, 5, 6, 9, 7, 8, 9, 7, 9, 5, 5, 8, 7, 6], [7, 6, 5, 7, 9, 6, 7, 5, 6, 9, 6, 8, 7, 8, 6, 9, 8, 6, 7, 6, 9, 8, 5, 8, 7, 7, 9, 6, 9, 5, 6, 5, 8, 7, 9], [9, 5, 8, 5, 9, 8, 6, 6, 6, 5, 8, 9, 9, 6, 7, 9, 6, 8, 9, 7, 6, 6, 6, 8, 9, 6, 8, 5, 9, 6, 7, 8, 6, 5, 6], [7, 7, 8, 6, 7, 9, 6, 6, 7, 7, 5, 5, 6, 9, 9, 5, 5, 6, 6, 6, 5, 8, 6, 8, 5, 5, 8, 5, 9, 5, 5, 9, 8, 7, 5], [6, 9, 8, 6, 6, 8, 7, 6, 8, 8, 9, 8, 8, 6, 8, 9, 6, 5, 8, 6, 8, 9, 6, 7, 6, 5, 5, 6, 5, 5, 6, 9, 8, 6, 8], [5, 8, 5, 5, 9, 8, 5, 7, 6, 7, 6, 7, 7, 7, 5, 9, 7, 9, 6, 9, 9, 7, 6, 8, 5, 5, 8, 7, 8, 6, 7, 7, 9, 6, 9], [9, 9, 7, 6, 5, 5, 6, 5, 5, 5, 8, 5, 9, 6, 8, 5, 9, 9, 7, 9, 9, 5, 8, 5, 9, 7, 5, 6, 5, 8, 8, 7, 6, 6, 6], [6, 9, 7, 8, 8, 6, 6, 5, 8, 8, 8, 5, 7, 7, 9, 8, 7, 5, 6, 8, 6, 5, 5, 7, 5, 8, 8, 8, 9, 9, 8, 5, 7, 9, 7], [7, 5, 5, 9, 9, 7, 8, 6, 5, 9, 5, 7, 9, 8, 5, 6, 8, 5, 7, 9, 5, 6, 6, 8, 6, 8, 5, 6, 5, 8, 8, 9, 7, 7, 5], [5, 8, 9, 7, 5, 8, 8, 6, 6, 7, 9, 7, 9, 7, 5, 5, 8, 7, 9, 7, 8, 7, 6, 8, 9, 9, 5, 6, 8, 6, 8, 6, 6, 7, 6], [8, 8, 7, 5, 6, 5, 5, 5, 5, 7, 8, 9, 9, 6, 7, 8, 9, 8, 8, 7, 5, 6, 8, 7, 7, 5, 7, 7, 7, 9, 9, 9, 6, 7, 8], [6, 5, 5, 8, 6, 6, 5, 8, 6, 5, 6, 5, 9, 9, 6, 8, 8, 6, 6, 6, 6, 6, 8, 9, 5, 8, 5, 5, 7, 8, 6, 9, 5, 8, 8], [7, 7, 5, 6, 7, 9, 8, 6, 8, 8, 5, 8, 7, 6, 7, 5, 7, 6, 7, 8, 9, 7, 6, 7, 9, 5, 9, 5, 6, 6, 6, 7, 6, 7, 6], [5, 6, 7, 6, 8, 5, 9, 8, 9, 8, 9, 5, 9, 8, 9, 5, 7, 5, 5, 8, 9, 7, 6, 7, 6, 6, 8, 9, 7, 6, 9, 9, 5, 9, 6], [9, 7, 5, 6, 8, 9, 6, 7, 5, 8, 8, 7, 5, 9, 8, 9, 9, 6, 9, 6, 9, 8, 9, 5, 9, 6, 9, 7, 9, 7, 9, 8, 5, 7, 6], [8, 5, 7, 9, 8, 8, 9, 9, 6, 7, 7, 8, 6, 8, 8, 6, 9, 5, 8, 8, 6, 8, 5, 7, 5, 7, 7, 9, 5, 7, 9, 5, 5, 5, 8], [9, 5, 5, 9, 6, 5, 6, 5, 8, 9, 7, 9, 8, 7, 6, 5, 9, 5, 9, 9, 5, 9, 7, 9, 8, 5, 8, 7, 6, 9, 5, 7, 8, 7, 6]]
Demand for each product in each period d: 
[[0, 21, 14, 11, 11, 42, 11, 22, 34, 32, 30, 16, 35, 1, 46, 16, 32, 35, 33, 10, 12, 24, 16, 9, 15, 18, 42, 6, 34, 34, 8, 13, 1, 37, 22], [0, 26, 27, 23, 14, 14, 3, 35, 49, 42, 7, 34, 23, 38, 19, 3, 26, 16, 20, 6, 44, 0, 47, 46, 9, 47, 44, 5, 11, 29, 48, 25, 0, 19, 32], [11, 15, 34, 0, 26, 31, 15, 16, 1, 23, 0, 37, 49, 40, 40, 28, 13, 27, 10, 1, 4, 10, 7, 16, 17, 19, 22, 37, 6, 43, 29, 14, 31, 45, 31], [23, 37, 35, 12, 19, 39, 44, 30, 13, 43, 0, 17, 16, 13, 6, 8, 16, 8, 48, 18, 9, 37, 4, 44, 43, 14, 22, 23, 49, 31, 48, 37, 18, 33, 22], [49, 47, 28, 0, 31, 26, 48, 46, 6, 42, 26, 45, 11, 33, 35, 22, 33, 26, 43, 15, 36, 41, 34, 10, 0, 6, 35, 6, 47, 33, 43, 24, 33, 5, 42], [32, 8, 28, 24, 33, 0, 37, 49, 30, 24, 35, 42, 32, 34, 0, 47, 21, 12, 32, 0, 15, 42, 8, 21, 41, 31, 48, 45, 42, 36, 38, 44, 24, 49, 22], [19, 5, 6, 4, 34, 38, 1, 37, 13, 0, 45, 23, 8, 33, 42, 6, 48, 11, 7, 21, 9, 23, 18, 1, 12, 14, 23, 38, 39, 22, 1, 26, 10, 14, 11], [38, 32, 17, 22, 16, 21, 41, 2, 0, 33, 3, 37, 2, 12, 26, 45, 35, 43, 46, 7, 16, 1, 36, 12, 13, 14, 13, 31, 17, 28, 0, 23, 29, 12, 41], [48, 30, 40, 28, 30, 24, 25, 26, 9, 30, 1, 0, 14, 13, 5, 33, 42, 29, 41, 8, 40, 24, 11, 3, 18, 0, 49, 33, 42, 4, 31, 42, 33, 27, 36], [0, 21, 48, 25, 40, 29, 0, 28, 43, 17, 0, 13, 18, 13, 17, 22, 38, 15, 48, 47, 22, 3, 25, 39, 3, 24, 19, 17, 31, 26, 34, 11, 46, 26, 13], [22, 26, 23, 20, 0, 42, 22, 3, 9, 39, 2, 13, 30, 10, 13, 28, 3, 31, 12, 5, 8, 0, 0, 39, 22, 30, 37, 15, 16, 35, 12, 13, 26, 19, 34], [44, 18, 6, 6, 34, 11, 32, 10, 22, 32, 38, 41, 32, 9, 33, 0, 43, 29, 9, 28, 9, 1, 25, 16, 45, 6, 32, 20, 6, 20, 31, 46, 12, 6, 7], [10, 46, 26, 25, 32, 8, 11, 45, 4, 27, 2, 43, 27, 0, 9, 28, 49, 32, 28, 47, 10, 3, 32, 0, 49, 40, 34, 7, 0, 40, 22, 9, 12, 28, 32], [25, 0, 17, 7, 26, 25, 34, 36, 15, 24, 13, 46, 31, 44, 12, 43, 35, 19, 8, 32, 44, 22, 10, 9, 45, 16, 23, 27, 10, 39, 36, 23, 40, 35, 18], [38, 38, 15, 45, 28, 34, 4, 26, 0, 35, 3, 25, 30, 0, 4, 14, 5, 19, 44, 22, 48, 0, 0, 3, 1, 1, 11, 36, 5, 9, 40, 27, 16, 11, 13], [34, 49, 36, 31, 34, 47, 11, 16, 17, 22, 38, 25, 30, 5, 34, 36, 0, 11, 20, 33, 36, 43, 23, 9, 45, 42, 21, 16, 9, 17, 0, 28, 0, 35, 46], [17, 15, 34, 19, 17, 16, 48, 43, 21, 1, 27, 42, 47, 5, 28, 33, 27, 44, 2, 43, 27, 27, 41, 15, 11, 13, 35, 14, 24, 25, 29, 44, 0, 45, 37], [14, 8, 43, 10, 0, 4, 21, 7, 42, 30, 40, 28, 45, 31, 38, 29, 15, 21, 45, 34, 25, 46, 34, 22, 3, 42, 3, 8, 5, 3, 18, 0, 31, 40, 20], [0, 34, 45, 16, 10, 6, 30, 7, 30, 47, 36, 30, 21, 9, 46, 44, 45, 26, 40, 7, 0, 10, 0, 3, 49, 24, 6, 12, 40, 30, 36, 43, 36, 6, 44], [41, 45, 37, 37, 5, 43, 5, 34, 48, 33, 8, 6, 42, 21, 13, 44, 33, 44, 47, 10, 43, 0, 22, 25, 5, 12, 26, 10, 27, 40, 47, 0, 0, 28, 11], [7, 25, 3, 0, 41, 14, 19, 46, 14, 5, 24, 14, 17, 12, 8, 4, 0, 12, 49, 24, 22, 31, 30, 9, 49, 13, 2, 14, 23, 23, 24, 28, 38, 34, 37], [42, 49, 11, 7, 39, 39, 38, 11, 45, 16, 26, 42, 21, 42, 19, 25, 14, 9, 42, 40, 35, 38, 15, 43, 47, 43, 7, 30, 14, 26, 11, 18, 38, 13, 43], [28, 14, 0, 41, 23, 9, 44, 39, 21, 41, 40, 0, 28, 43, 40, 23, 1, 22, 23, 7, 22, 8, 43, 11, 19, 14, 32, 15, 0, 0, 18, 10, 35, 31, 37], [33, 8, 14, 25, 5, 31, 12, 0, 29, 12, 31, 5, 16, 47, 40, 11, 10, 17, 29, 0, 5, 27, 4, 34, 12, 36, 6, 7, 5, 0, 30, 37, 14, 12, 0], [25, 27, 43, 34, 5, 22, 35, 25, 45, 26, 45, 32, 36, 33, 43, 43, 33, 38, 25, 18, 6, 37, 44, 4, 35, 0, 16, 11, 33, 44, 11, 12, 30, 13, 9], [8, 2, 15, 41, 11, 15, 11, 38, 7, 26, 10, 48, 40, 27, 45, 28, 0, 28, 33, 8, 49, 45, 30, 0, 8, 27, 3, 33, 38, 13, 25, 42, 33, 20, 15], [43, 30, 25, 37, 17, 31, 34, 22, 14, 45, 41, 35, 14, 30, 0, 48, 1, 37, 38, 21, 20, 24, 31, 40, 24, 1, 0, 6, 27, 13, 19, 29, 6, 36, 5], [29, 25, 47, 20, 0, 24, 17, 12, 24, 35, 32, 40, 25, 41, 3, 13, 16, 23, 2, 13, 41, 45, 24, 0, 0, 11, 0, 43, 0, 0, 11, 24, 9, 0, 26], [25, 3, 34, 29, 17, 31, 33, 44, 29, 0, 26, 10, 15, 39, 40, 18, 0, 7, 0, 16, 19, 22, 4, 14, 19, 35, 46, 32, 8, 16, 15, 41, 14, 3, 9], [32, 34, 29, 42, 44, 0, 0, 0, 4, 37, 8, 30, 25, 0, 35, 9, 29, 32, 30, 16, 25, 9, 0, 35, 31, 43, 15, 27, 0, 47, 16, 45, 27, 33, 34], [43, 26, 6, 25, 40, 7, 40, 12, 48, 0, 47, 8, 30, 14, 11, 48, 27, 6, 41, 2, 9, 10, 25, 31, 20, 31, 6, 48, 23, 28, 25, 11, 34, 21, 28], [45, 37, 0, 36, 16, 18, 6, 9, 6, 10, 46, 16, 46, 40, 6, 28, 40, 11, 8, 2, 11, 49, 5, 31, 47, 22, 31, 6, 9, 15, 48, 22, 6, 33, 5], [41, 30, 42, 24, 5, 12, 0, 5, 13, 28, 38, 44, 5, 40, 10, 30, 34, 25, 0, 26, 39, 23, 29, 36, 45, 7, 44, 35, 25, 5, 3, 0, 15, 29, 5], [31, 42, 12, 2, 28, 40, 18, 4, 46, 0, 17, 32, 32, 7, 38, 33, 27, 13, 33, 19, 33, 29, 0, 45, 23, 9, 8, 23, 13, 18, 40, 5, 42, 45, 2], [49, 44, 28, 19, 36, 15, 41, 34, 26, 29, 49, 33, 2, 9, 26, 15, 12, 46, 1, 25, 8, 1, 18, 1, 20, 19, 7, 47, 23, 40, 15, 0, 12, 23, 47], [47, 34, 39, 32, 0, 15, 13, 38, 21, 9, 38, 48, 6, 44, 15, 46, 18, 19, 17, 37, 25, 0, 32, 5, 30, 0, 19, 0, 21, 10, 29, 14, 1, 18, 6], [47, 0, 10, 24, 14, 0, 43, 7, 27, 26, 7, 46, 43, 35, 14, 18, 34, 36, 24, 23, 20, 34, 18, 0, 29, 33, 43, 39, 14, 16, 32, 32, 19, 34, 32], [19, 3, 28, 30, 18, 5, 36, 17, 12, 17, 17, 38, 40, 41, 26, 43, 32, 43, 23, 30, 8, 9, 40, 0, 41, 45, 49, 17, 35, 40, 6, 5, 20, 42, 25], [38, 2, 42, 15, 4, 32, 17, 0, 40, 11, 27, 38, 27, 25, 20, 17, 46, 34, 31, 25, 11, 20, 42, 12, 23, 40, 25, 3, 0, 13, 20, 49, 38, 14, 41], [21, 43, 28, 44, 43, 0, 35, 0, 49, 16, 27, 40, 27, 37, 38, 40, 49, 21, 12, 1, 0, 8, 23, 7, 12, 29, 42, 38, 17, 21, 9, 32, 6, 37, 32], [24, 39, 48, 14, 31, 0, 38, 0, 1, 38, 37, 42, 29, 49, 18, 38, 17, 15, 25, 18, 24, 0, 9, 38, 40, 31, 38, 35, 0, 10, 9, 39, 10, 41, 35], [11, 41, 16, 32, 2, 1, 46, 45, 8, 5, 38, 6, 11, 12, 11, 6, 33, 0, 27, 22, 9, 30, 43, 8, 40, 29, 25, 7, 29, 17, 18, 23, 0, 7, 22], [41, 38, 39, 9, 3, 15, 28, 2, 33, 20, 31, 12, 49, 27, 22, 44, 37, 6, 19, 35, 15, 30, 36, 29, 6, 0, 15, 24, 1, 28, 44, 37, 44, 46, 26], [0, 49, 21, 13, 32, 1, 26, 5, 18, 38, 20, 16, 21, 47, 34, 49, 37, 49, 34, 31, 12, 24, 17, 43, 25, 40, 48, 41, 0, 15, 30, 16, 44, 49, 0], [5, 44, 20, 48, 44, 6, 49, 14, 37, 0, 48, 27, 4, 1, 1, 1, 12, 3, 47, 17, 36, 27, 0, 41, 49, 43, 48, 0, 47, 43, 16, 19, 44, 4, 1], [45, 14, 34, 6, 34, 8, 31, 32, 44, 20, 25, 10, 16, 23, 21, 45, 3, 41, 10, 45, 9, 42, 25, 16, 17, 44, 46, 46, 23, 47, 41, 47, 40, 31, 6], [40, 33, 46, 12, 47, 0, 9, 24, 30, 42, 20, 8, 36, 29, 12, 35, 11, 15, 26, 43, 6, 4, 44, 46, 39, 16, 28, 0, 12, 4, 3, 43, 15, 47, 48], [0, 20, 1, 21, 0, 2, 33, 17, 5, 24, 32, 40, 40, 33, 49, 49, 31, 31, 9, 27, 49, 24, 36, 37, 12, 37, 2, 32, 15, 10, 16, 46, 48, 32, 0], [18, 19, 31, 22, 10, 10, 38, 45, 34, 33, 11, 21, 40, 26, 10, 49, 3, 32, 46, 47, 0, 0, 23, 20, 7, 42, 36, 47, 42, 15, 17, 5, 9, 9, 13], [11, 34, 37, 21, 2, 41, 35, 5, 3, 37, 0, 44, 12, 3, 45, 37, 0, 22, 34, 31, 42, 44, 31, 6, 32, 15, 26, 7, 35, 33, 37, 21, 19, 38, 36], [19, 20, 1, 29, 14, 27, 41, 34, 33, 0, 6, 23, 0, 46, 27, 2, 34, 32, 11, 13, 41, 36, 2, 39, 22, 27, 20, 13, 9, 10, 0, 24, 47, 8, 14], [22, 45, 9, 8, 4, 32, 14, 23, 33, 29, 1, 47, 3, 9, 18, 0, 4, 39, 38, 8, 5, 6, 7, 0, 49, 0, 12, 8, 5, 22, 38, 11, 21, 44, 45], [4, 16, 5, 21, 42, 47, 9, 34, 45, 22, 13, 47, 21, 12, 3, 25, 12, 35, 27, 23, 15, 48, 0, 12, 18, 42, 47, 27, 17, 49, 49, 6, 31, 22, 5], [29, 42, 5, 30, 6, 42, 0, 24, 49, 9, 0, 38, 35, 12, 37, 0, 12, 35, 48, 47, 12, 17, 14, 33, 24, 11, 25, 33, 27, 39, 27, 10, 42, 42, 42], [31, 6, 47, 32, 8, 20, 19, 49, 42, 13, 40, 22, 3, 27, 1, 6, 25, 5, 36, 0, 42, 41, 33, 4, 37, 49, 30, 0, 0, 0, 8, 0, 12, 38, 4], [2, 0, 0, 40, 0, 8, 17, 1, 47, 22, 41, 42, 35, 3, 0, 21, 17, 4, 10, 20, 33, 46, 14, 47, 25, 36, 24, 9, 20, 36, 11, 15, 1, 26, 38], [7, 1, 42, 30, 27, 26, 10, 4, 48, 31, 16, 11, 27, 1, 48, 39, 36, 48, 0, 15, 27, 21, 18, 36, 29, 14, 41, 46, 0, 26, 13, 32, 19, 32, 0], [30, 28, 20, 7, 20, 31, 16, 2, 16, 34, 44, 3, 5, 32, 12, 12, 40, 43, 8, 20, 9, 13, 40, 33, 0, 34, 8, 22, 37, 14, 30, 36, 27, 26, 11], [48, 3, 35, 35, 42, 0, 48, 42, 12, 2, 35, 17, 9, 13, 31, 3, 15, 16, 16, 9, 31, 14, 9, 40, 27, 21, 22, 12, 8, 34, 45, 8, 26, 27, 47], [38, 29, 22, 18, 8, 10, 12, 21, 43, 0, 13, 3, 5, 1, 35, 2, 2, 35, 37, 16, 7, 1, 0, 0, 20, 5, 20, 19, 19, 9, 0, 45, 41, 19, 36], [47, 4, 46, 34, 33, 16, 45, 45, 9, 37, 29, 24, 13, 20, 2, 26, 3, 17, 23, 14, 17, 24, 28, 9, 30, 5, 28, 27, 43, 5, 0, 39, 46, 3, 3], [17, 12, 29, 7, 10, 21, 32, 27, 34, 20, 2, 0, 9, 35, 3, 16, 41, 40, 17, 2, 23, 1, 18, 11, 13, 20, 18, 29, 34, 33, 0, 10, 0, 0, 34], [29, 44, 24, 46, 0, 17, 40, 28, 11, 5, 33, 28, 19, 20, 11, 37, 37, 29, 37, 34, 31, 15, 2, 26, 0, 9, 29, 11, 0, 24, 3, 26, 22, 19, 33], [42, 33, 0, 11, 10, 43, 22, 2, 47, 12, 21, 0, 30, 30, 0, 33, 27, 0, 22, 35, 23, 23, 3, 14, 12, 30, 21, 49, 45, 1, 39, 12, 19, 0, 16], [36, 47, 33, 9, 17, 46, 32, 25, 40, 36, 3, 13, 12, 44, 0, 25, 18, 43, 9, 14, 37, 49, 20, 31, 15, 18, 36, 46, 0, 0, 48, 12, 23, 13, 24], [8, 2, 29, 34, 0, 32, 26, 33, 13, 19, 34, 39, 6, 11, 32, 37, 25, 5, 2, 14, 15, 46, 41, 26, 49, 26, 25, 24, 27, 46, 3, 0, 38, 5, 21], [48, 0, 32, 20, 10, 49, 35, 0, 18, 17, 32, 0, 27, 20, 15, 33, 13, 33, 7, 7, 9, 38, 39, 32, 24, 31, 40, 37, 0, 21, 11, 42, 26, 2, 15], [24, 39, 9, 24, 42, 49, 12, 20, 2, 31, 49, 18, 47, 43, 33, 40, 10, 37, 20, 47, 2, 22, 7, 11, 22, 0, 3, 14, 7, 7, 11, 48, 3, 26, 9], [0, 10, 14, 24, 45, 11, 49, 16, 0, 15, 43, 1, 13, 11, 18, 21, 34, 36, 32, 35, 2, 31, 20, 12, 6, 6, 9, 12, 12, 22, 18, 3, 46, 38, 0], [14, 20, 2, 46, 21, 35, 46, 1, 39, 46, 38, 27, 0, 0, 4, 2, 8, 7, 44, 31, 23, 0, 34, 15, 25, 0, 35, 15, 25, 29, 0, 6, 3, 32, 7], [29, 38, 0, 0, 0, 32, 23, 34, 47, 32, 9, 10, 24, 34, 6, 26, 7, 12, 40, 18, 7, 9, 11, 49, 20, 10, 47, 2, 9, 49, 21, 15, 24, 25, 13], [36, 0, 36, 48, 5, 11, 0, 41, 5, 13, 31, 42, 44, 24, 8, 0, 15, 45, 41, 19, 17, 16, 4, 27, 0, 4, 33, 13, 44, 1, 34, 31, 43, 44, 0], [7, 6, 22, 17, 6, 2, 14, 17, 47, 5, 0, 6, 5, 2, 12, 47, 39, 36, 2, 0, 46, 20, 28, 19, 34, 44, 26, 25, 1, 21, 47, 39, 22, 8, 5], [43, 6, 38, 12, 25, 40, 38, 14, 22, 38, 9, 14, 2, 30, 21, 26, 28, 47, 20, 30, 0, 4, 20, 38, 9, 14, 39, 31, 45, 41, 14, 28, 38, 38, 44], [0, 48, 2, 0, 5, 11, 1, 35, 30, 1, 39, 17, 0, 14, 33, 24, 46, 31, 29, 12, 12, 11, 0, 41, 27, 46, 19, 28, 10, 45, 0, 20, 31, 20, 25]]
Maintenance cost in each period m: 
[10655, 11649, 12823, 12000, 11702, 9766, 12241, 9350, 11567, 9961, 12755, 9694, 9292, 11497, 9222, 10965, 9784, 11566, 11468, 9534, 12441, 12364, 11818, 11527, 12451, 8912, 12411, 9007, 12271, 12734, 9679, 11674, 10358, 9783, 11435]
Maximum capacity of the machine cmax: 
3075