Set of periods in the planning horizon T: 
5
Set of products P: 
50
Capacity reduction coefficient alpha: 
0.8
Relative decrease of capacity per set up gamma: 
0.3
Capacity reduction coefficient due to product types beta: 
[0.35, 0.21, 0.31, 0.35, 0.32, 0.32, 0.23, 0.39, 0.26, 0.29, 0.24, 0.29, 0.2, 0.23, 0.26, 0.26, 0.37, 0.33, 0.34, 0.22, 0.36, 0.28, 0.33, 0.29, 0.2, 0.34, 0.33, 0.38, 0.31, 0.24, 0.26, 0.21, 0.29, 0.25, 0.33, 0.35, 0.28, 0.29, 0.33, 0.36, 0.21, 0.38, 0.38, 0.26, 0.25, 0.34, 0.3, 0.24, 0.35, 0.37]
Fixed production cost of each product in each period f: 
[[789, 518, 906, 606, 734], [712, 819, 750, 938, 652], [620, 673, 689, 600, 619], [634, 800, 533, 739, 737], [753, 803, 745, 950, 630], [639, 828, 739, 651, 521], [678, 714, 514, 677, 715], [825, 839, 633, 652, 931], [849, 946, 529, 807, 923], [944, 799, 574, 849, 582], [869, 962, 691, 929, 624], [789, 780, 875, 556, 807], [891, 603, 900, 667, 665], [533, 844, 522, 789, 699], [772, 773, 907, 565, 622], [727, 574, 910, 683, 757], [946, 567, 609, 900, 948], [792, 612, 794, 740, 712], [902, 860, 734, 901, 870], [699, 530, 777, 602, 552], [831, 632, 840, 743, 863], [587, 678, 766, 756, 500], [673, 743, 701, 988, 657], [773, 710, 822, 549, 881], [549, 953, 799, 528, 928], [602, 809, 505, 944, 610], [604, 631, 834, 995, 511], [522, 638, 794, 594, 804], [550, 831, 995, 770, 622], [829, 777, 658, 704, 780], [926, 952, 731, 899, 767], [723, 697, 513, 675, 563], [740, 572, 681, 620, 582], [790, 967, 831, 693, 656], [578, 669, 843, 902, 564], [933, 930, 559, 600, 920], [881, 627, 790, 537, 608], [697, 538, 927, 584, 743], [704, 921, 592, 929, 705], [506, 795, 543, 781, 548], [634, 725, 580, 580, 865], [718, 570, 906, 732, 602], [987, 817, 574, 680, 955], [845, 982, 784, 819, 996], [635, 799, 766, 867, 620], [555, 731, 503, 605, 701], [952, 644, 567, 706, 813], [527, 585, 827, 633, 842], [608, 521, 996, 858, 752], [759, 715, 687, 778, 527]]
Variable production cost per unit of each product in each period p: 
[[12, 13, 11, 11, 10], [12, 13, 10, 10, 12], [12, 13, 10, 13, 12], [13, 10, 11, 10, 10], [13, 11, 12, 11, 11], [13, 11, 13, 10, 10], [11, 11, 10, 13, 13], [11, 12, 12, 13, 12], [10, 13, 11, 10, 12], [13, 10, 12, 11, 13], [12, 11, 12, 10, 11], [10, 10, 12, 10, 13], [13, 10, 12, 10, 11], [12, 12, 10, 10, 12], [12, 10, 13, 13, 10], [11, 10, 12, 12, 12], [11, 11, 11, 11, 10], [12, 11, 13, 12, 11], [10, 11, 12, 13, 11], [11, 10, 13, 11, 11], [10, 11, 11, 10, 12], [11, 11, 10, 13, 11], [13, 13, 13, 10, 12], [11, 12, 10, 13, 10], [10, 11, 13, 10, 11], [13, 11, 12, 10, 10], [11, 10, 11, 10, 10], [10, 13, 12, 13, 10], [13, 13, 12, 12, 10], [13, 13, 11, 10, 11], [12, 12, 11, 10, 11], [12, 10, 10, 10, 11], [13, 11, 11, 12, 12], [11, 13, 13, 13, 13], [13, 13, 10, 11, 10], [12, 13, 13, 12, 12], [10, 11, 11, 11, 12], [11, 10, 11, 10, 11], [10, 13, 13, 10, 13], [12, 12, 10, 12, 11], [12, 13, 11, 13, 10], [12, 12, 10, 10, 13], [11, 12, 11, 12, 10], [11, 13, 13, 11, 11], [11, 13, 11, 10, 13], [10, 10, 12, 13, 12], [13, 12, 11, 13, 13], [11, 10, 13, 10, 12], [13, 10, 10, 12, 10], [11, 12, 10, 11, 10]]
Inventory holding cost per unit of each product by the end of each period h: 
[[8, 7, 9, 9, 5], [5, 5, 5, 9, 9], [5, 9, 6, 5, 6], [6, 8, 5, 7, 7], [7, 5, 7, 5, 7], [5, 5, 8, 9, 7], [5, 7, 6, 6, 6], [9, 8, 6, 8, 5], [8, 7, 8, 9, 8], [8, 9, 8, 7, 7], [6, 7, 8, 9, 6], [6, 8, 8, 7, 9], [9, 6, 9, 6, 5], [8, 6, 5, 6, 6], [8, 5, 9, 9, 8], [7, 6, 5, 7, 7], [5, 6, 5, 5, 8], [5, 7, 8, 8, 8], [5, 6, 7, 5, 8], [8, 5, 8, 7, 9], [8, 8, 6, 9, 9], [5, 7, 5, 6, 6], [8, 7, 5, 5, 7], [6, 9, 6, 5, 6], [9, 5, 5, 7, 9], [7, 7, 7, 8, 5], [7, 9, 9, 5, 5], [8, 8, 8, 9, 9], [8, 7, 8, 7, 9], [9, 9, 9, 6, 9], [9, 7, 5, 8, 6], [7, 9, 9, 9, 6], [6, 7, 9, 6, 8], [7, 6, 8, 5, 5], [9, 6, 7, 5, 6], [9, 8, 5, 9, 6], [5, 9, 6, 7, 7], [8, 6, 5, 6, 5], [9, 6, 9, 8, 9], [7, 9, 6, 6, 7], [5, 5, 7, 7, 7], [5, 9, 9, 9, 6], [6, 9, 8, 9, 8], [9, 9, 9, 7, 6], [9, 6, 6, 5, 9], [5, 6, 7, 9, 8], [6, 7, 7, 9, 5], [8, 8, 7, 7, 9], [8, 6, 7, 6, 5], [7, 9, 6, 5, 5]]
Demand for each product in each period d: 
[[29, 23, 34, 41, 19], [11, 41, 0, 14, 8], [43, 7, 35, 13, 18], [39, 10, 18, 47, 9], [21, 22, 31, 10, 36], [24, 0, 34, 45, 19], [22, 20, 42, 44, 3], [44, 32, 38, 32, 16], [41, 22, 19, 31, 46], [6, 13, 31, 37, 2], [18, 8, 26, 21, 16], [33, 3, 21, 44, 47], [15, 4, 28, 0, 49], [13, 0, 17, 39, 8], [3, 20, 15, 0, 4], [31, 26, 15, 27, 43], [12, 27, 15, 35, 46], [34, 36, 3, 27, 30], [0, 15, 13, 32, 49], [42, 4, 2, 30, 3], [6, 46, 15, 27, 5], [34, 18, 12, 45, 28], [18, 13, 38, 12, 12], [27, 40, 6, 8, 20], [16, 45, 4, 47, 12], [13, 25, 13, 23, 31], [3, 6, 4, 27, 20], [49, 0, 44, 9, 0], [0, 46, 45, 44, 31], [39, 0, 28, 27, 48], [33, 1, 5, 5, 44], [19, 18, 18, 49, 26], [6, 35, 30, 15, 37], [42, 30, 0, 42, 27], [30, 34, 32, 35, 31], [43, 8, 34, 4, 24], [45, 13, 12, 5, 7], [4, 46, 25, 23, 33], [11, 49, 10, 26, 19], [24, 38, 30, 29, 11], [16, 9, 9, 0, 29], [39, 20, 35, 2, 10], [41, 33, 0, 42, 10], [45, 18, 15, 17, 10], [1, 12, 21, 1, 41], [30, 7, 22, 0, 2], [26, 35, 4, 37, 20], [44, 39, 35, 0, 30], [1, 40, 32, 36, 13], [15, 11, 20, 28, 26]]
Maintenance cost in each period m: 
[3162, 1924, 2808, 2944, 3399]
Maximum capacity of the machine cmax: 
2200