Set of periods in the planning horizon T: 
25
Set of products P: 
25
Capacity reduction coefficient alpha: 
0.8
Relative decrease of capacity per set up gamma: 
0.21
Capacity reduction coefficient due to product types beta: 
[0.21, 0.28, 0.21, 0.3, 0.3, 0.22, 0.27, 0.38, 0.27, 0.35, 0.24, 0.39, 0.32, 0.39, 0.32, 0.39, 0.25, 0.28, 0.24, 0.23, 0.25, 0.27, 0.33, 0.32, 0.28]
Fixed production cost of each product in each period f: 
[[654, 887, 821, 784, 695, 917, 909, 972, 659, 684, 961, 872, 560, 819, 665, 728, 548, 902, 550, 735, 502, 519, 753, 637, 777], [664, 673, 538, 864, 620, 824, 584, 622, 868, 562, 831, 702, 521, 528, 613, 682, 662, 510, 848, 926, 598, 654, 508, 776, 661], [925, 511, 972, 920, 990, 771, 519, 904, 642, 549, 879, 923, 677, 514, 991, 650, 542, 792, 627, 583, 926, 609, 518, 876, 819], [797, 568, 949, 894, 531, 882, 944, 637, 880, 543, 519, 688, 640, 534, 600, 529, 686, 548, 968, 682, 575, 757, 757, 856, 840], [885, 902, 688, 864, 976, 556, 814, 812, 863, 934, 827, 913, 788, 523, 758, 608, 887, 595, 908, 645, 592, 788, 978, 557, 596], [753, 981, 853, 869, 714, 977, 622, 786, 740, 591, 726, 958, 538, 734, 748, 849, 834, 912, 993, 945, 918, 521, 780, 582, 604], [560, 519, 688, 605, 811, 969, 652, 503, 807, 537, 656, 551, 727, 734, 785, 967, 887, 790, 660, 947, 909, 567, 847, 834, 831], [948, 831, 725, 800, 554, 700, 789, 955, 607, 915, 819, 823, 940, 817, 919, 882, 862, 822, 749, 587, 760, 510, 919, 569, 786], [636, 522, 589, 871, 681, 614, 835, 740, 580, 857, 960, 803, 964, 612, 571, 700, 648, 653, 741, 641, 944, 748, 906, 501, 546], [817, 687, 760, 766, 821, 871, 821, 793, 658, 729, 990, 824, 830, 563, 674, 813, 684, 608, 544, 952, 854, 843, 827, 918, 699], [873, 620, 849, 777, 912, 666, 799, 751, 658, 920, 876, 831, 600, 640, 740, 684, 845, 965, 506, 634, 656, 818, 783, 715, 630], [555, 957, 535, 906, 784, 579, 542, 942, 931, 942, 601, 650, 547, 694, 619, 761, 501, 930, 974, 554, 840, 665, 520, 979, 702], [909, 841, 601, 607, 511, 604, 646, 542, 710, 969, 504, 771, 811, 946, 966, 760, 629, 603, 534, 553, 866, 688, 801, 759, 919], [522, 576, 748, 595, 833, 803, 665, 694, 844, 812, 832, 534, 717, 698, 738, 916, 865, 714, 892, 928, 750, 746, 778, 621, 891], [810, 502, 764, 876, 612, 879, 990, 842, 676, 575, 615, 768, 984, 826, 523, 543, 889, 581, 530, 863, 721, 507, 933, 722, 522], [605, 798, 985, 859, 938, 543, 858, 707, 946, 564, 536, 928, 597, 929, 887, 737, 518, 917, 609, 909, 671, 507, 973, 983, 848], [969, 999, 791, 814, 500, 953, 961, 765, 579, 580, 820, 892, 785, 610, 610, 835, 512, 924, 735, 692, 540, 920, 511, 850, 676], [596, 622, 970, 591, 943, 679, 932, 891, 935, 630, 932, 599, 802, 863, 753, 850, 878, 655, 709, 984, 511, 511, 595, 819, 778], [639, 711, 968, 963, 987, 974, 947, 718, 604, 993, 962, 797, 565, 966, 758, 769, 945, 855, 969, 984, 743, 843, 737, 632, 936], [956, 912, 746, 927, 850, 588, 749, 793, 757, 702, 960, 810, 644, 561, 794, 761, 725, 916, 923, 925, 959, 765, 646, 928, 560], [979, 697, 803, 620, 557, 968, 673, 884, 837, 567, 580, 718, 881, 934, 870, 589, 751, 631, 808, 818, 739, 697, 930, 788, 576], [730, 954, 699, 712, 939, 582, 936, 902, 878, 784, 519, 620, 967, 717, 976, 904, 859, 738, 606, 852, 691, 657, 557, 652, 898], [646, 925, 970, 877, 866, 988, 798, 590, 703, 825, 562, 658, 876, 595, 838, 763, 847, 849, 699, 842, 949, 992, 899, 501, 574], [764, 555, 873, 969, 598, 549, 634, 570, 722, 759, 691, 655, 736, 656, 858, 707, 607, 747, 768, 886, 739, 776, 608, 657, 990], [752, 756, 692, 887, 701, 709, 533, 878, 900, 627, 974, 827, 641, 702, 837, 679, 800, 673, 792, 983, 704, 732, 828, 868, 634]]
Variable production cost per unit of each product in each period p: 
[[10, 12, 12, 10, 13, 11, 11, 11, 10, 13, 12, 10, 13, 11, 10, 11, 13, 11, 13, 12, 12, 10, 12, 11, 10], [11, 11, 13, 11, 11, 11, 11, 10, 13, 11, 13, 10, 11, 10, 13, 10, 12, 13, 10, 12, 10, 13, 10, 10, 12], [10, 13, 11, 13, 12, 10, 12, 12, 11, 11, 10, 13, 12, 13, 12, 11, 13, 13, 12, 11, 13, 10, 13, 10, 13], [11, 12, 13, 10, 12, 11, 10, 10, 10, 13, 11, 13, 10, 13, 11, 10, 12, 11, 11, 11, 11, 12, 10, 12, 13], [12, 13, 13, 10, 10, 12, 10, 11, 13, 13, 13, 10, 12, 11, 13, 12, 13, 13, 10, 12, 11, 13, 11, 12, 12], [13, 12, 13, 10, 13, 10, 13, 10, 13, 11, 13, 12, 13, 13, 11, 13, 11, 12, 10, 12, 10, 12, 13, 13, 10], [10, 10, 10, 12, 13, 12, 10, 10, 11, 12, 11, 12, 13, 11, 11, 10, 10, 10, 12, 12, 13, 13, 13, 11, 10], [12, 13, 11, 13, 12, 11, 11, 12, 10, 12, 12, 13, 11, 11, 13, 11, 12, 10, 11, 13, 13, 11, 13, 11, 13], [10, 10, 13, 11, 10, 11, 13, 12, 11, 11, 10, 13, 10, 12, 11, 12, 13, 13, 12, 12, 11, 10, 10, 12, 12], [10, 10, 10, 11, 12, 13, 11, 12, 13, 13, 10, 12, 11, 12, 10, 11, 11, 10, 12, 13, 11, 13, 12, 12, 12], [11, 13, 13, 12, 13, 11, 12, 12, 13, 13, 10, 13, 11, 10, 13, 13, 13, 13, 11, 11, 12, 13, 13, 13, 11], [12, 11, 12, 10, 10, 12, 11, 10, 13, 12, 10, 12, 11, 12, 10, 11, 13, 13, 13, 13, 13, 10, 12, 11, 10], [11, 10, 10, 11, 10, 10, 13, 13, 11, 13, 12, 12, 10, 11, 12, 10, 12, 13, 12, 10, 10, 11, 12, 10, 12], [11, 10, 10, 12, 10, 13, 11, 13, 12, 12, 10, 11, 11, 13, 10, 13, 12, 10, 10, 11, 12, 10, 13, 12, 10], [12, 13, 12, 12, 11, 10, 13, 11, 13, 10, 10, 13, 11, 10, 13, 10, 11, 12, 11, 13, 10, 11, 13, 11, 13], [11, 10, 13, 12, 11, 10, 10, 10, 10, 10, 11, 12, 10, 10, 10, 11, 11, 10, 13, 13, 13, 11, 11, 11, 11], [11, 13, 13, 11, 12, 11, 10, 12, 12, 11, 13, 13, 10, 12, 13, 11, 11, 13, 11, 13, 12, 10, 10, 11, 12], [11, 10, 12, 13, 12, 11, 10, 12, 12, 11, 10, 12, 12, 13, 10, 13, 12, 12, 13, 13, 12, 13, 11, 10, 12], [10, 10, 10, 12, 10, 13, 10, 12, 11, 11, 10, 11, 10, 13, 13, 11, 10, 12, 10, 13, 12, 10, 10, 13, 11], [13, 13, 10, 11, 10, 12, 10, 11, 13, 13, 10, 12, 11, 13, 13, 11, 10, 13, 11, 12, 13, 12, 13, 10, 12], [12, 11, 11, 10, 10, 10, 13, 11, 10, 12, 10, 10, 11, 12, 13, 10, 11, 10, 12, 12, 12, 11, 11, 11, 10], [12, 13, 10, 10, 12, 11, 11, 11, 11, 13, 11, 11, 13, 11, 10, 13, 11, 10, 12, 12, 11, 11, 11, 12, 10], [10, 13, 12, 12, 12, 11, 12, 11, 13, 10, 12, 13, 11, 12, 10, 11, 10, 13, 13, 11, 11, 13, 10, 13, 10], [10, 10, 11, 10, 11, 13, 10, 11, 12, 12, 10, 12, 11, 10, 13, 11, 11, 13, 10, 11, 11, 13, 11, 12, 12], [13, 11, 10, 13, 10, 11, 13, 10, 13, 11, 10, 10, 12, 11, 12, 12, 11, 13, 10, 11, 13, 11, 12, 13, 13]]
Inventory holding cost per unit of each product by the end of each period h: 
[[5, 8, 7, 9, 8, 9, 7, 7, 6, 7, 7, 9, 5, 9, 9, 8, 5, 6, 5, 9, 5, 6, 6, 6, 5], [5, 6, 5, 9, 5, 6, 7, 7, 5, 5, 5, 9, 5, 7, 7, 6, 9, 6, 7, 8, 6, 8, 6, 9, 8], [9, 9, 7, 8, 7, 8, 6, 5, 5, 8, 7, 8, 5, 7, 5, 9, 5, 6, 6, 8, 8, 6, 5, 5, 9], [7, 5, 6, 9, 9, 9, 9, 9, 7, 8, 5, 6, 8, 8, 9, 5, 8, 5, 8, 8, 6, 6, 8, 6, 9], [9, 6, 7, 8, 8, 6, 5, 8, 7, 5, 6, 8, 6, 9, 6, 8, 9, 9, 8, 6, 5, 6, 5, 8, 6], [9, 5, 5, 8, 6, 7, 6, 5, 6, 7, 8, 9, 6, 5, 7, 5, 5, 6, 6, 7, 5, 7, 6, 5, 7], [5, 9, 7, 9, 6, 7, 8, 7, 6, 5, 9, 9, 9, 5, 7, 5, 9, 6, 9, 5, 8, 9, 8, 9, 6], [9, 8, 9, 7, 8, 8, 7, 5, 9, 7, 5, 8, 7, 9, 8, 7, 7, 7, 7, 6, 9, 5, 7, 7, 9], [7, 7, 8, 6, 6, 9, 7, 9, 9, 8, 8, 9, 8, 8, 7, 7, 8, 5, 5, 9, 6, 5, 8, 7, 9], [5, 6, 7, 9, 5, 9, 5, 5, 9, 9, 7, 9, 9, 6, 8, 7, 8, 6, 7, 7, 6, 9, 5, 6, 7], [7, 8, 7, 7, 7, 7, 5, 9, 6, 7, 6, 9, 9, 9, 7, 5, 6, 7, 8, 5, 8, 9, 8, 5, 5], [8, 9, 6, 7, 6, 6, 5, 7, 9, 8, 7, 5, 5, 6, 8, 8, 9, 6, 9, 6, 7, 6, 6, 5, 8], [8, 7, 9, 7, 8, 7, 8, 6, 8, 9, 8, 9, 7, 5, 9, 5, 6, 8, 7, 8, 5, 9, 7, 7, 9], [5, 8, 9, 5, 6, 8, 7, 5, 6, 7, 9, 7, 7, 5, 6, 7, 8, 7, 8, 5, 6, 7, 9, 8, 8], [8, 7, 5, 6, 7, 5, 7, 7, 9, 7, 9, 5, 9, 9, 8, 9, 5, 9, 6, 7, 5, 5, 7, 5, 8], [5, 9, 7, 6, 9, 8, 6, 6, 5, 7, 9, 6, 5, 5, 5, 7, 6, 5, 5, 8, 6, 7, 9, 6, 9], [7, 7, 5, 9, 5, 6, 7, 8, 5, 5, 6, 6, 5, 8, 5, 9, 8, 8, 5, 7, 7, 6, 9, 7, 7], [7, 7, 8, 5, 7, 9, 9, 5, 9, 9, 7, 5, 5, 9, 5, 5, 9, 8, 8, 9, 9, 8, 5, 7, 8], [6, 6, 5, 9, 8, 7, 8, 6, 9, 6, 5, 9, 6, 5, 5, 8, 8, 9, 6, 6, 7, 5, 7, 6, 7], [6, 7, 9, 8, 7, 5, 8, 7, 9, 5, 9, 5, 7, 7, 6, 8, 6, 9, 8, 7, 6, 7, 7, 8, 7], [6, 9, 8, 6, 7, 5, 7, 9, 5, 5, 6, 5, 6, 8, 9, 5, 7, 7, 8, 5, 8, 8, 6, 8, 9], [7, 7, 7, 5, 9, 9, 7, 8, 9, 6, 7, 5, 7, 5, 9, 6, 7, 5, 5, 8, 5, 6, 7, 9, 8], [9, 7, 5, 7, 5, 5, 9, 6, 9, 5, 8, 7, 7, 6, 5, 8, 9, 8, 5, 5, 9, 5, 5, 9, 7], [6, 8, 6, 7, 7, 6, 9, 8, 6, 9, 9, 8, 5, 6, 8, 7, 5, 8, 5, 8, 6, 9, 5, 6, 6], [5, 9, 6, 6, 5, 7, 5, 6, 7, 9, 9, 6, 8, 6, 5, 9, 9, 8, 6, 8, 8, 8, 9, 9, 5]]
Demand for each product in each period d: 
[[45, 28, 40, 25, 28, 48, 49, 0, 42, 43, 0, 17, 48, 8, 41, 24, 14, 40, 34, 14, 11, 42, 23, 10, 36], [23, 0, 29, 21, 44, 39, 38, 22, 20, 0, 0, 9, 3, 21, 31, 34, 0, 30, 0, 37, 1, 0, 48, 41, 8], [31, 42, 1, 14, 21, 2, 0, 35, 16, 5, 33, 3, 2, 39, 16, 12, 35, 27, 41, 31, 22, 19, 26, 44, 16], [43, 37, 14, 20, 26, 0, 29, 42, 4, 15, 0, 49, 49, 45, 34, 49, 22, 7, 33, 40, 47, 34, 11, 28, 45], [35, 8, 13, 32, 45, 42, 22, 25, 34, 49, 28, 10, 0, 29, 25, 4, 26, 29, 40, 0, 5, 40, 14, 27, 22], [26, 23, 8, 44, 2, 7, 0, 10, 11, 44, 45, 34, 22, 10, 13, 0, 21, 24, 38, 19, 10, 30, 2, 39, 15], [41, 3, 28, 31, 23, 31, 27, 28, 46, 20, 4, 14, 30, 3, 23, 0, 48, 15, 43, 45, 30, 4, 5, 43, 11], [0, 19, 0, 40, 40, 18, 24, 29, 41, 5, 2, 36, 11, 21, 28, 22, 19, 21, 23, 36, 22, 16, 1, 39, 39], [0, 24, 19, 16, 5, 48, 45, 48, 16, 30, 46, 19, 39, 32, 41, 26, 25, 44, 4, 34, 0, 42, 21, 26, 10], [24, 20, 43, 40, 14, 45, 32, 30, 21, 18, 39, 3, 12, 43, 14, 49, 2, 18, 1, 13, 5, 45, 25, 30, 3], [28, 7, 26, 19, 24, 4, 19, 22, 17, 27, 5, 26, 19, 7, 28, 37, 43, 34, 41, 12, 46, 45, 0, 48, 49], [40, 47, 49, 39, 29, 7, 41, 0, 25, 19, 23, 45, 14, 24, 0, 28, 0, 44, 37, 37, 11, 18, 25, 49, 23], [39, 5, 29, 38, 36, 4, 45, 37, 1, 41, 18, 7, 19, 43, 34, 4, 39, 17, 5, 21, 30, 18, 34, 2, 8], [42, 19, 3, 43, 26, 41, 26, 0, 36, 25, 25, 0, 9, 14, 3, 21, 49, 16, 0, 18, 38, 32, 49, 41, 15], [0, 33, 2, 2, 30, 35, 0, 48, 1, 0, 39, 24, 34, 3, 32, 30, 10, 26, 33, 23, 42, 47, 20, 34, 23], [49, 33, 45, 9, 23, 25, 41, 0, 40, 16, 14, 27, 3, 41, 13, 1, 19, 20, 0, 22, 0, 48, 22, 29, 35], [27, 39, 16, 3, 2, 12, 1, 18, 11, 40, 45, 45, 14, 20, 9, 9, 39, 33, 26, 35, 13, 47, 47, 20, 49], [11, 7, 8, 4, 0, 31, 37, 1, 16, 37, 26, 16, 5, 8, 27, 43, 37, 1, 8, 43, 46, 1, 46, 7, 44], [20, 35, 26, 16, 18, 0, 19, 33, 21, 20, 48, 48, 14, 33, 8, 9, 10, 14, 19, 4, 15, 35, 41, 43, 26], [1, 9, 34, 43, 42, 16, 28, 10, 28, 22, 20, 12, 1, 8, 29, 16, 3, 25, 40, 30, 42, 37, 23, 17, 49], [48, 29, 12, 10, 8, 40, 33, 0, 1, 29, 10, 1, 22, 35, 45, 38, 41, 2, 8, 11, 38, 35, 1, 14, 42], [27, 6, 21, 30, 32, 28, 29, 27, 44, 0, 28, 11, 26, 12, 35, 45, 32, 47, 19, 47, 38, 6, 3, 23, 33], [47, 13, 40, 2, 18, 49, 49, 34, 12, 10, 25, 42, 32, 36, 35, 0, 17, 32, 13, 19, 0, 20, 31, 0, 14], [0, 24, 3, 35, 8, 20, 25, 34, 25, 41, 46, 2, 19, 0, 25, 49, 13, 33, 39, 1, 16, 38, 16, 0, 37], [8, 48, 18, 0, 30, 42, 35, 47, 10, 9, 0, 17, 4, 31, 31, 47, 2, 46, 26, 37, 9, 41, 16, 6, 46]]
Maintenance cost in each period m: 
[5192, 3494, 5221, 3177, 4423, 6800, 5898, 3981, 4411, 2944, 5408, 3627, 3036, 6440, 3685, 5596, 3209, 4255, 3150, 6381, 6115, 4585, 3074, 5468, 6325]
Maximum capacity of the machine cmax: 
1100