Set of periods in the planning horizon T: 
25
Set of products P: 
20
Capacity reduction coefficient alpha: 
0.8
Relative decrease of capacity per set up gamma: 
0.24
Capacity reduction coefficient due to product types beta: 
[0.31, 0.21, 0.34, 0.39, 0.24, 0.23, 0.26, 0.33, 0.28, 0.32, 0.28, 0.33, 0.39, 0.25, 0.36, 0.22, 0.21, 0.2, 0.23, 0.21]
Fixed production cost of each product in each period f: 
[[719, 768, 654, 960, 809, 882, 666, 965, 953, 554, 932, 590, 748, 799, 730, 594, 683, 699, 901, 765, 971, 524, 846, 624, 669], [644, 689, 900, 817, 816, 510, 691, 697, 846, 764, 916, 640, 647, 896, 677, 507, 937, 911, 705, 800, 646, 870, 876, 824, 703], [897, 515, 647, 900, 900, 557, 631, 505, 607, 947, 815, 983, 502, 519, 976, 970, 867, 914, 746, 680, 597, 909, 869, 702, 946], [647, 926, 788, 913, 993, 954, 684, 945, 530, 565, 570, 511, 711, 942, 618, 754, 771, 872, 779, 556, 749, 730, 562, 936, 712], [552, 551, 935, 511, 626, 799, 843, 521, 587, 999, 671, 679, 675, 913, 911, 708, 646, 589, 723, 747, 518, 859, 936, 644, 587], [761, 649, 576, 716, 878, 617, 553, 985, 734, 838, 981, 555, 989, 769, 743, 907, 913, 623, 720, 852, 744, 764, 643, 995, 619], [505, 748, 961, 990, 826, 556, 986, 628, 564, 820, 789, 858, 527, 884, 858, 602, 994, 554, 687, 818, 648, 543, 855, 854, 908], [771, 678, 589, 616, 707, 747, 885, 735, 987, 734, 779, 767, 978, 801, 699, 516, 800, 871, 636, 849, 578, 646, 742, 897, 621], [707, 981, 727, 776, 871, 748, 780, 780, 511, 956, 592, 656, 714, 535, 852, 847, 572, 795, 848, 605, 554, 817, 743, 503, 832], [923, 875, 767, 623, 692, 940, 536, 708, 944, 633, 712, 968, 937, 576, 897, 511, 951, 853, 721, 504, 650, 883, 969, 536, 677], [709, 510, 727, 878, 990, 954, 611, 679, 765, 674, 774, 812, 533, 804, 727, 577, 691, 714, 682, 924, 557, 777, 949, 591, 978], [738, 944, 841, 958, 629, 857, 596, 677, 723, 632, 934, 804, 777, 590, 579, 947, 998, 675, 716, 534, 781, 833, 528, 813, 758], [845, 976, 843, 921, 720, 598, 871, 629, 737, 883, 563, 568, 577, 997, 811, 602, 697, 948, 893, 523, 971, 912, 871, 861, 619], [962, 581, 541, 508, 831, 845, 933, 940, 642, 815, 503, 525, 683, 882, 653, 962, 676, 867, 761, 724, 615, 764, 857, 744, 509], [904, 955, 736, 926, 906, 860, 836, 815, 827, 586, 532, 855, 682, 646, 820, 936, 872, 626, 975, 937, 803, 506, 859, 826, 653], [729, 705, 988, 854, 555, 764, 755, 914, 658, 912, 560, 934, 539, 828, 956, 974, 711, 823, 648, 809, 822, 827, 533, 844, 751], [878, 734, 836, 882, 857, 842, 527, 688, 935, 959, 854, 653, 535, 811, 598, 650, 530, 912, 695, 677, 916, 736, 762, 841, 781], [995, 648, 973, 614, 680, 972, 992, 821, 609, 971, 717, 949, 511, 903, 939, 511, 786, 774, 732, 895, 761, 750, 793, 861, 879], [711, 674, 600, 522, 611, 877, 558, 531, 798, 766, 822, 528, 605, 743, 977, 722, 932, 896, 935, 952, 713, 957, 984, 683, 677], [524, 644, 981, 683, 582, 528, 523, 956, 537, 692, 954, 982, 603, 567, 576, 850, 806, 927, 594, 501, 828, 558, 653, 846, 966]]
Variable production cost per unit of each product in each period p: 
[[12, 12, 11, 13, 11, 12, 12, 10, 13, 11, 12, 13, 13, 13, 10, 10, 11, 11, 11, 11, 11, 11, 11, 12, 11], [10, 12, 11, 10, 10, 13, 12, 13, 13, 12, 10, 11, 10, 11, 13, 12, 13, 13, 11, 10, 10, 10, 10, 13, 12], [13, 13, 12, 13, 13, 11, 12, 13, 10, 11, 13, 12, 11, 13, 13, 13, 11, 12, 11, 12, 12, 13, 10, 12, 10], [12, 13, 12, 13, 12, 13, 10, 12, 12, 13, 10, 10, 13, 12, 12, 10, 10, 10, 12, 12, 12, 11, 12, 11, 11], [11, 11, 12, 13, 12, 13, 12, 11, 12, 10, 10, 13, 10, 10, 10, 13, 10, 11, 11, 13, 12, 12, 10, 13, 13], [13, 11, 12, 11, 10, 13, 12, 11, 11, 13, 13, 12, 12, 11, 12, 11, 13, 10, 11, 11, 12, 10, 11, 12, 11], [11, 12, 13, 11, 13, 12, 10, 12, 10, 13, 12, 10, 11, 13, 13, 13, 12, 12, 13, 13, 11, 10, 13, 11, 11], [11, 11, 10, 11, 12, 10, 11, 13, 11, 10, 13, 11, 13, 11, 12, 12, 13, 10, 12, 13, 12, 11, 10, 13, 13], [11, 12, 13, 13, 11, 13, 13, 12, 11, 10, 13, 13, 13, 10, 13, 11, 10, 13, 10, 11, 11, 11, 12, 12, 13], [11, 11, 13, 10, 10, 13, 11, 12, 13, 12, 11, 12, 12, 13, 12, 11, 11, 11, 13, 10, 10, 12, 13, 10, 11], [12, 13, 11, 10, 12, 12, 13, 12, 12, 13, 11, 10, 10, 13, 11, 10, 10, 10, 13, 11, 10, 13, 12, 12, 13], [11, 13, 11, 10, 11, 10, 12, 11, 11, 11, 11, 13, 12, 12, 10, 12, 10, 10, 10, 13, 13, 13, 12, 11, 10], [12, 10, 10, 10, 11, 12, 10, 11, 10, 12, 12, 11, 10, 11, 11, 11, 11, 10, 11, 11, 12, 11, 10, 10, 10], [11, 11, 11, 11, 13, 11, 12, 12, 10, 11, 12, 11, 10, 11, 13, 11, 11, 13, 13, 12, 13, 11, 13, 13, 11], [13, 12, 12, 11, 11, 10, 12, 13, 12, 13, 11, 10, 13, 11, 11, 13, 13, 11, 10, 12, 12, 11, 12, 12, 12], [13, 10, 10, 11, 12, 10, 11, 11, 11, 13, 13, 11, 12, 12, 11, 11, 11, 12, 13, 13, 13, 10, 11, 11, 11], [13, 12, 12, 10, 10, 10, 10, 10, 13, 12, 10, 13, 13, 10, 10, 11, 11, 10, 10, 11, 13, 10, 11, 13, 11], [13, 13, 12, 12, 12, 11, 10, 12, 10, 12, 10, 13, 13, 12, 11, 13, 13, 10, 13, 10, 11, 10, 12, 11, 10], [10, 11, 12, 11, 10, 10, 13, 13, 11, 10, 11, 11, 13, 13, 13, 11, 13, 12, 11, 11, 10, 12, 12, 13, 11], [13, 11, 11, 10, 13, 12, 10, 12, 10, 13, 12, 11, 10, 11, 10, 13, 13, 13, 11, 11, 13, 13, 13, 12, 10]]
Inventory holding cost per unit of each product by the end of each period h: 
[[9, 5, 5, 5, 9, 6, 5, 8, 5, 7, 5, 8, 8, 8, 9, 6, 7, 6, 9, 9, 6, 6, 6, 5, 8], [9, 6, 6, 5, 5, 5, 8, 5, 9, 5, 8, 9, 8, 7, 8, 6, 5, 9, 7, 6, 8, 8, 9, 6, 6], [7, 5, 7, 7, 9, 9, 7, 5, 7, 5, 7, 7, 6, 5, 5, 8, 8, 6, 7, 9, 5, 9, 9, 6, 7], [9, 9, 7, 7, 7, 6, 9, 7, 7, 5, 9, 6, 5, 5, 7, 7, 5, 6, 5, 6, 6, 5, 8, 7, 8], [9, 7, 9, 7, 9, 8, 8, 6, 9, 5, 6, 6, 6, 7, 7, 9, 7, 8, 5, 9, 8, 9, 7, 9, 7], [8, 8, 6, 5, 9, 9, 6, 7, 7, 6, 6, 5, 6, 8, 5, 8, 7, 6, 9, 9, 6, 6, 8, 9, 5], [5, 7, 5, 9, 5, 9, 7, 6, 5, 9, 8, 9, 6, 9, 6, 7, 7, 9, 6, 5, 8, 8, 9, 5, 9], [8, 6, 7, 6, 7, 9, 5, 7, 7, 5, 5, 9, 6, 9, 7, 9, 9, 5, 8, 8, 7, 9, 8, 6, 8], [9, 7, 6, 9, 9, 6, 8, 7, 9, 8, 9, 6, 5, 8, 8, 6, 5, 7, 9, 9, 8, 5, 5, 9, 5], [9, 7, 7, 7, 5, 9, 6, 5, 6, 5, 8, 9, 5, 7, 8, 5, 8, 9, 9, 5, 7, 7, 9, 8, 9], [5, 6, 8, 5, 7, 6, 5, 8, 7, 6, 8, 6, 5, 5, 8, 8, 7, 7, 7, 5, 8, 8, 6, 7, 5], [5, 6, 9, 8, 6, 7, 6, 6, 9, 5, 9, 9, 8, 8, 9, 7, 7, 8, 7, 5, 8, 7, 7, 9, 6], [5, 7, 9, 7, 9, 5, 7, 7, 7, 9, 6, 6, 7, 5, 7, 6, 6, 9, 7, 8, 7, 7, 6, 7, 8], [8, 5, 6, 7, 8, 9, 5, 9, 7, 6, 6, 5, 6, 8, 8, 7, 8, 8, 8, 9, 9, 7, 7, 8, 5], [8, 6, 9, 9, 9, 9, 5, 7, 6, 5, 6, 6, 6, 5, 7, 7, 7, 9, 6, 6, 7, 5, 7, 9, 5], [9, 5, 9, 5, 7, 6, 8, 8, 6, 5, 5, 9, 5, 6, 9, 7, 7, 6, 6, 8, 9, 8, 7, 5, 6], [8, 7, 5, 6, 9, 9, 9, 8, 6, 5, 6, 6, 8, 8, 6, 9, 5, 9, 9, 9, 7, 6, 6, 9, 9], [9, 9, 8, 5, 6, 8, 6, 6, 6, 9, 7, 7, 6, 7, 5, 8, 8, 9, 9, 5, 5, 5, 7, 8, 5], [7, 8, 5, 8, 7, 5, 5, 6, 9, 9, 5, 6, 9, 7, 5, 7, 6, 9, 6, 7, 7, 9, 9, 6, 8], [6, 8, 8, 5, 9, 5, 6, 9, 5, 7, 5, 5, 5, 5, 9, 5, 6, 8, 7, 9, 5, 6, 6, 8, 6]]
Demand for each product in each period d: 
[[41, 6, 2, 13, 9, 33, 18, 31, 14, 11, 19, 30, 32, 34, 0, 6, 37, 17, 17, 12, 19, 4, 19, 10, 46], [10, 33, 22, 14, 30, 49, 0, 0, 30, 20, 32, 10, 37, 23, 48, 10, 19, 36, 6, 39, 46, 0, 10, 4, 46], [14, 6, 38, 14, 6, 0, 28, 0, 38, 20, 16, 31, 39, 11, 41, 33, 43, 15, 44, 32, 10, 3, 22, 18, 47], [36, 48, 12, 31, 26, 33, 40, 19, 27, 39, 5, 17, 3, 22, 25, 35, 21, 1, 38, 18, 0, 12, 14, 8, 45], [28, 22, 12, 8, 17, 41, 12, 23, 40, 15, 19, 42, 46, 0, 10, 5, 0, 17, 12, 41, 47, 29, 38, 20, 1], [28, 28, 25, 31, 20, 5, 1, 17, 19, 42, 20, 35, 0, 40, 46, 26, 32, 10, 17, 30, 49, 9, 43, 39, 42], [3, 23, 34, 27, 49, 16, 17, 20, 21, 32, 31, 0, 18, 6, 48, 15, 13, 17, 44, 4, 18, 7, 45, 37, 28], [6, 30, 14, 47, 4, 40, 27, 47, 47, 35, 33, 1, 0, 38, 32, 41, 44, 20, 8, 0, 17, 9, 19, 0, 35], [6, 10, 1, 18, 40, 15, 37, 46, 19, 3, 17, 27, 33, 27, 42, 15, 5, 32, 36, 14, 46, 5, 21, 36, 12], [39, 0, 19, 24, 25, 42, 36, 31, 32, 3, 1, 9, 7, 34, 12, 3, 33, 41, 43, 35, 7, 33, 2, 43, 34], [45, 37, 3, 13, 11, 20, 30, 0, 33, 32, 7, 28, 42, 42, 10, 27, 2, 0, 1, 35, 19, 24, 45, 5, 11], [2, 47, 40, 42, 2, 2, 5, 41, 44, 11, 5, 13, 25, 9, 26, 47, 35, 28, 10, 1, 45, 0, 3, 49, 9], [37, 35, 26, 21, 16, 30, 47, 12, 8, 0, 10, 9, 14, 3, 25, 45, 36, 20, 39, 11, 13, 5, 35, 15, 6], [44, 30, 11, 11, 27, 29, 2, 37, 26, 15, 37, 34, 28, 32, 38, 18, 19, 31, 24, 26, 2, 7, 47, 38, 39], [33, 45, 13, 41, 33, 12, 34, 46, 23, 38, 43, 16, 21, 37, 11, 5, 11, 0, 6, 27, 47, 5, 42, 39, 3], [46, 47, 39, 33, 15, 20, 38, 29, 23, 16, 11, 5, 9, 4, 44, 47, 3, 17, 45, 0, 39, 31, 28, 24, 30], [27, 20, 0, 2, 37, 31, 0, 19, 21, 23, 9, 4, 4, 31, 43, 48, 7, 0, 20, 22, 11, 15, 41, 42, 7], [47, 38, 16, 22, 14, 22, 10, 20, 30, 39, 22, 4, 44, 30, 40, 26, 33, 6, 6, 30, 39, 49, 12, 21, 27], [12, 40, 25, 40, 17, 2, 19, 23, 5, 34, 36, 14, 35, 0, 42, 23, 0, 23, 45, 14, 36, 13, 46, 44, 18], [45, 39, 20, 4, 19, 36, 36, 41, 0, 35, 1, 4, 33, 33, 46, 19, 5, 31, 38, 13, 42, 5, 49, 0, 35]]
Maintenance cost in each period m: 
[5674, 4741, 6420, 5486, 6344, 5708, 3893, 3471, 3626, 4487, 3476, 2555, 4638, 3404, 4761, 3844, 3541, 5724, 3941, 5092, 6241, 6471, 2701, 2720, 5012]
Maximum capacity of the machine cmax: 
940