Set of periods in the planning horizon T: 
25
Set of products P: 
30
Capacity reduction coefficient alpha: 
0.8
Relative decrease of capacity per set up gamma: 
0.31
Capacity reduction coefficient due to product types beta: 
[0.32, 0.35, 0.22, 0.36, 0.35, 0.4, 0.23, 0.27, 0.36, 0.29, 0.33, 0.25, 0.33, 0.21, 0.2, 0.22, 0.25, 0.34, 0.35, 0.23, 0.25, 0.27, 0.23, 0.33, 0.21, 0.39, 0.21, 0.32, 0.24, 0.35]
Fixed production cost of each product in each period f: 
[[624, 989, 680, 859, 602, 650, 624, 770, 943, 860, 553, 548, 656, 961, 708, 755, 940, 657, 636, 945, 565, 603, 882, 540, 913], [652, 634, 842, 850, 735, 929, 876, 948, 879, 592, 509, 653, 856, 995, 797, 731, 772, 955, 921, 636, 799, 943, 596, 661, 741], [965, 859, 880, 773, 715, 584, 557, 650, 526, 669, 779, 513, 552, 921, 639, 743, 906, 927, 817, 547, 803, 742, 913, 718, 725], [985, 730, 718, 926, 792, 539, 555, 856, 547, 725, 997, 808, 541, 989, 933, 597, 853, 847, 615, 994, 776, 739, 808, 908, 734], [640, 871, 566, 663, 984, 607, 578, 830, 638, 866, 995, 674, 600, 765, 973, 669, 772, 581, 927, 602, 695, 874, 566, 946, 565], [912, 696, 706, 535, 575, 734, 840, 989, 513, 873, 801, 629, 842, 977, 796, 931, 526, 650, 692, 665, 928, 803, 911, 934, 643], [685, 524, 612, 917, 942, 986, 927, 978, 981, 768, 579, 860, 535, 750, 802, 821, 930, 991, 705, 810, 593, 863, 783, 564, 836], [911, 996, 654, 878, 896, 994, 539, 525, 824, 771, 662, 892, 676, 643, 589, 667, 686, 763, 781, 763, 759, 844, 844, 761, 813], [599, 694, 814, 847, 742, 621, 797, 615, 837, 790, 762, 908, 907, 757, 722, 544, 735, 666, 621, 697, 594, 632, 713, 679, 502], [706, 647, 706, 697, 579, 854, 903, 865, 531, 810, 697, 590, 773, 913, 871, 772, 623, 871, 768, 952, 684, 637, 772, 759, 940], [567, 562, 892, 766, 804, 668, 671, 663, 849, 664, 590, 606, 885, 790, 883, 753, 813, 551, 979, 730, 657, 822, 559, 620, 614], [505, 698, 787, 561, 812, 738, 538, 709, 660, 543, 526, 795, 619, 654, 801, 543, 977, 889, 813, 873, 764, 830, 609, 949, 887], [747, 537, 775, 993, 828, 800, 947, 617, 585, 572, 722, 837, 656, 785, 833, 746, 784, 798, 757, 641, 870, 810, 727, 619, 860], [788, 683, 860, 874, 648, 504, 756, 809, 622, 992, 898, 655, 728, 622, 962, 748, 799, 783, 501, 966, 501, 772, 739, 806, 606], [832, 536, 958, 996, 515, 656, 836, 552, 500, 755, 706, 622, 901, 666, 860, 953, 904, 642, 723, 905, 927, 957, 525, 974, 739], [771, 736, 793, 905, 950, 549, 656, 585, 756, 659, 765, 868, 647, 686, 590, 709, 844, 628, 976, 524, 866, 636, 880, 547, 608], [972, 538, 994, 826, 613, 839, 915, 924, 916, 569, 729, 519, 516, 755, 855, 599, 509, 971, 533, 511, 913, 605, 816, 822, 551], [951, 527, 673, 751, 958, 981, 821, 947, 698, 540, 903, 852, 661, 702, 762, 621, 952, 801, 606, 885, 661, 842, 752, 766, 505], [592, 550, 835, 834, 874, 664, 649, 911, 959, 985, 530, 815, 503, 979, 983, 531, 587, 516, 860, 507, 815, 556, 762, 584, 707], [907, 942, 985, 982, 849, 886, 514, 848, 877, 972, 924, 892, 671, 793, 848, 962, 868, 976, 565, 926, 765, 632, 824, 935, 703], [614, 790, 679, 645, 907, 537, 896, 655, 726, 914, 763, 860, 512, 818, 637, 835, 519, 999, 947, 548, 504, 538, 780, 793, 658], [900, 998, 566, 575, 649, 777, 921, 977, 564, 682, 559, 563, 648, 998, 771, 519, 667, 647, 928, 690, 851, 846, 797, 556, 817], [944, 868, 566, 929, 723, 804, 819, 758, 741, 852, 996, 962, 989, 564, 957, 996, 541, 646, 800, 513, 540, 656, 858, 687, 835], [945, 569, 709, 975, 627, 674, 790, 939, 938, 507, 502, 928, 633, 618, 992, 672, 622, 988, 948, 651, 731, 883, 795, 824, 529], [797, 834, 749, 936, 889, 648, 614, 618, 983, 872, 773, 818, 925, 791, 886, 666, 835, 796, 777, 973, 554, 961, 691, 599, 881], [820, 557, 525, 996, 824, 619, 951, 920, 799, 525, 997, 611, 976, 746, 935, 806, 757, 833, 522, 990, 583, 645, 510, 623, 860], [566, 580, 531, 601, 763, 558, 578, 844, 661, 581, 717, 816, 610, 509, 683, 708, 850, 585, 515, 605, 530, 750, 519, 988, 531], [598, 948, 643, 938, 519, 855, 852, 933, 638, 962, 909, 888, 601, 820, 999, 604, 920, 713, 707, 694, 816, 631, 564, 896, 549], [870, 972, 997, 868, 860, 718, 703, 638, 508, 845, 523, 721, 506, 878, 958, 506, 927, 928, 767, 600, 531, 568, 757, 680, 528], [613, 545, 790, 617, 893, 763, 851, 769, 748, 981, 946, 869, 589, 739, 501, 822, 968, 939, 559, 756, 873, 965, 602, 996, 638]]
Variable production cost per unit of each product in each period p: 
[[11, 11, 10, 13, 10, 10, 11, 11, 10, 12, 11, 10, 12, 11, 12, 11, 13, 13, 10, 12, 13, 10, 10, 13, 11], [11, 11, 13, 10, 13, 13, 12, 11, 13, 11, 12, 11, 11, 11, 11, 10, 10, 13, 10, 13, 13, 12, 13, 10, 10], [10, 11, 11, 10, 12, 12, 12, 12, 13, 11, 11, 11, 11, 13, 11, 11, 13, 13, 10, 11, 10, 13, 11, 10, 12], [10, 13, 13, 13, 13, 13, 11, 13, 13, 11, 11, 11, 13, 13, 10, 11, 11, 12, 12, 11, 11, 13, 11, 10, 11], [13, 11, 11, 11, 10, 10, 12, 12, 12, 10, 11, 13, 10, 10, 11, 11, 10, 13, 12, 12, 10, 10, 11, 11, 11], [11, 11, 12, 13, 10, 11, 10, 11, 10, 11, 11, 10, 10, 13, 12, 13, 11, 12, 13, 11, 12, 10, 10, 13, 11], [10, 12, 13, 12, 13, 13, 13, 13, 10, 12, 11, 13, 12, 11, 12, 10, 10, 10, 11, 12, 13, 10, 13, 11, 10], [10, 11, 11, 11, 10, 10, 11, 13, 10, 13, 13, 12, 10, 13, 11, 12, 12, 13, 11, 10, 10, 10, 12, 11, 12], [11, 10, 10, 11, 12, 13, 13, 12, 10, 13, 13, 10, 11, 13, 13, 10, 10, 10, 11, 13, 11, 12, 11, 11, 10], [11, 13, 11, 12, 13, 11, 12, 10, 10, 10, 11, 10, 13, 10, 11, 11, 13, 12, 10, 11, 11, 13, 12, 13, 12], [11, 13, 10, 12, 10, 10, 13, 12, 11, 12, 10, 10, 13, 11, 10, 12, 10, 12, 10, 12, 12, 12, 10, 12, 13], [12, 11, 11, 10, 12, 11, 12, 11, 12, 12, 11, 13, 11, 12, 13, 11, 13, 12, 10, 11, 10, 10, 11, 10, 10], [11, 13, 13, 12, 10, 11, 11, 13, 13, 10, 12, 13, 13, 13, 10, 13, 10, 12, 10, 12, 13, 10, 11, 13, 11], [12, 11, 10, 12, 12, 12, 12, 11, 11, 11, 11, 11, 12, 10, 10, 11, 12, 13, 10, 10, 12, 12, 12, 11, 13], [11, 12, 13, 10, 11, 11, 10, 11, 11, 10, 11, 10, 10, 11, 11, 13, 11, 10, 10, 13, 10, 13, 13, 12, 12], [11, 12, 13, 11, 11, 11, 11, 12, 13, 10, 13, 13, 13, 10, 12, 10, 11, 13, 11, 10, 11, 12, 11, 10, 11], [10, 13, 13, 10, 12, 12, 11, 13, 13, 12, 11, 11, 13, 11, 12, 10, 10, 11, 10, 13, 10, 10, 13, 12, 11], [10, 13, 11, 13, 11, 12, 11, 11, 13, 10, 10, 11, 13, 13, 13, 10, 12, 11, 11, 13, 12, 13, 10, 12, 10], [12, 10, 12, 12, 10, 12, 12, 13, 10, 12, 12, 12, 13, 10, 11, 11, 12, 13, 13, 11, 10, 10, 11, 13, 10], [11, 11, 13, 13, 11, 12, 13, 10, 12, 10, 13, 11, 13, 12, 13, 12, 13, 13, 12, 10, 11, 13, 12, 12, 10], [10, 12, 12, 13, 13, 12, 13, 10, 11, 12, 13, 13, 12, 11, 12, 12, 12, 10, 13, 12, 11, 13, 11, 10, 10], [11, 12, 11, 11, 12, 12, 13, 13, 11, 13, 10, 10, 10, 11, 13, 10, 11, 12, 12, 13, 13, 10, 10, 11, 13], [12, 13, 12, 10, 10, 13, 13, 12, 12, 12, 13, 12, 12, 13, 11, 12, 11, 11, 12, 13, 13, 10, 11, 11, 11], [13, 12, 12, 10, 12, 12, 13, 13, 10, 13, 13, 13, 12, 12, 11, 13, 12, 11, 12, 10, 11, 13, 12, 13, 10], [12, 12, 10, 12, 10, 11, 12, 13, 13, 10, 11, 13, 12, 12, 12, 12, 11, 10, 13, 12, 13, 11, 10, 10, 13], [11, 11, 12, 12, 12, 13, 12, 11, 10, 10, 12, 10, 11, 12, 10, 10, 13, 12, 11, 12, 13, 11, 10, 10, 12], [11, 11, 10, 10, 13, 13, 11, 11, 13, 13, 13, 11, 10, 10, 13, 11, 12, 13, 11, 12, 13, 12, 12, 10, 11], [13, 12, 12, 13, 13, 12, 12, 10, 12, 13, 11, 10, 10, 11, 11, 12, 12, 12, 13, 13, 12, 13, 11, 11, 10], [12, 12, 12, 10, 10, 10, 11, 10, 12, 13, 13, 13, 13, 10, 13, 10, 13, 12, 11, 11, 10, 11, 12, 10, 11], [13, 10, 13, 12, 10, 11, 13, 12, 12, 12, 12, 11, 11, 10, 11, 11, 11, 10, 10, 12, 12, 12, 11, 11, 12]]
Inventory holding cost per unit of each product by the end of each period h: 
[[5, 6, 5, 8, 7, 8, 9, 9, 8, 6, 7, 6, 6, 5, 8, 6, 5, 9, 7, 5, 9, 8, 6, 9, 8], [7, 8, 7, 8, 6, 7, 9, 9, 8, 5, 9, 7, 9, 5, 5, 5, 8, 9, 7, 9, 9, 5, 6, 5, 6], [5, 5, 9, 9, 6, 5, 6, 8, 8, 5, 7, 6, 8, 9, 9, 6, 5, 5, 6, 5, 7, 6, 9, 6, 6], [7, 8, 6, 6, 9, 6, 9, 8, 8, 5, 9, 9, 8, 5, 7, 6, 7, 9, 6, 6, 9, 5, 9, 8, 7], [6, 8, 5, 9, 9, 8, 9, 7, 8, 9, 6, 5, 5, 6, 5, 9, 5, 7, 8, 6, 5, 6, 7, 5, 8], [7, 5, 6, 8, 7, 6, 7, 9, 6, 8, 8, 6, 8, 7, 6, 6, 5, 7, 6, 9, 8, 6, 5, 6, 7], [7, 9, 7, 7, 5, 8, 9, 9, 5, 8, 6, 9, 6, 5, 6, 9, 8, 5, 9, 8, 5, 5, 6, 9, 5], [9, 8, 8, 9, 7, 6, 8, 9, 6, 5, 7, 9, 5, 7, 6, 8, 5, 8, 8, 6, 8, 9, 7, 6, 8], [6, 9, 8, 8, 5, 6, 6, 9, 5, 9, 5, 9, 9, 9, 6, 6, 5, 8, 7, 9, 6, 6, 8, 8, 8], [6, 7, 6, 9, 5, 5, 9, 5, 6, 5, 6, 9, 9, 9, 5, 9, 9, 7, 9, 9, 5, 7, 8, 8, 8], [7, 5, 8, 7, 9, 9, 5, 7, 9, 5, 8, 8, 5, 5, 5, 7, 5, 6, 8, 7, 9, 6, 6, 5, 6], [9, 5, 8, 7, 5, 8, 5, 5, 8, 5, 8, 5, 6, 7, 9, 9, 7, 7, 7, 7, 7, 6, 8, 6, 5], [8, 8, 5, 8, 7, 5, 6, 7, 5, 6, 7, 8, 9, 7, 7, 8, 8, 6, 5, 6, 8, 7, 5, 6, 6], [6, 9, 7, 7, 5, 7, 6, 5, 8, 8, 7, 9, 9, 5, 7, 8, 5, 9, 7, 6, 6, 5, 8, 7, 8], [9, 6, 7, 6, 8, 5, 9, 5, 9, 5, 8, 8, 8, 5, 6, 9, 5, 9, 5, 5, 7, 7, 5, 5, 9], [5, 5, 8, 9, 8, 6, 5, 7, 5, 6, 5, 9, 8, 8, 6, 5, 6, 8, 5, 8, 6, 6, 8, 5, 7], [8, 5, 7, 6, 6, 6, 6, 6, 7, 8, 7, 5, 6, 5, 8, 5, 6, 7, 6, 7, 6, 5, 5, 8, 6], [9, 6, 6, 6, 6, 9, 8, 6, 6, 9, 7, 8, 8, 5, 7, 6, 9, 5, 5, 6, 7, 7, 7, 7, 6], [7, 8, 9, 9, 6, 7, 5, 6, 5, 6, 5, 6, 9, 7, 8, 7, 9, 7, 8, 7, 5, 8, 5, 6, 5], [8, 9, 7, 7, 7, 6, 5, 6, 7, 8, 9, 6, 9, 8, 7, 9, 5, 8, 6, 7, 8, 8, 8, 8, 8], [6, 5, 5, 7, 9, 6, 7, 6, 9, 6, 9, 5, 6, 5, 7, 7, 5, 5, 5, 5, 8, 6, 8, 6, 7], [5, 8, 7, 8, 6, 9, 9, 6, 6, 9, 9, 6, 8, 8, 7, 5, 7, 5, 8, 6, 7, 5, 8, 6, 8], [6, 6, 6, 8, 5, 7, 9, 5, 8, 9, 7, 8, 8, 9, 8, 8, 9, 7, 7, 7, 6, 9, 6, 6, 5], [7, 5, 6, 9, 6, 7, 7, 7, 8, 7, 6, 7, 8, 6, 9, 7, 7, 6, 9, 9, 6, 6, 6, 9, 7], [7, 5, 5, 5, 7, 9, 5, 9, 6, 6, 5, 8, 6, 9, 6, 7, 7, 7, 8, 5, 9, 8, 9, 6, 8], [8, 9, 9, 6, 5, 6, 9, 5, 8, 9, 6, 7, 5, 9, 7, 6, 9, 7, 6, 5, 7, 5, 9, 7, 7], [5, 6, 8, 6, 9, 7, 8, 9, 8, 9, 6, 5, 9, 5, 5, 6, 9, 5, 5, 8, 9, 9, 5, 9, 5], [9, 5, 7, 7, 8, 7, 6, 6, 6, 8, 5, 6, 9, 8, 9, 8, 6, 8, 5, 6, 9, 5, 6, 8, 5], [7, 5, 8, 9, 8, 8, 5, 6, 7, 5, 9, 5, 6, 6, 6, 5, 6, 8, 7, 7, 8, 8, 9, 6, 8], [6, 7, 5, 9, 6, 5, 6, 7, 6, 5, 7, 8, 5, 7, 6, 8, 8, 7, 9, 6, 6, 9, 9, 5, 6]]
Demand for each product in each period d: 
[[15, 41, 39, 15, 48, 10, 4, 10, 19, 45, 48, 0, 14, 17, 40, 28, 13, 41, 29, 46, 7, 1, 11, 41, 33], [49, 11, 46, 26, 20, 20, 48, 11, 13, 48, 25, 45, 34, 24, 18, 41, 24, 14, 0, 4, 40, 40, 5, 5, 41], [4, 29, 43, 36, 0, 30, 25, 10, 44, 24, 33, 24, 45, 31, 0, 10, 14, 0, 14, 0, 34, 0, 44, 42, 24], [6, 0, 21, 4, 7, 15, 28, 2, 43, 36, 38, 2, 37, 23, 7, 10, 47, 14, 6, 4, 49, 35, 5, 10, 0], [19, 2, 20, 45, 5, 32, 43, 18, 18, 49, 40, 48, 16, 15, 10, 49, 13, 2, 43, 28, 14, 10, 33, 0, 4], [32, 37, 30, 29, 41, 13, 15, 24, 39, 37, 43, 21, 40, 26, 33, 22, 10, 29, 33, 24, 23, 22, 34, 21, 5], [17, 7, 17, 42, 39, 0, 10, 4, 20, 13, 49, 17, 6, 5, 33, 0, 22, 3, 6, 33, 27, 30, 13, 8, 33], [17, 12, 40, 25, 45, 35, 20, 31, 33, 24, 45, 10, 1, 38, 28, 6, 7, 37, 21, 17, 40, 44, 19, 1, 0], [26, 0, 11, 7, 27, 15, 20, 8, 13, 15, 39, 19, 18, 31, 37, 46, 28, 17, 42, 39, 11, 10, 20, 16, 11], [44, 26, 33, 16, 6, 5, 39, 24, 13, 25, 39, 49, 12, 35, 29, 15, 6, 20, 2, 37, 30, 10, 23, 46, 8], [41, 29, 27, 2, 34, 38, 10, 35, 34, 5, 48, 7, 0, 16, 47, 35, 40, 42, 49, 10, 8, 0, 26, 18, 9], [43, 1, 20, 19, 37, 35, 13, 5, 47, 19, 25, 3, 6, 44, 9, 49, 19, 23, 14, 46, 21, 31, 17, 0, 1], [28, 24, 4, 31, 33, 13, 29, 44, 39, 5, 35, 40, 9, 25, 12, 37, 7, 35, 22, 27, 7, 14, 42, 24, 22], [26, 28, 18, 9, 16, 10, 7, 30, 21, 0, 2, 12, 23, 19, 11, 40, 15, 42, 5, 22, 22, 29, 36, 29, 0], [34, 12, 42, 44, 21, 31, 13, 47, 18, 4, 31, 23, 46, 28, 14, 45, 48, 18, 22, 46, 19, 0, 17, 36, 30], [21, 36, 14, 0, 20, 49, 14, 47, 40, 7, 11, 28, 10, 1, 13, 33, 43, 45, 43, 6, 13, 23, 8, 25, 40], [14, 2, 48, 24, 42, 9, 26, 4, 0, 20, 4, 8, 48, 15, 19, 6, 27, 15, 10, 4, 47, 36, 14, 31, 47], [48, 36, 0, 49, 5, 36, 33, 19, 11, 27, 40, 45, 11, 32, 40, 49, 3, 12, 5, 9, 39, 24, 43, 5, 4], [48, 40, 32, 44, 45, 45, 26, 35, 19, 46, 29, 1, 31, 6, 21, 8, 5, 4, 43, 8, 13, 15, 41, 27, 17], [7, 14, 7, 9, 17, 29, 12, 29, 29, 5, 9, 0, 38, 30, 0, 27, 37, 32, 42, 0, 6, 35, 40, 8, 30], [32, 13, 34, 48, 23, 10, 2, 37, 17, 0, 40, 24, 46, 3, 0, 34, 20, 11, 33, 28, 0, 47, 28, 2, 1], [39, 25, 28, 30, 0, 20, 42, 40, 46, 5, 0, 1, 14, 47, 12, 9, 0, 21, 36, 43, 36, 36, 6, 35, 48], [0, 38, 33, 9, 46, 23, 49, 28, 0, 34, 12, 46, 49, 7, 34, 0, 26, 18, 24, 18, 46, 22, 4, 43, 14], [39, 17, 19, 26, 33, 31, 38, 32, 29, 43, 18, 49, 13, 22, 29, 31, 11, 11, 26, 25, 7, 24, 11, 8, 0], [5, 41, 29, 45, 13, 18, 21, 28, 30, 33, 47, 10, 0, 0, 0, 37, 28, 36, 42, 14, 39, 26, 28, 28, 49], [19, 27, 11, 37, 32, 39, 34, 18, 29, 46, 43, 33, 9, 40, 35, 39, 21, 19, 42, 35, 1, 42, 30, 14, 38], [45, 37, 9, 13, 24, 0, 47, 4, 17, 0, 41, 27, 8, 29, 27, 1, 49, 39, 18, 33, 22, 2, 40, 14, 17], [36, 41, 49, 16, 43, 10, 19, 0, 42, 40, 24, 0, 49, 30, 26, 28, 6, 49, 5, 1, 37, 29, 25, 49, 49], [27, 41, 20, 32, 48, 37, 26, 0, 11, 20, 42, 5, 0, 6, 4, 8, 42, 35, 44, 3, 42, 44, 14, 40, 41], [30, 10, 13, 17, 22, 16, 43, 2, 24, 8, 11, 3, 47, 17, 43, 15, 37, 5, 1, 49, 43, 18, 34, 39, 27]]
Maintenance cost in each period m: 
[6933, 6602, 3449, 5626, 3697, 6804, 6314, 5891, 5421, 5365, 5161, 5056, 4819, 5193, 4745, 4126, 5128, 6519, 7038, 6125, 7125, 4749, 6814, 5919, 6236]
Maximum capacity of the machine cmax: 
1380