Set of periods in the planning horizon T: 
10
Set of products P: 
50
Capacity reduction coefficient alpha: 
0.8
Relative decrease of capacity per set up gamma: 
0.28
Capacity reduction coefficient due to product types beta: 
[0.32, 0.33, 0.34, 0.27, 0.38, 0.35, 0.38, 0.34, 0.26, 0.26, 0.32, 0.36, 0.28, 0.28, 0.24, 0.37, 0.28, 0.29, 0.28, 0.32, 0.39, 0.21, 0.31, 0.37, 0.24, 0.22, 0.27, 0.33, 0.33, 0.22, 0.22, 0.32, 0.4, 0.29, 0.29, 0.24, 0.26, 0.38, 0.23, 0.24, 0.34, 0.33, 0.38, 0.22, 0.28, 0.29, 0.28, 0.4, 0.21, 0.36]
Fixed production cost of each product in each period f: 
[[522, 682, 781, 817, 985, 639, 756, 731, 834, 814], [974, 867, 554, 510, 535, 742, 611, 866, 854, 981], [638, 683, 960, 586, 825, 791, 578, 886, 736, 679], [685, 617, 919, 788, 793, 838, 680, 651, 679, 608], [926, 860, 959, 838, 787, 919, 853, 549, 717, 969], [987, 990, 532, 963, 681, 722, 713, 941, 897, 800], [942, 724, 630, 578, 839, 741, 821, 691, 987, 666], [993, 970, 642, 607, 542, 784, 856, 606, 920, 914], [609, 545, 933, 822, 701, 577, 825, 524, 877, 960], [520, 917, 996, 711, 872, 669, 649, 999, 794, 640], [982, 738, 574, 840, 746, 882, 769, 930, 807, 532], [707, 907, 676, 962, 510, 677, 505, 537, 864, 615], [558, 641, 604, 880, 569, 944, 501, 516, 568, 802], [828, 920, 924, 504, 597, 624, 941, 639, 996, 861], [630, 543, 792, 630, 828, 946, 530, 562, 696, 731], [749, 621, 910, 792, 744, 588, 767, 804, 992, 530], [967, 590, 966, 594, 739, 818, 699, 600, 865, 758], [585, 739, 583, 926, 733, 786, 823, 514, 790, 989], [606, 949, 682, 909, 815, 811, 846, 829, 685, 860], [845, 644, 622, 521, 757, 841, 715, 580, 682, 566], [935, 822, 640, 845, 634, 670, 982, 923, 589, 790], [901, 743, 674, 599, 738, 967, 516, 626, 773, 625], [951, 977, 572, 823, 542, 701, 771, 655, 905, 526], [503, 815, 513, 592, 895, 942, 831, 830, 758, 731], [993, 546, 636, 749, 722, 835, 934, 798, 782, 645], [951, 841, 908, 647, 943, 522, 600, 682, 972, 721], [532, 827, 983, 911, 628, 543, 917, 859, 569, 646], [531, 864, 620, 673, 849, 522, 580, 918, 783, 947], [574, 529, 998, 956, 638, 611, 504, 663, 837, 607], [826, 769, 852, 954, 574, 599, 820, 806, 604, 513], [898, 597, 780, 593, 567, 673, 524, 846, 841, 990], [717, 564, 601, 683, 789, 835, 930, 612, 735, 730], [744, 917, 650, 895, 515, 938, 944, 807, 807, 728], [539, 717, 635, 617, 743, 666, 590, 593, 813, 824], [523, 581, 668, 638, 768, 614, 986, 929, 656, 879], [978, 627, 575, 949, 870, 939, 705, 666, 900, 802], [742, 809, 660, 674, 788, 890, 823, 693, 533, 759], [745, 757, 723, 924, 652, 799, 622, 545, 843, 768], [940, 630, 801, 668, 614, 623, 974, 588, 821, 882], [678, 562, 639, 501, 673, 540, 591, 749, 990, 503], [688, 961, 892, 823, 796, 571, 586, 617, 973, 877], [821, 639, 796, 912, 542, 928, 868, 582, 607, 787], [857, 823, 514, 782, 929, 948, 876, 643, 801, 543], [770, 994, 668, 644, 962, 605, 996, 662, 731, 706], [791, 956, 615, 849, 955, 622, 910, 646, 683, 762], [917, 820, 796, 579, 888, 986, 629, 992, 938, 693], [808, 560, 687, 629, 585, 949, 880, 632, 666, 767], [714, 618, 944, 676, 955, 630, 819, 918, 985, 560], [586, 797, 780, 506, 522, 905, 756, 769, 880, 959], [928, 671, 697, 800, 606, 864, 588, 519, 888, 548]]
Variable production cost per unit of each product in each period p: 
[[13, 13, 11, 11, 10, 10, 11, 13, 11, 13], [11, 13, 12, 11, 12, 10, 10, 12, 13, 10], [10, 12, 11, 13, 10, 10, 11, 13, 12, 10], [10, 10, 10, 10, 10, 10, 10, 12, 11, 12], [13, 10, 10, 11, 10, 10, 10, 12, 11, 13], [10, 13, 11, 12, 10, 10, 11, 10, 11, 11], [11, 11, 12, 11, 10, 12, 12, 12, 13, 11], [13, 12, 13, 12, 10, 11, 11, 10, 12, 12], [11, 11, 13, 10, 12, 10, 13, 12, 11, 13], [10, 12, 12, 12, 12, 12, 13, 12, 13, 13], [11, 11, 12, 12, 12, 10, 10, 11, 12, 12], [12, 13, 11, 12, 11, 11, 13, 10, 13, 13], [13, 11, 11, 12, 12, 12, 11, 13, 13, 13], [10, 12, 11, 11, 11, 10, 13, 11, 10, 11], [11, 10, 11, 13, 12, 13, 12, 11, 11, 10], [10, 11, 11, 13, 11, 12, 10, 12, 11, 12], [12, 10, 12, 12, 11, 10, 11, 12, 13, 11], [11, 10, 12, 12, 13, 12, 11, 10, 10, 12], [13, 10, 11, 12, 10, 10, 11, 13, 10, 13], [13, 11, 10, 13, 12, 13, 13, 13, 12, 12], [13, 12, 13, 13, 11, 11, 13, 10, 12, 12], [13, 10, 11, 13, 12, 12, 11, 13, 13, 13], [11, 10, 13, 13, 12, 12, 10, 10, 13, 11], [10, 10, 12, 11, 10, 11, 10, 10, 11, 12], [10, 10, 13, 11, 11, 10, 13, 12, 10, 13], [11, 12, 13, 11, 12, 10, 10, 13, 10, 11], [11, 11, 10, 13, 13, 10, 10, 10, 12, 11], [11, 10, 10, 10, 13, 13, 13, 13, 10, 11], [10, 10, 12, 13, 11, 12, 12, 10, 13, 12], [13, 13, 11, 13, 12, 13, 12, 12, 12, 12], [13, 13, 13, 12, 12, 10, 13, 11, 12, 11], [12, 12, 11, 11, 10, 13, 13, 10, 12, 10], [12, 13, 10, 11, 11, 13, 10, 10, 13, 12], [11, 11, 11, 13, 13, 13, 11, 10, 12, 13], [11, 10, 10, 13, 12, 10, 13, 13, 13, 11], [11, 13, 10, 11, 13, 10, 12, 13, 10, 12], [12, 11, 11, 10, 12, 10, 10, 11, 12, 12], [10, 10, 13, 12, 13, 12, 11, 12, 13, 12], [12, 13, 11, 10, 11, 11, 10, 11, 11, 11], [13, 10, 12, 13, 11, 11, 11, 11, 11, 11], [12, 13, 12, 10, 11, 10, 12, 12, 13, 10], [12, 11, 10, 13, 12, 10, 12, 10, 10, 13], [10, 13, 12, 12, 13, 11, 10, 10, 10, 13], [11, 13, 11, 10, 12, 11, 13, 11, 11, 12], [12, 13, 10, 10, 12, 13, 12, 13, 12, 10], [10, 13, 13, 13, 10, 13, 12, 10, 13, 12], [12, 10, 12, 13, 11, 12, 11, 13, 13, 11], [11, 11, 12, 12, 12, 10, 11, 10, 11, 13], [10, 12, 10, 13, 12, 11, 13, 10, 13, 12], [10, 12, 11, 13, 10, 13, 10, 10, 13, 11]]
Inventory holding cost per unit of each product by the end of each period h: 
[[8, 8, 7, 8, 7, 5, 9, 6, 5, 9], [7, 5, 7, 8, 5, 9, 9, 8, 5, 5], [9, 5, 7, 6, 7, 8, 7, 5, 7, 5], [6, 6, 6, 6, 8, 9, 6, 7, 9, 9], [9, 5, 6, 6, 9, 7, 6, 7, 9, 7], [5, 5, 7, 5, 8, 7, 8, 6, 8, 9], [5, 9, 9, 7, 8, 8, 5, 7, 8, 9], [8, 8, 7, 6, 7, 5, 7, 5, 6, 7], [7, 8, 5, 7, 9, 8, 9, 6, 9, 8], [9, 5, 6, 8, 6, 7, 6, 6, 6, 7], [5, 5, 8, 8, 5, 7, 7, 5, 9, 8], [8, 5, 5, 8, 9, 6, 6, 9, 8, 6], [7, 8, 6, 9, 5, 5, 8, 7, 6, 7], [8, 8, 7, 5, 9, 8, 6, 6, 7, 7], [6, 5, 6, 8, 5, 7, 6, 5, 5, 8], [9, 7, 5, 5, 9, 6, 8, 9, 6, 7], [5, 8, 6, 8, 6, 5, 8, 5, 5, 7], [7, 8, 8, 8, 9, 8, 7, 8, 7, 8], [7, 9, 9, 8, 9, 9, 7, 7, 5, 6], [9, 8, 8, 9, 7, 7, 9, 9, 5, 7], [9, 8, 9, 9, 7, 6, 5, 5, 5, 6], [9, 9, 8, 7, 9, 8, 5, 8, 6, 8], [6, 8, 5, 6, 6, 8, 9, 6, 6, 9], [8, 5, 7, 9, 5, 8, 9, 5, 7, 8], [9, 5, 6, 5, 9, 6, 6, 8, 8, 5], [8, 6, 6, 7, 7, 5, 7, 7, 8, 6], [7, 8, 9, 5, 7, 8, 9, 8, 9, 8], [6, 8, 7, 8, 9, 6, 9, 6, 6, 8], [7, 8, 7, 8, 9, 7, 6, 8, 8, 9], [9, 7, 6, 7, 7, 6, 8, 6, 7, 9], [8, 9, 7, 9, 8, 7, 8, 9, 8, 7], [6, 7, 6, 7, 8, 5, 7, 6, 5, 6], [7, 6, 6, 8, 9, 7, 9, 6, 8, 6], [5, 7, 7, 7, 8, 8, 7, 7, 9, 8], [8, 7, 8, 7, 6, 6, 5, 7, 7, 5], [6, 7, 6, 9, 8, 5, 6, 8, 8, 5], [5, 7, 6, 8, 6, 5, 8, 7, 5, 5], [5, 8, 6, 5, 6, 9, 5, 8, 7, 8], [5, 5, 7, 6, 7, 8, 9, 8, 7, 7], [9, 6, 5, 7, 6, 9, 8, 9, 8, 7], [9, 7, 6, 7, 8, 6, 8, 9, 5, 9], [7, 9, 8, 5, 9, 9, 6, 8, 8, 6], [5, 5, 8, 5, 9, 9, 9, 9, 6, 9], [8, 8, 8, 8, 5, 5, 5, 8, 5, 9], [9, 8, 6, 8, 9, 9, 5, 6, 9, 7], [6, 9, 6, 5, 8, 6, 7, 7, 5, 8], [9, 7, 8, 5, 7, 7, 6, 8, 5, 5], [7, 6, 8, 8, 6, 5, 9, 5, 5, 8], [9, 7, 8, 6, 6, 9, 6, 5, 6, 9], [8, 6, 9, 9, 9, 6, 7, 6, 8, 5]]
Demand for each product in each period d: 
[[49, 44, 19, 11, 22, 18, 27, 23, 32, 11], [16, 0, 35, 17, 36, 17, 24, 47, 4, 26], [44, 0, 32, 43, 14, 0, 4, 0, 2, 21], [26, 39, 28, 34, 43, 44, 18, 26, 3, 31], [22, 20, 39, 19, 8, 11, 46, 17, 45, 48], [9, 48, 11, 6, 2, 42, 11, 33, 9, 7], [0, 37, 22, 20, 24, 18, 40, 0, 5, 30], [16, 12, 48, 2, 46, 22, 40, 21, 2, 44], [4, 13, 25, 0, 37, 41, 2, 39, 23, 49], [26, 36, 41, 10, 9, 42, 26, 3, 35, 36], [31, 18, 14, 32, 11, 0, 3, 8, 37, 3], [11, 15, 49, 9, 25, 20, 46, 31, 33, 25], [5, 45, 24, 32, 18, 12, 5, 37, 0, 13], [0, 40, 33, 0, 12, 39, 45, 35, 40, 44], [21, 34, 4, 24, 33, 36, 49, 37, 5, 39], [42, 0, 34, 17, 9, 0, 8, 47, 30, 27], [13, 41, 33, 0, 18, 16, 37, 30, 25, 21], [49, 40, 2, 23, 14, 0, 25, 2, 34, 4], [37, 38, 32, 29, 30, 48, 0, 33, 40, 0], [24, 23, 28, 26, 26, 18, 14, 37, 2, 6], [47, 35, 22, 10, 9, 41, 5, 43, 25, 9], [12, 6, 21, 24, 32, 17, 16, 0, 9, 22], [2, 32, 26, 43, 48, 17, 39, 42, 26, 33], [23, 11, 31, 25, 12, 9, 4, 14, 12, 39], [16, 30, 10, 33, 35, 33, 11, 12, 7, 44], [1, 28, 27, 27, 30, 46, 8, 22, 28, 20], [17, 29, 22, 32, 0, 18, 47, 43, 49, 35], [41, 21, 41, 18, 12, 0, 0, 5, 17, 24], [5, 40, 46, 15, 46, 37, 25, 4, 30, 40], [24, 37, 42, 48, 28, 20, 30, 31, 17, 0], [33, 20, 29, 0, 18, 27, 2, 9, 18, 0], [47, 4, 10, 31, 45, 33, 0, 39, 48, 16], [28, 2, 0, 17, 10, 16, 9, 3, 44, 44], [41, 42, 17, 49, 6, 4, 10, 20, 25, 41], [28, 28, 20, 31, 22, 19, 33, 33, 3, 6], [33, 39, 34, 11, 37, 1, 16, 43, 42, 25], [21, 18, 6, 27, 6, 22, 43, 13, 5, 37], [33, 43, 17, 49, 0, 44, 38, 7, 14, 39], [20, 3, 37, 45, 16, 34, 24, 39, 1, 15], [43, 44, 14, 20, 16, 14, 34, 28, 29, 3], [22, 22, 25, 5, 40, 49, 2, 32, 5, 48], [0, 33, 27, 19, 29, 27, 33, 12, 21, 30], [39, 42, 25, 7, 0, 39, 22, 41, 5, 34], [28, 1, 41, 3, 33, 3, 3, 18, 12, 10], [28, 49, 26, 27, 2, 15, 42, 37, 42, 35], [43, 14, 22, 37, 14, 12, 2, 10, 28, 46], [3, 34, 46, 38, 5, 25, 12, 10, 17, 37], [27, 43, 10, 12, 17, 19, 20, 2, 43, 26], [4, 14, 47, 22, 16, 33, 34, 30, 38, 18], [4, 11, 36, 0, 31, 11, 0, 22, 4, 0]]
Maintenance cost in each period m: 
[3788, 5181, 4565, 3755, 3357, 3218, 5275, 3015, 2725, 3346]
Maximum capacity of the machine cmax: 
2100