Set of periods in the planning horizon T: 
5
Set of products P: 
100
Capacity reduction coefficient alpha: 
0.8
Relative decrease of capacity per set up gamma: 
0.37
Capacity reduction coefficient due to product types beta: 
[0.39, 0.22, 0.34, 0.3, 0.38, 0.4, 0.39, 0.31, 0.39, 0.21, 0.38, 0.37, 0.29, 0.36, 0.29, 0.21, 0.29, 0.37, 0.26, 0.34, 0.35, 0.28, 0.36, 0.3, 0.31, 0.24, 0.38, 0.33, 0.3, 0.23, 0.23, 0.36, 0.21, 0.35, 0.31, 0.38, 0.39, 0.33, 0.31, 0.34, 0.36, 0.22, 0.21, 0.25, 0.22, 0.29, 0.25, 0.37, 0.28, 0.3, 0.32, 0.32, 0.23, 0.3, 0.4, 0.3, 0.24, 0.39, 0.22, 0.26, 0.3, 0.34, 0.26, 0.26, 0.29, 0.22, 0.33, 0.2, 0.24, 0.29, 0.27, 0.4, 0.36, 0.33, 0.23, 0.37, 0.23, 0.35, 0.39, 0.25, 0.21, 0.34, 0.33, 0.27, 0.23, 0.24, 0.32, 0.4, 0.23, 0.35, 0.26, 0.38, 0.27, 0.24, 0.38, 0.33, 0.34, 0.38, 0.32, 0.24]
Fixed production cost of each product in each period f: 
[[756, 872, 822, 694, 555], [924, 902, 992, 908, 595], [532, 561, 877, 901, 576], [599, 828, 641, 609, 709], [989, 620, 776, 854, 695], [947, 551, 707, 977, 648], [765, 901, 821, 838, 664], [632, 557, 963, 750, 790], [888, 957, 929, 956, 700], [754, 810, 846, 577, 501], [670, 735, 548, 890, 628], [877, 962, 643, 536, 887], [620, 986, 732, 550, 563], [864, 629, 817, 655, 889], [892, 667, 958, 882, 958], [892, 965, 917, 615, 604], [786, 719, 531, 834, 784], [605, 555, 701, 947, 991], [797, 803, 974, 801, 653], [655, 603, 519, 551, 711], [674, 948, 599, 925, 853], [902, 728, 557, 504, 958], [693, 977, 511, 571, 877], [611, 575, 985, 697, 669], [970, 915, 944, 970, 975], [551, 754, 875, 717, 559], [865, 707, 588, 925, 580], [538, 897, 570, 673, 613], [563, 523, 799, 853, 933], [967, 553, 703, 613, 651], [679, 659, 774, 606, 931], [503, 553, 975, 731, 513], [825, 532, 788, 794, 688], [661, 864, 523, 796, 777], [753, 763, 611, 636, 595], [702, 685, 738, 587, 756], [935, 852, 562, 676, 971], [781, 974, 966, 708, 713], [584, 570, 756, 917, 617], [861, 851, 811, 834, 649], [534, 516, 777, 505, 648], [779, 907, 558, 622, 802], [890, 975, 502, 586, 933], [598, 944, 949, 763, 767], [527, 746, 606, 655, 637], [772, 658, 997, 568, 524], [923, 904, 537, 958, 772], [915, 509, 819, 822, 749], [526, 526, 853, 909, 605], [885, 831, 847, 798, 773], [821, 892, 701, 903, 798], [792, 505, 667, 678, 572], [596, 966, 993, 826, 861], [986, 547, 928, 712, 880], [896, 604, 619, 688, 995], [961, 977, 631, 917, 618], [702, 684, 982, 578, 737], [681, 698, 558, 911, 958], [637, 625, 612, 505, 827], [797, 647, 788, 698, 615], [977, 603, 628, 737, 916], [542, 997, 981, 951, 840], [571, 647, 821, 617, 845], [872, 512, 780, 739, 683], [632, 541, 692, 953, 904], [505, 638, 976, 927, 878], [615, 800, 884, 967, 790], [756, 910, 589, 885, 927], [902, 687, 914, 673, 738], [784, 881, 576, 851, 785], [921, 849, 723, 958, 668], [570, 675, 840, 834, 584], [586, 538, 656, 729, 710], [966, 951, 898, 750, 935], [630, 868, 986, 831, 607], [849, 522, 521, 543, 968], [891, 590, 645, 690, 580], [691, 935, 980, 543, 517], [889, 702, 831, 802, 864], [819, 656, 655, 916, 718], [956, 798, 830, 687, 606], [548, 884, 925, 945, 633], [909, 550, 598, 902, 844], [878, 674, 726, 600, 986], [631, 953, 670, 592, 669], [941, 630, 811, 708, 645], [856, 999, 681, 767, 536], [688, 557, 600, 740, 951], [998, 729, 682, 858, 875], [700, 893, 793, 771, 751], [640, 560, 983, 634, 698], [658, 692, 758, 597, 790], [885, 794, 614, 739, 729], [927, 930, 977, 943, 620], [556, 793, 813, 636, 885], [535, 530, 681, 561, 598], [984, 974, 931, 500, 521], [948, 969, 688, 840, 790], [711, 596, 614, 703, 933], [653, 784, 505, 894, 856]]
Variable production cost per unit of each product in each period p: 
[[10, 13, 13, 13, 13], [13, 11, 10, 10, 11], [13, 12, 10, 11, 13], [13, 10, 13, 11, 12], [11, 10, 10, 10, 10], [11, 12, 12, 13, 12], [12, 11, 13, 13, 12], [10, 11, 10, 10, 12], [11, 11, 12, 10, 12], [12, 12, 11, 13, 10], [10, 12, 10, 13, 10], [12, 10, 12, 10, 10], [10, 10, 10, 12, 12], [10, 13, 13, 12, 11], [11, 10, 10, 10, 10], [10, 12, 11, 12, 11], [13, 13, 10, 13, 13], [10, 13, 11, 12, 10], [10, 11, 11, 10, 12], [10, 13, 13, 11, 11], [12, 10, 13, 11, 13], [11, 10, 13, 13, 12], [12, 12, 12, 11, 12], [13, 11, 11, 11, 13], [12, 12, 12, 11, 10], [12, 11, 11, 11, 10], [10, 12, 13, 13, 13], [11, 10, 13, 11, 13], [11, 11, 11, 11, 11], [10, 12, 11, 11, 10], [12, 10, 13, 12, 13], [11, 12, 10, 12, 12], [12, 10, 12, 10, 10], [13, 13, 13, 10, 13], [13, 11, 10, 12, 12], [11, 12, 10, 12, 13], [11, 10, 13, 11, 11], [13, 13, 12, 12, 13], [12, 12, 13, 10, 12], [12, 11, 12, 13, 11], [10, 12, 12, 13, 10], [12, 12, 10, 11, 11], [11, 10, 10, 10, 13], [12, 12, 13, 11, 13], [10, 12, 12, 12, 11], [13, 10, 10, 13, 13], [10, 10, 12, 12, 13], [12, 12, 12, 13, 12], [10, 12, 10, 13, 11], [10, 13, 10, 11, 10], [13, 13, 13, 13, 13], [10, 10, 13, 11, 11], [13, 12, 12, 13, 12], [13, 10, 12, 11, 11], [13, 11, 13, 12, 11], [11, 11, 11, 12, 13], [10, 10, 10, 13, 12], [13, 12, 10, 13, 12], [12, 10, 11, 12, 10], [13, 12, 11, 12, 13], [11, 13, 11, 11, 13], [12, 12, 12, 11, 11], [12, 12, 12, 12, 12], [12, 13, 11, 10, 11], [13, 12, 11, 12, 10], [12, 12, 13, 10, 12], [13, 12, 11, 13, 12], [11, 10, 12, 12, 10], [11, 11, 11, 10, 11], [11, 10, 11, 11, 12], [12, 10, 12, 13, 12], [12, 10, 11, 13, 12], [11, 13, 11, 11, 13], [11, 12, 10, 13, 13], [12, 11, 13, 11, 10], [13, 12, 12, 10, 11], [13, 12, 11, 11, 11], [12, 11, 10, 10, 10], [12, 13, 13, 12, 10], [11, 10, 11, 12, 13], [12, 11, 12, 12, 11], [13, 13, 12, 10, 12], [11, 11, 13, 13, 10], [10, 13, 12, 11, 11], [12, 10, 13, 12, 11], [13, 12, 13, 13, 12], [11, 13, 12, 12, 11], [11, 13, 11, 13, 12], [12, 11, 11, 12, 10], [13, 13, 10, 12, 11], [13, 12, 13, 12, 13], [11, 12, 11, 10, 12], [11, 11, 11, 10, 13], [13, 11, 10, 10, 13], [13, 13, 11, 10, 11], [10, 13, 11, 13, 13], [13, 11, 13, 11, 12], [11, 12, 12, 12, 12], [12, 10, 12, 13, 11], [13, 11, 12, 11, 13]]
Inventory holding cost per unit of each product by the end of each period h: 
[[6, 9, 6, 6, 6], [5, 5, 5, 5, 8], [5, 6, 7, 9, 7], [8, 5, 7, 6, 8], [5, 8, 9, 8, 7], [9, 8, 7, 9, 7], [7, 7, 8, 9, 9], [7, 9, 6, 7, 9], [7, 8, 7, 5, 8], [9, 8, 9, 8, 7], [5, 8, 5, 5, 8], [7, 7, 6, 9, 7], [5, 7, 7, 5, 9], [9, 7, 5, 9, 6], [9, 5, 9, 6, 7], [7, 6, 8, 9, 7], [5, 7, 5, 9, 9], [5, 9, 5, 8, 9], [5, 5, 7, 9, 6], [6, 6, 9, 7, 7], [9, 6, 6, 5, 6], [9, 6, 5, 6, 7], [5, 6, 7, 7, 9], [7, 9, 9, 6, 9], [7, 7, 7, 5, 7], [6, 9, 8, 8, 8], [5, 9, 8, 6, 5], [6, 6, 9, 9, 5], [8, 8, 8, 9, 5], [8, 7, 8, 6, 5], [5, 5, 5, 5, 6], [8, 9, 9, 9, 7], [8, 8, 7, 5, 5], [8, 8, 6, 9, 6], [8, 7, 6, 9, 7], [9, 9, 5, 8, 9], [9, 5, 8, 5, 9], [5, 5, 7, 9, 5], [5, 8, 9, 6, 5], [9, 7, 7, 6, 7], [6, 9, 5, 8, 5], [7, 9, 9, 7, 5], [7, 5, 9, 6, 8], [5, 6, 8, 8, 9], [5, 5, 5, 9, 6], [8, 5, 6, 9, 7], [6, 7, 9, 5, 5], [7, 7, 8, 5, 7], [7, 9, 5, 8, 8], [9, 9, 5, 7, 7], [5, 6, 6, 6, 7], [6, 5, 8, 6, 8], [7, 8, 9, 9, 8], [6, 7, 8, 7, 8], [6, 9, 7, 7, 8], [5, 9, 7, 6, 5], [6, 7, 9, 9, 7], [9, 6, 9, 5, 8], [5, 8, 7, 6, 6], [8, 9, 8, 6, 5], [8, 6, 5, 7, 5], [9, 9, 8, 5, 5], [7, 6, 8, 9, 9], [5, 5, 7, 6, 9], [7, 5, 5, 7, 8], [5, 6, 9, 7, 9], [5, 6, 6, 8, 9], [7, 9, 8, 6, 5], [7, 5, 7, 5, 8], [9, 5, 6, 6, 7], [5, 9, 5, 8, 7], [7, 6, 7, 6, 5], [7, 7, 5, 9, 5], [6, 6, 9, 8, 6], [7, 5, 9, 6, 8], [6, 6, 5, 9, 6], [9, 5, 7, 7, 6], [8, 9, 6, 9, 7], [5, 7, 8, 9, 6], [6, 9, 5, 8, 9], [6, 8, 5, 7, 7], [6, 6, 5, 9, 5], [7, 8, 8, 7, 8], [6, 9, 6, 7, 9], [5, 6, 7, 9, 8], [9, 6, 7, 6, 8], [5, 8, 6, 8, 6], [9, 7, 5, 7, 6], [5, 8, 5, 5, 9], [5, 9, 8, 8, 7], [5, 5, 6, 6, 6], [8, 5, 9, 6, 9], [9, 6, 9, 7, 5], [7, 8, 9, 7, 8], [6, 6, 7, 8, 6], [5, 6, 5, 9, 8], [8, 8, 8, 8, 8], [8, 9, 8, 5, 9], [8, 6, 5, 6, 5], [7, 7, 5, 7, 6]]
Demand for each product in each period d: 
[[23, 31, 49, 17, 13], [18, 0, 33, 16, 19], [4, 19, 19, 6, 36], [29, 24, 29, 0, 25], [48, 12, 0, 31, 25], [4, 10, 22, 22, 28], [3, 13, 4, 3, 39], [5, 12, 16, 7, 0], [16, 0, 2, 25, 18], [10, 19, 12, 30, 3], [4, 22, 2, 15, 23], [12, 19, 42, 10, 48], [25, 25, 23, 15, 14], [11, 48, 13, 19, 33], [7, 6, 43, 46, 25], [48, 44, 22, 14, 8], [44, 34, 32, 0, 0], [14, 34, 12, 47, 4], [29, 17, 26, 26, 32], [39, 16, 7, 18, 18], [11, 33, 33, 27, 28], [41, 32, 7, 5, 36], [26, 38, 27, 5, 1], [34, 27, 24, 34, 4], [0, 15, 37, 37, 10], [31, 43, 47, 17, 47], [0, 1, 26, 27, 45], [34, 26, 48, 40, 34], [44, 33, 31, 2, 42], [9, 43, 25, 28, 0], [32, 30, 3, 2, 33], [1, 46, 4, 23, 30], [41, 32, 38, 23, 0], [45, 48, 41, 34, 46], [22, 44, 0, 20, 28], [0, 25, 13, 19, 21], [23, 42, 10, 4, 37], [25, 15, 3, 22, 32], [48, 45, 40, 35, 31], [43, 26, 39, 37, 36], [18, 48, 11, 34, 11], [42, 48, 48, 1, 23], [25, 36, 2, 23, 28], [22, 23, 27, 9, 20], [42, 38, 31, 18, 19], [21, 35, 37, 46, 36], [35, 38, 16, 22, 48], [23, 36, 41, 30, 18], [19, 7, 18, 36, 41], [29, 12, 14, 23, 14], [0, 10, 7, 43, 42], [11, 47, 28, 24, 14], [34, 1, 18, 23, 35], [5, 17, 42, 35, 44], [25, 36, 14, 0, 20], [8, 48, 8, 41, 12], [21, 16, 8, 14, 48], [3, 49, 0, 6, 47], [0, 23, 25, 35, 40], [12, 39, 9, 23, 35], [44, 25, 21, 3, 9], [36, 41, 39, 22, 0], [11, 26, 22, 0, 38], [15, 35, 31, 17, 4], [17, 20, 9, 24, 3], [40, 0, 26, 0, 33], [7, 45, 43, 31, 16], [33, 14, 17, 46, 9], [39, 44, 45, 25, 10], [44, 21, 30, 21, 46], [8, 2, 20, 4, 2], [36, 35, 4, 17, 38], [25, 42, 8, 49, 38], [41, 33, 30, 35, 24], [16, 13, 49, 45, 37], [23, 23, 9, 32, 34], [48, 4, 14, 32, 21], [41, 9, 27, 4, 13], [7, 32, 2, 19, 20], [37, 15, 28, 29, 31], [18, 37, 15, 2, 4], [24, 39, 21, 0, 26], [49, 4, 0, 9, 22], [29, 32, 31, 28, 1], [34, 4, 29, 0, 16], [9, 24, 32, 4, 37], [33, 19, 9, 0, 32], [3, 36, 40, 32, 41], [12, 30, 10, 26, 30], [11, 42, 4, 0, 11], [9, 10, 31, 11, 15], [40, 7, 29, 48, 13], [28, 5, 33, 14, 25], [23, 0, 11, 23, 47], [11, 17, 14, 13, 40], [34, 0, 29, 20, 27], [24, 23, 45, 1, 31], [26, 30, 38, 45, 47], [1, 37, 23, 39, 32], [42, 0, 7, 0, 31]]
Maintenance cost in each period m: 
[3835, 5271, 4292, 3056, 5306]
Maximum capacity of the machine cmax: 
4300